-6.678453
-5.982917
-7.027048
-6.662697
5.194655
0.002465
0.000053
5.846215
-0.002520
-7.154624
-0.000946
-6.347656
-0.000026
-0.001150
-4.452744
-0.001658
0.002205
-6.337041
-5.937947
-0.012013
-7.005712
-0.000584
0.000320
5.087240
-0.004519
-0.000955
0.021799
0.818680
0.000224
-0.001305
6.751887
-4.885899
-7.306299
5.157391
-0.000352
-7.214840
-5.746376
-0.003481
-0.002220
-6.573706
-0.000938
1.067363
0.000121
5.516596
-0.003273
-5.871342
6.122169
0.019826
-6.563154
-7.623847
-7.365997
-7.635493
5.460713
-6.356334
5.848615
-0.001475
-7.653539
5.229307
0.847451
5.921701
-0.000464
-2.744788
-5.828889
-6.123725
0.000365
-0.004495
-0.000099
