0.000090 0.363361 -0.000091 0.051811 0.166532 -0.421322 0.000233 0.000021 -0.014660 0.147288 0.000053 0.024145 0.000027 -0.018709 -0.101447 0.000034 -0.000094 -0.000002 0.035689 -0.000085 0.000009 -0.000004 -0.146027 0.000111 -0.000019 -0.314553 0.000014 -0.000092 -0.000164 -0.490515 0.000108 -0.396266 0.386272 -0.497772 -0.000052 0.210606 -0.315244 0.007104
-0.000023 0.201565 -0.000018 0.069175 -0.164269 0.029476 0.000253 -0.000026 -0.265989 0.135175 -0.000018 -0.067274 -0.000008 -0.224297 -0.153348 -0.000050 -0.000222 0.000111 0.101392 -0.000065 0.000028 -0.000018 -0.010045 -0.000016 -0.000058 -0.130071 0.000018 0.000025 -0.000051 -0.852529 -0.000002 -0.270928 0.201692 -0.129172 0.000030 0.094403 0.044325 0.118092
0.000040 0.112399 0.000011 -0.006007 0.460648 0.660450 0.000068 0.000010 -0.132450 0.061499 0.000053 0.442665 0.000013 -0.175864 -0.217999 -0.000002 -0.000044 0.000017 0.031551 0.000004 -0.000066 -0.000008 -0.156689 0.000161 0.000087 -0.433893 -0.000025 0.000021 0.000016 -0.480238 -0.000010 -0.163764 -0.062721 0.073050 0.000116 -0.285142 0.070218 0.029894
0.000007 0.072121 0.000051 0.061347 0.205045 0.123964 -0.000068 0.000023 -0.288023 0.071111 -0.000103 -0.304049 -0.000000 0.030484 0.226719 -0.000010 -0.000126 -0.000005 -0.544249 0.000037 -0.000032 -0.000049 -0.095787 0.000056 0.000064 0.095624 0.000015 -0.000005 0.000045 0.021206 0.000105 -0.111982 -0.270348 0.064815 0.000290 0.006728 0.253989 0.055241
-0.000024 0.032852 -0.000115 -0.028648 -0.185263 0.086924 0.000006 0.000044 -0.024252 -0.425225 0.000013 0.084983 0.000050 0.091347 0.145676 0.000063 0.000059 -0.000025 -0.651703 -0.000070 0.000033 0.000032 -0.035309 0.000061 0.000099 -0.195900 -0.000060 -0.000083 0.000025 0.522478 -0.000040 0.121585 -0.139072 0.280595 0.000171 -0.081705 0.085059 0.037108
-0.000053 0.222343 -0.000091 0.004886 0.028766 -0.356052 0.000043 -0.000030 -0.322011 -0.344286 -0.000018 0.008391 -0.000030 0.050097 0.397799 0.000163 -0.000008 0.000010 -0.146149 0.000075 0.000001 0.000009 -0.277342 0.000024 -0.000140 0.105508 -0.000056 -0.000042 -0.000049 0.236934 0.000083 -0.291119 -0.165095 -0.104894 0.000072 0.016272 -0.101678 0.061409
0.000019 0.329484 -0.000115 0.345959 -0.108754 0.047617 0.000146 -0.000010 -0.124227 -0.145167 0.000157 0.108166 -0.000005 -0.241630 -0.058601 0.000135 -0.000032 -0.000004 0.560461 0.000056 0.000011 0.000011 0.006787 0.000010 -0.000033 -0.142112 -0.000035 -0.000040 -0.000021 0.037504 0.000229 -0.241912 -0.213705 0.355680 0.000090 -0.052653 -0.238256 -0.074138
-0.000016 0.417799 0.000036 0.316709 0.075880 -0.198238 0.000982 -0.000148 -0.011031 -0.130200 0.000044 -0.117448 -0.000025 -0.203229 -0.176594 0.000004 0.000030 0.000055 0.359034 -0.000113 -0.000092 0.000007 0.276909 0.000027 -0.000036 -0.041708 -0.000059 -0.000086 -0.000054 -0.194387 0.000085 -0.160571 -0.122210 0.071872 -0.000021 0.020117 0.149569 0.133536
-0.000017 0.446054 -0.000153 -0.004140 0.331504 0.033497 0.001551 0.000165 0.035644 -0.126672 0.000072 -0.072780 -0.000053 0.045208 -0.227571 -0.000023 -0.000122 -0.000037 0.469956 0.000183 0.000008 -0.000013 0.009905 -0.000043 -0.000015 -0.193011 0.000057 0.000018 0.000167 0.232201 0.000161 0.038775 0.143315 -0.047444 -0.000326 -0.289831 -0.093004 0.014016
0.000022 0.403441 -0.000031 0.185535 -0.595915 -0.012843 0.005976 -0.000063 -0.027355 0.236875 0.000073 -0.325307 -0.000041 0.063778 -0.449058 -0.000088 0.000010 -0.000006 0.019474 -0.000190 0.000009 0.000004 0.377714 -0.000010 0.000037 0.126820 -0.000001 0.000036 -0.000076 -0.077765 0.000125 0.421644 0.109488 0.172498 -0.000130 -0.145044 0.137747 0.131580
0.000016 -0.175227 -0.000031 -0.053662 -0.305290 -0.108157 0.007039 0.000049 0.055741 0.137355 -0.000036 -0.557141 -0.000010 -0.129709 -0.011827 -0.000006 -0.000085 -0.000031 -0.175662 0.000100 0.000006 -0.000002 0.160986 -0.000050 -0.000047 -0.049188 0.000022 -0.000064 -0.000101 0.493986 0.000038 0.312818 -0.268073 0.414230 -0.000290 -0.020244 0.153860 0.271450
-0.000016 -0.028891 -0.000095 -0.335733 -0.223748 0.109993 0.004488 0.000048 -0.001592 0.582624 -0.000040 0.023444 -0.000010 0.266086 -0.183120 -0.000003 0.000056 0.000076 -0.235065 -0.000069 -0.000056 -0.000007 0.132712 -0.000013 -0.000101 -0.200438 0.000055 0.000031 -0.000068 -0.004253 -0.000021 0.271825 -0.401261 0.035554 0.000082 -0.152541 -0.181488 0.589385
-0.000009 0.215653 0.000039 -0.371685 -0.445512 0.343496 0.000222 0.000022 -0.087714 0.263618 0.000104 -0.011599 -0.000049 0.023602 -0.188335 0.000087 -0.000300 -0.000043 0.065586 -0.000017 0.000091 0.000007 0.038978 -0.000048 -0.000030 -0.318514 0.000109 -0.000091 0.000030 -0.193233 -0.000074 -0.003315 -0.045051 0.439537 0.000001 0.228182 -0.363074 0.368471
0.000021 0.127511 -0.000014 0.046755 0.433722 0.125587 -0.000062 0.000055 -0.212393 -0.068688 -0.000016 0.062555 0.000010 0.513718 0.197309 0.000173 -0.000009 0.000024 -0.045452 -0.000021 0.000032 0.000018 -0.058551 0.000003 0.000057 -0.038739 -0.000032 -0.000089 -0.000031 -0.100702 0.000053 -0.353726 0.022823 0.155849 -0.000019 -0.058581 -0.309413 0.185849
-0.000052 0.060261 0.000069 0.561153 0.504517 0.160047 -0.000051 -0.000021 -0.360017 -0.451093 0.000180 -0.003082 0.000013 -0.118420 0.067861 -0.000021 0.000110 -0.000112 0.105036 0.000031 0.000064 -0.000010 0.343453 -0.000032 0.000042 0.002824 0.000004 -0.000082 -0.000002 0.024647 -0.000012 -0.019598 -0.313487 0.150409 0.000001 0.203694 -0.074915 0.146310
-0.000021 0.196194 -0.000012 0.142475 0.077882 0.078581 0.000002 0.000031 -0.442898 -0.570380 0.000057 0.236899 -0.000085 -0.104658 0.078155 0.000002 -0.000101 -0.000017 0.325073 -0.000007 -0.000001 0.000005 0.419379 0.000052 -0.000146 0.256116 -0.000005 -0.000024 0.000104 0.330553 0.000141 0.157779 -0.147033 -0.397537 0.000166 -0.022944 0.109240 -0.040371
0.000011 0.427326 0.000061 -0.264427 -0.059148 -0.001965 0.000146 0.000088 -0.286908 -0.095666 0.000144 0.293576 0.000017 0.256787 0.189986 0.000080 0.000047 -0.000035 0.343146 0.000100 -0.000017 0.000000 -0.291057 0.000037 -0.000008 0.076473 -0.000027 -0.000091 0.000025 0.274883 0.000149 0.311737 0.120058 0.061618 0.000000 0.221031 -0.201941 -0.108137
-0.000048 0.268261 -0.000004 -0.221075 -0.097389 -0.283266 -0.000071 0.000142 -0.402858 -0.002081 0.000114 0.200149 -0.000007 -0.261254 -0.047465 0.000043 -0.000059 0.000016 0.043213 0.000054 -0.000007 -0.000003 -0.316194 0.000000 0.000004 0.311888 0.000110 0.000080 -0.000058 0.122463 -0.000023 -0.106253 -0.443963 -0.389757 0.000099 0.688345 0.292546 0.006412
0.000016 0.205652 0.000223 0.478133 0.318428 -0.029029 -0.002795 0.000033 -0.570327 0.033271 0.000194 0.240012 0.000052 -0.213468 -0.218086 -0.000035 -0.000119 -0.000051 0.049126 0.000002 -0.000085 0.000023 0.228116 0.000163 -0.000030 0.014143 0.000033 -0.000194 -0.000064 0.030871 0.000033 0.019014 -0.134699 0.120072 0.000071 0.420189 0.274401 -0.034916
0.000017 0.314122 -0.000011 0.091489 -0.339035 0.187777 -0.003301 -0.000038 -0.417068 -0.017831 0.000057 0.017916 -0.000015 -0.117962 0.450006 -0.000022 -0.000052 -0.000017 -0.130865 0.000065 0.000059 0.000015 -0.087309 -0.000044 0.000052 0.002509 0.000018 0.000051 0.000038 -0.000405 -0.000066 0.387846 -0.287900 -0.103761 0.000208 0.046236 0.231871 -0.195835
-0.000030 0.447714 0.000031 -0.162745 -0.157352 0.395907 -0.005637 0.000020 -0.050914 -0.222635 0.000073 0.033201 -0.000040 -0.104449 0.399702 0.000075 -0.000084 0.000075 -0.196262 -0.000065 0.000070 0.000074 0.373754 -0.000015 -0.000006 0.065405 0.000075 0.000084 0.000037 0.052324 0.000000 0.103773 -0.488285 0.145811 0.000086 0.100754 -0.132416 -0.191204
0.000045 0.149092 -0.000050 0.206808 -0.053772 0.194600 -0.001677 0.000023 -0.473192 -0.113823 -0.000020 0.015704 -0.000028 -0.129399 0.222399 -0.000027 0.000014 0.000037 -0.159095 0.000025 0.000030 -0.000019 -0.240434 0.000066 -0.000050 0.143545 0.000009 0.000031 -0.000033 0.086337 0.000028 0.265601 -0.072876 0.122831 -0.000167 -0.035030 0.101875 -0.127004
-0.000014 0.221452 0.000036 0.289531 -0.146945 0.268183 0.000107 0.000067 0.085129 -0.189261 0.000128 0.172667 -0.000078 -0.320900 -0.189334 0.000145 -0.000083 -0.000027 -0.079597 -0.000052 -0.000112 0.000002 -0.068481 -0.000064 -0.000027 0.020522 -0.000042 0.000011 -0.000028 -0.014236 0.000116 0.128197 0.121698 0.235456 -0.000386 0.310101 -0.076895 0.253909
0.000010 0.191672 -0.000059 0.168894 0.333900 0.157063 0.000171 -0.000083 0.195096 -0.270536 0.000004 0.007756 0.000012 -0.486176 -0.062284 0.000074 0.000009 -0.000068 0.095291 0.000107 -0.000003 -0.000008 -0.084151 -0.000019 0.000045 -0.136738 0.000037 -0.000035 -0.000039 -0.103565 0.000024 0.110897 0.232250 0.138482 -0.000059 0.360867 0.165477 0.407057
0.000088 0.287693 -0.000050 0.097820 0.084021 -0.289654 0.000278 0.000053 0.147280 -0.085058 -0.000026 0.164843 -0.000017 -0.282272 0.317762 0.000086 0.000043 -0.000000 -0.210173 -0.000009 -0.000001 -0.000010 -0.179244 0.000001 0.000105 0.141916 0.000128 0.000019 -0.000091 0.061343 0.000061 -0.018450 0.035126 0.065261 0.000020 0.121235 -0.022560 0.471438
0.000061 0.067346 0.000047 0.364499 0.092037 -0.066291 -0.001220 -0.000025 0.008748 -0.432465 0.000086 0.186802 -0.000064 -0.323210 -0.060142 0.000061 0.000070 0.000030 0.037781 -0.000130 -0.000080 0.000031 -0.309831 -0.000114 0.000044 -0.133703 0.000070 0.000113 -0.000000 -0.441517 -0.000011 0.086161 0.060624 0.271301 -0.000080 0.067732 -0.234692 -0.058009
0.000025 0.054094 -0.000039 -0.031689 0.452801 0.106636 -0.000051 -0.000096 -0.024712 -0.188716 0.000025 -0.105297 -0.000041 0.022769 0.213059 0.000204 -0.000012 -0.000002 0.437572 0.000019 -0.000018 -0.000003 0.142661 -0.000004 -0.000014 -0.127515 0.000073 -0.000115 0.000003 -0.166828 -0.000051 -0.150405 0.167453 -0.031077 -0.000018 0.299908 0.065986 0.044177
-0.000043 -0.264190 0.000043 0.316522 0.134394 0.143538 -0.000225 0.000024 -0.152136 0.365642 0.000085 0.013083 0.000007 -0.210207 0.002447 0.000240 -0.000233 -0.000042 0.401142 -0.000055 -0.000016 -0.000017 0.348176 -0.000148 0.000039 0.148699 -0.000007 -0.000100 -0.000054 -0.083419 0.000140 -0.067017 -0.261504 -0.455956 0.000227 0.233425 0.584371 0.288111
0.000014 -0.384664 0.000047 0.000217 -0.096342 -0.097716 -0.003730 0.000097 -0.203300 0.059964 0.000011 -0.000223 0.000006 0.351946 -0.010917 0.000015 -0.000254 0.000032 0.261279 0.000050 -0.000070 -0.000017 0.297943 -0.000066 -0.000101 0.425971 0.000127 0.000001 0.000013 -0.118376 0.000112 -0.021106 -0.175573 -0.401906 -0.000021 0.477733 0.600764 0.576214
0.000049 -0.367979 -0.000048 -0.339555 -0.025301 0.658410 -0.011503 -0.000058 -0.004346 0.115182 0.000076 0.085426 0.000019 0.071880 -0.199853 0.000089 -0.000159 -0.000050 0.156496 0.000163 0.000030 -0.000012 0.084858 -0.000064 0.000055 -0.192241 -0.000007 -0.000085 0.000035 0.348243 -0.000085 0.267912 0.145865 -0.019777 -0.000083 0.113859 -0.110999 0.081385
-0.000087 0.364609 0.000004 -0.200313 -0.085958 -0.030785 -0.005486 -0.000093 -0.375332 0.716152 0.000059 -0.389176 -0.000042 0.148174 -0.269072 0.000013 0.000145 0.000008 -0.175295 -0.000034 0.000036 -0.000002 -0.052654 0.000058 -0.000024 0.273707 -0.000022 -0.000035 0.000057 0.249675 -0.000013 0.060535 0.037946 0.106480 -0.000091 0.072393 -0.209467 0.348503
-0.000045 0.110765 -0.000027 0.061966 0.020585 0.172832 -0.000581 0.000018 0.013143 -0.029881 -0.000099 -0.473321 0.000013 0.265217 -0.365348 0.000012 0.000191 -0.000038 0.051506 0.000096 0.000005 0.000019 0.201743 -0.000014 -0.000022 0.098170 0.000032 -0.000048 0.000028 0.083932 0.000116 0.107344 0.112975 -0.091684 0.000055 0.084995 -0.520798 -0.154483
-0.000026 0.336207 0.000087 -0.079532 -0.028457 0.260099 0.000034 -0.000080 -0.344369 0.268071 0.000135 -0.164101 0.000021 0.204907 -0.420581 0.000017 -0.000135 -0.000067 0.215552 -0.000077 -0.000105 0.000026 0.363235 -0.000003 -0.000035 0.038115 0.000171 -0.000004 0.000169 0.226508 0.000078 0.271189 0.103383 0.242293 0.000199 0.290009 -0.382551 0.001910
0.000037 0.475261 -0.000106 -0.047272 0.056681 0.060036 -0.000120 -0.000051 -0.136664 -0.110541 -0.000019 0.667191 0.000024 0.032658 -0.277818 -0.000123 -0.000150 0.000017 -0.079143 0.000103 0.000078 0.000022 0.298906 -0.000052 0.000054 0.430351 -0.000015 0.000002 -0.000058 -0.064726 0.000118 0.341389 0.182038 0.432915 0.000175 0.155664 -0.829283 0.042581
0.000032 -0.277033 -0.000047 0.019684 0.147297 0.119544 0.000011 -0.000026 -0.070852 -0.379993 -0.000130 0.380118 -0.000025 -0.022220 -0.186933 -0.000017 -0.000094 -0.000017 -0.089600 -0.000034 -0.000058 0.000011 -0.098968 0.000000 -0.000079 0.430332 0.000061 0.000055 0.000017 0.024833 0.000058 0.105282 -0.243879 0.203030 0.000028 0.165210 -0.333605 0.321107
-0.000050 -0.224777 -0.000010 0.319335 0.203687 -0.250621 -0.000004 0.000092 -0.292528 0.197521 -0.000071 0.037054 -0.000038 0.123835 -0.435131 0.000005 -0.000051 -0.000019 0.033036 0.000011 0.000035 0.000006 0.083774 0.000085 0.000010 0.109882 0.000112 0.000038 0.000038 0.033219 -0.000036 0.352921 -0.090914 -0.260451 -0.000297 0.062526 0.578059 0.176402
-0.000001 0.179597 -0.000013 0.144342 -0.200648 -0.165271 0.000045 0.000000 -0.155878 0.144045 0.000086 0.403095 0.000003 0.020174 -0.361361 -0.000052 -0.000052 0.000011 -0.188342 -0.000019 0.000012 0.000023 0.530422 -0.000007 -0.000059 0.351952 0.000154 0.000116 -0.000001 -0.265809 0.000060 0.490110 0.003298 -0.196248 -0.000211 0.314740 0.314024 -0.124822
-0.000007 -0.095551 -0.000113 0.131699 -0.231472 -0.090035 0.002869 0.000080 -0.187142 -0.136411 0.000059 0.092867 0.000015 -0.135583 0.380757 0.000068 0.000011 -0.000033 -0.245208 0.000030 -0.000017 -0.000001 -0.169839 -0.000008 -0.000063 0.503173 0.000100 -0.000025 0.000023 -0.053410 -0.000024 0.206728 -0.308815 0.109699 0.000063 0.555263 -0.244101 -0.035850
-0.000044 0.329674 0.000042 -0.265012 -0.388599 0.130702 0.006526 -0.000060 -0.465256 0.038577 -0.000039 0.190700 0.000014 -0.483766 0.091962 -0.000023 -0.000106 -0.000055 0.014680 0.000075 0.000027 -0.000003 -0.207711 0.000066 0.000024 0.327571 -0.000044 -0.000017 -0.000133 0.060877 0.000044 0.551507 0.070524 0.139263 -0.000061 0.273391 -0.445182 -0.026872
0.000000 -0.283890 -0.000038 -0.246452 -0.000913 -0.042177 0.008422 -0.000025 0.138572 -0.061507 -0.000038 0.165826 -0.000003 -0.046709 -0.164533 -0.000117 -0.000158 -0.000032 0.022532 0.000071 -0.000018 -0.000008 -0.040741 -0.000045 -0.000023 0.363499 0.000009 0.000040 0.000067 0.373562 0.000192 0.219498 -0.307326 -0.332621 -0.000062 0.041995 -0.156307 0.251212
-0.000024 -0.426677 0.000058 0.030772 0.008951 0.258664 0.008033 0.000023 -0.112346 0.013642 0.000037 -0.228008 0.000019 0.079156 -0.129339 0.000099 -0.000104 -0.000010 0.302282 0.000034 -0.000082 0.000011 0.024852 0.000085 -0.000187 -0.168201 -0.000034 -0.000025 -0.000024 -0.319513 0.000047 0.262432 -0.071161 -0.175971 -0.000060 -0.133998 -0.635834 0.101504
0.000014 0.066252 -0.000051 0.213001 0.378311 0.144086 0.004387 0.000035 -0.191565 0.089822 -0.000006 -0.531689 0.000024 -0.081264 -0.591663 0.000047 0.000006 0.000007 -0.065536 -0.000089 0.000029 -0.000013 0.227525 -0.000032 -0.000057 -0.035275 -0.000010 -0.000028 -0.000075 -0.219447 -0.000053 0.105350 0.118041 -0.082411 0.000028 0.269455 -0.175746 0.169351
-0.000000 0.361571 0.000083 -0.160727 0.483799 0.011809 -0.000198 -0.000045 -0.069804 0.026647 0.000198 -0.455188 0.000021 -0.062274 -0.106022 -0.000013 -0.000041 -0.000071 0.046744 0.000006 0.000049 0.000043 -0.126267 -0.000162 -0.000063 -0.165906 0.000151 0.000029 0.000022 -0.187218 -0.000032 0.018025 0.310877 -0.226768 0.000045 -0.002400 -0.124183 0.395547
0.000000 0.051427 -0.000093 0.050530 0.467806 0.126455 -0.000023 -0.000087 -0.184169 -0.243404 0.000095 0.007922 0.000006 0.150566 0.010972 -0.000052 -0.000156 -0.000031 0.039424 0.000037 0.000055 0.000021 0.192623 0.000009 -0.000079 -0.020181 0.000006 -0.000132 0.000027 -0.192124 0.000062 0.002812 -0.034554 0.241365 0.000121 0.027640 -0.055373 0.282069
0.000016 0.297551 0.000044 -0.460180 -0.442183 0.148133 -0.001164 0.000034 -0.109267 -0.159322 0.000053 -0.054251 -0.000006 -0.255633 -0.025402 -0.000050 -0.000036 0.000029 0.174140 0.000027 -0.000031 -0.000008 -0.103329 -0.000046 0.000080 0.206307 -0.000044 -0.000031 0.000006 0.119454 -0.000067 -0.075907 0.107172 -0.085769 0.000139 -0.199328 0.022045 -0.032852
-0.000040 -0.302377 0.000006 -0.116906 -0.287381 -0.017921 -0.003178 0.000003 0.007668 -0.341060 0.000121 0.029600 0.000041 -0.357874 -0.319200 0.000088 0.000095 -0.000014 0.089986 0.000058 0.000063 0.000001 -0.187767 0.000021 -0.000008 0.065980 0.000032 -0.000043 -0.000011 0.501843 0.000073 -0.344364 -0.312945 -0.462869 -0.000130 -0.442058 0.399836 0.308045
0.000003 -0.485668 -0.000160 0.261210 -0.008154 -0.151223 -0.004732 0.000014 -0.009606 0.163005 -0.000090 -0.094565 -0.000039 -0.062279 -0.150056 -0.000043 0.000032 0.000028 -0.086750 0.000106 -0.000013 -0.000062 0.013652 -0.000030 0.000031 0.226077 0.000110 -0.000064 -0.000054 0.163015 0.000092 -0.207356 -0.263353 -0.063210 0.000147 -0.228411 -0.067941 0.160805
0.000027 -0.320980 -0.000115 -0.093205 -0.169592 -0.064820 -0.002880 0.000034 0.228663 0.200926 0.000048 -0.058548 -0.000050 -0.087607 0.030482 0.000093 -0.000180 -0.000007 0.013763 0.000003 0.000016 -0.000013 0.309047 0.000163 -0.000030 -0.115731 -0.000043 0.000077 -0.000055 0.075043 0.000153 0.271419 0.067171 -0.075406 0.000004 -0.057822 -0.237483 0.259082
-0.000047 -0.123666 -0.000039 -0.354777 -0.024009 0.084127 -0.005143 0.000028 -0.018802 0.253239 0.000020 0.214061 -0.000020 0.178505 -0.211753 0.000038 -0.000022 0.000050 -0.431476 0.000097 -0.000071 -0.000002 0.362236 -0.000047 -0.000037 0.141926 -0.000005 -0.000097 -0.000039 0.184255 0.000191 0.195973 0.034408 0.046313 0.000106 0.206297 0.328805 0.176201
-0.000030 -0.140966 0.000052 -0.164992 0.093804 0.291800 -0.002824 -0.000009 -0.088276 -0.033878 0.000017 0.353995 0.000002 0.071518 -0.089003 0.000043 0.000157 -0.000000 -0.316023 0.000035 0.000034 -0.000009 0.135460 -0.000046 -0.000029 0.154146 0.000001 0.000088 -0.000022 0.390918 0.000064 0.169950 0.229790 0.472818 0.000061 -0.225974 0.383200 0.458954
-0.000025 -0.085536 0.000072 -0.310523 0.061211 -0.334494 0.000127 -0.000134 0.235816 -0.307285 -0.000079 0.221001 0.000005 0.118206 0.199425 -0.000098 -0.000205 -0.000066 0.027906 -0.000063 -0.000071 -0.000019 -0.084781 0.000058 0.000051 0.012773 0.000002 -0.000081 -0.000072 -0.011512 0.000073 -0.308328 0.047349 0.060082 -0.000003 -0.126771 0.050774 0.386709
-0.000012 0.230390 -0.000059 -0.110666 0.029988 -0.312662 -0.000031 -0.000016 -0.076782 0.033522 -0.000044 0.741108 0.000028 0.171693 0.420862 -0.000034 -0.000215 -0.000017 -0.001200 0.000044 0.000024 -0.000020 0.173484 0.000049 -0.000042 0.170523 0.000030 -0.000122 -0.000065 0.092407 0.000130 -0.207444 0.037451 -0.008731 -0.000067 -0.289460 -0.185695 0.022256
-0.000022 -0.185583 -0.000024 0.026412 0.207417 0.130965 -0.000063 0.000035 -0.058029 -0.045455 -0.000021 0.276536 0.000045 0.002111 0.351977 0.000055 0.000159 -0.000110 0.113778 -0.000015 0.000039 -0.000028 -0.098178 0.000046 0.000115 0.275239 0.000075 0.000099 -0.000016 0.014090 -0.000046 -0.313282 -0.014491 0.220243 -0.000029 -0.440792 0.033610 0.113808
-0.000011 -0.215507 0.000139 -0.093242 0.004135 0.070704 -0.000080 0.000071 -0.366653 0.064668 0.000047 0.012654 -0.000006 0.112962 0.045075 0.000051 -0.000235 0.000014 0.105487 -0.000019 -0.000001 0.000021 0.230300 0.000032 -0.000034 -0.054066 -0.000066 -0.000026 -0.000055 0.121122 -0.000108 0.143808 0.251497 0.377281 -0.000040 0.095971 0.033594 0.109908
0.000011 -0.072331 -0.000084 -0.075666 -0.269330 -0.139584 -0.000271 0.000119 -0.034788 -0.012497 0.000064 -0.215095 0.000058 0.075731 0.061280 0.000081 0.000151 -0.000078 0.028914 -0.000045 -0.000013 -0.000030 0.304985 0.000026 0.000020 0.029401 0.000047 0.000013 0.000033 -0.209702 0.000164 0.204458 0.193595 0.189925 0.000016 0.033549 0.166281 0.114719
-0.000014 -0.239071 -0.000062 0.076957 -0.287824 -0.109075 -0.000006 0.000023 -0.088641 -0.260538 0.000015 -0.069725 -0.000021 0.207523 0.073297 0.000014 -0.000144 0.000015 -0.088315 -0.000093 0.000017 0.000031 0.057530 -0.000088 -0.000062 -0.083669 0.000036 -0.000036 -0.000022 -0.506336 -0.000067 0.367035 0.039209 -0.010218 -0.000058 -0.328797 0.284550 0.055382
0.000031 0.278243 -0.000025 -0.266606 0.014028 -0.111168 -0.000151 -0.000031 -0.234921 -0.146700 -0.000025 0.219793 -0.000038 -0.208454 0.151881 -0.000028 -0.000241 -0.000011 -0.083373 -0.000083 0.000025 -0.000004 -0.165376 0.000004 -0.000031 0.249094 0.000017 -0.000145 -0.000046 -0.194872 0.000024 0.302393 0.095436 -0.384700 -0.000145 -0.100079 0.435986 0.049179
0.000012 -0.085293 -0.000081 -0.298497 0.115293 0.690982 -0.000048 0.000194 -0.019081 -0.345851 0.000034 -0.185159 -0.000039 0.322527 0.156562 0.000060 0.000023 0.000085 0.153944 0.000013 -0.000035 0.000016 -0.178416 -0.000027 -0.000034 0.471717 -0.000055 0.000021 -0.000021 0.000442 -0.000080 0.146973 -0.231876 -0.160821 0.000008 -0.394301 0.153099 0.203891
-0.000007 0.161534 0.000010 -0.115046 0.293775 0.276075 0.001174 -0.000107 -0.143995 -0.203863 0.000080 -0.062493 0.000041 -0.147485 0.055949 -0.000002 0.000102 -0.000023 0.130163 0.000108 -0.000006 0.000020 0.096450 -0.000042 0.000049 0.454801 -0.000003 -0.000060 -0.000171 0.403113 0.000066 0.040673 0.158291 0.027865 0.000091 0.097443 0.020504 0.521022
-0.000013 0.232276 -0.000002 0.043417 0.401006 -0.077321 -0.000017 -0.000044 0.045345 0.215924 -0.000004 -0.132609 -0.000002 -0.317555 0.176256 0.000049 -0.000055 0.000062 -0.021657 0.000001 0.000009 -0.000003 0.185740 -0.000027 0.000021 0.006066 0.000085 0.000023 0.000016 0.366681 -0.000069 -0.155562 0.665104 0.128506 0.000084 0.122507 -0.022586 0.013137
-0.000030 -0.043308 -0.000095 0.300360 0.148364 -0.419326 0.000181 0.000012 0.372941 0.065151 -0.000080 -0.074397 -0.000039 -0.250619 0.228367 -0.000037 0.000055 0.000023 -0.326145 0.000079 -0.000136 0.000030 0.030793 -0.000018 0.000006 0.214468 -0.000044 -0.000086 0.000026 0.377730 0.000066 -0.169644 0.370688 0.016612 -0.000092 0.174467 -0.072437 0.025588
0.000032 -0.180830 -0.000030 0.273964 -0.281848 -0.168104 0.000125 0.000053 0.097671 0.159638 0.000059 0.126422 -0.000025 -0.118715 0.017011 0.000061 0.000006 -0.000020 -0.151906 0.000271 0.000035 0.000012 0.175406 0.000078 -0.000036 0.244401 -0.000017 -0.000039 0.000068 -0.119964 0.000113 -0.008293 -0.026105 -0.050512 0.000128 -0.201508 -0.218049 -0.051787
0.000086 0.019817 -0.000080 0.119257 -0.374083 -0.092428 0.000168 -0.000009 0.375097 0.031839 -0.000023 0.350108 -0.000048 -0.307414 -0.152126 0.000037 0.000108 -0.000056 -0.209608 0.000002 0.000126 -0.000005 0.089018 -0.000030 0.000025 0.278731 0.000034 0.000024 -0.000053 -0.213969 0.000007 0.202199 0.488313 -0.086833 0.000176 -0.449126 -0.023182 0.089068
-0.000013 -0.323925 -0.000040 0.009810 0.060818 0.098262 -0.000853 0.000212 0.237048 0.189324 -0.000063 0.087548 -0.000005 -0.371328 -0.098078 0.000076 0.000100 -0.000032 -0.136297 0.000190 -0.000022 0.000033 0.153534 0.000116 0.000024 0.223495 0.000056 0.000028 -0.000055 0.158967 -0.000102 -0.095507 -0.338598 0.031103 0.000170 -0.042883 0.177367 0.323482
-0.000015 -0.227896 -0.000004 0.072958 0.294943 -0.011495 -0.001601 -0.000026 -0.158506 0.356174 0.000009 0.331594 0.000005 0.052608 -0.001500 -0.000169 0.000221 0.000084 0.087116 -0.000079 0.000069 0.000021 0.110227 0.000080 -0.000174 -0.237297 0.000026 0.000118 0.000062 -0.008431 0.000026 -0.276395 -0.104403 0.165415 -0.000104 -0.087720 -0.391230 -0.029212
0.000079 -0.242298 0.000012 -0.054413 -0.132256 -0.122285 -0.001882 -0.000068 -0.130676 0.007554 0.000211 -0.005394 -0.000006 0.370169 -0.213075 -0.000072 0.000033 0.000055 -0.100233 0.000079 0.000008 0.000011 -0.134295 -0.000040 0.000109 0.319592 -0.000031 -0.000003 0.000031 -0.216073 0.000052 -0.221973 -0.106086 -0.062633 0.000096 0.033518 0.107164 -0.000951
0.000007 -0.154870 0.000015 0.053390 -0.292604 -0.125350 -0.002163 0.000024 0.146524 0.346618 0.000062 -0.094296 0.000024 -0.031502 -0.279692 -0.000073 0.000038 -0.000025 -0.241509 -0.000014 0.000026 -0.000011 0.109699 -0.000032 -0.000146 0.380548 0.000036 0.000037 0.000011 -0.066190 -0.000050 -0.049449 -0.232635 -0.063324 0.000098 -0.120431 0.181109 -0.144075
0.000037 -0.022308 -0.000062 -0.147192 -0.074031 -0.149301 -0.001412 -0.000096 0.486551 -0.182807 0.000019 -0.238799 0.000021 -0.137283 -0.153251 0.000079 -0.000117 -0.000007 -0.065397 -0.000148 -0.000013 0.000008 0.061916 -0.000028 0.000054 0.259006 0.000013 -0.000033 0.000062 0.148412 -0.000049 0.516348 0.229890 0.075144 -0.000166 -0.192118 0.229096 0.057770
0.000074 -0.036767 -0.000022 0.463946 0.173784 -0.134341 -0.000881 -0.000028 -0.021393 0.390043 -0.000002 -0.348445 -0.000005 0.108213 0.077235 0.000030 0.000471 -0.000005 -0.381624 0.000134 0.000059 -0.000020 -0.143272 0.000050 -0.000030 0.367688 -0.000055 -0.000004 0.000050 -0.060403 0.000031 0.235239 -0.020339 0.059437 0.000053 -0.025568 -0.209003 -0.017541
0.000019 -0.384088 0.000090 0.064584 0.097048 -0.409983 0.000127 0.000054 0.133146 0.077015 0.000048 -0.105489 -0.000018 0.377274 -0.100646 0.000121 -0.000176 0.000019 0.232660 0.000018 0.000062 -0.000003 0.019376 -0.000024 -0.000051 0.119154 0.000061 0.000072 0.000010 -0.581982 -0.000073 0.251862 0.292038 0.242243 0.000018 -0.003659 -0.091323 -0.224820
-0.000016 0.087138 -0.000013 -0.168821 -0.172985 0.114286 0.000047 -0.000011 0.065426 0.284530 -0.000061 -0.427726 0.000040 0.006246 0.079806 0.000014 -0.000097 0.000096 0.173313 -0.000058 0.000024 0.000033 0.395805 0.000016 0.000081 0.182308 -0.000005 -0.000098 0.000061 0.020450 0.000037 -0.016258 -0.092134 0.273133 -0.000180 -0.118781 0.042999 -0.398032
-0.000012 -0.268326 0.000153 -0.365557 0.052171 -0.205515 0.000074 0.000088 -0.195017 0.290977 0.000129 -0.380587 0.000005 -0.043305 0.322079 0.000080 0.000113 0.000045 0.650164 0.000081 -0.000060 -0.000008 0.050369 -0.000035 0.000071 0.367804 0.000108 -0.000055 -0.000021 -0.238011 0.000111 0.073691 0.022617 -0.208951 -0.000106 -0.179770 -0.091629 -0.219289
-0.000096 0.129042 0.000028 -0.165762 0.109798 -0.537014 0.007062 -0.000135 -0.340626 0.067766 0.000009 -0.331777 0.000003 -0.068721 -0.074921 -0.000000 0.000139 0.000031 0.310138 0.000049 0.000037 0.000010 0.003691 0.000023 -0.000095 0.640265 0.000030 0.000027 0.000015 -0.031651 0.000318 -0.210564 0.057254 -0.101067 0.000114 -0.265175 0.074479 0.281488
-0.000010 0.252594 -0.000104 0.116594 0.010135 0.255218 0.000876 0.000056 0.143128 -0.231093 0.000066 -0.010227 0.000039 -0.033426 -0.125002 0.000028 -0.000010 -0.000002 0.324372 0.000055 -0.000022 0.000010 -0.309497 -0.000048 -0.000019 0.252739 -0.000053 0.000006 -0.000034 -0.072380 0.000020 0.000785 -0.315465 0.086266 -0.000362 -0.270199 -0.006570 -0.207967
0.000015 0.487583 0.000037 -0.571282 -0.095956 0.621358 0.005584 0.000020 -0.367353 0.004181 0.000070 0.279517 -0.000017 0.010848 0.086256 -0.000062 -0.000101 -0.000002 0.301642 0.000026 -0.000052 -0.000012 -0.086578 0.000025 -0.000044 0.297960 0.000108 0.000038 0.000126 0.238958 0.000141 -0.219113 -0.370499 0.145939 -0.000167 -0.007398 -0.021950 -0.333992
0.000061 0.176423 0.000018 -0.219433 0.194675 0.262332 -0.000212 -0.000052 0.071410 0.052954 0.000019 0.244328 -0.000025 -0.099665 -0.070369 -0.000054 -0.000063 -0.000040 0.341720 -0.000041 -0.000088 0.000025 0.181686 0.000018 0.000044 0.662835 -0.000008 -0.000015 -0.000033 0.203861 0.000070 -0.329758 -0.001789 0.243273 0.000002 0.207857 0.007455 -0.081625
-0.000020 -0.219662 0.000031 0.147923 0.230493 -0.164936 0.000091 -0.000026 0.168257 -0.159632 0.000058 0.211514 0.000016 0.132090 -0.335491 0.000017 0.000060 -0.000023 0.212875 0.000046 -0.000043 -0.000001 0.033790 0.000066 0.000008 0.357244 -0.000031 -0.000119 0.000016 0.213008 0.000041 -0.161171 0.168542 -0.087481 0.000095 0.167630 0.073828 -0.155952
0.000047 -0.230667 -0.000010 -0.014419 -0.026999 -0.006384 -0.000011 0.000011 0.307259 0.143632 -0.000169 -0.128178 0.000106 0.267137 -0.174457 0.000042 -0.000125 -0.000012 0.064781 0.000127 0.000010 -0.000072 0.190324 0.000051 0.000031 0.305498 -0.000049 0.000055 0.000031 0.063366 0.000024 -0.136511 0.376153 -0.454545 0.000220 0.361020 -0.339349 -0.412824
0.000007 -0.219692 0.000004 -0.402793 0.338638 -0.247734 0.001818 -0.000053 0.225688 0.316707 0.000021 0.089902 -0.000002 0.054847 -0.176516 0.000010 -0.000084 -0.000028 0.178866 0.000025 0.000041 -0.000009 -0.026709 -0.000001 0.000040 -0.242723 -0.000061 -0.000084 0.000052 0.180474 0.000035 0.009027 -0.038317 -0.309581 0.000005 0.303767 0.082399 -0.649183
-0.000016 -0.510395 -0.000031 -0.175323 0.125459 -0.343444 0.000131 0.000055 -0.033925 0.151076 0.000024 -0.013144 0.000045 -0.216625 -0.043287 -0.000006 -0.000104 0.000023 0.307272 -0.000100 0.000081 -0.000017 0.227962 0.000059 -0.000074 0.093603 -0.000033 -0.000077 0.000064 0.006495 0.000002 0.095477 -0.230226 -0.466190 -0.000174 -0.012115 0.521324 0.105956
-0.000069 -0.272741 -0.000149 -0.209390 -0.609548 -0.293077 -0.000072 -0.000066 0.290677 0.079807 -0.000043 -0.228523 0.000010 0.170823 -0.243754 -0.000088 0.000098 -0.000009 -0.141644 -0.000003 0.000072 -0.000017 -0.027102 -0.000129 0.000053 0.145944 0.000016 -0.000058 0.000050 0.268905 -0.000060 -0.066050 -0.135171 0.000148 -0.000174 0.389881 0.034564 0.285187
0.000020 -0.318798 -0.000090 0.249878 -0.028086 0.196286 0.000076 0.000046 0.278860 -0.046429 0.000039 -0.043576 0.000007 -0.052225 0.127297 -0.000106 -0.000360 0.000039 0.056557 0.000011 -0.000033 -0.000047 -0.195562 -0.000036 0.000020 0.130366 0.000159 -0.000061 0.000058 0.043498 0.000001 -0.198565 0.129158 0.013792 0.000145 0.007612 0.015746 0.089992
0.000010 0.144041 -0.000143 0.217895 -0.476608 0.184257 0.000120 -0.000073 0.435733 0.060726 -0.000038 0.107431 0.000018 -0.244645 0.281364 -0.000029 -0.000047 -0.000029 0.183629 -0.000026 0.000024 -0.000046 -0.240773 -0.000039 0.000075 0.091490 0.000032 -0.000231 0.000083 -0.248964 -0.000050 0.024785 0.286847 -0.159421 0.000164 -0.159294 -0.010506 0.001822
0.000007 0.048069 -0.000054 -0.075729 -0.721600 0.050694 0.000222 0.000058 0.452711 -0.027764 0.000041 0.041827 -0.000037 -0.375958 0.349166 0.000114 0.000015 0.000018 0.159701 0.000058 -0.000010 -0.000021 0.082510 0.000025 0.000042 -0.040880 -0.000079 -0.000068 -0.000035 -0.352415 0.000061 0.354572 0.354659 0.211600 0.000054 0.293693 0.192789 -0.306758
-0.000108 0.004990 0.000027 0.021666 -0.428625 0.248374 0.000221 0.000019 0.220928 0.188475 -0.000029 -0.064863 -0.000037 -0.101648 0.172067 -0.000008 -0.000249 0.000007 0.096291 0.000054 0.000037 -0.000013 0.083297 -0.000054 -0.000028 0.120445 0.000104 -0.000062 0.000023 -0.664855 0.000045 0.097918 -0.071706 0.183025 -0.000167 -0.088925 0.017311 -0.005944
0.000033 -0.112403 0.000040 0.223997 -0.209753 0.006843 0.000264 0.000028 0.244977 -0.395615 -0.000014 -0.017160 -0.000003 -0.159923 0.025501 -0.000095 -0.000161 0.000007 0.084284 -0.000149 0.000042 0.000030 0.092384 0.000035 0.000065 0.232908 0.000033 -0.000028 -0.000016 -0.073877 0.000031 0.418308 0.102743 0.131386 -0.000141 -0.203691 -0.158395 0.141572
0.000043 0.130497 -0.000126 -0.126455 0.221920 0.073756 -0.000027 0.000147 0.070231 -0.079467 -0.000037 -0.178222 -0.000024 -0.015022 0.150955 -0.000040 -0.000149 -0.000026 0.079357 -0.000004 -0.000055 0.000005 -0.035753 0.000120 -0.000004 0.061471 0.000098 -0.000021 -0.000033 -0.295998 -0.000131 -0.141887 0.071114 0.108092 0.000186 -0.264706 0.108267 0.297396
-0.000002 0.099471 -0.000086 0.328985 0.172613 0.105028 -0.000022 0.000023 0.126990 -0.127120 0.000019 0.046436 0.000027 0.310411 -0.120475 -0.000011 -0.000124 0.000013 0.039200 -0.000047 0.000021 -0.000010 -0.146222 -0.000020 -0.000033 -0.253664 0.000079 -0.000076 -0.000000 0.206204 -0.000043 0.207812 -0.120310 0.203354 0.000047 -0.293015 -0.150430 0.238639
-0.000022 0.211963 0.000005 0.001834 -0.084601 0.190284 -0.000057 0.000048 0.266073 0.418407 0.000054 0.041313 -0.000020 0.397187 0.057053 0.000091 -0.000146 -0.000012 -0.129273 -0.000020 0.000023 -0.000017 0.184218 -0.000114 0.000046 -0.009616 0.000175 0.000081 0.000028 0.186107 0.000128 0.220532 -0.112925 -0.034185 -0.000067 -0.146684 0.399382 -0.106039
0.000024 0.003912 -0.000065 -0.139082 0.133114 -0.112172 0.000034 0.000117 0.045456 0.250164 0.000021 0.290097 0.000006 0.221529 0.007280 -0.000021 0.000059 -0.000018 -0.371101 0.000034 0.000065 -0.000000 0.284840 0.000004 -0.000035 0.069391 -0.000019 -0.000019 -0.000071 0.304351 0.000009 -0.260148 -0.043080 -0.030913 -0.000150 -0.111777 0.053190 -0.267085
-0.000020 -0.165615 -0.000038 -0.127257 -0.023755 0.135234 0.002331 0.000026 0.100158 -0.152121 -0.000042 0.308520 0.000081 0.079918 -0.144532 -0.000083 -0.000338 -0.000014 0.107583 -0.000033 0.000019 0.000046 0.501451 0.000144 -0.000001 0.083360 0.000178 -0.000005 -0.000101 -0.030751 -0.000017 -0.239699 0.248624 -0.001449 0.000004 -0.232432 0.138916 0.047925
-0.000001 -0.304317 0.000072 -0.026546 0.012033 -0.268463 0.002580 -0.000037 -0.193727 -0.407463 0.000039 0.070689 0.000005 0.080530 0.079394 -0.000148 -0.000030 -0.000001 0.242958 -0.000038 -0.000034 -0.000008 0.025762 -0.000095 0.000058 -0.164215 0.000012 -0.000013 0.000004 0.262919 -0.000048 -0.409138 -0.188072 0.302910 -0.000035 -0.084719 -0.172805 -0.065245
-0.000018 -0.349572 -0.000085 -0.158675 0.426823 0.269554 0.001683 0.000182 0.400784 -0.085849 0.000076 0.035147 0.000011 0.175458 0.396943 0.000023 0.000028 -0.000007 0.171412 0.000042 -0.000097 -0.000049 -0.237413 0.000005 -0.000023 -0.379442 -0.000029 0.000092 0.000051 -0.053236 0.000194 -0.441800 -0.359157 0.048967 -0.000000 -0.260021 -0.131153 -0.476456
0.000028 0.227823 0.000039 -0.106889 -0.027341 0.161998 0.000330 0.000076 0.387651 0.337880 0.000001 -0.227257 -0.000001 0.237197 0.277877 0.000009 0.000142 -0.000014 0.000522 -0.000060 -0.000095 0.000013 0.040589 0.000004 -0.000028 -0.136257 0.000050 -0.000076 -0.000009 -0.137066 -0.000096 -0.167052 -0.427343 -0.193498 0.000165 -0.157964 0.179729 -0.268270
0.000009 0.173094 0.000070 0.606921 0.105996 -0.411741 -0.000073 0.000017 0.002060 -0.008417 0.000056 -0.145286 -0.000017 -0.006566 -0.096170 0.000102 0.000045 -0.000047 -0.229379 0.000028 -0.000039 0.000010 -0.216575 -0.000018 0.000027 -0.162872 0.000017 -0.000012 -0.000062 -0.318119 -0.000051 -0.007586 -0.031489 -0.196466 0.000055 -0.438584 0.188244 -0.119441
-0.000009 0.216674 0.000087 0.432960 0.060514 -0.360103 -0.000052 -0.000060 0.026252 0.135824 -0.000069 -0.053821 0.000006 -0.352868 0.016632 -0.000032 -0.000096 0.000034 -0.096368 -0.000025 -0.000014 0.000003 0.139802 0.000006 0.000011 0.063771 -0.000079 -0.000054 -0.000022 -0.259718 0.000055 0.203362 0.136163 0.334175 -0.000050 -0.158284 0.331035 0.200101
-0.000024 0.209466 0.000036 0.487693 0.057741 -0.301610 -0.000100 -0.000029 0.452683 -0.176581 0.000062 -0.353837 0.000014 -0.171121 0.001627 -0.000026 0.000019 -0.000035 -0.484095 0.000055 0.000055 -0.000009 0.165213 -0.000122 0.000024 0.174426 0.000162 -0.000086 0.000037 -0.275051 0.000068 -0.151365 -0.147326 0.042045 0.000052 -0.155390 -0.176580 0.321767
0.000025 0.063244 0.000058 -0.047398 0.368870 -0.269408 0.000156 -0.000027 0.266895 0.068839 0.000017 -0.230885 -0.000042 -0.120736 -0.073545 -0.000150 0.000152 0.000017 0.123217 0.000059 -0.000082 0.000037 -0.368803 -0.000097 -0.000191 -0.288477 0.000036 0.000070 0.000001 0.003588 -0.000059 0.240987 0.137150 -0.049289 -0.000249 -0.297714 -0.180308 -0.313295
-0.000053 0.540375 -0.000029 -0.254492 -0.542797 0.183537 0.000191 0.000018 0.165086 -0.100610 0.000069 -0.199936 0.000005 -0.266445 -0.290852 -0.000008 -0.000101 -0.000034 0.090150 0.000129 0.000021 0.000001 -0.024047 -0.000010 -0.000036 0.004765 0.000145 -0.000037 0.000033 -0.013586 -0.000006 -0.305659 0.038771 0.147269 -0.000121 -0.004212 0.193747 -0.005400
0.000026 0.284912 -0.000013 0.245501 -0.389074 0.124728 -0.000371 -0.000082 0.151950 -0.099416 0.000061 -0.216491 0.000004 0.039703 -0.462446 -0.000041 -0.000056 -0.000108 0.031784 0.000025 -0.000011 0.000020 -0.192781 -0.000014 0.000050 -0.021788 0.000049 -0.000038 -0.000028 -0.181045 0.000072 -0.070221 0.192493 0.277244 -0.000005 -0.150880 0.025328 -0.320652
-0.000025 0.218414 -0.000181 -0.252671 -0.033147 0.520439 -0.000974 0.000008 0.347541 0.053395 0.000089 0.221989 -0.000036 -0.152130 -0.505124 -0.000067 -0.000016 0.000017 0.164771 -0.000116 -0.000018 -0.000011 -0.106577 0.000066 -0.000027 -0.163069 0.000092 0.000064 0.000061 0.086193 0.000076 -0.398288 0.167061 -0.031378 0.000014 -0.133670 -0.437068 0.155165
-0.000028 -0.127102 0.000032 0.025040 -0.097163 -0.022836 -0.000210 0.000075 0.469422 -0.094435 0.000037 0.024505 0.000045 -0.175719 -0.183099 0.000073 0.000001 0.000037 0.178516 0.000113 0.000034 -0.000010 -0.111050 -0.000043 -0.000036 -0.137045 -0.000041 -0.000059 -0.000024 0.366081 0.000160 -0.171830 0.016535 0.316367 -0.000077 -0.079569 0.160810 0.052855
0.000014 -0.143295 -0.000072 -0.092380 0.024285 -0.536377 0.000295 0.000017 0.307311 -0.348173 0.000185 -0.213221 0.000063 -0.429957 0.112324 -0.000012 0.000123 -0.000030 -0.022276 0.000092 -0.000029 0.000001 0.087494 0.000172 0.000057 0.037095 0.000040 0.000076 -0.000006 -0.023420 0.000212 -0.178215 0.006629 -0.140115 -0.000150 0.154140 -0.355316 0.207552
0.000017 -0.150521 0.000041 -0.038806 0.044325 -0.251965 -0.002245 0.000080 0.260305 -0.014575 0.000047 0.143433 0.000053 -0.595515 0.102365 0.000101 -0.000012 0.000013 0.269943 -0.000027 0.000001 -0.000005 0.047505 -0.000058 -0.000114 -0.457035 -0.000019 0.000027 0.000044 -0.374346 0.000099 0.360387 0.348566 0.206503 0.000033 0.108198 0.084534 -0.099342
0.000016 -0.074660 0.000067 0.133883 0.366274 0.374006 -0.004042 0.000141 0.063303 0.131099 0.000095 0.012606 0.000040 -0.098804 -0.122252 -0.000023 0.000089 -0.000057 -0.079847 -0.000017 0.000073 0.000028 -0.017078 0.000038 -0.000063 -0.295046 0.000052 -0.000006 0.000013 -0.439554 0.000008 -0.149528 -0.090924 -0.100032 -0.000233 0.101341 -0.302921 0.051408
0.000057 -0.428724 -0.000035 0.079588 0.275105 0.003656 -0.004769 -0.000013 0.189990 0.138242 -0.000022 0.277636 -0.000001 0.149863 -0.102635 -0.000174 -0.000277 0.000027 -0.335507 -0.000070 0.000054 0.000000 0.053258 0.000044 0.000028 -0.038165 0.000045 0.000130 -0.000095 -0.181519 0.000001 -0.351625 -0.016868 -0.210822 -0.000027 0.167679 -0.221083 0.012221
-0.000017 0.236827 0.000060 0.093142 0.039528 0.009157 -0.000059 -0.000024 -0.106457 0.510381 0.000066 -0.229415 0.000016 -0.126482 -0.029984 0.000086 0.000025 -0.000033 -0.419940 0.000027 -0.000072 -0.000020 0.057734 0.000077 -0.000056 -0.120908 -0.000042 -0.000210 -0.000036 0.293842 0.000044 -0.254826 0.101347 -0.382489 0.000203 -0.414857 -0.184440 0.420021
0.000018 0.263701 0.000024 -0.130804 -0.034362 0.376352 -0.000066 0.000034 0.012653 0.031346 0.000112 -0.631675 -0.000011 0.122979 0.153093 -0.000052 -0.000061 -0.000064 -0.073395 -0.000064 0.000009 -0.000059 0.052331 -0.000064 0.000112 -0.208208 0.000023 0.000000 0.000056 0.273765 0.000044 -0.543754 -0.197366 0.255837 -0.000216 -0.355565 -0.088831 0.435530
0.000031 0.155073 0.000048 0.010397 0.000778 0.212217 0.000114 0.000025 0.263147 -0.158080 0.000012 -0.030141 -0.000026 0.081924 0.030979 0.000167 -0.000092 0.000044 -0.142680 0.000078 -0.000032 -0.000017 -0.115417 0.000081 -0.000095 0.041915 0.000093 0.000060 -0.000019 0.252795 -0.000028 -0.173312 0.011172 0.103910 -0.000188 -0.494187 0.174796 0.029283
0.000043 0.079683 -0.000104 -0.077959 0.070998 0.115187 -0.002847 -0.000048 0.053327 -0.060987 0.000073 -0.099068 0.000040 -0.053526 0.087400 -0.000025 0.000092 -0.000053 0.532045 0.000007 0.000015 0.000035 -0.107353 0.000017 -0.000094 0.096229 0.000015 -0.000105 -0.000095 -0.183685 0.000132 -0.352414 0.001754 -0.195913 -0.000038 -0.230659 0.148576 -0.475840
0.000020 0.035192 0.000027 0.104664 0.166877 -0.367463 -0.001792 -0.000039 0.049760 -0.107210 0.000072 -0.379541 -0.000028 -0.077504 0.194173 0.000056 -0.000364 0.000081 0.337670 -0.000072 -0.000097 0.000038 0.061431 0.000003 0.000025 0.147304 0.000068 0.000040 -0.000046 -0.053098 0.000167 -0.353793 -0.095768 0.022508 0.000080 0.615486 0.064975 -0.212495
-0.000022 -0.344701 -0.000056 0.224551 0.058452 -0.300479 0.000034 -0.000030 -0.096604 -0.282873 0.000059 -0.001096 0.000001 -0.201823 0.021462 0.000054 -0.000460 0.000013 0.387763 -0.000036 -0.000055 0.000033 0.022263 0.000011 0.000063 0.078416 0.000015 0.000098 0.000077 0.390254 0.000110 0.156071 0.065256 0.150159 -0.000160 0.230295 0.380307 -0.176706
0.000001 0.008531 0.000103 0.143413 -0.429599 -0.507015 0.000068 -0.000048 0.038214 -0.278895 0.000090 0.008495 -0.000026 -0.085913 0.054107 0.000145 0.000049 -0.000032 -0.119962 -0.000043 0.000073 0.000004 0.502678 0.000011 -0.000026 0.112565 0.000180 0.000031 0.000054 0.002416 0.000165 0.620271 0.631354 0.041554 -0.000101 0.300321 0.037163 0.060095
-0.000001 0.117365 -0.000085 0.187247 -0.489519 -0.366026 -0.000001 0.000046 0.103745 -0.191015 0.000114 0.301887 -0.000006 0.282899 0.274320 0.000045 0.000095 0.000041 0.107015 -0.000028 -0.000026 -0.000041 0.173813 -0.000001 -0.000061 -0.239648 0.000088 -0.000041 -0.000085 -0.078872 0.000135 0.676708 0.168276 -0.164069 -0.000039 -0.377980 -0.162114 -0.125963
-0.000028 0.335033 -0.000083 0.147077 -0.439653 -0.143187 0.000053 0.000005 0.131736 -0.042721 0.000040 -0.229214 0.000030 0.246062 0.384195 0.000002 0.000009 0.000009 -0.096232 0.000024 0.000019 -0.000030 -0.108401 -0.000015 0.000086 -0.045440 0.000222 -0.000099 -0.000051 -0.201374 -0.000016 0.400069 0.352117 -0.036620 -0.000131 -0.101172 -0.024737 -0.421674
-0.000022 0.111729 0.000089 0.307456 -0.215347 0.445874 -0.000006 0.000095 -0.059929 0.498898 0.000074 0.122895 0.000039 -0.010719 0.415650 0.000009 -0.000032 -0.000026 -0.082067 -0.000042 -0.000031 0.000014 -0.042555 -0.000020 -0.000012 -0.155759 0.000047 0.000024 0.000027 -0.049504 -0.000048 0.070223 -0.174485 0.078866 -0.000093 0.005203 -0.001433 -0.060655
0.000043 0.014868 -0.000007 -0.023430 0.405621 0.222876 0.000113 0.000055 0.405071 0.428562 0.000104 0.031390 -0.000037 -0.279423 0.382107 0.000086 -0.000092 -0.000018 -0.426718 0.000085 -0.000129 -0.000004 0.293570 -0.000053 -0.000038 -0.056500 -0.000068 -0.000031 -0.000010 0.192020 -0.000001 0.021380 -0.195707 0.448612 -0.000008 0.126407 0.339056 -0.077745
0.000003 0.117299 0.000017 -0.293722 -0.134773 -0.022075 -0.001372 -0.000022 0.281158 0.181483 -0.000032 -0.023539 0.000061 -0.229610 0.136834 -0.000102 -0.000030 0.000073 -0.354629 0.000036 -0.000049 0.000057 0.119841 0.000130 0.000026 0.048573 -0.000144 -0.000057 0.000031 0.152394 -0.000005 -0.023586 0.265530 0.212877 -0.000034 0.202220 0.292766 -0.043437
-0.000039 0.078769 -0.000060 -0.376047 0.054224 -0.049810 -0.003879 0.000018 -0.030694 -0.228929 -0.000063 0.194893 -0.000002 0.000335 0.147796 0.000103 0.000238 0.000040 0.060846 0.000073 -0.000046 -0.000021 0.125639 0.000009 0.000006 -0.087781 0.000100 -0.000057 0.000043 0.729350 0.000052 -0.215290 0.300086 0.132987 -0.000107 0.175173 0.135587 -0.107071
0.000018 0.063738 -0.000037 -0.037608 0.207258 0.026947 -0.000719 0.000058 -0.001955 -0.267666 0.000200 -0.500846 0.000020 0.083678 0.062766 0.000028 -0.000107 -0.000010 -0.014371 -0.000104 -0.000022 0.000011 0.102279 0.000008 0.000068 0.018204 0.000067 0.000018 0.000002 0.431561 0.000147 -0.465605 0.060182 0.167478 0.000087 0.031440 -0.391115 -0.100242
0.000016 -0.088123 0.000022 0.499318 0.150199 -0.025895 0.000189 0.000007 -0.139702 -0.623640 0.000207 -0.119549 -0.000067 -0.116800 -0.062472 0.000071 0.000049 -0.000102 0.021819 0.000098 -0.000009 0.000028 -0.078599 0.000104 0.000048 -0.151723 -0.000059 0.000025 -0.000007 0.295128 -0.000047 -0.003812 0.380836 0.120715 -0.000010 -0.061198 -0.277921 -0.075902
-0.000070 0.366158 -0.000026 0.592357 -0.025547 -0.424650 -0.000058 -0.000035 0.030516 -0.316918 0.000036 0.276379 -0.000020 0.106533 0.069753 0.000051 0.000081 0.000014 -0.146717 -0.000119 0.000027 -0.000065 0.058028 0.000070 0.000027 -0.215922 0.000007 -0.000031 0.000026 0.075801 0.000128 -0.112476 -0.062905 -0.315645 0.000032 -0.062501 -0.114328 -0.457850
0.000048 0.111882 0.000062 0.560578 0.317504 -0.361617 -0.000097 0.000050 -0.078372 0.254760 0.000103 -0.145941 0.000021 0.426320 -0.056986 -0.000081 -0.000007 -0.000057 -0.124544 0.000048 -0.000028 0.000009 0.113410 0.000045 0.000070 0.149036 0.000127 -0.000061 0.000009 -0.130707 0.000242 -0.156159 -0.002229 -0.150879 -0.000034 -0.267939 -0.025255 -0.514402
-0.000004 0.440563 0.000040 0.106151 0.144854 -0.422503 -0.000035 -0.000036 0.287762 0.108939 0.000166 0.003859 -0.000096 0.048271 0.046223 -0.000068 -0.000224 -0.000017 0.026010 0.000076 0.000037 0.000016 0.256090 -0.000003 0.000008 0.098923 -0.000023 -0.000021 -0.000062 -0.506482 0.000148 -0.082510 -0.162811 -0.206743 0.000072 -0.034160 0.088590 -0.105051
0.000053 0.161452 0.000040 0.218718 0.191379 0.332965 0.000059 -0.000078 0.351237 0.430688 0.000117 0.342000 0.000016 -0.569484 -0.323056 0.000045 -0.000011 -0.000020 0.211810 -0.000072 0.000007 0.000019 0.101789 -0.000069 0.000022 -0.223558 -0.000023 0.000025 -0.000043 -0.037991 0.000027 0.232679 -0.425064 0.259902 0.000027 0.099309 -0.005070 -0.459259
-0.000029 0.009189 -0.000055 -0.273276 0.117517 0.140885 -0.000012 0.000077 0.148357 0.014226 0.000076 -0.092157 -0.000003 -0.221326 -0.237984 0.000058 0.000043 0.000010 0.099006 0.000044 -0.000063 -0.000037 0.291949 0.000067 -0.000066 0.000162 0.000036 -0.000034 0.000015 0.094557 0.000276 0.043480 -0.632391 0.275388 0.000002 0.564729 0.290002 -0.325884
-0.000027 0.331711 -0.000065 -0.105238 -0.025837 -0.136146 0.000913 0.000039 -0.124377 -0.058515 0.000060 -0.347802 0.000040 -0.169376 -0.326071 0.000082 0.000178 0.000034 0.095383 -0.000082 0.000115 0.000012 0.140392 -0.000082 -0.000023 -0.002001 0.000008 0.000097 -0.000034 -0.174071 -0.000025 -0.007791 -0.619062 0.235194 0.000067 0.486325 0.556692 -0.147481
0.000016 0.419740 0.000004 -0.251531 0.409297 0.133919 0.000225 0.000019 -0.294183 0.148258 -0.000045 -0.209065 0.000007 0.302620 -0.331492 0.000060 -0.000084 0.000002 0.056042 0.000052 0.000019 -0.000021 -0.461002 0.000049 -0.000097 -0.069364 0.000054 0.000054 -0.000035 0.306790 0.000118 0.279671 -0.076188 -0.025072 -0.000055 -0.135437 0.103476 -0.181117
0.000014 0.153685 0.000021 -0.014701 0.076798 0.013488 0.000207 -0.000171 -0.320295 -0.331540 -0.000062 -0.494517 -0.000032 0.218560 0.081228 0.000027 -0.000004 0.000015 -0.162446 -0.000046 -0.000009 -0.000002 -0.347302 0.000110 -0.000030 0.023429 0.000117 -0.000012 0.000043 -0.026421 0.000247 -0.172640 -0.151600 -0.003973 0.000120 -0.042559 -0.310382 0.009499
-0.000046 0.066513 -0.000102 0.190464 -0.175651 0.023266 -0.000036 0.000063 0.045370 -0.289707 0.000052 -0.358680 -0.000041 0.009715 -0.322848 -0.000046 0.000026 -0.000001 -0.003459 0.000087 0.000104 -0.000010 0.033805 -0.000043 0.000036 -0.339382 0.000013 -0.000052 0.000032 -0.067417 -0.000039 -0.001730 -0.031511 -0.144556 0.000072 -0.267601 -0.068522 0.142205
0.000013 0.132450 0.000005 0.210073 0.267365 0.006805 0.000126 0.000040 0.209971 0.128865 -0.000009 0.006269 -0.000008 -0.383122 -0.002765 0.000071 0.000044 -0.000066 -0.233667 -0.000019 -0.000026 0.000028 0.476205 -0.000117 0.000088 -0.496511 -0.000064 0.000046 0.000053 -0.178508 0.000017 0.397945 0.222153 -0.392471 -0.000013 -0.224259 -0.478803 -0.099451
0.000046 -0.224134 -0.000031 0.086395 -0.036854 -0.011614 -0.000023 -0.000022 0.116670 -0.060951 0.000106 0.166440 0.000068 0.053109 0.121399 0.000037 0.000062 0.000053 -0.177422 -0.000004 -0.000002 -0.000019 -0.082362 -0.000017 0.000045 -0.131948 0.000068 -0.000001 -0.000102 -0.122773 0.000008 -0.355736 0.275783 0.142704 -0.000196 0.208120 -0.514241 0.125884
0.000009 -0.152639 -0.000024 -0.046738 0.039900 0.236200 0.000016 -0.000047 -0.022858 0.368354 -0.000069 0.054154 0.000009 -0.026839 0.238428 0.000057 0.000038 0.000120 0.080998 -0.000085 0.000032 -0.000011 -0.011483 0.000093 -0.000026 0.052771 0.000072 -0.000021 -0.000010 -0.187623 -0.000038 -0.236633 0.199866 0.165767 0.000115 0.168264 -0.057683 0.019432
0.000025 -0.266219 0.000091 -0.320683 -0.287092 0.048469 0.000017 0.000022 0.341405 0.017655 0.000123 0.387806 0.000060 -0.050036 -0.089485 0.000061 0.000023 0.000021 0.065742 0.000131 0.000046 -0.000034 0.130466 0.000051 0.000110 0.020885 -0.000067 -0.000028 -0.000042 -0.232208 -0.000013 -0.296217 -0.035248 0.252285 0.000076 0.207047 -0.255194 -0.015176
0.000099 -0.160155 0.000073 -0.034679 -0.010154 -0.315792 -0.000023 0.000021 0.011453 0.322043 -0.000063 0.438310 -0.000019 -0.164933 -0.119012 -0.000070 -0.000119 -0.000037 -0.421299 -0.000012 0.000006 0.000017 -0.219177 0.000020 0.000026 -0.176374 -0.000040 0.000044 0.000029 -0.131631 -0.000011 0.013311 -0.168431 -0.015477 0.000052 0.014635 0.000474 -0.025688
0.000015 -0.022150 -0.000027 -0.408811 -0.389913 -0.035080 0.000186 -0.000022 -0.236325 0.216960 0.000025 0.148345 0.000019 0.307357 -0.249103 -0.000014 0.000064 -0.000013 -0.251501 -0.000005 -0.000002 0.000026 -0.230553 0.000022 -0.000042 -0.301539 0.000054 -0.000044 -0.000058 0.045085 -0.000039 0.050700 -0.244753 0.191607 -0.000132 0.082702 -0.013949 0.026288
-0.000033 -0.326093 -0.000095 -0.665162 0.027148 0.055235 -0.000059 0.000004 -0.009060 -0.453779 0.000027 -0.031274 0.000034 0.551707 0.097396 -0.000037 0.000215 0.000018 0.078964 0.000000 -0.000027 -0.000004 0.147139 0.000031 -0.000009 -0.441850 -0.000029 -0.000110 0.000017 0.004735 -0.000176 -0.190902 0.032903 0.278594 0.000078 0.027949 -0.462540 -0.216726
-0.000024 -0.268041 -0.000099 -0.333106 -0.034036 -0.063756 -0.000225 -0.000097 0.008084 -0.401391 0.000008 0.107945 -0.000065 0.118236 -0.374244 -0.000118 0.000010 -0.000005 0.181807 -0.000129 -0.000079 0.000008 0.358376 0.000059 -0.000031 -0.677101 -0.000009 -0.000043 -0.000016 0.654123 0.000119 0.244874 0.237872 0.076693 0.000275 -0.207860 0.181514 -0.387546
0.000010 0.021788 0.000013 0.161866 -0.180898 -0.213409 -0.000037 0.000034 0.015035 -0.219202 0.000022 -0.040481 -0.000024 0.171892 0.010236 -0.000020 0.000033 -0.000057 -0.155814 -0.000066 -0.000065 0.000015 0.557591 0.000017 -0.000077 -0.385544 -0.000023 0.000126 0.000070 -0.169409 -0.000015 0.063840 0.367717 -0.207186 0.000180 0.148251 -0.099900 -0.013520
0.000007 -0.152730 0.000087 0.033244 0.225932 -0.177431 0.000057 -0.000009 0.009425 -0.218695 -0.000065 0.120578 -0.000001 0.383152 -0.040231 -0.000066 -0.000016 0.000028 0.071556 -0.000070 0.000097 -0.000014 -0.047134 -0.000014 0.000121 -0.516587 0.000132 -0.000069 0.000054 0.056333 0.000295 0.105173 0.298220 -0.372365 -0.000092 0.004098 -0.260560 -0.278965
-0.000047 0.022163 0.000033 0.599066 0.205155 -0.574082 -0.000083 -0.000092 0.024608 -0.139949 0.000030 0.147752 0.000028 -0.119604 -0.174076 0.000020 -0.000096 -0.000029 0.163167 -0.000069 0.000071 0.000011 0.037494 0.000045 0.000023 -0.335032 0.000018 -0.000035 -0.000162 -0.387317 0.000069 0.044898 0.166335 -0.675878 0.000010 -0.015278 0.001468 0.021862
-0.000016 0.258265 0.000045 -0.160634 0.171488 -0.417705 0.000019 0.000044 0.042509 -0.064135 -0.000135 -0.105674 -0.000011 -0.044290 0.037100 -0.000017 -0.000231 -0.000016 0.137274 0.000034 0.000047 0.000027 -0.216640 -0.000016 0.000031 -0.130953 -0.000087 -0.000029 0.000105 -0.490123 0.000038 -0.099294 0.046398 -0.539906 0.000113 0.214749 0.103733 0.006681
-0.000019 -0.052751 0.000006 -0.349555 -0.128662 0.075242 0.000012 0.000029 0.091065 0.033911 -0.000011 -0.001645 0.000032 0.022449 0.015646 -0.000087 -0.000222 0.000038 -0.301839 -0.000056 -0.000023 0.000012 -0.290223 -0.000110 -0.000105 -0.314215 0.000149 0.000045 0.000066 0.076744 -0.000016 0.003147 -0.013282 -0.414178 -0.000115 0.097596 0.216490 -0.375430
0.000042 -0.280147 -0.000060 -0.296531 -0.041573 0.150515 -0.000048 0.000029 0.243899 0.038962 -0.000052 -0.211116 -0.000027 -0.215922 -0.054071 -0.000057 0.000128 0.000021 -0.048968 0.000070 -0.000066 -0.000001 -0.068216 0.000051 0.000005 -0.028201 -0.000098 0.000022 0.000033 -0.159198 0.000102 0.033558 -0.279306 -0.194334 -0.000067 -0.091403 0.292831 -0.399876
0.000094 -0.132399 0.000114 -0.173825 -0.202903 -0.051192 -0.000075 0.000023 0.134504 0.011853 -0.000108 -0.244474 -0.000045 0.062274 -0.012413 -0.000063 -0.000198 0.000017 -0.627027 -0.000262 0.000077 -0.000048 0.086273 0.000024 0.000059 0.061552 -0.000080 0.000125 -0.000007 -0.216988 0.000166 -0.124805 -0.021327 -0.103931 0.000252 0.161853 0.055110 0.266608
-0.000017 -0.300278 0.000059 -0.004110 0.132727 0.449199 -0.000066 -0.000038 -0.062217 0.278660 0.000026 0.104818 -0.000033 -0.063266 -0.111850 -0.000042 0.000122 -0.000017 -0.453502 0.000055 0.000004 -0.000017 -0.314673 -0.000039 0.000059 -0.072824 -0.000018 0.000122 -0.000018 0.307917 -0.000040 0.084710 0.066748 0.449167 -0.000405 -0.339788 0.148906 0.027988
-0.000027 0.047957 0.000089 -0.284559 -0.107935 -0.063037 -0.000111 -0.000001 0.540577 -0.110432 0.000006 -0.044721 0.000082 -0.300324 0.575807 -0.000072 0.000017 0.000112 -0.334382 0.000181 0.000029 -0.000007 0.251535 0.000159 0.000056 -0.408544 0.000099 -0.000027 0.000028 0.141668 0.000216 -0.035777 -0.067052 0.106560 0.000078 0.005965 -0.038180 -0.067160
-0.000043 -0.198262 -0.000080 -0.029804 -0.174562 -0.265334 -0.000061 -0.000083 0.171765 0.126823 0.000131 -0.078679 0.000024 -0.303044 0.192195 -0.000083 0.000223 0.000022 0.117011 -0.000001 0.000060 0.000013 0.135929 -0.000080 -0.000048 -0.623349 0.000007 0.000034 -0.000058 0.119839 -0.000062 0.180420 0.177526 -0.470072 0.000173 0.043839 -0.052224 -0.046198
0.000011 -0.112956 0.000141 0.031596 -0.109172 -0.226519 0.000693 -0.000081 0.125762 0.375934 0.000016 -0.128996 -0.000014 -0.126001 0.001427 0.000023 -0.000015 -0.000033 -0.090921 0.000010 -0.000056 -0.000010 0.004474 -0.000025 0.000042 0.090824 -0.000005 -0.000038 0.000003 0.166759 0.000093 -0.010306 0.109936 -0.561077 -0.000061 0.179172 0.119076 0.056098
-0.000082 -0.123220 -0.000029 0.046410 -0.309526 -0.119096 -0.000048 0.000003 -0.015628 0.385941 0.000157 0.249113 0.000039 0.106296 0.172400 -0.000072 -0.000158 0.000031 0.058803 0.000185 -0.000001 0.000041 -0.143314 -0.000068 -0.000070 -0.281458 0.000024 -0.000092 -0.000008 -0.196988 0.000117 -0.114688 -0.141867 -0.263800 -0.000014 0.401855 0.200665 0.030823
0.000038 -0.129688 -0.000034 0.273752 -0.417671 0.441616 -0.001044 -0.000078 0.007795 0.124610 -0.000012 0.307456 -0.000016 0.015486 0.244829 -0.000108 -0.000079 -0.000022 0.001105 -0.000024 -0.000034 -0.000007 -0.378597 -0.000021 0.000045 -0.160898 0.000007 0.000028 0.000022 -0.035735 0.000201 -0.099374 -0.199553 0.179082 0.000255 0.308467 -0.320394 0.022884
0.000048 0.029490 0.000070 -0.079662 -0.174821 0.164506 -0.001025 0.000071 -0.265821 -0.034480 0.000054 0.086718 -0.000037 0.106674 -0.158613 0.000016 0.000165 -0.000011 0.047627 0.000049 -0.000020 -0.000016 0.066297 0.000040 0.000021 -0.044324 0.000056 -0.000013 0.000013 0.127777 -0.000052 -0.307417 0.027947 -0.102492 -0.000388 0.301810 0.021372 0.159134
-0.000009 -0.113105 0.000022 0.072431 -0.079954 -0.017855 -0.001620 -0.000013 -0.063655 -0.052281 0.000144 0.339533 0.000074 -0.184195 0.063543 0.000088 0.000083 -0.000113 0.022268 -0.000177 -0.000021 0.000025 -0.023463 -0.000026 -0.000085 -0.149216 -0.000007 -0.000104 0.000001 0.277806 0.000102 0.075335 0.412922 -0.188780 -0.000090 0.268234 0.061082 0.003271
0.000030 -0.211031 -0.000096 0.095437 0.454757 0.088218 -0.003001 0.000056 0.192202 -0.367945 0.000124 0.218174 -0.000065 0.194108 0.583265 -0.000043 -0.000040 -0.000002 -0.058425 0.000059 0.000112 -0.000047 0.323419 -0.000164 -0.000049 -0.408736 0.000064 0.000086 -0.000013 0.004813 0.000168 -0.440421 0.040366 0.086020 -0.000066 0.327701 -0.241898 0.460704
0.000014 -0.429675 0.000061 0.088953 0.410325 0.200802 -0.000287 0.000052 -0.142414 0.014293 0.000050 -0.002434 -0.000001 0.005371 0.220005 0.000139 0.000026 0.000027 -0.015404 -0.000022 0.000026 0.000005 0.036468 -0.000049 -0.000029 -0.218900 -0.000001 -0.000008 0.000015 0.201863 0.000102 0.137929 0.341725 0.224113 -0.000043 0.315157 -0.290857 0.004351
-0.000012 -0.057287 0.000118 -0.174860 -0.361291 0.128358 0.000257 0.000058 0.336751 -0.486500 0.000127 0.305013 -0.000062 0.016802 0.281953 0.000108 0.000247 -0.000072 -0.245895 0.000059 -0.000006 0.000039 0.099495 0.000009 -0.000087 -0.142245 0.000063 -0.000021 0.000009 0.057725 0.000024 0.255234 0.078283 0.155447 0.000010 0.110548 0.083699 -0.165330
0.000020 0.018444 -0.000035 -0.184128 -0.356278 0.256767 0.000296 0.000035 0.208743 0.233856 0.000063 -0.077112 0.000018 0.077527 -0.206870 -0.000027 -0.000031 -0.000017 -0.021355 0.000027 0.000023 0.000011 0.000568 -0.000044 -0.000006 -0.004523 0.000091 -0.000048 0.000056 -0.195960 0.000120 -0.104209 -0.221775 -0.439147 -0.000044 0.006638 0.017207 -0.058407
0.000037 -0.711496 -0.000061 0.358287 0.118851 -0.235234 -0.002623 -0.000077 -0.263821 0.327777 0.000001 -0.116861 -0.000070 0.368969 -0.364259 0.000019 0.000026 -0.000058 0.076610 -0.000132 0.000041 0.000011 -0.404741 -0.000034 0.000062 -0.041042 0.000165 -0.000008 0.000047 -0.398014 0.000024 -0.258371 -0.501511 -0.442614 0.000082 0.132803 0.156882 -0.136009
