-0.028502
1.915092
-2.240719
-0.013611
1.199262
0.639665
-0.001421
1.930301
-1.237564
2.373086
-0.999229
-0.021836
-0.667772
-2.200048
0.005330
0.000041
1.891217
1.900269
0.076854
1.575346
1.923877
-0.153165
0.000200
1.599180
-0.000446
-0.501828
-0.000024
-0.748404
-0.475613
0.025030
-0.000027
1.979912
1.612928
-2.023697
-0.020209
-0.683876
-2.202794
-0.438946
-0.011526
2.042072
-0.254050
-0.000084
2.628281
-0.001625
-0.128967
-1.627832
1.910452
-0.008452
0.001221
-0.076677
-0.853894
1.564917
-0.027606
0.285790
0.019323
-0.002082
0.003461
1.222394
-1.078251
0.366324
2.305961
-0.011582
0.006283
-1.447719
-0.614635
-0.000216
-0.005797
2.298761
-0.002341
1.824805
-0.859072
0.002335
-1.651286
0.000040
-0.022435
0.407288
1.019710
-0.509843
-0.003851
2.244772
0.000047
-1.615132
-0.033680
-0.742300
0.005638
2.139438
-0.852001
-0.000004
1.182899
0.002027
1.375225
-0.712445
-1.207607
-0.000034
-0.415660
-0.011044
-0.328487
