2.933278
3.368098
5.669495
0.015637
5.803061
0.017271
0.004789
-0.004139
0.020037
-0.033090
4.021219
-0.001534
0.000453
-0.003884
0.011207
0.000857
-0.002683
-0.016164
0.000104
-0.000313
-0.010263
-0.030459
-0.012750
-3.268618
5.812471
0.000499
-0.018201
-0.000748
0.013571
-0.000533
5.413803
-0.027484
0.000136
-0.001418
4.573911
3.685879
0.007435
-0.001234
0.003383
-0.000236
0.000307
0.000864
0.020835
-0.000143
2.928030
-0.020359
-0.008839
0.000227
4.908950
-0.012225
-3.320604
-0.002537
-0.001134
-0.008270
0.000237
4.142966
2.927454
-4.079433
6.245518
2.421976
-0.009927
-0.002859
0.013701
4.939919
-2.540184
0.000284
0.010272
-2.777739
-0.006238
-2.260870
2.905568
-0.007482
-3.169003
0.000405
6.040211
-2.328140
-2.629571
6.466154
0.018201
-1.804162
0.002144
-0.014676
0.000178
0.005403
0.000914
4.022601
-0.032911
-0.027629
-0.004572
-2.656886
-0.015227
-2.962903
-4.140262
-0.018926
0.030802
-0.026332
0.029210
-0.032850
-0.008358
-0.028334
3.315545
-3.045568
-3.233064
0.002980
-0.034801
-0.001037
0.025995
0.331062
0.024187
3.715189
3.676525
0.000410
-0.020101
0.015576
-0.000440
-0.022119
3.780565
-0.015340
-0.006608
-2.153713
0.000392
-0.011592
-1.949589
0.020858
4.327278
-0.024100
-0.002202
0.007633
