-2.731488
-0.007447
0.000235
0.000144
3.975829
-0.008873
-0.009858
0.032164
-2.151028
5.103024
0.041210
0.001210
4.379777
-0.008827
-3.105642
0.008108
0.008144
3.952637
-0.000126
-0.029750
0.027783
0.013142
-0.013556
-0.006589
-0.031509
-2.619497
0.001214
-4.273639
4.958598
3.751967
-2.363187
-0.016683
-0.000198
0.008408
3.592157
0.006588
4.591425
-0.000463
-0.025548
-0.001745
0.000032
3.022750
-0.007448
0.003627
2.546375
-0.000144
-0.026772
-0.000120
-0.000023
-0.009249
-0.014997
-0.000600
4.294871
0.018857
0.020241
0.001133
3.947034
3.559401
0.008387
-0.008916
0.018284
-0.001465
0.006290
-3.064532
-3.654080
3.975289
3.775151
0.001953
-0.001135
5.871290
-4.066710
-2.677054
-0.013022
-3.040500
-0.013269
0.000528
-4.853074
0.019423
0.006010
-0.019717
-0.000053
0.000644
4.650221
-0.001690
0.019832
0.015635
-2.571862
3.275342
2.384198
-0.000212
2.829016
3.747255
0.011383
0.009504
0.002330
6.114202
0.025411
4.163294
-0.014747
-3.298229
0.019211
-2.313933
-0.000220
0.033674
3.913675
-0.014324
-3.820707
0.007930
1.952278
