0.118390 -0.000001 -0.000034 -0.000055 -0.000024 0.000020 -0.000061 -0.000018 -0.000542 -0.324988 0.314657 -0.002254 -0.000079 -0.000111 0.000142 0.000127 -0.000030 0.000013 -0.000003 0.235549 -0.000015 -0.000048 0.026539 -0.000001 -0.000040 -0.000684 0.026955 0.000023 0.000003 0.000095 0.000019 0.000061 -0.000149 -0.000022 -0.000061 -0.000021 -0.000020 -0.404656 -0.000054 0.000005 -0.003371 0.000068 -0.211362 0.026504 0.000027 0.006832 -0.411191 -0.000042
0.228226 0.000044 0.000059 -0.000007 -0.000018 0.000015 -0.000102 -0.000008 -0.000531 -0.156617 0.345217 -0.003194 0.000046 0.000119 -0.000027 0.000008 -0.000105 -0.000008 0.000009 0.234129 0.000008 0.000115 0.008060 -0.000029 0.000032 -0.000826 0.004312 0.000006 0.000026 0.000030 -0.000141 -0.000012 0.000076 -0.000069 -0.000090 0.000023 -0.000019 -0.361487 0.000001 0.000046 -0.002820 0.000031 -0.181768 0.001771 0.000022 0.007174 -0.161736 -0.000066
0.083677 0.000006 0.000068 0.000024 0.000029 -0.000020 -0.000041 -0.000010 -0.000445 -0.229139 0.347362 -0.004503 -0.000108 0.000017 0.000025 -0.000030 0.000026 0.000024 -0.000069 0.068391 0.000082 0.000032 0.002213 -0.000023 0.000032 -0.001129 0.012348 0.000040 -0.000027 0.000036 -0.000010 0.000019 0.000004 0.000013 0.000023 0.000011 -0.000020 -0.341295 -0.000049 -0.000006 -0.002946 0.000017 -0.174047 0.000616 -0.000060 0.006217 -0.184101 -0.000023
0.099894 0.000007 0.000064 -0.000026 0.000001 -0.000039 -0.000043 0.000009 -0.000158 -0.089990 0.131550 -0.006242 -0.000136 -0.000038 -0.000031 0.000071 -0.000015 0.000013 -0.000001 -0.031125 0.000003 0.000025 0.014968 -0.000056 0.000037 -0.001531 0.008335 0.000065 0.000083 -0.000023 -0.000025 -0.000097 0.000059 0.000026 0.000072 -0.000000 -0.000069 -0.226120 0.000017 0.000017 -0.002736 0.000016 0.048598 0.005080 -0.000026 0.006827 -0.076010 -0.000027
0.108906 0.000002 0.000020 0.000013 0.000000 0.000010 -0.000004 0.000007 -0.000061 -0.052526 0.026158 -0.007600 0.000063 0.000010 -0.000015 -0.000081 -0.000054 0.000020 -0.000067 -0.112110 0.000028 -0.000004 0.018593 -0.000055 -0.000002 -0.001694 0.012866 0.000060 0.000018 0.000026 -0.000078 -0.000018 0.000146 -0.000029 -0.000015 0.000013 0.000033 -0.049831 -0.000033 0.000040 -0.002353 0.000074 0.027530 0.007470 0.000064 0.006638 -0.092936 0.000100
-0.068698 0.000038 -0.000019 0.000014 -0.000003 -0.000036 -0.000025 0.000008 -0.000120 -0.074513 -0.014684 -0.008067 0.000044 -0.000064 0.000027 -0.000081 0.000045 0.000045 -0.000074 -0.070352 -0.000022 -0.000062 0.001315 -0.000013 0.000121 -0.001996 0.001077 -0.000074 -0.000022 0.000035 0.000038 0.000011 0.000089 -0.000026 0.000032 -0.000015 0.000051 0.091169 0.000006 -0.000016 -0.003473 -0.000031 0.229404 0.000812 -0.000047 0.007288 -0.040771 -0.000025
-0.091882 0.000084 0.000108 -0.000029 0.000022 0.000012 -0.000050 -0.000013 -0.000185 0.047466 -0.125557 -0.007843 -0.000016 -0.000040 0.000146 -0.000044 0.000029 -0.000007 0.000056 0.053868 0.000022 0.000050 -0.000008 0.000010 0.000030 -0.002073 -0.000093 -0.000004 0.000050 -0.000060 0.000029 -0.000031 -0.000012 -0.000029 -0.000048 0.000008 0.000052 0.228863 0.000032 0.000068 -0.003621 -0.000001 0.346155 -0.000206 0.000021 0.007083 -0.038140 -0.000013
-0.281668 -0.000015 0.000003 0.000032 0.000024 0.000035 -0.000076 -0.000001 -0.000494 0.001782 -0.197779 -0.006342 0.000040 0.000144 -0.000025 0.000004 0.000051 -0.000019 0.000081 0.170862 0.000019 -0.000029 -0.000873 0.000019 0.000052 -0.001323 -0.000053 0.000090 -0.000100 -0.000020 -0.000091 0.000072 -0.000036 0.000012 0.000024 0.000006 0.000035 0.072305 -0.000021 -0.000010 -0.004179 -0.000076 0.329264 -0.000949 0.000042 0.006746 0.126229 -0.000003
-0.347302 -0.000001 -0.000041 -0.000000 0.000000 0.000001 -0.000117 0.000001 -0.000241 0.005533 -0.037173 -0.005005 -0.000011 0.000049 -0.000012 0.000064 0.000049 -0.000013 -0.000029 0.327164 -0.000012 -0.000004 0.020306 -0.000011 -0.000056 -0.001750 0.007329 -0.000051 -0.000069 0.000023 -0.000078 0.000028 -0.000008 0.000013 0.000102 -0.000004 0.000038 -0.143132 0.000022 -0.000007 -0.004309 0.000030 0.139913 0.002922 0.000066 0.006781 0.019602 0.000053
-0.276107 -0.000011 0.000011 -0.000016 0.000009 -0.000011 -0.000049 0.000011 -0.000582 0.003020 -0.046922 -0.004340 0.000107 -0.000052 -0.000065 -0.000035 0.000104 0.000014 -0.000046 0.444180 0.000011 -0.000085 0.042804 -0.000048 0.000013 -0.001328 0.024607 0.000020 0.000061 -0.000031 0.000046 0.000023 0.000026 -0.000011 0.000158 -0.000002 0.000049 -0.158914 0.000020 0.000000 -0.003891 0.000031 0.006601 0.033048 -0.000007 0.006654 0.154869 -0.000159
-0.203201 -0.000061 -0.000009 -0.000008 -0.000007 0.000039 0.000053 0.000001 -0.000189 -0.076659 -0.154393 -0.004135 0.000150 -0.000129 0.000137 -0.000036 -0.000070 0.000043 0.000013 0.548327 -0.000037 0.000027 0.037837 0.000024 0.000137 -0.000815 0.038167 0.000062 0.000109 0.000023 -0.000061 0.000070 -0.000061 -0.000018 0.000060 0.000002 -0.000004 -0.323942 -0.000037 -0.000024 -0.003786 0.000019 -0.202844 0.015538 -0.000107 0.006894 0.161158 0.000014
-0.169578 -0.000025 -0.000110 0.000003 0.000011 0.000029 0.000022 -0.000008 -0.000331 0.061528 -0.074706 -0.004930 0.000058 0.000209 -0.000158 0.000070 -0.000060 -0.000018 -0.000045 0.449747 0.000026 -0.000061 0.041921 0.000031 -0.000009 -0.000931 0.021523 0.000034 0.000049 0.000071 -0.000003 -0.000042 0.000108 -0.000040 0.000004 0.000005 -0.000015 -0.424934 0.000023 -0.000012 -0.003985 -0.000148 -0.366492 0.032074 0.000016 0.006711 0.394638 0.000043
0.111657 0.000033 -0.000007 0.000010 -0.000013 -0.000014 0.000000 -0.000017 -0.000645 0.073981 -0.126564 -0.005337 0.000052 -0.000053 -0.000184 -0.000132 0.000077 0.000017 0.000081 0.335828 -0.000022 -0.000032 0.027473 0.000010 -0.000037 -0.001421 0.021104 0.000032 -0.000062 -0.000022 -0.000020 0.000063 -0.000061 -0.000022 0.000059 -0.000001 0.000006 -0.213661 -0.000055 -0.000033 -0.003159 0.000100 -0.524722 0.009549 0.000018 0.006756 0.630679 -0.000005
0.335443 0.000016 -0.000208 -0.000054 0.000000 -0.000003 -0.000035 0.000035 -0.000459 0.277246 0.025470 -0.005711 -0.000025 0.000163 0.000041 -0.000090 -0.000006 -0.000009 0.000054 0.021462 0.000021 0.000059 0.003811 -0.000007 0.000036 -0.001356 0.004698 0.000042 0.000016 -0.000070 0.000070 0.000049 -0.000054 -0.000011 -0.000004 0.000010 -0.000020 -0.297883 0.000041 0.000022 -0.003376 -0.000074 -0.497217 0.000415 -0.000066 0.006897 0.678457 0.000154
0.280830 -0.000019 0.000007 0.000064 -0.000009 0.000067 -0.000090 0.000006 -0.000514 0.185646 -0.061491 -0.005470 -0.000070 0.000060 0.000031 -0.000025 0.000068 -0.000029 -0.000025 -0.177337 0.000021 -0.000005 0.001617 -0.000010 0.000019 -0.000965 0.001143 0.000073 0.000078 0.000030 0.000013 0.000036 0.000039 -0.000029 0.000090 -0.000006 0.000001 -0.335661 -0.000025 0.000014 -0.003419 -0.000110 -0.331232 0.000900 0.000001 0.006795 0.779796 -0.000001
0.242530 0.000012 -0.000048 -0.000043 -0.000010 0.000019 0.000053 -0.000002 -0.000497 0.197470 0.065564 -0.005182 0.000153 -0.000087 -0.000041 -0.000095 -0.000048 0.000020 -0.000087 -0.207926 0.000018 0.000026 0.001317 0.000052 0.000003 -0.000369 0.001036 -0.000016 0.000024 0.000095 -0.000093 0.000100 0.000022 -0.000038 0.000067 0.000006 -0.000037 -0.334112 0.000032 -0.000085 -0.004101 -0.000021 -0.465075 0.000749 0.000024 0.007190 0.688915 0.000039
0.117729 0.000015 -0.000015 0.000013 0.000006 0.000042 0.000140 0.000003 -0.000502 0.088804 -0.038924 -0.004926 -0.000026 0.000136 0.000097 -0.000107 0.000007 0.000008 -0.000215 -0.500735 -0.000007 -0.000009 0.007718 -0.000009 -0.000008 -0.000319 0.002532 0.000003 -0.000014 -0.000090 -0.000010 -0.000043 -0.000027 -0.000027 0.000201 0.000014 0.000003 -0.486415 -0.000073 0.000024 -0.003353 0.000095 -0.273649 0.001744 0.000004 0.007531 0.684695 -0.000027
0.300564 0.000031 0.000099 0.000025 0.000004 0.000031 -0.000050 -0.000009 -0.000449 -0.023773 -0.134723 -0.004822 -0.000086 -0.000088 -0.000103 -0.000000 -0.000046 0.000040 0.000035 -0.521303 0.000003 0.000114 0.011769 -0.000000 -0.000016 -0.000500 0.006628 0.000082 0.000109 0.000046 -0.000028 0.000003 -0.000080 0.000041 0.000053 0.000006 -0.000032 -0.358110 -0.000081 0.000041 -0.003000 -0.000013 -0.208518 0.003601 0.000024 0.007397 0.595844 0.000019
0.251698 -0.000013 -0.000052 -0.000022 0.000012 -0.000011 0.000024 -0.000035 -0.000353 0.104968 0.017842 -0.004296 0.000047 0.000015 0.000094 -0.000020 0.000013 -0.000020 -0.000016 -0.381404 -0.000061 -0.000085 0.003734 0.000030 -0.000022 -0.000411 0.003205 0.000042 0.000036 -0.000003 -0.000106 0.000005 0.000027 0.000028 0.000000 -0.000002 0.000049 -0.388137 -0.000055 0.000062 -0.001951 -0.000074 -0.029064 0.002589 0.000058 0.007606 0.341188 -0.000021
0.339192 0.000060 -0.000047 0.000003 -0.000007 -0.000011 0.000014 0.000003 -0.000412 -0.018242 -0.035672 -0.003348 -0.000014 0.000072 0.000010 -0.000062 -0.000038 0.000044 -0.000008 -0.259868 0.000117 0.000115 0.000888 -0.000027 -0.000056 -0.000734 0.000737 -0.000077 0.000026 -0.000020 0.000070 -0.000028 -0.000098 -0.000088 0.000018 0.000013 0.000066 -0.362822 -0.000015 0.000017 -0.001844 -0.000011 -0.004857 0.000552 -0.000005 0.008165 0.233913 0.000015
0.265436 -0.000016 0.000001 0.000039 0.000013 -0.000003 0.000196 -0.000017 -0.000146 0.093858 -0.017519 -0.002130 -0.000068 -0.000009 0.000143 -0.000176 -0.000049 0.000021 -0.000086 -0.196556 -0.000012 -0.000004 -0.000440 -0.000029 0.000071 -0.000647 -0.000420 -0.000021 0.000110 -0.000027 -0.000134 -0.000026 0.000032 -0.000035 -0.000000 0.000016 0.000076 -0.064720 -0.000010 0.000015 -0.001729 -0.000073 0.161931 -0.000448 0.000023 0.008135 0.147392 0.000010
0.255952 -0.000035 0.000078 0.000020 0.000011 0.000014 -0.000097 -0.000040 -0.000310 0.032633 0.096538 -0.001337 -0.000033 -0.000086 -0.000017 0.000179 0.000003 -0.000045 0.000038 -0.061598 0.000053 0.000146 -0.001587 -0.000028 -0.000002 -0.001249 -0.001355 -0.000047 -0.000042 -0.000023 -0.000032 0.000048 -0.000033 0.000041 0.000191 0.000006 -0.000004 -0.069145 0.000055 0.000012 -0.001976 -0.000066 0.055658 -0.000945 0.000081 0.007560 -0.107294 -0.000017
0.133377 0.000015 -0.000059 -0.000016 -0.000005 0.000014 -0.000036 -0.000035 -0.000458 -0.085113 -0.140778 -0.000568 0.000049 -0.000021 0.000040 -0.000014 0.000074 -0.000035 -0.000077 -0.000784 -0.000020 0.000023 0.000789 -0.000013 -0.000002 -0.001907 0.000737 0.000011 0.000035 0.000048 -0.000045 -0.000025 0.000015 -0.000008 0.000269 -0.000015 0.000036 -0.226790 0.000056 0.000013 -0.002414 -0.000033 -0.115005 0.000639 -0.000056 0.008250 -0.195003 0.000095
0.191229 -0.000003 -0.000093 0.000016 -0.000005 -0.000102 0.000029 -0.000002 -0.000432 -0.125228 -0.103626 -0.000000 -0.000091 -0.000043 0.000021 -0.000134 -0.000018 0.000002 -0.000085 -0.190148 0.000031 -0.000042 0.001453 0.000003 0.000019 -0.002180 0.001311 -0.000016 -0.000013 -0.000068 -0.000110 0.000152 0.000063 0.000052 0.000079 -0.000004 0.000046 -0.108997 0.000090 0.000034 -0.002159 -0.000005 0.054299 0.001111 0.000032 0.007621 -0.290436 -0.000019
0.149342 -0.000049 -0.000046 0.000004 -0.000013 -0.000002 0.000033 0.000000 -0.000435 -0.092974 -0.073125 -0.000000 -0.000026 0.000031 0.000006 -0.000011 0.000056 0.000017 -0.000041 -0.148340 -0.000003 0.000022 0.000253 0.000005 0.000016 -0.001588 0.000224 0.000171 0.000037 0.000036 0.000026 0.000033 0.000005 -0.000038 0.000201 -0.000001 0.000014 -0.087270 0.000017 0.000019 -0.002137 -0.000003 -0.044984 0.000165 0.000058 0.008189 -0.135300 0.000089
0.098659 0.000018 0.000004 -0.000043 -0.000018 -0.000016 -0.000032 -0.000003 -0.000162 -0.151344 0.117170 -0.000000 -0.000062 0.000049 -0.000022 0.000020 0.000039 -0.000019 0.000039 0.063555 -0.000012 -0.000042 -0.001932 -0.000013 0.000038 -0.002218 -0.001629 -0.000111 -0.000128 -0.000070 0.000012 -0.000004 0.000007 -0.000030 0.000163 0.000005 0.000067 0.000191 -0.000022 -0.000001 -0.001758 -0.000095 0.231528 -0.001413 0.000018 0.007767 -0.127289 -0.000009
0.253078 0.000016 0.000021 0.000028 -0.000022 0.000039 0.000202 0.000012 -0.000424 -0.122558 0.238186 -0.000310 0.000031 0.000035 0.000017 0.000132 -0.000013 0.000046 0.000111 0.122844 0.000060 -0.000028 -0.000245 0.000008 0.000057 -0.001922 -0.000221 -0.000070 0.000113 0.000040 0.000061 0.000147 -0.000096 0.000028 0.000141 0.000002 0.000019 -0.054238 0.000031 -0.000007 -0.001521 -0.000019 0.410411 -0.000214 0.000025 0.007813 -0.202813 0.000024
0.262957 0.000032 0.000057 -0.000025 0.000020 0.000002 -0.000037 0.000002 -0.000053 -0.154328 0.090336 -0.001558 0.000044 -0.000056 -0.000031 0.000012 -0.000014 0.000025 0.000057 0.137013 -0.000044 0.000075 0.002060 0.000001 -0.000035 -0.001288 0.001941 0.000073 -0.000032 0.000049 0.000012 0.000010 -0.000073 0.000004 -0.000045 -0.000004 0.000008 -0.003033 0.000020 -0.000018 -0.001507 0.000072 0.503143 0.001760 -0.000027 0.008237 -0.275887 -0.000065
0.083343 0.000022 -0.000022 -0.000056 0.000004 -0.000001 0.000038 0.000026 -0.000365 -0.057025 0.110089 -0.001906 -0.000083 0.000112 -0.000049 0.000061 0.000072 -0.000012 -0.000040 0.054373 -0.000016 0.000050 0.003577 0.000010 -0.000053 -0.002473 0.003379 0.000064 0.000081 0.000065 0.000017 0.000049 -0.000086 -0.000006 -0.000053 0.000015 0.000029 -0.176682 0.000014 0.000027 -0.001812 -0.000033 0.536040 0.003130 -0.000025 0.008123 -0.623260 0.000049
0.118584 0.000001 -0.000006 0.000038 -0.000006 0.000029 -0.000042 -0.000007 -0.000084 -0.033272 0.125852 -0.001134 -0.000151 0.000031 0.000038 0.000108 -0.000070 -0.000017 -0.000062 0.097606 0.000005 0.000066 0.002425 -0.000028 -0.000056 -0.001888 0.002316 -0.000143 -0.000025 0.000049 -0.000138 -0.000094 -0.000013 -0.000069 0.000082 0.000017 0.000025 0.001963 0.000043 -0.000039 -0.002399 -0.000028 0.512474 0.002154 -0.000030 0.007899 -0.719004 -0.000152
0.003526 -0.000032 0.000093 -0.000007 -0.000012 -0.000054 0.000100 0.000005 -0.000435 -0.018220 -0.015265 -0.000804 -0.000044 -0.000054 0.000005 0.000001 0.000091 -0.000018 -0.000056 0.095352 -0.000032 -0.000090 0.001142 0.000008 -0.000037 -0.001901 0.001031 0.000071 -0.000002 -0.000021 0.000107 -0.000124 -0.000111 -0.000020 0.000060 -0.000001 -0.000059 -0.215294 -0.000014 -0.000020 -0.002926 -0.000035 0.487903 0.000919 0.000059 0.007333 -0.494643 -0.000067
-0.055386 0.000032 -0.000137 -0.000024 0.000002 -0.000002 -0.000092 -0.000008 -0.000300 -0.087155 -0.158129 -0.000594 0.000123 0.000155 0.000012 0.000092 -0.000017 0.000009 -0.000103 0.157943 0.000003 -0.000150 0.027250 0.000015 -0.000009 -0.002502 0.029813 0.000058 0.000080 -0.000118 0.000179 0.000001 0.000090 -0.000016 0.000127 -0.000008 0.000008 -0.067916 -0.000037 0.000012 -0.003538 -0.000051 0.524801 0.003737 -0.000003 0.008343 -0.658247 0.000047
-0.095998 0.000016 0.000085 0.000003 0.000007 -0.000008 0.000017 0.000013 -0.000200 -0.121130 -0.134485 -0.001209 0.000082 0.000036 0.000042 0.000005 0.000041 0.000015 0.000010 0.197937 -0.000028 0.000145 0.075001 0.000015 -0.000027 -0.000920 0.072209 0.000115 -0.000061 0.000037 -0.000028 -0.000027 -0.000022 -0.000027 0.000109 -0.000003 -0.000024 0.067412 0.000004 0.000004 -0.003672 -0.000026 0.391281 0.061760 -0.000071 0.007883 -0.667731 0.000023
-0.042691 0.000012 -0.000125 -0.000054 0.000019 -0.000016 0.000098 -0.000001 -0.000354 0.049225 -0.259558 -0.001429 -0.000017 0.000100 0.000011 -0.000072 0.000102 -0.000014 0.000029 0.176547 -0.000024 0.000106 0.076989 0.000024 0.000038 -0.001621 0.059756 0.000073 0.000020 0.000054 0.000021 0.000041 0.000062 -0.000006 0.000022 0.000001 0.000074 0.270868 0.000039 -0.000019 -0.003719 0.000039 0.290694 0.047241 0.000004 0.007303 -0.520867 0.000017
-0.061355 0.000002 -0.000019 0.000006 0.000016 -0.000033 -0.000091 -0.000002 -0.000388 0.185192 -0.336170 -0.001458 -0.000015 -0.000079 -0.000052 -0.000014 0.000086 -0.000002 -0.000023 0.153493 -0.000032 0.000034 0.029008 0.000010 0.000032 -0.001370 0.022194 -0.000036 -0.000057 -0.000022 0.000048 0.000029 0.000041 -0.000026 0.000165 -0.000009 0.000039 0.367041 -0.000022 -0.000051 -0.003942 0.000060 0.244246 0.008287 -0.000030 0.006997 -0.359383 0.000046
-0.121166 -0.000024 -0.000054 -0.000018 0.000019 -0.000006 -0.000036 0.000015 -0.000231 0.339692 -0.437316 -0.001993 -0.000055 0.000066 0.000019 -0.000015 0.000141 0.000005 0.000021 0.239285 0.000032 -0.000105 0.004983 -0.000012 -0.000043 -0.001306 0.006896 -0.000048 -0.000147 0.000042 0.000021 0.000021 -0.000013 0.000018 0.000298 0.000008 0.000050 0.504906 -0.000064 0.000028 -0.004215 -0.000025 0.073463 0.002323 0.000029 0.007178 -0.170233 -0.000051
-0.095097 -0.000033 -0.000037 -0.000020 -0.000009 0.000068 0.000021 -0.000045 0.000084 0.350184 -0.359837 -0.002543 -0.000116 0.000085 -0.000057 0.000139 -0.000007 -0.000017 0.000057 0.095317 -0.000082 -0.000012 0.008079 -0.000040 0.000038 -0.001642 0.002336 -0.000033 -0.000017 0.000055 -0.000056 0.000005 -0.000034 -0.000013 -0.000030 -0.000014 -0.000006 0.483942 0.000031 0.000025 -0.003800 -0.000006 -0.038580 0.005730 -0.000030 0.006839 -0.168495 -0.000066
-0.148483 -0.000003 -0.000017 -0.000004 -0.000004 0.000012 0.000028 -0.000016 -0.000416 0.439380 -0.396537 -0.002197 -0.000017 0.000019 -0.000025 0.000012 -0.000007 0.000019 0.000085 0.215856 0.000031 -0.000037 0.025509 0.000026 -0.000019 -0.001607 0.013059 -0.000102 -0.000139 0.000092 0.000032 -0.000014 0.000023 0.000004 0.000002 -0.000005 0.000021 0.202440 0.000009 -0.000059 -0.004212 -0.000096 -0.070465 0.024544 -0.000003 0.006882 -0.116456 -0.000044
-0.110562 0.000005 -0.000024 -0.000008 0.000009 -0.000001 0.000025 0.000013 -0.000009 0.455992 -0.584083 -0.001594 -0.000149 0.000081 -0.000030 0.000007 0.000033 -0.000040 0.000004 0.022644 -0.000036 0.000041 0.045722 -0.000007 0.000035 -0.001457 0.026539 0.000013 0.000005 -0.000028 0.000038 -0.000083 0.000020 0.000010 0.000125 -0.000002 0.000050 0.316665 -0.000006 -0.000001 -0.004374 -0.000016 -0.201946 0.038323 0.000002 0.006941 -0.077107 0.000010
-0.306693 0.000054 0.000025 -0.000013 0.000006 -0.000016 0.000102 0.000010 -0.000527 0.628330 -0.448181 -0.000304 -0.000028 -0.000005 -0.000021 0.000010 0.000075 0.000003 -0.000103 -0.122046 0.000062 0.000038 0.056331 -0.000026 -0.000033 -0.002445 0.041816 0.000043 0.000088 -0.000023 -0.000002 -0.000004 -0.000067 -0.000018 0.000057 0.000000 -0.000056 0.110027 -0.000043 -0.000035 -0.003747 0.000072 -0.210451 0.033697 -0.000042 0.006156 -0.016438 0.000044
-0.435633 0.000016 0.000123 0.000021 0.000017 0.000043 0.000027 -0.000000 -0.000344 0.541927 -0.548224 -0.000000 0.000035 -0.000053 0.000027 0.000092 -0.000019 -0.000024 -0.000038 -0.001352 -0.000033 0.000061 0.037514 -0.000044 -0.000047 -0.002300 0.042621 0.000002 0.000020 0.000042 -0.000056 0.000000 0.000051 -0.000000 0.000040 0.000002 -0.000004 0.224279 -0.000093 0.000030 -0.003094 -0.000013 -0.205073 0.029511 -0.000071 0.006380 0.058827 0.000048
-0.651952 -0.000053 -0.000097 -0.000052 0.000006 -0.000014 -0.000079 0.000015 -0.000398 0.652886 -0.470219 0.000000 -0.000082 -0.000014 -0.000084 0.000071 0.000090 0.000033 -0.000015 -0.119694 0.000001 0.000090 0.016294 0.000025 0.000005 -0.002154 0.013747 -0.000090 -0.000004 0.000044 -0.000078 -0.000020 -0.000030 0.000014 -0.000056 0.000010 0.000008 0.366851 -0.000087 0.000032 -0.002992 -0.000022 -0.040574 0.003129 -0.000003 0.006899 0.327813 0.000054
-0.812492 0.000027 -0.000028 0.000048 -0.000002 -0.000027 0.000031 0.000037 -0.000310 0.596568 -0.389032 0.000860 -0.000085 -0.000058 0.000031 0.000046 0.000100 -0.000025 0.000005 0.046145 0.000045 -0.000004 0.001176 -0.000025 -0.000032 -0.002419 0.000973 0.000037 -0.000066 -0.000014 -0.000008 0.000009 -0.000117 0.000026 0.000113 0.000005 -0.000020 0.648816 0.000069 0.000002 -0.002658 -0.000033 0.012128 0.000721 0.000015 0.006964 0.362319 -0.000021
-0.714529 0.000038 0.000041 0.000037 -0.000003 0.000029 0.000258 -0.000006 -0.000556 0.478072 -0.243068 0.001566 -0.000106 -0.000048 -0.000073 -0.000074 0.000032 -0.000003 0.000084 -0.011076 -0.000012 -0.000028 0.000375 -0.000010 0.000042 -0.002571 0.000271 0.000018 0.000070 -0.000058 -0.000055 -0.000026 0.000041 -0.000045 0.000149 0.000008 -0.000010 0.645615 -0.000009 -0.000089 -0.002633 -0.000085 -0.056285 0.000118 -0.000001 0.006917 0.457126 -0.000113
-0.627217 -0.000022 -0.000022 -0.000044 0.000001 -0.000008 0.000137 0.000012 -0.000117 0.152837 -0.243887 0.001281 0.000046 -0.000074 -0.000020 -0.000003 -0.000101 0.000021 0.000018 -0.167211 0.000034 0.000120 -0.000554 -0.000022 0.000007 -0.002520 -0.000570 0.000014 -0.000026 0.000045 0.000021 0.000022 -0.000032 -0.000014 0.000189 -0.000004 0.000004 0.611412 0.000044 0.000078 -0.002921 0.000039 -0.085320 -0.000631 -0.000042 0.006968 0.507683 0.000030
-0.370557 0.000046 0.000008 -0.000012 -0.000006 0.000030 0.000053 -0.000001 0.000114 0.013064 -0.135319 0.000741 -0.000019 0.000068 -0.000097 -0.000022 -0.000010 0.000008 0.000084 -0.087734 0.000001 -0.000035 -0.000629 -0.000037 -0.000047 -0.002200 -0.000617 -0.000001 0.000094 0.000023 -0.000038 -0.000016 -0.000010 -0.000015 -0.000005 -0.000018 0.000020 0.362584 -0.000008 -0.000062 -0.002661 -0.000008 0.031152 -0.000648 0.000023 0.007283 0.620014 -0.000151
-0.348324 -0.000063 -0.000033 0.000023 -0.000008 0.000006 0.000053 -0.000033 -0.000464 0.028074 -0.297806 0.000455 0.000022 0.000067 -0.000042 0.000038 0.000007 -0.000009 0.000015 -0.209366 0.000106 -0.000059 0.000260 0.000020 0.000002 -0.001949 0.000224 0.000071 -0.000059 0.000002 -0.000015 0.000053 0.000056 0.000009 -0.000063 0.000008 -0.000065 0.311321 -0.000009 -0.000013 -0.003196 0.000013 -0.105375 0.000144 -0.000050 0.007185 0.354268 0.000013
-0.301301 -0.000032 0.000058 -0.000015 0.000004 0.000044 -0.000025 -0.000033 -0.000533 -0.083082 -0.005182 0.001447 -0.000034 -0.000022 0.000011 -0.000153 -0.000115 -0.000001 -0.000036 -0.110173 0.000040 -0.000064 0.000175 -0.000003 0.000089 -0.002354 0.000160 -0.000007 0.000081 0.000074 0.000030 0.000109 -0.000007 0.000005 0.000099 -0.000009 0.000016 0.065865 0.000056 0.000044 -0.002479 0.000070 -0.198424 0.000088 0.000003 0.007419 0.516988 0.000048
-0.302210 0.000012 0.000071 -0.000002 0.000011 0.000003 -0.000057 0.000012 -0.000623 -0.133895 0.012090 0.002408 -0.000071 -0.000012 0.000037 -0.000006 -0.000025 -0.000048 0.000018 -0.383492 -0.000012 -0.000012 0.000028 -0.000059 0.000014 -0.001991 0.000007 -0.000003 0.000092 -0.000028 -0.000039 0.000051 -0.000195 -0.000034 0.000076 -0.000007 -0.000031 0.069921 0.000029 0.000005 -0.003072 0.000052 -0.200285 -0.000044 -0.000035 0.006736 0.401923 0.000077
-0.203586 0.000019 0.000069 -0.000001 -0.000012 0.000013 0.000016 -0.000000 -0.000261 -0.061958 0.000327 0.002629 0.000004 0.000010 -0.000006 0.000097 0.000041 -0.000031 0.000097 -0.281438 -0.000025 0.000086 0.000244 -0.000032 -0.000056 -0.002922 0.000193 0.000006 -0.000050 0.000011 -0.000070 0.000006 0.000008 -0.000008 -0.000050 -0.000002 -0.000013 -0.107748 0.000030 0.000023 -0.003019 -0.000052 -0.133758 0.000107 -0.000086 0.006651 0.263387 -0.000045
-0.027143 0.000062 -0.000084 0.000014 -0.000006 -0.000012 -0.000059 -0.000032 -0.000275 -0.099974 0.079461 0.003235 0.000095 0.000039 -0.000052 0.000016 0.000026 -0.000027 0.000041 -0.418539 -0.000045 -0.000068 -0.000212 -0.000035 0.000057 -0.002954 -0.000217 -0.000068 0.000018 -0.000039 -0.000020 0.000086 -0.000022 -0.000022 0.000087 -0.000007 0.000077 -0.000287 -0.000008 -0.000037 -0.003162 0.000035 0.046560 -0.000244 0.000003 0.007048 0.021544 0.000091
0.080327 -0.000110 -0.000039 0.000033 0.000009 -0.000012 0.000073 -0.000004 -0.000123 -0.188982 0.006239 0.003756 0.000129 -0.000120 -0.000050 -0.000130 -0.000001 0.000009 -0.000196 -0.423863 0.000055 -0.000109 -0.000226 0.000069 0.000006 -0.003006 -0.000239 -0.000037 -0.000011 -0.000025 0.000055 0.000041 -0.000013 0.000016 -0.000094 -0.000002 0.000026 -0.008173 0.000023 0.000029 -0.003097 0.000037 0.205893 -0.000279 0.000016 0.007338 -0.098076 -0.000057
0.228100 0.000039 -0.000031 0.000005 -0.000004 0.000013 0.000033 0.000009 -0.000485 -0.013436 -0.122249 0.004227 -0.000012 0.000215 0.000027 0.000064 -0.000029 -0.000006 -0.000087 -0.362655 -0.000084 0.000035 -0.000563 -0.000026 -0.000009 -0.002107 -0.000545 0.000023 -0.000001 -0.000070 -0.000043 -0.000032 0.000053 0.000010 0.000061 -0.000001 0.000020 -0.068821 -0.000027 0.000017 -0.002513 -0.000070 0.398989 -0.000574 -0.000000 0.007677 -0.271365 0.000076
0.467996 -0.000009 0.000043 -0.000011 -0.000011 -0.000036 0.000020 -0.000016 -0.000485 0.044053 -0.168689 0.003286 -0.000017 -0.000067 -0.000065 0.000067 -0.000027 0.000024 -0.000040 -0.233105 -0.000020 -0.000032 -0.001049 0.000036 0.000014 -0.002612 -0.000998 0.000136 0.000112 0.000056 0.000060 0.000054 0.000087 0.000010 0.000116 -0.000001 -0.000014 0.057437 0.000008 -0.000023 -0.002303 -0.000099 0.293598 -0.000970 0.000039 0.007564 -0.332056 -0.000115
0.348827 0.000007 -0.000073 0.000020 0.000029 0.000007 -0.000021 -0.000015 -0.000431 0.019629 -0.020349 0.001442 -0.000117 -0.000012 0.000012 -0.000004 0.000010 0.000019 -0.000061 -0.087258 0.000019 0.000034 -0.001863 0.000005 -0.000029 -0.002730 -0.001729 -0.000052 -0.000072 0.000042 0.000048 0.000005 -0.000067 0.000027 0.000158 0.000003 0.000039 0.099126 0.000044 -0.000001 -0.002421 -0.000024 0.283172 -0.001641 0.000010 0.007527 -0.503165 -0.000032
0.416915 -0.000024 -0.000038 -0.000019 -0.000014 0.000013 -0.000082 0.000043 -0.000581 0.044898 0.036955 0.000000 0.000036 -0.000024 0.000040 0.000029 0.000057 -0.000001 0.000052 -0.213189 0.000009 -0.000091 -0.003118 -0.000040 -0.000019 -0.002335 -0.002752 0.000000 0.000002 0.000017 -0.000028 -0.000004 0.000021 0.000051 -0.000063 -0.000005 0.000040 -0.011961 -0.000046 0.000052 -0.002025 -0.000015 0.195557 -0.002487 0.000006 0.006425 -0.516237 -0.000010
0.546039 -0.000006 0.000023 0.000012 -0.000004 0.000001 0.000121 -0.000009 -0.000204 0.061742 0.063481 -0.000336 -0.000089 -0.000039 -0.000016 -0.000060 0.000051 0.000034 -0.000081 -0.101465 -0.000032 0.000011 -0.003351 0.000005 0.000095 -0.003231 -0.002948 0.000033 -0.000015 0.000030 0.000133 -0.000029 0.000035 0.000010 -0.000103 -0.000018 -0.000015 0.114449 0.000013 -0.000055 -0.001663 -0.000057 0.163845 -0.002681 0.000033 0.007807 -0.385598 -0.000073
0.517490 0.000015 0.000000 0.000003 0.000009 -0.000016 0.000137 -0.000010 -0.000087 -0.087983 0.215661 -0.000649 0.000072 -0.000006 -0.000007 0.000019 0.000103 -0.000008 0.000019 -0.200811 0.000003 -0.000030 -0.002547 0.000005 -0.000021 -0.003581 -0.002321 0.000007 0.000110 -0.000041 0.000029 0.000026 -0.000012 -0.000014 0.000138 0.000001 -0.000079 0.093727 -0.000002 0.000066 -0.001695 0.000077 0.029340 -0.002158 -0.000043 0.007431 -0.468652 0.000041
0.304093 -0.000018 -0.000010 -0.000006 -0.000003 -0.000006 -0.000034 0.000027 -0.000006 -0.417713 0.259428 -0.000530 -0.000050 0.000043 -0.000068 -0.000018 0.000050 -0.000025 -0.000017 -0.152509 0.000016 0.000037 -0.001095 -0.000040 -0.000007 -0.003803 -0.001012 -0.000056 0.000051 0.000104 -0.000008 0.000025 -0.000087 -0.000035 0.000006 -0.000005 0.000029 -0.067295 0.000061 -0.000136 -0.002081 -0.000027 -0.103554 -0.000983 0.000056 0.007961 -0.211225 0.000090
0.041347 -0.000047 0.000057 -0.000071 -0.000004 -0.000011 0.000053 0.000010 -0.000155 -0.500760 0.085017 -0.000248 0.000258 0.000223 -0.000042 0.000217 -0.000025 -0.000001 -0.000082 -0.007484 -0.000049 0.000012 0.007080 0.000014 0.000032 -0.003477 0.017957 0.000031 -0.000024 0.000035 0.000006 -0.000035 -0.000074 0.000029 -0.000035 -0.000005 0.000044 -0.000730 0.000037 -0.000002 -0.001886 0.000066 -0.079749 0.007465 -0.000027 0.007958 -0.302283 0.000015
-0.057861 0.000015 0.000031 -0.000034 0.000004 0.000008 -0.000041 0.000006 -0.000259 -0.501201 0.306276 -0.000000 -0.000040 -0.000037 0.000010 -0.000090 -0.000004 0.000024 -0.000121 0.032005 0.000078 -0.000042 0.016466 0.000006 0.000025 -0.002938 0.023906 -0.000030 0.000012 0.000054 -0.000039 -0.000142 0.000026 -0.000037 -0.000052 -0.000007 0.000003 0.028195 -0.000037 -0.000006 -0.001715 -0.000026 -0.122332 0.001495 0.000018 0.008664 -0.318242 0.000053
-0.112606 -0.000030 0.000066 0.000000 0.000002 -0.000019 -0.000060 -0.000008 -0.000178 -0.247203 0.254739 0.000000 -0.000044 -0.000037 0.000003 -0.000069 0.000021 -0.000011 -0.000130 0.272962 -0.000027 0.000014 -0.000799 0.000028 -0.000037 -0.002853 -0.000757 -0.000026 0.000058 -0.000069 -0.000185 0.000055 -0.000110 -0.000012 0.000079 -0.000003 0.000017 -0.025730 -0.000018 0.000106 -0.001911 0.000024 -0.074673 -0.000750 -0.000031 0.008205 -0.116044 0.000037
-0.210017 0.000019 -0.000057 -0.000007 0.000001 -0.000012 -0.000019 0.000002 -0.000358 -0.159637 0.243300 -0.000000 0.000014 -0.000245 0.000030 -0.000066 -0.000091 -0.000057 0.000081 0.343876 -0.000051 -0.000059 -0.002289 0.000011 0.000037 -0.002704 -0.002135 0.000101 0.000005 0.000001 0.000016 -0.000013 -0.000011 0.000006 -0.000064 -0.000014 0.000034 -0.006416 -0.000006 -0.000005 -0.002487 -0.000034 0.094596 -0.002019 0.000025 0.007961 0.031332 0.000069
0.012826 -0.000053 -0.000134 0.000024 -0.000029 -0.000023 -0.000017 0.000000 -0.000207 -0.025400 0.392850 0.000000 0.000016 -0.000177 0.000006 -0.000130 0.000081 -0.000006 -0.000111 0.176061 0.000083 -0.000012 -0.003221 0.000067 0.000014 -0.003278 -0.003025 -0.000104 0.000147 -0.000018 0.000029 0.000036 0.000190 0.000008 -0.000011 -0.000003 0.000001 0.094135 0.000044 -0.000042 -0.002516 -0.000000 -0.077162 -0.002882 -0.000037 0.007745 0.249989 -0.000005
-0.067837 0.000033 0.000049 -0.000050 0.000015 -0.000011 -0.000069 0.000004 -0.000067 0.133645 0.217661 -0.001160 -0.000026 -0.000026 0.000099 -0.000064 -0.000014 -0.000005 -0.000030 0.184370 0.000004 0.000091 0.007295 -0.000042 0.000056 -0.002705 0.002890 0.000018 0.000033 -0.000054 -0.000010 -0.000069 0.000028 -0.000013 0.000199 -0.000018 -0.000015 0.019551 0.000041 -0.000049 -0.002988 0.000046 -0.132648 0.000886 0.000018 0.007968 0.130706 -0.000049
-0.216305 -0.000016 0.000012 -0.000009 0.000012 0.000019 0.000014 -0.000028 -0.000459 0.080572 0.142396 -0.002633 0.000161 -0.000033 0.000008 -0.000086 0.000023 0.000006 0.000022 0.004418 0.000032 0.000091 0.043141 0.000053 -0.000020 -0.002629 0.028579 0.000028 -0.000148 -0.000026 -0.000109 0.000008 0.000108 0.000024 -0.000008 0.000006 0.000015 0.066749 0.000014 -0.000092 -0.002940 0.000001 -0.188974 0.023604 0.000060 0.007707 0.245981 -0.000059
-0.451507 0.000004 0.000060 -0.000022 -0.000025 -0.000013 0.000139 -0.000047 -0.000097 0.104084 0.247532 -0.002986 0.000091 -0.000089 0.000040 0.000112 0.000007 0.000011 -0.000067 -0.009460 -0.000062 0.000006 0.081763 -0.000041 -0.000016 -0.002284 0.063646 -0.000030 0.000082 -0.000116 0.000003 -0.000056 -0.000063 0.000015 0.000006 -0.000018 0.000044 0.092390 -0.000022 -0.000009 -0.002593 -0.000000 -0.300194 0.052570 0.000009 0.007567 0.191218 -0.000035
-0.605876 0.000000 0.000025 0.000026 -0.000002 -0.000045 0.000032 -0.000008 -0.000622 0.159300 0.250978 -0.002338 -0.000120 -0.000099 -0.000088 0.000056 0.000022 -0.000011 0.000054 0.170397 -0.000032 -0.000009 0.068844 0.000054 0.000120 -0.001882 0.060671 0.000007 0.000050 0.000086 -0.000026 0.000146 -0.000029 0.000013 0.000043 -0.000001 0.000079 0.063640 0.000071 0.000087 -0.002498 -0.000074 -0.437711 0.042746 0.000033 0.007407 0.215692 -0.000022
-0.493549 -0.000000 0.000021 0.000042 -0.000003 -0.000037 0.000032 -0.000027 -0.000377 0.221974 0.244257 -0.000582 -0.000015 -0.000077 0.000029 -0.000065 0.000025 0.000058 0.000070 0.394836 0.000012 0.000027 0.043971 0.000031 -0.000026 -0.002431 0.038570 -0.000111 -0.000033 0.000034 0.000079 -0.000010 -0.000121 0.000050 -0.000029 -0.000000 0.000074 0.077534 0.000027 0.000086 -0.002904 0.000049 -0.495815 0.025856 -0.000041 0.007108 0.056034 0.000012
-0.455782 -0.000045 -0.000070 0.000041 0.000012 -0.000018 -0.000085 -0.000020 -0.000115 0.105201 0.303725 -0.000000 -0.000039 0.000044 -0.000053 -0.000132 -0.000044 0.000028 0.000071 0.562077 0.000012 -0.000023 0.002338 -0.000022 -0.000071 -0.002221 0.000497 0.000030 0.000066 0.000036 -0.000056 -0.000033 -0.000079 -0.000020 -0.000003 0.000010 0.000039 0.327785 -0.000008 -0.000032 -0.003012 0.000002 -0.446839 -0.000430 0.000023 0.007449 0.298363 0.000086
-0.519654 0.000009 0.000085 0.000027 -0.000013 0.000024 -0.000112 -0.000005 -0.000400 -0.017782 0.122561 0.001480 -0.000082 -0.000011 0.000035 0.000060 0.000028 0.000008 -0.000067 0.346921 -0.000006 0.000061 -0.001924 -0.000003 0.000071 -0.002968 -0.001872 0.000055 0.000026 0.000030 -0.000076 -0.000006 0.000109 0.000024 0.000181 0.000013 0.000022 0.276890 -0.000062 -0.000052 -0.002396 0.000045 -0.361828 -0.001848 0.000022 0.006608 0.337422 -0.000060
-0.492616 0.000065 0.000086 -0.000008 -0.000004 -0.000000 -0.000051 -0.000011 -0.000239 0.059467 0.070693 0.002355 0.000113 0.000004 -0.000032 -0.000128 -0.000041 0.000013 -0.000003 0.496934 -0.000024 -0.000043 -0.002583 -0.000055 0.000032 -0.002712 -0.002475 0.000026 -0.000022 0.000003 -0.000206 -0.000008 0.000028 -0.000097 0.000016 0.000010 0.000019 0.439817 0.000004 -0.000007 -0.002606 0.000030 -0.248201 -0.002380 -0.000025 0.006931 0.389564 0.000048
-0.382758 -0.000022 -0.000022 0.000056 0.000005 0.000053 -0.000034 -0.000041 -0.000224 -0.110972 -0.136825 0.002505 0.000000 -0.000027 -0.000034 -0.000012 -0.000028 -0.000013 0.000084 0.304533 0.000017 -0.000086 -0.000469 -0.000053 -0.000005 -0.003109 -0.000385 -0.000042 0.000017 0.000047 0.000021 0.000012 -0.000027 -0.000088 0.000009 -0.000001 -0.000032 0.283897 -0.000078 -0.000019 -0.002756 0.000055 -0.025518 -0.000637 -0.000056 0.007172 0.317658 0.000042
-0.447742 0.000050 0.000049 -0.000002 0.000000 0.000037 -0.000070 0.000021 -0.000095 -0.171238 -0.102266 0.001900 -0.000116 0.000003 -0.000042 0.000174 0.000034 -0.000019 -0.000070 -0.035991 0.000001 -0.000041 0.041747 0.000056 0.000018 -0.002799 0.032246 -0.000058 -0.000061 -0.000026 -0.000112 -0.000004 0.000063 0.000010 -0.000021 0.000014 0.000067 0.086866 -0.000002 -0.000030 -0.002840 -0.000001 -0.018883 0.019883 0.000074 0.007235 0.321626 -0.000161
-0.297839 -0.000028 0.000031 0.000006 -0.000029 -0.000025 0.000026 0.000009 -0.000252 -0.263966 -0.244874 0.001400 -0.000051 -0.000007 0.000017 0.000222 0.000035 -0.000005 -0.000065 -0.310840 0.000006 0.000146 0.085881 0.000026 -0.000010 -0.002915 0.069967 0.000005 -0.000025 -0.000024 0.000057 -0.000032 0.000084 -0.000005 0.000192 -0.000004 0.000022 0.170736 -0.000063 -0.000136 -0.002914 -0.000055 -0.040923 0.058063 0.000029 0.007311 0.262714 -0.000038
-0.199017 0.000061 0.000020 -0.000007 -0.000006 -0.000055 -0.000027 0.000024 -0.000540 -0.189002 -0.439747 0.001220 -0.000029 -0.000032 -0.000014 0.000032 -0.000014 -0.000036 0.000057 -0.265758 -0.000032 0.000155 0.084192 -0.000041 0.000059 -0.002834 0.077732 0.000029 -0.000003 0.000004 0.000133 -0.000024 -0.000034 -0.000018 0.000049 -0.000001 -0.000081 -0.008385 0.000024 0.000049 -0.003569 -0.000055 -0.108681 0.061799 0.000016 0.007297 0.109701 0.000006
0.199090 0.000013 -0.000077 -0.000002 -0.000005 -0.000048 -0.000034 -0.000009 -0.000549 -0.138275 -0.532818 0.001131 0.000078 -0.000181 -0.000022 -0.000018 0.000005 -0.000013 -0.000213 -0.312615 0.000012 0.000058 0.049242 0.000014 -0.000019 -0.003290 0.039671 0.000025 0.000091 -0.000046 -0.000032 0.000013 -0.000029 0.000014 0.000031 -0.000004 -0.000073 -0.038026 0.000017 0.000016 -0.003171 -0.000065 0.185278 0.036811 -0.000006 0.007266 0.193390 0.000029
0.447555 0.000003 0.000008 -0.000000 -0.000003 0.000005 -0.000062 0.000014 -0.000453 -0.055732 -0.611418 0.000793 0.000120 0.000004 0.000043 -0.000032 -0.000016 0.000012 -0.000091 -0.313084 -0.000022 -0.000101 0.016112 -0.000021 0.000052 -0.002524 0.011988 0.000017 -0.000127 0.000050 -0.000013 -0.000062 0.000078 -0.000021 -0.000021 -0.000001 0.000016 -0.083005 0.000039 0.000019 -0.002699 -0.000056 0.255512 0.008688 0.000044 0.006867 0.283255 -0.000033
0.415547 0.000046 -0.000013 -0.000011 -0.000016 0.000032 0.000102 -0.000022 -0.000518 -0.080471 -0.454322 -0.000000 0.000044 -0.000031 -0.000015 0.000107 0.000061 -0.000039 0.000098 -0.174079 0.000040 -0.000199 0.007730 0.000028 -0.000056 -0.002726 0.005550 -0.000016 0.000028 -0.000023 0.000178 0.000007 0.000081 -0.000011 -0.000000 0.000008 -0.000043 0.029329 -0.000023 -0.000007 -0.003104 -0.000009 0.259876 0.004165 -0.000044 0.007151 0.269863 -0.000025
0.453196 -0.000066 -0.000031 -0.000052 0.000003 -0.000015 0.000085 -0.000001 -0.000071 -0.309963 -0.509906 -0.001866 -0.000007 0.000021 -0.000030 -0.000027 -0.000002 0.000028 -0.000006 -0.213010 0.000018 0.000145 0.034184 0.000028 0.000008 -0.001534 0.028535 -0.000007 0.000062 0.000026 0.000106 0.000098 0.000002 -0.000040 0.000152 -0.000004 0.000015 0.059355 -0.000023 0.000048 -0.004520 -0.000002 0.053156 0.024192 -0.000005 0.006703 0.332289 -0.000050
0.263681 0.000009 -0.000005 -0.000015 0.000007 -0.000009 -0.000024 -0.000024 -0.000028 -0.512582 -0.425447 -0.004104 0.000120 -0.000025 -0.000071 0.000050 -0.000016 0.000002 -0.000004 -0.067610 0.000002 0.000027 0.083886 -0.000015 -0.000042 -0.002111 0.082371 0.000069 -0.000048 0.000071 -0.000048 -0.000017 0.000089 0.000021 -0.000104 -0.000006 0.000025 0.126673 0.000064 0.000013 -0.004512 0.000023 -0.134021 0.074163 -0.000044 0.007069 0.198929 -0.000013
0.421203 0.000014 0.000062 -0.000010 0.000004 -0.000016 -0.000051 0.000015 -0.000299 -0.744024 -0.493361 -0.004267 0.000111 0.000082 -0.000120 0.000011 -0.000044 -0.000004 0.000064 0.029962 -0.000077 0.000040 0.108713 0.000022 -0.000032 -0.001816 0.102904 -0.000057 0.000061 0.000055 0.000038 -0.000032 0.000055 0.000049 0.000011 -0.000002 -0.000008 0.277586 0.000064 0.000006 -0.004963 0.000094 -0.189588 0.096230 0.000050 0.007151 0.116625 0.000015
0.388723 -0.000014 -0.000012 -0.000044 0.000017 0.000012 -0.000010 0.000004 -0.000475 -0.849638 -0.484972 -0.004344 0.000263 0.000016 0.000080 -0.000001 0.000049 0.000006 -0.000042 0.004034 0.000048 0.000060 0.130306 0.000002 0.000030 -0.002122 0.131848 0.000004 -0.000020 -0.000035 -0.000021 -0.000013 0.000044 -0.000013 0.000056 0.000010 -0.000010 0.306524 -0.000007 -0.000055 -0.004424 -0.000126 -0.192193 0.117160 0.000033 0.006608 0.082290 -0.000033
0.260131 -0.000010 0.000094 -0.000016 0.000012 0.000066 0.000060 -0.000018 -0.000222 -0.779432 -0.274983 -0.004042 0.000039 -0.000004 -0.000026 0.000039 -0.000069 -0.000012 0.000034 0.247085 0.000048 -0.000031 0.116784 -0.000055 -0.000004 -0.002196 0.118387 -0.000039 -0.000067 0.000011 0.000009 -0.000021 -0.000060 0.000044 0.000074 -0.000005 -0.000074 0.273201 0.000010 -0.000024 -0.004318 -0.000020 -0.241867 0.095500 0.000046 0.006835 -0.023126 -0.000016
0.467733 0.000015 0.000074 0.000028 -0.000003 0.000028 -0.000055 -0.000007 -0.000012 -0.470117 -0.260103 -0.003317 -0.000009 0.000145 -0.000046 0.000056 -0.000104 0.000004 -0.000081 0.258136 -0.000032 0.000031 0.094453 0.000001 -0.000033 -0.002645 0.095405 0.000037 0.000001 -0.000023 0.000042 0.000029 0.000087 0.000020 0.000024 0.000010 0.000055 0.231922 -0.000029 0.000071 -0.003975 -0.000011 -0.101692 0.075733 -0.000021 0.006430 -0.157502 -0.000026
0.480734 0.000013 0.000002 -0.000029 0.000001 -0.000026 0.000081 0.000013 -0.000443 -0.354930 -0.037018 -0.002274 0.000067 0.000054 0.000027 0.000013 0.000039 0.000022 0.000035 0.177489 0.000016 0.000059 0.049353 0.000019 0.000063 -0.003424 0.042040 0.000083 0.000141 -0.000077 -0.000023 -0.000014 0.000004 0.000011 -0.000036 0.000022 0.000025 0.086727 -0.000036 0.000080 -0.004673 -0.000001 -0.059699 0.040602 0.000007 0.006431 -0.086854 -0.000048
0.612790 0.000011 -0.000021 -0.000006 -0.000002 0.000054 0.000106 -0.000012 -0.000026 -0.220593 0.216126 -0.001820 -0.000080 0.000086 0.000010 -0.000064 -0.000048 0.000009 0.000030 0.098598 0.000016 -0.000030 0.029460 -0.000010 0.000083 -0.002614 0.031588 0.000063 -0.000054 -0.000014 0.000032 -0.000051 0.000027 -0.000038 -0.000023 -0.000004 0.000026 0.001101 0.000019 -0.000053 -0.003961 -0.000018 -0.168760 0.020318 0.000002 0.006378 -0.197168 -0.000049
0.405404 0.000029 -0.000009 0.000053 0.000004 0.000003 0.000037 -0.000014 -0.000028 -0.123510 0.287818 -0.002230 -0.000115 0.000231 0.000008 0.000022 0.000010 -0.000033 -0.000085 -0.097715 0.000120 0.000090 0.057592 0.000031 -0.000003 -0.001374 0.050558 0.000045 0.000095 0.000053 0.000012 0.000048 -0.000023 0.000035 0.000043 -0.000005 -0.000072 -0.025191 -0.000096 0.000082 -0.004160 -0.000110 -0.218378 0.045133 0.000002 0.006132 -0.139267 0.000011
0.369713 0.000015 -0.000066 -0.000000 -0.000019 0.000013 0.000088 0.000000 -0.000015 0.073361 0.235391 -0.002148 0.000005 -0.000049 0.000000 0.000023 -0.000075 0.000025 0.000046 -0.156432 0.000033 -0.000023 0.097837 0.000060 0.000071 -0.001384 0.087619 -0.000050 -0.000117 -0.000048 -0.000028 -0.000020 -0.000051 0.000068 0.000056 0.000001 0.000050 -0.157819 0.000058 0.000019 -0.004462 -0.000106 -0.295306 0.079742 -0.000045 0.006917 -0.305234 0.000049
0.359870 0.000040 0.000132 0.000005 0.000007 0.000022 -0.000005 0.000022 -0.000184 0.101156 0.237682 -0.002185 0.000084 -0.000066 -0.000036 -0.000100 0.000049 -0.000007 0.000026 -0.216706 0.000018 0.000023 0.125912 0.000020 -0.000037 -0.001155 0.121693 0.000047 0.000067 0.000052 0.000038 -0.000069 0.000083 0.000014 -0.000025 0.000000 0.000019 -0.163690 -0.000018 0.000074 -0.004422 -0.000074 -0.122261 0.103289 -0.000025 0.006840 -0.334223 0.000025
0.108041 0.000018 -0.000097 -0.000054 0.000003 -0.000009 0.000144 -0.000009 -0.000315 0.216565 0.469678 -0.001628 0.000025 -0.000007 0.000040 -0.000022 -0.000093 -0.000001 0.000006 -0.102138 0.000007 -0.000061 0.138709 0.000030 0.000006 -0.001708 0.120980 0.000138 0.000052 0.000050 0.000032 0.000065 -0.000017 0.000045 0.000166 -0.000002 0.000086 -0.024670 0.000033 -0.000035 -0.004131 -0.000001 -0.180169 0.123133 0.000001 0.007286 -0.324047 0.000096
0.139026 -0.000020 0.000059 -0.000008 0.000007 0.000041 0.000034 -0.000002 -0.000454 0.392965 0.430193 -0.000228 0.000031 0.000022 -0.000025 -0.000073 -0.000080 0.000006 0.000076 -0.171259 -0.000022 -0.000107 0.110213 0.000016 -0.000063 -0.002975 0.089647 0.000069 -0.000023 0.000040 0.000107 0.000003 -0.000118 -0.000012 -0.000036 -0.000003 -0.000012 -0.006197 0.000018 -0.000149 -0.003899 0.000085 -0.291373 0.086916 -0.000022 0.006971 -0.326285 0.000048
-0.047217 0.000057 0.000046 -0.000014 -0.000001 -0.000011 -0.000091 -0.000012 -0.000344 0.477115 0.579906 -0.000577 -0.000044 0.000221 -0.000011 0.000033 -0.000002 0.000008 -0.000117 -0.109879 -0.000025 0.000065 0.120858 0.000065 0.000025 -0.003033 0.101648 0.000140 0.000076 0.000006 0.000056 -0.000049 0.000078 -0.000037 0.000148 -0.000023 -0.000019 0.036086 -0.000033 -0.000031 -0.003409 -0.000069 -0.088427 0.088976 -0.000074 0.007167 -0.232853 0.000181
-0.151104 -0.000017 0.000029 -0.000027 0.000023 0.000006 0.000070 0.000013 -0.000241 0.618586 0.665100 -0.000731 -0.000111 -0.000044 -0.000027 0.000106 0.000067 -0.000021 -0.000103 -0.247084 -0.000007 0.000031 0.073879 -0.000010 0.000056 -0.003216 0.055307 -0.000043 -0.000026 -0.000019 0.000054 0.000179 0.000115 0.000028 0.000178 -0.000010 -0.000045 0.115663 -0.000038 -0.000020 -0.002793 0.000095 0.211626 0.052293 -0.000044 0.007110 -0.166432 0.000049
-0.288712 0.000049 0.000052 0.000009 -0.000011 -0.000010 -0.000071 0.000021 -0.000458 0.535563 0.563962 -0.001650 0.000258 -0.000102 -0.000006 -0.000104 0.000019 0.000014 -0.000148 -0.061403 0.000007 0.000012 0.065320 0.000009 -0.000038 -0.003189 0.051031 0.000051 -0.000043 -0.000023 0.000106 -0.000007 -0.000085 -0.000024 0.000167 -0.000009 0.000043 -0.064038 -0.000030 0.000067 -0.002628 -0.000043 0.372138 0.052779 0.000031 0.006543 -0.129378 -0.000002
-0.566027 0.000012 0.000048 0.000012 0.000031 0.000002 0.000104 -0.000023 -0.000374 0.680587 0.668626 -0.002794 -0.000021 0.000062 -0.000036 -0.000172 -0.000103 -0.000038 0.000082 -0.136823 0.000012 -0.000221 0.062228 -0.000043 0.000025 -0.003231 0.060973 -0.000157 -0.000052 -0.000026 0.000042 -0.000008 0.000013 -0.000005 0.000032 -0.000001 0.000054 -0.002703 -0.000006 -0.000029 -0.003241 -0.000079 0.317250 0.047865 -0.000085 0.007286 -0.192806 0.000030
-0.674700 -0.000000 0.000052 -0.000015 -0.000020 0.000021 0.000013 -0.000034 -0.000338 0.787773 0.538491 -0.003815 0.000004 0.000051 -0.000060 -0.000017 -0.000102 -0.000013 -0.000154 -0.159832 0.000040 -0.000101 0.101059 -0.000002 -0.000019 -0.003269 0.097282 0.000077 0.000039 -0.000026 -0.000083 0.000036 -0.000033 0.000026 0.000204 -0.000002 0.000041 -0.142432 -0.000047 0.000061 -0.003636 -0.000033 0.269301 0.081025 0.000042 0.006715 -0.141184 -0.000065
-0.500299 0.000026 -0.000064 0.000004 -0.000010 0.000028 -0.000059 -0.000007 -0.000389 0.637089 0.473235 -0.004385 0.000016 -0.000079 0.000029 0.000100 -0.000033 -0.000015 -0.000160 -0.192690 -0.000060 -0.000026 0.129969 -0.000037 0.000019 -0.002530 0.120579 0.000041 -0.000053 0.000047 -0.000028 0.000034 0.000031 0.000004 0.000040 0.000001 0.000054 -0.320263 0.000037 -0.000035 -0.004979 -0.000061 0.259482 0.111704 0.000109 0.007243 -0.076091 -0.000020
-0.374276 0.000033 -0.000050 -0.000031 0.000012 -0.000010 0.000178 -0.000018 -0.000188 0.509713 0.305776 -0.004145 -0.000041 -0.000049 0.000052 -0.000054 -0.000039 0.000034 0.000071 -0.279649 0.000048 -0.000074 0.127805 -0.000060 0.000055 -0.002640 0.109682 -0.000040 0.000039 0.000028 0.000026 0.000014 0.000045 -0.000069 -0.000072 -0.000004 -0.000056 -0.467840 0.000019 0.000035 -0.005802 0.000074 0.178666 0.098089 0.000110 0.007483 -0.016196 -0.000005
-0.243280 -0.000018 -0.000068 -0.000033 -0.000008 -0.000016 -0.000072 0.000042 -0.000362 0.387502 0.131990 -0.003050 -0.000064 -0.000001 -0.000003 -0.000042 -0.000001 0.000004 -0.000055 -0.221586 -0.000082 0.000107 0.129667 0.000037 -0.000037 -0.001984 0.120578 0.000066 0.000003 -0.000037 0.000102 -0.000033 0.000076 0.000011 -0.000029 -0.000008 0.000020 -0.602283 0.000018 -0.000045 -0.005867 0.000039 0.203249 0.112729 0.000041 0.007539 -0.195035 -0.000042
0.047241 -0.000062 -0.000019 0.000025 0.000004 0.000014 -0.000064 -0.000030 -0.000007 0.333793 0.124131 -0.002091 0.000072 0.000035 -0.000019 0.000087 0.000024 0.000021 -0.000009 -0.068915 -0.000104 -0.000012 0.123210 0.000025 -0.000055 -0.001717 0.104778 -0.000005 0.000057 -0.000014 0.000017 -0.000013 -0.000027 0.000010 -0.000086 -0.000010 -0.000044 -0.681876 0.000047 0.000023 -0.006169 -0.000005 0.220332 0.109535 0.000145 0.007261 -0.258944 -0.000027
0.178168 0.000034 -0.000087 -0.000032 -0.000008 -0.000035 0.000102 -0.000029 0.000061 0.256585 -0.006156 -0.001718 0.000036 0.000111 -0.000029 0.000098 0.000028 -0.000019 -0.000201 -0.014507 0.000019 0.000012 0.107849 -0.000036 -0.000025 -0.002012 0.110530 -0.000074 -0.000033 -0.000108 0.000055 0.000046 0.000096 -0.000016 -0.000007 0.000004 0.000019 -0.673269 -0.000033 -0.000076 -0.006899 0.000044 0.261528 0.087301 0.000056 0.007273 -0.139715 0.000025
0.354590 -0.000031 0.000068 0.000028 0.000010 0.000010 -0.000023 0.000017 -0.000182 0.391816 -0.068753 -0.001997 -0.000033 0.000052 0.000045 0.000173 0.000047 0.000010 -0.000065 0.003675 -0.000054 0.000012 0.098760 -0.000032 0.000008 -0.001310 0.080152 0.000004 0.000040 -0.000004 0.000070 -0.000088 -0.000064 0.000026 0.000104 0.000008 0.000012 -0.391207 0.000001 0.000124 -0.005883 0.000063 0.434676 0.080168 0.000072 0.007316 -0.261861 -0.000063
0.345700 -0.000066 0.000036 -0.000030 0.000005 -0.000013 0.000010 -0.000009 0.000004 0.207853 -0.300138 -0.002228 -0.000036 0.000014 -0.000017 0.000071 0.000024 0.000008 0.000010 0.044798 0.000011 0.000092 0.081395 -0.000046 -0.000034 -0.001331 0.068337 -0.000040 0.000067 -0.000017 -0.000032 -0.000069 -0.000004 -0.000089 0.000085 -0.000007 -0.000034 -0.126848 0.000022 0.000023 -0.005368 -0.000001 0.461113 0.059828 0.000161 0.007546 -0.279554 0.000018
0.237197 0.000056 -0.000004 -0.000029 0.000019 0.000028 -0.000013 -0.000013 -0.000469 0.144793 -0.441991 -0.001789 0.000097 0.000101 -0.000042 -0.000022 0.000001 -0.000082 -0.000051 0.215646 0.000015 0.000023 0.069816 -0.000006 -0.000020 -0.001331 0.059996 0.000006 -0.000006 -0.000025 -0.000055 -0.000055 0.000076 -0.000027 0.000001 -0.000001 -0.000052 -0.084899 -0.000036 -0.000047 -0.005025 -0.000037 0.214267 0.065819 0.000026 0.006555 -0.226299 0.000081
0.210122 0.000033 -0.000086 -0.000002 -0.000004 0.000049 -0.000021 0.000008 -0.000330 0.095865 -0.356088 -0.000836 -0.000054 0.000161 -0.000071 0.000098 0.000028 -0.000028 0.000033 0.146983 -0.000054 -0.000201 0.078710 -0.000075 -0.000037 -0.001572 0.065313 -0.000030 -0.000104 0.000041 -0.000032 0.000099 -0.000034 -0.000018 0.000036 0.000003 0.000037 -0.162083 -0.000037 0.000079 -0.005079 -0.000039 0.181070 0.065294 0.000022 0.006677 -0.205432 -0.000053
0.216412 0.000040 -0.000034 0.000000 -0.000001 -0.000021 0.000013 -0.000007 -0.000106 -0.078589 -0.523782 -0.000000 -0.000076 0.000173 -0.000050 0.000053 0.000022 0.000006 0.000085 0.404771 -0.000017 0.000026 0.080630 -0.000055 0.000043 -0.001705 0.068555 0.000073 0.000077 0.000165 0.000048 0.000002 -0.000022 -0.000011 -0.000068 0.000005 -0.000021 -0.217600 -0.000019 0.000059 -0.005133 -0.000027 0.034551 0.060343 0.000005 0.006478 -0.405752 -0.000092
0.125759 -0.000032 0.000001 0.000054 -0.000002 -0.000068 -0.000050 0.000013 -0.000296 -0.034643 -0.444628 0.000000 -0.000009 0.000121 0.000151 -0.000018 -0.000005 -0.000002 -0.000037 0.517087 -0.000017 -0.000028 0.077104 -0.000030 -0.000009 -0.001872 0.064381 0.000111 -0.000121 0.000034 -0.000083 0.000067 -0.000057 -0.000011 -0.000063 0.000009 0.000052 -0.252392 -0.000009 -0.000040 -0.004949 -0.000001 0.061962 0.072867 0.000025 0.006600 -0.439756 -0.000016
0.074163 -0.000019 -0.000115 0.000055 -0.000006 0.000007 0.000001 0.000012 -0.000182 -0.099168 -0.426483 -0.000000 -0.000014 -0.000044 0.000009 -0.000045 -0.000015 0.000008 0.000017 0.545864 -0.000035 -0.000036 0.075469 0.000092 -0.000122 -0.001850 0.072636 -0.000033 0.000053 0.000161 0.000045 -0.000037 0.000101 -0.000011 -0.000070 -0.000026 -0.000157 -0.242047 -0.000014 -0.000036 -0.004366 -0.000031 -0.070212 0.053594 -0.000097 0.006522 -0.342649 -0.000035
0.324636 -0.000031 -0.000006 -0.000013 -0.000003 0.000015 0.000036 -0.000008 -0.000422 -0.046988 -0.426316 -0.000070 -0.000150 0.000073 -0.000036 -0.000074 0.000021 -0.000014 -0.000090 0.686491 0.000026 -0.000224 0.061870 0.000029 -0.000057 -0.000838 0.054478 -0.000017 0.000054 0.000022 0.000063 -0.000006 0.000062 0.000010 0.000090 0.000007 0.000038 -0.181933 0.000022 -0.000020 -0.004566 0.000009 -0.175765 0.054662 -0.000066 0.006504 -0.362528 -0.000071
0.331582 0.000020 -0.000118 -0.000002 -0.000006 0.000010 0.000053 -0.000043 -0.000193 -0.046264 -0.276799 -0.001041 -0.000033 -0.000067 -0.000022 0.000069 -0.000057 0.000014 -0.000119 0.698554 0.000078 0.000010 0.060426 0.000052 -0.000075 -0.001069 0.066177 -0.000043 -0.000072 -0.000032 -0.000049 -0.000083 0.000019 -0.000008 -0.000055 -0.000004 -0.000056 -0.231864 -0.000037 -0.000069 -0.004246 0.000011 -0.397983 0.049568 0.000021 0.006403 -0.115550 -0.000015
0.403283 0.000047 -0.000034 0.000021 -0.000010 0.000005 -0.000078 -0.000003 -0.000275 0.072232 -0.225414 -0.003045 0.000115 0.000077 -0.000019 0.000075 0.000021 -0.000000 -0.000069 0.494198 0.000019 -0.000021 0.072127 0.000007 -0.000018 -0.000793 0.060996 0.000090 0.000029 -0.000037 0.000081 0.000030 0.000041 -0.000015 0.000055 -0.000002 -0.000027 -0.175722 0.000016 0.000020 -0.004868 -0.000011 -0.405467 0.048355 0.000045 0.007638 -0.117746 -0.000031
0.406949 -0.000034 0.000074 -0.000026 -0.000001 -0.000024 -0.000016 -0.000005 -0.000108 0.010491 -0.349963 -0.004467 0.000118 0.000040 0.000044 0.000047 -0.000089 -0.000007 -0.000140 0.538785 0.000019 0.000035 0.074898 0.000005 0.000036 -0.001200 0.072827 0.000093 -0.000036 0.000011 0.000032 -0.000037 -0.000035 -0.000006 -0.000034 0.000001 0.000038 -0.087524 0.000003 0.000028 -0.005295 0.000001 -0.466094 0.069571 0.000006 0.006946 -0.172555 0.000092
0.130750 -0.000017 0.000085 -0.000016 -0.000008 -0.000015 0.000057 0.000010 -0.000254 0.034822 -0.390492 -0.005101 -0.000039 0.000049 -0.000047 -0.000033 -0.000099 -0.000006 0.000086 0.528332 -0.000020 -0.000029 0.091754 -0.000009 -0.000051 -0.002226 0.097420 -0.000077 -0.000050 -0.000024 -0.000065 -0.000009 0.000081 -0.000027 0.000083 0.000003 -0.000130 0.106813 -0.000035 -0.000080 -0.005288 -0.000044 -0.583800 0.084021 0.000046 0.007915 -0.178420 0.000047
0.128246 0.000032 0.000096 0.000003 0.000016 0.000029 0.000138 -0.000026 -0.000350 -0.067292 -0.157959 -0.004225 0.000027 -0.000030 0.000034 -0.000074 0.000046 -0.000021 0.000147 0.506991 -0.000033 -0.000020 0.075556 0.000017 -0.000037 -0.002277 0.076001 -0.000034 -0.000144 0.000088 0.000062 0.000020 -0.000000 0.000010 0.000028 -0.000004 -0.000018 0.219568 -0.000021 -0.000063 -0.005594 -0.000025 -0.478241 0.053567 -0.000040 0.007701 0.009454 0.000018
0.107941 0.000122 -0.000081 0.000014 -0.000007 0.000017 0.000045 0.000008 -0.000390 -0.118768 -0.032289 -0.002587 -0.000028 -0.000175 -0.000126 0.000099 -0.000069 0.000056 0.000143 0.357295 -0.000019 0.000060 0.076238 -0.000007 -0.000042 -0.002058 0.056696 -0.000104 -0.000124 0.000075 -0.000092 0.000101 0.000145 -0.000003 0.000036 0.000004 -0.000024 0.214925 0.000022 -0.000005 -0.005981 0.000066 -0.370040 0.066642 0.000035 0.008145 0.142869 -0.000021
0.141808 -0.000003 -0.000068 -0.000030 -0.000026 0.000030 0.000057 -0.000007 -0.000255 -0.042016 0.000846 -0.000933 0.000018 0.000007 0.000084 0.000022 -0.000095 -0.000013 0.000027 0.205094 -0.000037 -0.000014 0.070531 0.000007 0.000033 -0.001942 0.056108 -0.000032 -0.000044 0.000023 -0.000006 -0.000080 -0.000053 -0.000027 0.000079 -0.000011 0.000022 0.389841 0.000047 0.000059 -0.006457 0.000028 -0.507208 0.054672 0.000043 0.008039 0.003961 -0.000068
0.000918 -0.000061 -0.000030 0.000011 0.000032 0.000041 -0.000017 -0.000016 -0.000365 -0.210989 0.353117 -0.000244 0.000071 0.000119 0.000037 0.000068 -0.000031 0.000021 -0.000041 -0.090078 -0.000016 -0.000055 0.094049 0.000071 0.000051 -0.001466 0.076355 -0.000024 0.000103 -0.000061 0.000032 0.000060 0.000058 -0.000013 0.000269 -0.000009 -0.000057 0.227754 0.000032 -0.000020 -0.006716 0.000047 -0.519250 0.071475 0.000066 0.008055 0.051864 -0.000050
-0.140137 0.000108 -0.000016 -0.000025 0.000013 0.000002 0.000011 -0.000008 -0.000014 -0.174928 0.386718 0.000000 0.000158 0.000133 -0.000033 0.000017 0.000097 0.000013 -0.000104 -0.090132 -0.000018 0.000060 0.096475 -0.000003 -0.000030 -0.000491 0.086102 0.000023 -0.000022 0.000074 -0.000031 0.000071 0.000011 -0.000027 -0.000032 0.000012 0.000058 0.360893 -0.000026 0.000062 -0.006197 -0.000030 -0.461532 0.071028 0.000049 0.007219 0.026791 -0.000008
-0.083566 0.000032 -0.000120 -0.000006 0.000000 -0.000031 0.000017 0.000014 -0.000343 -0.057956 0.535378 0.000000 0.000015 0.000002 0.000003 -0.000023 0.000036 0.000014 0.000052 -0.140380 -0.000014 -0.000085 0.069146 -0.000013 0.000008 -0.000916 0.056558 -0.000019 0.000051 -0.000020 0.000055 0.000042 -0.000033 0.000064 0.000009 0.000013 -0.000024 0.558043 0.000014 0.000022 -0.005410 -0.000000 -0.373400 0.056718 -0.000038 0.007604 0.075552 0.000006
-0.145262 0.000020 0.000060 0.000002 0.000011 -0.000000 -0.000010 0.000002 -0.000062 0.149736 0.467145 0.000000 -0.000075 0.000075 0.000000 -0.000071 0.000002 0.000020 -0.000131 -0.254149 -0.000019 -0.000028 0.036860 -0.000022 0.000025 -0.001397 0.031779 -0.000047 0.000021 0.000015 -0.000055 0.000072 -0.000085 0.000029 -0.000037 0.000003 -0.000057 0.582443 -0.000014 0.000003 -0.005964 0.000117 -0.350090 0.023460 0.000083 0.007254 -0.019887 0.000048
-0.305582 -0.000018 0.000123 0.000012 -0.000012 -0.000043 -0.000047 -0.000014 -0.000409 0.272449 0.584921 0.000000 0.000101 -0.000010 -0.000136 -0.000119 -0.000049 -0.000009 -0.000012 -0.289529 -0.000054 0.000105 0.018707 -0.000009 -0.000009 -0.001156 0.019256 -0.000052 0.000002 -0.000018 -0.000026 0.000006 0.000002 -0.000015 0.000025 0.000011 0.000015 0.558090 -0.000001 -0.000015 -0.005369 -0.000058 -0.184127 0.015325 -0.000015 0.007237 -0.094989 0.000081
-0.477158 0.000107 0.000134 0.000020 0.000015 0.000008 -0.000033 -0.000002 -0.000493 0.102205 0.478885 -0.000365 -0.000112 -0.000097 -0.000067 0.000101 0.000028 -0.000013 0.000006 -0.625144 0.000045 -0.000091 0.026316 -0.000014 -0.000007 -0.001855 0.012796 -0.000058 -0.000033 0.000008 0.000061 0.000083 0.000035 -0.000019 0.000052 0.000007 0.000016 0.482230 0.000006 0.000011 -0.005432 -0.000023 -0.167682 0.011983 -0.000057 0.006995 0.009445 0.000047
-0.527646 0.000006 0.000126 -0.000075 -0.000004 0.000020 0.000161 -0.000028 -0.000432 0.093547 0.271899 -0.002434 -0.000088 -0.000082 0.000139 0.000061 0.000008 -0.000003 -0.000054 -0.705545 0.000019 0.000091 0.056676 -0.000003 -0.000037 -0.001770 0.045766 0.000119 -0.000077 -0.000079 0.000008 -0.000019 -0.000057 -0.000028 0.000193 -0.000001 -0.000003 0.244056 0.000022 0.000014 -0.005553 0.000037 0.134541 0.039618 -0.000030 0.006241 0.066449 -0.000010
-0.440682 -0.000012 -0.000037 0.000027 0.000017 0.000072 -0.000114 -0.000002 -0.000515 -0.041222 0.198150 -0.003122 0.000044 0.000026 -0.000012 -0.000030 -0.000069 0.000021 -0.000053 -0.729053 0.000016 0.000046 0.073809 -0.000017 0.000025 -0.001073 0.073628 -0.000006 0.000058 -0.000024 -0.000031 -0.000073 -0.000056 -0.000096 -0.000009 0.000014 0.000048 0.206052 0.000000 0.000021 -0.006406 -0.000002 0.094097 0.054973 -0.000019 0.006260 0.248785 0.000047
-0.315276 0.000032 -0.000061 0.000017 0.000014 0.000011 0.000102 -0.000011 -0.000527 -0.058051 0.270124 -0.003018 0.000000 0.000024 -0.000121 -0.000045 -0.000063 0.000012 -0.000077 -0.906685 -0.000054 -0.000123 0.061228 -0.000006 -0.000016 -0.001369 0.053832 0.000041 0.000092 -0.000024 0.000138 0.000031 -0.000085 -0.000018 0.000005 0.000002 0.000015 0.218754 0.000091 0.000066 -0.005906 0.000013 0.225803 0.045830 -0.000044 0.005289 0.211535 -0.000003
-0.154787 0.000016 0.000016 -0.000045 -0.000009 -0.000039 -0.000109 -0.000006 -0.000379 -0.005203 0.396070 -0.001730 0.000002 -0.000025 -0.000023 -0.000091 -0.000036 -0.000029 0.000004 -0.767326 0.000032 0.000019 0.030636 0.000014 0.000055 -0.001645 0.025325 0.000041 0.000008 0.000049 -0.000029 0.000003 0.000074 0.000021 -0.000025 -0.000017 -0.000016 0.228874 0.000038 0.000025 -0.005300 -0.000070 0.275802 0.027295 0.000065 0.005920 0.411351 0.000082
0.145721 0.000027 -0.000038 0.000070 -0.000023 -0.000031 0.000039 -0.000010 -0.000372 -0.002121 0.393869 -0.000227 0.000006 0.000009 0.000045 0.000036 -0.000019 -0.000024 0.000031 -0.783981 0.000020 -0.000064 0.000805 0.000019 -0.000071 -0.000674 0.000627 0.000058 0.000036 0.000037 -0.000038 -0.000106 -0.000003 -0.000039 -0.000058 -0.000000 0.000023 0.255522 -0.000037 -0.000039 -0.005564 -0.000001 0.442830 0.000418 0.000025 0.006790 0.621360 0.000061
0.095899 -0.000053 0.000061 -0.000019 -0.000003 0.000026 0.000064 0.000005 -0.000261 -0.126674 0.384022 -0.000000 0.000004 -0.000071 -0.000020 -0.000014 0.000024 -0.000022 -0.000065 -0.539779 -0.000012 0.000026 0.000094 0.000042 0.000019 -0.000461 -0.000023 0.000038 -0.000138 0.000018 -0.000029 -0.000046 0.000010 0.000004 0.000033 0.000002 -0.000052 0.194999 -0.000034 -0.000053 -0.005843 0.000001 0.280892 -0.000144 0.000006 0.006498 0.545188 -0.000048
-0.085082 -0.000035 0.000073 0.000036 -0.000012 -0.000022 0.000036 -0.000010 -0.000465 -0.070542 0.317055 0.000443 0.000046 0.000009 0.000147 0.000042 0.000076 -0.000030 -0.000205 -0.520751 0.000079 0.000023 0.023356 0.000071 -0.000014 -0.000131 0.025520 -0.000076 -0.000038 0.000010 -0.000106 -0.000189 0.000066 -0.000009 0.000077 0.000004 -0.000045 0.071769 -0.000004 -0.000045 -0.006419 0.000003 0.327385 0.022202 -0.000080 0.006860 0.532993 0.000051
-0.101902 0.000007 -0.000031 0.000030 0.000007 -0.000010 -0.000029 -0.000010 -0.000497 -0.239841 0.162697 0.001068 -0.000096 0.000008 -0.000188 0.000005 -0.000015 -0.000044 0.000058 -0.404875 -0.000019 0.000050 0.058450 0.000107 0.000074 -0.000417 0.049998 0.000015 -0.000103 -0.000022 0.000067 -0.000028 0.000005 0.000013 -0.000007 -0.000004 -0.000002 -0.040403 -0.000021 0.000028 -0.006369 -0.000010 0.269207 0.041197 0.000053 0.005829 0.382859 0.000047
-0.029158 -0.000023 -0.000026 -0.000009 0.000002 0.000006 0.000056 0.000001 -0.000492 -0.168771 -0.043982 0.001001 -0.000027 0.000075 0.000026 -0.000031 -0.000007 -0.000014 0.000051 -0.175202 -0.000014 -0.000031 0.074269 -0.000017 -0.000013 -0.000653 0.072721 0.000021 -0.000115 0.000032 -0.000054 0.000033 -0.000057 -0.000026 0.000159 -0.000014 -0.000044 -0.262194 -0.000020 0.000042 -0.006638 0.000113 0.234123 0.052217 0.000043 0.007098 0.188116 -0.000015
-0.131056 -0.000069 0.000015 0.000043 0.000014 -0.000005 0.000027 0.000025 -0.000472 -0.096087 -0.155098 0.000420 0.000041 0.000033 -0.000113 0.000028 -0.000043 0.000017 -0.000118 -0.063210 0.000046 0.000006 0.087453 0.000007 -0.000138 -0.000694 0.080392 0.000154 -0.000038 0.000182 -0.000037 0.000133 -0.000013 -0.000044 0.000024 0.000009 0.000031 -0.438659 -0.000002 0.000020 -0.006624 0.000064 0.218122 0.064815 -0.000004 0.007576 0.016697 0.000050
0.030775 -0.000019 0.000020 0.000041 -0.000009 0.000008 0.000137 -0.000003 -0.000160 0.177251 -0.040507 0.000168 -0.000127 -0.000100 -0.000023 0.000118 -0.000095 0.000026 0.000043 -0.070399 -0.000019 0.000061 0.061370 -0.000027 -0.000072 -0.000827 0.056498 0.000031 0.000028 0.000022 -0.000054 -0.000015 0.000034 -0.000022 -0.000039 0.000010 -0.000010 -0.458394 -0.000020 0.000000 -0.005622 -0.000014 -0.000699 0.041819 0.000001 0.007672 0.094564 0.000027
0.052223 0.000063 -0.000027 0.000001 -0.000013 -0.000017 -0.000004 0.000013 -0.000405 0.275356 -0.069284 -0.000000 0.000020 0.000046 -0.000117 0.000258 -0.000059 0.000024 0.000138 -0.013983 0.000017 -0.000042 0.041224 -0.000009 -0.000063 -0.000968 0.046446 0.000030 0.000003 0.000049 0.000058 -0.000009 -0.000072 -0.000025 0.000233 0.000002 0.000037 -0.533346 -0.000022 -0.000019 -0.005783 -0.000085 0.001899 0.027693 0.000021 0.007508 0.052661 -0.000011
0.293042 0.000046 0.000054 -0.000019 -0.000001 -0.000022 -0.000000 0.000004 -0.000104 0.136932 -0.113678 0.000000 0.000155 -0.000002 -0.000011 0.000098 0.000048 0.000014 0.000099 0.063862 0.000039 -0.000031 0.010264 0.000018 -0.000018 -0.001053 0.007935 0.000130 -0.000056 0.000034 -0.000029 0.000001 0.000043 0.000006 0.000043 0.000007 -0.000016 -0.272845 0.000013 -0.000021 -0.005374 0.000010 0.120566 0.006157 -0.000024 0.007000 0.203586 0.000093
0.357926 -0.000030 -0.000088 0.000005 0.000005 0.000015 -0.000080 -0.000002 -0.000538 0.192280 -0.050937 -0.001321 0.000063 -0.000006 -0.000015 0.000039 -0.000059 -0.000005 0.000133 -0.025789 -0.000003 0.000029 0.024622 0.000005 0.000022 -0.000723 0.016621 -0.000004 -0.000062 0.000160 -0.000038 -0.000001 -0.000001 -0.000041 -0.000065 -0.000015 -0.000020 -0.347898 -0.000034 0.000015 -0.005015 0.000013 0.057477 0.013585 0.000022 0.007543 0.141526 0.000018
0.368003 -0.000017 -0.000036 -0.000030 0.000003 -0.000006 0.000039 0.000017 -0.000171 0.089311 -0.282066 -0.003424 -0.000092 -0.000002 -0.000135 -0.000101 -0.000049 -0.000026 -0.000075 -0.048602 0.000055 0.000060 0.074110 -0.000032 0.000009 -0.000911 0.070064 -0.000125 0.000027 0.000048 0.000004 0.000064 0.000023 -0.000037 0.000249 -0.000009 -0.000006 -0.362979 0.000036 0.000024 -0.004846 -0.000032 -0.256290 0.061944 -0.000001 0.007705 0.134368 0.000028
0.317529 0.000008 0.000061 0.000022 -0.000009 -0.000025 0.000059 -0.000002 -0.000386 0.006839 -0.328679 -0.005549 -0.000114 -0.000061 0.000060 0.000226 -0.000063 -0.000022 0.000012 -0.073849 0.000027 -0.000089 0.117918 -0.000015 -0.000006 -0.000876 0.118418 -0.000022 0.000073 0.000040 0.000086 0.000059 0.000027 0.000027 0.000103 0.000008 0.000005 -0.361183 -0.000034 0.000045 -0.004739 0.000071 -0.347864 0.099362 0.000021 0.006716 0.045084 -0.000017
0.261663 -0.000037 0.000011 -0.000005 0.000012 -0.000020 0.000129 -0.000001 -0.000223 0.021823 -0.405211 -0.006226 0.000042 0.000093 0.000087 -0.000006 -0.000070 -0.000010 -0.000087 -0.089876 -0.000016 0.000041 0.114416 0.000010 0.000006 -0.000728 0.090812 0.000139 -0.000026 0.000178 0.000067 -0.000071 -0.000027 0.000014 -0.000045 -0.000006 -0.000022 -0.292397 -0.000020 -0.000039 -0.004309 -0.000059 -0.467252 0.096334 0.000016 0.007871 0.019013 -0.000017
0.477036 0.000016 0.000040 0.000041 0.000000 -0.000010 -0.000028 -0.000005 -0.000411 0.139288 -0.280379 -0.006702 -0.000110 -0.000072 0.000081 -0.000169 -0.000031 -0.000031 -0.000065 -0.025639 0.000013 -0.000024 0.095057 -0.000043 -0.000022 -0.001060 0.079355 0.000109 -0.000043 0.000041 0.000021 -0.000069 0.000043 0.000027 -0.000019 0.000011 0.000034 -0.339299 -0.000001 0.000018 -0.003898 -0.000062 -0.637801 0.071642 0.000025 0.007810 -0.098004 0.000053
0.424355 -0.000019 -0.000080 0.000009 0.000011 -0.000011 0.000046 -0.000005 -0.000440 0.246888 -0.356969 -0.006136 0.000147 -0.000004 -0.000024 -0.000092 -0.000042 -0.000015 -0.000044 0.146234 -0.000034 0.000006 0.065974 0.000015 -0.000037 -0.000722 0.042967 0.000061 0.000056 -0.000023 0.000051 -0.000012 0.000046 -0.000002 0.000239 0.000007 -0.000028 -0.122303 -0.000022 -0.000023 -0.003783 0.000010 -0.634393 0.049636 -0.000021 0.007663 -0.183870 0.000049
0.151240 -0.000009 0.000041 0.000022 0.000006 -0.000005 0.000014 -0.000011 -0.000180 0.382139 -0.207631 -0.005545 0.000066 0.000041 -0.000058 -0.000064 0.000002 0.000000 -0.000048 0.109595 -0.000029 -0.000066 0.048531 -0.000001 0.000022 -0.001118 0.030457 0.000017 -0.000005 -0.000126 -0.000021 0.000181 0.000050 -0.000036 -0.000071 0.000001 0.000016 -0.091014 -0.000021 -0.000044 -0.003609 -0.000040 -0.425064 0.030657 0.000019 0.007530 -0.260482 0.000028
-0.019656 0.000032 -0.000162 0.000032 -0.000011 0.000052 0.000182 -0.000018 -0.000292 0.244280 -0.086354 -0.005058 0.000033 0.000036 -0.000025 0.000037 -0.000013 -0.000025 -0.000034 0.027360 0.000121 0.000060 0.047707 0.000011 -0.000031 -0.000764 0.029398 0.000131 0.000093 0.000041 0.000070 -0.000013 0.000030 0.000048 0.000045 -0.000005 -0.000012 -0.036164 0.000055 0.000032 -0.003241 0.000074 -0.602354 0.020526 0.000014 0.006535 -0.268685 -0.000024
0.054073 0.000030 -0.000097 -0.000022 -0.000008 -0.000046 -0.000050 0.000022 -0.000142 0.335335 -0.049313 -0.004752 0.000020 0.000081 0.000003 0.000041 -0.000013 0.000056 -0.000103 0.255760 0.000025 0.000145 0.041504 -0.000012 -0.000013 -0.000736 0.031624 0.000007 -0.000104 0.000047 0.000020 -0.000059 0.000000 0.000014 -0.000028 -0.000006 -0.000050 0.037793 0.000055 0.000100 -0.002902 -0.000069 -0.415902 0.035436 -0.000102 0.006709 -0.155552 0.000018
0.035554 0.000110 -0.000050 0.000018 -0.000005 -0.000043 0.000025 0.000031 -0.000152 0.106390 0.027744 -0.004982 0.000016 0.000062 -0.000018 0.000034 -0.000064 0.000075 0.000131 0.258476 -0.000014 -0.000120 0.053506 0.000056 0.000052 -0.000965 0.047067 -0.000012 -0.000079 0.000064 0.000028 0.000034 -0.000073 -0.000013 0.000111 0.000015 0.000055 0.135440 0.000015 -0.000017 -0.003265 -0.000002 -0.557680 0.034566 -0.000066 0.006840 -0.288616 0.000064
-0.021309 0.000082 0.000058 -0.000010 0.000010 0.000003 -0.000082 -0.000003 -0.000413 0.006734 0.086664 -0.005654 0.000068 0.000061 0.000031 -0.000180 0.000089 -0.000028 -0.000011 0.154067 0.000062 -0.000009 0.059900 -0.000017 0.000069 -0.000679 0.043801 -0.000052 0.000054 -0.000038 0.000107 0.000006 0.000131 0.000050 0.000063 -0.000017 0.000012 0.306992 -0.000036 -0.000001 -0.002891 -0.000000 -0.357930 0.047459 0.000009 0.006150 -0.170481 0.000030
-0.159096 -0.000033 -0.000007 0.000005 -0.000019 -0.000004 -0.000008 -0.000028 -0.000082 -0.131790 0.240392 -0.006277 -0.000112 0.000063 0.000020 0.000052 0.000010 -0.000045 -0.000014 0.039646 0.000019 -0.000023 0.083208 0.000023 -0.000001 -0.000732 0.061869 0.000008 -0.000043 -0.000083 0.000029 -0.000099 0.000000 0.000028 0.000050 -0.000003 0.000038 0.351690 0.000069 -0.000019 -0.003293 0.000039 -0.247903 0.062646 -0.000039 0.006354 -0.307401 0.000029
-0.180526 -0.000036 0.000134 0.000012 0.000010 0.000071 -0.000036 0.000037 -0.000470 -0.307284 0.384170 -0.005918 -0.000114 0.000069 -0.000087 -0.000050 0.000041 0.000012 -0.000003 0.069167 0.000033 -0.000060 0.068586 -0.000029 -0.000018 -0.000783 0.042775 -0.000035 -0.000023 -0.000005 0.000107 0.000038 0.000002 0.000026 -0.000013 0.000000 0.000020 0.331758 -0.000005 -0.000023 -0.003088 0.000029 0.142629 0.054210 -0.000059 0.006710 -0.150678 0.000017
-0.052517 0.000018 -0.000125 0.000028 -0.000008 -0.000038 -0.000000 -0.000011 -0.000321 -0.352977 0.456036 -0.004795 -0.000051 -0.000103 0.000032 0.000021 0.000071 -0.000032 0.000067 0.069014 0.000002 -0.000075 0.034172 -0.000038 -0.000019 -0.001428 0.018130 0.000002 0.000043 0.000159 -0.000024 0.000015 0.000083 -0.000030 -0.000024 -0.000001 0.000052 0.588071 -0.000036 -0.000045 -0.002941 0.000027 0.254962 0.011893 0.000009 0.006803 -0.199349 -0.000024
-0.310762 -0.000023 -0.000047 0.000008 -0.000005 0.000012 0.000200 -0.000003 -0.000537 -0.390306 0.509704 -0.003918 -0.000117 0.000117 0.000019 -0.000034 0.000095 -0.000005 0.000150 -0.022740 0.000003 0.000118 0.019240 0.000006 0.000009 -0.001703 0.012228 -0.000110 0.000039 -0.000062 0.000021 0.000028 -0.000044 0.000013 -0.000030 0.000015 0.000007 0.627129 -0.000018 -0.000012 -0.003161 -0.000014 0.366674 0.001041 0.000027 0.006762 -0.196769 0.000019
-0.260635 0.000011 -0.000070 0.000015 -0.000007 -0.000054 0.000037 -0.000008 -0.000445 -0.244912 0.259881 -0.004386 0.000048 0.000018 0.000055 -0.000096 -0.000095 -0.000008 0.000015 -0.119685 -0.000106 0.000119 0.057601 0.000017 0.000039 -0.001863 0.055610 -0.000052 -0.000121 0.000099 0.000033 -0.000009 0.000014 0.000015 0.000044 0.000004 -0.000026 0.709428 -0.000014 -0.000020 -0.003569 0.000072 0.418484 0.033056 0.000041 0.006211 -0.212118 0.000030
-0.377116 -0.000008 -0.000049 -0.000008 0.000017 0.000026 -0.000005 -0.000001 -0.000214 -0.357629 0.225416 -0.004889 0.000080 0.000110 -0.000013 0.000096 0.000038 -0.000007 -0.000049 -0.359778 -0.000022 -0.000035 0.087086 -0.000038 -0.000057 -0.001917 0.076577 0.000077 -0.000113 -0.000000 -0.000187 0.000085 0.000111 0.000003 0.000248 -0.000009 -0.000024 0.527058 0.000026 0.000047 -0.003583 -0.000076 0.371947 0.065910 -0.000007 0.005289 -0.334173 -0.000039
-0.372107 -0.000047 -0.000068 0.000031 0.000017 0.000048 -0.000026 -0.000002 -0.000605 -0.498275 0.123196 -0.004855 0.000075 0.000119 0.000009 0.000094 -0.000062 -0.000036 0.000026 -0.491141 0.000032 -0.000029 0.098615 -0.000032 -0.000019 -0.002219 0.071629 0.000019 -0.000047 -0.000041 -0.000024 0.000025 0.000048 0.000041 0.000140 0.000004 -0.000128 0.468491 0.000044 0.000046 -0.004129 -0.000031 0.377974 0.082595 0.000004 0.006436 -0.269611 -0.000086
-0.178618 -0.000003 0.000079 -0.000040 -0.000000 0.000022 0.000054 -0.000015 -0.000050 -0.565860 0.307810 -0.003968 0.000018 -0.000023 -0.000028 0.000040 0.000011 -0.000023 0.000042 -0.332961 0.000028 0.000101 0.064506 0.000008 0.000021 -0.002001 0.059204 0.000111 0.000026 0.000047 0.000012 0.000063 0.000064 -0.000012 0.000013 -0.000009 0.000074 0.348942 -0.000036 0.000084 -0.004224 0.000106 0.464606 0.047951 -0.000020 0.007374 -0.204911 -0.000010
0.005483 -0.000006 0.000029 -0.000056 0.000009 0.000007 -0.000009 -0.000007 -0.000526 -0.641390 0.407456 -0.003131 0.000036 0.000235 -0.000031 -0.000089 0.000089 0.000010 -0.000036 -0.260608 -0.000032 -0.000034 0.035838 -0.000006 -0.000053 -0.001370 0.037775 -0.000006 -0.000020 0.000061 0.000143 -0.000089 -0.000043 -0.000006 0.000184 0.000011 -0.000010 0.213929 -0.000080 -0.000012 -0.004545 -0.000006 0.522537 0.022653 -0.000021 0.007147 -0.019244 0.000040
0.084642 0.000016 0.000086 -0.000016 -0.000008 0.000056 0.000057 0.000000 -0.000410 -0.763334 0.350318 -0.003055 0.000258 -0.000195 0.000049 -0.000038 0.000042 -0.000040 0.000097 -0.178540 -0.000022 -0.000034 0.061323 0.000012 -0.000019 -0.001319 0.045212 0.000052 -0.000011 -0.000018 -0.000053 -0.000104 -0.000131 0.000054 0.000047 -0.000001 -0.000056 0.011691 0.000001 0.000005 -0.004172 -0.000042 0.529526 0.038692 -0.000087 0.007612 0.038918 0.000056
0.056223 0.000003 0.000007 0.000002 0.000010 -0.000019 0.000076 -0.000014 -0.000366 -0.686893 0.284611 -0.003370 -0.000099 -0.000151 -0.000044 0.000064 0.000026 -0.000013 -0.000116 -0.278545 -0.000031 -0.000120 0.079424 -0.000000 0.000007 -0.001407 0.073693 -0.000035 -0.000043 -0.000002 -0.000021 0.000034 0.000012 -0.000023 0.000038 -0.000000 -0.000129 -0.059363 -0.000019 0.000019 -0.003328 -0.000024 0.545103 0.068899 0.000016 0.007056 0.199600 -0.000052
-0.081926 -0.000036 -0.000098 0.000029 -0.000001 0.000006 -0.000017 0.000000 -0.000495 -0.711297 0.123855 -0.003102 -0.000042 -0.000088 0.000045 -0.000085 0.000002 -0.000009 -0.000035 -0.125409 0.000078 0.000064 0.075248 -0.000064 0.000095 -0.002273 0.075047 0.000024 -0.000029 -0.000049 0.000071 0.000035 0.000074 0.000015 0.000184 -0.000014 0.000044 -0.275964 -0.000036 0.000050 -0.002716 0.000023 0.518664 0.054994 -0.000041 0.007778 0.411300 0.000001
-0.027340 -0.000020 -0.000019 0.000011 -0.000005 0.000029 -0.000027 0.000016 0.000008 -0.485760 0.219454 -0.002100 -0.000161 -0.000132 -0.000061 0.000032 -0.000006 0.000009 -0.000048 0.126229 0.000028 0.000070 0.033699 0.000028 0.000155 -0.002011 0.027746 0.000063 0.000112 0.000034 0.000106 -0.000024 -0.000059 -0.000018 -0.000054 -0.000004 0.000029 -0.466414 -0.000054 -0.000046 -0.002838 0.000054 0.620165 0.023579 -0.000036 0.007561 0.460251 -0.000033
0.185974 -0.000017 0.000099 0.000019 0.000002 0.000029 0.000027 -0.000002 -0.000522 -0.118669 0.045100 -0.000804 0.000102 -0.000019 -0.000040 0.000092 0.000039 0.000012 0.000108 0.129406 0.000021 -0.000029 0.002098 -0.000024 -0.000024 -0.001918 0.001332 0.000058 0.000050 0.000012 -0.000022 -0.000094 -0.000003 -0.000016 -0.000021 -0.000011 -0.000066 -0.425850 0.000013 0.000062 -0.001980 -0.000019 0.779305 0.000772 -0.000043 0.007640 0.400007 0.000016
-0.029073 0.000024 -0.000111 -0.000006 -0.000031 -0.000023 -0.000033 0.000015 -0.000012 -0.122332 -0.183796 -0.000158 -0.000028 0.000118 -0.000005 0.000060 -0.000018 0.000001 -0.000012 0.060744 -0.000019 0.000058 0.005833 -0.000019 0.000047 -0.002213 0.003771 -0.000026 0.000084 -0.000120 -0.000067 0.000005 0.000008 -0.000021 0.000172 0.000010 -0.000055 -0.521395 -0.000014 0.000004 -0.001490 0.000001 0.661646 0.002565 -0.000034 0.006433 0.372480 -0.000023
-0.108116 -0.000036 0.000060 0.000003 -0.000005 -0.000024 0.000025 0.000038 -0.000138 -0.191155 -0.241054 -0.000226 -0.000003 0.000061 0.000046 0.000064 0.000003 -0.000015 0.000025 -0.117202 0.000027 -0.000008 0.031776 0.000062 0.000058 -0.003296 0.031820 0.000022 -0.000024 -0.000026 0.000105 -0.000017 -0.000033 0.000041 0.000265 0.000003 -0.000015 -0.633618 0.000055 -0.000029 -0.001530 0.000009 0.703417 0.021438 -0.000015 0.007054 0.225977 0.000003
-0.081919 -0.000057 -0.000086 -0.000048 -0.000006 0.000013 -0.000037 0.000001 -0.000518 -0.054603 -0.213102 -0.000530 -0.000110 -0.000034 -0.000029 0.000023 -0.000014 -0.000005 -0.000032 -0.059601 -0.000032 0.000051 0.061024 -0.000030 0.000011 -0.003498 0.052485 -0.000010 0.000089 -0.000010 -0.000039 0.000131 -0.000021 0.000011 0.000177 0.000001 -0.000078 -0.576198 0.000022 -0.000007 -0.001680 -0.000017 0.598866 0.047458 0.000072 0.007130 0.195939 -0.000038
-0.222108 -0.000078 0.000028 0.000012 -0.000007 0.000007 0.000042 -0.000013 -0.000396 -0.036267 -0.063216 -0.000455 0.000006 -0.000107 -0.000027 0.000266 0.000027 -0.000056 0.000045 0.017363 -0.000031 0.000026 0.054715 0.000005 0.000002 -0.003350 0.043052 -0.000001 0.000053 0.000024 0.000060 0.000011 -0.000034 -0.000013 0.000051 -0.000002 0.000025 -0.478765 -0.000008 -0.000211 -0.001919 0.000026 0.484917 0.038967 0.000042 0.006947 0.116259 0.000028
-0.030811 0.000106 0.000112 0.000020 -0.000002 0.000054 -0.000011 0.000030 -0.000072 -0.041112 -0.165900 -0.000000 0.000080 -0.000011 0.000074 -0.000023 0.000036 -0.000005 -0.000083 -0.022455 -0.000017 0.000035 0.023521 0.000003 -0.000136 -0.003016 0.019071 0.000105 0.000028 0.000022 -0.000088 -0.000045 0.000101 0.000009 0.000194 0.000009 -0.000027 -0.372475 0.000017 -0.000057 -0.001773 -0.000081 0.217452 0.015136 -0.000002 0.007714 0.189787 0.000059
0.159759 0.000011 0.000046 0.000009 0.000008 0.000013 0.000031 -0.000018 -0.000449 -0.015142 -0.062603 -0.000000 0.000154 -0.000118 0.000033 -0.000028 0.000010 0.000075 0.000030 0.281082 -0.000032 0.000008 0.013027 -0.000016 0.000054 -0.002828 0.009905 -0.000030 0.000029 0.000054 -0.000009 -0.000036 -0.000030 0.000086 0.000087 -0.000003 -0.000059 -0.475892 -0.000051 0.000044 -0.002086 -0.000068 0.155907 0.007173 -0.000041 0.007390 0.273949 0.000010
0.277338 -0.000037 -0.000038 -0.000010 -0.000002 0.000022 0.000036 0.000011 -0.000408 0.093945 0.043008 -0.000238 0.000202 0.000063 -0.000022 -0.000172 0.000015 0.000011 0.000063 0.238465 -0.000018 -0.000105 0.026083 0.000026 0.000090 -0.002996 0.022689 0.000010 0.000064 -0.000058 0.000056 -0.000029 0.000014 -0.000024 0.000164 -0.000006 0.000046 -0.276743 0.000013 -0.000022 -0.001977 -0.000010 0.051581 0.019116 0.000043 0.006671 0.058080 -0.000024
0.419669 -0.000019 0.000009 -0.000013 -0.000003 0.000014 0.000025 0.000008 -0.000379 0.100673 0.039538 -0.000000 -0.000099 -0.000020 -0.000022 0.000132 -0.000092 -0.000022 -0.000007 0.262692 0.000049 0.000057 0.029081 -0.000004 0.000016 -0.002990 0.023342 0.000070 -0.000125 0.000073 -0.000056 -0.000041 0.000068 0.000018 -0.000037 0.000016 -0.000004 -0.065833 -0.000037 0.000063 -0.002163 0.000049 -0.084073 0.021523 -0.000022 0.006257 0.068109 -0.000022
0.264636 -0.000001 0.000087 -0.000000 -0.000015 -0.000002 -0.000064 0.000016 -0.000411 0.025339 -0.038647 -0.000000 -0.000000 0.000021 0.000038 -0.000064 -0.000051 -0.000026 -0.000049 0.358666 0.000033 -0.000028 0.044490 -0.000012 0.000021 -0.002724 0.036416 -0.000077 0.000082 -0.000125 -0.000006 -0.000015 -0.000124 0.000097 -0.000099 -0.000009 -0.000042 -0.026071 0.000058 -0.000016 -0.002022 -0.000007 -0.291431 0.035031 0.000140 0.006596 -0.055753 0.000029
0.125194 -0.000040 0.000022 -0.000001 -0.000004 0.000008 0.000027 -0.000004 -0.000216 0.037083 -0.090915 0.000000 -0.000139 0.000161 0.000004 0.000034 -0.000131 0.000021 -0.000083 0.240946 0.000032 0.000061 0.060167 -0.000017 0.000074 -0.003096 0.054707 0.000011 0.000107 -0.000114 0.000010 -0.000034 0.000035 -0.000027 0.000077 -0.000006 0.000033 0.056113 -0.000016 -0.000145 -0.002321 -0.000144 -0.294807 0.049891 -0.000040 0.007000 -0.056091 0.000017
0.100628 0.000020 -0.000055 -0.000010 0.000011 0.000039 -0.000027 0.000016 -0.000409 0.199629 -0.150743 -0.000147 0.000014 0.000102 -0.000020 0.000046 0.000026 0.000006 0.000018 0.335351 -0.000032 -0.000028 0.075750 0.000001 -0.000070 -0.002552 0.068440 0.000054 -0.000000 0.000036 -0.000106 -0.000083 -0.000052 0.000012 0.000201 0.000013 0.000014 -0.061277 -0.000004 -0.000048 -0.001907 0.000067 -0.244168 0.063321 0.000021 0.007299 -0.225649 0.000043
-0.017836 0.000034 0.000073 0.000005 -0.000018 0.000009 0.000187 0.000015 -0.000265 0.043903 -0.038525 -0.000877 0.000112 -0.000078 0.000023 -0.000066 0.000003 0.000007 -0.000152 0.225850 -0.000012 -0.000048 0.101221 0.000010 -0.000058 -0.002200 0.091173 0.000000 0.000081 -0.000020 -0.000011 0.000059 -0.000012 -0.000033 -0.000052 -0.000000 0.000016 -0.094443 -0.000071 -0.000012 -0.002386 -0.000020 -0.223189 0.085283 -0.000009 0.006870 -0.204278 0.000030
-0.090863 0.000051 -0.000011 -0.000023 -0.000009 -0.000002 0.000041 -0.000004 -0.000455 0.186357 -0.006707 -0.000000 0.000050 0.000060 0.000023 0.000020 0.000075 -0.000022 -0.000160 0.256727 0.000018 -0.000031 0.090662 0.000036 -0.000031 -0.002349 0.083163 -0.000007 0.000003 -0.000073 -0.000002 -0.000041 -0.000084 -0.000015 0.000167 0.000003 -0.000044 0.052268 0.000019 0.000001 -0.001851 -0.000065 -0.298334 0.080531 -0.000005 0.007570 -0.133186 -0.000076
-0.347781 -0.000054 0.000064 -0.000077 -0.000001 0.000015 -0.000053 -0.000004 -0.000108 0.248741 -0.224487 -0.000000 0.000006 -0.000022 -0.000033 -0.000108 -0.000054 0.000035 0.000025 0.149290 -0.000012 0.000154 0.095345 0.000054 0.000015 -0.001937 0.085869 0.000020 0.000017 -0.000000 -0.000002 -0.000054 0.000100 -0.000010 0.000010 0.000009 -0.000038 0.230759 0.000031 0.000019 -0.002516 -0.000063 -0.222316 0.084154 0.000001 0.007539 -0.182446 -0.000068
-0.322494 -0.000007 0.000086 -0.000017 0.000004 -0.000010 0.000031 -0.000018 -0.000464 0.152780 -0.295083 0.000234 0.000117 -0.000091 0.000044 -0.000035 -0.000018 -0.000012 -0.000100 0.393369 -0.000022 0.000035 0.108483 -0.000041 -0.000070 -0.002120 0.103677 0.000133 -0.000029 0.000054 -0.000028 -0.000004 0.000078 -0.000087 -0.000058 0.000008 -0.000020 0.080892 0.000004 -0.000059 -0.002787 -0.000109 -0.248670 0.091466 -0.000083 0.007012 -0.256483 0.000007
-0.430610 0.000009 -0.000005 0.000002 0.000008 0.000041 -0.000041 -0.000001 0.000003 0.173198 -0.246798 0.000191 0.000047 -0.000007 -0.000009 0.000073 0.000068 0.000009 0.000036 0.417427 0.000049 -0.000021 0.101072 0.000003 0.000071 -0.002283 0.097475 0.000050 -0.000044 -0.000005 0.000083 0.000027 0.000016 -0.000015 0.000010 -0.000007 0.000009 0.163062 -0.000011 0.000023 -0.003127 -0.000012 -0.327136 0.084530 0.000046 0.007222 -0.096928 0.000174
-0.166020 0.000018 -0.000077 0.000007 0.000022 0.000016 0.000207 -0.000007 -0.000500 -0.099944 -0.143549 -0.000000 0.000028 0.000040 0.000043 0.000068 0.000047 -0.000011 0.000011 0.401556 -0.000019 -0.000028 0.090990 0.000012 0.000032 -0.001925 0.085601 0.000006 0.000028 -0.000029 0.000033 0.000062 0.000038 0.000027 0.000089 -0.000012 -0.000127 0.245897 0.000090 0.000016 -0.003297 0.000064 -0.261609 0.077465 0.000055 0.007404 -0.010085 -0.000024
