-0.001266
-0.001894
-0.000793
-0.001716
0.284624
0.066607
-0.000848
-0.000879
-0.001697
0.216715
-0.000054
0.000223
0.206175
-0.001023
-0.368761
-0.000012
-0.001292
-0.006014
-0.000755
0.000968
-0.001871
0.001615
-0.426265
0.000757
0.000385
-0.348633
0.218047
0.169898
0.241844
-0.001400
0.186583
-0.409710
-0.001456
0.288000
0.001904
-0.240306
-0.003719
-0.000695
0.050466
-0.004512
-0.001582
-0.186600
-0.000640
0.002263
-0.001059
-0.006524
-0.000962
-0.000049
-0.000891
-0.247342
-0.002457
0.001606
-0.313953
-0.009162
-0.001252
-0.283896
-0.002780
0.261287
0.354587
-0.318612
-0.001655
-0.326522
-0.001908
-0.002159
0.209167
0.002551
0.124879
-0.001304
-0.374722
-0.008602
-0.001079
-0.480567
-0.000120
-0.001652
-0.198800
-0.000386
0.000160
-0.006064
-0.001230
-0.003410
-0.003112
-0.082861
0.001344
0.407153
0.002554
0.003043
-0.005643
0.000124
-0.000951
-0.005461
0.005527
-0.002149
-0.001169
-0.000952
-0.001826
-0.001951
0.194819
-0.005529
-0.001445
-0.003311
-0.002530
-0.001471
-0.001544
-0.001515
-0.202514
-0.007798
0.001000
-0.225099
0.000784
-0.000396
-0.007065
-0.002403
-0.356472
0.305918
-0.429625
0.003645
-0.006557
-0.002939
0.103487
-0.000733
-0.000917
-0.002025
-0.003519
0.001078
-0.036532
-0.004122
-0.000470
0.239494
-0.375289
0.354901
-0.009768
-0.003210
-0.005732
-0.000661
-0.000741
-0.001492
0.028423
