1.927089
0.069405
0.222610
-0.000021
1.506709
-0.005557
0.005717
-0.406719
0.486724
1.400147
-0.016264
-0.018759
-0.000165
-0.015166
-0.196354
-0.004500
1.419808
0.087687
0.004524
1.887489
-0.013894
-0.616425
-1.800634
-0.841960
0.016850
1.957570
-0.632999
-0.009333
-1.495660
2.172846
-1.906592
-0.318933
-0.006193
-0.019335
-0.008128
0.000085
-0.414491
-1.886629
-1.724352
0.295839
1.543866
-0.003176
-0.011329
-0.146271
-0.245223
0.012199
0.002759
0.009858
-0.030557
-0.489481
-0.009863
0.032490
-0.013300
-1.428946
-0.109339
1.513564
0.270653
-1.099537
0.000761
-1.924706
2.443420
1.923089
-1.757206
-0.300975
0.004239
-0.084823
-0.008887
0.000009
0.593940
2.598138
-0.396707
-0.276362
1.398928
-0.001721
1.813730
0.000693
-1.530307
0.005590
-1.550065
0.105026
0.007127
-2.006367
-0.020432
0.023535
-0.023909
-1.267753
0.000094
-1.190972
-1.587478
0.032545
0.101392
-0.007260
-0.015111
-0.951273
-0.018592
-0.304764
1.104275
-0.012807
0.023435
0.905573
-1.662604
-0.002940
0.008143
0.026584
1.550251
-0.003254
-0.016558
0.017059
-0.000514
1.328433
-0.316201
-0.000948
0.017570
0.004957
0.012566
-0.014622
-0.487635
-1.745164
-0.008254
1.225958
-0.007908
-0.016940
-0.413096
-0.410963
1.224764
-0.010827
-0.018477
1.157870
-0.000951
1.652366
0.287577
0.000215
-1.182744
0.009124
0.000681
1.420612
2.534377
-0.008862
1.190310
-0.007254
-0.207776
0.000977
1.685921
-0.016454
-0.016305
1.643897
-0.105326
0.184262
-0.187728
1.878463
-1.608128
-1.862891
-0.443091
-0.641867
0.021084
2.021068
0.031225
0.000229
