-0.011782
-0.000277
-0.020729
-0.000938
-0.007527
0.002019
-0.012765
-0.008238
0.005459
0.004710
0.015277
0.003878
0.008475
0.034285
0.005425
0.017519
-0.038407
-0.001255
0.048205
-0.031316
0.020971
-0.000144
0.004333
-0.000116
0.014839
-0.000363
0.028528
-0.003440
0.000203
-0.000602
-0.011355
0.004683
0.027663
-0.010294
-0.048543
-0.016241
-0.007503
0.025678
0.005210
-0.026448
-0.000844
-0.000085
-0.005514
0.024915
-0.051616
0.038984
-0.000710
0.016286
-0.000113
0.017196
-0.000241
-0.002888
-0.005677
-0.047068
-0.005446
-0.002086
0.021022
