0.116546 0.000003 -0.392239 0.000095 0.008328 -0.249103 -0.053097 -0.006096 -0.613283 0.377400 0.356031 -0.409502 0.624482 0.480697 -0.547313 0.195049 -0.213573 -0.000039 0.675492 -0.615157 0.523618 -0.000013 -0.454658 0.000043 0.457691 -0.000127 0.311161 -0.298649 -0.000004 -0.000054 -0.267409 0.000194 0.386111 -0.144251 -0.043297 0.189599 -0.000009 0.166122 -0.196058 -0.428086 -0.000013 -0.000027 -0.757020 0.481784 -0.225700 0.510918 -0.000087 0.512166 -0.000039 0.586811 -0.000020 -0.000025 -0.000054 -0.309329 0.337369 0.000045 0.526442
-0.113214 0.000004 0.703791 -0.000026 -0.130756 0.275640 0.001062 -0.003665 0.584994 -0.431511 -0.456534 0.417624 -0.560891 -0.681911 0.593098 -0.234080 0.505603 -0.000029 -0.152430 0.768964 -0.489415 -0.000018 0.467110 0.000057 -0.665204 -0.000023 -0.239914 0.698175 0.000012 -0.000032 0.581969 0.001274 -0.459822 0.123536 -0.239435 -0.158804 -0.004870 -0.475165 0.455509 0.619341 0.000005 0.000008 0.684427 -0.658093 0.134711 -0.308034 0.000025 -0.468552 -0.000014 -0.556497 0.000077 0.000006 -0.000053 0.159882 -0.527839 -0.000077 -0.492115
0.002642 0.000021 -0.176971 0.000033 0.044381 0.157393 0.298723 -0.003281 0.045881 -0.098193 -0.039981 0.143758 0.000208 -0.178328 0.041722 -0.094911 0.008516 0.000069 -0.193359 -0.094068 -0.033163 0.000029 0.144437 0.000061 0.142998 0.000002 0.115655 0.031284 -0.000010 0.000036 -0.019810 0.000130 -0.173986 0.219379 0.501264 0.049083 -0.000069 0.027436 0.196354 -0.159083 0.000001 -0.000028 -0.027399 -0.033196 0.081635 0.107313 0.000007 0.147015 -0.000001 -0.009470 0.000067 -0.000018 0.000030 0.261436 0.020873 0.000089 -0.029858
0.136652 0.000002 -0.582533 0.000031 0.125980 -0.158653 -0.121677 -0.004166 -0.435911 0.184194 0.139654 -0.283937 0.051092 0.479019 -0.389600 0.049073 -0.367641 0.000047 0.470488 -0.241683 0.251009 -0.000026 -0.323014 0.000013 0.471081 0.000134 0.400606 -0.496599 -0.000007 -0.000134 -0.104133 0.000574 0.426795 -0.126087 -0.137700 0.055974 0.000150 0.257289 -0.511289 -0.259370 0.000011 -0.000013 -0.084641 0.465856 -0.066339 0.060703 0.000073 0.380433 -0.000031 0.343333 -0.000083 -0.000041 -0.000020 -0.194806 0.351190 0.000040 0.249845
0.149677 -0.000003 -0.083411 0.000048 0.105063 -0.294741 -0.351252 -0.002836 -0.199189 0.334585 0.139052 -0.263368 0.073373 0.133900 -0.005951 0.192554 -0.263427 0.000045 0.307460 -0.160233 0.302865 0.000012 -0.271148 -0.000066 0.420370 0.000029 0.414038 -0.082442 0.000014 -0.000048 -0.210169 0.000339 0.337924 -0.326385 -0.406477 0.201249 -0.001778 0.185011 -0.083403 -0.096175 -0.000001 0.000025 -0.200288 0.280536 -0.128857 0.223077 0.000023 0.146938 0.000024 0.432304 -0.000208 0.000018 -0.000036 -0.098741 0.083174 -0.000034 0.303118
-0.036276 -0.000007 0.418359 -0.000029 -0.014086 0.268680 0.209749 -0.003519 0.434023 -0.316491 -0.190384 0.363029 -0.398736 -0.133163 0.228912 0.001169 0.200838 -0.000112 -0.476414 0.365327 -0.349964 0.000037 0.405207 0.000044 -0.317700 -0.000022 -0.330152 0.626907 0.000018 -0.000043 0.405001 0.000185 -0.309141 0.223641 0.200645 -0.054279 -0.001932 -0.091328 0.170472 0.398231 0.000004 -0.000048 0.543794 -0.388838 0.233397 -0.265597 -0.000038 -0.285299 0.000018 -0.464806 0.000126 -0.000010 -0.000018 0.161747 -0.436208 0.000136 -0.353000
-0.014183 0.000004 0.322420 -0.000028 -0.006690 0.225023 0.257886 -0.005502 0.133840 0.001334 -0.096546 0.184251 -0.303704 -0.226498 0.086732 -0.074371 0.086702 0.000036 -0.073388 -0.134335 -0.167918 -0.000010 0.178710 0.000057 -0.031692 -0.000219 -0.244436 0.029479 -0.000007 -0.000031 0.019679 0.000696 0.018795 0.242239 0.341302 -0.047241 -0.000024 -0.018356 0.289840 -0.059607 -0.000006 -0.000035 -0.116796 -0.044330 0.188262 0.033869 0.000107 -0.354016 0.000027 -0.169553 0.000110 0.000018 0.000023 0.206000 -0.056831 0.000028 -0.163713
0.276593 0.000012 -0.560992 -0.000052 0.095070 -0.478200 -0.428816 -0.000408 -0.514423 0.355539 0.707110 -0.551574 0.739087 0.560301 -0.534970 0.403060 -0.284731 0.000126 0.554996 -0.433963 0.601737 0.000007 -0.594498 0.000052 0.381240 -0.000016 0.639332 -0.789491 -0.000012 -0.000006 -0.824132 0.000274 0.583418 -0.448306 -0.278072 0.314237 -0.001705 0.448380 -0.809230 -0.464593 -0.000002 0.000039 -0.743961 0.612627 -0.337743 0.304048 -0.000026 0.327753 -0.000007 0.612486 0.000042 -0.000038 0.000004 -0.337652 0.730881 0.000085 0.599847
-0.016130 -0.000006 0.127448 0.000153 -0.059004 0.168761 0.064172 -0.005642 0.357032 -0.037672 0.020080 0.271605 -0.081138 -0.076621 0.434325 -0.012535 0.097859 0.000008 -0.464301 0.411642 -0.261483 -0.000022 0.312825 0.000019 -0.276203 -0.000025 -0.212451 0.188184 -0.000009 0.000037 0.535341 0.000251 -0.097597 0.108049 -0.025703 0.002875 -0.000511 -0.157291 0.484866 0.141266 -0.000001 -0.000034 0.374009 -0.314446 0.117749 -0.379569 0.000014 -0.105623 0.000009 -0.388423 -0.000035 0.000016 0.000006 0.129477 -0.429677 0.000058 -0.263943
0.101494 0.000006 -0.262178 0.000083 0.088210 -0.015391 0.013185 -0.002846 -0.110020 0.021552 -0.017190 -0.058937 0.160066 0.296431 -0.214344 -0.066700 0.010876 0.000044 0.321743 -0.020275 0.063787 0.000029 -0.070949 -0.000004 0.040428 0.000109 -0.027999 -0.127255 0.000006 0.000034 -0.047689 0.000265 0.123517 -0.001452 0.040047 0.097679 -0.001316 0.227556 -0.301395 -0.016895 0.000001 0.000027 -0.183440 0.097827 0.031321 0.073312 0.000001 0.137002 0.000038 -0.019377 -0.000069 0.000008 0.000080 0.042651 0.239276 -0.000058 0.066560
-0.168929 -0.000013 0.341704 0.000019 -0.045135 0.090041 0.058731 -0.004058 0.096205 -0.102252 -0.302753 0.114130 0.073079 -0.175264 0.111774 -0.042097 0.176269 0.000049 -0.237064 -0.029437 -0.084111 -0.000040 0.116414 0.000053 -0.118922 -0.000016 -0.162634 0.073493 -0.000011 -0.000027 -0.044712 0.000803 -0.117393 0.075898 0.070553 -0.018565 -0.000099 -0.016970 0.337536 0.201392 0.000004 0.000013 0.279931 -0.114553 0.030774 0.124664 0.000059 -0.013351 0.000027 -0.012979 -0.000084 -0.000033 0.000003 -0.091640 0.081760 0.000280 -0.084092
