-0.185423
-0.620265
-1.005387
-0.607033
-2.007555
0.002240
-0.877007
2.400981
-0.012672
-0.009714
0.167802
0.042456
-1.349539
-1.000391
-1.694482
0.000006
1.658999
1.231274
-1.119937
-1.934214
-0.578995
0.002436
0.033708
0.001590
3.811661
0.000004
2.084157
1.917260
-0.006119
-0.007934
3.091693
-0.024786
-0.000539
-0.013845
0.301868
-1.894200
-0.861247
0.006084
1.624590
0.006249
0.019280
-1.110371
1.981878
-0.533048
-1.690246
-0.710572
0.000084
-0.005705
-0.150906
0.000312
0.004526
0.031998
-0.005236
2.206509
1.990983
-0.053564
-0.030963
-0.000038
-1.577863
-0.632382
-0.292279
1.206991
-0.358542
1.969511
0.012392
0.025832
0.023292
-0.008367
0.000513
3.647718
-1.023969
1.962852
1.014172
-1.646450
2.018617
-0.060552
0.467339
-0.219586
-0.529966
-2.363309
0.003992
-0.002240
-0.006471
0.026533
-0.586364
-1.788863
-0.003792
-0.015095
-1.764633
-0.006525
1.816913
-0.400219
-1.506505
0.020865
-0.258126
0.658363
-0.020747
-0.030329
-0.021251
1.500151
-0.216427
-1.917614
-1.744611
-0.644771
-0.008241
2.031014
1.998281
0.029472
0.001661
0.023489
-0.008807
1.429547
2.227191
