-0.002635
-0.003906
0.000947
-0.008752
-0.006948
0.000965
-0.091484
-0.127756
-0.001088
-0.002634
0.311222
-0.001017
0.322804
-0.001026
0.002043
-0.098944
-0.001381
0.000797
-0.002122
-0.145525
-0.001886
-0.596351
-0.000545
-0.002526
-0.006005
0.226061
-0.178962
-0.001271
-0.029438
-0.000013
-0.000957
-0.282485
-0.006089
-0.004913
-0.000698
-0.000593
-0.009858
-0.001276
0.001328
-0.003313
-0.000730
-0.205666
0.008889
-0.291022
-0.001018
-0.114975
-0.000270
0.000073
0.340447
-0.166724
-0.150806
-0.002791
0.001409
-0.505958
-0.004211
-0.167741
-0.243259
-0.000045
0.489885
-0.001263
-0.001939
-0.326927
-0.137542
-0.002104
0.002396
-0.001789
-0.000498
0.001934
-0.001445
-0.002718
-0.000729
0.391852
-0.000990
-0.004651
-0.010328
-0.013198
-0.002449
-0.119552
-0.000923
-0.002993
-0.004527
-0.204649
0.386530
-0.002476
-0.000782
-0.308362
-0.000779
-0.002158
-0.000629
-0.121826
0.298734
-0.162773
-0.002998
-0.001367
-0.017195
-0.001410
-0.000201
0.002994
-0.203138
-0.002825
-0.001190
-0.001658
-0.003667
-0.000702
-0.000027
-0.000857
-0.207710
0.138467
-0.000098
-0.003225
-0.006534
0.000305
-0.265875
-0.001874
-0.001221
-0.000863
-0.000358
-0.000937
-0.169524
0.161068
-0.000878
-0.003485
0.322454
-0.418930
-0.001153
-0.002702
-0.023571
-0.049443
-0.198443
-0.000205
-0.003199
-0.000704
-0.003327
-0.002359
-0.005118
-0.000950
-0.006049
-0.007766
-0.001153
0.000747
0.045238
-0.000879
-0.000815
0.000086
-0.003682
0.002250
0.199246
-0.181699
-0.006112
-0.001587
0.000382
-0.192104
-0.451839
-0.000144
0.000835
-0.274959
-0.005362
-0.004444
-0.001540
-0.003494
-0.004303
0.001711
0.002505
-0.003162
0.203277
-0.006582
0.242799
-0.002396
0.403171
-0.001559
-0.005430
0.012662
-0.006586
-0.000082
-0.007484
-0.055207
-0.000118
-0.102756
0.111553
-0.004634
0.320883
0.149263
-0.000919
-0.003221
-0.001267
0.381903
-0.000376
-0.171652
0.308587
-0.104702
0.001831
-0.167281
-0.001329
-0.183537
