0.021666
0.031656
0.003386
-0.026496
-0.000207
0.003016
-5.437062
-6.764312
-0.012094
-0.010835
4.641136
0.005362
5.190730
0.012016
-0.003848
-6.217661
-0.028694
0.003500
0.008385
-7.071195
-0.030241
-6.140686
0.000758
0.016598
-0.014252
5.324740
-6.133260
0.026388
-5.760209
0.000003
-3.484486
-6.497962
-0.012415
-0.008771
-0.008928
-0.020003
-0.018319
0.009950
0.004763
0.028624
-0.001901
-6.303942
-0.041801
-6.126727
-0.006356
-6.322287
0.000225
-0.002053
0.905435
-4.948229
-6.317595
-0.016749
0.002435
-6.424089
-0.008177
-3.685120
-5.151575
-0.001597
5.384109
0.006127
0.002978
-7.113196
-5.399570
0.037822
0.006012
0.004225
0.000352
0.003424
-0.017028
-0.010768
0.005395
4.130192
0.006575
-0.010441
-0.027228
0.013846
0.015684
-7.078978
-0.007917
-0.033524
-0.017955
-7.813256
3.509407
-0.004228
0.032756
-7.781118
-0.002205
0.041510
0.005109
-7.147517
5.701897
-6.891199
0.035227
-0.020039
-0.017079
0.008604
-0.000110
0.004817
-5.258883
0.032784
-0.030446
0.018158
-0.022107
-0.007457
-0.000013
0.020255
-6.458405
3.617996
-0.000395
-0.026089
0.021817
0.010282
-4.257591
0.008470
0.005074
-0.004766
-0.000204
0.030461
-5.168042
4.632152
-0.006564
0.038343
6.350197
-7.892071
-0.003285
-0.024254
-7.194314
-5.745459
-5.327996
-0.000969
0.005543
-0.006949
0.019186
0.007406
-0.004821
0.009728
0.029946
-0.023977
-0.034292
-0.001563
-3.368048
-0.001380
0.012580
0.004180
0.026890
0.007822
-5.883279
-7.045328
-0.008905
0.003481
0.001961
-5.248438
-5.887916
0.000156
-0.002445
-6.406584
0.022914
0.011793
0.008687
0.017521
0.025091
-0.004238
-0.006903
0.032406
-6.275036
0.040903
4.495912
0.008989
1.061395
-0.024479
-0.015236
-6.769144
0.014656
0.000998
-0.000508
-4.919874
-0.000297
-5.425043
5.520966
-0.011939
5.158484
4.212070
-0.025478
0.007084
0.005061
4.959224
0.001027
-4.203984
4.184429
-6.347294
-0.003758
-5.439487
0.017033
-6.469794
