-0.007633
-0.002188
-0.002376
-0.003644
-0.001544
-0.001531
-0.012082
0.004570
-0.000446
-0.000854
-0.009882
-0.001049
-0.003909
0.136668
-0.000500
-0.023658
-0.002186
-0.003677
-0.015684
0.005927
-0.005671
-0.012169
-0.000902
-0.002456
0.090917
-0.019208
-0.001459
-0.001817
-0.031177
-0.001946
-0.004080
-0.002527
-0.013843
-0.002166
0.216567
0.125157
-0.017978
-0.000590
-0.011241
-0.014232
-0.007349
-0.002117
-0.005425
-0.000483
-0.013415
-0.000441
-0.016355
-0.028497
0.003330
-0.028312
0.089559
-0.001687
-0.020739
-0.005804
0.113784
0.003055
-0.002586
0.200095
-0.011539
-0.002161
-0.004023
-0.025770
-0.026573
-0.000303
0.105286
-0.006854
-0.010688
-0.006342
-0.031178
-0.022260
0.013433
-0.001136
-0.000933
-0.002647
-0.001552
