0.001133 0.211948 -0.000025 0.000055 -0.249967 0.145337 0.119022 0.111179 0.010835 0.000000 -0.054425 0.000158 -0.000108 0.019250 -0.232678 -0.009999 0.010284 0.008064 0.000772 -0.015369 -0.000545 0.293467 -0.178930 -0.122317 0.052390 -0.178503 -0.000189 0.000353 -0.001909 -0.057746 -0.048789 -0.000028 -0.127814 -0.320893 -0.170664 0.021691 -0.000147 -0.099135 -0.000121 0.371477 0.000600 0.051263 0.000206 -0.069007 0.007853 0.194563 0.000124 0.144122 -0.030417 0.000045 0.001279 0.213375 0.000205 0.272213 0.011634 -0.000531 0.001159 0.005956 0.000006
-0.000249 -0.012976 -0.000076 0.000001 0.159924 -0.243577 0.001016 -0.011875 0.048425 0.000641 -0.124855 -0.000025 0.000078 -0.258222 -0.022664 0.216266 0.046520 0.040279 0.000111 0.542334 -0.000249 -0.050226 -0.047903 -0.174424 0.000459 0.324077 -0.000227 -0.000074 -0.228564 0.118600 -0.002656 0.000079 -0.230665 0.106600 -0.052957 -0.079304 -0.000076 -0.039689 0.000073 -0.009661 0.249454 -0.000426 0.000182 -0.056189 0.039567 -0.163609 -0.000375 0.017917 -0.039706 0.000065 0.018094 0.294296 -0.000050 -0.041218 0.051512 -0.000605 0.016966 0.034350 0.000623
-0.000406 0.008255 0.000086 -0.000013 -0.072189 0.079972 0.404079 0.065337 0.041520 0.000037 0.008632 -0.000003 -0.000059 -0.241813 0.079902 -0.027487 0.040197 0.035030 0.000100 0.135377 -0.000776 -0.198427 0.266115 -0.032864 0.091962 0.037958 0.000380 0.000172 -0.198941 -0.131134 0.294965 0.000021 0.028552 0.185096 0.019371 -0.043052 -0.000083 0.016452 0.000004 0.143919 0.057518 0.165352 -0.000023 -0.091188 0.034523 -0.311285 0.000010 0.047651 -0.465828 0.000049 0.015180 0.051894 0.000402 0.370820 0.043674 -0.000816 0.014073 0.030155 0.000162
-0.000483 -0.135255 0.000047 0.000231 0.070826 0.137607 0.016275 -0.056275 0.066603 -0.000107 -0.066429 -0.000044 -0.000097 0.084881 0.093952 0.156216 0.063810 0.054785 0.000199 0.085676 -0.000010 -0.143245 0.068204 -0.084624 0.208681 0.004469 -0.000132 0.000070 -0.200666 -0.069645 -0.186345 0.000020 -0.018911 0.186778 0.097547 0.091915 0.000021 -0.246054 -0.000210 -0.120819 -0.109948 0.104807 -0.000084 0.056993 0.053943 -0.083365 0.000086 -0.042331 0.009569 0.000078 0.026070 0.007663 0.000188 0.113760 0.071066 -0.000726 0.024564 0.047082 0.000089
0.000038 0.048365 -0.000003 -0.000076 0.039527 0.013230 0.167246 -0.446659 0.042714 0.000067 -0.222931 -0.000187 -0.000070 -0.317863 -0.133553 -0.258265 0.040686 0.033835 0.000520 0.042464 -0.000268 0.041127 0.033174 -0.236502 0.020047 0.023576 0.000045 0.000121 0.000777 0.067669 0.080904 0.000034 0.267103 0.106346 -0.040795 0.412942 -0.000089 0.270466 -0.000033 -0.000582 -0.086909 0.050357 0.000201 -0.141784 0.033202 0.428224 0.000179 0.164078 0.106910 0.000037 0.011631 -0.128229 0.000020 0.070261 0.045780 -0.000686 0.010415 0.027962 0.000137
-0.000284 0.133914 0.000130 -0.000107 0.164551 0.130149 -0.119450 -0.105688 0.022911 -0.000537 -0.097479 -0.000013 -0.000047 -0.221347 0.074266 -0.048261 0.021382 0.016390 0.000425 -0.180497 -0.000145 0.357987 -0.104772 -0.018117 0.048716 0.213736 0.000320 0.000154 0.335568 0.070391 0.055750 -0.000004 0.147476 -0.049822 -0.094028 0.045691 -0.000020 -0.171492 -0.000085 -0.371444 -0.114680 -0.066369 -0.000147 -0.020006 0.015926 -0.113045 0.000125 0.256858 0.259690 0.000072 0.003896 0.105959 0.000017 0.116532 0.024892 -0.000888 0.003462 0.012086 -0.000059
-0.000017 -0.095023 -0.000103 0.000007 0.239410 -0.073124 0.040312 -0.003595 0.002655 -0.000494 0.084158 -0.000045 -0.000035 0.192173 0.240408 0.016619 0.002470 0.002116 -0.000116 0.069715 -0.000003 0.026739 -0.143731 -0.147134 -0.107579 -0.102579 -0.000193 0.000430 0.099643 -0.210929 0.068784 0.000070 0.048853 0.050911 0.209174 0.096520 -0.000169 0.020161 0.000014 -0.038686 0.067319 -0.162733 -0.000158 -0.047123 0.002053 0.062752 0.000095 -0.035493 -0.007177 -0.000078 0.000309 -0.105991 0.000440 -0.270491 0.004012 -0.000508 0.000304 0.001621 0.000427
-0.000292 -0.332433 0.000032 -0.000002 0.101139 -0.026448 -0.100587 -0.006763 0.068838 -0.000455 0.234772 0.000121 -0.000041 0.241405 0.026408 -0.004558 0.066009 0.056438 -0.000171 0.156313 -0.000130 0.094497 -0.371501 -0.202250 0.132058 -0.165502 -0.000075 -0.000112 -0.188240 0.002716 0.099585 -0.000065 0.236418 0.116493 -0.132799 -0.096165 0.000048 0.028250 0.000064 0.274068 -0.044539 0.234768 0.000150 -0.222788 0.055683 -0.107531 0.000255 -0.020287 -0.087377 -0.000116 0.027504 0.165214 0.000169 0.113547 0.073785 -0.000308 0.026007 0.048595 -0.000132
-0.000341 -0.044743 0.000032 -0.000135 -0.332100 0.233300 0.134751 0.040201 0.057576 -0.000166 0.107282 -0.000020 0.000134 0.021394 0.137640 0.038684 0.055223 0.045588 0.000250 0.280299 -0.000542 -0.108427 -0.116909 -0.365048 0.251677 -0.348540 0.000184 -0.000073 -0.119413 0.091088 0.144320 -0.000083 -0.120250 0.181805 0.176215 -0.038830 -0.000116 -0.008692 0.000058 0.280805 -0.025581 0.032641 0.000085 0.092812 0.044794 -0.105465 -0.000054 -0.300766 -0.135651 0.000047 0.018744 0.226957 -0.000008 -0.073221 0.061904 -0.000472 0.017401 0.038181 -0.000246
0.000046 0.038270 -0.000031 0.000077 -0.209363 0.207735 0.049354 0.229010 0.051510 -0.000224 0.087786 0.000131 0.000006 0.223914 0.058927 0.147371 0.049890 0.041689 0.000564 0.154252 -0.000421 -0.021554 -0.196893 0.234569 0.196508 -0.153227 0.000175 0.000126 -0.161453 -0.106547 -0.097356 0.000092 -0.237230 0.043823 -0.011056 -0.354064 0.000008 -0.070730 -0.000030 -0.097343 0.019855 -0.062722 0.000073 -0.234969 0.040955 0.377156 -0.000004 -0.118368 0.170840 0.000025 0.019127 -0.128301 0.000087 -0.198715 0.055872 -0.000496 0.018194 0.035183 -0.000144
0.000243 0.200855 -0.000005 -0.000035 -0.132586 -0.010141 0.135555 0.144175 0.064525 -0.000476 -0.009150 0.000067 0.000043 -0.245682 -0.205907 -0.073409 0.062022 0.053068 -0.000016 0.042456 -0.000861 0.043860 0.292559 -0.100859 0.293801 0.137365 0.000043 -0.000131 -0.204098 0.318085 -0.200389 0.000009 0.095446 0.175691 -0.032159 -0.113174 -0.000025 -0.102148 -0.000079 -0.485951 0.171682 0.118686 -0.000142 0.000354 0.052139 0.031303 -0.000156 -0.028878 -0.231798 -0.000110 0.023828 0.058994 -0.000015 0.013229 0.069013 -0.000549 0.022278 0.045357 -0.000159
-0.000194 0.227308 0.000080 0.000071 -0.137059 -0.094418 -0.018642 0.112176 0.076505 -0.000475 -0.155292 -0.000038 -0.000150 0.179041 0.274334 -0.168779 0.074109 0.063189 -0.000033 -0.168070 -0.000255 0.000943 0.024680 -0.086740 0.043777 0.238264 -0.000160 -0.000160 0.150546 0.121661 0.025903 -0.000051 0.268619 -0.117664 0.233046 0.000916 0.000106 0.085714 -0.000070 -0.161586 0.154667 -0.317482 0.000225 -0.191674 0.062206 0.040861 -0.000074 -0.138707 -0.295383 -0.000137 0.030153 0.191319 0.000225 0.423194 0.081730 -0.000007 0.028473 0.054276 0.000084
0.000009 -0.093565 -0.000010 0.000311 0.231611 0.053095 -0.111780 -0.007331 0.086806 0.000667 -0.014982 -0.000067 0.000019 0.128611 -0.125376 0.069444 0.083816 0.074210 0.000143 -0.060983 -0.000211 0.154026 0.124806 0.206075 -0.101793 0.133218 -0.000319 -0.000134 -0.140834 0.175262 -0.025853 -0.000051 0.324623 0.163535 -0.015009 -0.012603 0.000031 0.229086 0.000066 -0.297406 -0.140631 -0.092512 -0.000073 0.217981 0.073093 -0.491382 0.000122 -0.328628 -0.203291 0.000232 0.039990 -0.024410 0.000065 -0.137226 0.091697 -0.000548 0.038207 0.065196 0.000032
0.000010 0.106914 -0.000032 0.000192 0.136967 0.129639 -0.123236 -0.048890 0.070699 0.000180 0.005635 0.000132 -0.000051 0.304218 0.051958 -0.143578 0.067775 0.057476 -0.000043 0.065241 0.000255 0.346615 -0.023573 -0.191870 -0.039530 0.179055 0.000269 0.000081 -0.006843 -0.021427 -0.386334 0.000006 0.015160 -0.130257 0.006174 -0.055498 -0.000115 0.173160 -0.000083 -0.121650 -0.250204 0.048836 0.000206 0.063767 0.056848 -0.030571 -0.000197 0.010491 -0.164002 -0.000031 0.024972 0.086190 0.000104 -0.203733 0.075895 0.000003 0.023305 0.048918 0.000140
-0.000156 0.106871 -0.000120 -0.000004 0.170361 0.196199 -0.000008 -0.173315 0.023464 0.000384 0.065354 -0.000032 -0.000106 0.168018 0.269682 -0.047344 0.022564 0.018710 0.000160 -0.107580 -0.000424 0.384497 -0.147651 -0.008403 -0.316856 0.087201 -0.000060 0.000195 0.070134 -0.376544 0.073083 0.000019 -0.053022 -0.107023 0.192865 0.265896 0.000043 -0.005613 0.000027 0.028682 -0.341291 -0.033320 0.000122 0.131247 0.018323 0.069796 -0.000046 -0.004758 -0.093898 -0.000247 0.004984 0.095016 0.000250 -0.056468 0.025022 -0.000370 0.004348 0.015108 -0.000316
-0.000050 -0.143884 0.000040 -0.000185 0.170928 0.139269 -0.300796 0.088427 0.057504 -0.000561 0.063149 -0.000104 -0.000080 0.173344 0.007643 0.050105 0.055593 0.048131 0.000087 -0.040692 0.000012 0.212211 -0.137029 0.173495 -0.065926 0.044953 0.000484 0.000719 -0.307676 0.010184 0.001880 0.000046 -0.165644 0.089631 -0.040634 -0.165864 0.000062 0.247293 -0.000079 -0.096332 -0.330834 -0.078556 -0.000083 -0.024810 0.047681 0.198392 0.000391 -0.304091 0.099582 0.000120 0.023422 0.304833 0.000074 0.040297 0.061438 -0.000718 0.022047 0.041772 0.000036
0.000393 0.055448 0.000091 -0.000179 0.239115 -0.174335 -0.075233 0.279130 0.030904 0.000709 -0.049467 0.000152 -0.000056 -0.088901 -0.167435 -0.061729 0.029624 0.023982 -0.000036 0.244636 -0.000454 -0.106619 -0.031730 -0.102387 -0.410542 -0.085008 -0.000206 -0.000080 -0.325340 0.233920 0.294711 -0.000000 0.008796 0.408751 -0.191075 0.101888 -0.000087 0.035443 -0.000109 -0.416094 0.235379 -0.064264 -0.000193 0.199224 0.023291 -0.049306 -0.000132 0.004324 0.320121 -0.000029 0.005642 -0.044471 0.000066 0.056448 0.034691 -0.000533 0.004865 0.018877 -0.000023
0.000010 0.047590 -0.000008 -0.000116 -0.047761 -0.006249 0.039728 0.006884 0.016960 -0.000283 -0.155891 0.000012 -0.000020 -0.371487 -0.030839 0.046111 0.016028 0.012517 0.000849 -0.025752 0.000237 -0.163587 0.275029 -0.023951 0.012579 0.226546 0.000422 0.000102 -0.115774 0.180619 0.042026 -0.000026 -0.009198 0.255823 -0.118453 0.132356 0.000023 -0.102759 -0.000052 -0.211861 0.381820 -0.039427 -0.000310 0.026957 0.012177 -0.187996 0.000011 -0.200988 0.000503 -0.000069 0.002727 0.273162 0.000106 -0.011829 0.018411 -0.000394 0.002389 0.009503 0.000131
-0.000411 0.017846 0.000179 -0.000076 -0.140291 0.221190 0.382928 0.019637 0.044242 -0.000075 0.085913 0.000008 -0.000109 -0.107470 -0.128836 0.163527 0.042430 0.036133 0.000563 0.070622 -0.000125 0.012183 0.008294 -0.136939 0.213440 0.069718 0.000592 0.000847 -0.008114 0.226051 0.231384 -0.000021 -0.008405 -0.007068 0.038172 -0.044036 0.000021 0.020429 0.000104 0.093162 0.160829 -0.007678 -0.000096 -0.293128 0.035653 0.012643 0.000152 0.052004 -0.059926 0.000186 0.014816 -0.177067 0.000633 -0.322734 0.047694 -0.000592 0.013640 0.030601 0.000217
0.000239 0.090210 0.000037 0.000114 0.009431 0.129245 0.062828 -0.287142 0.074692 -0.000184 0.041750 -0.000042 -0.000087 0.047625 0.403076 0.058212 0.071321 0.060463 0.000501 0.164901 -0.000693 0.219192 -0.168738 0.167480 -0.238637 0.145554 0.000355 0.000571 0.136195 -0.036692 0.093283 0.000003 0.014230 -0.049702 0.150571 0.147349 -0.000016 -0.096254 0.000062 -0.000464 -0.232990 0.365915 0.000129 -0.213575 0.059419 -0.340924 0.000179 -0.244403 -0.273065 0.000009 0.027034 0.038112 0.000155 0.137848 0.080746 -0.000483 0.025417 0.050943 0.000112
-0.000120 0.255277 0.000064 -0.000112 -0.023727 -0.143960 0.171150 -0.002519 0.016788 -0.000669 -0.372215 0.000054 -0.000056 -0.082312 0.092313 0.005795 0.015571 0.011722 0.000512 -0.305031 -0.000720 -0.033939 -0.172225 0.015268 -0.022765 0.265080 0.000670 0.000926 0.057434 -0.087821 -0.008203 -0.000104 0.037925 -0.036614 0.001978 0.094161 0.000134 -0.185438 0.000217 0.369474 0.218016 -0.005800 -0.000098 0.021660 0.011376 -0.046832 0.000064 -0.025528 -0.148572 -0.000126 0.002891 0.188321 0.000137 -0.049593 0.018842 0.000174 0.002769 0.008306 0.001187
0.000126 -0.290501 -0.000024 -0.000011 0.401909 -0.134380 -0.181596 -0.001614 0.011157 -0.000170 -0.081394 0.000194 0.000064 -0.016187 -0.084456 0.316906 0.010693 0.008944 0.000299 -0.132601 -0.000673 -0.076345 -0.280638 0.276427 0.041262 -0.187604 0.000235 -0.000035 0.176344 0.268008 -0.119320 -0.000022 0.050488 -0.015394 -0.018019 -0.056484 -0.000090 0.041293 -0.000085 -0.253202 0.003617 -0.013249 -0.000029 0.157891 0.008764 0.051647 -0.000167 0.061664 -0.067297 0.000116 0.001922 0.150235 0.000266 0.268573 0.011909 -0.000103 0.001851 0.007276 0.000063
-0.000250 -0.098422 0.000055 -0.000071 -0.013529 -0.117521 -0.244425 -0.134359 0.029572 -0.000312 0.203553 0.000021 0.000091 -0.053410 -0.538468 -0.257201 0.028367 0.023813 -0.000116 0.060142 -0.000779 0.094137 0.366011 -0.057685 0.203094 -0.346324 -0.000011 0.000353 -0.036538 0.239239 0.190983 -0.000062 0.276729 0.199254 0.007204 -0.230282 0.000015 -0.002556 0.000109 -0.017738 -0.144670 0.051988 0.000218 0.419642 0.023368 0.042592 0.000013 0.378488 0.118603 0.000181 0.006769 0.109224 0.000054 -0.066899 0.031497 -0.000481 0.005923 0.019524 0.000189
-0.000193 -0.280597 -0.000086 -0.000001 0.207592 0.296183 -0.205052 0.088327 0.010228 -0.000336 -0.002537 0.000063 -0.000095 -0.197455 0.042063 -0.163340 0.009900 0.008549 0.000280 0.082872 0.000283 -0.320069 0.045238 -0.001519 0.083585 -0.139664 0.000022 0.000254 0.029490 -0.045440 0.065563 0.000049 0.173447 0.229570 -0.129876 0.237341 -0.000012 -0.012658 -0.000026 0.106152 0.199997 -0.269159 -0.000236 -0.176947 0.008504 -0.284251 0.000040 0.049013 0.090145 0.000098 0.006087 0.494465 0.000114 0.244666 0.010709 0.000220 0.005912 0.007968 0.000082
0.000153 -0.071465 0.000134 0.000145 0.108912 0.227882 -0.291423 -0.162100 0.003613 -0.000040 0.105763 -0.000037 0.000148 -0.173884 0.219851 0.111758 0.003556 0.003265 0.000082 -0.045671 0.000190 -0.018156 -0.081812 -0.075586 0.329752 -0.080572 -0.000246 -0.000247 0.108688 -0.165656 0.177116 0.000045 -0.023952 0.032784 -0.029415 0.152635 -0.000085 0.002095 -0.000097 0.075057 -0.000690 0.060685 0.000117 -0.106043 0.003233 -0.005352 0.000298 0.124135 0.089639 -0.000101 0.001590 0.143508 -0.000026 -0.281058 0.003710 -0.000181 0.001523 0.002929 -0.000298
-0.000396 -0.320423 0.000027 0.000052 -0.220188 0.220290 0.300415 0.033582 0.023251 -0.000488 -0.269838 -0.000035 -0.000159 0.348918 0.209044 -0.106104 0.022292 0.017144 -0.000018 0.177932 0.000229 -0.225078 -0.070463 0.053622 0.014308 0.284970 -0.000020 0.000372 0.044409 -0.091074 -0.093341 0.000016 -0.027012 -0.061904 -0.278874 0.077691 0.000041 -0.071852 0.000006 0.291030 -0.034011 0.340361 -0.000047 -0.249108 0.016696 -0.047176 -0.000003 -0.412083 0.077030 -0.000148 0.006078 -0.158585 0.000087 0.039914 0.025223 -0.000647 0.005463 0.013317 0.000752
0.000061 0.095394 -0.000004 -0.000190 0.110528 -0.060038 0.144313 -0.125109 0.007563 -0.000750 -0.065401 -0.000068 -0.000002 -0.118721 -0.179520 0.091050 0.007282 0.006432 0.000012 -0.120921 -0.000964 0.181610 -0.051398 0.257450 -0.030619 -0.081955 0.000259 0.000037 -0.004886 0.099634 0.287971 0.000005 0.064052 0.033052 -0.122901 0.088011 -0.000172 -0.024887 0.000056 -0.406114 0.005172 0.164791 -0.000112 0.053440 0.006362 -0.012181 0.000227 -0.002126 0.269002 -0.000086 0.002927 0.068658 0.000260 -0.234281 0.008453 -0.000507 0.002790 0.005720 0.000102
0.000178 0.291585 0.000079 -0.000099 0.042891 0.057307 -0.095226 0.118534 0.003486 -0.000397 -0.001294 0.000102 0.000039 -0.012969 0.116371 0.051704 0.003457 0.003355 0.000490 -0.290978 -0.000651 -0.097195 0.151188 -0.024772 -0.208261 0.124422 0.000157 0.000226 0.009638 0.100597 -0.063540 0.000010 0.371890 0.212297 0.038743 0.224280 0.000145 -0.283011 -0.000098 -0.106021 0.018338 -0.172802 0.000028 0.306786 0.003344 -0.233746 0.000103 -0.220625 -0.353630 0.000057 0.002997 0.095399 0.000497 0.006264 0.003523 -0.000808 0.002992 0.003194 -0.000195
-0.000201 0.136734 0.000139 -0.000095 -0.022127 -0.148004 0.092721 -0.258162 0.074878 0.000486 -0.228105 0.000001 0.000015 -0.171310 0.386889 -0.022936 0.071782 0.061641 0.000198 -0.087674 -0.000469 -0.047891 -0.070975 -0.395764 -0.132370 0.053794 0.000334 0.000135 -0.023539 0.138413 -0.109684 0.000078 -0.020054 0.052735 0.058048 0.194592 -0.000079 0.147300 -0.000033 -0.032430 0.103607 0.264019 -0.000006 0.047740 0.060641 0.128520 0.000164 -0.041229 0.061450 0.000003 0.029711 -0.031423 0.000044 0.079838 0.080263 -0.000735 0.028101 0.052852 0.000378
-0.000045 -0.235771 0.000213 -0.000007 -0.054683 0.019317 -0.379245 -0.198771 0.037809 -0.000112 0.292134 -0.000031 0.000065 -0.137457 -0.005233 -0.022605 0.036148 0.030385 0.000232 0.184114 -0.000586 -0.103403 0.159482 -0.127328 0.099694 -0.118214 0.000239 0.000135 0.065677 -0.134895 0.118209 -0.000055 0.182634 0.092296 0.133431 0.046765 0.000101 0.025299 -0.000099 0.133471 -0.025308 -0.324117 -0.000130 0.348726 0.029770 -0.015454 0.000150 -0.028507 -0.000219 -0.000080 0.009923 0.052943 0.000305 0.218641 0.040535 0.000129 0.008837 0.025050 -0.000089
-0.000064 -0.142916 -0.000075 -0.000176 -0.034994 -0.010936 -0.380872 -0.188729 0.066542 -0.000210 -0.222402 -0.000060 0.000088 0.043423 -0.023519 0.054658 0.064165 0.055368 -0.000012 0.132666 -0.000088 0.035318 0.416757 0.139970 -0.059073 -0.166978 0.000059 -0.000113 0.181078 -0.171742 0.140629 0.000067 0.045153 -0.031599 0.018019 -0.083058 0.000049 -0.029643 0.000064 0.039260 0.034644 -0.054796 -0.000144 0.411051 0.054379 -0.042371 0.000170 0.021146 0.102557 0.000002 0.025658 0.066843 0.000295 0.191896 0.071225 -0.000760 0.024120 0.047352 -0.000082
-0.000204 -0.016131 0.000058 -0.000033 -0.175322 0.325579 -0.005859 -0.083511 0.045759 -0.000395 0.010080 0.000018 0.000022 0.092513 0.015075 -0.323512 0.043958 0.038139 0.000256 0.239879 -0.000288 -0.139125 0.287813 0.033132 0.091811 -0.098145 0.000210 -0.000076 0.113043 -0.249554 -0.065933 0.000076 0.207053 -0.007462 -0.268744 -0.062316 0.000028 0.022182 -0.000064 -0.015282 -0.067794 0.002616 -0.000008 -0.122916 0.037632 0.032414 -0.000186 -0.056619 0.099290 -0.000111 0.017687 0.225095 0.000327 0.097681 0.048644 0.000024 0.016556 0.032900 -0.000220
0.000058 -0.270120 -0.000025 0.000044 -0.371281 0.231733 -0.084171 0.085812 0.052414 0.000120 0.047440 0.000009 0.000147 0.000878 0.151650 0.389553 0.050400 0.043812 0.000058 -0.137428 -0.000307 -0.017566 -0.061548 0.204376 0.064817 -0.264633 0.000046 0.000816 -0.139371 0.046483 0.011610 0.000063 -0.139205 -0.135841 -0.156848 -0.083339 0.000010 -0.044253 -0.000118 -0.039836 0.059471 -0.397106 -0.000220 0.368246 0.042969 0.302444 -0.000089 0.072720 -0.011892 -0.000265 0.020320 0.216775 0.000339 0.125832 0.056259 -0.000359 0.019044 0.037640 0.000140
-0.000107 -0.165307 0.000176 0.000040 0.070632 0.131240 -0.004117 -0.047414 0.085606 0.000203 0.048484 0.000055 -0.000250 0.332115 -0.078133 -0.222760 0.082244 0.070743 0.000223 -0.084090 -0.000079 0.080928 0.043012 -0.177651 -0.037941 -0.210958 0.000007 0.000178 -0.248798 -0.048120 0.027704 0.000002 -0.134810 0.185471 -0.117803 -0.105670 -0.000007 0.158139 -0.000013 -0.276756 0.250350 0.292864 -0.000200 0.004233 0.069719 0.037248 -0.000037 -0.088179 0.135065 0.000176 0.035740 0.346363 0.000532 0.033910 0.091639 -0.000537 0.033988 0.061173 0.000120
0.000092 0.056482 -0.000115 0.000004 0.088992 -0.378287 0.429122 -0.166565 0.073590 -0.000338 -0.034335 0.000000 0.000033 -0.004019 0.008976 0.202894 0.070421 0.060417 0.000266 -0.009121 0.000084 0.188868 -0.135040 0.070731 -0.247489 0.095702 0.000491 0.000107 0.245840 0.160871 0.006644 0.000049 0.089469 -0.043153 0.054252 0.119877 -0.000035 -0.035335 -0.000049 -0.103452 -0.076448 0.134507 -0.000132 -0.143313 0.059549 -0.086630 0.000101 0.038965 -0.174700 -0.000204 0.028027 0.156494 0.000111 -0.137921 0.078680 -0.000317 0.026364 0.051540 -0.000061
0.000072 -0.110893 0.000053 -0.000009 -0.035804 -0.281372 0.042154 -0.185189 0.072924 -0.000030 -0.003759 -0.000006 -0.000081 0.033553 -0.096425 0.075959 0.069954 0.059784 0.000104 -0.063387 -0.000093 0.257770 0.003062 0.358066 0.106258 0.388697 0.000460 0.000033 0.073864 -0.067140 -0.040003 -0.000027 0.392428 -0.217874 -0.027249 0.111750 0.000042 -0.080505 -0.000052 0.034324 -0.158025 -0.045737 0.000191 -0.508139 0.058660 -0.023943 -0.000171 -0.199837 0.074005 0.000166 0.028232 -0.017775 0.000052 0.168850 0.077582 -0.000522 0.026627 0.051059 0.000117
-0.000205 0.306303 -0.000038 -0.000167 -0.124809 -0.019560 -0.403209 0.014494 0.022975 -0.000870 0.105349 0.000132 -0.000055 0.229541 0.012249 -0.186126 0.021148 0.016051 0.000219 -0.310739 -0.000476 0.112470 0.178719 -0.269539 0.091103 0.236595 -0.000096 0.000320 0.070718 0.113691 0.233037 -0.000029 0.275936 -0.146280 -0.050554 -0.068180 -0.000032 0.081078 -0.000015 0.140374 -0.149004 0.040204 -0.000056 0.315636 0.015785 -0.113156 0.000010 -0.031591 -0.270064 -0.000072 0.001847 -0.034377 0.000035 0.131737 0.025283 -0.000814 0.001801 0.011945 -0.000029
-0.000377 0.070532 -0.000069 0.000093 0.183905 -0.044985 -0.139424 -0.105281 0.043153 0.000181 0.105575 -0.000010 -0.000031 -0.012407 0.074496 0.074419 0.041585 0.034878 0.000224 0.045523 -0.001011 -0.336761 0.181262 -0.370032 0.180004 0.134370 0.000173 -0.000114 -0.022776 0.013840 0.165601 -0.000079 0.024783 0.050059 0.116415 -0.137601 0.000040 0.125175 -0.000069 0.281256 0.211574 -0.041900 -0.000098 0.285347 0.034056 -0.192302 -0.000022 -0.002405 -0.102194 0.000220 0.012647 0.099321 0.000076 -0.112142 0.046412 -0.000713 0.011443 0.028955 0.000062
0.000098 -0.060899 0.000077 0.000008 -0.114961 -0.069418 0.261928 0.084470 0.051159 -0.000452 -0.185416 -0.000163 -0.000086 0.175907 -0.212608 0.222904 0.049528 0.041458 -0.000030 -0.253592 -0.000558 -0.018884 -0.334148 0.214041 -0.346954 -0.049496 0.000153 -0.000080 0.002908 -0.143853 0.051918 0.000017 0.133445 0.244397 0.063583 0.102576 -0.000074 0.142609 0.000194 0.145537 0.022756 0.234626 0.000032 0.018844 0.040803 0.058508 -0.000199 0.008266 -0.252152 0.000025 0.017350 -0.082606 0.000112 0.062926 0.055148 -0.000447 0.016192 0.035010 0.000195
-0.000244 -0.292026 -0.000027 -0.000047 0.040366 0.277110 0.003131 -0.013357 0.071872 -0.000455 -0.075877 -0.000101 0.000081 0.387949 -0.015924 -0.151179 0.068699 0.058247 -0.000126 0.166043 -0.000241 -0.106401 0.068518 0.085653 -0.330430 -0.001660 0.000045 -0.000036 -0.230385 0.300954 0.109079 -0.000039 -0.259863 0.109266 -0.075365 -0.152676 -0.000006 -0.232937 -0.000075 0.150068 -0.043482 0.102992 -0.000153 0.442477 0.057233 -0.110507 0.000021 -0.076244 0.002217 0.000082 0.026617 0.047969 -0.000094 0.016499 0.077393 0.000150 0.025027 0.049547 -0.000175
0.000111 -0.003003 0.000189 -0.000112 0.015710 -0.013637 0.020776 0.140940 0.055418 -0.000646 0.161351 -0.000219 0.000004 -0.016570 -0.220074 0.122582 0.052991 0.044232 0.000258 0.042425 -0.000676 -0.130321 0.046065 0.033042 0.060040 -0.227005 0.000109 0.000375 -0.173218 0.025663 0.121889 -0.000035 -0.094136 0.056950 -0.077166 0.016366 0.000094 -0.030224 -0.000108 0.125020 0.114936 0.027392 -0.000080 0.036768 0.043167 0.002348 0.000153 0.100876 0.153988 0.000004 0.017224 0.418290 0.000078 -0.005120 0.059636 0.000147 0.015847 0.036723 0.000145
-0.000115 0.032893 -0.000012 -0.000049 0.151537 0.131783 -0.281365 0.051767 0.035880 0.000076 -0.220096 -0.000016 -0.000133 -0.285365 -0.008058 -0.044003 0.035056 0.028633 0.000610 0.011854 -0.000119 0.108959 -0.185031 0.122354 0.109038 0.251531 0.000133 -0.000026 -0.095866 -0.046094 0.045831 -0.000039 -0.195089 0.072900 -0.005893 0.154578 0.000109 -0.147814 -0.000140 0.002267 0.149335 0.003077 -0.000118 -0.211119 0.028070 0.045443 -0.000047 -0.136180 -0.021541 0.000015 0.010806 0.149886 0.000114 0.204950 0.038942 -0.000282 0.010108 0.023800 -0.000111
-0.000101 0.154790 -0.000024 -0.000026 0.039716 -0.069709 0.016345 -0.151768 0.036730 0.000509 0.108160 -0.000036 -0.000015 -0.173014 0.103224 -0.028448 0.035113 0.030098 0.000165 -0.073479 -0.000988 0.074051 0.115819 0.146832 -0.041429 0.161856 0.000200 0.000149 -0.228210 0.162258 0.252387 -0.000019 -0.114448 -0.043289 0.149343 0.182740 0.000013 0.008783 0.000001 -0.060720 -0.120651 0.141672 0.000140 0.249035 0.029538 -0.014972 0.000089 0.140269 0.060543 -0.000067 0.011437 -0.237957 0.000202 0.194030 0.039169 -0.000662 0.010358 0.025342 0.000216
-0.000388 0.149124 0.000006 0.000061 -0.011031 -0.019629 -0.109199 -0.216357 0.061815 -0.000038 -0.313899 0.000249 -0.000239 0.394680 0.189062 0.193829 0.059433 0.051145 0.000459 0.034211 -0.000543 -0.313714 0.197959 -0.083521 -0.172610 0.023537 0.000018 0.000732 -0.060124 -0.340587 0.041244 -0.000017 0.336636 -0.097560 -0.004111 0.128065 0.000061 -0.005305 -0.000152 -0.435206 0.175432 0.150443 -0.000081 -0.147030 0.050340 -0.072635 0.000169 0.504326 -0.076857 -0.000004 0.024029 0.059350 0.000031 0.296178 0.065565 -0.000484 0.022598 0.043988 -0.000053
0.000813 -0.235680 0.000024 0.000009 -0.061759 -0.114285 0.168443 0.010461 0.065555 0.000406 -0.045605 0.000008 0.000023 -0.096751 0.008702 0.088607 0.063156 0.055160 0.000355 -0.003873 -0.000373 -0.154084 0.345354 -0.042538 -0.259120 0.262403 0.000023 0.000389 0.192770 0.130574 -0.114713 -0.000015 -0.037330 -0.035178 0.132756 -0.038224 0.000085 0.123575 -0.000032 -0.114013 0.161164 0.265896 0.000049 -0.110430 0.054410 -0.295512 0.000128 -0.120418 0.178900 0.000100 0.028472 -0.323167 0.000046 0.019099 0.069441 -0.000004 0.027036 0.048169 0.000070
-0.000401 0.057040 0.000060 -0.000008 -0.045790 -0.002088 0.204099 0.019821 0.082666 -0.000657 -0.172881 -0.000002 -0.000074 0.367304 0.129199 -0.362527 0.078718 0.068739 0.000511 0.241141 -0.000335 -0.377208 -0.025937 -0.122639 0.243209 0.095354 0.000305 0.000469 0.217406 -0.174236 0.248624 0.000099 0.114767 0.063582 0.131338 0.163469 -0.000012 0.013556 -0.000028 0.107081 0.211945 -0.176841 -0.000057 0.045682 0.067720 0.027057 -0.000047 0.008286 -0.108594 -0.000024 0.034919 0.022211 -0.000144 -0.146938 0.087215 -0.000879 0.033182 0.059651 0.000560
-0.000064 0.162096 0.000005 -0.000072 -0.014535 0.309648 -0.205511 -0.150133 0.074306 -0.000256 -0.146027 -0.000053 0.000007 0.070144 0.136178 -0.041002 0.071669 0.061107 0.000485 -0.049357 0.000137 -0.112124 0.004701 -0.054427 -0.016218 0.167667 0.000245 0.000028 0.233151 -0.089944 -0.344631 0.000053 -0.056635 0.149405 -0.117452 0.062285 0.000020 -0.079632 0.000058 -0.107880 -0.207261 -0.004572 0.000130 0.117389 0.060196 -0.135295 0.000083 0.091608 -0.023310 0.000222 0.029360 0.098619 0.000060 0.090474 0.079700 -0.000179 0.027735 0.052484 -0.000090
0.000214 -0.086222 0.000033 0.000250 -0.158811 0.154358 0.111674 -0.119482 0.030349 0.000331 -0.183306 0.000275 0.000041 0.237114 -0.127163 0.446445 0.028746 0.024466 0.000774 0.023037 -0.000813 -0.100931 0.204950 -0.077198 -0.124794 0.131729 0.000124 0.000109 0.021724 -0.342525 -0.445536 -0.000025 -0.171307 0.171666 -0.059893 0.040899 0.000075 -0.058441 -0.000132 -0.225532 -0.165076 -0.130226 -0.000111 0.118592 0.023992 0.128322 0.000146 -0.427735 0.007251 0.000228 0.009090 0.141081 0.000267 0.133158 0.032530 -0.000439 0.008324 0.020318 0.000008
0.000166 -0.195710 -0.000058 -0.000119 -0.204843 0.222741 -0.180958 0.195220 0.016514 -0.000686 -0.004368 -0.000253 0.000013 0.177433 -0.031256 0.158092 0.015586 0.012526 0.000592 0.000153 -0.000767 -0.187829 0.032976 -0.009686 0.202638 -0.163714 -0.000095 0.000362 -0.397398 -0.172945 -0.068228 0.000027 0.105860 -0.001532 0.003139 0.225052 -0.000069 -0.127943 -0.000062 -0.075036 0.223698 -0.123151 -0.000271 0.161255 0.012241 0.382057 0.000212 -0.028228 0.019482 0.000248 0.003167 0.197571 0.000126 -0.124849 0.017868 -0.000373 0.002706 0.010146 0.000218
-0.000011 0.067339 -0.000157 -0.000098 -0.096747 0.074891 -0.000543 -0.058202 0.058646 0.000051 0.117181 -0.000076 -0.000045 -0.088054 -0.129843 0.181172 0.056585 0.047466 0.000693 0.130633 -0.000236 -0.042077 0.067253 0.368369 -0.037501 0.114138 0.000096 0.000523 -0.062845 -0.403462 0.086879 -0.000042 0.032918 -0.044597 0.031928 0.260724 -0.000131 -0.105065 0.000105 -0.129901 -0.007570 0.246126 0.000193 -0.226593 0.046905 -0.015392 0.000081 0.061429 0.002618 0.000121 0.020546 0.198790 0.000478 -0.152145 0.063961 -0.000245 0.019129 0.040152 0.000030
0.000170 -0.019739 0.000127 0.000023 -0.296535 0.028256 0.157735 -0.194445 0.074986 0.000013 0.230607 0.000073 -0.000038 0.444073 0.045061 -0.024975 0.071782 0.061099 0.000379 0.104208 0.000118 -0.291774 -0.320004 0.168511 0.025927 -0.083489 -0.000094 0.000024 0.001780 -0.127366 -0.054137 -0.000087 -0.074214 -0.060041 -0.018606 0.018156 0.000079 0.130586 0.000005 -0.140135 0.097258 0.135851 0.000013 -0.028763 0.060143 -0.031329 -0.000171 0.421116 0.087219 0.000018 0.027840 -0.137538 0.000254 -0.015886 0.080757 -0.000498 0.026157 0.051960 0.000108
0.000150 0.441659 0.000113 -0.000134 -0.066708 -0.216499 -0.087978 -0.227423 0.073775 -0.000105 0.041153 0.000046 -0.000078 0.189572 0.006995 0.223793 0.071260 0.061332 0.000637 -0.016227 -0.000331 -0.002732 0.026782 0.017647 -0.286320 -0.014944 0.000115 -0.000096 0.385491 -0.183318 0.047172 0.000061 0.204163 -0.105330 -0.070786 -0.006157 0.000077 0.046815 0.000020 -0.084886 0.009137 -0.054659 0.000051 0.267146 0.060334 0.206223 -0.000057 0.081392 0.126742 -0.000058 0.030041 -0.115260 0.000278 -0.078892 0.078341 0.000216 0.028401 0.053081 -0.000097
-0.000028 -0.002871 -0.000121 -0.000149 -0.012673 0.102661 0.015901 0.091796 0.077307 0.000003 0.284358 0.000078 -0.000041 0.048370 -0.048463 -0.019414 0.074496 0.065269 0.000519 0.109328 -0.000558 -0.225524 0.190607 -0.109489 0.241542 -0.002847 0.000263 0.000137 0.157668 -0.160819 -0.120792 0.000030 -0.134764 -0.178690 -0.056958 -0.191620 -0.000018 -0.133729 -0.000031 -0.066776 0.003307 0.097017 -0.000135 -0.110826 0.064389 -0.041489 -0.000075 0.061665 -0.189555 -0.000019 0.033945 0.166331 0.000448 0.198246 0.082229 -0.000607 0.032301 0.056901 0.000024
0.000180 0.136204 0.000065 -0.000047 -0.020831 0.044699 -0.012418 -0.069376 0.038138 -0.000179 0.166142 0.000034 -0.000045 0.124257 0.077187 0.140479 0.035378 0.028668 -0.000249 -0.073977 -0.000517 0.197887 0.044048 -0.001352 0.116673 0.049935 0.000213 -0.000122 0.024315 -0.202571 -0.020456 0.000073 0.002177 -0.024053 -0.034661 -0.566909 0.000061 0.119843 -0.000072 -0.283784 0.167549 0.089080 0.000125 -0.082448 0.027993 0.039535 -0.000127 0.026316 -0.013389 0.000111 0.007710 -0.089707 -0.000123 0.293066 0.041548 -0.000493 0.006670 0.022780 0.000177
-0.000222 0.172486 -0.000076 -0.000037 0.332634 0.024008 -0.128681 -0.046090 0.039990 0.000019 -0.047709 -0.000049 -0.000068 -0.005697 0.001987 -0.192953 0.038013 0.031269 0.000111 0.069342 -0.000364 -0.168092 0.087193 0.046044 0.092503 0.098440 0.000174 -0.000017 -0.000797 -0.093452 0.092945 0.000085 -0.143090 0.157685 0.014710 0.089588 -0.000251 -0.111650 -0.000235 0.331656 0.007517 -0.224535 -0.000176 0.253041 0.030581 0.067548 -0.000061 -0.259596 -0.022207 -0.000067 0.009211 -0.078982 0.000115 0.085239 0.043936 -0.000411 0.008254 0.025391 0.000266
-0.000032 -0.234103 0.000053 0.000045 0.034884 0.067702 0.027301 0.302201 0.025878 -0.000505 0.027811 -0.000045 0.000078 0.225229 0.001803 0.056269 0.024754 0.020648 0.000565 0.223117 -0.000207 -0.263939 -0.218391 0.036652 -0.101502 0.240839 0.000176 0.000199 0.003409 -0.413637 -0.079755 0.000014 -0.130228 -0.032511 0.132354 0.013026 -0.000038 0.052519 -0.000003 0.108828 0.314594 -0.184965 0.000050 -0.171142 0.020247 0.176427 0.000055 0.027981 -0.099094 0.000016 0.006589 0.135907 0.000464 -0.166862 0.027697 -0.000063 0.005828 0.016882 -0.000172
-0.000344 0.058071 0.000002 0.000002 0.122577 0.168084 -0.202526 -0.026496 0.034417 -0.000197 -0.104787 -0.000000 -0.000096 0.004064 0.140726 -0.127834 0.033389 0.026526 0.000175 0.104204 -0.000477 0.008291 -0.126233 0.013409 0.021150 -0.216488 0.000767 0.000070 -0.020865 0.021325 -0.209182 -0.000003 -0.139971 0.097764 -0.063689 -0.101749 0.000106 -0.217091 -0.000004 0.024115 0.240624 0.117399 0.000111 -0.276292 0.026244 0.125545 0.000082 0.336118 -0.271336 -0.000053 0.007698 0.025853 0.000730 -0.003780 0.038013 -0.000665 0.007223 0.021243 0.000088
0.000168 0.161266 0.000151 -0.000161 -0.054103 -0.014075 0.145786 -0.021770 0.051705 -0.000345 0.032985 -0.000014 -0.000038 0.250926 -0.130778 0.076146 0.049614 0.040047 0.000760 0.040533 -0.001237 -0.010147 0.060659 0.031142 -0.144256 0.269649 0.000212 0.000743 -0.087335 0.005413 0.032442 0.000002 -0.215362 -0.236267 0.184774 0.170399 -0.000014 0.016724 -0.000239 -0.026456 -0.270829 0.102062 0.000207 -0.074512 0.039273 0.043344 -0.000144 -0.031865 0.201036 0.000030 0.013086 -0.058344 0.000104 -0.080621 0.056468 -0.000385 0.011758 0.032474 0.000810
-0.000083 -0.051951 -0.000135 -0.000091 -0.014675 0.199296 0.180592 -0.078908 0.088777 -0.000496 0.121854 -0.000023 0.000001 0.044713 -0.202996 0.241270 0.084987 0.073870 0.000386 0.026064 0.000007 0.161693 0.028673 -0.074175 -0.245744 -0.535809 -0.000204 -0.000057 -0.076407 0.316208 -0.194531 -0.000083 -0.027469 0.091889 -0.143198 0.008953 -0.000122 0.115596 0.000306 0.246200 -0.133376 -0.303268 0.000039 -0.036491 0.072757 -0.025750 0.000157 0.008225 0.400855 -0.000070 0.038405 0.099839 0.000308 0.027176 0.094170 -0.000770 0.036626 0.064082 0.000289
-0.000492 0.114065 -0.000030 0.000082 -0.148604 0.032942 0.007690 -0.069714 0.044853 -0.000334 -0.172207 -0.000087 0.000093 0.623248 -0.317981 0.024566 0.042936 0.036312 -0.000127 -0.471845 -0.000130 0.145084 0.223981 0.103746 -0.021228 0.229339 -0.000053 -0.000140 -0.007630 0.107808 0.353886 -0.000057 0.009331 -0.218167 -0.010733 -0.101282 0.000002 0.277665 -0.000142 -0.355889 -0.135324 0.107717 -0.000024 0.242246 0.035588 -0.036258 -0.000041 0.298724 0.073124 -0.000021 0.015178 -0.041113 0.000082 -0.180222 0.048091 -0.000434 0.014045 0.030629 -0.000010
0.000418 0.173175 -0.000110 -0.000169 0.146654 -0.097786 -0.204902 -0.217948 0.015008 -0.000624 -0.281928 0.000012 -0.000155 -0.239411 -0.129070 0.038701 0.014423 0.012103 0.000405 0.020933 -0.000690 0.045569 0.251585 -0.219673 0.011651 0.102398 0.000226 0.000111 -0.045409 0.208520 -0.128876 -0.000010 0.047744 -0.101875 -0.174998 -0.152180 0.000142 0.095862 0.000085 0.337794 0.249497 0.071798 -0.000061 -0.053561 0.011864 0.039058 -0.000108 0.150779 0.079747 0.000067 0.003348 -0.008183 0.000216 -0.047570 0.015924 -0.000521 0.002999 0.009816 0.000021
0.000106 0.004851 -0.000087 -0.000023 0.094427 0.085032 0.233341 -0.233290 0.031514 -0.000493 0.077735 -0.000094 -0.000072 -0.218858 -0.131332 0.134141 0.030131 0.025087 -0.000125 0.123992 -0.000433 0.013650 0.215264 0.327231 -0.020632 0.022439 0.000027 -0.000256 0.007592 0.037264 -0.451752 0.000090 -0.020683 -0.000969 0.034325 -0.397149 0.000035 0.155950 -0.000037 -0.101182 0.140175 -0.191504 0.000218 -0.062043 0.024547 0.004870 -0.000074 -0.075601 0.096956 0.000211 0.008876 -0.175659 0.000214 -0.004293 0.033835 -0.000009 0.008135 0.020637 -0.000164
0.000878 0.141563 -0.000048 -0.000302 0.303745 -0.096532 0.027872 -0.381889 0.055970 -0.000255 -0.114277 0.000150 0.000056 0.063927 -0.220137 -0.325817 0.053485 0.044815 -0.000238 0.195616 -0.000588 -0.021069 0.016663 0.127137 0.271404 0.258756 0.000183 0.000159 0.072861 -0.022530 -0.268076 -0.000110 -0.110655 0.176652 -0.089345 -0.254097 -0.000125 0.051804 0.000145 -0.072168 0.050653 -0.023675 0.000168 0.149441 0.044240 -0.269272 0.000011 -0.031457 -0.208633 -0.000084 0.017762 0.051081 0.000096 -0.118629 0.060513 -0.000493 0.016332 0.037494 0.000156
-0.000096 -0.060631 -0.000133 0.000057 -0.114546 0.152552 0.145745 0.024267 0.022058 -0.000349 -0.021750 0.000154 -0.000218 0.123918 -0.127939 -0.138981 0.021438 0.016937 0.000191 0.093639 -0.000100 0.036915 -0.092970 -0.039232 0.164568 0.102000 0.000266 0.000088 0.034491 -0.230028 0.134179 0.000128 -0.010473 0.013505 -0.044224 -0.000468 0.000011 0.053065 -0.000037 -0.082816 0.031016 -0.012060 0.000074 -0.029966 0.016688 -0.100404 0.000022 0.189445 -0.188496 0.000055 0.005162 0.135239 0.000109 0.299729 0.023725 -0.000117 0.004517 0.013631 -0.000135
0.000028 -0.148654 0.000056 0.000251 0.054333 -0.039956 0.026685 0.205409 0.064740 -0.000583 0.132764 0.000007 0.000039 -0.036041 0.025511 -0.154052 0.061596 0.052474 0.000143 -0.034609 -0.000522 0.047697 -0.056072 0.234728 0.188630 -0.199106 0.000068 -0.000014 0.001622 -0.004642 -0.136300 -0.000035 -0.170711 0.094701 0.008464 -0.004351 0.000160 0.154565 0.000120 -0.021978 0.216509 0.057709 0.000203 -0.002387 0.051659 -0.076651 -0.000060 -0.017385 -0.130738 0.000248 0.023866 -0.152654 0.000135 -0.003598 0.068818 -0.000244 0.022372 0.044730 0.000027
-0.000002 -0.132393 0.000059 0.000041 -0.045074 -0.028591 -0.239217 -0.002891 0.079026 -0.000198 0.118337 -0.000183 0.000046 0.274584 0.290551 0.287536 0.075865 0.064970 0.000343 -0.357315 -0.001011 0.145542 0.203280 -0.211632 0.139981 0.131207 -0.000052 0.000001 -0.063567 0.141428 0.031271 -0.000063 -0.203357 -0.099238 -0.023834 0.321047 0.000046 0.010163 0.000075 0.070964 -0.206397 0.060519 0.000037 -0.312735 0.064140 0.008705 -0.000128 -0.116670 -0.055828 0.000015 0.029885 -0.102565 0.000352 -0.118281 0.084465 0.000190 0.028127 0.055529 0.000807
0.000121 0.252665 -0.000175 -0.000168 -0.148442 -0.014985 0.023695 -0.143006 0.015686 -0.000242 0.155512 -0.000049 0.000091 -0.029028 -0.254484 -0.015312 0.014789 0.011663 0.000260 -0.029370 -0.000605 0.006955 0.114238 0.182835 0.096997 -0.086870 0.000181 -0.000029 0.170658 0.219525 -0.028809 -0.000031 -0.133095 0.052640 -0.004258 0.250621 0.000016 0.150086 0.000099 0.079984 -0.090278 -0.036676 -0.000081 -0.082002 0.011411 -0.195252 -0.000042 -0.182953 0.026384 -0.000001 0.004865 0.045316 0.000300 0.024003 0.017144 0.000055 0.004513 0.009311 -0.000395
-0.000008 0.023789 -0.000081 -0.000068 -0.304161 -0.087006 -0.088733 -0.302055 0.044091 0.000364 0.309035 0.000050 0.000061 0.287201 0.078627 0.019784 0.042112 0.035432 0.000404 0.057273 -0.000548 0.003847 -0.152819 -0.171779 -0.003311 0.021742 0.000051 0.000086 0.191737 -0.575327 0.050660 -0.000036 0.183430 -0.020903 0.048901 0.207421 -0.000041 -0.132610 -0.000071 0.129023 0.270391 0.034243 -0.000073 -0.102700 0.034782 0.081642 -0.000209 0.031929 0.259692 -0.000160 0.012789 0.004771 0.000368 -0.282000 0.047759 -0.000276 0.011792 0.029205 0.000091
0.000107 -0.299892 -0.000008 0.000218 0.200551 0.000764 0.015579 -0.219747 0.066425 -0.000197 -0.191686 -0.000044 0.000094 0.101935 0.057701 0.066760 0.063558 0.054064 0.000124 -0.092058 -0.000258 0.232558 0.002171 -0.071598 -0.257123 -0.339025 0.000056 -0.000108 0.467255 -0.367317 0.055380 -0.000013 0.170195 -0.005692 0.227591 0.076816 0.000080 0.363469 -0.000215 -0.188972 0.046308 0.213876 0.000056 0.002573 0.053182 0.106094 0.000179 0.035737 -0.045427 0.000092 0.024536 -0.038485 0.000157 0.209930 0.071255 -0.000406 0.023033 0.045922 -0.000188
-0.000331 0.119905 0.000060 0.000101 -0.194889 0.251717 0.223703 0.032729 0.051996 0.000086 0.062453 -0.000055 -0.000014 -0.303066 -0.286100 -0.003488 0.049481 0.041924 0.000177 0.007426 -0.000746 0.059086 -0.146291 -0.242547 -0.189799 0.084130 0.000249 -0.000032 0.159622 0.090692 0.117518 -0.000015 -0.074957 0.342802 -0.008363 -0.220707 0.000012 -0.065346 -0.000064 0.017485 -0.014934 0.007545 0.000136 0.279706 0.041216 0.095830 0.000076 0.146034 -0.069147 0.000178 0.016716 0.095902 0.000293 -0.066487 0.055933 -0.000839 0.015412 0.034955 -0.000216
0.000009 -0.009615 -0.000108 0.000050 -0.097277 0.221724 0.093638 0.012127 0.065991 -0.000531 -0.104605 -0.000025 -0.000061 -0.030055 0.212864 -0.332983 0.063840 0.053144 0.000019 0.002800 0.000154 0.415527 -0.083136 -0.494620 0.046800 -0.224799 0.000112 -0.000098 0.105955 0.014307 -0.069772 -0.000039 0.207725 0.427450 -0.171784 -0.173501 0.000019 -0.113489 0.000049 -0.186130 0.186500 -0.272637 -0.000083 0.005814 0.051881 0.298312 0.000195 -0.028097 0.038916 -0.000011 0.021163 -0.068626 -0.000067 0.253249 0.071239 -0.000693 0.019588 0.044142 -0.000056
0.000154 0.282566 -0.000053 0.000004 0.154487 -0.050109 0.091852 0.127529 0.052903 -0.000498 -0.079836 -0.000002 0.000020 -0.038221 -0.137098 0.172955 0.050653 0.041890 0.000160 0.034387 -0.000955 0.049413 -0.043530 0.026225 0.147915 0.098198 0.000120 0.000594 -0.020480 0.120508 0.596029 0.000002 -0.177036 0.017609 -0.085369 -0.005426 -0.000038 -0.026005 -0.000011 -0.249291 0.115372 0.020835 0.000183 -0.136438 0.040970 0.136280 -0.000048 0.013604 0.182177 0.000170 0.016551 -0.000554 0.000576 0.099089 0.057294 -0.000719 0.015236 0.034902 -0.000044
-0.000109 0.107969 -0.000026 -0.000116 -0.120214 -0.025437 0.096364 -0.154302 0.071677 -0.000479 0.437303 0.000066 -0.000189 -0.149216 -0.018259 0.202835 0.068448 0.059064 0.000639 -0.017768 -0.000471 -0.053060 0.074962 0.135806 -0.082659 -0.016090 0.000140 0.000157 0.109452 0.382661 -0.028824 0.000067 0.067536 -0.386512 0.007858 0.055226 -0.000002 -0.194425 -0.000323 0.224109 -0.203331 -0.004457 -0.000061 -0.008378 0.058210 -0.035678 0.000292 -0.315004 0.031736 -0.000002 0.029147 0.143480 0.000366 0.031503 0.075864 -0.000708 0.027611 0.051088 0.000158
0.001238 0.032348 -0.000028 0.000183 0.031659 -0.032916 -0.011425 0.080641 0.047394 0.000880 0.284845 -0.000032 0.000198 -0.298717 0.208781 0.305686 0.045603 0.037388 0.000550 0.016941 0.000140 -0.049985 0.145550 -0.085539 0.001570 -0.007697 0.000198 -0.000093 -0.046882 -0.085853 0.031337 0.000018 -0.040135 -0.227445 -0.025131 0.104190 0.000075 -0.306899 0.000116 -0.022059 0.092468 0.159312 0.000216 -0.073147 0.036557 0.055256 -0.000277 -0.097630 0.090634 -0.000002 0.013994 0.109977 0.000095 0.087771 0.051338 -0.000527 0.012867 0.030924 -0.000178
-0.000410 0.275455 0.000056 -0.000199 -0.310424 -0.114403 0.229974 0.212011 0.062042 -0.000542 0.005408 -0.000151 0.000100 0.013944 -0.221214 0.009568 0.059956 0.052499 0.000001 -0.176044 -0.000236 -0.011984 0.394136 -0.091903 -0.118039 0.008879 0.000114 0.000607 0.046374 0.003177 0.021661 -0.000066 -0.131395 0.073248 0.068242 0.094795 -0.000013 -0.042936 0.000069 -0.049219 0.351942 -0.089115 -0.000068 0.277386 0.051861 0.101286 0.000080 0.006291 -0.062018 0.000125 0.026623 -0.448368 -0.000002 -0.186742 0.065675 -0.000530 0.025191 0.045879 0.000183
0.000997 0.238522 0.000160 -0.000093 -0.125440 -0.168459 0.220724 -0.149299 0.038812 0.000286 0.018315 0.000039 -0.000079 -0.090945 -0.295766 -0.188779 0.036516 0.030362 0.000384 0.046659 -0.000901 0.168310 0.029367 -0.083949 -0.175604 -0.183728 -0.000048 -0.000120 0.090631 0.114342 -0.021985 -0.000021 0.083579 0.097720 0.250822 -0.109398 0.000068 0.174103 0.000102 0.079401 0.021690 0.256498 0.000131 0.135813 0.029753 0.045320 0.000100 -0.124122 0.088220 -0.000048 0.010001 0.020000 0.000070 -0.536789 0.041660 -0.000646 0.009075 0.024886 -0.000028
0.000219 -0.248541 -0.000035 -0.000025 -0.028373 -0.002476 0.230380 -0.129090 0.065019 0.000283 -0.044610 -0.000059 -0.000116 0.121110 -0.167177 0.019583 0.062639 0.054601 0.000451 0.307009 -0.000891 -0.046692 -0.042095 -0.244866 -0.002033 -0.322010 0.000214 0.000039 0.238921 -0.132875 0.081878 0.000039 0.283070 0.137101 0.008930 0.055833 -0.000010 0.316797 -0.000028 -0.021834 -0.094691 0.196493 0.000050 0.147289 0.053785 -0.002995 0.000006 -0.201551 0.171357 0.000162 0.026839 -0.102717 -0.000063 0.033769 0.069371 -0.000075 0.025350 0.047296 0.000524
0.000048 0.101066 0.000011 -0.000062 0.024564 -0.053914 0.087096 -0.141505 0.089459 0.000024 0.380027 0.000037 -0.000011 -0.090559 -0.039214 -0.075415 0.086179 0.074301 0.000727 0.132188 -0.000400 -0.073755 -0.049264 -0.136749 -0.468633 0.377713 0.000255 0.000712 0.109420 -0.011883 0.049796 -0.000029 0.184445 0.008153 0.151487 -0.060279 -0.000083 0.016096 0.000090 0.115611 -0.091810 -0.126783 0.000039 -0.057405 0.073523 -0.385670 0.000139 0.086194 0.184302 0.000089 0.038085 0.083780 0.000291 0.112154 0.095942 -0.000336 0.036244 0.064481 0.000065
-0.000076 -0.265551 -0.000241 0.000091 0.043394 0.061366 0.125536 -0.170683 0.041440 -0.000449 0.126393 0.000050 0.000153 0.085864 0.089346 0.120324 0.039271 0.031540 0.000184 0.027187 -0.000282 -0.064840 -0.001951 0.185683 0.479854 0.004887 0.000016 0.000240 -0.051031 0.268031 0.146139 -0.000103 -0.166056 -0.105533 0.003941 0.003610 -0.000091 0.378218 -0.000059 -0.002908 -0.105973 -0.093542 -0.000069 -0.194945 0.030754 0.019441 0.000131 0.158661 0.037962 -0.000160 0.009558 -0.256034 0.000062 0.178487 0.045444 -0.000648 0.008623 0.025232 -0.000093
-0.000355 -0.199040 -0.000009 -0.000023 0.165089 0.162257 0.058180 -0.172398 0.043243 0.000266 -0.361796 -0.000059 0.000091 0.060361 0.208181 -0.172235 0.041152 0.034545 0.000760 -0.001532 -0.000667 -0.043888 0.013661 -0.266058 0.117370 0.203450 -0.000268 0.000112 0.060324 0.154128 0.067044 0.000019 -0.198609 0.028004 -0.068578 -0.065907 0.000025 0.070370 -0.000090 0.059545 0.008472 0.092521 0.000064 -0.304550 0.033713 0.002501 0.000048 0.111017 -0.066245 -0.000045 0.012593 -0.020372 0.000106 0.203212 0.046812 -0.000300 0.011472 0.028443 0.000083
-0.000620 -0.003735 0.000002 0.000126 0.095243 -0.053154 0.220668 0.058584 0.070392 -0.000312 0.175132 -0.000250 0.000063 -0.043373 -0.030650 -0.049199 0.067346 0.057800 0.000102 0.056694 -0.000120 -0.019748 -0.167726 -0.173321 -0.088075 -0.215502 0.000107 -0.000121 0.226351 -0.113960 -0.004438 0.000036 -0.001330 0.053496 -0.154322 -0.070614 -0.000061 0.031878 0.000090 -0.050625 0.094775 0.078649 0.000060 -0.009372 0.056750 0.348260 -0.000097 0.018347 -0.123768 -0.000337 0.026870 0.052404 0.000253 -0.287050 0.075323 -0.000288 0.025295 0.049329 -0.000128
-0.000068 0.281803 0.000103 -0.000163 0.022900 0.039108 0.027999 -0.248908 0.079142 -0.000207 0.001714 -0.000015 0.000085 0.502159 0.106942 -0.147628 0.075970 0.065613 0.000713 -0.092261 -0.000621 0.093029 0.244502 -0.007995 -0.019791 -0.389357 0.000223 -0.000040 0.005676 -0.031963 0.014813 0.000008 0.157931 0.049516 -0.056035 0.032291 0.000128 -0.021408 -0.000060 0.184976 -0.000233 0.052400 0.000055 -0.100357 0.064903 -0.175004 0.000083 -0.179215 -0.225065 0.000060 0.033694 0.039821 -0.000118 0.206897 0.084128 -0.000997 0.032043 0.056983 0.000092
0.000881 0.011712 0.000125 0.000137 0.241510 -0.014262 -0.245386 0.028966 0.088362 -0.000265 0.178215 -0.000088 -0.000125 -0.016598 0.090125 -0.271396 0.085278 0.074871 0.000420 -0.029218 -0.000454 -0.109442 0.139418 0.022791 -0.005891 -0.047803 0.000009 -0.000077 -0.115027 -0.001086 -0.338183 0.000065 0.005589 -0.190321 0.108885 -0.171252 0.000055 -0.281898 -0.000006 0.000892 0.242878 -0.045716 -0.000204 -0.100157 0.073456 -0.139715 -0.000333 0.241946 -0.026666 0.000132 0.038730 -0.306376 -0.000121 0.321221 0.093781 -0.000615 0.036860 0.065108 -0.000055
-0.000033 0.046409 0.000141 0.000212 -0.126980 -0.018451 0.144335 0.042974 0.025368 0.000255 0.054324 0.000008 -0.000060 0.207035 -0.239914 -0.081915 0.024434 0.021240 0.000016 -0.063097 -0.000843 0.164043 -0.047137 0.286733 -0.078365 0.318998 -0.000369 -0.000278 0.202112 0.084118 -0.212488 -0.000081 -0.104022 0.057053 0.131841 0.256331 -0.000025 -0.027642 -0.000003 0.203386 -0.177816 0.208874 0.000037 0.082740 0.020911 -0.171053 0.000024 -0.212411 0.053714 -0.000094 0.008676 -0.344849 -0.000015 -0.383490 0.026859 -0.000887 0.008168 0.018069 -0.000226
-0.000107 -0.056040 -0.000034 -0.000128 -0.350828 0.038122 0.011500 0.210292 0.063578 0.000206 -0.057649 0.000047 -0.000254 0.007547 -0.088776 0.129911 0.061858 0.054006 0.000096 -0.013682 -0.000240 0.030171 -0.363719 -0.107458 -0.216714 -0.182767 -0.000098 0.000006 0.328081 0.107321 -0.430904 -0.000010 -0.021378 0.033285 -0.084529 0.088252 0.000166 0.285952 0.000103 0.004114 -0.195069 0.032010 0.000070 -0.049438 0.053323 0.014403 -0.000043 -0.043653 -0.029824 -0.000346 0.028833 -0.030370 0.000038 -0.008398 0.067464 -0.000434 0.027506 0.047290 0.000392
0.000050 0.008452 0.000090 -0.000123 0.250628 0.070905 -0.183988 -0.009407 0.032876 -0.000525 0.235432 -0.000068 -0.000154 -0.235277 -0.129084 0.018352 0.031634 0.026730 0.000219 -0.050600 0.000120 0.230299 0.325533 0.151622 0.079649 -0.210706 0.000913 -0.000210 0.002938 -0.214451 -0.346141 -0.000008 -0.063475 0.112416 0.001721 0.018211 -0.000095 0.248297 -0.000061 -0.220405 -0.179899 -0.007813 -0.000058 0.194895 0.026322 0.260005 0.000092 0.208501 0.142562 0.000108 0.013571 -0.191200 0.000435 0.104933 0.034996 -0.000509 0.013104 0.022631 0.000148
-0.000641 0.062621 -0.000030 -0.000110 -0.006514 -0.007630 -0.051953 0.055097 0.061990 -0.000604 0.117953 0.000005 0.000157 -0.082767 -0.155245 0.086782 0.059804 0.050906 0.000288 -0.077733 -0.000353 0.115663 -0.002025 0.014800 0.339019 -0.118537 -0.000026 0.000155 -0.359293 -0.200110 -0.447711 -0.000028 -0.191309 0.124029 -0.121859 0.147466 -0.000022 0.324136 -0.000092 -0.040964 -0.071562 -0.079493 -0.000086 -0.307180 0.050063 -0.087969 -0.000246 0.247533 -0.045625 0.000137 0.023387 0.249080 0.000224 -0.022651 0.066087 -0.000529 0.021916 0.043586 0.000108
-0.000221 0.029059 -0.000203 -0.000152 0.129623 -0.195370 0.249726 -0.114175 0.044571 0.000103 -0.093960 -0.000034 -0.000222 0.037400 0.069372 -0.023334 0.042790 0.034337 0.000271 -0.170272 0.000189 -0.072576 -0.111625 -0.123843 0.225379 0.309379 0.000626 0.000166 -0.024494 -0.211014 -0.228394 -0.000058 0.110563 -0.087175 -0.006698 0.212510 0.000118 0.214011 -0.000011 -0.100119 0.086688 -0.115278 -0.000047 -0.077446 0.033594 -0.063979 0.000057 0.013713 -0.230913 -0.000272 0.009391 -0.138119 0.000169 0.179510 0.048562 -0.000635 0.008128 0.027344 -0.000093
0.000077 0.183172 0.000084 0.000106 0.205670 -0.078362 -0.165091 -0.089031 0.024733 -0.000027 -0.023030 -0.000011 -0.000093 -0.151527 0.252356 -0.159551 0.023295 0.018340 0.000126 -0.104464 -0.000730 0.243321 0.222033 -0.261537 0.277728 0.062260 0.000187 0.000209 -0.001059 0.297602 0.056734 0.000011 0.185952 -0.436361 -0.067775 -0.056364 0.000113 -0.128472 0.000060 0.120366 0.082811 -0.055366 0.000094 0.155891 0.017986 0.167840 0.000014 -0.110355 0.019419 0.000004 0.005119 -0.027021 0.000005 0.099504 0.027806 -0.000274 0.004673 0.014318 0.000099
-0.000026 0.112573 -0.000073 0.000007 -0.088789 -0.111879 -0.089095 0.100535 0.076622 -0.000072 -0.054917 0.000083 0.000069 0.015638 0.006492 -0.112869 0.074107 0.063706 0.000259 0.257867 0.000088 0.400469 0.023627 -0.427807 -0.109718 -0.181810 -0.000110 -0.000134 0.099892 0.140156 -0.029324 -0.000033 0.225347 -0.052070 0.073388 0.068071 0.000081 -0.205674 -0.000088 0.336645 -0.015698 -0.215816 0.000093 -0.093998 0.062802 -0.030364 0.000067 -0.022308 0.118178 -0.000251 0.030756 -0.019720 0.000131 -0.132724 0.082228 -0.000256 0.029062 0.054895 0.000442
-0.000000 -0.054079 0.000167 -0.000090 0.218007 -0.119153 0.198998 0.093335 0.042788 -0.000198 -0.130638 -0.000133 -0.000237 0.028098 -0.098819 0.058799 0.040722 0.034603 0.000022 -0.056690 -0.000713 0.219798 0.006956 0.118652 -0.026499 -0.289017 0.000036 0.000016 -0.026066 -0.132178 0.124815 0.000021 -0.177410 0.092467 0.202906 0.062520 0.000122 -0.134163 -0.000003 0.061367 0.035585 0.256442 0.000124 0.092355 0.033943 0.194642 0.000007 0.248926 0.020946 -0.000015 0.013737 -0.015639 -0.000164 -0.153264 0.046142 0.000291 0.012654 0.029067 0.000131
-0.000003 -0.166081 -0.000032 -0.000046 -0.126832 0.083145 0.085763 -0.057918 0.028234 0.000134 0.112920 0.000193 -0.000043 0.073863 0.128166 0.048081 0.027076 0.022752 -0.000082 0.346715 -0.000529 -0.245518 0.218849 0.116797 0.028080 0.046721 -0.000091 -0.000175 -0.160844 -0.018105 -0.025583 0.000020 -0.122880 -0.028082 0.001660 0.239984 0.000114 0.023513 0.000069 0.192085 -0.035819 -0.077028 -0.000155 0.216034 0.022332 0.038055 -0.000092 -0.196286 0.155609 -0.000086 0.008724 -0.357039 0.000112 -0.486782 0.030091 -0.000352 0.008049 0.018722 -0.000017
-0.000100 -0.029469 0.000125 -0.000008 0.252348 -0.002341 -0.200959 0.017065 0.016605 -0.000336 -0.214317 0.000028 -0.000095 -0.160016 0.235764 0.019221 0.015649 0.012046 0.000488 0.008414 -0.000318 0.006914 0.093699 0.281953 0.153209 0.309304 0.000167 0.000307 0.026019 -0.048192 0.360271 -0.000005 -0.158535 0.003645 0.164008 -0.225238 0.000009 0.340600 0.000130 -0.086197 0.209775 -0.257000 0.000063 0.112748 0.011703 0.102882 0.000066 -0.058031 -0.063751 0.000055 0.003189 0.027140 0.000477 0.027613 0.018124 -0.000641 0.002722 0.009067 -0.000084
-0.000403 -0.010352 -0.000095 -0.000148 0.064074 -0.053153 -0.115198 0.232909 0.030083 -0.000100 -0.237910 -0.000096 0.000127 0.021522 0.162445 0.080977 0.028538 0.023444 0.000366 0.078508 -0.000052 -0.089593 0.053673 0.002556 -0.257385 -0.133079 -0.000084 0.000032 0.283800 0.056286 0.296039 0.000015 0.013056 -0.007169 0.067249 -0.145950 -0.000001 0.077988 0.000015 -0.038074 0.200160 -0.166167 -0.000113 0.031091 0.022874 -0.004640 -0.000097 0.044984 -0.018765 -0.000014 0.006423 0.038335 0.000048 0.133654 0.032874 0.000080 0.006009 0.018812 0.000011
-0.000104 0.046514 0.000075 0.000057 -0.120274 -0.042484 -0.130596 0.004656 0.028914 0.000046 0.170335 -0.000132 0.000018 0.292777 0.000199 0.220603 0.027426 0.022691 0.000255 -0.362596 -0.000346 -0.059586 0.375667 0.049943 0.054038 -0.043133 0.000137 0.000192 0.169852 -0.204521 0.345823 0.000001 0.035647 -0.273538 -0.131281 -0.198906 0.000005 0.164613 0.000061 -0.169093 -0.011845 0.094373 -0.000092 -0.257264 0.022244 0.188652 0.000156 0.232922 -0.073444 -0.000057 0.008182 0.145532 -0.000182 -0.000701 0.031174 -0.000722 0.007426 0.018535 -0.000062
0.000268 0.013702 0.000039 0.000070 0.001334 -0.121929 0.000707 0.111497 0.001391 -0.000622 0.042581 0.000219 0.000062 -0.081393 0.042808 0.205864 0.001104 0.000001 0.000059 0.050924 0.000243 -0.239645 -0.291699 -0.070755 0.192209 0.119328 0.000168 0.000604 -0.154661 -0.100946 0.012088 -0.000045 0.333679 -0.001001 -0.038061 0.043426 0.000126 0.044618 0.000069 0.002685 0.129528 -0.000625 -0.000054 -0.184277 -0.000042 0.051340 -0.000079 0.203553 -0.376178 -0.000079 -0.000309 0.337513 0.000442 -0.203842 0.001832 -0.001032 -0.000299 -0.000417 0.000035
-0.000438 0.259741 -0.000023 0.000025 0.019156 -0.128201 -0.044737 0.112538 0.066038 -0.000387 0.218012 0.000122 -0.000102 -0.325855 -0.037580 0.224945 0.063067 0.053883 0.000142 -0.165085 -0.000529 0.017086 -0.279087 -0.002048 0.069115 -0.029834 -0.000022 0.000151 0.246583 0.033290 -0.037122 -0.000046 0.029950 -0.143072 -0.207581 0.038324 -0.000012 -0.130601 0.000069 -0.263989 0.352796 -0.285308 -0.000040 0.041899 0.053191 0.379620 -0.000108 0.195048 0.157321 0.000106 0.024568 0.011622 0.000124 -0.096192 0.070383 -0.000515 0.023028 0.046190 -0.000118
-0.000267 0.270316 0.000054 0.000283 -0.085492 -0.306384 -0.096178 0.085308 0.113549 -0.000556 0.048186 0.000034 -0.000090 0.404609 -0.008074 -0.044027 0.108406 0.093786 0.000397 -0.200283 -0.000815 0.215343 0.079079 -0.410302 0.012898 0.186238 -0.000120 -0.000014 0.072038 0.214234 0.099362 -0.000005 -0.053642 -0.451574 0.141788 -0.080564 0.000052 -0.016225 -0.000061 0.070425 0.008455 0.107630 -0.000103 0.021614 0.092193 -0.085486 0.000122 0.143091 0.120438 0.000020 0.046446 -0.154108 0.000449 -0.020685 0.121512 0.000154 0.044178 0.080427 -0.000116
-0.000021 0.253263 0.000134 0.000287 -0.262212 0.300809 0.213548 -0.009021 0.041393 -0.000475 0.104053 0.000038 -0.000164 -0.136923 -0.255655 -0.180179 0.039448 0.032793 -0.000063 0.115673 0.000301 0.308953 -0.053972 0.061832 -0.351490 -0.032960 0.000387 0.000092 0.030332 -0.031168 -0.012896 0.000007 0.104025 0.070619 -0.039987 0.169597 -0.000079 0.009227 0.000005 0.194267 -0.021169 0.169831 -0.000072 0.043711 0.032166 -0.054368 0.000189 0.102308 0.096830 0.000046 0.010740 -0.039139 0.000236 -0.367048 0.044617 -0.000368 0.009679 0.026909 -0.000184
0.000668 0.208936 0.000184 0.000030 0.009650 -0.067578 -0.035443 0.174688 0.061172 0.000595 -0.043456 -0.000209 0.000087 -0.033420 0.036055 -0.310561 0.059019 0.050449 -0.000125 0.182778 -0.000517 0.051758 -0.025663 0.037340 -0.009490 0.173412 0.000765 0.000343 0.161528 -0.014392 -0.112876 -0.000017 0.081843 0.090277 0.250868 0.099547 -0.000086 -0.108480 0.000040 -0.058098 -0.013241 -0.133441 -0.000177 -0.027500 0.049652 -0.086705 0.000081 -0.208878 0.024076 -0.000008 0.022725 -0.147389 0.000158 0.036573 0.065278 -0.000829 0.021266 0.043122 -0.000142
0.000034 -0.056110 0.000020 -0.000052 0.052644 0.161124 0.175082 0.265705 0.033601 -0.000649 0.088613 -0.000046 -0.000111 0.128383 -0.001538 -0.092096 0.032070 0.027089 -0.000006 0.117409 -0.000438 0.055441 -0.068899 -0.008942 -0.334158 -0.070328 0.000409 0.000020 -0.149548 0.117229 0.190370 -0.000053 0.051872 0.165098 -0.057128 -0.194808 0.000072 0.294808 0.000006 0.043981 -0.218027 0.249867 0.000046 0.143694 0.026845 -0.068751 0.000119 -0.070854 -0.204780 -0.000066 0.010175 -0.203024 0.000387 0.301759 0.036174 -0.000412 0.009361 0.022672 -0.000152
-0.000260 -0.007743 -0.000076 -0.000053 0.105634 -0.059114 0.142754 -0.080596 0.078908 0.000097 -0.189993 -0.000175 0.000117 -0.159138 0.125371 0.162714 0.076020 0.066224 0.000954 -0.156257 -0.000734 0.001716 -0.020649 0.046593 0.217677 0.244188 0.000196 0.000016 -0.146025 -0.183558 -0.008437 -0.000024 -0.008779 0.000423 0.119602 0.145736 -0.000010 0.262683 -0.000029 -0.032379 0.038270 -0.047669 -0.000109 -0.176937 0.065410 -0.199610 0.000457 -0.124875 -0.196095 -0.000111 0.035182 0.074943 0.000736 0.007280 0.084140 0.000161 0.033564 0.057958 -0.000035
0.000030 -0.013374 0.000006 0.000025 -0.003780 0.018404 -0.127461 0.090965 0.009804 -0.000137 0.290791 0.000001 0.000145 -0.438040 -0.062126 -0.362216 0.009463 0.008155 0.000397 0.109832 0.000020 0.010521 0.000614 0.291509 0.292015 -0.134566 0.000137 0.000248 -0.126572 0.339951 -0.004950 -0.000014 0.147713 0.072680 -0.012569 0.044940 -0.000115 0.162113 0.000028 -0.252717 0.213330 -0.030619 -0.000019 -0.205109 0.008008 0.002181 0.000064 -0.036186 0.270502 0.000014 0.003614 0.017239 0.000039 0.134734 0.010312 -0.000600 0.003436 0.006968 0.000008
-0.000066 0.108657 -0.000072 -0.000115 0.036804 0.001674 -0.196645 -0.009939 0.006499 -0.000127 0.008872 0.000003 0.000056 0.032807 -0.137977 -0.232671 0.006342 0.005617 -0.000011 0.070546 -0.001039 0.345877 -0.262493 0.015594 0.022334 0.164586 -0.000142 -0.000117 -0.212657 -0.031406 0.423462 -0.000031 -0.181912 -0.136145 0.180568 0.097805 -0.000031 -0.378758 -0.000052 0.354517 -0.015946 0.312436 0.000099 -0.121939 0.005536 -0.010582 -0.000097 0.054650 0.229974 0.000010 0.003189 0.031561 -0.000013 0.109032 0.006735 -0.000448 0.003104 0.004903 0.000094
0.000241 0.031365 0.000076 -0.000043 -0.197607 -0.118786 0.017100 -0.206445 0.070546 0.000724 0.094136 -0.000085 0.000118 0.133307 0.119448 -0.162585 0.067618 0.058343 0.000330 0.031861 -0.000764 -0.007598 -0.133865 -0.002641 0.159443 -0.201168 0.000127 0.000022 -0.033460 0.144255 -0.113464 0.000059 0.421896 0.076523 0.102915 0.122787 0.000000 -0.081057 -0.000169 -0.020395 0.006771 -0.132379 0.000014 -0.057535 0.057536 -0.007082 -0.000063 0.181253 0.080676 0.000031 0.028822 -0.023423 0.000260 -0.032279 0.075113 0.000064 0.027279 0.050547 0.000186
-0.000030 -0.053985 0.000078 0.000277 0.157583 -0.181553 0.188754 0.335935 0.052152 -0.000010 -0.372730 0.000004 -0.000068 -0.121407 -0.067818 0.104886 0.049977 0.042655 0.000035 -0.138471 -0.001050 0.022078 -0.165033 -0.038135 -0.331305 0.001521 0.000049 0.000001 0.104353 -0.060757 0.121638 -0.000010 0.087303 0.186314 0.046116 0.097663 -0.000037 -0.014887 0.000017 0.016019 0.269409 0.133372 0.000007 0.259698 0.041819 0.141614 -0.000241 -0.114028 0.183107 -0.000109 0.018257 -0.059525 0.000149 -0.163028 0.055872 -0.000586 0.016961 0.036048 -0.000040
-0.000089 -0.047428 -0.000014 -0.000017 0.241181 0.010115 0.179405 0.114699 0.028235 -0.000400 0.005593 0.000024 -0.000032 0.420298 0.094830 -0.001624 0.026794 0.022444 -0.000142 0.297009 0.000209 0.021352 0.031709 0.328252 0.213968 -0.279000 -0.000068 -0.000100 -0.036033 -0.096966 0.227587 -0.000079 -0.187771 -0.063974 0.271368 -0.007319 0.000051 -0.210764 -0.000092 0.050726 -0.213013 0.069627 0.000112 0.207520 0.022004 -0.158598 -0.000026 -0.102477 -0.029534 0.000170 0.006906 -0.172521 0.000115 -0.082098 0.030206 -0.000871 0.006121 0.018317 -0.000155
0.000010 0.321482 0.000030 -0.000002 0.374695 0.096660 0.023911 0.108506 0.000611 0.000478 0.210315 -0.000026 -0.000110 -0.217258 -0.056389 -0.413836 0.000679 0.000814 0.000373 0.092836 -0.000320 0.215859 -0.002749 -0.252133 0.217723 -0.014748 0.000156 -0.000028 -0.008021 0.116378 -0.163204 0.000018 -0.164141 -0.067806 0.256468 -0.357055 0.000118 -0.068197 -0.000034 0.182522 -0.190621 0.125493 0.000159 0.013159 0.000828 -0.084495 -0.000033 -0.012053 0.072682 0.000237 0.001283 -0.224016 0.000086 -0.000484 0.000537 -0.000490 0.001287 0.000953 -0.000056
-0.000050 -0.326564 0.000034 0.000101 0.039273 -0.192465 0.164252 -0.044563 0.003718 0.000408 0.077777 0.000076 0.000018 -0.011242 -0.006777 -0.061949 0.003692 0.003618 0.000631 -0.077217 -0.000950 0.047674 0.058537 0.473963 0.062351 0.117149 0.000508 0.000899 0.141150 -0.019618 -0.047072 -0.000045 -0.162806 0.002701 -0.088461 0.314802 0.000103 -0.145524 -0.000039 -0.225061 -0.305405 -0.098145 -0.000133 0.231264 0.003612 0.037054 0.000050 -0.092935 0.129875 0.000084 0.003003 0.000122 0.000347 0.080749 0.003721 -0.000780 0.002932 0.003519 0.000681
-0.000505 0.336438 0.000041 0.000145 0.136037 -0.051117 0.154423 0.050216 0.072790 -0.000559 -0.342117 0.000059 0.000000 0.144904 -0.298002 0.071380 0.069092 0.059750 0.000374 -0.005818 0.000030 -0.090129 -0.333606 -0.001110 0.186696 -0.121289 0.000404 -0.000095 -0.138463 -0.103429 -0.124108 0.000046 0.219695 -0.093586 0.158174 0.192346 0.000150 0.229882 0.000313 0.059195 0.024243 -0.355182 -0.000072 0.078312 0.058569 0.003467 -0.000116 -0.165703 -0.218144 -0.000124 0.028976 0.083926 0.000033 0.023636 0.077928 -0.000336 0.027418 0.051163 -0.000107
0.001061 0.038268 -0.000012 -0.000039 -0.240931 0.000866 0.096372 0.139968 0.031679 -0.000810 -0.219001 -0.000284 0.000097 0.076886 -0.286095 0.153301 0.029803 0.024372 0.000202 -0.071119 -0.000000 -0.182732 -0.155253 -0.069077 0.240788 0.129443 0.000479 0.000033 -0.111487 0.248400 0.159561 0.000073 -0.117679 0.068042 0.051396 0.039554 0.000036 0.113330 -0.000179 -0.059696 0.060357 0.079819 0.000181 0.264994 0.023771 0.072908 -0.000208 0.080156 -0.168566 0.000095 0.009264 0.038854 0.000189 0.351432 0.034752 -0.000651 0.008581 0.019444 0.000601
-0.000460 -0.057832 0.000030 -0.000125 -0.012769 -0.014422 0.039945 -0.174047 0.062797 -0.000389 -0.286227 -0.000004 0.000082 -0.063064 0.046602 0.404796 0.060184 0.050642 0.000032 -0.211796 0.000055 0.033057 -0.171144 0.165159 0.080032 0.005633 0.000323 -0.000024 0.036960 0.302362 0.177809 -0.000042 0.296427 0.203034 0.002171 -0.122596 -0.000098 -0.030776 -0.000059 -0.389556 -0.042234 -0.041227 -0.000131 0.042624 0.049735 -0.049698 -0.000116 0.247441 0.050996 -0.000008 0.020991 -0.001807 -0.000011 -0.100929 0.068011 -0.000032 0.019640 0.042553 -0.000074
0.000321 0.091525 -0.000123 0.000206 -0.041377 0.202575 -0.138799 0.350814 0.032376 -0.000104 0.012563 0.000068 0.000016 0.410580 -0.007785 -0.104128 0.031456 0.025900 -0.000096 -0.159134 0.000171 0.120883 -0.132792 0.274405 0.029799 0.031677 0.000176 0.000349 -0.009060 0.301470 -0.022341 0.000083 -0.213657 -0.117222 0.001258 -0.540879 -0.000053 0.019282 -0.000056 0.334997 -0.282090 -0.287106 0.000130 -0.181439 0.025509 0.361685 0.000093 -0.251619 0.075407 0.000045 0.008086 -0.099195 0.000069 -0.042785 0.034687 -0.000056 0.007334 0.021366 0.000190
-0.000357 -0.089304 0.000019 -0.000009 0.185220 -0.296107 0.101941 0.080303 0.054788 0.000581 0.034483 -0.000049 -0.000159 -0.115184 0.047919 -0.117889 0.053130 0.046447 0.000583 -0.041087 0.000242 -0.103118 -0.137097 -0.053203 -0.056107 0.007682 0.000019 -0.000047 0.192169 -0.166704 -0.298912 -0.000021 0.137550 -0.037603 0.057813 0.159414 0.000211 -0.150532 0.000156 -0.032548 0.009026 0.311827 -0.000070 0.103539 0.045883 -0.043909 -0.000028 -0.129023 0.331523 0.000110 0.024192 0.001314 0.000306 0.136637 0.058761 -0.000641 0.022921 0.040783 0.000011
-0.000529 0.024681 0.000129 0.000228 0.115986 -0.243744 -0.119730 -0.056860 0.069500 -0.000277 -0.038332 -0.000095 0.000057 -0.025512 -0.048852 0.350245 0.066485 0.056757 0.000128 -0.075766 -0.000582 0.130382 0.097999 -0.070255 -0.099305 0.358088 0.000302 0.000461 -0.013809 -0.010502 -0.177438 -0.000115 -0.239397 -0.182490 -0.185309 0.076658 0.000172 -0.228017 -0.000047 0.129921 0.064497 0.211913 0.000018 0.052368 0.055980 -0.060371 -0.000025 -0.024138 0.024722 -0.000144 0.025404 0.311046 0.000016 -0.107353 0.074146 -0.000471 0.023808 0.048267 0.000171
-0.000113 -0.183568 0.000074 0.000001 0.010978 -0.004234 -0.261350 0.084647 0.065184 -0.000871 -0.112179 -0.000012 -0.000095 0.109389 0.072973 -0.029558 0.062896 0.054004 0.000114 0.020656 0.000091 0.025546 0.267103 -0.404438 -0.028105 0.008062 0.000425 0.000446 0.007256 -0.017298 -0.473219 0.000030 -0.043854 0.167015 -0.132765 0.031020 -0.000104 0.062670 0.000161 0.272986 0.015950 -0.009144 -0.000173 0.093334 0.053352 -0.000511 -0.000118 0.001451 -0.115354 -0.000055 0.026316 0.023983 0.000014 -0.196035 0.069193 0.000190 0.024834 0.046697 0.000011
0.000966 -0.222218 0.000034 -0.000128 0.101827 0.011584 0.106811 0.550951 0.050841 -0.000282 0.159829 0.000044 0.000072 0.059102 -0.071099 0.388415 0.049064 0.040731 0.000838 -0.247664 -0.000601 -0.166336 -0.253456 -0.063905 -0.045130 0.340251 0.000496 -0.000040 0.033677 0.004371 -0.038085 0.000051 -0.307101 0.006652 -0.214640 0.020893 -0.000146 0.077928 -0.000085 -0.110502 -0.000813 -0.145824 0.000147 -0.034966 0.040261 0.116406 0.000063 0.107976 -0.175086 0.000163 0.016134 -0.198194 0.000086 -0.095465 0.055064 -0.000744 0.014824 0.034185 -0.000189
0.000076 0.212590 0.000081 0.000094 -0.017029 -0.075113 0.269283 0.173418 0.028204 -0.000398 -0.056718 -0.000008 -0.000058 -0.014471 -0.024178 0.073783 0.026839 0.021182 0.000272 0.034167 -0.000348 0.147482 -0.102280 0.180803 -0.219572 0.011342 0.000273 0.000124 0.015065 0.105427 -0.081963 -0.000012 0.257407 -0.172674 0.009395 0.050709 0.000020 0.006741 -0.000058 0.090192 -0.132920 0.198649 -0.000013 -0.149789 0.020673 0.078391 -0.000216 -0.107102 -0.268308 0.000152 0.006349 -0.145931 0.000451 -0.060461 0.031269 -0.000464 0.006068 0.016566 0.000124
-0.000407 -0.122861 -0.000103 -0.000144 -0.163543 0.161247 0.164749 0.006204 0.038038 -0.000544 -0.214481 0.000012 0.000169 0.083994 0.215206 -0.311192 0.035918 0.028766 -0.000107 0.021842 -0.000897 -0.098794 -0.005206 -0.058762 0.167752 -0.017237 -0.000141 -0.000086 0.048493 0.076281 -0.108078 -0.000006 0.232135 0.005501 0.060672 0.232375 -0.000040 -0.306318 0.000031 0.197242 -0.001536 -0.250062 0.000209 -0.203226 0.028166 0.127360 0.000116 0.177347 0.028958 0.000141 0.010553 0.004304 -0.000098 -0.065116 0.041171 -0.000451 0.010075 0.022970 -0.000156
0.000660 0.070423 0.000105 0.000273 0.319760 -0.023759 -0.149483 0.244186 0.057060 -0.000270 -0.169722 -0.000189 -0.000020 -0.027748 -0.039155 -0.058602 0.054713 0.045925 0.000140 -0.181220 -0.001081 0.030990 -0.093100 -0.025193 -0.037502 0.002088 0.000758 0.000148 0.120778 0.162522 0.007109 -0.000003 0.280999 0.192701 -0.078484 0.159916 -0.000055 -0.310860 0.000079 -0.059594 -0.098698 -0.173100 -0.000081 -0.286400 0.044949 0.121582 0.000496 0.223329 0.145515 -0.000265 0.019652 0.001593 0.000004 -0.005323 0.061189 -0.000830 0.018302 0.038534 0.000009
0.000334 0.120834 -0.000064 0.000021 0.238934 0.045043 -0.135319 -0.083787 0.110483 -0.000876 0.210396 0.000052 -0.000059 0.044078 0.034121 -0.233743 0.106651 0.091708 0.000363 0.031308 -0.000731 0.045109 -0.093736 -0.222836 -0.054333 -0.157249 0.000253 0.000843 0.037068 -0.032611 -0.131089 -0.000032 0.276658 -0.045859 0.010236 -0.212953 -0.000033 -0.150634 0.000086 0.092196 -0.289565 0.086123 -0.000260 0.155132 0.090318 0.071244 0.000016 0.113612 -0.004335 0.000079 0.047110 0.367787 0.000265 -0.224975 0.119699 -0.000214 0.044965 0.079155 0.000152
0.000352 0.058124 0.000074 0.000071 0.078389 0.065633 -0.059458 0.118821 0.078107 0.000190 -0.013678 -0.000062 -0.000105 -0.177406 0.145943 -0.075679 0.074337 0.061806 -0.000055 -0.028685 -0.000789 0.128764 0.176651 -0.044370 0.249267 0.040767 0.000217 0.000028 -0.003483 -0.037871 0.089443 0.000089 0.113076 0.012165 -0.171234 -0.298111 -0.000052 -0.014452 -0.000019 0.066835 -0.010383 0.057884 -0.000092 -0.027869 0.060661 -0.291728 -0.000070 0.248094 0.065600 -0.000008 0.025452 0.016725 0.000070 -0.018130 0.085100 0.000324 0.023733 0.051498 -0.000206
-0.000218 -0.145555 -0.000114 0.000056 0.487480 -0.014123 0.131948 -0.020807 0.000209 -0.000372 0.109421 0.000118 0.000123 -0.003343 0.203368 -0.258840 0.000134 -0.000018 0.000185 0.087461 -0.000915 0.230136 -0.080370 0.090173 -0.136919 -0.208958 0.000034 0.000354 0.197450 -0.200127 0.263272 0.000009 0.013131 0.199954 -0.127258 0.192669 -0.000044 -0.103053 -0.000006 0.104566 -0.136728 -0.066556 0.000112 0.097340 -0.000023 -0.219114 -0.000084 -0.015141 0.072962 0.000163 -0.000184 0.032396 0.000547 0.110172 0.000414 -0.000173 -0.000185 -0.000074 0.000460
0.000093 0.110797 -0.000019 -0.000121 -0.014305 -0.187483 0.160494 0.361780 0.050396 -0.000300 0.382668 0.000141 0.000163 -0.085374 -0.314519 -0.049537 0.046716 0.038183 0.000006 -0.172913 -0.000213 -0.064982 -0.134252 0.040842 0.000411 -0.160908 -0.000063 -0.000153 -0.061055 0.093187 -0.027480 -0.000073 0.121664 0.097413 0.028250 -0.138015 -0.000152 0.172547 0.000005 -0.116533 -0.070884 0.015218 -0.000148 -0.049284 0.037132 0.048978 0.000126 0.003964 0.115435 -0.000084 0.012100 -0.172424 0.000113 0.035065 0.054293 -0.000768 0.010914 0.030809 0.000110
0.000138 -0.146672 -0.000063 -0.000066 0.175800 -0.093410 -0.256588 0.096372 0.012843 -0.000299 -0.029822 -0.000025 0.000004 0.240832 0.137108 0.314088 0.011788 0.008746 0.000373 -0.035525 -0.000622 0.014951 -0.016303 0.143654 -0.023422 -0.002241 0.000010 -0.000076 -0.192736 0.070968 0.323569 0.000038 -0.072623 0.032440 -0.005618 0.122900 0.000027 -0.000796 -0.000001 -0.188086 -0.147046 -0.138118 0.000174 0.156837 0.008514 0.100446 -0.000271 0.015261 0.125664 0.000168 0.001950 0.030197 0.000320 0.274255 0.014558 0.000000 0.001746 0.006833 0.000265
0.000158 0.011740 0.000028 0.000008 -0.027172 0.074530 -0.084430 -0.020353 0.013254 0.000211 -0.103733 -0.000024 0.000067 0.034728 0.008023 0.405437 0.012121 0.008947 -0.000181 0.220442 -0.000476 -0.154822 -0.004918 0.126434 0.001408 0.059382 -0.000040 0.000015 -0.123920 -0.055412 -0.033344 -0.000032 -0.144986 -0.031888 0.006046 0.257531 0.000031 -0.214987 -0.000264 -0.000553 -0.068990 -0.080520 -0.000251 0.086962 0.008685 0.217095 0.000023 0.161766 -0.039212 0.000066 0.000994 -0.043740 0.000381 0.013326 0.014739 -0.000740 0.000627 0.006660 0.000125
-0.000109 -0.013700 -0.000144 0.000003 0.457127 -0.039902 -0.250274 -0.067885 0.018754 -0.000378 0.009562 -0.000042 -0.000239 -0.235970 -0.173824 -0.246632 0.017564 0.013945 0.000212 0.290780 -0.000698 0.124702 -0.124084 0.179546 -0.128383 -0.045391 -0.000035 -0.000012 0.445416 0.261405 0.166962 -0.000043 0.297706 -0.067316 0.093817 0.220202 -0.000180 0.113996 0.000046 -0.130125 -0.205329 0.021979 -0.000072 -0.184617 0.013591 -0.001091 0.000028 0.023036 -0.072424 0.000126 0.003864 -0.153787 0.000109 0.258765 0.020116 -0.000539 0.003484 0.010665 -0.000095
0.000145 0.144527 0.000050 -0.000032 0.189501 -0.016406 0.052228 0.000351 0.036390 -0.000228 0.010340 -0.000042 -0.000051 -0.066786 0.103968 -0.184832 0.034797 0.029696 0.000197 -0.017176 -0.000071 -0.407852 0.164523 -0.033926 0.037084 -0.160440 0.000018 0.000415 0.120667 0.021678 -0.115208 -0.000047 -0.065737 0.192037 -0.024621 -0.088041 0.000083 -0.335534 0.000033 -0.273853 -0.290669 0.195396 0.000020 0.041633 0.029214 0.042771 0.000009 0.270784 -0.097557 -0.000008 0.012538 0.137075 0.000471 0.297081 0.038872 -0.000366 0.011632 0.025116 0.000120
-0.000152 -0.173188 -0.000075 0.000238 -0.148319 -0.173301 -0.251826 0.148595 0.044700 -0.000102 -0.018868 0.000265 -0.000198 -0.099204 -0.271997 0.260256 0.042978 0.034677 -0.000204 -0.087561 -0.000773 0.018880 0.148722 -0.146523 0.257860 -0.101603 0.000222 -0.000000 -0.141107 0.184313 -0.199681 0.000008 -0.097277 -0.366325 -0.253122 -0.057207 -0.000008 0.006586 0.000154 -0.093111 0.119741 0.193928 -0.000095 -0.016681 0.033802 0.248148 0.000102 0.018127 0.408231 0.000035 0.011768 0.062707 0.000043 -0.119174 0.048606 -0.000928 0.010757 0.028182 -0.000074
-0.000004 0.117020 0.000139 -0.000003 -0.139465 -0.125246 -0.022283 0.124987 0.093813 -0.000660 0.079510 0.000035 0.000006 0.269399 -0.247084 -0.002519 0.090793 0.077817 -0.000062 0.168611 -0.000981 0.187436 -0.066331 -0.097346 -0.040951 -0.032969 0.000115 -0.000082 -0.008904 0.196015 -0.295727 0.000026 -0.281127 -0.152001 -0.121648 0.123671 0.000099 -0.088262 -0.000231 0.285377 0.077504 0.039414 0.000002 -0.045917 0.076425 -0.294298 0.000008 -0.087943 0.046626 -0.000047 0.039010 -0.008464 0.000205 -0.094051 0.100907 -0.000521 0.037106 0.066824 0.000012
-0.000242 0.081731 -0.000031 0.000111 -0.255096 -0.443093 0.203076 -0.119287 0.092533 -0.000982 0.219490 0.000001 -0.000120 -0.121011 0.153757 -0.029471 0.089533 0.077236 0.000071 0.009597 0.000165 -0.050019 -0.032698 0.003750 -0.057073 0.145819 0.000025 0.000075 -0.087314 0.268674 -0.290288 -0.000117 -0.036101 0.155171 0.002872 0.220800 -0.000029 0.040230 -0.000213 0.276771 0.015698 0.099735 -0.000092 0.330134 0.076299 -0.207426 -0.000058 -0.293870 -0.150667 -0.000007 0.041414 0.140704 0.000228 0.003064 0.098764 -0.000856 0.039609 0.067371 -0.000318
0.000062 -0.529155 -0.000051 0.000228 0.100685 -0.111189 -0.175888 0.026369 0.086064 -0.000170 0.155039 -0.000076 0.000036 0.047568 0.065823 -0.206982 0.083030 0.071271 -0.000102 -0.036333 -0.000525 -0.240305 -0.081812 -0.088521 -0.181111 0.374453 0.000140 -0.000023 -0.105219 0.145911 0.133172 -0.000044 -0.096240 0.206735 -0.027777 0.139005 0.000044 0.143955 0.000037 -0.147014 0.266872 -0.009336 0.000184 0.447965 0.070200 -0.045848 -0.000011 0.019747 -0.135106 -0.000085 0.036036 -0.161253 0.000302 0.234401 0.092257 -0.000154 0.034268 0.061676 -0.000311
-0.000068 0.090628 0.000220 0.000089 -0.152002 0.046603 -0.059227 0.326997 0.066639 0.000329 0.100187 -0.000082 -0.000045 -0.099321 -0.085436 -0.114946 0.063651 0.055101 0.000790 -0.021197 -0.000459 -0.118156 -0.034650 0.010972 -0.115608 0.140527 0.000248 0.000230 -0.132785 -0.088392 0.059822 0.000071 -0.153459 -0.186293 0.198170 -0.135464 0.000139 0.130224 0.000065 0.337468 0.030941 0.026762 -0.000057 0.152468 0.054218 0.168611 0.000029 -0.106336 -0.015813 -0.000066 0.026775 -0.034066 0.000333 -0.185290 0.070851 -0.000524 0.025329 0.047350 -0.000071
0.000186 0.010425 0.000064 0.000100 -0.405230 0.178266 0.036748 0.016861 0.008348 -0.000142 0.017465 -0.000001 -0.000048 0.095277 -0.193121 0.075806 0.007524 0.005989 0.000337 0.016385 0.000039 -0.017706 -0.039442 0.207985 0.079296 0.305187 0.000023 0.000406 -0.170204 -0.117909 0.030427 -0.000031 -0.190522 0.006957 0.161960 0.016365 0.000151 0.258181 0.000072 -0.063287 0.198535 -0.095882 0.000045 -0.236198 0.005832 0.185104 0.000126 0.000429 -0.040966 -0.000086 0.002484 0.114966 0.000017 0.111942 0.009550 -0.000658 0.002402 0.004653 -0.000072
0.000041 -0.099566 0.000009 0.000136 0.026260 0.062862 0.045532 0.138081 0.042760 -0.000217 -0.174837 -0.000039 0.000170 0.028136 -0.012251 0.010414 0.040682 0.034587 0.000059 -0.040585 -0.000232 0.169099 -0.068738 0.180554 0.260347 -0.291948 -0.000129 -0.000076 0.137139 0.129823 0.170825 -0.000015 -0.045440 -0.095294 0.145589 0.011304 -0.000036 -0.161578 0.000029 0.229185 -0.183723 -0.155465 0.000081 -0.233437 0.033827 0.183260 -0.000001 -0.092627 -0.183257 -0.000027 0.012132 -0.048064 0.000457 0.020974 0.046477 -0.000573 0.010977 0.028474 -0.000114
-0.000124 -0.055246 0.000152 -0.000188 0.187270 0.108394 -0.270851 0.230450 0.067830 -0.000407 0.090867 0.000007 0.000005 0.205882 -0.051636 -0.005937 0.065148 0.054431 -0.000091 -0.148837 -0.000910 0.023499 0.011281 0.072866 -0.133557 -0.077640 0.000511 0.000156 -0.067644 0.314993 0.050747 0.000013 0.092763 -0.080728 0.066075 -0.072089 -0.000047 -0.155243 -0.000028 -0.407143 -0.276116 0.185422 -0.000135 0.221949 0.053601 -0.057143 0.000252 0.184670 0.201374 -0.000041 0.023277 0.062102 0.000198 0.100596 0.073517 -0.000407 0.021703 0.045930 -0.000145
0.000021 -0.215003 -0.000005 -0.000009 0.256455 -0.190182 -0.348665 0.000748 0.104566 -0.000204 0.202378 0.000009 0.000163 0.066021 -0.169005 0.143795 0.100608 0.085682 0.000401 -0.092664 -0.000601 -0.012244 0.204214 0.353244 -0.093039 -0.133381 0.000481 0.000232 -0.186669 0.195460 0.014118 -0.000008 0.145473 -0.166342 -0.213242 -0.120198 -0.000137 -0.237898 -0.000076 -0.050812 -0.021112 0.293527 0.000057 -0.000846 0.084024 -0.274932 -0.000024 0.314238 0.209884 -0.000065 0.042532 0.204638 0.000317 -0.172349 0.112487 0.000061 0.040462 0.073324 -0.000248
-0.000001 0.070355 0.000023 0.000133 -0.005598 -0.043502 0.134525 -0.150575 0.073208 -0.000406 0.383079 -0.000120 -0.000104 0.088347 0.213151 -0.042380 0.070272 0.060129 0.000022 -0.027170 -0.000870 -0.122923 0.054647 -0.003450 -0.086779 -0.010084 0.000880 0.000518 0.055931 0.064386 0.374964 -0.000038 -0.007616 0.105257 -0.191158 0.028055 -0.000081 0.002883 -0.000038 0.299485 -0.028346 0.076514 0.000220 0.108213 0.059136 0.179588 -0.000037 -0.193758 -0.015612 0.000173 0.028517 -0.010601 0.000143 -0.005697 0.078452 -0.000766 0.026917 0.051400 -0.000099
0.000046 0.008505 0.000094 -0.000097 0.156230 -0.147406 -0.053429 0.077871 0.097536 -0.000214 -0.038087 -0.000060 -0.000239 0.101431 0.222370 -0.031728 0.093790 0.082049 0.000569 0.231933 -0.000732 0.015281 0.046353 -0.259510 -0.516123 0.289973 0.000055 0.000326 0.225731 -0.027642 -0.061038 0.000030 0.006645 0.427533 0.185194 -0.031642 -0.000043 -0.199352 -0.000056 -0.103214 0.088095 0.234913 0.000001 0.057648 0.081025 0.165343 0.000088 0.014672 -0.168049 -0.000050 0.044581 -0.082586 0.000252 -0.233599 0.103487 -0.001141 0.042686 0.072038 0.000069
-0.000109 0.011229 -0.000111 -0.000042 -0.009080 -0.141876 -0.014591 0.119092 0.004679 -0.001078 -0.060891 0.000091 0.000070 0.020314 0.057152 0.098476 0.004245 0.003481 0.000636 0.228341 -0.000795 0.227463 0.123975 0.067829 -0.099294 0.100096 0.000143 0.000534 0.022447 0.078508 0.013101 -0.000041 0.117601 0.028314 0.049880 -0.325696 -0.000044 0.132294 0.000023 0.110327 0.197299 0.102274 0.000070 -0.127132 0.003413 0.219085 -0.000024 -0.307285 -0.077255 -0.000086 0.001303 -0.496667 0.000762 0.154390 0.005086 -0.000446 0.001216 0.002943 -0.000102
-0.000190 0.098257 -0.000005 -0.000078 -0.084254 -0.058238 0.066512 -0.106605 0.020991 0.000453 -0.180110 0.000008 0.000033 0.039195 -0.033309 0.190010 0.019932 0.016043 0.000354 -0.163034 -0.000503 -0.033819 -0.173803 0.183019 -0.229996 0.035509 -0.000078 0.000095 -0.025612 0.228577 -0.149081 0.000093 -0.017480 -0.005444 -0.112205 0.081186 -0.000047 0.143467 -0.000319 -0.060681 0.135356 0.045937 -0.000081 -0.011963 0.015680 0.000528 -0.000127 -0.021920 -0.224553 -0.000125 0.003989 0.060611 -0.000074 0.123956 0.022672 -0.000138 0.003440 0.012552 -0.000086
-0.000270 0.022278 0.000130 -0.000061 -0.157162 -0.012817 -0.181546 0.172343 0.065759 -0.000137 -0.381256 0.000048 -0.000075 0.093007 0.065054 0.204907 0.063156 0.054622 0.000308 -0.048428 -0.000473 0.014120 0.033449 -0.006710 0.036244 -0.031704 0.000657 -0.000042 -0.077860 0.008950 -0.133182 0.000076 0.010084 -0.320741 0.080691 0.094660 -0.000027 0.001787 0.000152 0.244792 -0.008264 -0.114040 -0.000051 0.120086 0.053724 0.069802 0.000121 0.006588 0.193094 0.000224 0.026690 -0.051479 0.000502 -0.063716 0.070216 -0.000166 0.025209 0.047147 -0.000047
-0.000390 -0.089136 -0.000035 -0.000040 0.165595 0.003522 0.002711 -0.002594 0.086857 -0.000480 -0.030797 0.000003 -0.000067 -0.116046 -0.165654 -0.253634 0.084539 0.073480 0.000377 -0.004404 -0.000156 0.000152 -0.049027 0.089944 0.084113 -0.169028 0.000209 0.000040 -0.029394 0.252696 -0.140469 -0.000053 0.287840 -0.009803 -0.028093 -0.443006 -0.000163 0.537341 0.000075 0.186580 -0.039107 0.045204 0.000050 -0.125955 0.072491 0.224139 -0.000084 0.151064 0.023562 -0.000164 0.039041 -0.215045 0.000244 0.020593 0.092213 -0.000156 0.037240 0.064387 -0.000119
-0.000242 0.172626 0.000094 -0.000027 0.016836 -0.067548 0.212340 -0.297067 0.091821 -0.000534 0.095286 -0.000028 0.000089 -0.134270 -0.209467 0.082421 0.088331 0.076712 -0.000216 -0.019049 -0.000452 0.099131 0.215992 0.092549 0.163522 -0.404945 -0.000023 -0.000101 -0.097689 0.084954 0.040062 0.000066 0.017460 -0.122848 -0.002367 0.100686 0.000155 -0.156182 -0.000024 0.151842 -0.137853 0.045273 -0.000215 0.063756 0.075824 -0.146534 0.000023 0.319465 -0.063867 -0.000167 0.040849 0.003598 -0.000106 0.110761 0.097673 -0.000922 0.039047 0.067006 -0.000226
-0.000299 0.081985 -0.000127 0.000015 0.171968 -0.024015 -0.330799 -0.115425 0.074301 -0.000511 0.053965 0.000001 0.000021 -0.363196 0.021663 -0.070006 0.070859 0.061483 0.000049 0.296817 -0.000517 -0.083181 0.040192 0.279613 0.018073 0.177592 -0.000032 0.000157 -0.170449 0.069527 0.019309 -0.000081 0.206804 0.225490 0.105438 -0.027929 -0.000010 -0.156850 -0.000039 -0.277599 0.075753 0.025225 0.000065 0.175033 0.060323 -0.148503 -0.000251 0.067184 0.120764 0.000057 0.029757 0.252428 0.000058 -0.232567 0.079103 -0.000756 0.028125 0.052780 -0.000101
-0.000216 0.225035 0.000023 -0.000114 -0.344360 -0.098052 0.203299 0.121765 0.068315 0.000063 0.483654 -0.000063 0.000097 -0.149284 0.028568 -0.160599 0.065300 0.056063 0.000471 -0.115576 -0.000721 -0.060334 -0.300171 0.161632 -0.048788 0.176836 0.000169 0.000116 0.006463 -0.108563 -0.036149 0.000080 -0.047405 -0.138474 0.170453 0.028524 -0.000039 -0.000295 0.000133 -0.104209 -0.008371 0.157635 -0.000042 0.260496 0.055251 0.123095 -0.000307 0.118775 0.087188 -0.000116 0.026457 -0.355664 0.000074 0.077720 0.073099 -0.000546 0.024940 0.048120 0.000068
0.000163 0.421063 -0.000069 0.000023 -0.186624 0.055509 0.001562 0.019143 0.041734 0.000353 0.060112 -0.000117 -0.000037 0.049496 0.264777 0.078398 0.040143 0.032729 0.000331 0.027706 -0.000610 -0.274123 0.138954 0.064101 0.089343 0.297143 -0.000058 -0.000091 -0.358413 -0.005299 0.214142 0.000130 -0.385703 0.126448 0.093518 -0.321772 -0.000089 -0.052386 -0.000093 0.336008 -0.042886 0.305255 -0.000018 -0.032554 0.032097 0.169247 0.000051 -0.234298 -0.009749 -0.000008 0.012558 -0.236082 0.000029 0.066863 0.045268 0.000052 0.011518 0.027007 -0.000253
0.000426 0.231347 0.000053 -0.000185 0.211716 -0.214903 0.007929 0.154541 0.060796 0.000055 -0.223537 0.000152 -0.000067 -0.200508 -0.096091 -0.029001 0.057935 0.047496 0.000478 0.126411 -0.001010 -0.011090 0.130077 0.074472 -0.267461 0.040010 0.000627 0.000020 0.306042 -0.042195 0.054907 -0.000004 -0.150931 -0.119134 -0.147611 -0.079924 0.000013 0.004847 0.000050 -0.003397 0.215418 0.006473 -0.000098 0.022497 0.046810 0.000960 -0.000185 -0.005688 0.099005 0.000146 0.018498 0.148729 0.000576 0.017555 0.065310 -0.000838 0.017050 0.039513 0.000175
0.000269 -0.083972 -0.000140 -0.000103 0.101677 -0.052691 0.121086 -0.010734 0.087217 -0.000345 0.157030 -0.000052 -0.000008 -0.027492 -0.137855 0.176806 0.083866 0.072141 0.000451 0.004554 -0.000690 0.029395 0.141307 0.230107 -0.035874 0.127780 0.000044 0.000462 -0.213295 -0.069793 -0.086848 0.000023 -0.177034 -0.086755 0.026713 0.001651 0.000149 0.093362 0.000104 0.201558 -0.013750 -0.154035 0.000051 0.128324 0.071083 0.012573 0.000099 0.262559 -0.085226 0.000185 0.035843 0.003775 0.000499 0.050633 0.093039 -0.000578 0.034010 0.062403 0.000015
0.000068 -0.045075 0.000050 -0.000176 -0.032830 -0.024166 0.060409 -0.192908 0.092084 -0.000023 -0.368131 -0.000049 0.000013 -0.017363 -0.018228 -0.038739 0.089217 0.077458 -0.000079 0.079043 0.000062 0.023893 0.164195 0.022583 -0.219328 -0.124330 -0.000019 0.000082 -0.011649 -0.054395 -0.242188 -0.000055 0.002978 0.106085 0.122359 0.142575 -0.000017 0.085276 -0.000012 0.064447 -0.057029 -0.075776 -0.000089 -0.248787 0.076432 -0.040896 0.000063 0.253361 0.014161 0.000017 0.040257 0.093644 -0.000136 0.279413 0.097777 -0.000330 0.038358 0.067620 0.000047
-0.000366 -0.096887 0.000076 0.000208 -0.105351 0.007269 0.232614 0.253318 0.022755 -0.000453 0.028287 0.000049 0.000047 -0.359637 0.383956 0.173413 0.021798 0.018334 0.000025 -0.072239 0.000171 0.185573 -0.026632 -0.234814 0.253935 -0.028355 -0.000112 0.000352 -0.035518 0.330748 -0.330348 0.000012 0.143462 -0.225175 0.054256 -0.057185 -0.000026 -0.075745 -0.000044 -0.170272 0.041624 -0.126793 0.000047 0.021417 0.017993 0.013480 -0.000025 0.127063 -0.024883 -0.000037 0.007298 -0.437921 0.000219 -0.113583 0.024241 0.000142 0.006656 0.015264 0.000080
-0.000170 -0.150311 0.000061 0.000192 -0.188309 0.169937 -0.088244 -0.001325 0.053809 -0.000641 0.010864 0.000234 0.000142 0.298647 0.148854 -0.101628 0.051191 0.043515 0.000230 -0.011917 -0.000640 -0.010232 -0.386816 0.060087 0.158331 -0.334361 0.000285 -0.000038 0.307393 0.030499 -0.146172 0.000122 0.046474 0.193324 -0.013448 -0.000947 0.000082 0.151996 0.000077 0.094425 -0.212243 -0.012274 0.000110 -0.031295 0.042840 -0.076284 -0.000143 0.066253 -0.174660 0.000120 0.018497 0.211694 0.000007 0.095628 0.057499 -0.000443 0.017170 0.036736 -0.000173
0.000142 0.079055 0.000057 0.000205 -0.173875 -0.060149 -0.240987 -0.043593 0.058404 -0.000224 0.134534 0.000055 -0.000040 0.203448 0.060101 0.002943 0.055844 0.047151 -0.000049 -0.057316 0.000178 0.009360 0.151156 -0.227018 0.230262 -0.195735 -0.000037 0.000178 -0.367262 0.568432 -0.066014 -0.000015 -0.208709 0.042049 0.171649 0.188932 -0.000033 -0.198988 -0.000010 -0.139865 0.111834 0.254114 0.000206 -0.017069 0.046361 -0.054321 -0.000089 -0.143333 -0.106977 -0.000085 0.021848 0.012689 0.000014 0.051875 0.062457 -0.000571 0.020552 0.040272 0.000090
-0.000085 0.093422 -0.000125 0.000005 0.000549 -0.205057 -0.118356 -0.107429 0.051874 0.000003 0.100186 -0.000075 -0.000085 -0.017419 0.066371 -0.062023 0.049284 0.041903 0.000510 0.215603 0.000388 0.102765 0.184346 0.226708 0.024710 0.139075 0.000170 0.000242 -0.107392 -0.241470 -0.105139 0.000090 -0.097784 0.068635 -0.070884 -0.283549 -0.000202 -0.118371 0.000053 -0.150496 -0.026826 -0.019791 0.000111 -0.070027 0.041194 0.069933 -0.000247 -0.008307 0.337786 -0.000031 0.017850 0.132215 0.000371 -0.088042 0.056001 -0.000584 0.016716 0.035336 0.000112
0.000306 0.208338 -0.000022 0.000399 0.054789 -0.089895 -0.000506 -0.358146 0.054917 -0.000277 0.282928 0.000088 0.000039 -0.006782 0.129329 0.177292 0.052759 0.045297 -0.000156 0.012584 -0.000743 -0.017749 0.052543 0.104348 -0.045701 0.203874 0.000135 0.000126 0.232656 -0.245312 -0.049691 -0.000066 -0.186997 0.068842 -0.104312 -0.387332 0.000091 0.028237 0.000142 0.175497 0.055887 0.141797 0.000089 -0.122190 0.044591 0.081260 0.000015 -0.178441 -0.126043 -0.000107 0.020428 0.158481 -0.000092 0.016522 0.058552 -0.000081 0.019115 0.038717 0.000040
-0.000563 -0.175829 0.000020 -0.000216 0.016140 -0.190021 -0.141711 0.006576 0.069298 -0.000296 -0.073321 0.000015 -0.000184 -0.265767 0.172920 -0.036436 0.066892 0.057344 0.000281 -0.332139 -0.000874 0.159478 0.216638 0.562100 -0.276204 -0.041837 0.000311 -0.000132 -0.027474 0.105749 0.039650 -0.000003 -0.019222 0.337758 -0.258444 0.021592 -0.000049 -0.035586 -0.000084 -0.092676 0.061560 -0.165647 0.000143 0.143094 0.056263 0.518004 0.000100 0.045366 -0.024529 0.000074 0.028562 -0.453352 0.000286 0.112163 0.074418 -0.000532 0.027097 0.049288 0.000193
-0.000527 -0.275016 0.000018 0.000051 -0.129651 -0.007360 -0.117647 0.003495 0.084233 0.000199 -0.047492 0.000067 0.000029 -0.034247 0.268024 0.118372 0.081491 0.069795 0.000513 -0.145298 0.000079 -0.036269 -0.064788 0.037719 0.083817 -0.072874 0.000119 0.000031 0.025458 -0.102863 -0.333165 0.000004 -0.141775 -0.073684 0.033322 -0.017427 -0.000076 0.133920 0.000144 0.129368 0.028284 -0.003992 0.000052 -0.028250 0.068671 0.174989 0.000133 0.038950 -0.010066 -0.000168 0.033635 0.015243 0.000079 0.190659 0.089844 0.000095 0.031793 0.060075 0.000160
-0.000262 -0.003144 -0.000019 -0.000089 0.076450 0.157789 0.390521 -0.153852 0.061828 0.000037 -0.075843 0.000110 -0.000069 -0.012712 0.133756 0.178270 0.059544 0.051531 0.000696 -0.018756 -0.000801 0.234861 -0.232338 -0.102868 -0.023273 -0.101167 0.000275 0.000215 -0.044542 -0.216880 -0.002761 0.000067 -0.041882 -0.180788 0.187830 -0.045255 -0.000112 0.383335 -0.000184 -0.310895 0.025463 -0.045762 -0.000073 0.209946 0.050757 -0.288693 -0.000248 -0.034517 -0.085302 0.000247 0.024665 -0.027165 0.000186 0.041487 0.065729 -0.000536 0.023234 0.044466 0.000008
0.001004 0.104508 -0.000057 -0.000033 0.033959 -0.043471 -0.066707 -0.022319 0.036446 0.000426 0.014057 0.000060 -0.000084 -0.153280 0.151015 0.019330 0.034394 0.028390 0.000727 -0.026462 -0.000595 -0.197588 -0.083443 0.304820 0.139726 0.097692 0.000086 0.000056 -0.002213 -0.281302 -0.120160 -0.000008 0.284704 -0.216633 -0.047984 -0.032592 0.000024 -0.140369 0.000064 -0.094394 0.034972 -0.222335 -0.000180 0.232809 0.027945 0.075543 -0.000148 0.246951 0.002640 -0.000121 0.011165 -0.087934 0.000053 0.199350 0.039614 0.000061 0.010670 0.023475 0.000051
0.000643 0.135401 -0.000034 -0.000154 0.283460 0.090817 0.108032 0.082202 0.036439 0.000829 0.122749 0.000004 -0.000104 -0.076166 -0.422037 0.359745 0.034584 0.028132 0.000434 0.137861 -0.000742 0.256239 0.006344 0.317122 -0.066824 -0.100309 -0.000040 0.000022 -0.014938 0.121894 0.388370 -0.000001 -0.000397 0.091094 0.061258 -0.230413 -0.000022 0.016809 0.000045 -0.034746 0.183525 0.087908 -0.000046 0.023760 0.027546 -0.322511 0.000069 -0.076187 0.025880 -0.000018 0.009247 0.098593 0.000122 -0.233227 0.039810 -0.000672 0.008821 0.022777 -0.000124
0.000155 -0.332387 0.000057 0.000190 -0.562519 0.140841 -0.032679 -0.102085 0.005824 -0.000815 -0.140563 -0.000098 -0.000142 -0.056507 0.212061 -0.009083 0.005581 0.004627 0.000145 0.024365 0.000196 0.178040 -0.021095 -0.345035 0.128919 0.075855 0.000097 0.000164 0.256996 0.322686 -0.065267 0.000049 0.064487 0.038272 -0.059200 0.199432 -0.000035 0.127655 0.000055 0.050800 0.029671 -0.022855 -0.000070 -0.158391 0.004526 -0.110311 0.000060 -0.397872 0.263097 -0.000212 0.000809 0.189575 -0.000009 -0.166009 0.006190 -0.000688 0.000706 0.003579 -0.000051
0.000027 0.005128 -0.000215 -0.000047 -0.195180 0.350501 -0.200839 0.152805 0.041815 -0.000186 -0.026716 0.000050 0.000065 0.217468 0.093298 -0.156276 0.040278 0.034134 0.000625 0.201903 0.000225 -0.043259 0.146911 -0.065410 -0.365084 -0.007047 0.000552 0.000292 -0.047585 -0.182282 -0.084105 -0.000063 0.067373 -0.029706 -0.010452 -0.002440 0.000240 0.042978 -0.000147 -0.042314 -0.135581 0.446568 -0.000134 -0.024237 0.033547 0.090796 0.000044 -0.020056 0.156883 0.000159 0.013185 -0.157914 0.000517 -0.141480 0.044460 -0.000410 0.012089 0.028876 0.000117
-0.000087 0.185095 -0.000046 -0.000044 -0.198979 0.100637 -0.076328 0.001164 0.068475 -0.000732 0.164435 0.000024 0.000183 -0.076636 0.241416 -0.233487 0.066039 0.056401 -0.000007 -0.000939 -0.000560 -0.001165 0.061719 -0.135088 0.059126 0.134500 0.000033 0.000571 0.015998 -0.039755 0.052902 -0.000011 -0.002000 0.040666 -0.017177 0.027218 0.000059 -0.162440 0.000047 0.162570 -0.050210 -0.133949 -0.000069 -0.076570 0.055525 0.124845 0.000179 0.121776 0.269159 -0.000094 0.026024 -0.290874 0.000155 0.184924 0.073249 -0.000362 0.024432 0.048276 0.000142
-0.000114 -0.031828 0.000062 -0.000011 -0.422268 0.091734 0.288181 -0.162335 0.007006 0.000292 0.014242 0.000069 0.000134 0.305228 -0.070201 0.003014 0.006642 0.005078 0.000088 -0.077194 -0.000959 -0.192418 0.332959 0.004521 -0.018520 0.002714 0.000096 0.000087 0.090524 0.144424 0.158804 -0.000004 -0.162364 -0.067407 0.042915 -0.083247 0.000168 0.009611 -0.000175 0.357261 -0.093383 0.272204 -0.000222 0.042603 0.004937 0.145092 -0.000043 -0.204660 0.078665 0.000122 0.000378 -0.110882 0.000220 -0.095444 0.007500 -0.000662 0.000340 0.003855 -0.000028
-0.000462 -0.437378 -0.000066 0.000084 0.217116 -0.005202 0.263148 0.122061 0.035000 0.000239 0.021064 -0.000159 -0.000027 0.010214 -0.004048 -0.200397 0.033277 0.028086 0.000175 -0.189003 -0.000850 -0.242704 0.250547 -0.043898 0.264236 0.250992 -0.000046 -0.000092 -0.199544 -0.008161 0.033886 -0.000070 -0.005358 -0.101856 -0.016568 -0.004912 -0.000089 0.094190 0.000052 0.160404 0.013625 -0.072683 -0.000015 0.038619 0.027614 -0.012846 0.000234 -0.096409 0.216087 -0.000015 0.011019 0.129840 0.000376 0.038173 0.037672 0.000089 0.010270 0.023493 0.000069
0.000232 -0.211893 -0.000161 0.000151 0.003705 -0.030750 0.105437 0.055706 0.011318 -0.000439 -0.129489 -0.000121 0.000119 0.181578 -0.008901 -0.091013 0.010551 0.007588 0.000423 -0.045435 -0.000443 -0.243643 -0.191772 0.092505 0.264723 -0.127235 0.000002 0.000162 0.016278 -0.212264 -0.053274 0.000002 0.045603 -0.353299 0.149778 -0.003518 0.000011 0.167280 -0.000311 0.091777 -0.285242 -0.137833 0.000074 0.234287 0.007315 -0.088138 0.000171 0.344875 0.205103 -0.000045 0.003856 -0.130347 0.000548 0.002714 0.012529 -0.000618 0.003816 0.005868 -0.000001
0.000031 -0.207513 0.000304 -0.000107 0.383002 -0.200992 -0.161413 0.011763 0.077235 -0.000152 -0.073567 0.000000 0.000044 -0.182568 0.109106 -0.033966 0.074617 0.065062 -0.000044 0.139162 -0.000600 -0.023637 -0.101314 0.005823 0.045882 0.228399 -0.000069 0.000079 -0.195497 0.093250 -0.160839 -0.000105 0.007569 0.137316 0.058510 -0.035760 0.000189 0.184238 -0.000109 -0.020195 -0.051300 0.031737 -0.000067 -0.084645 0.064158 0.143462 0.000129 -0.261731 0.089529 0.000159 0.034388 0.051342 -0.000085 -0.044904 0.081769 -0.000407 0.032772 0.057008 -0.000096
-0.000146 0.203817 0.000110 0.000052 -0.009982 0.121493 0.124866 -0.027838 0.059154 0.000051 -0.004223 0.000105 0.000153 0.146256 0.018630 -0.005456 0.056839 0.049333 0.000357 0.031236 0.000070 0.211181 -0.310363 0.052319 0.050543 -0.206388 0.000121 -0.000058 -0.006823 -0.030039 -0.206863 -0.000075 0.170655 -0.053924 -0.011925 -0.064537 0.000085 0.122719 0.000292 -0.108824 -0.118987 -0.087803 -0.000066 -0.205258 0.048634 -0.175959 0.000130 -0.007602 0.205722 -0.000023 0.023945 0.172393 -0.000014 -0.327630 0.062919 -0.000842 0.022569 0.042690 -0.000197
-0.000079 -0.022270 -0.000091 0.000120 0.132530 0.104196 -0.163726 0.021575 0.063223 -0.000069 0.236258 -0.000144 -0.000025 -0.187590 -0.093388 0.012302 0.060662 0.051819 0.000191 0.287227 -0.000733 0.018515 0.202878 -0.131122 0.222796 -0.051471 0.000231 -0.000015 -0.044664 0.258951 0.109497 -0.000056 0.029018 -0.000610 -0.076148 -0.215263 0.000015 -0.005562 -0.000167 0.082487 -0.063065 0.084357 0.000022 -0.081028 0.051165 0.045415 -0.000144 0.013822 0.198096 -0.000038 0.023564 -0.173989 -0.000029 0.038860 0.068047 -0.000412 0.022097 0.044108 0.000577
0.000107 0.251051 0.000121 -0.000028 -0.318650 -0.066001 -0.138484 0.079463 0.071818 -0.000394 0.192908 -0.000084 -0.000044 -0.096605 -0.205142 0.049245 0.068526 0.058658 0.000548 0.007369 -0.000727 0.059017 -0.157584 -0.290762 -0.133342 -0.036780 0.000329 0.000769 -0.024349 0.210581 0.147388 0.000030 -0.083112 0.125281 -0.050344 -0.045256 0.000035 -0.009614 -0.000030 -0.070471 0.229377 -0.069827 -0.000129 -0.002103 0.057641 0.000391 0.000347 0.488393 -0.010468 -0.000163 0.026963 0.098171 0.000202 0.236837 0.077447 -0.000674 0.025363 0.049727 0.000363
0.000077 -0.070398 -0.000151 -0.000045 0.004634 -0.033046 0.132177 0.235128 0.054652 0.000409 0.087699 0.000031 -0.000303 -0.216924 0.286276 0.167453 0.052868 0.044378 0.000848 -0.329438 -0.000671 -0.153955 0.066601 0.026806 -0.101245 0.199350 0.000578 0.000939 0.022797 0.060158 0.082371 0.000056 -0.363635 0.042292 0.040161 0.097217 -0.000189 -0.018535 0.000038 0.166198 0.167317 -0.025366 0.000067 0.162670 0.043489 0.124680 0.000411 0.106000 0.081961 -0.000070 0.019516 -0.399255 0.000015 -0.017254 0.059680 0.000200 0.018348 0.037439 0.000363
-0.000614 -0.090297 0.000086 -0.000058 0.255253 -0.093412 0.031281 0.313294 0.039175 -0.000332 0.133033 -0.000072 -0.000145 -0.365364 0.097434 0.020074 0.036754 0.030265 0.000734 -0.234482 -0.000770 0.148508 -0.101016 0.279413 -0.080920 -0.037680 0.000102 0.000104 0.092739 -0.202588 0.235382 -0.000110 0.106304 0.083424 0.274294 0.085753 0.000061 -0.179000 0.000028 0.014159 0.109761 0.475776 0.000115 -0.248158 0.029812 -0.159662 0.000106 0.063671 0.010458 0.000032 0.010178 -0.260987 0.000066 0.051541 0.043074 -0.000459 0.009229 0.024871 0.000017
-0.000088 -0.016021 0.000137 -0.000062 0.252813 0.302273 0.024425 -0.038363 0.035537 -0.000851 -0.299516 -0.000073 -0.000024 -0.193137 0.207495 0.042450 0.033557 0.028102 0.000410 -0.176397 -0.000547 0.117501 0.109883 -0.029649 0.321582 0.098850 0.000044 0.000432 -0.037010 -0.188252 -0.026363 -0.000009 -0.191143 -0.102154 -0.041895 -0.165477 -0.000082 -0.090902 -0.000160 0.257267 0.023418 -0.125826 0.000085 -0.263875 0.027765 -0.006190 0.000018 0.291740 0.133745 -0.000292 0.011452 0.187104 0.000439 -0.081637 0.038497 -0.000349 0.010838 0.023297 0.000014
