-0.000187
-0.000785
-0.000571
-0.025418
-0.000198
-0.000381
-0.000527
-0.060178
-0.018399
0.037256
0.026322
-0.055462
-0.015440
-0.001753
0.042320
-0.006232
-0.000203
-0.006469
0.061978
-0.002604
-0.003230
-0.007663
-0.002099
-0.000174
-0.000060
-0.032445
0.037961
-0.044460
-0.031013
0.020087
0.007510
-0.002268
-0.013568
-0.004145
-0.034774
-0.001545
-0.026866
-0.002587
0.004502
0.000764
0.025249
0.030218
-0.000508
0.019317
-0.003093
0.026109
-0.005752
0.000006
-0.004186
-0.003305
-0.010626
0.001603
-0.000285
0.018243
0.003590
0.015694
0.039162
0.018708
-0.000689
-0.000805
-0.003919
-0.030540
-0.051601
-0.051421
0.018368
0.034498
0.031467
-0.011740
0.017453
0.005765
-0.017924
-0.031669
-0.002922
-0.012140
-0.001343
-0.019300
-0.000746
-0.011136
0.007397
0.040998
-0.000294
-0.010393
-0.003536
0.020335
0.000003
-0.010292
0.020608
0.037201
0.009714
0.018082
-0.053119
0.020184
-0.000681
0.035352
-0.003217
-0.000477
-0.002202
-0.000145
0.039462
0.020388
-0.000199
-0.001626
-0.000235
-0.000949
0.026059
-0.000288
