-0.000042
0.006535
0.002249
2.157039
0.005448
0.029328
0.028535
1.522479
0.168061
-0.735784
-0.365589
0.518973
2.255488
-0.001792
-0.812792
1.123702
-0.000465
-0.018574
-1.242051
0.002583
-0.002473
0.024471
1.988551
-0.018963
-0.000169
1.925623
-1.212700
0.921502
2.523741
-1.722099
-0.290955
-0.053499
0.030158
2.060540
1.585571
-0.013001
1.951260
0.874969
2.142740
1.699780
-1.753608
-0.577923
0.020002
-0.708022
0.013141
-0.375092
2.239454
-0.000119
0.025579
0.011931
1.139080
-0.001006
-0.011001
-1.961268
2.061736
-2.425432
-0.673957
-1.907734
-0.062926
0.021295
0.015673
1.772317
1.691077
0.419054
-2.278516
-0.624632
-0.527035
0.285057
-2.285449
0.012193
0.986567
1.074801
-0.014617
-0.027349
-0.011985
-0.600913
-0.018450
-0.009442
0.017839
-0.869292
0.023763
2.483214
1.987642
-2.342708
0.000050
0.011401
-2.175599
-0.678317
0.007823
-2.036024
0.535942
-1.536567
-0.002583
-0.574501
1.132992
-0.010848
0.006428
-0.000171
-0.640976
-1.666495
-0.000051
0.035184
0.033468
-0.112434
-0.405439
0.022128
