-0.000459
-0.017509
-0.001892
0.000599
-0.006226
-0.273572
-0.021640
-0.072166
-0.000369
-0.007312
-0.014523
-0.001079
-0.004455
-0.009519
-0.001428
-0.001144
-0.008906
-0.150477
-0.092756
0.042880
-0.001350
-0.002357
-0.230654
-0.008550
-0.525745
-0.001134
-0.010665
-0.420365
-0.027162
-0.001149
-0.354214
-0.007614
0.001305
-0.012997
-0.009182
-0.752530
0.101552
-0.006833
-0.403424
-1.113707
-0.002410
0.000347
-0.002382
-0.010632
-0.017756
-0.009695
-0.013761
-0.000938
-0.001283
-0.028030
-0.001634
-0.001838
-0.000364
-0.002989
-0.006830
-0.004116
0.785245
-0.003406
-0.000646
-1.443330
-0.001211
-0.358367
-0.010910
-0.008543
-0.009194
-0.001275
-0.001368
-0.005236
-0.702169
-0.001289
-1.065405
0.127891
-0.006122
-0.005142
-0.003406
-0.026829
-0.011076
-0.152590
-0.009151
-0.001712
-0.001245
-0.240589
0.007963
-0.001576
-0.472633
-0.259515
-0.001436
-0.003967
0.002616
-0.376010
-0.011388
-0.002322
-0.000891
-0.601632
-0.001153
-0.002138
0.000108
-0.000915
-0.264617
-0.001972
-0.449671
-0.005076
-0.004389
-0.003087
-0.003051
-0.308609
-0.004905
-0.893430
-0.002699
-0.001264
-0.010485
-0.007397
-0.002314
-0.379924
-0.000726
-0.000609
0.003489
-0.005780
-0.002835
-0.016435
-0.221255
0.008876
-0.000446
-0.011340
-0.563354
-0.014250
-0.001938
-0.002563
-0.003674
-0.513531
-0.003435
-0.003336
-0.019822
-0.001776
-0.002781
-0.017752
-0.005108
-0.000580
-0.001294
-0.003468
-0.001168
-0.003822
-0.005116
-0.001637
-0.005454
-0.014423
-0.002942
-0.001643
-0.051208
-0.010391
0.001203
-0.008392
-0.001345
-0.000439
-0.007350
-0.276085
-0.007684
-0.011985
-0.002452
-0.001151
-0.042970
-0.547649
-0.009226
-0.001366
-0.492885
-0.006471
-0.002237
-0.002301
-0.009065
-0.001448
0.066606
-0.008043
-0.001066
-0.983241
-0.009224
-0.002205
-0.010065
-0.016321
-0.267377
-0.327497
-0.002750
-0.015417
-0.001729
0.000165
-0.021855
-0.001666
-0.011274
-0.463036
-0.021269
0.000007
-0.001074
