-0.002777
-0.006434
-0.006316
-0.031394
-0.005205
-0.010395
0.000396
-0.009497
-0.001073
-0.018854
-0.009405
-0.001410
-0.002200
-0.022298
-0.018255
-0.008518
-0.009390
-0.005314
-0.011196
-0.002956
-0.010508
-0.008652
-0.028271
-0.002174
-0.006952
-0.013549
-0.005490
-0.005736
-0.004283
-0.001169
-0.003103
-0.001416
-0.036854
-0.014100
-0.013301
-0.046795
-0.001967
-0.008360
-0.031968
-0.001093
-0.012499
-0.008477
-0.000595
-0.022902
-0.002080
-0.000774
-0.005113
-0.010705
-0.023557
-0.002473
-0.010037
-0.002125
-0.003138
-0.002900
-0.003759
-0.002281
-0.003353
-0.001434
-0.002173
-0.017155
-0.002048
-0.017464
-0.034755
0.157915
-0.005818
-0.008148
-0.002986
-0.003398
-0.016842
-0.001339
0.006044
0.006888
-0.000844
-0.006420
-0.005776
-0.003989
-0.002396
-0.001966
-0.003516
-0.007977
-0.011781
-0.031281
-0.034596
-0.002228
-0.004249
-0.006272
-0.001330
-0.016259
-0.004859
-0.003613
-0.001738
-0.010273
-0.022553
-0.011649
-0.011082
-0.006621
-0.023535
-0.005210
0.144461
0.006389
-0.015833
-0.009116
0.135679
0.000180
-0.000469
-0.001897
0.000996
-0.000666
-0.037079
-0.011437
-0.004019
-0.002340
-0.000794
-0.003691
0.125902
0.003759
-0.025922
-0.010351
-0.001197
0.004876
0.169427
-0.043079
-0.021117
-0.004558
-0.000031
-0.016051
-0.001034
-0.010254
-0.001178
-0.012427
-0.003337
-0.007359
-0.000684
0.004713
-0.003166
-0.011167
-0.006433
-0.017808
0.156568
-0.000681
-0.000667
-0.008060
-0.004887
-0.001340
-0.024646
-0.006699
-0.003558
0.180219
-0.001198
0.002191
-0.001207
-0.000748
-0.036774
-0.010295
0.081610
-0.002387
-0.000114
