-0.001348
0.032401
0.031081
-0.003440
-0.002058
0.011293
0.018593
0.000047
-0.000534
-0.005174
-0.020084
0.003636
-0.005184
-0.000186
0.039107
-0.001566
0.005012
-0.005713
-0.006037
-0.003416
-0.007071
-0.012881
0.001025
0.018135
-0.006683
-0.000033
-0.000394
-0.007106
0.018676
-0.000087
-0.041543
0.000844
-0.049817
0.017476
-0.030610
-0.000634
-0.008367
0.018156
-0.000794
0.012903
-0.004123
0.011521
-0.002934
-0.013044
0.019468
-0.002411
0.011549
0.048832
0.001022
0.005612
-0.000146
0.017177
0.028262
-0.013733
0.001316
-0.015606
-0.000325
-0.002323
0.025124
0.019507
-0.011167
0.000808
-0.006122
-0.020699
-0.014865
-0.011791
-0.001319
-0.040225
-0.002706
-0.000858
-0.002952
-0.000719
0.023344
0.003837
0.019839
0.000790
0.010444
-0.001423
0.007497
-0.000353
-0.000263
0.009187
-0.000221
-0.005253
-0.000480
-0.000802
-0.000873
-0.000182
0.003188
-0.018034
-0.000273
-0.000070
0.009556
0.004823
0.005145
-0.001362
-0.003073
-0.039583
-0.043498
-0.007567
-0.036912
0.027034
-0.040124
-0.000021
0.001307
0.020470
-0.015094
0.017439
0.005712
0.005910
0.017302
0.003872
-0.000358
-0.000598
-0.000118
-0.039070
-0.000265
-0.001938
-0.006301
-0.000232
-0.000166
-0.018349
-0.003592
-0.007213
-0.000044
0.026401
