-0.002953
-0.015374
-0.001065
0.054560
-0.109081
0.000060
-0.002079
-0.003141
-0.683511
-0.500476
-0.004136
-0.145842
-0.000765
-0.001948
0.000957
-0.498456
-0.001851
-0.007750
-0.012863
-0.651102
-0.003152
-0.207786
-0.002304
-0.000974
-0.007588
-0.001569
-0.006770
-0.212702
-0.002892
-0.001840
-0.001921
-0.003374
-0.010070
-0.011982
-0.001256
-0.007515
-0.001585
-0.016051
0.102217
-0.001857
-0.251007
-0.016188
-0.004311
-0.007261
1.311977
0.022063
-0.001642
-0.213845
-0.236544
-0.003890
-0.881969
-0.507167
0.000836
-0.103411
-0.481593
-0.013130
-0.001203
-0.174112
-0.001913
-0.001852
-0.004276
-0.000974
-0.127174
-0.372953
-0.001296
-0.000999
-0.006073
-0.000096
-0.927256
-0.016098
-0.002535
-0.204483
-0.001262
-0.094384
-0.002695
-0.000324
-0.006051
-0.024202
-0.851956
-0.006745
-0.000995
0.100591
-0.003688
-0.545819
-0.003363
-0.410702
-0.002208
-0.001567
-0.012222
-0.001224
-0.026172
-0.002042
-0.624971
-0.006292
-0.404354
-0.012761
-0.006794
-0.004404
-0.007862
-0.009926
-0.355279
-0.021570
-0.242584
-0.017437
-0.000616
-0.275560
-0.000215
-0.001433
-0.001476
-0.004097
-0.005441
-1.156787
-0.198957
-0.012906
-0.003749
-0.000822
-0.000165
-0.010029
-0.010323
-0.007121
-0.005648
-0.001759
-0.001875
-0.002526
-0.013591
-0.001167
-0.324610
-0.013786
-0.366858
-0.543057
-0.094366
-0.001210
-0.004678
-0.002392
-0.001702
-0.003856
-0.000372
-0.016243
-0.000067
-0.000208
-0.001204
-0.001273
-0.006344
-0.001188
-0.512569
-0.002232
-0.002765
-0.009349
-0.009508
-0.253701
-0.003449
-0.002020
-1.058483
-0.000917
-0.002397
-0.350240
-0.003896
0.347470
-0.009881
-0.001043
-0.009011
-0.209668
-0.009231
-0.002471
-0.376022
0.063318
-0.012852
-0.016300
-0.184890
-0.005741
-0.005731
0.879893
-0.001257
-0.014404
