-0.534090 0.524772 -0.000025 -0.420629 -0.010169 0.277040 0.027552 0.000053 0.196494 -0.080694 0.637863 0.000170 -0.000006 -0.005974 0.304495 -0.001723 0.000029 0.075975 0.043876 -0.327348 -0.357103 0.000008 -0.001975 -0.000138
0.723647 0.365813 0.000126 0.081394 -0.353725 -0.102190 0.115642 -0.000106 -0.324181 -0.200873 -0.105034 0.000149 0.000208 -0.005238 0.023995 -0.085050 0.000061 -0.294837 0.134644 0.252127 0.126691 0.000024 -0.029665 0.000077
0.259077 -0.176734 0.000088 -0.159193 0.005077 0.081721 0.067304 0.000014 0.044042 0.003024 0.073215 -0.000082 -0.000118 -0.001844 -0.334334 -0.288492 -0.000006 0.013783 0.171125 0.260197 0.527432 -0.000177 -0.227363 -0.000082
0.606592 -0.375158 -0.000075 0.529180 0.323484 -0.146208 0.066196 -0.000058 0.055946 -0.011882 0.216633 0.000217 0.000070 0.000125 -0.067628 0.488528 -0.000016 -0.056406 0.068990 -0.104916 -0.272711 -0.000010 -0.005633 -0.000036
0.045128 -0.285275 0.000066 0.316143 0.161982 0.148333 0.007242 -0.000082 0.173368 -0.085648 -0.475998 -0.000065 -0.000029 -0.001036 -0.375066 -0.016766 -0.000038 -0.095500 -0.105505 -0.030775 -0.106608 -0.000064 -0.219808 -0.000042
-0.241942 0.026328 -0.000021 0.316954 0.179236 0.183889 0.003195 -0.000125 0.715377 0.096968 0.140456 0.000046 0.000116 -0.000389 0.164866 -0.024397 0.000030 0.350600 -0.291310 -0.520022 -0.087339 0.000121 -0.606466 -0.000029
0.012852 -0.483344 -0.000121 -0.138003 -0.033627 -0.025804 -0.103573 -0.000008 -0.008469 0.522448 0.217129 -0.000026 -0.000103 -0.000506 -0.254441 0.073198 -0.000050 0.306233 0.052185 -0.518496 0.417281 0.000034 -0.027891 -0.000018
0.236566 -0.013829 0.000019 -0.433042 -0.214138 0.653660 -0.135498 0.000142 0.405062 0.121183 0.239613 -0.000090 0.000017 -0.005668 0.030032 0.519125 -0.000035 -0.701439 -0.466196 0.247860 -0.207841 -0.000022 0.032966 0.000077
0.519274 0.094716 0.000017 -0.360902 0.125944 -0.086660 -0.005957 -0.000018 -0.056393 -0.286912 0.270341 0.000036 -0.000127 -0.006389 -0.480173 0.209550 0.000017 -0.757938 0.150442 0.530153 -0.175276 -0.000029 0.295315 0.000009
-0.333081 0.185282 -0.000013 0.127087 0.140626 0.367582 -0.021475 0.000154 0.287230 -0.915806 -0.165543 -0.000003 -0.000084 -0.007133 -0.300707 0.062478 0.000021 0.217672 0.303840 0.169989 -0.550662 0.000142 0.413062 -0.000059
0.105704 0.261920 -0.000006 -0.118634 -0.047750 -0.042339 -0.006129 -0.000030 0.220835 -0.213819 -0.088132 0.000097 -0.000134 -0.004306 0.529135 0.129618 0.000019 0.304045 0.075273 0.306481 0.314975 -0.000072 0.213896 0.000038
0.258144 -0.120827 -0.000030 0.038025 -0.000372 0.160266 0.062486 0.000084 -0.286981 -0.265481 0.012774 -0.000080 0.000074 -0.002089 -0.159360 -0.404083 0.000024 -0.096765 0.071653 0.134728 -0.095133 0.000051 0.175777 0.000025
0.011457 -0.040018 0.000048 -0.438100 0.062641 -0.426653 0.005373 0.000130 -0.304897 -0.464270 -0.019729 -0.000092 0.000045 -0.000109 -0.069055 0.247637 -0.000017 -0.467524 0.121964 0.290972 -0.364161 0.000054 0.513523 -0.000141
0.231505 -0.268017 0.000051 0.460875 -0.031699 0.272446 0.055692 0.000140 -0.222305 0.177266 -0.209556 0.000050 0.000075 -0.000131 0.170917 -0.267561 -0.000123 0.078265 -0.109347 -0.360452 -0.721800 -0.000021 0.116476 0.000210
0.003741 -0.243403 0.000109 -0.513352 -0.400218 -0.317441 -0.037153 0.000086 0.143771 0.356904 -0.229242 0.000141 0.000094 0.000019 0.094315 0.328997 -0.000049 0.260474 -0.101347 -0.068211 -0.217749 -0.000014 0.103839 -0.000015
0.302879 0.032925 0.000059 -0.141648 0.219448 -0.248712 -0.084765 -0.000093 0.069498 -0.001448 0.134203 0.000040 -0.000132 -0.000104 -0.064349 0.262638 0.000071 -0.214106 0.242260 -0.310324 -0.359735 0.000018 0.383974 -0.000042
-0.190293 -0.352286 0.000080 0.254854 0.473445 -0.212527 0.027380 0.000235 -0.246066 -0.210449 0.029699 0.000044 -0.000195 -0.000150 -0.195770 0.211555 -0.000045 0.485636 0.073696 -0.280993 0.199453 0.000020 0.661610 0.000123
-0.380820 -0.222943 0.000066 -0.243596 -0.174146 -0.217531 0.028061 -0.000005 0.094501 -0.192446 0.190997 0.000188 0.000029 0.000267 -0.077324 -0.251336 -0.000064 -0.338448 -0.330740 -0.187901 0.146189 -0.000005 0.556933 -0.000089
0.396030 -0.049995 -0.000118 0.302395 -0.083275 0.311387 0.067001 0.000049 0.324921 -0.394035 0.514321 0.000286 -0.000082 0.000385 0.069346 -0.071970 -0.000032 -0.235533 0.197867 -0.095287 -0.339051 0.000086 -0.275652 0.000005
0.050990 0.398641 -0.000043 -0.037653 -0.160602 0.216049 0.297071 -0.000040 -0.039476 -0.126213 -0.532540 0.000086 0.000017 0.000472 0.052589 -0.011360 -0.000059 0.650615 0.035162 0.183612 0.204910 0.000013 -0.172017 -0.000030
-0.066873 0.037607 -0.000034 0.343561 0.158603 0.234760 0.128518 0.000043 0.061529 -0.320455 -0.009546 -0.000048 -0.000124 -0.000323 -0.036000 -0.148009 0.000005 -0.077392 0.101175 0.389539 -0.256039 0.000043 0.118444 -0.000098
-0.526227 -0.145483 -0.000055 0.213223 0.497508 -0.212689 0.114910 0.000160 0.339973 -0.007533 0.089777 0.000225 0.000102 -0.000026 -0.098835 0.491085 0.000075 -0.060271 -0.035848 0.183440 -0.286710 -0.000007 -0.181450 0.000067
0.460098 -0.298979 0.000050 -0.419388 -0.257271 0.330777 0.075160 -0.000043 0.343378 -0.046006 -0.260352 0.000104 0.000039 -0.000363 -0.182602 0.547602 0.000075 0.429271 0.009242 0.495175 0.484577 -0.000052 -0.127837 -0.000086
0.350741 -0.013579 -0.000053 -0.302971 -0.221300 -0.232809 0.025972 0.000158 -0.053350 -0.072561 -0.181873 -0.000079 0.000011 0.000121 0.178701 -0.324863 0.000011 0.238786 -0.069167 0.023972 -0.284466 -0.000008 0.086538 -0.000130
-0.113999 -0.147278 -0.000018 -0.341604 -0.397470 -0.386276 0.116254 -0.000222 0.700948 0.183751 -0.026160 -0.000044 -0.000113 0.000277 0.014424 0.257943 0.000068 -0.307918 0.546423 0.276585 -0.393014 0.000022 -0.230902 -0.000015
0.167789 -0.144981 0.000110 -0.639019 0.001529 0.167275 0.150421 -0.000040 0.413916 0.029770 -0.003885 0.000035 0.000016 -0.000208 -0.094068 -0.062145 -0.000048 0.088940 0.282929 0.351351 0.099274 -0.000032 -0.117203 0.000038
0.374537 0.053381 0.000003 -0.027511 -0.056892 0.074949 0.158822 0.000082 0.075835 -0.414198 0.992707 -0.000032 -0.000101 0.000328 0.081910 -0.358842 0.000008 -0.396379 0.415602 -0.477499 0.297541 -0.000038 -0.063540 -0.000081
-0.020549 0.447461 -0.000001 0.289639 0.097106 -0.426793 0.177068 -0.000082 -0.140017 0.102793 0.165623 -0.000036 -0.000220 -0.002724 -0.268195 0.109738 -0.000091 -0.291195 0.046104 -0.112541 0.133305 -0.000044 -0.303647 -0.000054
0.128675 0.231788 0.000053 -0.238328 -0.289739 0.305889 0.104122 0.000151 0.276745 0.054570 -0.033647 0.000032 0.000252 -0.004574 -0.039959 -0.045285 -0.000057 0.333606 -0.029268 0.427505 0.466925 -0.000150 -0.367711 0.000168
0.586104 0.436517 0.000117 -0.131377 -0.113732 -0.254203 0.149452 -0.000061 -0.257326 0.201883 -0.157003 -0.000030 -0.000044 -0.003177 -0.195107 0.026037 0.000053 -0.116357 0.210400 -0.158805 0.690557 -0.000064 0.078591 -0.000145
0.426486 0.093603 -0.000059 -0.350357 0.181118 0.007907 0.029721 -0.000119 0.401532 0.145152 0.299621 -0.000069 0.000020 -0.001221 -0.117346 0.135316 -0.000058 -0.431393 0.427652 0.279498 0.062449 0.000025 -0.122395 0.000060
-0.473387 -0.446390 -0.000001 -0.331370 -0.198904 0.561803 0.003379 0.000075 0.212163 -0.437618 0.243074 -0.000055 -0.000004 -0.002152 -0.378432 -0.207743 0.000109 0.362801 0.169502 -0.040148 -0.127211 -0.000106 0.107454 0.000062
-0.055808 -0.115711 -0.000054 -0.073869 0.053920 0.264775 0.075884 0.000062 0.640978 -0.283409 0.449896 -0.000062 0.000022 -0.001956 -0.885116 -0.584689 -0.000095 -0.663367 0.216129 0.115724 -0.205052 0.000036 0.093171 -0.000049
-0.267036 -0.020602 -0.000109 0.005639 -0.327205 -0.170938 0.058579 0.000015 -0.109589 -0.150153 -0.246243 0.000130 -0.000010 -0.004171 0.005385 -0.878587 0.000049 0.138393 0.171593 0.026099 0.373205 0.000203 0.325547 0.000049
0.428379 0.108322 -0.000027 0.418142 0.296581 0.189147 0.095670 0.000095 -0.262250 -0.073370 0.257024 0.000049 -0.000130 -0.004804 0.382378 -0.075619 -0.000129 0.069970 0.207994 -0.022724 -0.329011 0.000093 -0.099515 0.000032
-0.060793 0.021305 0.000095 0.462955 0.105259 -0.364343 0.075113 0.000092 -0.441860 -0.492674 0.182361 0.000052 0.000111 -0.003539 -0.082533 0.236797 0.000110 -0.006482 0.204676 0.001279 0.144211 -0.000040 0.226681 -0.000172
-0.099193 0.432350 -0.000012 -0.038496 -0.019547 -0.482648 0.029394 -0.000041 -0.061400 -0.120418 -0.110947 -0.000038 -0.000067 -0.003973 0.031881 0.160454 -0.000066 0.133520 0.179309 -0.211464 -0.017049 0.000112 0.276356 0.000095
0.163613 0.055565 0.000023 -0.321075 0.397648 -0.327108 -0.001089 0.000001 0.010337 -0.096762 -0.093327 -0.000028 -0.000058 -0.004376 0.227929 -0.001369 -0.000044 0.213608 0.087828 0.156953 -0.126279 0.000005 0.135017 -0.000053
0.090162 0.267757 -0.000040 0.517447 0.268152 0.475742 -0.000364 -0.000059 0.454503 -0.195745 -0.155344 -0.000138 -0.000179 -0.001963 -0.101395 0.022654 -0.000033 0.712523 0.095436 -0.374402 -0.238631 0.000017 -0.622049 -0.000138
0.309498 -0.389040 0.000027 -0.263112 -0.096760 -0.006319 0.012450 0.000044 0.258108 -0.219017 -0.353694 -0.000078 0.000235 0.000853 -0.156935 0.215757 0.000055 0.117999 -0.057137 -0.385263 -0.024719 0.000017 0.025919 0.000046
-0.166655 -0.321015 0.000162 -0.102970 -0.150475 -0.068412 0.058456 -0.000070 0.150213 -0.269242 -0.000949 -0.000057 -0.000090 -0.002031 0.405573 -0.231368 -0.000009 0.104403 -0.098123 -0.100057 -0.229255 -0.000023 0.251106 0.000149
0.522611 -0.273245 -0.000018 0.285095 -0.399246 0.231646 0.109435 -0.000045 -0.350718 -0.399684 0.049529 0.000055 0.000001 -0.001888 -0.178224 0.178099 0.000011 -0.022665 -0.121820 0.432611 -0.064031 0.000073 0.194294 0.000128
0.078814 0.019337 0.000051 0.429852 0.266766 0.374245 0.241690 -0.000087 -0.025741 -0.098883 0.288654 0.000090 -0.000079 -0.001309 0.475182 0.534524 0.000080 -0.151677 -0.560691 0.130612 0.026626 -0.000015 0.150352 0.000018
-0.443784 0.643067 0.000034 0.037064 0.098476 0.434869 0.101769 -0.000030 0.618200 -0.252630 -0.348728 -0.000030 -0.000068 -0.006051 -0.003463 -0.217723 -0.000060 -0.264286 -0.147923 0.333232 0.010693 0.000098 -0.497007 -0.000015
-0.175737 0.489540 -0.000017 -0.452019 -0.312895 0.250861 0.117038 -0.000037 0.509602 0.219713 0.569230 0.000077 -0.000130 -0.006461 -0.644337 0.047776 0.000035 -0.118179 -0.389291 -0.148131 0.042504 0.000107 -0.137180 -0.000049
-0.116757 0.118454 0.000030 -0.318151 0.060424 0.391697 0.025197 -0.000079 0.119298 -0.060174 0.010238 -0.000047 0.000047 -0.007035 -0.183221 -0.127113 0.000041 -0.288571 0.281775 -0.126481 -0.300650 -0.000037 0.133249 -0.000084
-0.286201 0.241639 0.000031 -0.175404 -0.280640 -0.018702 0.130447 0.000015 0.487112 -0.372550 -0.208254 -0.000109 0.000053 -0.008529 0.556190 0.011493 -0.000021 -0.742087 -0.057111 -0.354145 -0.146226 -0.000113 0.569363 -0.000059
0.524067 0.334602 0.000052 0.539600 -0.191064 0.484852 0.251102 -0.000075 -0.201340 -0.059002 -0.206544 0.000005 0.000017 -0.005607 -0.222436 0.215043 -0.000048 0.302261 -0.063233 -0.018428 0.046494 0.000154 0.117497 -0.000211
0.136192 0.170849 -0.000066 -0.821822 0.107349 0.326994 0.205674 -0.000012 0.059510 0.353635 0.005982 -0.000072 -0.000126 -0.005125 -0.287562 0.328589 0.000087 0.210822 0.039008 0.088715 0.474623 -0.000075 0.067089 0.000079
0.274061 -0.471345 0.000032 -0.335452 -0.237787 -0.113597 0.243890 -0.000028 0.731856 0.398508 0.043808 -0.000006 0.000005 -0.000788 0.171347 -0.370345 0.000134 -0.152905 0.064657 -0.241714 -0.075671 0.000071 -0.134418 -0.000054
-0.145921 -0.344143 0.000009 0.035861 -0.371986 -0.004666 0.357010 -0.000074 -0.001455 -0.310393 0.587993 0.000047 -0.000087 -0.000574 -0.385165 -0.075093 0.000094 0.033372 0.081831 -0.080888 -0.016506 0.000040 -0.101512 -0.000043
-0.744640 0.093147 0.000047 0.788480 -0.841431 -0.204848 0.212699 0.000065 0.260840 -0.507354 0.020387 0.000138 -0.000015 -0.000248 0.157239 0.061827 -0.000022 -0.390048 0.090225 0.017460 -0.082599 -0.000047 0.282397 0.000098
-0.340245 0.123460 0.000049 0.259844 -0.184333 0.092241 0.116247 0.000122 -0.377203 -0.071876 0.243084 -0.000046 0.000030 -0.000126 -0.008145 0.036083 0.000008 0.016615 0.146490 -0.185419 -0.200736 0.000024 0.446273 0.000056
-0.364106 0.058101 0.000004 0.555232 0.077997 -0.192790 0.247616 0.000151 -0.267404 -0.132377 -0.092820 0.000173 -0.000013 0.000370 0.070803 -0.367393 -0.000105 0.189698 -0.356773 -0.147271 0.058524 0.000005 0.064705 0.000012
-0.324647 -0.240145 0.000012 0.032005 -0.349281 -0.020354 0.183950 0.000081 0.179367 0.000800 0.176764 -0.000091 0.000069 0.000458 -0.368047 0.150417 -0.000025 0.232251 -0.041788 0.050635 0.306520 0.000007 0.181215 0.000173
0.289634 0.157718 -0.000054 -0.233221 0.029653 -0.353760 0.058672 -0.000003 -0.260349 -0.487991 -0.145968 -0.000065 0.000069 0.000377 -0.024063 0.311180 -0.000100 -0.447529 -0.621085 -0.030010 -0.457653 0.000020 -0.373042 0.000055
0.187550 0.547625 -0.000015 -0.086160 -0.152852 -0.075677 0.098854 0.000089 0.499091 -0.457738 -0.083161 -0.000045 -0.000077 0.000174 0.065642 0.008875 0.000063 -0.238461 0.047462 -0.123085 0.154716 -0.000058 -0.156739 0.000133
-0.220038 0.129600 -0.000070 0.162825 0.027370 -0.193643 0.003855 0.000104 0.181874 -0.246726 0.042385 -0.000062 0.000068 -0.002547 0.300776 0.056375 0.000058 0.604132 -0.157743 -0.041852 0.236233 -0.000100 -0.205793 -0.000080
-0.146928 -0.341317 -0.000053 0.115872 0.058659 -0.149666 0.059364 -0.000065 -0.305132 -0.307655 0.456090 -0.000086 0.000002 -0.001232 -0.143609 -0.198328 -0.000015 -0.083499 0.023600 -0.179214 0.164789 -0.000084 0.172868 0.000072
-0.936541 -0.383323 0.000039 -0.409239 -0.111786 -0.473742 0.081741 -0.000259 0.132367 0.300071 0.230399 0.000095 -0.000184 0.000499 -0.280727 -0.465618 -0.000117 0.652321 -0.092079 0.162615 0.318467 -0.000024 -0.316070 0.000012
-0.404855 0.048738 -0.000050 0.201679 0.144393 -0.111802 0.005582 -0.000083 0.181691 -0.214112 -0.046304 0.000147 -0.000099 0.000002 -0.294702 -0.267899 0.000115 -0.109462 -0.361524 0.129103 0.124785 -0.000014 0.425320 -0.000011
-0.111760 0.119238 -0.000026 0.058539 0.164082 0.073678 0.020877 0.000089 0.236774 0.815704 -0.262963 -0.000179 0.000015 0.000689 0.245454 -0.045774 0.000059 -0.006536 -0.048424 -0.108992 0.180512 -0.000041 -0.056718 0.000147
0.295852 0.124583 0.000015 0.493937 0.058403 0.135274 0.007475 0.000056 -0.040512 0.361379 -0.990820 -0.000032 0.000026 -0.001790 -0.409564 0.139267 0.000063 -0.894281 0.261140 -0.364812 -0.293856 0.000004 0.158110 -0.000051
0.628551 0.066030 0.000128 -0.237841 0.181103 -0.643287 -0.002692 0.000026 0.283480 -0.776430 -0.571516 -0.000027 -0.000182 -0.004301 0.133626 -0.514398 0.000013 -0.120905 -0.101243 0.436274 0.235817 0.000003 0.295316 -0.000116
0.363868 0.354509 0.000040 -0.418456 0.000446 -0.162629 -0.047257 0.000078 -0.064628 0.035861 -0.145581 0.000109 0.000031 -0.008232 0.058499 0.292069 0.000022 0.219291 0.462779 0.261613 0.096820 0.000011 -0.134869 0.000005
-0.208001 0.225691 0.000010 0.332967 0.690620 -0.322762 -0.031981 -0.000205 0.136640 -0.222713 0.328559 0.000085 0.000129 -0.010045 0.192791 0.173611 0.000103 -0.169670 0.095223 -0.005962 0.096695 -0.000041 -0.101084 0.000018
0.143529 -0.107852 0.000007 -0.100672 0.325781 0.083199 -0.047928 0.000059 0.374649 -0.107461 0.475977 0.000119 0.000037 -0.006142 0.182569 0.161015 -0.000070 -0.169921 -0.002459 -0.619621 -0.449967 0.000050 0.134755 0.000033
-0.228296 -0.065914 0.000013 0.191921 -0.190522 0.456365 0.069867 -0.000101 0.049772 -0.170558 0.306635 0.000162 -0.000047 -0.002979 -0.138562 -0.109032 0.000025 -0.065247 -0.138621 -0.151253 -0.416113 -0.000009 0.269450 -0.000012
-0.589637 -0.464235 0.000060 0.300482 0.266684 -0.295611 0.102435 0.000063 0.046036 0.430873 0.286088 -0.000089 -0.000081 -0.002754 0.406298 0.034609 0.000023 0.242120 -0.033711 -0.119190 -0.247806 -0.000088 0.045605 -0.000025
-0.120041 -0.213879 0.000069 0.587128 0.234578 -0.388771 0.196341 -0.000062 0.065522 0.807280 -0.556240 -0.000061 -0.000094 -0.001674 0.394998 0.022501 -0.000066 0.068401 0.605036 -0.180325 -0.158861 -0.000057 0.439444 0.000021
0.226753 -0.098572 -0.000067 0.044893 -0.105977 0.599503 0.125589 0.000149 0.246208 -0.154447 -0.257558 0.000180 0.000162 -0.002318 0.313933 -0.130213 -0.000061 -0.172462 0.001838 -0.104074 0.259799 -0.000078 0.399305 -0.000087
0.075759 0.366575 -0.000067 0.084370 -0.419502 0.588933 0.112072 -0.000087 -0.381861 -0.548093 -0.057353 0.000228 -0.000169 -0.001281 -0.076147 0.055439 0.000078 -0.108556 -0.046025 0.479351 -0.140069 0.000040 0.506691 -0.000001
0.096072 0.037773 0.000032 -0.217588 -0.073258 0.295634 0.088684 -0.000153 -0.009012 0.037860 -0.045320 0.000161 -0.000023 -0.003681 0.027164 0.340760 -0.000094 0.232753 0.104726 0.366125 -0.145686 -0.000025 0.049340 0.000104
0.079973 -0.032322 0.000003 -0.119646 -0.143756 0.094499 0.215842 0.000008 0.024097 -0.462396 0.386651 0.000125 -0.000171 -0.005147 -0.153222 0.134424 -0.000009 -0.169191 -0.125849 0.393083 -0.118234 -0.000075 -0.104537 0.000017
0.162482 -0.136464 0.000049 -0.068553 -0.100577 -0.021352 0.243978 0.000033 0.650756 0.146252 0.677636 -0.000046 -0.000043 -0.003422 0.255575 -0.506832 0.000000 -0.478378 -0.416827 -0.161153 0.330365 -0.000026 -0.530438 0.000147
-0.742570 0.070301 0.000019 0.584685 -0.247725 -0.081561 0.147874 -0.000051 -0.036268 0.174365 0.150868 -0.000037 -0.000014 -0.001843 -0.487777 -0.054866 0.000183 0.071142 0.413109 -0.372104 0.144219 0.000061 -0.312547 0.000059
-0.293083 -0.072761 -0.000021 0.186602 -0.258012 0.076104 -0.019783 -0.000006 -0.033140 0.259327 -0.065406 -0.000088 0.000036 -0.002689 0.323929 -0.485111 0.000098 0.191396 -0.111554 -0.183128 0.068337 -0.000061 -0.080728 0.000047
-0.283320 0.055301 0.000129 0.338340 -0.098579 -0.681965 0.054950 0.000101 0.475286 -0.190440 -0.345192 0.000070 0.000141 0.000617 0.339082 0.130443 -0.000100 0.371872 -0.045922 -0.177581 0.080886 0.000039 -0.081123 0.000089
0.060123 0.346320 0.000001 -0.584356 0.109324 0.200282 0.101971 0.000072 -0.244169 -0.130624 -0.379894 -0.000135 0.000091 0.000502 -0.214805 0.128523 0.000050 0.009935 -0.095854 0.240566 -0.370560 -0.000001 0.116947 -0.000116
-0.122331 0.564187 -0.000015 0.020379 0.044352 0.250814 0.010768 -0.000008 0.152104 -0.111047 -0.108768 0.000139 -0.000074 0.000571 0.288617 0.162447 -0.000047 0.246353 -0.209474 0.081672 0.241361 -0.000026 0.606365 0.000010
0.229715 0.129210 -0.000073 -0.387589 -0.033013 0.255009 0.140252 0.000110 -0.052203 0.132992 -0.261618 0.000045 0.000121 0.000033 0.107257 0.149129 0.000012 0.095902 -0.337893 0.117077 -0.055459 0.000046 -0.139103 0.000054
0.139446 0.069737 0.000080 0.659249 -0.456084 -0.285220 0.054289 0.000122 -0.261495 -0.206567 -0.421609 -0.000147 0.000001 0.000077 -0.057973 -0.020579 0.000054 -0.400763 -0.151938 0.168846 -0.022973 -0.000015 -0.113645 -0.000032
0.048575 -0.810575 0.000022 0.176468 -0.119574 -0.248550 0.084057 0.000042 0.261161 0.004074 0.011265 0.000077 -0.000127 0.000786 -0.012645 -0.157573 -0.000093 0.381042 0.147565 -0.475388 -0.071643 0.000053 -0.049062 -0.000083
-0.419014 -0.470150 -0.000104 -0.343946 -0.347078 0.083782 0.006603 0.000074 0.365647 -0.121917 -0.298054 0.000029 -0.000065 -0.002738 -0.384516 -0.128778 0.000038 0.030282 -0.276825 0.324355 -0.226653 -0.000103 -0.149506 0.000113
-0.086717 -0.030735 -0.000050 -0.121346 0.072807 -0.170307 -0.105263 -0.000155 0.154681 0.096472 -0.017834 0.000057 0.000127 -0.003065 -0.083764 0.079493 -0.000034 -0.295500 -0.098938 0.125875 0.174844 -0.000165 0.156129 0.000023
-0.315557 0.055302 -0.000060 -0.008315 0.144942 0.093087 -0.000103 -0.000047 0.233843 0.642806 0.149242 0.000039 0.000049 -0.002625 -0.192261 0.039914 -0.000109 0.081696 -0.460626 -0.775731 -0.127702 0.000073 0.103681 0.000095
0.068981 -0.139182 -0.000029 0.646685 -0.061680 -0.120014 0.005152 -0.000062 -0.448775 -0.181825 0.318634 0.000071 0.000022 0.000871 -0.100278 0.392315 0.000176 -0.299162 -0.033250 -0.156935 0.162567 -0.000019 -0.173217 0.000045
-0.104933 0.030761 0.000123 -0.032590 -0.210003 0.006595 0.012010 -0.000040 0.099326 0.293225 0.110321 0.000077 0.000021 0.000917 -0.057922 0.148256 0.000002 -0.466661 0.170154 0.054452 0.039289 -0.000039 0.229226 0.000042
-0.394026 0.509604 -0.000048 -0.228214 -0.044436 0.222482 0.235258 0.000071 -0.582081 0.451633 0.476246 -0.000167 -0.000080 0.000704 0.189832 -0.194731 0.000021 0.065451 -0.068879 0.560994 -0.129916 -0.000111 -0.241405 0.000127
-0.027458 0.003574 0.000042 -0.023907 -0.026359 -0.186022 0.161861 -0.000120 -0.129493 0.492864 -0.031022 -0.000114 -0.000029 0.000332 -0.595903 -0.921800 0.000054 -0.377704 0.468030 0.528593 0.241471 -0.000002 -0.068608 -0.000024
0.325545 -0.412497 0.000008 0.177651 0.092036 0.022032 0.107517 -0.000083 -0.022990 -0.101479 0.174028 0.000097 0.000004 0.000070 -0.123698 0.601499 -0.000037 -0.375550 -0.094706 -0.057449 -0.161593 0.000031 0.054342 -0.000211
-0.043925 -0.051708 0.000090 0.076382 0.065356 0.301049 0.184344 -0.000048 0.176384 -0.101819 0.437570 0.000239 -0.000040 0.000654 -0.296358 -0.533183 -0.000001 0.369606 0.365761 -0.592521 0.113687 0.000030 -0.169921 -0.000174
0.216295 -0.150085 -0.000044 0.288083 -0.154236 -0.115539 0.200988 0.000020 -0.036608 -0.087622 -0.189152 0.000113 0.000108 -0.000059 -0.595350 0.055581 -0.000049 -0.297996 -0.308463 0.258544 -0.015151 0.000013 -0.271283 -0.000051
0.106271 -0.070898 0.000022 0.267661 0.208067 -0.421367 0.186600 -0.000010 -0.614037 -0.290161 0.186078 0.000149 0.000104 0.000097 0.092598 -0.048882 -0.000061 0.336247 0.010905 0.066852 0.138493 -0.000068 -0.325407 0.000140
-0.324515 0.405958 -0.000031 0.218038 0.296281 -0.136475 0.173509 0.000032 0.021209 0.151032 -0.130268 -0.000080 0.000036 -0.000639 0.162818 -0.138565 -0.000075 0.333997 0.211512 0.208539 -0.290154 -0.000056 -0.112111 -0.000064
-0.140209 0.186135 -0.000027 0.253043 -0.251436 0.293565 0.060784 -0.000063 0.502171 -0.176867 -0.513668 0.000002 0.000036 0.000600 -0.593312 -0.240152 -0.000249 -0.074196 0.292730 -0.080459 -0.059208 -0.000097 0.202787 -0.000140
-0.131503 -0.377482 -0.000060 -0.150808 0.231512 -0.681192 -0.003704 -0.000035 -0.242582 -0.123560 0.225999 0.000236 -0.000074 0.000443 -0.233305 0.648601 -0.000070 0.009506 0.076965 0.197904 -0.278690 -0.000041 -0.059220 -0.000052
-0.397461 -0.174858 0.000119 -0.024669 0.306272 -0.025050 0.077817 0.000125 0.567741 -0.070272 -0.008877 -0.000035 0.000148 0.000621 -0.200770 0.527573 -0.000037 0.407078 -0.099891 0.425467 0.100926 0.000045 -0.071299 0.000009
-0.155630 -0.207539 0.000025 -0.207371 0.140886 -0.528616 0.191499 0.000162 0.261138 0.072361 -0.026969 -0.000079 0.000116 -0.001171 0.003433 -0.388035 0.000023 0.130742 0.031883 -0.131425 -0.057092 -0.000029 -0.007941 0.000020
0.035700 -0.067839 -0.000025 0.359852 0.329500 0.027418 0.146645 -0.000089 -0.038705 0.175586 -0.185378 -0.000092 0.000043 0.000669 -0.375513 -0.404325 0.000017 -0.242045 -0.201916 0.207861 0.037445 0.000070 0.178068 0.000053
0.000220 0.106878 -0.000017 0.130628 -0.087696 -0.001345 0.318438 -0.000016 0.080815 -0.025782 0.091294 -0.000072 0.000002 0.000792 0.306580 0.044580 -0.000055 -0.299859 -0.459904 -0.160896 0.103928 0.000037 0.038041 -0.000035
-0.425159 -0.123356 0.000025 0.450929 0.142062 -0.087990 0.352953 0.000288 0.065897 0.105399 0.044096 -0.000058 -0.000012 -0.000171 0.143610 -1.161742 0.000002 0.062389 0.528282 0.440699 0.016962 -0.000139 -0.262572 0.000138
0.456824 0.189131 -0.000050 -0.020271 -0.223180 -0.020686 0.344175 0.000073 -0.116583 0.067251 0.193978 -0.000094 0.000001 -0.002161 0.531944 -0.143790 -0.000051 -0.190103 -0.148301 0.602761 0.026711 0.000075 -0.257219 0.000095
-0.020495 0.157711 -0.000034 0.038393 -0.233060 -0.089356 0.367942 -0.000061 -0.758210 0.526653 -0.168170 0.000031 0.000060 -0.006717 -0.125436 -0.110873 -0.000019 -0.011139 -0.394197 -0.112897 -0.002125 0.000081 -0.302267 -0.000086
-0.471555 -0.434417 0.000048 -0.476729 0.172520 -0.188356 0.189378 -0.000054 0.178303 0.048219 0.266095 0.000132 -0.000100 -0.008422 0.278502 -0.329455 0.000037 0.119633 0.028164 0.352062 -0.050849 -0.000116 0.106372 -0.000055
0.016376 -0.213081 0.000015 0.274071 -0.008732 0.236175 0.002815 -0.000043 0.512433 0.344215 -0.557746 0.000000 -0.000275 -0.005514 -0.119593 -0.626412 -0.000000 0.059382 -0.037324 0.006558 0.491074 0.000065 0.517574 -0.000039
0.081955 0.080286 0.000008 0.196203 -0.552931 -0.185420 0.001346 -0.000017 -0.612934 0.575175 -0.214107 0.000176 0.000002 -0.006644 0.138252 -0.153501 0.000037 -0.220860 0.252557 0.287403 0.126327 0.000074 -0.367352 0.000051
-0.064807 -0.074180 -0.000020 -0.058108 0.547090 -0.195384 -0.021590 0.000061 0.078758 -0.021235 0.202770 -0.000079 -0.000039 -0.004027 0.289048 -0.218724 -0.000005 -0.150728 0.062894 -0.251799 -0.673262 0.000068 -0.286052 0.000049
-0.633606 0.560584 0.000113 0.241175 0.005575 0.212215 0.039830 -0.000036 -0.276697 0.286479 0.282393 -0.000104 -0.000077 -0.003446 -0.053530 0.049650 -0.000069 -0.461298 -0.223947 0.258041 -0.185788 0.000052 0.260570 -0.000089
-0.057747 0.195748 0.000078 0.056404 -0.140844 -0.267037 0.099473 0.000087 0.033502 0.017397 -0.223449 -0.000212 -0.000064 0.000060 0.268875 -0.439546 -0.000004 0.253479 0.123924 -0.255062 0.115347 -0.000049 -0.012704 0.000030
0.102845 0.051490 -0.000025 -0.101584 0.068912 -0.302781 0.034741 0.000062 0.138146 -0.123723 0.044790 -0.000086 -0.000026 0.000494 0.523681 -0.406849 -0.000032 0.106380 -0.100902 0.078381 0.365553 0.000058 -0.196691 -0.000127
0.025099 0.961441 -0.000046 -0.157401 0.087335 0.173785 0.120278 0.000058 -0.039196 -0.240878 -0.325888 0.000178 -0.000055 0.000372 -0.343188 -0.343284 -0.000066 0.064843 -0.103057 0.078698 -0.125560 -0.000159 -0.335085 0.000012
-0.045595 0.168057 0.000068 -0.203052 -0.098673 0.566642 0.016954 0.000035 0.038229 0.102850 0.282499 -0.000175 -0.000005 -0.000402 0.481542 0.019849 -0.000032 0.376088 0.109070 -0.373158 -0.086951 -0.000094 0.052271 0.000045
0.506328 -0.321683 -0.000020 -0.031602 0.056383 0.126996 0.061141 -0.000038 -0.413429 0.090844 -0.068830 -0.000047 -0.000034 0.000216 -0.060710 -0.001363 -0.000030 0.098476 -0.343061 0.034266 0.100456 -0.000017 0.223789 -0.000066
0.169532 -0.270076 0.000004 -0.200453 -0.259778 0.405253 0.072795 -0.000023 0.341586 -0.124966 -0.213396 -0.000008 0.000071 -0.001974 0.208251 -0.179597 0.000113 -0.494868 -0.156063 -0.141584 -0.265631 0.000017 0.536151 -0.000048
-0.050667 -0.092169 -0.000086 0.768833 0.122516 -0.000596 0.094088 -0.000094 -0.286813 -0.062419 -0.018866 -0.000041 -0.000089 -0.004558 -0.733607 -0.107205 -0.000040 -0.117794 0.102338 -0.047689 -0.007927 0.000054 0.324347 -0.000054
0.044230 0.048263 0.000061 0.583671 -0.400629 -0.062458 0.087063 0.000119 0.010568 0.306349 0.059914 -0.000049 0.000187 -0.002266 0.254639 -0.418774 0.000094 -0.239310 0.139467 -0.092309 0.573606 0.000036 0.042723 -0.000226
0.058774 0.152514 0.000006 -0.178149 0.513619 0.083005 0.137244 0.000036 -0.848445 -0.328947 0.122514 0.000035 0.000056 -0.006478 0.264793 -0.317469 0.000040 0.864052 -0.701528 -0.006598 -0.262896 0.000005 -0.144620 -0.000100
0.131652 -0.301838 0.000044 0.218349 -0.002063 0.455388 0.209283 0.000117 -0.076956 -0.115822 -0.096086 -0.000129 -0.000111 -0.003082 -0.067740 0.157259 -0.000010 0.025271 -0.410042 0.567135 -0.255928 -0.000132 -0.185947 -0.000103
0.243290 0.124982 0.000002 -0.320097 0.036530 0.362020 0.198914 -0.000113 -0.128357 -0.301364 0.035830 0.000017 0.000149 -0.001532 0.035834 0.443319 0.000009 -0.117559 0.014902 0.637596 0.106501 0.000042 0.095233 0.000139
-0.269888 0.267802 -0.000048 -0.479530 0.606829 -0.216751 0.135132 -0.000066 0.747563 0.003263 0.026003 -0.000111 -0.000205 -0.002601 -0.081400 -0.002285 0.000056 0.055295 -0.156868 0.434313 -0.269772 0.000027 -0.354778 0.000045
0.101897 -0.111166 0.000174 -0.084661 0.377411 -0.081209 0.125387 0.000008 0.435220 0.802724 -0.477281 -0.000107 -0.000109 0.000581 0.281259 0.012536 0.000026 0.167177 -0.037675 -0.065068 0.503492 -0.000046 0.520758 0.000038
-0.377013 0.148962 -0.000046 -0.018322 0.073590 -0.386806 0.186729 0.000089 -0.029992 0.171401 0.035446 -0.000039 0.000034 -0.002552 -0.241005 0.054147 0.000014 -0.287841 -0.046819 -0.485339 -0.076335 -0.000005 0.064863 -0.000030
-0.051601 0.087477 -0.000089 0.135465 0.402292 -0.259211 0.113829 0.000144 0.518120 0.352313 0.112458 0.000042 0.000166 -0.003371 0.217922 -0.033188 0.000028 -0.095271 -0.689513 -0.314462 -0.378861 0.000134 -0.255911 0.000048
0.744640 -0.107012 0.000036 -0.161844 -0.482809 0.324075 0.104008 -0.000073 -0.720129 0.334924 -0.018428 0.000071 -0.000049 -0.002774 -0.350858 0.049704 -0.000027 0.148769 -0.228715 -0.168363 -0.073829 0.000105 -0.667855 -0.000177
-0.088886 0.362790 0.000011 0.363316 0.631260 0.349759 0.273494 -0.000050 -0.321041 -0.269517 0.384288 -0.000088 0.000061 -0.000942 0.041755 -0.239962 -0.000125 0.348215 -0.348426 -0.017630 -0.175957 0.000014 -0.471974 -0.000067
-0.063643 0.005925 0.000042 -0.094005 0.540771 -0.118468 0.283940 -0.000082 0.145521 0.047611 -0.300717 0.000156 0.000068 0.000829 -0.035775 0.146028 -0.000080 0.326574 0.084006 0.242117 -0.048430 -0.000083 0.019291 0.000010
-0.514518 0.228345 0.000000 0.030056 -0.372518 -0.084502 0.413171 -0.000107 -0.149514 0.058506 -0.176444 -0.000110 0.000087 0.000822 0.271619 -0.168838 0.000003 0.338476 0.333161 0.377327 -0.260140 -0.000015 -0.035802 0.000037
0.632710 -0.190724 -0.000026 -0.270179 -0.174336 0.006207 0.307839 -0.000059 -0.333422 0.203715 0.026721 0.000063 0.000266 0.000985 0.023238 0.567273 0.000020 0.160500 0.456658 -0.005021 0.139490 -0.000082 0.230095 -0.000029
0.047677 -0.067389 -0.000064 0.441828 0.332292 0.404428 0.252266 -0.000138 0.059374 0.245745 0.315008 -0.000290 -0.000090 0.000676 0.065765 0.042840 0.000005 -0.116122 -0.434803 -0.237284 -0.863275 -0.000036 0.231792 -0.000027
0.256149 -0.102852 -0.000024 -0.204481 -0.268666 0.008461 0.162693 0.000038 0.106574 0.454098 -0.005693 -0.000116 -0.000003 -0.003550 0.310461 -0.179188 0.000042 -0.020830 0.450828 -0.223687 0.027759 0.000021 0.337048 -0.000057
0.025446 -0.197788 -0.000050 0.175643 0.169080 0.374843 -0.015325 0.000042 -0.281984 -0.072290 -0.449367 -0.000045 -0.000143 0.000224 -0.108956 -0.023325 -0.000100 0.242164 0.032793 -0.362632 -0.145072 0.000080 0.108761 0.000023
0.623576 -0.345856 -0.000020 0.504503 -0.138825 0.017709 0.090997 -0.000085 -0.065886 -0.529546 -0.119463 0.000185 0.000088 0.000588 0.373928 0.108386 0.000139 -0.103820 0.154452 0.536879 0.051425 -0.000077 -0.012470 -0.000051
-0.023646 -0.185184 -0.000047 0.093049 -0.200472 -0.242945 0.184245 -0.000045 -0.261072 0.276663 -0.485205 -0.000059 0.000057 -0.000143 -0.099893 -0.028086 -0.000003 0.154863 -0.071210 -0.225822 0.011573 0.000070 -0.434795 -0.000064
0.076398 0.304390 -0.000059 0.108324 0.047324 -0.377171 0.056908 0.000147 0.514594 0.379053 0.079558 -0.000135 0.000070 -0.000306 0.152286 0.228056 -0.000016 0.103504 0.320133 0.202542 0.269086 0.000081 -0.432592 0.000023
-0.296941 0.271164 -0.000046 0.009040 -0.386801 -0.180952 0.258716 0.000162 0.214774 -0.058760 -0.478184 -0.000053 0.000013 0.000631 -0.075726 0.615114 -0.000049 0.263612 0.373356 0.012291 0.234921 -0.000015 0.710802 0.000081
0.181949 0.463175 -0.000005 -0.342377 0.087805 0.463769 0.207577 -0.000147 0.122949 0.399966 -0.088309 0.000147 -0.000041 0.001005 0.100087 0.374729 -0.000007 -0.492712 0.153514 0.417927 -0.383661 -0.000016 -0.169876 -0.000025
0.183714 0.377744 -0.000009 0.366803 0.438903 0.120717 0.129660 0.000113 -0.111492 -0.075972 -0.065825 -0.000015 -0.000194 0.000321 0.038171 -0.139940 -0.000195 -0.455546 0.002781 0.118750 0.297054 -0.000053 0.036694 0.000083
0.086182 -0.180183 -0.000033 -0.102340 -0.029089 -0.070527 0.166204 -0.000045 0.055588 0.279477 0.210931 0.000047 -0.000083 0.000530 -0.458927 -0.246310 0.000042 -0.321444 -0.319321 -0.254002 0.040700 -0.000029 -0.187086 -0.000183
-0.379456 0.379397 -0.000034 0.352267 -0.687064 -0.493018 0.124659 -0.000040 -0.169702 -0.049076 0.357582 0.000165 0.000007 -0.001084 0.463682 0.141428 -0.000096 0.020423 0.579817 -0.092811 -0.341516 0.000050 -0.290880 0.000054
0.672243 -0.398284 -0.000055 -0.155907 -0.137525 -0.244202 0.132034 -0.000208 -0.103533 0.052272 0.124300 0.000176 -0.000060 0.000369 -0.181031 0.304030 -0.000091 0.094006 -0.044752 -0.066900 -0.174395 -0.000082 -0.193014 -0.000087
0.271191 -0.565914 0.000212 0.065921 0.254525 0.164523 0.070564 -0.000054 0.385433 0.151312 0.273416 0.000063 0.000095 0.000410 0.102625 -0.025735 0.000068 0.211108 0.211725 -0.334562 0.224181 -0.000135 -0.200779 -0.000104
-0.055568 -0.156715 -0.000039 0.028218 -0.548958 -0.109687 0.092518 -0.000045 0.082480 -0.116252 0.054334 0.000158 0.000003 0.000584 0.102069 0.163482 -0.000101 0.698640 -0.085551 -0.304320 0.368227 0.000059 0.043850 -0.000128
-0.488073 0.193850 0.000057 -0.620704 0.198215 -0.114693 0.216176 -0.000137 0.098662 0.112998 0.085922 -0.000141 -0.000045 0.000622 0.114177 -0.235598 -0.000022 0.269170 -0.220002 0.439414 0.120399 0.000090 0.204931 0.000083
-0.175271 0.428567 -0.000056 -0.380030 0.262350 -0.053354 0.184720 -0.000020 -0.264989 0.783449 0.192104 -0.000090 -0.000052 0.000614 0.217082 -0.083069 0.000082 0.112488 0.016705 0.486279 0.520244 -0.000010 -0.164986 -0.000081
-0.096594 -0.137461 -0.000022 -0.275554 -0.381071 -0.219148 0.007214 0.000230 -0.771429 0.469698 -0.419025 -0.000056 -0.000245 0.000213 -0.377422 -0.276038 -0.000070 -0.464379 0.204354 -0.002021 -0.178235 -0.000055 0.156402 0.000013
-0.357699 -0.182695 -0.000023 0.342541 0.295823 -0.318495 0.033592 0.000128 0.021767 -0.085694 0.442088 0.000019 -0.000133 -0.000795 0.073099 0.351840 0.000125 0.381409 -0.158664 0.177780 -0.074773 0.000038 0.523490 -0.000207
0.198575 0.011096 0.000190 0.069581 0.054328 -0.732975 0.170073 -0.000055 -0.032959 -0.008705 0.139346 -0.000140 0.000087 0.000034 -0.261048 0.216589 0.000076 -0.104640 -0.321726 -0.021991 0.297678 0.000067 -0.434648 0.000064
0.487617 -0.038398 -0.000022 0.134255 -0.170179 0.010432 -0.002219 -0.000079 0.346321 -0.071588 -0.108311 -0.000163 0.000053 -0.002070 0.147096 0.242962 -0.000025 0.089518 -0.192879 -0.058638 0.260128 0.000021 -0.841693 0.000069
0.080002 -0.030500 0.000038 0.170206 0.040548 0.181390 0.132548 -0.000104 0.031998 0.493801 -0.093328 -0.000014 0.000076 -0.001405 0.040572 0.308086 -0.000049 0.459469 -0.167896 -0.568305 0.149879 -0.000107 -0.552991 0.000081
-0.174620 0.338270 -0.000052 -0.102206 0.316108 -0.536324 0.142519 0.000054 -0.137708 0.264728 0.076042 -0.000088 0.000099 -0.000066 -0.598424 0.114301 -0.000004 0.587415 -0.459654 -0.470773 0.272635 -0.000070 -0.085484 0.000070
-0.077752 0.213932 -0.000048 -0.065291 0.082007 0.111595 0.100779 -0.000088 -0.324647 0.146142 0.092737 -0.000007 0.000042 0.000530 0.158947 0.157548 0.000056 -0.183338 -0.383151 -0.256139 -0.656329 0.000001 -0.432673 0.000127
-0.062952 0.114517 -0.000139 0.163740 -0.288197 -0.069472 0.130673 -0.000141 -0.287409 0.264216 -0.251092 -0.000045 -0.000062 0.000509 0.221593 0.243338 0.000027 -0.060906 -0.121956 0.142504 0.282878 -0.000132 0.086802 -0.000107
-0.109299 0.037692 0.000096 -0.313113 -0.058798 -0.028203 0.234363 -0.000108 -0.312430 0.042402 0.043557 0.000009 -0.000065 0.000188 -0.403942 -0.108150 0.000004 -0.757061 -0.703441 -0.175138 -0.345756 -0.000053 0.707088 0.000070
0.192007 0.118662 -0.000021 -0.020343 0.186162 0.011658 0.127571 0.000051 -0.093341 -0.144125 0.287499 0.000064 0.000057 0.000068 0.035831 -0.150478 0.000022 -0.076886 -0.249747 -0.455309 -0.208883 -0.000030 0.868672 0.000064
0.833753 -0.226970 -0.000028 0.233364 0.178977 0.029178 0.174057 0.000109 -0.110217 -0.027707 -0.198898 0.000081 0.000191 -0.000316 0.266857 0.504377 -0.000132 0.023568 -0.036393 -0.064921 0.549246 0.000025 0.012277 0.000042
0.104454 0.036208 0.000091 0.186386 -0.170220 -0.177693 0.122649 -0.000049 -0.249550 0.316377 0.192033 -0.000087 0.000049 -0.000368 0.070180 -0.053095 -0.000018 -0.025307 0.031076 0.286224 0.062411 -0.000136 -0.284534 0.000148
-0.424907 0.100206 -0.000036 0.050230 0.198917 -0.146967 0.116282 -0.000040 -0.204830 -0.099122 0.233239 0.000072 0.000017 0.000987 -0.599271 0.265983 -0.000026 0.129979 -0.135535 -0.368406 -0.337563 -0.000059 -0.198126 -0.000217
0.659400 -0.457498 -0.000065 -0.565340 -0.314602 -0.329236 0.174110 -0.000073 0.517592 -0.053170 -0.393328 0.000059 0.000004 -0.000154 0.273389 -0.642252 -0.000037 -0.096353 -0.047147 0.019639 0.166772 -0.000055 -0.154417 -0.000074
-0.387346 -0.056808 -0.000002 -0.102016 -0.029833 0.017305 0.135754 -0.000087 0.159407 0.732008 0.185817 0.000052 -0.000002 0.000040 -0.245728 0.304022 0.000030 0.521072 -0.183230 -0.415530 0.234267 0.000059 0.119554 -0.000067
-0.298738 0.769852 0.000039 -0.427429 -0.042258 0.015961 0.130509 -0.000016 -0.155657 0.149770 0.074898 -0.000035 0.000071 0.000502 0.143247 0.290078 -0.000113 0.099525 0.389983 -0.046492 0.273689 0.000128 0.517474 0.000054
-0.492939 0.138425 0.000165 -0.434762 -0.183042 -0.205529 0.119314 -0.000021 -0.483118 -0.530453 0.287122 -0.000097 0.000043 0.000748 0.245522 -0.470501 0.000045 0.319070 -0.095440 0.227767 -0.278064 -0.000005 0.309916 -0.000141
0.327807 -0.407104 -0.000031 -0.009759 -0.170866 -0.221583 0.053963 -0.000086 -0.388919 -0.536526 0.299781 -0.000008 -0.000096 0.000314 -0.231542 0.303740 0.000060 -0.310944 -0.248020 0.070107 -0.033237 -0.000018 0.324580 0.000091
0.174021 0.142209 -0.000005 0.283944 -0.058436 0.672764 0.087164 0.000035 -0.427555 -0.057324 0.008860 0.000055 0.000006 0.000566 -0.225578 -0.211920 -0.000016 0.394811 0.280914 -0.110026 -0.703897 -0.000052 -0.042607 -0.000059
0.422638 -0.262927 0.000133 -0.167820 -0.469106 -0.223317 0.075091 0.000088 -0.270708 -0.323395 0.283967 0.000049 0.000067 0.000570 0.149776 -0.218775 -0.000061 0.381108 0.278811 0.020509 -0.414160 0.000125 -0.260229 -0.000013
0.181279 -0.222043 -0.000034 0.060002 0.273832 0.003215 0.061706 0.000005 -0.234817 0.628270 -0.114574 0.000041 0.000021 0.000741 -0.254649 -0.003265 -0.000004 0.097561 0.456093 0.182052 -0.064285 -0.000084 -0.080825 -0.000149
0.087065 0.046740 0.000024 -0.076262 0.294984 0.036935 0.048192 0.000044 -0.345830 0.339363 0.169060 0.000267 0.000117 -0.005200 0.519310 -0.727607 -0.000038 -0.004465 0.129743 0.167832 0.116151 -0.000024 0.267191 0.000005
0.231596 -0.135380 -0.000072 -0.350900 -0.482226 -0.259233 0.009598 0.000076 -0.403712 0.177777 -0.418902 0.000078 -0.000006 -0.006545 -0.337275 0.011628 -0.000049 -0.107770 -0.413995 -0.173134 -0.310826 0.000067 -0.059372 -0.000111
