0.005981
-6.952695
-0.003007
-0.039874
-6.671656
-0.034735
-4.979225
-4.908801
0.000702
-7.777767
0.003124
-5.312580
-0.002061
-7.685542
0.002164
0.789535
-0.000313
-5.567567
6.768272
0.032052
-0.002790
0.000028
0.015824
-7.207968
0.007749
0.034045
-6.003812
-0.007168
5.087793
0.013115
0.022083
0.000952
5.768505
-0.002363
-0.011292
-4.850187
3.648617
-6.614296
-0.012863
-0.001721
-0.009147
-6.616066
-5.349040
0.925349
-7.322978
0.027888
-4.851010
4.485876
6.954193
-5.097216
-5.950011
-0.005120
0.381281
-0.008371
-5.414686
-4.067139
-6.388509
0.002440
-4.745280
-0.006437
0.009204
0.018440
-5.764894
-5.548312
-6.980113
-0.032588
-5.929545
-0.001881
-0.027490
5.394221
-5.901757
4.701165
-0.003222
3.900544
-0.014451
0.041137
0.012777
0.005082
0.023579
-0.006228
-6.139349
0.007352
-5.261419
0.046082
-0.003887
4.640360
-4.980073
-0.006765
-4.415470
-0.003200
0.018053
5.641199
-0.001455
-8.367509
-7.336903
-7.074196
0.000105
-0.006393
0.001105
-0.025895
3.524822
0.003489
0.024348
-0.014637
-0.006906
5.026889
4.937807
0.004410
5.605198
0.027467
5.953636
-6.672219
-0.003854
-4.764416
-2.998589
-0.003505
-4.471404
-6.933914
0.859962
-7.229258
0.014419
0.030444
-4.717296
0.040112
-6.115833
4.823242
