-0.502474
-0.541950
-0.001348
-0.002270
0.318695
-0.001065
-0.000185
-0.003402
-0.197888
-0.003150
-0.447993
-0.001343
-0.004469
-0.004151
-0.000830
-0.355130
-0.019931
-0.000289
-0.325770
0.489051
0.195034
-0.005979
-0.280037
-0.013631
-0.293305
-0.020492
-0.491540
-0.180534
-0.001738
-0.015921
-0.004492
-0.000977
0.411492
-0.272434
-0.007647
-0.119715
-0.003622
-0.013293
-0.300447
0.587834
0.233663
-0.012623
-0.009987
0.292243
-0.002133
-0.012418
-0.206597
-0.128445
-0.588292
0.001254
-0.001554
-0.006459
-0.137367
-0.292953
-0.000860
-0.001972
-0.369164
-0.002058
-0.259624
-0.102696
0.080772
-0.009700
-0.266288
-0.016521
0.387950
0.334647
-0.010756
-0.004336
