-0.000596
-0.007435
-0.004530
-0.001083
-0.004483
-1.679444
-0.017985
-0.004757
0.229540
-0.002658
-0.015827
-0.279788
-0.001219
1.354075
-0.015890
-0.001696
-0.003753
-0.001407
-0.002739
-0.001338
-0.008462
-0.703819
-0.004813
-0.001385
-0.003537
0.219135
0.061241
-0.004186
-0.006708
0.004861
-0.756137
-0.202956
-0.721873
-0.011264
-0.003773
-0.012878
-0.004228
1.079862
-0.000784
-0.000915
-0.011605
0.000553
1.242651
-0.004162
0.167244
-0.000119
-0.003189
-0.004144
-0.010428
-1.628184
0.296802
-0.003801
0.054122
-0.000990
-0.001155
0.317136
-0.005718
-0.000323
