5.332643
0.003652
-0.002441
-2.542038
0.001802
-0.017240
-0.000330
0.000385
0.004739
-3.770372
0.000686
0.000120
0.005599
0.009251
0.025538
4.092983
4.663497
0.020394
-3.567051
2.403123
0.001353
0.000481
0.000004
-0.000243
-0.015617
0.035743
-0.003444
0.022177
0.000023
-0.002433
0.002073
-0.000162
0.000213
-4.030114
0.001257
3.942473
-0.000280
-0.009288
-0.003247
-0.013540
-3.460895
0.031165
0.002828
0.001487
-0.003572
-0.002031
4.971933
-0.000925
-0.003056
3.452922
-2.746524
-0.028163
0.010064
-2.165461
-0.002616
3.092124
0.002421
2.878486
0.033582
-0.000014
3.577999
0.007921
0.004545
0.000803
0.028534
0.028093
-0.027626
5.293759
-0.017484
0.002423
-0.001300
2.304911
-0.026181
5.012838
0.000259
0.023177
-0.005958
-0.045438
-0.010732
-0.038644
5.267622
-3.503549
0.003062
5.679547
-3.023862
-2.775877
0.000098
0.000125
-1.729650
-0.014978
-0.024158
-0.000496
0.009860
-3.477784
0.000312
-2.764033
0.006409
0.004478
0.000556
0.001122
4.073315
-0.005415
0.009193
-0.034193
-0.003713
5.116456
0.001597
-2.177877
-3.081569
-2.152084
5.030385
2.449096
0.000022
0.013824
-0.000421
-0.023978
-0.032349
3.074331
-0.006349
-0.002153
0.000572
0.010367
-0.039602
3.970339
0.032122
0.000792
0.000088
0.008074
0.032636
-0.002455
-2.945877
0.008912
-3.074529
-0.024609
0.001785
0.038815
3.245649
0.000075
0.012187
0.016330
-0.000031
0.003899
0.029714
0.000988
4.511553
0.010968
-0.020733
-0.000980
4.162673
-2.694975
3.088064
-0.026193
-0.001916
-0.020396
-0.002399
0.002124
-0.001057
-0.010097
-0.029631
-0.012013
-0.000007
2.784185
0.000669
-3.367449
4.046909
-0.002460
-0.002122
0.011776
-0.000126
0.019085
-0.007405
0.000043
0.012057
