-0.001968
-0.001890
-0.002019
0.102618
-0.000971
0.114433
-0.002575
-0.000685
-0.002317
-0.006053
-0.000739
-0.002160
-0.015794
-0.012137
-0.018121
0.004665
-0.008104
-0.002204
-0.001130
-0.009587
-0.004205
-0.014963
-0.008732
-0.002142
0.021395
-0.031908
-0.000837
-0.009270
-0.002007
-0.002643
-0.006244
0.021261
-0.001064
0.144396
-0.001365
-0.002202
-0.007107
-0.015638
-0.004854
-0.003317
-0.003846
-0.001977
-0.000182
-0.000029
-0.002208
0.085906
-0.000584
-0.000027
0.086984
-0.000586
-0.000489
-0.001359
-0.001146
-0.000909
-0.002661
-0.014110
0.000412
-0.006545
0.002203
-0.002144
0.091612
-0.001190
0.006812
-0.003610
0.019982
0.005881
-0.004164
-0.012985
-0.000191
-0.018108
-0.003687
-0.002698
-0.003129
-0.002539
-0.000830
-0.004605
0.000515
-0.002985
-0.002160
-0.001708
-0.001289
-0.015104
-0.003178
-0.008977
-0.005508
-0.005444
-0.008556
-0.006761
-0.002270
-0.003019
-0.004665
-0.001089
-0.000446
0.000567
-0.007047
-0.020774
-0.002578
-0.000473
-0.003516
-0.010032
-0.003499
-0.001691
-0.003327
-0.001950
-0.000143
-0.006341
-0.000554
-0.000987
-0.000065
-0.017951
-0.000423
-0.000038
-0.000636
0.189421
-0.005119
