-0.000958
-0.015165
-0.000600
-0.026362
-0.010296
-0.001193
-0.001243
-0.001779
-0.001649
-0.002172
-0.000530
-0.003311
0.120170
-0.002719
-0.001609
-0.002425
-0.003286
-0.020175
-0.001796
-0.003167
-0.022783
-0.000749
-0.000706
-0.002021
-0.002860
-0.005228
-0.005518
-0.009340
-0.000878
-0.007341
-0.002069
-0.000809
0.001715
-0.000072
-0.005789
-0.006752
-0.002358
-0.007862
0.000743
-0.003028
-0.004040
-0.001537
-0.000175
-0.012388
-0.005076
-0.001887
-0.004367
-0.001815
-0.001070
-0.004755
-0.015427
-0.009295
0.124668
-0.001541
-0.009844
-0.001505
-0.000976
-0.000866
0.002714
-0.006758
-0.000231
-0.000325
-0.007298
-0.002979
-0.002681
-0.023036
-0.002971
-0.010365
-0.004099
0.082935
-0.001844
-0.004798
-0.001120
-0.001477
0.197285
-0.005777
-0.017165
-0.004241
0.065448
-0.002155
-0.012027
0.135890
-0.001510
-0.000953
0.005143
-0.000347
-0.003065
-0.009508
-0.001282
-0.042916
-0.012999
-0.000340
-0.001860
-0.001040
-0.025929
-0.000834
0.003936
0.000943
0.004997
-0.011876
-0.014338
-0.004902
0.101489
-0.000924
0.001483
0.168155
-0.002269
-0.000110
-0.002389
0.119239
-0.001619
-0.003306
-0.003644
-0.019115
-0.001905
0.000573
-0.001744
-0.003305
-0.000670
-0.008275
-0.005245
-0.004709
-0.011985
-0.001519
0.004384
-0.002237
-0.004497
-0.004528
-0.025641
-0.007563
-0.003924
-0.004317
-0.002779
0.000355
-0.002891
-0.028665
-0.000886
-0.002421
0.095415
0.000600
-0.000050
-0.005063
-0.000871
-0.004329
-0.003381
-0.002297
-0.006745
-0.003304
-0.003537
-0.001585
-0.004055
