-0.007173
0.016883
-0.000212
-0.010416
-0.008226
-0.001120
-0.007418
-0.000847
0.012862
0.000525
-0.000042
-0.000975
5.135307
0.002891
-0.012482
0.000875
-0.007154
-0.018624
-0.003973
-0.000544
0.003675
0.000052
-0.000485
-0.000119
0.021057
0.004348
-0.000167
0.000405
0.012023
0.004491
-0.000383
-0.000716
-0.000220
-0.000010
0.000250
-0.019941
0.001172
0.006199
0.000320
0.026338
-0.001391
-0.000109
-0.000048
-0.006143
0.000379
0.013922
-0.012146
0.000251
0.005535
-0.011260
-0.005481
-0.002033
6.284846
0.019526
0.001813
-0.000031
-0.000409
-0.001540
-0.211293
-0.010171
-0.000048
-0.000032
-0.017761
0.000363
-0.022261
-0.020445
0.000174
0.004691
0.001194
8.115491
-0.002767
-0.002616
-0.016882
0.000255
5.694716
-0.001061
-0.000938
-0.000614
8.037779
0.000116
-0.005953
7.964727
0.000647
0.000279
-0.403087
0.000021
0.002831
0.008391
0.002978
-0.017269
0.021703
-0.000011
-0.001349
0.007577
-0.003365
0.013584
0.004548
0.000572
-0.496327
0.024783
-0.026459
-0.003175
4.897115
0.000040
0.000266
7.050637
-0.004312
0.000000
-0.000617
5.478251
0.000246
0.000655
-0.002521
0.003714
-0.000164
-0.000221
-0.014949
-0.001686
0.000167
-0.005186
-0.029405
0.000279
-0.018719
-0.000191
-0.377255
0.005845
-0.012907
0.004047
-0.010142
0.000716
-0.001859
-0.023572
-0.005946
-0.000257
0.000176
0.000659
0.000203
-0.001226
5.418441
0.000131
-0.000002
-0.001202
-0.000006
0.021120
0.000990
0.007028
-0.002355
-0.006714
0.032531
-0.005328
-0.002001
