-0.179533
-0.018214
-0.015229
-0.001819
-0.357676
-0.001804
-0.358854
-1.545603
-0.021885
-0.002868
-0.069922
-0.008354
-0.001779
0.889798
-0.025849
-0.235657
-0.001256
0.022623
-0.024519
-0.000848
-0.151282
-0.230100
-0.137101
-0.000694
-0.257357
-0.003802
-0.224450
-0.001948
0.582913
-0.000923
-0.256880
-0.367619
-0.805609
-0.005078
-0.111442
-0.182734
-0.000897
-0.000805
-0.024422
-0.001153
-0.692954
-0.000739
-0.013033
-0.005365
-0.000949
-0.002616
-0.001849
-0.328912
0.018909
-0.226010
-0.924797
-0.033423
-0.000562
-0.001315
-0.022257
-0.004539
-0.225598
0.036863
-0.470519
-1.201039
-0.233635
-0.269049
-0.001481
-0.000789
-0.009717
-0.001318
