-0.065037
-0.065604
-0.023127
0.000000
0.007767
0.000000
0.000000
-0.036663
-0.022899
-0.022519
-0.029930
0.000000
-0.081514
-0.057361
-0.039567
-0.086555
0.000000
-0.037389
-0.039287
0.000000
-0.006608
-0.029034
-0.006650
0.000000
-0.088765
0.000000
-0.012683
-0.003414
-0.031973
-0.026047
-0.030688
-0.009038
0.000000
0.000000
-0.015679
0.025706
0.000000
0.000000
-0.060640
0.000000
0.000000
-0.006744
-0.005270
0.000000
0.000000
0.000000
-0.013450
-0.011169
-0.019985
-0.094751
-0.006096
0.000000
0.020112
0.000000
-0.026977
0.000000
-0.039320
-0.063569
-0.095735
0.000000
0.000000
-0.000102
-0.051410
0.000000
