0.000876
-3.962706
0.000954
-0.014072
0.018396
-0.012245
-0.004866
-6.506025
-5.874293
5.143017
-0.002843
7.957582
0.011532
-0.006991
-6.625925
-7.967990
0.008348
-0.008788
0.002095
0.001839
-0.000076
-0.024311
-5.795718
0.000747
-0.002303
-0.009459
5.377903
-6.426862
-0.014816
0.003440
-0.001902
1.045178
0.005767
0.000416
-8.045868
5.184145
-5.533475
-0.010300
4.650968
-7.062243
0.007372
-7.022857
5.527568
0.005989
0.003502
-0.018816
0.027207
-0.003986
1.153811
-5.615464
-0.000739
-0.000979
0.023079
-0.023689
5.257628
-6.474285
0.011107
-0.000449
0.008087
0.013637
6.926516
0.011367
-4.605053
0.001320
-0.025058
-5.744703
-0.019542
-6.975065
-6.905958
0.005835
6.574111
-0.006326
-5.497024
-9.043461
-0.028074
-0.003817
-6.989006
-5.600971
-5.249385
-6.222905
-0.015520
-8.609734
-5.144784
5.757317
-7.339651
-0.006346
-0.001698
-7.290826
-4.970520
-0.004185
-0.002887
6.063865
5.186028
0.023253
0.027791
0.003166
0.001835
0.007279
0.007866
-0.036357
-6.979987
0.001925
-6.553970
-7.181645
-6.558508
-5.110105
0.027389
-5.876769
