0.083009 0.543942 -0.000066 -0.182839 -0.059549 0.005492 0.064441 0.089243 -0.258881 0.112447 -0.356702 -0.000027 0.265810 -0.240341 -0.093754 0.002414 0.000056 -0.067706 -0.000019 -0.000008
-0.021576 0.325464 0.000083 0.117137 0.257756 0.110614 0.260949 0.510772 0.149743 -0.608329 -0.021118 -0.000061 -0.134142 0.064385 0.046018 -0.197417 0.000071 -0.158518 -0.000064 -0.000002
0.051880 -0.098926 0.000207 -0.126130 -0.366288 -0.364460 0.125970 0.130178 0.142400 0.002248 -0.180569 -0.000001 0.003973 0.164548 0.085092 0.008256 0.000017 0.136239 0.000019 0.000004
0.466703 0.345980 0.000058 0.432814 -0.711922 0.003349 0.077421 -0.118044 0.079285 -0.154660 0.173447 -0.000040 -0.178714 0.286186 0.166115 0.262840 -0.000051 0.468076 -0.000033 0.000010
-0.032849 -0.324274 0.000310 0.256837 -0.140537 0.044291 0.038131 0.044907 0.255200 0.099566 0.029345 0.000017 -0.070468 0.156470 0.064225 -0.245563 -0.000007 -0.116089 -0.000066 0.000004
0.027744 -0.094183 0.000049 0.107109 -0.404766 -0.094206 0.456803 -0.018227 -0.221762 -0.054525 -0.016697 -0.000041 -0.212898 0.048109 0.007609 -0.215856 -0.000058 0.193168 0.000113 -0.000001
-0.047989 -0.120645 -0.000005 -0.279267 -0.227294 0.394373 -0.066483 -0.459771 0.384824 0.016494 0.473969 -0.000012 -0.475165 0.018406 0.009061 0.347073 -0.000088 -0.037370 -0.000070 0.000007
0.148717 0.379724 0.000160 0.006407 0.175902 -0.034922 -0.564184 0.062393 -0.332890 0.116738 -0.149681 0.000013 -0.701966 0.078220 0.035046 -0.130429 0.000058 0.267189 -0.000005 -0.000006
0.127807 0.528682 0.000025 0.024639 0.094131 -0.622926 -0.129664 0.262281 -0.003042 -0.168006 -0.282636 0.000053 0.136213 0.141148 0.078127 0.161539 -0.000082 0.057205 0.000021 0.000003
-0.034421 -0.403329 -0.000141 0.608726 0.750979 0.173472 -0.152619 0.012390 -0.227783 -0.051895 -0.534674 0.000040 -0.260793 0.089658 0.031011 -0.132888 0.000037 -0.206989 -0.000038 0.000011
-0.109830 0.155519 0.000184 0.409058 -0.007040 -0.138067 0.409463 0.133457 -0.324291 -0.049805 -0.215981 0.000068 0.000208 0.199550 0.095978 -0.159381 0.000036 -0.306543 0.000030 0.000004
-0.567122 -0.207332 0.000159 -0.260512 0.345342 0.173761 -0.128753 0.006696 0.493249 0.001126 -0.207453 0.000039 0.266519 -0.077181 -0.030651 0.039302 -0.000000 0.108576 0.000104 0.000005
0.284494 0.041226 -0.000007 -0.098364 0.367841 -0.226483 -0.180517 0.223023 0.022827 -0.345886 -0.834753 -0.000058 -0.160738 -0.164678 -0.098436 -0.028661 0.000066 0.233805 0.000034 0.000016
0.183171 0.332605 0.000050 -0.309539 -0.277523 -0.238403 0.449197 -0.216048 0.506584 -0.572554 0.244508 0.000010 -0.326426 -0.075563 -0.045531 -0.127460 0.000033 0.098493 0.000055 0.000001
0.068549 0.193971 -0.000105 -0.097191 -0.276411 -0.300579 -0.243528 0.339612 0.017159 0.024838 0.207352 -0.000063 -0.022175 -0.090426 -0.032766 0.510470 -0.000017 -0.450875 0.000046 0.000014
0.214019 -0.133592 -0.000273 -0.099764 -0.266561 -0.256280 -0.206857 0.401284 -0.245952 0.164913 -0.287897 -0.000032 0.302365 0.033788 0.008805 0.299108 -0.000015 0.413066 0.000010 0.000006
0.158859 -0.445686 0.000085 0.028268 -0.383580 -0.382169 0.499046 0.010912 0.358908 0.372778 -0.015958 -0.000041 0.063078 0.231308 0.085971 0.034663 0.000068 -0.267949 -0.000125 0.000020
-0.054667 -0.099928 0.000271 -0.055926 0.258695 0.011296 0.199350 -0.172723 -0.077942 0.585586 -0.232436 -0.000250 -0.067304 0.262310 0.130762 0.365223 0.000024 -0.426976 0.000012 -0.000013
0.179475 0.213565 -0.000124 0.476843 -0.224504 -0.199764 0.236359 0.372183 -0.071802 -0.453977 -0.303570 0.000016 0.067151 0.178267 0.094904 -0.373629 -0.000085 0.589753 -0.000055 -0.000004
0.461033 -0.278928 -0.000137 -0.106767 -0.068617 0.140293 -0.028016 0.563104 0.404593 0.230796 0.037757 -0.000096 0.069184 0.402699 0.208201 -0.194360 0.000024 0.120938 0.000050 -0.000008
-0.003311 -0.236545 -0.000063 -0.064455 0.271536 -0.256339 0.441165 0.157811 0.116470 0.221164 -0.029927 -0.000096 -0.047335 0.036523 -0.006900 -0.113693 -0.000044 -0.527368 -0.000017 0.000007
-0.081585 -0.008500 0.000233 -0.334294 -0.242726 -0.328909 0.477757 -0.057426 0.103007 -0.282609 -0.282951 -0.000071 0.150554 0.031045 -0.004685 0.316529 -0.000015 -0.365206 -0.000073 -0.000010
0.189228 0.592865 -0.000089 0.374726 0.427946 0.361125 -0.352449 -0.145509 0.221301 -0.444117 -0.111511 0.000034 -0.447354 0.144113 0.076656 -0.301870 -0.000083 0.044186 -0.000106 0.000014
-0.019759 0.110861 0.000314 0.388443 0.219230 -0.219908 -0.574810 0.275161 0.088086 -0.115562 -0.166283 -0.000015 0.181104 -0.064119 -0.046484 0.029407 -0.000051 -0.007399 -0.000062 -0.000005
-0.398745 0.393304 0.000065 0.119353 -0.062674 -0.181105 -0.083869 0.172089 -0.088425 0.345118 -0.091882 0.000054 -0.040998 -0.016598 -0.009862 -0.685867 0.000066 -0.259903 0.000045 -0.000007
0.085225 0.192917 -0.000032 0.014524 0.087023 0.251396 -0.519197 -0.005643 0.351146 0.460680 -0.039384 -0.000122 -0.007525 0.072503 -0.001706 -0.153838 0.000019 -0.076167 -0.000003 0.000004
-0.263939 -0.352897 0.000106 0.129640 -0.390189 0.206902 -0.054458 -0.451572 0.610510 -0.027599 -0.338419 0.000016 0.183372 0.283231 0.125921 0.100201 0.000010 0.607964 -0.000059 -0.000007
0.017978 0.055593 -0.000003 -0.204551 -0.188312 -0.211471 0.216649 0.653857 -0.261815 -0.021009 -0.004034 0.000078 0.151302 0.314285 0.157323 -0.137530 -0.000019 0.182644 0.000017 0.000013
0.051661 0.049364 0.000261 0.084728 0.072042 -0.191255 -0.365769 0.136135 -0.036527 0.226474 0.155157 -0.000016 -0.268865 0.289104 0.170219 -0.107904 -0.000013 0.016988 -0.000030 0.000005
-0.469471 0.353629 0.000116 -0.352269 0.129549 0.349806 -0.127957 0.115749 0.156251 -0.627281 0.403000 -0.000015 -0.333149 0.350457 0.183764 -0.296703 0.000000 -0.089715 -0.000051 0.000008
0.038093 0.703045 -0.000121 0.108064 0.345333 0.149189 -0.367090 0.085427 0.116406 -0.224699 -0.437335 0.000033 0.004616 0.193554 0.094722 0.508340 0.000021 0.109712 -0.000141 -0.000007
0.229951 -0.240420 0.000143 0.317109 -0.344343 -0.141168 0.156080 -0.457503 0.220808 0.481153 -0.378951 -0.000091 -0.053968 0.078266 0.013240 -0.173968 -0.000010 -0.270363 0.000057 0.000010
-0.259254 -0.057565 0.000031 0.541114 0.156391 -0.051543 0.093555 0.029177 -0.346013 0.043435 -0.440730 0.000011 0.180205 -0.087292 -0.024254 0.360160 0.000027 0.025972 0.000066 0.000015
-0.229766 0.067210 0.000025 0.014891 -0.195952 0.329694 0.260218 0.046094 -0.272363 -0.031807 -0.125774 0.000041 -0.278726 0.204271 0.087992 0.188738 0.000034 -0.293283 -0.000082 -0.000006
-0.117877 0.249587 -0.000013 -0.333439 0.005058 -0.264236 0.238032 0.016427 0.366514 -0.118385 0.480467 0.000036 0.375272 0.013159 0.006868 -0.166871 0.000040 -0.117658 0.000048 0.000002
-0.365270 -0.446325 0.000157 0.007345 -0.231123 -0.181921 0.440768 0.303646 -0.057463 -0.481689 -0.160537 0.000046 0.114190 0.227042 0.090094 -0.128122 0.000098 0.133916 0.000050 0.000002
0.112849 -0.912669 0.000140 0.072593 0.220428 -0.479007 0.244768 0.172245 -0.132637 0.173421 -0.007414 0.000053 0.179161 0.156732 0.059415 0.269686 0.000074 0.249404 -0.000017 0.000006
-0.215719 0.000749 0.000118 -0.308251 0.101584 -0.010001 -0.428249 0.518255 0.257769 0.217450 -0.265169 -0.000088 0.714126 0.011755 0.002574 -0.012618 0.000010 0.282409 -0.000027 0.000010
0.465895 -0.133902 0.000141 -0.009947 -0.078821 0.117922 0.000939 0.439898 0.041618 0.122623 0.375705 -0.000147 -0.096204 -0.122851 -0.021393 -0.284969 0.000027 0.415376 -0.000030 -0.000005
-0.037906 0.038545 0.000274 0.357002 -0.251919 -0.147851 -0.578678 -0.177671 0.005755 -0.229511 -0.058807 -0.000280 0.365506 -0.155623 -0.059796 -0.397414 -0.000001 0.399964 -0.000061 0.000006
-0.068701 -0.439194 0.000090 -0.098304 0.147453 0.224425 0.043872 -0.071833 0.570312 -0.066417 -0.424421 -0.000048 0.119950 -0.087728 -0.008906 0.064796 0.000046 0.289108 0.000016 0.000005
0.252200 -0.592682 -0.000188 0.497483 0.351100 0.649526 0.188227 -0.016730 0.673679 0.020270 0.059879 -0.000088 0.182696 -0.126515 -0.046416 -0.034399 -0.000046 0.087249 0.000019 0.000000
0.498498 -0.151073 0.000025 -0.024401 0.123180 0.282057 0.704026 -0.150697 0.135260 0.159507 0.005319 -0.000086 0.133812 0.023381 -0.000925 0.049321 0.000026 0.006312 0.000003 0.000004
0.027548 0.375095 0.000028 0.274989 0.359963 0.108391 0.145728 0.448413 -0.080953 0.249883 -0.015639 -0.000091 0.138537 0.003344 0.001207 -0.956140 -0.000046 -0.892286 0.000023 0.000008
0.221287 0.447800 -0.000109 0.146849 0.351551 -0.200030 -0.217278 -0.153497 -0.067764 0.317754 -0.158720 -0.000043 0.319024 -0.039009 -0.003312 0.036992 0.000036 0.460094 0.000023 0.000006
0.168205 0.120522 0.000121 -0.161856 0.005194 0.021347 0.181558 0.616090 -0.402162 0.021883 -0.851265 0.000238 0.180057 -0.037479 -0.003474 -0.034268 -0.000049 0.036543 -0.000009 0.000011
0.176608 -0.111359 -0.000159 0.023354 -0.044684 -0.097471 -0.330083 0.175235 -0.356162 0.586776 -0.129888 -0.000008 -0.017863 0.151117 0.074975 0.274357 -0.000046 0.121030 0.000032 0.000005
0.354358 -0.475182 0.000103 -0.023340 -0.391310 0.086292 -0.058682 0.347727 -0.246690 -0.006104 0.468788 -0.000069 -0.305799 0.002130 0.001003 0.424256 -0.000117 0.327968 -0.000038 -0.000005
-0.035443 0.116083 0.000029 0.083655 -0.049702 0.522732 -0.568441 -0.489720 0.245503 0.065187 0.275185 -0.000065 -0.390971 0.135521 0.039506 -0.055502 -0.000035 0.034078 -0.000026 -0.000002
-0.315909 0.185721 -0.000081 0.623675 -0.155924 0.091256 -0.360911 -0.060137 -0.030088 -0.421273 0.106748 -0.000004 -0.018258 -0.009891 0.009702 0.043221 -0.000015 0.256000 -0.000071 -0.000006
0.129381 -0.281801 0.000036 0.019576 -0.131102 -0.046255 0.385936 0.031205 0.467920 -0.074124 -0.179273 0.000058 -0.268903 0.126785 0.062196 0.123283 0.000028 -0.108184 0.000081 -0.000014
0.098665 -0.356217 0.000052 0.170523 -0.054388 0.129026 0.792976 0.086144 -0.708733 0.182287 -0.422393 0.000028 -0.289519 -0.035301 -0.017057 0.343733 -0.000014 -0.333268 0.000050 -0.000007
-0.075886 -0.055562 -0.000127 -0.477464 0.134146 0.290756 0.332454 -0.169159 -0.026545 0.031550 -0.081236 0.000089 -0.058362 0.005725 -0.000262 0.488257 0.000023 0.259961 -0.000030 0.000017
-0.594785 -0.431035 0.000192 -0.154171 0.242734 -0.328626 0.571118 -0.134426 -0.855988 -0.256644 0.245946 0.000037 -0.080608 0.138468 0.048274 0.315955 -0.000030 0.135804 -0.000027 -0.000016
0.284030 -0.229023 -0.000066 -0.116524 0.136180 -0.083118 -0.318786 0.069421 0.137888 0.108720 0.451416 0.000058 -0.318815 0.216045 0.093609 0.249771 0.000076 -0.094938 -0.000047 -0.000004
-0.025013 0.037047 0.000329 0.149319 -0.405356 -0.155814 -0.536539 0.574090 -0.099064 -0.341706 -0.132435 -0.000004 -0.357140 0.054897 0.001649 -0.117164 -0.000069 0.153135 0.000019 0.000009
0.043486 -0.062262 0.000050 0.541586 -0.328963 -0.395156 -0.399315 0.430258 0.179773 0.411445 -0.270406 -0.000004 -0.242655 0.157726 0.064786 -0.655003 -0.000023 0.071391 -0.000155 -0.000002
0.015021 -0.317439 -0.000049 0.537821 0.184254 0.361083 0.381530 -0.129020 0.145422 -0.081566 -0.089364 0.000007 0.206137 0.218906 0.104084 -0.267594 -0.000036 0.233605 -0.000044 0.000004
-0.028697 -0.127551 -0.000065 -0.513069 0.248155 -0.111821 0.204034 -0.656642 0.502800 0.215160 -0.273301 0.000021 0.096311 0.206094 0.089814 -0.042728 -0.000002 0.119414 -0.000021 0.000000
-0.390206 0.213704 0.000280 0.033530 -0.059682 -0.424970 0.519776 -0.481142 0.021481 -0.137102 0.025551 -0.000123 -0.121224 0.450706 0.279508 0.012112 0.000022 -0.607117 -0.000023 0.000003
-0.298734 -0.038031 0.000201 -0.319373 -0.168090 -0.045478 0.788492 0.383192 0.119502 0.725558 -0.592942 0.000041 0.164222 0.314913 0.197702 -0.134811 0.000089 0.007512 -0.000046 -0.000012
-0.059737 -0.237470 0.000046 -0.179164 0.228529 -0.032916 -0.528765 0.833954 -0.400852 -0.132589 0.611678 0.000070 -0.033182 0.545870 0.341268 0.317247 -0.000022 0.056049 -0.000069 -0.000002
-0.374733 -0.395251 0.000078 -0.138072 0.418718 -0.105808 -0.418909 0.426487 -0.722454 -0.302495 0.452848 0.000057 0.274934 0.454371 0.279828 0.138791 0.000036 0.247733 -0.000045 0.000008
-0.579774 0.007359 0.000066 0.730052 0.381776 -0.105895 -0.391914 0.131756 0.080082 -0.147029 -0.353001 0.000038 0.281321 0.482957 0.277434 -0.273324 -0.000045 -0.482931 -0.000004 -0.000004
-0.305346 -0.220420 0.000021 0.441210 0.234916 -0.740008 -0.485894 0.105895 0.170611 0.005993 0.148154 -0.000160 0.283944 0.060049 0.024699 -0.213310 -0.000089 -0.041521 0.000023 0.000014
-0.120164 -0.097265 0.000171 0.214643 -0.257775 0.150295 -0.013898 -0.176229 -0.223290 0.196216 -0.340987 -0.000027 0.459343 0.013723 0.008159 0.350326 -0.000030 -0.087335 0.000069 -0.000003
0.260728 0.007296 0.000312 0.412696 -0.119340 0.363761 -0.143609 -0.172532 -0.294478 0.026008 -0.083207 0.000161 0.234753 -0.211309 -0.117109 -0.034865 -0.000020 0.588586 -0.000020 0.000021
0.228018 0.275944 0.000129 -0.092379 0.190045 -0.111617 0.593768 0.050240 -0.277345 0.209118 -0.158494 0.000206 0.005710 -0.199203 -0.122955 -0.104732 0.000036 0.002592 0.000060 0.000002
-0.399537 0.058491 -0.000092 -0.301084 -0.003539 0.292500 0.561836 -0.241242 -0.475372 0.127888 0.492090 -0.000027 0.580355 -0.181885 -0.124017 0.035738 0.000004 -0.014050 -0.000073 -0.000008
0.071372 -0.284123 -0.000253 0.072832 -0.099016 0.099108 0.435946 -0.410642 0.039439 0.279097 0.608948 -0.000072 0.344595 -0.012573 -0.013880 -0.099090 -0.000062 -0.028262 0.000043 -0.000001
-0.092802 -0.059092 0.000360 0.317858 -0.198177 0.353688 -0.222886 0.149737 -0.153054 -0.060101 -0.147539 -0.000055 0.086657 0.031253 -0.004121 0.178407 -0.000049 0.185071 0.000054 0.000000
0.428254 -0.439092 0.000141 0.086047 0.329291 0.261688 0.091014 0.621774 -0.176362 -0.557747 -0.041183 -0.000017 0.066828 -0.043345 -0.025284 0.331161 -0.000022 0.215716 -0.000089 0.000006
0.376436 0.234503 -0.000089 -0.015817 -0.259987 0.019192 -0.222463 0.168321 0.071245 0.262804 0.197215 0.000059 -0.042301 -0.032837 -0.004943 0.595729 -0.000062 -0.346789 -0.000025 -0.000006
-0.225446 0.402780 0.000002 0.155432 0.030396 0.031950 -0.313776 -0.281499 0.159075 0.093000 -0.328071 0.000039 -0.400899 0.015293 -0.001112 0.056712 0.000107 -0.055375 0.000093 0.000008
-0.039536 0.220479 0.000467 0.335685 -0.426987 0.235422 -0.058881 -0.407215 0.198121 0.065163 -0.237976 0.000140 -0.258666 0.295927 0.180110 0.145210 0.000055 0.240139 -0.000060 0.000001
0.136803 -0.074839 0.000159 -0.521793 0.031615 -0.070256 0.464037 -0.081799 -0.327129 0.284461 0.169765 0.000071 -0.012191 0.242161 0.124799 0.056041 -0.000021 0.303224 -0.000013 0.000026
-0.025254 -0.230157 0.000331 0.056288 0.142393 0.089596 -0.031792 -0.108166 -0.488674 0.308356 0.344386 0.000033 -0.320624 0.173042 0.075183 0.326124 0.000042 -0.009924 0.000003 0.000013
-0.352344 -0.519980 0.000274 0.288693 -0.010711 -0.059753 0.155329 0.083856 -0.223389 0.327567 -0.112258 0.000151 -0.181297 0.099354 0.013939 -0.427956 -0.000093 -0.115662 -0.000031 0.000002
-0.266654 -0.262105 0.000134 0.392102 0.391568 0.357457 -0.273590 0.024327 0.434054 -0.313359 -0.006155 0.000205 0.080007 -0.008642 -0.009869 -0.044977 -0.000096 -0.375842 -0.000023 -0.000010
0.447657 -0.146182 0.000317 0.249334 0.188666 0.198182 0.156540 0.123858 -0.148629 0.159116 0.262319 0.000033 -0.334984 0.186433 0.110250 -0.248869 -0.000024 0.145358 -0.000037 -0.000002
0.015952 0.126781 0.000207 -0.032930 0.245542 0.135507 -0.444626 0.008161 0.238063 0.028601 -0.227231 -0.000156 -0.353816 0.268450 0.157416 0.269023 0.000021 -0.209200 0.000140 0.000006
-0.209539 -0.155465 -0.000136 0.177397 0.105841 -0.097628 0.163636 0.193611 -0.405347 -0.657646 0.266219 -0.000060 -0.504852 0.273493 0.140002 0.122236 0.000044 0.076661 0.000108 -0.000002
-0.300049 0.011035 0.000304 0.009346 -0.225942 -0.185137 0.372434 -0.683050 0.315104 -0.286090 -0.073392 -0.000023 -0.094018 0.322281 0.163315 -0.006378 0.000108 0.454338 -0.000060 -0.000004
0.390384 0.078854 -0.000114 0.455320 0.265790 0.148078 -0.277217 -0.147128 -0.162198 0.487400 -0.269431 0.000029 -0.250771 0.331809 0.152574 -0.176865 -0.000072 -0.331609 -0.000056 -0.000009
-0.063543 0.457270 0.000050 -0.026230 -0.201914 0.076057 0.209034 0.296408 -0.787020 0.290077 0.146100 0.000001 0.310924 0.176284 0.084703 0.118050 0.000028 0.138440 0.000030 0.000014
0.071402 0.178791 -0.000038 -0.167375 -0.490150 -0.177846 -0.048505 0.039268 -0.229405 0.299298 0.095984 -0.000080 -0.355361 0.275226 0.151180 -0.092102 0.000027 0.339233 0.000028 -0.000001
0.163411 0.187942 0.000003 -0.113853 -0.159895 0.106786 0.137979 0.214752 -0.026337 -0.024925 0.146793 0.000073 -0.277735 0.094387 0.063887 -0.309533 0.000053 -0.150771 -0.000005 0.000012
0.219670 0.045162 -0.000188 -0.216737 0.297505 -0.194308 -0.111122 0.198935 -0.292140 -0.061166 0.221271 -0.000031 -0.093901 0.051825 0.029582 -0.023492 0.000017 0.054575 0.000063 -0.000002
0.070009 0.144905 -0.000072 0.007901 0.029289 0.051153 -0.061758 -0.332931 -0.204682 0.256261 0.459529 0.000039 -0.230626 0.177328 0.109062 0.186139 -0.000054 -0.301903 -0.000104 -0.000004
-0.272553 0.595959 0.000132 -0.399751 0.740708 -0.025956 -0.140238 -0.159378 -0.148685 0.024811 0.183320 -0.000086 -0.103723 0.119974 0.047677 0.095170 -0.000024 -0.345204 0.000067 -0.000008
0.129015 -0.262795 0.000112 -0.294447 0.351594 -0.490458 0.330568 -0.050935 0.317971 -0.577863 -0.380809 0.000014 0.354824 0.090788 0.015278 -0.133957 0.000023 0.271857 0.000015 0.000023
-0.240861 0.070794 0.000048 -0.115341 -0.297341 0.020600 0.377126 0.375973 -0.350443 -0.092084 0.104141 0.000091 0.168447 0.063957 0.008026 -0.423933 0.000053 0.448092 -0.000023 -0.000007
0.098455 0.243286 -0.000119 0.485257 -0.234961 -0.353494 -0.055020 0.003373 -0.277412 -0.329796 0.407355 -0.000006 -0.024867 0.070833 -0.001864 -0.428308 0.000030 0.183900 -0.000048 0.000003
0.008651 0.269404 0.000284 -0.086487 -0.194866 -0.500974 0.573142 -0.015795 -0.227009 -0.125400 -0.115527 -0.000005 0.302980 0.151522 0.032526 -0.027297 -0.000032 -0.311721 -0.000026 -0.000007
-0.468501 -0.041733 0.000058 0.324411 -0.120300 -0.333513 -0.038392 0.685392 -0.390636 0.104875 -0.010993 0.000102 0.392115 -0.022035 -0.015623 -0.247167 -0.000040 -0.466031 -0.000025 0.000001
-0.236989 0.023517 0.000083 0.053272 -0.064563 -0.158132 -0.022669 0.138726 -0.196949 0.421013 0.268313 -0.000045 0.491796 -0.062850 -0.039327 0.059544 -0.000027 0.182725 0.000066 -0.000002
-0.344339 -0.353842 -0.000184 -0.032454 0.037105 -0.594466 0.039123 -0.303412 0.401571 -0.204610 -0.060717 0.000042 0.167479 0.062912 -0.005791 -0.177786 -0.000016 -0.210000 -0.000053 0.000009
0.458549 -0.330789 0.000059 0.293467 0.177727 -0.282253 -0.032167 0.133910 0.463190 0.387615 -0.030457 0.000037 0.026898 0.019726 -0.000388 0.163754 -0.000073 -0.794097 -0.000142 -0.000008
-0.257586 0.101954 0.000041 -0.184084 0.124482 0.095214 -0.073200 -0.042230 -0.249836 0.071487 -0.349863 -0.000033 0.235634 0.052025 0.002982 0.445054 0.000080 0.113253 0.000082 0.000002
0.007567 -0.058186 0.000293 -0.015304 0.425161 -0.513012 -0.236320 -0.135525 -0.088342 0.003471 0.247547 0.000064 -0.064565 0.233986 0.114304 -0.040624 -0.000025 0.143760 -0.000016 0.000007
-0.142264 0.144910 0.000107 0.148135 -0.266556 0.319403 0.201734 0.083648 -0.026233 -0.437384 -0.277440 0.000296 -0.015289 0.193984 0.108018 0.189058 0.000014 0.346981 0.000025 0.000004
0.008086 -0.375231 -0.000135 0.017130 0.277687 -0.351274 0.612674 0.148104 -0.115897 -0.104390 0.396990 0.000057 0.399635 0.070211 0.015198 -0.294435 -0.000030 -0.033714 -0.000100 0.000003
-0.057108 0.448526 -0.000099 -0.249405 0.242555 0.246633 -0.258251 0.239074 0.212988 0.099605 0.115102 -0.000070 0.018810 -0.137231 -0.059193 -0.172696 0.000027 -0.115009 0.000059 -0.000002
0.040756 0.168079 -0.000211 -0.372355 -0.576064 -0.060955 0.079919 -0.112624 0.249764 0.051365 0.629969 -0.000032 -0.488593 -0.079782 -0.035505 -0.007340 -0.000021 -0.646226 0.000000 0.000021
-0.666004 0.227278 -0.000176 0.048128 -0.110205 0.353840 0.002023 -0.144893 0.203744 0.413406 -0.368547 0.000009 -0.000858 -0.005554 -0.003282 0.119965 0.000070 -0.738971 0.000044 0.000001
-0.546343 -0.057766 -0.000231 0.297009 0.187938 0.483240 -0.198535 -0.122065 -0.350242 0.403066 0.202166 -0.000027 0.165862 -0.069070 -0.025635 0.449450 -0.000038 0.033767 -0.000026 0.000010
-0.674345 0.281671 -0.000392 -0.266435 0.150667 0.193811 0.063017 -0.319531 0.248411 -0.389935 0.140859 0.000015 -0.128351 -0.230677 -0.169999 -0.434703 0.000102 -0.390204 0.000063 0.000014
-0.132387 -0.184447 0.000301 -0.236235 0.135808 -0.092418 -0.101231 -0.358486 0.032977 0.004845 -0.129425 0.000070 0.141136 -0.089887 -0.060161 -0.059386 -0.000057 0.597332 0.000030 -0.000003
-0.051622 -0.045454 -0.000081 0.141768 0.393757 0.210978 -0.336172 -0.088671 -0.746518 -0.041305 0.695815 -0.000037 0.070628 0.084860 0.035628 0.621524 0.000002 -0.181918 0.000035 -0.000004
-0.476465 0.103298 -0.000028 -0.014759 0.040155 0.215211 0.124007 0.344508 -0.447235 0.404750 -0.134523 -0.000026 0.338380 0.124565 0.047513 -0.154286 -0.000004 0.148387 -0.000115 0.000005
-0.632079 -0.154033 0.000153 0.104312 0.022721 0.365803 0.139613 0.461719 -0.077428 -0.225847 -0.125300 0.000042 0.216244 0.127639 0.029043 -0.482192 -0.000019 0.239713 -0.000101 0.000007
-0.382864 -0.040190 -0.000075 0.008335 -0.190397 -0.251529 -0.138437 0.398106 0.326669 -0.376021 0.295130 0.000028 -0.207165 -0.016485 0.004828 -0.117663 0.000018 -0.161445 0.000042 0.000003
-0.071188 0.171914 0.000133 0.063287 -0.330699 0.639216 -0.029672 -0.454268 0.136248 0.080096 -0.081735 0.000039 -0.115517 0.028085 0.005891 0.218666 -0.000046 0.010180 -0.000008 0.000007
0.134897 0.301749 0.000202 -0.160081 -0.072481 0.023093 -0.136089 -0.493862 0.452335 -0.226807 -0.080594 0.000025 -0.200260 -0.034609 -0.019072 0.405046 0.000051 0.076876 0.000133 -0.000005
0.239573 -0.236793 -0.000080 0.003347 0.657665 0.363740 -0.402261 0.216215 -0.246451 0.070570 -0.399116 0.000121 -0.109125 0.027195 0.005119 0.194496 0.000056 0.204140 -0.000061 0.000001
-0.008724 -0.730674 0.000029 -0.099825 0.090270 0.158588 0.469119 -0.065133 0.259232 0.304703 0.292704 -0.000102 0.128245 -0.060912 -0.023770 -0.013092 0.000137 0.421869 0.000023 0.000004
-0.258993 -0.068132 -0.000024 -0.301123 -0.093787 -0.162531 0.383857 -0.056180 0.159427 0.117761 0.028330 -0.000067 0.001937 0.028863 -0.002939 -0.058829 -0.000068 0.065596 -0.000010 0.000003
-0.356153 0.217359 0.000060 -0.008178 -0.115133 -0.063581 -0.148047 -0.171688 0.156578 -0.330947 0.122539 0.000002 -0.294095 0.126134 0.049643 0.048368 0.000014 -0.386081 -0.000067 0.000023
0.448373 -0.020847 -0.000038 0.025218 -0.189748 -0.212737 0.109123 0.327366 0.258955 -0.157715 0.124643 0.000070 -0.232508 0.193846 0.067641 0.186450 0.000114 -0.543541 -0.000079 -0.000008
0.024460 0.086250 0.000108 0.483239 0.023184 0.521886 -0.117348 0.060454 -0.187449 -0.031567 -0.286736 0.000076 0.092153 0.427657 0.208464 0.657659 -0.000046 -0.450680 -0.000020 0.000009
-0.288014 -0.048690 0.000144 0.615078 -0.099251 -0.356580 -0.333114 -0.192386 0.218759 0.215689 -0.216893 0.000038 0.071312 0.234257 0.119290 -0.129714 0.000077 -0.368699 -0.000016 0.000001
-0.003698 0.213281 -0.000021 -0.373876 0.574599 -0.019648 -0.246746 -0.400371 0.468093 0.346765 0.181089 0.000111 0.204764 0.134027 0.063105 0.120802 -0.000093 0.166514 0.000030 -0.000005
0.074499 0.280421 0.000176 -0.643317 0.010260 -0.732349 0.131077 0.268716 -0.267696 -0.068452 -0.007103 -0.000028 0.212562 0.122717 0.056550 -0.076205 0.000036 0.008610 -0.000064 -0.000029
-0.224142 0.299767 0.000117 -0.094603 0.105250 0.193958 0.023850 0.322876 -0.313461 0.393272 0.209854 0.000032 -0.075583 -0.168750 -0.090532 -0.879139 -0.000021 0.387510 0.000034 0.000004
0.374940 0.090940 -0.000077 -0.436889 -0.338832 -0.364280 0.147384 -0.243852 0.445213 -0.225319 0.454658 -0.000075 -0.461931 -0.221759 -0.128728 -0.585226 -0.000034 0.252164 -0.000070 -0.000007
0.372209 -0.398971 0.000016 0.654606 0.091990 -0.007280 0.293289 -0.106089 0.112442 -0.666692 0.052424 -0.000065 0.466576 -0.005101 -0.003321 -0.007539 0.000034 0.194312 0.000063 -0.000008
0.143751 -0.088644 -0.000014 0.070503 0.053702 -0.084871 -0.169255 -0.166165 0.176642 0.293481 0.000693 -0.000037 0.373756 0.017672 0.000128 0.067369 -0.000014 0.018533 0.000012 0.000009
0.470204 0.194158 -0.000050 0.174113 0.223665 -0.197686 -0.008947 0.001679 0.472233 0.225613 0.214193 0.000057 0.024716 0.002630 -0.000909 -0.297553 0.000011 -0.663147 -0.000095 0.000011
0.440551 0.519605 0.000016 -0.177809 0.167508 0.292298 0.019206 -0.036159 0.119967 -0.420810 0.190867 0.000011 0.582108 0.075959 0.015984 0.204923 -0.000053 0.320765 -0.000050 0.000001
0.510418 -0.178147 -0.000329 0.213989 0.027267 -0.271339 0.262350 0.010838 -0.096967 -0.119671 0.293860 -0.000092 -0.091067 0.050584 0.029187 0.293771 -0.000105 0.425398 0.000059 -0.000004
-0.069879 0.026155 -0.000230 -0.662561 -0.172726 0.009251 -0.195122 0.130652 0.334857 0.255087 -0.087953 0.000015 0.076431 0.150957 0.046337 0.265430 -0.000024 0.187356 0.000132 0.000001
-0.098137 -0.411596 0.000028 -0.310738 -0.502354 0.138536 -0.122518 0.090242 -0.017496 0.186192 0.105946 -0.000010 -0.403340 -0.001490 0.001423 0.111962 0.000025 0.092581 -0.000027 -0.000003
0.437388 0.369469 0.000034 0.322785 -0.043629 0.419906 0.346191 0.269254 0.400592 -0.379069 -0.166541 0.000051 -0.080123 -0.046852 -0.015898 -0.070408 -0.000042 -0.078253 0.000024 0.000016
0.037857 -0.115366 -0.000189 -0.451864 0.176684 -0.382088 0.056935 -0.319010 0.308555 -0.645226 0.209516 0.000037 -0.288050 -0.002864 -0.003220 -0.033633 -0.000079 -0.020164 0.000018 0.000004
-0.014189 0.056075 -0.000069 0.689783 -0.138788 -0.167106 0.051200 -0.212100 -0.172912 0.531792 0.359959 -0.000163 0.699840 0.068700 -0.002325 -0.551407 -0.000034 -0.147545 -0.000090 0.000000
0.197804 -0.152438 0.000202 -0.068030 0.620954 -0.125588 0.532869 0.143147 -0.216796 0.492400 -0.185748 -0.000061 -0.029298 0.209451 0.106730 -0.466814 0.000036 -0.100193 -0.000018 0.000006
0.187458 -0.010556 0.000015 0.044176 0.410553 0.080509 -0.441859 -0.219993 0.079039 0.352632 0.009499 0.000069 0.026887 0.045282 -0.002198 0.162669 0.000039 -0.102039 0.000016 0.000006
0.417721 -0.188018 -0.000004 0.009122 -0.169276 -0.268476 -0.119263 0.092053 -0.052950 -0.142893 0.225074 0.000125 0.088793 0.119972 0.047878 0.042202 -0.000008 0.130948 0.000033 0.000006
0.378898 0.299617 -0.000142 -0.041285 -0.378608 0.161618 0.068743 -0.138216 0.012402 0.139150 0.217981 0.000003 -0.279074 0.040928 0.005128 0.148259 0.000028 -0.103513 -0.000024 -0.000000
-0.036021 0.015192 0.000323 -0.130252 0.089213 -0.210733 -0.423801 -0.143612 0.321806 -0.083412 -0.006722 0.000048 0.000631 -0.000424 -0.000739 0.268816 0.000002 0.351047 -0.000044 0.000008
0.189069 0.756386 0.000015 0.093768 -0.259767 0.017536 -0.217497 -0.287404 0.091268 0.161795 0.104588 -0.000033 -0.100499 0.041149 0.001363 0.061952 0.000079 -0.075137 -0.000074 0.000002
0.105098 -0.118449 0.000503 0.534225 -0.435603 0.122880 0.398071 -0.372397 0.112703 0.077639 0.000610 0.000074 0.086612 0.270276 0.118810 -0.568146 0.000036 0.404589 0.000029 -0.000021
0.312084 -0.306997 0.000035 0.260037 0.026203 0.197703 -0.035564 -0.011291 0.238270 0.147307 0.090387 -0.000089 0.092903 0.049892 -0.001906 0.049777 -0.000004 0.236180 -0.000041 0.000004
-0.151274 0.604088 0.000205 0.157286 0.164244 0.093194 -0.443796 -0.672662 0.047316 0.134713 -0.064735 0.000038 -0.329319 -0.000838 -0.000598 0.003288 0.000050 -0.022272 0.000017 0.000001
0.289225 0.597219 0.000012 -0.433754 -0.014344 -0.123254 -0.120625 -0.079677 0.223634 -0.151194 0.409390 0.000071 0.293130 -0.085677 -0.022448 0.456512 -0.000018 -0.523583 0.000021 -0.000007
-0.321137 0.138328 0.000046 -0.726664 0.031109 0.204527 -0.028379 -0.031815 -0.000938 0.031953 0.035054 0.000071 -0.178443 -0.003237 -0.003244 0.246015 0.000035 -0.264745 0.000026 0.000005
-0.036510 -0.213907 -0.000040 -0.616391 0.509679 -0.162123 0.214182 0.521932 0.304330 0.375082 -0.170278 -0.000010 -0.028867 0.107541 0.051982 0.438036 0.000054 -0.355964 0.000019 -0.000016
-0.284550 0.217326 0.000029 -0.022172 -0.178066 -0.611388 -0.363192 -0.223533 0.161258 -0.151058 0.294828 0.000070 -0.222040 0.223594 0.111705 -0.030709 0.000020 -0.183855 -0.000040 -0.000007
0.439748 0.051356 -0.000218 0.996193 -0.460703 0.252449 0.052724 0.081908 0.240698 -0.235401 -0.176017 -0.000072 -0.106762 0.030988 -0.001715 -0.328576 0.000039 0.043936 -0.000023 0.000001
-0.068754 -0.000452 -0.000138 -0.071219 -0.722125 0.054377 0.048414 0.533588 -0.285909 -0.189921 0.384869 0.000097 -0.121890 0.139904 0.041187 -0.150782 -0.000031 0.252821 -0.000047 -0.000004
-0.051037 -0.103015 0.000039 -0.339601 0.051000 -0.489926 0.040795 -0.387602 0.063105 0.043013 0.563137 0.000026 -0.152412 0.170668 0.080068 -0.395904 -0.000056 0.466314 0.000036 0.000008
0.166143 0.110316 0.000148 -0.383807 -0.132432 0.182577 0.107616 -0.119871 -0.303438 0.179318 0.550905 0.000002 -0.027159 0.013344 0.000561 -0.095754 -0.000071 0.023224 0.000056 0.000000
0.000327 -0.137444 0.000329 -0.181326 0.510720 0.234634 0.035421 0.031339 0.363961 -0.119511 0.428240 -0.000168 -0.157021 0.130284 0.056868 -0.152951 0.000049 -0.353687 0.000000 0.000013
-0.264767 0.152300 0.000025 -0.710244 0.348104 -0.364999 -0.098003 -0.047598 -0.411328 0.250121 -0.590167 -0.000008 -0.704473 0.065696 0.012697 0.175514 -0.000006 0.065418 0.000098 -0.000007
-0.200621 0.282587 0.000113 -0.330862 0.280110 -0.255286 -0.281202 -0.271907 0.106891 -0.156486 -0.637422 0.000126 -0.080493 0.005223 0.002746 0.409429 -0.000156 0.858279 0.000027 -0.000011
0.351562 0.033500 0.000257 0.128662 -0.278745 -0.135586 -0.009951 0.144144 0.041349 -0.639125 -0.406162 -0.000029 0.164210 0.375887 0.185000 0.623878 -0.000043 0.370969 0.000063 -0.000001
-0.040955 0.799294 0.000024 0.147426 -0.387512 -0.004288 0.509107 -0.359079 -0.034454 -0.751727 0.246863 -0.000064 0.094578 0.105815 0.014502 -0.175970 0.000024 0.068636 0.000041 0.000013
-0.274206 -0.421069 0.000066 -0.059217 -0.461903 -0.152703 0.075676 -0.117484 -0.148301 -0.112512 0.496921 -0.000025 0.058121 0.354081 0.148338 0.168319 -0.000071 0.308737 0.000046 -0.000009
-0.331756 -0.139355 0.000093 0.568002 -0.199570 0.170936 -0.407933 0.034777 0.345969 0.215773 -0.281736 -0.000102 -0.078796 0.197314 0.067969 0.042784 -0.000018 -0.407364 -0.000048 -0.000006
0.311090 0.130799 0.000051 -0.272826 -0.061358 -0.329109 0.219957 -0.169882 -0.171913 0.357064 0.467278 0.000031 -0.136996 0.156406 0.069474 0.096392 0.000089 0.100451 0.000020 0.000002
-0.186482 0.074155 0.000140 -0.613350 0.895573 0.453536 0.064147 -0.348804 -0.109568 0.274022 -0.018032 -0.000002 0.017914 0.161063 0.059952 -0.020786 -0.000009 -0.049656 -0.000070 -0.000008
0.115458 -0.258160 0.000146 -0.095562 0.102010 0.101484 0.172298 -0.392609 0.043747 0.553428 -0.412600 -0.000011 -0.373641 0.058271 0.014552 0.149990 0.000027 -0.017749 -0.000029 0.000001
-0.184469 0.237036 0.000042 -0.000908 0.229829 -0.306110 -0.482159 -0.188052 -0.007062 -0.024746 -0.646442 0.000041 -0.014866 -0.143854 -0.026591 0.110236 0.000043 0.448743 0.000047 -0.000002
0.085354 0.216942 0.000071 -0.012665 -0.185180 0.221776 -0.161230 -0.260796 0.591951 -0.171155 0.367139 -0.000027 -0.200844 -0.028817 -0.001693 0.048691 0.000051 0.024407 0.000089 -0.000002
0.050087 0.043569 0.000008 0.245527 -0.523066 0.061449 0.006365 0.128519 -0.023312 -0.226800 -0.142525 0.000006 -0.673255 -0.031129 -0.013167 -0.037280 0.000160 0.155184 -0.000180 0.000002
0.079286 -0.122280 -0.000098 -0.151460 -0.125600 -0.025508 -0.033712 0.063882 0.061356 -0.215429 0.498237 0.000016 0.125726 -0.013598 0.002431 0.638828 -0.000017 -0.364806 -0.000053 0.000006
-0.595176 -0.144036 -0.000059 -0.245879 -0.062080 -0.002590 0.093880 -0.025917 -0.117662 -0.359651 0.327148 0.000059 -0.187190 0.090949 0.015839 0.155401 -0.000018 -0.115690 -0.000076 -0.000009
-0.451872 0.010398 0.000150 -0.124423 -0.441572 -0.434169 -0.613333 -0.081254 0.044398 0.199080 0.109566 -0.000085 -0.477937 0.005051 0.006464 0.039652 0.000151 -0.111679 -0.000071 0.000007
