-0.398431
-0.260033
-0.007510
-0.015135
0.173352
-0.317586
0.185196
-0.137162
-0.005773
-0.009261
-0.001103
-0.009425
0.124954
-0.349895
-0.634834
-0.002651
-0.001405
-0.010440
-0.002520
0.238226
-0.241058
-0.447652
0.287021
-0.010349
-0.000439
-0.000572
0.002173
0.307436
-0.000063
-0.020636
-0.181442
-0.001282
-0.177693
-0.325984
-0.007756
-0.007002
-0.009646
-0.410577
-0.019822
-0.269486
-0.006120
0.192820
-0.303853
-0.195354
-0.003494
-0.002711
-0.011025
-0.273293
0.410641
0.319792
-0.001180
-0.365052
-0.394969
-0.018172
0.328202
-0.004835
-0.313450
-0.248796
-0.008153
-0.447000
-0.005884
-0.001497
-0.015117
-0.271969
-0.006010
-0.007506
-0.005568
-0.007399
-0.001576
-0.352708
-0.003353
-0.002516
-0.001642
-0.023418
-0.009765
-0.004206
-0.316270
-0.000964
-0.002952
-0.011108
-0.005191
-0.541514
-0.001593
0.132636
-0.004699
-0.013973
-0.308583
0.001754
-0.374421
0.230824
-0.152127
-0.156968
-0.026632
-0.242333
-0.004099
-0.003758
-0.002199
-0.001653
-0.007003
-0.006934
0.311772
0.305775
-0.022229
-0.329169
-0.352961
0.311635
-0.002385
-0.439085
-0.656746
-0.022693
-0.022273
-0.361802
-0.254638
-0.253726
-0.024056
0.288322
0.079650
-0.001360
-0.006756
-0.001318
-0.274157
0.071523
-0.003182
-0.002960
-0.008625
-0.001448
-0.000627
-0.008628
-0.332677
-0.233637
-0.008652
-0.013351
-0.520735
-0.010753
-0.003768
0.287051
