-0.001019
-0.425569
-0.447454
0.075121
-0.480984
0.000539
0.258525
-0.163086
-0.000858
-0.519815
-0.181977
0.356307
-0.000913
-0.440594
-0.000239
0.001194
-0.001157
-0.002111
-0.801860
-0.001045
-0.000003
-0.425161
-0.000123
0.294648
-0.002608
-0.001552
-0.521609
-0.001484
-0.000019
-0.000760
-0.238346
-0.376917
-0.236668
0.217118
-0.000052
-0.002858
0.259834
-0.002813
-0.005734
0.001325
0.028268
0.198834
-0.001058
-0.001759
-0.355543
-0.270834
0.001485
-0.001178
-0.001048
-0.000115
-0.079291
-0.704400
-0.270817
0.002587
-0.334540
0.167328
0.329717
0.149477
-0.001093
-0.001228
-0.376331
-0.001583
-0.351631
-0.410982
-0.482069
0.000999
0.003399
-0.110441
-0.351737
0.001020
0.281206
0.172595
0.005530
0.257283
-0.415608
0.330761
-0.537750
-0.002410
0.288809
-0.257532
0.169495
-0.329309
0.001950
0.218803
-0.002665
-0.248153
-0.173614
-0.000706
0.000677
-0.001900
-0.000128
0.154664
-0.257113
-0.001160
0.413034
-0.001718
0.000636
