-0.005459 -0.000109 -0.026979 -0.000061 -0.271516 -0.000051 -0.000072 0.000013 -0.027283 -0.000038 -0.000018 -0.000054 -0.000016 -0.000029 0.000066 0.000015 0.404549 -0.078228 0.000137 -0.000001 -0.000003 0.000016 0.000039 -0.000055 0.000040 0.000021 0.000149 0.000019 0.000017 -0.000159 -0.000032 0.396856 0.000019 -0.000006 -0.000629 0.000012 -0.009729 -0.000045 -0.000030 -0.016224 -0.000017 0.000003 -0.000004 0.002237 0.518364 0.000034 0.000032 0.234617 0.000030 0.000041 -0.000198 -0.000005 0.434060 0.133192 0.368524 -0.000043 0.027354 0.000012 -0.000285 -0.000033 -0.603085 0.000058
-0.006227 -0.000054 -0.026024 0.000020 -0.006728 -0.000032 0.000151 -0.000011 -0.110790 -0.000033 0.000007 0.000064 -0.000007 0.000004 0.000002 0.000028 -0.084598 -0.298335 -0.000055 0.000064 -0.000003 0.000097 -0.000032 -0.000036 0.000004 0.000025 0.000114 -0.000010 0.000037 -0.000123 -0.000020 0.142219 0.000014 0.000033 -0.000591 -0.000012 -0.008278 -0.000024 0.000023 0.096987 0.000019 0.000005 -0.000002 0.036296 0.437213 -0.000029 0.000003 -0.004113 -0.000010 -0.000023 -0.000073 0.000036 -0.004603 0.019198 0.266564 -0.000106 0.045839 -0.000029 -0.000266 0.000005 -0.631243 -0.000007
-0.007308 -0.000011 -0.029245 0.000082 0.037375 0.000010 0.000086 0.000033 -0.118986 0.000038 0.000024 -0.000030 -0.000056 -0.000071 -0.000056 -0.000026 -0.117982 -0.342010 0.000012 0.000021 0.000009 -0.000043 -0.000050 0.000004 0.000036 -0.000023 0.000226 0.000017 0.000229 -0.000165 -0.000002 0.212931 -0.000014 -0.000006 -0.000665 -0.000049 -0.008577 -0.000010 -0.000011 -0.199733 -0.000002 0.000052 -0.000021 0.034198 0.136445 -0.000042 0.000027 -0.018613 0.000045 -0.000033 -0.000063 -0.000033 0.119608 0.200881 -0.020457 -0.000038 0.271057 -0.000002 0.000141 -0.000012 -0.297062 0.000038
-0.005665 -0.000006 -0.029861 -0.000024 -0.307042 0.000007 -0.000045 0.000051 0.078346 0.000026 0.000021 0.000001 -0.000024 0.000095 -0.000029 -0.000021 0.234567 -0.006061 0.000061 -0.000134 0.000000 -0.000025 0.000027 0.000012 0.000115 0.000076 0.000219 -0.000012 0.000017 -0.001468 -0.000009 0.431602 -0.000072 0.000110 -0.000501 0.000014 -0.007624 0.000001 0.000021 0.001593 -0.000002 -0.000007 -0.000096 0.004530 -0.006329 0.000061 0.000007 0.142118 -0.000100 -0.000008 0.000001 0.000001 0.057920 0.048497 -0.055958 -0.000012 -0.317556 0.000098 0.000320 0.000087 -0.158150 0.000015
-0.000823 -0.000067 -0.031630 0.000022 0.109657 0.000044 0.000030 -0.000030 0.141481 -0.000100 0.000022 -0.000043 -0.000011 0.000039 -0.000065 0.000020 -0.017949 0.198751 0.000095 -0.000019 -0.000002 -0.000004 -0.000137 0.000027 0.000034 0.000005 -0.000007 -0.000008 0.000145 -0.002618 -0.000064 0.324003 0.000096 -0.000039 -0.000621 -0.000015 -0.006387 -0.000004 0.000044 0.156584 0.000026 0.000075 -0.000020 0.003895 0.236643 0.000068 -0.000022 0.022121 -0.000096 0.000032 0.000021 0.000013 -0.115541 0.101186 -0.090226 0.000064 -0.253316 0.000014 0.000180 0.000003 -0.284258 0.000034
-0.000023 0.000084 -0.030920 0.000001 0.436516 0.000017 -0.000033 -0.000044 -0.131116 0.000052 -0.000028 -0.000057 -0.000130 -0.000055 -0.000141 -0.000021 -0.146819 0.149953 -0.000026 -0.000002 -0.000003 -0.000030 -0.000092 0.000021 0.000003 -0.000101 0.000061 -0.000015 0.000001 -0.004059 -0.000055 0.191243 0.000036 0.000060 -0.000774 -0.000003 -0.006549 -0.000123 -0.000021 -0.232652 0.000005 0.000122 -0.000058 0.006988 -0.238668 0.000051 -0.000024 -0.162844 -0.000036 0.000005 0.000028 0.000051 0.031066 0.170462 -0.048286 -0.000058 0.001600 -0.000013 0.000193 -0.000030 -0.228051 0.000042
-0.000583 0.000130 -0.028237 0.000027 0.114343 0.000015 0.000066 0.000014 0.178361 -0.000052 -0.000049 0.000075 0.000113 0.000038 -0.000162 0.000015 -0.028721 0.198780 -0.000084 0.000028 0.000003 0.000032 -0.000037 0.000020 0.000019 0.000005 -0.000129 0.000030 -0.000006 -0.005812 0.000019 0.318351 -0.000036 -0.000050 -0.001009 0.000003 -0.007069 -0.000027 0.000007 0.079041 0.000010 -0.000043 -0.000028 -0.035748 -0.013320 -0.000054 -0.000022 -0.150724 -0.000041 -0.000003 -0.000131 0.000039 0.249733 0.268306 0.044785 -0.000018 -0.151320 -0.000012 -0.000128 0.000042 0.015595 0.000079
-0.001177 -0.000055 -0.026681 -0.000027 0.152259 0.000002 0.000033 0.000006 0.031313 0.000063 -0.000037 -0.000038 -0.000044 0.000023 0.000057 0.000016 0.031634 0.134576 -0.000018 0.000063 -0.000009 -0.000050 -0.000062 0.000037 0.000005 0.000034 0.000162 0.000047 -0.000044 -0.004099 -0.000026 0.135485 0.000025 0.000036 -0.000992 0.000068 -0.007255 0.000050 0.000009 0.096843 -0.000021 -0.000001 -0.000036 -0.001115 -0.173354 0.000001 0.000018 -0.316856 -0.000026 0.000007 -0.000026 -0.000012 0.202443 0.264219 0.044669 0.000020 0.215773 -0.000042 0.000216 -0.000031 0.040056 -0.000038
-0.006749 -0.000034 -0.025376 -0.000058 0.026549 -0.000012 0.000069 -0.000025 0.234675 -0.000028 0.000030 -0.000085 -0.000029 0.000032 -0.000081 0.000021 0.065261 -0.112504 0.000027 -0.000048 -0.000001 -0.000018 0.000027 -0.000016 -0.000022 -0.000008 0.000170 0.000010 0.000004 -0.004612 0.000040 0.063829 -0.000069 -0.000017 -0.000850 0.000011 -0.006413 -0.000044 -0.000032 0.056716 0.000042 -0.000035 0.000009 0.008394 -0.230340 -0.000155 -0.000022 -0.443097 -0.000027 0.000018 -0.000069 -0.000005 0.015602 0.272151 0.074193 -0.000055 0.079915 -0.000031 -0.000059 -0.000055 0.016232 0.000037
-0.008922 -0.000047 -0.024439 -0.000052 -0.165845 -0.000047 0.000007 0.000033 0.248623 0.000171 -0.000020 0.000019 0.000024 0.000122 0.000046 0.000005 -0.066115 -0.025352 -0.000097 -0.000025 0.000009 0.000026 0.000096 -0.000023 -0.000010 0.000031 0.000278 0.000119 -0.000089 -0.004212 0.000003 -0.116538 0.000051 0.000005 -0.000736 0.000011 -0.006024 -0.000019 0.000060 -0.181158 0.000027 0.000004 0.000027 0.066368 -0.015073 -0.000067 -0.000011 -0.595286 -0.000003 0.000012 -0.000027 0.000007 0.023304 0.001964 0.119739 -0.000030 0.035261 0.000028 -0.000390 -0.000029 0.047268 -0.000003
-0.014953 0.000004 -0.022796 0.000002 -0.332684 -0.000060 -0.000048 -0.000019 0.344449 -0.000024 -0.000022 0.000025 0.000191 -0.000049 -0.000062 -0.000005 -0.037541 0.173578 0.000012 -0.000037 -0.000007 -0.000024 0.000039 0.000002 -0.000015 -0.000004 0.000431 0.000021 0.000013 -0.004311 0.000006 -0.031101 0.000035 0.000001 -0.000735 0.000030 -0.003963 0.000024 -0.000039 -0.189049 0.000001 -0.000076 0.000053 0.006549 0.185755 0.000083 -0.000011 -0.356185 -0.000095 -0.000020 -0.000010 0.000019 0.130693 -0.275036 0.231192 -0.000010 -0.248824 0.000016 0.000354 0.000013 0.040872 0.000084
-0.012483 -0.000134 -0.021214 0.000094 0.021028 -0.000018 -0.000038 0.000003 0.219644 -0.000038 0.000014 -0.000017 -0.000051 0.000001 0.000069 -0.000020 0.058988 0.335086 0.000070 0.000031 -0.000002 -0.000073 0.000008 0.000029 0.000048 0.000051 0.000262 -0.000028 -0.000013 -0.006209 -0.000053 0.094258 -0.000024 -0.000079 -0.000649 0.000026 -0.004255 -0.000024 0.000098 -0.106630 0.000025 0.000005 -0.000009 0.010377 -0.002594 0.000007 -0.000007 -0.275410 -0.000025 0.000005 0.000088 0.000009 0.276920 -0.162503 0.216887 -0.000019 -0.078037 -0.000018 0.000278 0.000029 0.213183 0.000008
-0.011987 0.000040 -0.017498 -0.000017 0.124335 -0.000035 0.000055 0.000030 0.249366 -0.000093 0.000062 -0.000079 0.000093 0.000054 0.000041 -0.000027 0.294574 0.159516 0.000088 -0.000077 -0.000007 -0.000071 -0.000118 -0.000013 -0.000042 -0.000039 0.000131 -0.000013 -0.000044 -0.005597 0.000050 0.090055 -0.000018 0.000005 -0.000625 0.000020 -0.002951 -0.000112 0.000017 0.071732 0.000023 0.000084 -0.000056 0.011894 -0.192056 0.000059 -0.000016 -0.377314 0.000125 -0.000010 -0.000071 -0.000006 0.264313 -0.484160 0.285912 -0.000040 0.185960 0.000040 -0.000000 -0.000044 0.192400 0.000031
-0.007576 0.000036 -0.017436 0.000089 0.008297 0.000056 -0.000124 0.000001 -0.103502 0.000001 -0.000037 -0.000035 -0.000020 -0.000023 -0.000006 -0.000014 0.255733 -0.153687 -0.000043 -0.000002 0.000001 -0.000017 0.000012 0.000003 -0.000007 -0.000081 0.000098 -0.000044 0.000002 -0.004076 -0.000047 0.201069 -0.000066 -0.000008 -0.000769 -0.000032 -0.003604 -0.000099 0.000059 0.004370 0.000010 0.000035 0.000102 0.098258 -0.320863 0.000060 -0.000025 -0.440834 -0.000024 0.000028 -0.000043 -0.000011 0.165011 -0.357379 0.407644 -0.000031 0.261258 0.000015 -0.000060 -0.000021 -0.244949 -0.000075
-0.005367 0.000003 -0.019134 -0.000010 0.159719 -0.000019 0.000017 0.000005 0.006339 -0.000050 -0.000018 0.000049 0.000009 0.000087 -0.000046 0.000032 0.237645 -0.218646 0.000022 0.000055 0.000005 0.000022 -0.000115 -0.000028 0.000030 0.000031 0.000114 0.000017 -0.000159 -0.004275 0.000016 0.101455 -0.000020 -0.000018 -0.000756 0.000042 -0.004367 -0.000081 0.000064 -0.092849 0.000021 0.000072 -0.000058 0.143707 -0.431888 0.000041 0.000023 -0.419890 -0.000022 0.000016 -0.000065 0.000007 0.112697 -0.264633 0.393546 -0.000013 0.247151 -0.000064 -0.000083 0.000091 -0.070337 -0.000001
0.000043 -0.000127 -0.018752 0.000094 0.087955 0.000051 -0.000027 -0.000053 -0.067421 0.000044 -0.000019 0.000107 -0.000043 0.000036 -0.000070 0.000019 0.298499 -0.209575 -0.000048 0.000040 0.000001 0.000024 0.000058 -0.000012 -0.000006 -0.000043 0.000198 -0.000069 -0.000009 -0.003889 0.000005 0.019287 0.000020 -0.000008 -0.000774 0.000018 -0.004734 -0.000005 0.000031 0.384061 0.000015 0.000009 -0.000059 0.128402 -0.129805 0.000094 -0.000008 -0.551641 0.000070 -0.000016 -0.000023 -0.000019 -0.092680 0.119973 0.006298 0.000035 -0.039530 0.000010 -0.000028 0.000025 0.169231 0.000059
0.000197 -0.000008 -0.020238 0.000028 0.196489 0.000014 0.000033 -0.000016 -0.153099 0.000021 0.000011 0.000020 0.000098 -0.000037 -0.000134 -0.000032 0.262944 0.105851 0.000057 -0.000072 -0.000002 -0.000052 0.000046 -0.000036 0.000048 0.000002 0.000198 0.000063 -0.000121 -0.003888 0.000057 -0.083343 -0.000087 0.000027 -0.000693 -0.000015 -0.004188 0.000052 -0.000026 0.083783 -0.000048 -0.000103 0.000048 0.134394 -0.059873 -0.000005 0.000033 -0.345874 0.000024 -0.000005 0.000014 0.000066 -0.116753 0.527952 -0.162128 0.000133 -0.207065 0.000032 0.000012 -0.000004 0.272063 0.000033
-0.000013 -0.000059 -0.018705 0.000017 0.136739 -0.000008 0.000037 0.000021 -0.098442 0.000109 0.000008 0.000056 -0.000034 -0.000044 0.000044 0.000016 0.128472 0.163268 0.000010 0.000058 0.000005 0.000057 0.000071 0.000015 -0.000021 -0.000031 0.000247 0.000063 -0.000251 -0.004361 0.000017 -0.318265 0.000086 0.000025 -0.000630 -0.000017 -0.004653 0.000049 0.000003 0.296216 -0.000093 -0.000011 -0.000065 0.150718 0.283757 -0.000109 0.000000 -0.372061 -0.000031 -0.000036 0.000052 0.000010 -0.110445 0.606395 -0.375005 0.000135 0.001732 -0.000016 0.000328 -0.000002 0.162537 0.000075
0.000008 -0.000054 -0.021590 -0.000059 -0.144750 -0.000043 -0.000000 -0.000005 0.106914 0.000021 -0.000024 0.000057 -0.000040 0.000026 -0.000023 0.000030 0.237856 0.205392 -0.000014 0.000029 0.000002 0.000018 0.000081 0.000022 -0.000019 0.000034 -0.000011 -0.000012 -0.000035 -0.005164 -0.000030 -0.449885 -0.000015 0.000048 -0.000815 0.000021 -0.006464 -0.000021 0.000036 0.181871 0.000030 0.000054 -0.000205 0.117078 0.274441 0.000057 -0.000035 -0.236621 0.000082 0.000019 -0.000036 0.000022 -0.158237 0.235342 -0.127695 0.000024 -0.036559 0.000022 0.000189 -0.000011 0.287798 -0.000020
-0.000003 0.000037 -0.022737 -0.000060 0.134416 0.000024 -0.000059 0.000011 -0.200464 0.000005 -0.000095 -0.000058 -0.000028 0.000102 -0.000071 -0.000037 0.001190 -0.001183 0.000061 0.000038 -0.000003 -0.000031 0.000048 0.000015 0.000018 -0.000060 0.000298 -0.000023 0.000005 -0.006534 -0.000035 -0.322594 -0.000019 0.000041 -0.000928 0.000005 -0.008379 0.000022 0.000061 -0.050191 -0.000031 0.000032 -0.000095 0.193774 -0.066372 -0.000086 -0.000009 -0.322221 -0.000024 -0.000041 0.000032 0.000039 -0.281161 -0.111108 0.209249 -0.000066 0.030296 -0.000027 0.000130 -0.000036 0.131419 -0.000068
0.000019 0.000027 -0.026579 -0.000064 0.045907 -0.000036 -0.000067 -0.000027 -0.264854 0.000099 -0.000027 0.000041 0.000028 0.000086 0.000011 0.000038 0.290360 0.071725 0.000002 -0.000004 -0.000006 0.000011 0.000009 0.000027 -0.000044 -0.000058 0.000263 0.000063 -0.000087 -0.005624 -0.000036 -0.033191 -0.000017 -0.000023 -0.000718 0.000032 -0.007096 0.000011 0.000028 -0.340756 0.000004 -0.000138 0.000010 0.099098 -0.178907 -0.000009 -0.000007 0.028721 0.000020 -0.000009 0.000025 0.000009 0.078867 -0.250936 0.017939 -0.000022 0.359497 0.000017 0.000115 -0.000000 0.212521 0.000034
0.000005 0.000061 -0.027568 -0.000022 0.077918 0.000083 -0.000048 -0.000030 -0.003126 -0.000026 0.000023 -0.000089 0.000091 -0.000039 0.000025 -0.000050 0.298112 0.133635 -0.000082 0.000017 -0.000004 0.000017 0.000072 -0.000021 0.000012 -0.000003 0.000095 -0.000087 -0.000075 -0.006049 -0.000028 0.018674 -0.000007 0.000041 -0.000507 0.000047 -0.006379 0.000081 -0.000008 -0.282024 0.000001 -0.000057 0.000004 0.067501 -0.154280 0.000062 -0.000036 0.064996 -0.000089 -0.000007 -0.000074 -0.000018 0.106091 -0.417371 -0.137789 0.000041 -0.120251 -0.000014 0.000141 0.000007 0.088915 -0.000117
0.000006 -0.000063 -0.029791 0.000019 0.150053 -0.000001 0.000015 -0.000040 -0.036301 -0.000027 -0.000045 0.000041 0.000055 0.000082 0.000125 -0.000033 0.293977 0.020326 0.000082 0.000011 -0.000004 0.000012 0.000126 0.000038 -0.000040 -0.000015 0.000089 -0.000025 0.000068 -0.005925 -0.000011 -0.074215 0.000109 0.000005 -0.000479 0.000012 -0.005403 -0.000022 -0.000072 -0.170371 0.000023 -0.000055 -0.000003 0.046788 -0.266058 0.000078 0.000043 0.220796 -0.000027 0.000018 -0.000054 0.000003 0.157484 -0.472866 0.027939 -0.000032 -0.118524 0.000012 -0.000056 -0.000004 0.284528 -0.000026
0.000068 0.000020 -0.028420 -0.000064 0.229157 -0.000073 0.000036 -0.000002 -0.136332 0.000171 -0.000023 -0.000037 0.000040 -0.000027 -0.000067 -0.000038 0.013703 0.129396 0.000094 0.000014 -0.000004 -0.000087 0.000027 -0.000029 0.000013 -0.000060 0.000287 0.000041 -0.000056 -0.006112 0.000005 -0.262167 -0.000037 -0.000026 -0.000576 -0.000006 -0.005739 -0.000064 0.000047 0.057628 0.000004 0.000017 -0.000083 0.077994 0.001337 0.000139 0.000046 0.017837 -0.000061 0.000004 0.000006 -0.000072 -0.063860 -0.496391 -0.078437 0.000049 -0.042327 -0.000033 0.000024 -0.000007 0.174340 0.000040
-0.000008 0.000020 -0.026883 -0.000063 0.549171 0.000053 0.000011 -0.000022 -0.421719 -0.000010 0.000019 0.000010 -0.000026 0.000087 -0.000026 -0.000018 -0.174214 0.107934 0.000046 -0.000003 -0.000007 -0.000016 0.000002 0.000027 -0.000038 -0.000024 0.000062 -0.000012 0.000102 -0.005911 0.000031 -0.350458 -0.000002 0.000039 -0.000500 0.000012 -0.005539 -0.000032 0.000022 0.120889 -0.000012 0.000000 -0.000048 0.125810 0.241097 0.000083 0.000013 0.004421 0.000030 0.000007 0.000029 -0.000038 -0.076308 -0.246376 -0.330599 -0.000006 0.492184 0.000027 -0.000397 -0.000060 -0.010651 -0.000008
0.000006 0.000075 -0.020507 -0.000033 0.075760 -0.000019 0.000078 0.000020 -0.195009 -0.000051 -0.000022 -0.000128 -0.000023 -0.000035 -0.000057 0.000021 -0.056501 0.172375 0.000069 -0.000016 -0.000016 0.000065 0.000022 -0.000039 -0.000007 -0.000060 0.000220 0.000014 -0.000015 -0.005851 -0.000013 -0.253354 0.000030 0.000042 -0.000536 -0.000048 -0.005144 0.000082 0.000033 0.086307 0.000039 -0.000037 -0.000152 0.091372 0.435891 0.000017 -0.000044 0.036784 -0.000066 0.000019 -0.000056 -0.000038 0.078491 0.171326 -0.602632 0.000032 0.293686 0.000005 -0.000031 0.000035 -0.074736 -0.000030
0.000049 0.000091 -0.019532 -0.000041 0.015476 0.000033 -0.000087 0.000095 -0.086456 0.000154 -0.000024 -0.000024 0.000046 0.000030 0.000046 -0.000013 0.166607 0.001962 0.000027 -0.000010 -0.000007 -0.000018 -0.000059 0.000017 0.000035 0.000033 0.000040 -0.000008 0.000055 -0.007439 0.000068 -0.182220 0.000038 -0.000046 -0.000629 0.000051 -0.005767 -0.000007 0.000020 0.072983 0.000023 0.000006 0.000046 0.107851 0.328400 -0.000075 -0.000016 -0.024773 0.000030 0.000005 -0.000028 -0.000026 0.083608 0.197183 -0.608573 0.000025 -0.015335 -0.000026 -0.000176 0.000007 -0.405659 0.000038
0.002400 -0.000091 -0.020449 -0.000042 -0.042167 0.000036 0.000032 0.000053 0.044670 -0.000098 0.000020 -0.000031 -0.000051 0.000022 -0.000072 -0.000050 0.186324 0.058486 -0.000056 -0.000062 0.000004 -0.000008 0.000101 0.000013 -0.000024 -0.000045 0.000194 0.000008 -0.000051 -0.007512 -0.000060 -0.069461 -0.000111 0.000034 -0.000372 -0.000005 -0.003833 -0.000047 0.000047 -0.156631 -0.000010 -0.000016 -0.000043 0.130334 0.088311 0.000085 0.000008 -0.170601 -0.000009 0.000021 0.000076 0.000011 0.209742 0.296038 -0.254755 0.000000 0.162629 0.000023 -0.000138 -0.000048 -0.423596 0.000054
0.005418 0.000030 -0.019827 0.000004 -0.134490 0.000021 0.000005 0.000029 0.175373 0.000007 0.000005 -0.000049 -0.000026 0.000035 -0.000059 -0.000016 0.022826 -0.102406 0.000139 0.000051 -0.000000 -0.000019 -0.000027 -0.000010 0.000021 -0.000030 0.000435 0.000064 0.000004 -0.007236 -0.000018 -0.065135 0.000023 -0.000027 -0.000359 -0.000025 -0.006126 0.000019 0.000018 0.179549 0.000016 0.000022 -0.000022 0.182087 0.003014 -0.000016 -0.000022 -0.073366 0.000037 -0.000014 0.000147 0.000024 0.053923 -0.027276 0.269564 0.000003 0.095289 0.000031 -0.000104 -0.000050 -0.243314 -0.000081
0.007106 -0.000003 -0.019430 -0.000083 -0.209518 -0.000058 0.000079 0.000030 0.028697 0.000004 -0.000033 0.000011 0.000066 0.000020 -0.000024 -0.000011 -0.006077 0.111931 0.000188 0.000060 -0.000014 0.000044 -0.000060 -0.000002 0.000059 0.000054 0.000263 -0.000045 0.000071 -0.005617 -0.000012 -0.110913 0.000002 0.000082 -0.000657 0.000028 -0.008722 0.000029 -0.000051 -0.009486 -0.000018 0.000077 0.000197 0.148825 0.290547 -0.000022 0.000006 0.011123 0.000028 -0.000006 0.000013 -0.000013 0.001528 0.077484 0.085552 0.000020 -0.024034 -0.000006 -0.000004 0.000033 -0.129173 0.000052
0.004154 0.000083 -0.020277 -0.000164 -0.227618 0.000029 0.000141 -0.000040 -0.090083 -0.000033 0.000075 -0.000108 -0.000058 -0.000009 -0.000049 0.000053 0.062775 0.269517 -0.000039 0.000077 0.000005 -0.000050 -0.000013 -0.000016 -0.000068 -0.000044 0.000169 -0.000052 0.000015 -0.006063 -0.000019 0.018238 -0.000024 -0.000009 -0.000618 0.000011 -0.009055 -0.000055 -0.000051 0.045641 -0.000030 0.000096 -0.000163 0.140895 0.505594 0.000097 0.000004 -0.030655 -0.000063 0.000007 0.000010 -0.000013 0.020245 0.063467 -0.158876 0.000009 -0.098057 0.000002 -0.000034 0.000001 -0.112275 0.000071
-0.000178 -0.000010 -0.019524 -0.000013 -0.090076 -0.000036 0.000016 0.000018 -0.061159 0.000001 -0.000024 -0.000017 -0.000072 -0.000100 -0.000051 -0.000039 -0.026206 0.117620 0.000119 0.000031 0.000008 0.000053 -0.000060 0.000060 0.000062 -0.000008 0.000169 0.000072 -0.000023 -0.003136 -0.000041 0.188759 0.000067 -0.000097 -0.000634 0.000092 -0.010843 -0.000023 0.000024 -0.199750 0.000003 -0.000007 -0.000009 0.119465 0.042402 -0.000052 0.000002 0.187653 0.000059 0.000030 0.000027 -0.000005 0.244575 -0.216370 -0.017810 0.000021 0.091487 0.000034 -0.000286 0.000036 -0.408531 0.000042
-0.000004 0.000013 -0.018077 0.000010 -0.045825 0.000004 -0.000108 -0.000015 -0.105677 -0.000110 0.000015 0.000021 -0.000081 -0.000125 -0.000065 -0.000009 -0.218376 -0.048190 -0.000115 -0.000023 0.000002 0.000053 -0.000054 0.000060 -0.000003 -0.000013 0.000206 -0.000003 -0.000102 -0.003391 -0.000068 0.338552 0.000024 0.000072 -0.000637 0.000012 -0.009606 0.000101 -0.000005 -0.124637 0.000023 0.000068 0.000023 0.125089 0.153448 -0.000066 0.000008 -0.003657 0.000021 0.000000 0.000029 -0.000019 0.153243 -0.343015 -0.014372 -0.000011 0.026925 0.000009 -0.000348 -0.000067 -0.705322 0.000026
-0.000023 -0.000007 -0.017020 0.000013 0.004239 0.000023 0.000054 0.000016 0.028967 0.000021 0.000157 0.000052 0.000027 -0.000085 -0.000032 0.000031 -0.141684 -0.051724 0.000076 0.000035 0.000004 0.000062 0.000020 -0.000007 -0.000001 0.000022 0.000314 0.000072 -0.000158 -0.003583 -0.000028 0.256356 0.000059 0.000017 -0.000582 0.000025 -0.008677 0.000047 0.000018 0.170731 0.000009 -0.000010 0.000022 0.019862 0.089527 -0.000032 0.000002 0.172555 0.000097 -0.000015 -0.000089 -0.000018 0.168897 -0.114423 -0.058871 0.000023 0.252973 0.000045 -0.000267 0.000031 -0.450405 -0.000007
-0.000008 -0.000037 -0.016851 0.000033 -0.104953 -0.000022 -0.000000 -0.000018 -0.008550 0.000044 -0.000003 -0.000048 0.000022 0.000087 -0.000086 0.000011 -0.189011 -0.062620 -0.000007 0.000059 -0.000001 0.000071 -0.000043 -0.000003 0.000024 0.000015 0.000166 -0.000018 -0.000069 -0.003043 0.000028 0.010911 -0.000020 0.000150 -0.000663 -0.000003 -0.008396 -0.000050 0.000029 0.013814 -0.000005 -0.000002 0.000043 0.040676 -0.064707 0.000038 -0.000005 0.027955 0.000055 0.000042 -0.000007 -0.000013 -0.009287 -0.050297 0.003156 -0.000045 0.148694 0.000045 -0.000434 0.000003 -0.208371 0.000003
0.000012 -0.000015 -0.021055 0.000040 -0.279444 0.000005 0.000056 0.000047 0.291430 0.000044 0.000025 -0.000138 -0.000053 0.000002 -0.000003 -0.000014 -0.109642 0.078132 -0.000101 0.000025 -0.000005 0.000023 -0.000025 -0.000022 0.000002 -0.000056 0.000140 0.000040 0.000003 -0.004071 0.000008 0.071176 -0.000069 0.000055 -0.000524 -0.000030 -0.006973 -0.000071 0.000016 0.010250 -0.000057 0.000025 0.000019 -0.000065 -0.345531 0.000032 -0.000013 -0.019639 -0.000011 0.000035 -0.000008 0.000029 -0.008360 0.107781 0.009192 -0.000002 -0.141271 -0.000018 -0.000265 0.000029 -0.166733 -0.000021
0.000005 -0.000036 -0.021887 -0.000100 -0.212487 0.000008 0.000043 -0.000018 0.013714 -0.000073 -0.000023 0.000049 0.000034 -0.000009 -0.000015 0.000005 -0.039464 0.081973 0.000010 -0.000019 -0.000009 -0.000047 -0.000034 0.000015 0.000032 -0.000041 0.000249 0.000022 0.000005 -0.005204 0.000010 0.198666 -0.000029 0.000016 -0.000582 -0.000006 -0.008812 -0.000031 0.000074 -0.003162 -0.000014 0.000048 -0.000014 0.004116 -0.403057 0.000032 -0.000013 -0.052887 -0.000082 -0.000016 -0.000038 -0.000008 0.003165 0.170768 -0.160750 0.000050 0.129819 0.000032 -0.000199 0.000015 -0.209581 0.000114
0.000023 0.000048 -0.023827 -0.000099 -0.419680 -0.000020 0.000108 0.000039 0.039092 -0.000018 -0.000019 -0.000062 0.000016 -0.000053 0.000001 -0.000018 -0.243054 0.129660 0.000015 -0.000021 0.000004 0.000036 -0.000076 0.000012 0.000040 -0.000032 0.000368 0.000036 0.000088 -0.005832 0.000013 0.123743 0.000043 -0.000045 -0.000765 0.000055 -0.010772 0.000166 -0.000037 -0.010905 -0.000047 0.000000 -0.000069 0.027988 -0.391724 -0.000008 -0.000019 -0.043430 0.000022 -0.000015 -0.000080 0.000025 -0.115826 0.005692 -0.060137 0.000025 0.381328 0.000009 -0.000223 0.000039 -0.097809 -0.000061
0.000161 -0.000034 -0.020665 0.000062 -0.372667 0.000049 -0.000054 0.000034 0.375830 0.000017 0.000012 -0.000007 -0.000016 0.000054 -0.000018 -0.000059 0.100349 0.387842 0.000011 -0.000026 -0.000005 -0.000067 0.000025 -0.000026 0.000023 0.000045 0.000118 -0.000081 -0.000018 -0.006336 0.000015 0.377307 -0.000018 0.000019 -0.000732 0.000011 -0.009704 -0.000037 -0.000018 0.461805 0.000005 -0.000038 0.000013 -0.055096 -0.028266 0.000080 0.000008 0.006685 0.000071 -0.000002 0.000115 0.000005 -0.004032 -0.392264 -0.224302 -0.000025 0.066033 -0.000033 -0.000342 -0.000068 0.094909 -0.000053
-0.000018 0.000106 -0.018781 0.000033 -0.382432 0.000030 -0.000124 0.000068 0.202490 0.000015 0.000021 -0.000041 -0.000010 0.000030 0.000156 -0.000015 0.159257 0.422410 0.000015 -0.000015 -0.000005 -0.000010 -0.000040 -0.000015 -0.000020 -0.000022 0.000270 -0.000069 0.000049 -0.009255 0.000002 0.034864 -0.000016 0.000065 -0.000741 -0.000012 -0.009448 -0.000008 0.000015 -0.078936 0.000019 -0.000033 0.000023 -0.002294 0.019403 -0.000001 -0.000027 -0.094315 0.000040 0.000021 -0.000133 -0.000009 -0.135854 0.025742 -0.297191 0.000014 0.160755 -0.000019 0.000038 0.000041 -0.109768 -0.000017
-0.000011 0.000041 -0.015570 -0.000013 -0.022991 -0.000053 0.000038 -0.000003 0.087854 0.000013 -0.000014 0.000049 0.000023 -0.000047 0.000156 0.000044 0.070742 0.326365 0.000032 -0.000043 0.000003 -0.000021 -0.000029 -0.000014 -0.000006 -0.000007 0.000123 0.000044 -0.000038 -0.011681 -0.000022 0.030538 -0.000066 0.000041 -0.000883 0.000024 -0.009332 0.000039 0.000031 -0.162646 -0.000058 -0.000020 -0.000025 0.000558 -0.056761 0.000080 -0.000028 -0.091851 -0.000048 0.000016 0.000037 0.000008 -0.201577 0.189670 -0.060115 0.000022 0.355105 0.000052 -0.000192 0.000031 -0.264790 0.000084
-0.000018 -0.000130 -0.015049 -0.000042 -0.022809 -0.000007 0.000022 0.000027 0.058438 0.000028 0.000066 -0.000001 0.000037 -0.000080 -0.000042 -0.000019 0.078193 0.044110 -0.000062 0.000005 -0.000004 0.000036 -0.000035 -0.000044 0.000009 -0.000066 0.000185 -0.000039 0.000115 -0.008642 -0.000032 -0.008579 -0.000018 -0.000031 -0.000937 -0.000017 -0.007774 0.000027 -0.000026 -0.317252 -0.000023 0.000020 0.000019 0.038655 -0.122805 -0.000031 -0.000020 -0.050828 0.000072 0.000022 0.000030 0.000009 -0.258520 0.379675 -0.127666 -0.000042 0.279004 0.000008 -0.000455 -0.000003 -0.120398 -0.000023
-0.000007 -0.000012 -0.016249 0.000027 0.222022 0.000004 -0.000047 0.000005 -0.048746 0.000045 0.000020 0.000120 -0.000070 0.000134 0.000028 -0.000003 0.295237 0.328285 -0.000004 0.000040 -0.000002 0.000028 0.000020 -0.000031 -0.000111 0.000033 0.000335 -0.000015 0.000126 -0.007270 -0.000027 -0.028696 0.000019 -0.000036 -0.000868 0.000019 -0.008873 -0.000081 -0.000084 -0.185834 -0.000014 -0.000045 0.000028 0.013620 -0.137248 -0.000018 -0.000010 0.022745 0.000018 -0.000012 -0.000048 -0.000025 -0.304017 0.235759 0.091671 -0.000037 0.209958 0.000012 -0.000404 0.000007 -0.148804 -0.000045
0.000138 -0.000019 -0.017673 0.000097 0.183252 0.000012 -0.000024 -0.000009 0.001031 0.000020 0.000017 -0.000041 -0.000029 -0.000053 0.000031 -0.000014 0.240890 -0.012469 -0.000067 0.000015 -0.000003 -0.000047 -0.000042 -0.000014 -0.000042 -0.000016 0.000357 0.000017 0.000028 -0.006372 0.000014 -0.112673 -0.000044 0.000046 -0.000765 -0.000009 -0.007757 0.000030 -0.000021 -0.167368 -0.000029 0.000074 -0.000008 0.055325 -0.387068 0.000051 -0.000001 0.091369 0.000030 0.000009 0.000073 -0.000012 -0.332247 0.027618 0.052828 -0.000008 0.005894 0.000020 -0.000099 -0.000012 0.121668 0.000038
-0.000045 -0.000002 -0.021941 0.000068 0.003540 0.000039 0.000018 -0.000154 0.192756 0.000075 0.000012 -0.000056 0.000025 0.000035 0.000004 0.000063 0.457311 -0.082171 -0.000088 0.000023 -0.000002 0.000053 -0.000011 -0.000016 0.000033 -0.000003 0.000123 0.000030 0.000016 -0.004059 0.000051 -0.069549 -0.000014 0.000030 -0.000908 -0.000004 -0.009007 -0.000063 -0.000003 -0.012610 0.000028 -0.000006 0.000027 -0.006391 -0.040215 -0.000048 0.000014 0.073649 -0.000012 -0.000021 -0.000153 0.000007 -0.089259 0.056830 0.007539 -0.000057 -0.088977 0.000017 0.000020 -0.000086 0.297298 -0.000031
-0.000011 0.000048 -0.020222 0.000091 0.204146 -0.000004 -0.000032 0.000019 -0.082669 -0.000176 0.000041 -0.000001 0.000004 -0.000012 0.000087 0.000054 0.169468 0.141227 -0.000058 0.000033 0.000004 0.000003 -0.000039 -0.000012 -0.000029 -0.000023 0.000071 0.000039 -0.000104 -0.000461 -0.000052 -0.037259 0.000058 -0.000014 -0.000963 -0.000012 -0.010300 0.000011 -0.000059 -0.097755 -0.000043 0.000015 -0.000028 -0.016574 -0.154405 0.000004 -0.000028 -0.024030 0.000022 0.000013 0.000062 0.000032 -0.045660 0.034724 -0.237028 -0.000024 0.154699 0.000056 -0.000349 -0.000165 0.353110 0.000024
0.000011 0.000119 -0.018503 -0.000102 -0.182067 -0.000033 -0.000000 0.000019 0.279019 0.000020 0.000042 0.000066 0.000078 0.000064 -0.000003 0.000039 0.027246 0.067247 0.000037 -0.000000 0.000006 -0.000040 -0.000094 -0.000003 -0.000028 -0.000032 0.000005 -0.000010 0.000026 -0.001609 -0.000031 0.014184 -0.000020 -0.000004 -0.000977 0.000014 -0.011733 0.000033 -0.000014 0.188167 0.000037 0.000065 -0.000060 -0.059702 0.023491 0.000111 0.000003 -0.032491 0.000094 0.000002 -0.000048 -0.000029 -0.019557 0.133228 -0.123263 0.000056 -0.003759 -0.000014 -0.000055 -0.000027 0.447573 0.000150
-0.000002 -0.000021 -0.016883 -0.000088 0.009140 0.000077 -0.000116 -0.000081 0.095818 -0.000028 0.000021 0.000005 -0.000090 -0.000053 0.000078 0.000102 -0.160656 0.214986 0.000010 0.000050 -0.000003 -0.000015 -0.000004 -0.000026 -0.000017 -0.000012 0.000213 0.000028 -0.000004 0.000591 -0.000063 -0.101721 0.000073 -0.000000 -0.000872 0.000006 -0.009948 0.000014 0.000024 -0.213970 -0.000019 0.000025 0.000154 -0.030445 -0.105309 -0.000003 0.000009 -0.219271 -0.000068 0.000008 0.000101 -0.000002 -0.002212 0.046207 -0.146783 -0.000004 -0.064200 -0.000017 -0.000136 -0.000024 0.167992 0.000013
-0.000004 -0.000035 -0.014787 -0.000038 -0.231673 0.000011 -0.000122 -0.000069 0.083474 0.000006 0.000090 0.000029 -0.000093 0.000009 -0.000102 0.000029 0.033934 0.136670 0.000045 -0.000034 0.000004 0.000053 -0.000014 -0.000015 -0.000033 -0.000026 0.000231 0.000048 -0.000047 0.000797 -0.000017 -0.151635 -0.000024 0.000014 -0.000918 0.000002 -0.007513 0.000023 -0.000030 -0.450433 0.000016 0.000077 0.000052 -0.047511 -0.162224 0.000086 0.000025 -0.256571 0.000040 -0.000031 0.000110 0.000007 0.052840 0.186101 -0.006942 -0.000081 -0.091786 0.000014 -0.000095 -0.000005 0.269141 0.000023
0.000004 0.000011 -0.013487 0.000012 -0.297824 0.000031 -0.000069 -0.000016 0.120958 -0.000052 0.000019 -0.000014 0.000020 -0.000081 0.000051 -0.000055 0.065787 0.061390 0.000047 0.000014 -0.000007 -0.000015 0.000054 -0.000041 0.000046 0.000002 0.000375 0.000108 0.000001 -0.000917 -0.000110 -0.196291 -0.000033 -0.000032 -0.000931 -0.000060 -0.004046 0.000051 -0.000038 -0.190024 0.000009 -0.000038 -0.000027 -0.010764 -0.045875 0.000023 -0.000017 -0.588037 0.000004 -0.000018 0.000030 -0.000012 -0.018829 -0.001787 -0.127048 -0.000024 0.104418 0.000026 -0.000301 0.000034 0.035348 -0.000062
-0.000367 -0.000057 -0.013974 -0.000010 0.030290 0.000084 -0.000008 0.000100 0.220913 0.000111 -0.000153 -0.000061 -0.000030 -0.000009 0.000045 -0.000021 0.212676 0.280919 -0.000023 -0.000030 0.000005 -0.000035 0.000071 -0.000012 0.000035 -0.000027 0.000320 0.000040 0.000138 -0.000015 0.000062 0.050584 0.000091 -0.000103 -0.000827 0.000077 -0.004108 0.000028 -0.000045 -0.046787 -0.000089 -0.000008 -0.000043 -0.075350 0.156266 -0.000020 0.000001 -0.159759 0.000085 0.000005 -0.000014 0.000024 0.254548 -0.070057 -0.130845 0.000002 0.113272 -0.000020 -0.000169 -0.000050 0.010462 -0.000050
-0.000001 0.000052 -0.016437 0.000039 -0.005717 -0.000018 0.000069 0.000047 0.186800 -0.000021 0.000157 -0.000013 -0.000077 -0.000033 0.000086 -0.000043 0.068939 0.241811 0.000053 0.000009 -0.000001 0.000023 -0.000076 0.000003 -0.000051 0.000006 0.000327 -0.000011 0.000096 0.000812 -0.000034 0.054672 -0.000041 -0.000044 -0.000747 -0.000024 -0.004698 0.000025 -0.000024 -0.123629 -0.000001 -0.000038 -0.000023 -0.041811 0.144873 -0.000002 0.000028 -0.133273 0.000043 -0.000012 0.000049 0.000010 0.199900 0.081749 0.053918 -0.000035 0.077366 0.000023 -0.000282 0.000016 -0.192053 0.000027
-0.000016 -0.000050 -0.019480 0.000045 -0.156719 0.000037 0.000051 -0.000007 -0.024860 -0.000047 0.000041 -0.000076 0.000000 0.000029 -0.000027 0.000015 0.195211 0.228398 0.000239 -0.000004 -0.000002 -0.000067 -0.000037 -0.000004 0.000008 -0.000014 0.000343 -0.000066 0.000030 0.000583 0.000029 -0.103840 0.000028 0.000028 -0.000659 0.000046 -0.005962 0.000050 0.000010 -0.513715 -0.000011 -0.000025 0.000024 -0.022024 0.152300 0.000093 -0.000007 0.086928 0.000165 -0.000010 -0.000010 -0.000007 0.168396 0.256963 0.656026 0.000027 0.079733 -0.000015 0.000244 0.000014 -0.194740 -0.000023
0.000011 0.000019 -0.018393 0.000033 -0.389245 0.000052 0.000001 0.000002 -0.057021 0.000075 -0.000070 -0.000067 0.000085 -0.000064 -0.000057 -0.000010 -0.021418 0.151729 -0.000091 0.000008 -0.000006 -0.000042 0.000033 -0.000048 0.000028 -0.000001 0.000323 -0.000010 -0.000023 0.000439 -0.000026 -0.050606 0.000062 0.000039 -0.000652 0.000026 -0.009282 0.000049 0.000021 -0.393961 0.000000 -0.000055 0.000035 -0.029817 0.366480 0.000068 -0.000030 0.171993 0.000160 0.000019 0.000181 -0.000009 0.138516 0.378312 0.207155 0.000017 -0.135112 -0.000006 0.000010 0.000095 -0.171683 0.000087
0.000009 0.000051 -0.018595 -0.000008 -0.726772 -0.000022 0.000002 -0.000027 -0.166444 0.000002 -0.000070 0.000048 -0.000035 0.000029 0.000007 0.000033 -0.230765 -0.112768 0.000013 -0.000019 0.000006 0.000044 0.000061 0.000011 -0.000002 0.000016 0.000190 0.000021 0.000007 0.000459 0.000008 -0.309214 0.000039 0.000065 -0.000744 -0.000009 -0.009721 0.000019 0.000040 -0.011125 0.000027 0.000083 -0.000020 0.001375 0.444347 -0.000023 -0.000013 0.120832 0.000075 0.000000 -0.000042 -0.000009 -0.263152 0.241993 0.110553 0.000028 -0.187383 -0.000030 -0.000631 0.000013 -0.283979 -0.000075
-0.000000 -0.000028 -0.020970 -0.000017 -0.522791 0.000057 0.000128 0.000025 -0.235026 -0.000032 -0.000028 -0.000056 -0.000022 0.000094 -0.000028 -0.000024 -0.188180 0.052423 0.000109 0.000020 0.000024 0.000020 -0.000097 0.000039 -0.000036 0.000024 0.000047 0.000030 0.000066 -0.000178 -0.000042 -0.107542 -0.000067 0.000006 -0.000706 0.000012 -0.008524 -0.000011 -0.000004 -0.099767 0.000025 0.000042 -0.000096 -0.002863 0.266731 0.000032 0.000006 0.093450 0.000021 -0.000004 -0.000009 -0.000019 0.007563 0.312767 -0.053659 0.000008 0.009469 -0.000059 -0.000498 -0.000071 -0.253951 -0.000113
-0.000008 -0.000098 -0.022428 0.000025 -0.785710 -0.000030 -0.000045 0.000017 -0.163616 -0.000043 0.000025 0.000029 0.000018 -0.000016 0.000023 -0.000019 -0.060158 0.211667 0.000023 0.000027 0.000008 0.000019 0.000007 -0.000004 -0.000013 -0.000015 0.000316 0.000014 -0.000139 0.000715 -0.000047 -0.065290 -0.000009 0.000022 -0.000962 -0.000035 -0.007070 -0.000024 0.000010 0.178799 0.000014 -0.000039 -0.000102 -0.017449 0.434265 -0.000089 0.000013 0.091092 0.000061 -0.000019 -0.000023 0.000047 0.005545 0.115272 -0.005087 0.000042 -0.132985 -0.000013 -0.000197 -0.000013 -0.355932 -0.000036
0.000043 0.000015 -0.019940 -0.000002 -0.888041 0.000068 0.000120 0.000028 -0.141716 -0.000083 -0.000082 -0.000062 0.000011 0.000105 0.000007 -0.000012 -0.015061 0.275336 -0.000047 -0.000031 -0.000009 -0.000007 0.000016 -0.000026 -0.000065 0.000049 0.000123 0.000050 -0.000099 0.000701 -0.000070 -0.124646 0.000021 0.000010 -0.000977 0.000007 -0.004539 0.000082 -0.000071 0.087118 0.000012 0.000050 0.000034 0.000643 0.393369 -0.000112 0.000019 0.115898 -0.000071 0.000014 0.000056 -0.000003 -0.064208 -0.073194 -0.050906 0.000032 -0.265749 -0.000059 0.000075 0.000038 -0.326751 0.000071
-0.000039 0.000003 -0.019760 -0.000009 -0.807757 -0.000028 0.000058 -0.000028 -0.146711 0.000064 0.000059 -0.000009 0.000090 -0.000066 0.000060 -0.000005 0.120156 0.208580 -0.000033 0.000013 0.000003 0.000056 -0.000020 0.000013 -0.000016 0.000029 0.000293 -0.000029 0.000152 0.000882 -0.000016 0.051040 -0.000034 0.000074 -0.000641 0.000041 -0.003287 0.000018 0.000032 0.124871 -0.000008 -0.000034 -0.000127 -0.001436 0.040724 0.000109 -0.000009 0.250285 -0.000004 0.000019 -0.000038 0.000009 0.106830 0.020264 -0.047609 -0.000015 0.148618 0.000011 0.000006 0.000012 -0.095071 0.000045
-0.000003 -0.000077 -0.018806 -0.000018 -0.218344 -0.000014 0.000036 0.000064 -0.316638 0.000026 -0.000083 -0.000061 0.000031 -0.000088 -0.000057 0.000030 -0.169269 0.234622 0.000048 -0.000057 0.000003 0.000072 0.000037 -0.000060 -0.000011 -0.000109 -0.000003 -0.000024 -0.000046 -0.001140 0.000118 0.148296 0.000097 -0.000062 -0.000607 -0.000006 -0.003158 0.000040 -0.000069 -0.052863 -0.000056 0.000011 -0.000038 0.011685 0.043712 0.000086 -0.000032 0.111240 -0.000033 0.000008 0.000025 0.000008 -0.003898 0.067437 0.056388 0.000090 0.176231 -0.000011 0.000010 0.000020 -0.304080 -0.000069
-0.000022 -0.000029 -0.019631 -0.000032 -0.015051 0.000122 0.000009 0.000070 -0.289875 0.000046 -0.000022 0.000010 0.000018 -0.000019 0.000051 -0.000018 -0.095261 0.349467 0.000024 -0.000034 0.000000 0.000023 -0.000017 0.000025 0.000040 0.000035 0.000326 0.000007 0.000012 -0.001149 0.000032 0.292290 0.000021 0.000008 -0.000515 -0.000018 -0.004836 0.000015 -0.000049 -0.017418 -0.000032 0.000033 0.000081 0.012923 0.045103 -0.000005 0.000017 0.093330 0.000047 0.000049 -0.000025 -0.000012 -0.004178 0.034016 0.138835 -0.000017 -0.044578 0.000014 0.000113 -0.000034 -0.259828 -0.000070
0.000005 0.000035 -0.019074 0.000016 0.175096 0.000009 -0.000072 0.000003 -0.205658 -0.000030 0.000041 0.000075 -0.000035 -0.000003 -0.000054 0.000028 -0.294097 0.313208 0.000096 0.000072 -0.000003 -0.000088 0.000057 0.000063 0.000048 0.000056 0.000208 -0.000023 0.000040 -0.004195 0.000068 0.117342 0.000002 0.000054 -0.000488 0.000093 -0.002641 -0.000048 -0.000009 0.040932 -0.000013 0.000005 0.000019 0.020031 0.096266 0.000058 -0.000013 -0.055583 0.000090 -0.000009 0.000005 -0.000006 -0.060731 -0.163262 0.038653 -0.000004 0.262722 -0.000053 0.000245 -0.000003 0.090745 0.000018
0.000002 -0.000037 -0.017034 -0.000042 -0.384124 0.000037 0.000190 -0.000054 0.023102 -0.000025 -0.000065 0.000075 -0.000082 0.000030 0.000053 -0.000011 -0.278671 0.094052 0.000177 -0.000017 -0.000007 0.000086 0.000073 0.000009 -0.000005 0.000038 0.000037 -0.000119 -0.000106 -0.004382 0.000041 -0.009849 0.000019 -0.000036 -0.000310 0.000011 -0.002319 -0.000030 -0.000069 -0.047961 0.000065 0.000074 0.000106 0.122314 0.100069 0.000038 -0.000005 -0.135199 0.000020 -0.000027 0.000027 0.000031 -0.139422 -0.322359 0.355688 -0.000136 -0.008358 -0.000034 0.000193 0.000000 0.086785 -0.000023
-0.000005 0.000029 -0.014759 -0.000017 -0.219199 0.000038 0.000038 0.000020 -0.097908 -0.000028 -0.000015 0.000024 -0.000039 0.000064 -0.000057 -0.000028 -0.064565 0.101632 -0.000004 0.000027 0.000004 -0.000025 0.000011 0.000004 0.000012 -0.000076 0.000233 -0.000031 -0.000103 -0.003482 -0.000060 0.279255 -0.000018 -0.000007 -0.000310 -0.000005 -0.001856 0.000086 0.000008 -0.139773 -0.000008 0.000021 -0.000041 0.078697 0.033931 0.000054 -0.000012 0.148943 -0.000086 0.000004 -0.000019 -0.000024 0.079879 -0.464379 0.189576 0.000016 -0.010125 0.000016 -0.000313 0.000035 0.085067 -0.000116
0.000002 -0.000018 -0.013283 -0.000012 -0.067341 0.000015 -0.000038 -0.000072 -0.399039 -0.000035 -0.000015 0.000031 -0.000055 -0.000036 0.000061 -0.000019 0.060177 0.414682 0.000006 -0.000044 0.000017 0.000001 -0.000113 0.000025 -0.000001 0.000073 0.000230 -0.000011 -0.000054 -0.001784 -0.000021 0.397302 0.000017 0.000068 -0.000320 0.000036 -0.003533 -0.000082 0.000001 -0.242187 0.000012 -0.000034 0.000039 0.018823 0.052533 0.000019 0.000001 0.282627 0.000072 0.000002 0.000028 0.000017 0.167709 -0.191583 0.116468 -0.000104 -0.411960 -0.000006 -0.000192 -0.000018 -0.217417 -0.000117
-0.000001 0.000117 -0.013386 -0.000084 -0.266949 -0.000095 0.000137 0.000112 -0.610091 0.000016 -0.000093 0.000054 -0.000057 0.000036 0.000066 -0.000035 -0.135429 0.130393 0.000016 -0.000044 0.000002 -0.000011 -0.000028 0.000030 -0.000058 -0.000041 0.000168 -0.000034 0.000031 -0.001029 0.000064 0.209808 -0.000015 0.000019 -0.000688 -0.000005 -0.004828 -0.000004 0.000058 -0.188049 0.000015 0.000084 0.000030 0.065995 -0.300499 -0.000118 -0.000027 0.165149 0.000044 0.000035 -0.000085 0.000011 0.052862 0.099331 0.126192 -0.000021 -0.717400 0.000041 0.000052 -0.000016 -0.315128 -0.000018
-0.000004 0.000049 -0.012587 -0.000045 -0.361732 -0.000021 -0.000020 0.000051 -0.381094 -0.000027 -0.000034 0.000067 0.000009 -0.000023 0.000080 0.000052 -0.281192 0.189245 -0.000022 -0.000003 -0.000008 0.000003 0.000142 -0.000001 0.000070 -0.000013 0.000403 0.000027 -0.000065 0.000676 0.000026 0.264202 0.000016 0.000059 -0.000890 -0.000044 -0.008688 0.000052 0.000013 -0.010352 0.000015 -0.000047 -0.000007 0.019679 -0.125694 -0.000099 0.000003 0.064684 0.000020 -0.000007 0.000045 -0.000008 -0.035171 0.009323 0.097186 0.000025 -1.044665 0.000041 -0.000406 -0.000041 -0.028604 0.000019
0.000012 -0.000031 -0.014870 -0.000066 -0.634172 0.000057 0.000047 -0.000046 -0.327499 0.000007 0.000043 -0.000037 0.000055 0.000011 -0.000001 -0.000020 -0.222480 0.110470 0.000012 0.000036 -0.000002 0.000127 0.000107 -0.000004 0.000015 0.000006 0.000315 -0.000002 0.000008 0.000566 -0.000007 0.350307 -0.000001 0.000001 -0.000769 -0.000047 -0.010277 0.000097 0.000020 0.032745 -0.000024 -0.000012 -0.000020 0.006337 -0.331263 -0.000020 -0.000004 0.002351 0.000010 -0.000010 -0.000043 -0.000021 0.136524 0.101454 0.026154 -0.000081 -0.923824 -0.000022 -0.000087 -0.000016 0.083555 -0.000045
0.000019 -0.000078 -0.014802 -0.000040 -0.257774 0.000084 -0.000063 -0.000042 -0.130234 -0.000041 0.000062 0.000021 -0.000074 -0.000056 0.000051 0.000005 -0.314633 -0.014314 0.000004 0.000023 0.000002 -0.000009 0.000035 -0.000030 -0.000040 -0.000028 0.000217 0.000030 0.000010 -0.000380 0.000032 0.044874 -0.000060 0.000034 -0.000823 0.000017 -0.011371 0.000080 0.000119 0.035039 0.000028 0.000043 0.000128 0.031059 -0.256553 0.000036 0.000003 -0.145478 0.000046 0.000009 -0.000063 -0.000046 0.019308 0.023578 0.084157 -0.000013 -1.098547 -0.000018 -0.000043 -0.000024 0.027787 0.000083
0.000000 0.000060 -0.016627 0.000050 -0.052399 0.000006 -0.000060 -0.000013 -0.196555 -0.000045 0.000015 -0.000042 0.000024 0.000095 -0.000032 0.000046 0.007319 0.030268 -0.000065 0.000011 -0.000002 -0.000057 0.000002 -0.000002 -0.000002 0.000059 0.000381 0.000100 -0.000018 0.000075 0.000037 0.149435 0.000017 0.000008 -0.000928 0.000021 -0.013157 -0.000031 -0.000070 0.071650 0.000029 0.000004 0.000080 0.003009 -0.267657 0.000027 0.000002 -0.161106 0.000007 0.000013 0.000093 -0.000013 0.305055 0.182620 -0.055698 0.000137 -0.780288 0.000031 -0.000544 0.000111 0.010958 -0.000098
-0.000022 -0.000031 -0.017982 -0.000026 0.249629 0.000004 0.000098 -0.000030 -0.051879 0.000019 0.000080 0.000083 0.000055 0.000060 0.000016 0.000029 0.040654 0.423612 -0.000004 0.000014 0.000001 -0.000044 0.000010 -0.000028 0.000006 0.000012 0.000172 0.000013 -0.000078 -0.000064 0.000049 0.201983 -0.000014 -0.000005 -0.000894 -0.000013 -0.014398 0.000068 -0.000048 0.107672 0.000006 -0.000042 -0.000055 -0.000250 -0.196787 -0.000021 -0.000005 -0.154613 -0.000169 -0.000019 -0.000056 0.000018 0.455521 0.109059 -0.179008 -0.000044 -0.458363 -0.000044 -0.001009 0.000014 -0.134721 -0.000066
0.000004 0.000020 -0.020898 0.000030 0.394390 -0.000021 -0.000129 -0.000016 -0.244371 0.000006 -0.000035 -0.000015 0.000002 -0.000082 0.000028 -0.000016 -0.312373 0.082270 0.000001 -0.000025 0.000004 0.000000 0.000066 -0.000011 0.000041 -0.000014 0.000250 -0.000008 -0.000040 -0.000053 -0.000110 -0.030700 0.000035 -0.000021 -0.000701 -0.000046 -0.014190 -0.000064 -0.000071 -0.038548 -0.000012 0.000058 -0.000044 0.041591 -0.335865 0.000061 0.000015 -0.180888 0.000024 0.000009 -0.000032 0.000037 0.224369 -0.055506 -0.149553 -0.000000 -0.015684 0.000019 -0.000961 -0.000021 -0.035713 -0.000035
-0.000000 0.000062 -0.023217 -0.000026 0.216866 -0.000045 -0.000094 0.000029 -0.031150 0.000066 -0.000071 -0.000031 -0.000067 0.000002 0.000087 0.000008 -0.051720 -0.061980 -0.000035 -0.000010 -0.000015 0.000002 0.000011 0.000005 0.000024 0.000013 0.000154 0.000005 0.000014 -0.000228 -0.000023 0.012099 -0.000089 -0.000007 -0.000660 -0.000002 -0.011621 -0.000075 -0.000038 0.133629 -0.000001 0.000021 -0.000030 0.004413 -0.530929 -0.000028 -0.000004 -0.025239 0.000078 0.000005 -0.000036 -0.000015 0.350944 0.079553 -0.061846 0.000023 0.209059 0.000018 -0.000365 -0.000017 0.068318 -0.000082
-0.000011 0.000062 -0.024045 -0.000006 0.073270 0.000058 0.000010 -0.000020 0.192667 0.000043 -0.000056 0.000038 -0.000039 -0.000070 0.000031 0.000024 0.003134 -0.006944 -0.000032 -0.000021 0.000012 -0.000132 -0.000027 0.000012 0.000039 -0.000107 0.000241 -0.000041 0.000001 0.000190 0.000018 -0.100077 0.000037 -0.000014 -0.000537 -0.000021 -0.011851 -0.000054 0.000015 0.283691 -0.000029 -0.000026 0.000011 0.002949 -0.300489 -0.000192 -0.000003 0.004829 -0.000047 -0.000009 -0.000096 0.000019 0.193058 -0.259932 0.073419 -0.000059 0.229115 -0.000031 -0.000650 -0.000018 -0.008300 -0.000019
0.000074 0.000020 -0.024626 -0.000020 0.074436 -0.000004 0.000054 0.000067 0.213258 0.000062 -0.000006 -0.000068 0.000023 -0.000084 0.000122 0.000020 0.149756 -0.108499 0.000083 0.000020 0.000007 -0.000016 -0.000034 -0.000031 -0.000001 -0.000020 0.000126 -0.000010 -0.000066 0.000621 0.000017 -0.159858 0.000039 0.000020 -0.000386 0.000043 -0.011856 -0.000030 -0.000083 0.148738 -0.000049 -0.000022 0.000012 0.002855 -0.374196 0.000044 -0.000007 0.000290 0.000043 0.000013 -0.000127 0.000019 0.172095 -0.402422 0.279117 0.000067 0.324147 0.000014 -0.000091 -0.000068 0.074236 0.000043
-0.000010 0.000080 -0.020772 -0.000039 0.070386 0.000025 -0.000037 -0.000039 0.143605 0.000150 0.000036 -0.000063 -0.000006 -0.000050 -0.000066 -0.000055 0.036806 -0.086082 -0.000059 0.000036 -0.000005 -0.000037 -0.000014 0.000056 -0.000018 -0.000006 0.000324 -0.000035 0.000067 0.000680 0.000022 -0.057608 -0.000053 0.000051 -0.000457 0.000018 -0.012031 0.000012 -0.000055 0.150266 -0.000016 0.000005 0.000025 0.001200 -0.502188 -0.000048 -0.000004 0.054897 0.000051 -0.000000 -0.000018 -0.000008 0.168490 -0.338484 0.532781 -0.000143 -0.075688 0.000045 -0.000532 -0.000011 0.112236 0.000003
0.000012 0.000165 -0.017767 0.000051 0.385435 -0.000005 0.000039 -0.000026 0.098048 -0.000158 0.000027 -0.000033 -0.000052 -0.000023 -0.000027 0.000032 0.015691 -0.005096 -0.000025 -0.000073 0.000006 0.000025 0.000035 -0.000041 0.000040 0.000023 0.000260 -0.000038 0.000020 0.000713 0.000019 -0.132928 -0.000014 0.000011 -0.000464 0.000038 -0.011225 0.000081 0.000004 -0.005215 -0.000014 0.000017 -0.000024 -0.001312 -0.342534 0.000016 0.000021 0.305483 0.000045 0.000010 0.000026 -0.000023 0.010236 -0.261859 0.542363 0.000003 -0.474813 -0.000039 -0.000538 0.000037 0.280451 0.000047
0.000006 0.000061 -0.018567 -0.000046 0.394086 0.000029 -0.000071 -0.000013 -0.171315 0.000007 -0.000030 0.000015 -0.000064 0.000017 0.000063 0.000035 0.262990 -0.049792 0.000009 0.000037 0.000002 -0.000009 0.000030 -0.000011 0.000030 0.000039 0.000342 0.000057 -0.000152 0.000704 -0.000022 -0.049083 -0.000002 -0.000036 -0.000699 0.000006 -0.012353 0.000001 -0.000018 0.001408 0.000012 -0.000023 -0.000012 0.001009 -0.303187 -0.000045 -0.000019 0.182057 0.000053 -0.000022 -0.000036 0.000008 0.131735 -0.262758 0.270669 -0.000018 -0.530221 -0.000038 -0.000377 -0.000015 -0.006747 -0.000044
-0.000004 -0.000049 -0.020167 -0.000044 0.403879 0.000101 0.000030 0.000002 0.026895 0.000023 0.000003 0.000101 -0.000035 -0.000077 0.000066 0.000012 -0.110055 0.008398 0.000030 0.000111 -0.000016 0.000062 -0.000046 0.000009 -0.000026 0.000019 0.000272 -0.000003 0.000150 0.000203 -0.000051 -0.491073 0.000066 0.000013 -0.000646 -0.000023 -0.013796 0.000012 0.000048 -0.006708 -0.000034 0.000083 0.000065 0.020022 -0.355376 -0.000170 -0.000031 0.067203 0.000101 -0.000010 0.000008 -0.000012 -0.088802 0.088602 0.239326 -0.000027 -0.145797 -0.000028 -0.000152 0.000097 0.176733 -0.000054
-0.000023 -0.000121 -0.021905 -0.000065 0.188365 -0.000077 -0.000038 -0.000012 0.090452 -0.000032 0.000041 0.000030 -0.000015 -0.000056 -0.000100 -0.000026 0.022812 0.042440 0.000084 0.000029 -0.000001 -0.000014 0.000161 -0.000047 -0.000009 0.000001 0.000240 -0.000017 0.000083 0.000625 0.000026 -0.565983 0.000020 0.000029 -0.000732 -0.000039 -0.013476 -0.000034 -0.000030 -0.261388 -0.000010 -0.000061 -0.000021 0.014059 0.041357 0.000036 -0.000049 0.137880 0.000073 0.000008 -0.000108 -0.000018 -0.035599 0.329944 -0.057648 -0.000013 0.002945 0.000022 -0.000283 -0.000019 0.202218 0.000004
-0.000084 0.000040 -0.019825 -0.000057 -0.060746 -0.000034 -0.000026 -0.000014 0.250550 0.000023 -0.000100 -0.000025 -0.000022 -0.000003 0.000011 0.000043 -0.036312 0.183132 0.000001 -0.000038 0.000006 -0.000007 -0.000065 -0.000027 -0.000055 0.000034 0.000021 0.000014 0.000074 -0.000184 -0.000036 -0.499689 -0.000024 -0.000067 -0.000920 0.000023 -0.016283 -0.000041 0.000049 -0.350241 -0.000013 0.000082 0.000039 0.002163 0.210943 -0.000008 0.000015 0.263798 -0.000073 -0.000022 -0.000216 0.000028 0.044359 0.229507 -0.302263 0.000003 0.254305 0.000064 -0.000796 -0.000007 0.270646 -0.000019
-0.000008 -0.000010 -0.016770 0.000005 -0.025415 0.000009 0.000045 0.000052 0.200681 -0.000029 0.000015 -0.000051 0.000043 -0.000058 -0.000025 -0.000030 -0.030878 0.271802 -0.000001 -0.000029 0.000011 0.000016 0.000035 -0.000024 0.000021 0.000068 0.000161 -0.000017 -0.000200 0.000003 0.000057 -0.474267 0.000007 0.000005 -0.000804 -0.000006 -0.016821 -0.000038 -0.000027 -0.486212 0.000003 0.000048 -0.000065 0.000791 0.488068 0.000033 -0.000015 0.250022 0.000022 -0.000000 -0.000086 -0.000067 0.039120 0.159741 -0.226688 0.000016 0.215282 -0.000056 -0.000959 -0.000026 0.004057 0.000006
0.000010 -0.000077 -0.013782 -0.000042 -0.200070 0.000017 0.000026 -0.000013 0.183883 -0.000000 -0.000025 0.000021 -0.000070 0.000062 -0.000011 0.000014 -0.043264 0.017247 0.000024 0.000002 -0.000012 -0.000029 0.000032 -0.000045 -0.000029 0.000021 -0.000134 0.000037 0.000024 0.000045 0.000034 -0.443487 -0.000042 -0.000212 -0.000731 0.000050 -0.019167 -0.000028 -0.000045 -0.310851 -0.000026 -0.000019 -0.000065 0.001268 0.531768 0.000034 0.000005 0.193614 -0.000181 0.000003 0.000034 -0.000000 -0.026443 0.176278 0.014920 -0.000038 -0.488294 -0.000121 -0.000315 0.000020 0.178209 -0.000042
-0.000011 0.000011 -0.014110 0.000031 -0.053203 -0.000072 -0.000045 -0.000041 0.059576 0.000064 0.000047 -0.000047 0.000087 0.000039 0.000029 -0.000032 -0.025521 0.142388 0.000003 -0.000074 0.000004 -0.000010 -0.000030 0.000021 0.000033 0.000029 0.000187 -0.000034 0.000114 -0.000211 -0.000128 -0.134222 0.000039 0.000026 -0.000741 0.000007 -0.020360 0.000085 0.000053 -0.506518 0.000023 -0.000020 -0.000007 0.003002 0.010111 0.000174 -0.000018 0.118451 -0.000094 0.000026 0.000023 -0.000003 0.072259 0.162699 -0.115140 -0.000162 -0.377375 0.000038 -0.000132 0.000009 -0.014117 -0.000044
-0.000002 -0.000084 -0.014870 -0.000093 0.015150 -0.000022 0.000164 -0.000070 0.108956 -0.000079 0.000058 0.000022 0.000063 -0.000009 0.000042 -0.000031 0.099366 0.069469 0.000014 -0.000016 0.000006 -0.000025 -0.000088 0.000009 -0.000042 0.000015 0.000122 0.000022 -0.000193 -0.000242 0.000020 0.018643 -0.000066 -0.000003 -0.000719 0.000040 -0.022482 -0.000009 0.000017 -0.231663 -0.000012 0.000032 -0.000020 0.001525 0.149048 -0.000012 -0.000011 0.256538 -0.000023 0.000004 -0.000041 -0.000006 0.154582 -0.234508 -0.081889 -0.000050 -0.206265 -0.000066 -0.000938 0.000014 -0.076786 -0.000054
-0.000000 -0.000023 -0.016724 -0.000059 -0.065396 0.000020 -0.000032 0.000025 0.029876 0.000016 -0.000036 -0.000004 -0.000016 0.000026 -0.000003 -0.000014 0.292639 0.200873 0.000089 -0.000013 -0.000008 0.000047 -0.000038 0.000015 0.000058 0.000015 0.000198 -0.000030 0.000006 0.000388 0.000090 0.215343 0.000006 0.000107 -0.000718 -0.000007 -0.021357 -0.000045 -0.000047 -0.468538 0.000026 -0.000059 0.000038 0.001142 0.050411 -0.000109 0.000010 0.282592 -0.000049 0.000021 0.000044 -0.000027 0.244653 -0.593814 0.080498 0.000035 0.111810 0.000029 -0.001414 -0.000116 -0.162525 -0.000056
0.000004 0.000076 -0.017807 0.000017 -0.280289 -0.000002 0.000030 0.000017 -0.001583 -0.000027 0.000075 0.000049 -0.000072 0.000057 -0.000039 0.000011 -0.003406 -0.170267 -0.000037 0.000017 0.000012 0.000052 0.000046 -0.000016 -0.000060 0.000026 0.000127 0.000029 -0.000035 0.000735 -0.000064 0.013775 -0.000083 0.000026 -0.000866 -0.000011 -0.019959 0.000020 0.000042 -0.361001 -0.000006 -0.000016 0.000075 0.029186 0.152519 0.000008 -0.000002 0.073717 -0.000029 0.000011 -0.000059 -0.000010 -0.066936 -0.961522 0.366531 0.000135 -0.036641 0.000021 -0.000921 0.000038 -0.001941 0.000017
-0.000004 0.000103 -0.018172 0.000038 -0.154282 0.000003 0.000041 0.000018 -0.032758 -0.000152 -0.000021 0.000144 -0.000018 0.000055 -0.000024 -0.000029 0.082161 0.048229 0.000003 -0.000008 -0.000003 0.000000 0.000021 0.000037 -0.000001 -0.000035 0.000277 0.000000 0.000032 0.000657 -0.000002 0.212429 0.000024 -0.000152 -0.000798 0.000017 -0.019235 0.000026 -0.000036 -0.148728 -0.000038 0.000054 -0.000042 0.011511 -0.026262 -0.000033 -0.000008 -0.165088 0.000005 -0.000005 -0.000004 0.000039 -0.029368 -1.163917 0.275040 0.000104 0.024222 -0.000003 -0.000540 -0.000022 0.066965 0.000075
-0.000015 -0.000099 -0.017825 -0.000004 0.027026 -0.000045 0.000061 -0.000028 -0.175174 -0.000044 -0.000051 -0.000019 0.000020 0.000043 -0.000093 0.000015 -0.360085 0.056116 -0.000017 -0.000035 -0.000007 -0.000040 -0.000014 -0.000006 -0.000014 -0.000018 0.000288 -0.000002 0.000027 0.000733 0.000015 0.114650 0.000065 -0.000023 -0.000591 -0.000025 -0.017730 -0.000053 0.000039 -0.249879 -0.000028 0.000028 0.000081 0.016233 0.084716 0.000048 -0.000020 -0.180712 0.000025 0.000019 0.000023 -0.000000 -0.012617 -0.920426 0.268048 0.000020 0.120705 0.000069 -0.000777 -0.000035 0.191296 -0.000116
-0.000024 0.000035 -0.016022 0.000027 -0.113625 0.000060 -0.000042 -0.000055 -0.087202 0.000016 -0.000005 -0.000055 -0.000100 0.000077 -0.000034 -0.000014 -0.120216 -0.056238 0.000007 -0.000062 0.000002 -0.000016 0.000037 -0.000045 -0.000019 0.000039 0.000034 0.000011 0.000130 0.000702 0.000017 0.227213 0.000019 -0.000028 -0.000446 0.000026 -0.016014 -0.000036 0.000028 0.257588 0.000024 0.000076 0.000049 -0.014245 0.017309 -0.000025 -0.000018 0.102536 0.000091 -0.000006 -0.000101 -0.000035 0.204658 -0.727434 0.140656 -0.000021 -0.158120 -0.000009 -0.000441 -0.000023 0.332018 -0.000086
-0.000012 0.000026 -0.015473 -0.000064 0.131268 0.000007 0.000054 -0.000053 -0.023836 -0.000119 0.000003 -0.000031 -0.000095 0.000027 0.000078 0.000039 -0.140481 -0.114691 0.000163 -0.000024 0.000003 -0.000015 -0.000045 0.000027 -0.000102 -0.000031 0.000214 -0.000039 0.000065 0.000439 0.000032 0.290734 -0.000057 0.000043 -0.000654 -0.000018 -0.015329 0.000025 0.000028 -0.130443 -0.000016 0.000085 -0.000029 -0.003161 -0.147763 0.000039 0.000034 0.118997 0.000013 0.000003 -0.000029 0.000046 0.226172 -0.738525 0.191472 0.000036 0.001753 -0.000092 -0.000128 -0.000006 0.400316 0.000150
-0.000015 -0.000024 -0.018598 0.000080 0.480473 -0.000018 0.000088 -0.000027 -0.013176 0.000042 0.000003 -0.000014 0.000174 -0.000050 0.000109 0.000030 -0.290137 -0.221350 0.000008 0.000064 -0.000000 0.000052 -0.000010 0.000026 0.000005 0.000019 -0.000050 0.000009 0.000021 0.000647 -0.000032 0.276960 0.000006 0.000033 -0.000998 -0.000021 -0.016482 -0.000004 -0.000051 -0.156477 -0.000003 0.000078 0.000029 -0.011766 0.112185 -0.000143 0.000013 0.001313 0.000018 0.000002 0.000004 -0.000045 0.165817 -0.343192 0.076710 0.000076 -0.080701 -0.000040 -0.000733 0.000002 0.187437 0.000026
-0.000006 -0.000102 -0.018682 -0.000020 0.353710 0.000040 -0.000089 -0.000011 -0.260086 -0.000051 0.000020 0.000024 0.000093 0.000036 -0.000001 -0.000026 -0.249723 -0.264422 0.000040 0.000042 0.000001 -0.000045 -0.000094 0.000002 -0.000028 0.000049 0.000275 0.000038 0.000047 -0.000095 0.000018 0.155373 -0.000112 -0.000011 -0.000927 0.000012 -0.016523 -0.000040 -0.000023 -0.270683 0.000010 -0.000085 -0.000104 0.025700 0.059743 0.000003 0.000010 -0.078507 0.000032 -0.000016 -0.000080 -0.000003 0.002407 0.059452 -0.219403 0.000028 0.076169 0.000038 -0.000578 0.000004 0.160639 -0.000004
0.000011 0.000015 -0.019210 -0.000163 0.233867 0.000007 -0.000050 -0.000016 -0.178525 -0.000036 -0.000003 0.000053 -0.000061 -0.000024 0.000022 -0.000028 0.045075 -0.087615 -0.000096 0.000034 0.000015 0.000010 0.000096 0.000039 -0.000001 -0.000069 0.000295 0.000007 -0.000026 -0.000318 0.000021 0.200946 -0.000018 0.000025 -0.000798 0.000013 -0.014667 0.000169 0.000086 -0.207459 -0.000001 -0.000017 -0.000043 -0.001057 0.071185 -0.000049 0.000022 0.122066 0.000076 -0.000001 -0.000028 0.000012 0.183947 0.049551 -0.107771 0.000142 0.085023 -0.000019 -0.000027 -0.000013 0.099744 -0.000057
0.000003 -0.000028 -0.021067 0.000021 0.101348 0.000064 -0.000064 0.000002 -0.052042 -0.000050 -0.000030 0.000026 0.000144 0.000002 0.000028 -0.000011 0.058933 -0.100430 0.000009 -0.000001 0.000003 0.000029 0.000016 0.000026 0.000046 0.000048 0.000036 0.000026 -0.000092 -0.000133 0.000097 0.212633 0.000035 -0.000022 -0.000851 0.000005 -0.012451 -0.000024 -0.000045 0.001703 0.000039 0.000066 0.000017 -0.001431 0.317977 0.000012 -0.000030 0.089320 0.000024 0.000003 0.000066 0.000020 0.047902 -0.258917 -0.058233 -0.000020 0.001736 0.000022 0.000300 -0.000012 0.260708 0.000028
0.000002 0.000021 -0.022844 0.000017 0.084035 -0.000037 0.000045 -0.000001 -0.222049 0.000047 0.000018 0.000009 0.000094 -0.000036 -0.000013 -0.000003 0.154727 -0.120513 -0.000043 0.000001 0.000005 0.000060 0.000088 -0.000046 0.000061 -0.000023 0.000142 0.000042 0.000011 0.000499 0.000023 0.140369 -0.000028 0.000123 -0.000635 0.000049 -0.013615 -0.000058 0.000021 0.255758 -0.000061 0.000059 0.000017 0.029399 -0.027950 0.000089 0.000016 -0.092647 0.000010 -0.000005 0.000081 -0.000016 -0.120207 -0.200771 -0.029109 0.000054 -0.099243 0.000020 -0.000256 0.000028 -0.091368 0.000082
0.000002 -0.000026 -0.023171 0.000045 -0.022655 -0.000049 0.000041 0.000010 -0.129062 -0.000075 0.000131 0.000011 -0.000061 -0.000040 0.000120 -0.000005 -0.116664 -0.229637 -0.000040 0.000039 0.000002 -0.000006 0.000013 -0.000010 0.000014 -0.000031 0.000393 0.000039 -0.000111 0.000391 0.000005 0.141840 0.000020 0.000023 -0.000654 -0.000001 -0.013151 0.000022 0.000027 0.196418 -0.000015 0.000014 0.000060 0.009101 -0.025299 0.000009 -0.000008 -0.122898 0.000038 -0.000002 0.000032 0.000018 -0.026989 0.012154 -0.435052 0.000072 -0.217104 0.000022 -0.000443 0.000016 0.060030 0.000054
0.000009 -0.000041 -0.022552 0.000020 -0.161525 0.000056 0.000090 0.000003 -0.082427 0.000077 0.000029 -0.000070 0.000023 0.000100 -0.000048 0.000015 -0.023624 -0.241037 0.000007 -0.000020 0.000007 0.000054 0.000044 0.000082 0.000027 -0.000119 0.000309 0.000058 -0.000001 0.000421 0.000003 0.211311 0.000033 -0.000110 -0.000516 0.000005 -0.012235 0.000003 -0.000032 0.233512 -0.000033 0.000010 0.000145 0.015524 -0.147587 0.000010 -0.000009 -0.085495 -0.000038 -0.000002 0.000032 -0.000012 -0.019373 0.094612 -0.266415 -0.000024 -0.092234 0.000040 -0.000630 0.000043 -0.009576 -0.000082
-0.000002 -0.000207 -0.021830 -0.000042 -0.214115 -0.000012 0.000015 0.000034 -0.270821 -0.000097 0.000024 0.000052 0.000027 0.000031 -0.000087 0.000096 -0.058710 -0.141772 0.000029 -0.000012 0.000001 -0.000034 -0.000055 0.000039 -0.000031 -0.000004 -0.000165 -0.000000 0.000031 -0.001020 0.000095 0.314024 -0.000064 0.000098 -0.000718 -0.000013 -0.011097 0.000045 0.000038 0.049169 0.000013 0.000064 -0.000067 0.027103 -0.400789 -0.000056 -0.000001 -0.092768 -0.000024 0.000019 0.000022 -0.000008 -0.099890 -0.109681 -0.030650 0.000010 0.146972 -0.000043 -0.000442 0.000040 -0.127061 0.000025
0.000015 -0.000170 -0.020684 0.000043 -0.177311 0.000014 0.000028 -0.000028 -0.264269 0.000029 -0.000058 0.000106 -0.000017 0.000030 0.000010 0.000074 -0.155405 0.087531 0.000001 -0.000048 0.000015 0.000085 0.000030 -0.000047 0.000027 -0.000034 0.000200 0.000012 -0.000016 -0.002324 -0.000098 0.272868 0.000017 -0.000015 -0.000504 -0.000004 -0.009298 -0.000031 0.000064 -0.068070 -0.000062 -0.000001 0.000022 0.003094 -0.245715 -0.000039 -0.000001 -0.097583 -0.000101 0.000027 -0.000025 0.000021 -0.011401 -0.078186 0.100674 0.000080 0.016037 0.000018 -0.000083 -0.000012 -0.091570 -0.000044
-0.000043 0.000023 -0.023381 -0.000001 -0.113446 0.000011 -0.000146 0.000019 -0.192867 0.000021 -0.000137 0.000050 0.000078 0.000106 -0.000066 -0.000014 0.016534 0.258850 -0.000072 -0.000072 -0.000008 0.000062 0.000085 -0.000024 0.000001 0.000022 0.000284 0.000002 -0.000132 -0.002064 -0.000030 0.350497 0.000033 -0.000027 -0.000610 0.000056 -0.008782 -0.000030 -0.000054 0.007401 0.000025 -0.000022 0.000024 0.000999 -0.223032 0.000105 0.000006 -0.025197 -0.000024 0.000015 0.000032 -0.000020 0.010376 -0.136987 0.192329 0.000038 0.000271 -0.000016 -0.000539 0.000028 -0.000536 0.000008
0.000026 -0.000049 -0.024046 0.000036 -0.067302 0.000023 -0.000061 -0.000056 -0.082620 0.000025 0.000021 0.000024 0.000009 -0.000053 -0.000120 0.000014 -0.090370 0.206755 -0.000154 0.000039 0.000010 0.000008 0.000093 0.000025 -0.000028 -0.000011 0.000252 0.000056 -0.000007 -0.001410 -0.000031 0.027414 0.000063 0.000014 -0.000627 0.000051 -0.010380 -0.000051 -0.000032 0.037172 -0.000035 -0.000007 0.000067 0.026926 -0.096014 0.000077 0.000020 -0.102239 -0.000085 0.000035 0.000118 0.000012 -0.077631 -0.180317 -0.053668 0.000026 -0.016235 -0.000095 0.000036 -0.000091 0.040716 -0.000054
-0.000557 -0.000045 -0.026250 0.000030 -0.169980 0.000046 -0.000015 0.000053 -0.061588 -0.000059 -0.000024 -0.000014 0.000022 -0.000077 0.000061 0.000017 0.064656 0.316851 -0.000050 -0.000011 0.000004 -0.000015 0.000101 -0.000033 -0.000021 -0.000032 -0.000212 -0.000016 -0.000057 -0.001186 -0.000043 0.049627 -0.000023 0.000009 -0.001073 0.000011 -0.012852 0.000054 0.000074 0.015799 0.000025 -0.000026 -0.000050 -0.000273 -0.080091 0.000060 -0.000005 0.007441 0.000032 -0.000001 0.000020 -0.000062 -0.006434 -0.099492 0.100315 -0.000157 0.005504 0.000000 -0.000425 -0.000104 -0.052300 0.000041
-0.001083 -0.000043 -0.024977 -0.000088 -0.418855 0.000006 0.000094 0.000009 -0.202803 -0.000016 0.000020 -0.000106 -0.000007 -0.000078 0.000001 -0.000029 0.124423 0.271814 -0.000076 -0.000111 -0.000000 -0.000015 -0.000022 -0.000030 -0.000018 -0.000106 0.000299 -0.000015 -0.000034 -0.000871 -0.000113 0.127139 0.000034 0.000080 -0.000976 -0.000024 -0.016061 -0.000017 0.000066 -0.040353 -0.000059 0.000055 0.000108 0.021673 -0.406296 0.000037 0.000019 -0.149414 -0.000025 0.000023 -0.000077 0.000011 -0.034687 0.138646 0.014132 -0.000083 -0.092768 0.000026 -0.000642 -0.000069 -0.362733 -0.000026
-0.001270 -0.000026 -0.025877 -0.000017 -0.245690 0.000014 0.000119 -0.000014 0.025086 0.000029 -0.000040 -0.000159 0.000052 -0.000075 0.000085 0.000013 0.077526 0.087962 -0.000060 0.000042 0.000003 0.000043 -0.000053 -0.000033 0.000018 0.000025 0.000273 -0.000106 -0.000037 0.000084 0.000018 0.143025 -0.000031 0.000036 -0.000884 -0.000050 -0.013174 -0.000045 -0.000022 0.131678 -0.000012 0.000093 -0.000053 -0.000419 -0.369695 -0.000010 -0.000013 0.013963 -0.000046 0.000006 -0.000085 -0.000022 -0.000150 0.118703 0.231362 -0.000105 -0.129991 0.000025 -0.000193 0.000036 0.002820 -0.000023
-0.002756 0.000067 -0.022358 -0.000035 0.114401 -0.000011 -0.000097 -0.000008 0.042091 0.000024 0.000077 0.000020 0.000004 -0.000055 -0.000158 -0.000008 0.148813 -0.128445 -0.000032 0.000003 -0.000002 -0.000070 -0.000032 0.000014 0.000047 0.000011 -0.000130 -0.000115 -0.000016 0.000671 -0.000023 -0.108653 -0.000028 0.000061 -0.000637 0.000009 -0.011534 -0.000048 0.000034 0.126000 0.000023 0.000018 0.000062 0.002743 -0.324509 -0.000019 0.000001 0.059071 -0.000033 0.000002 0.000057 0.000009 -0.097601 0.076677 0.494245 -0.000062 0.058063 0.000051 0.000325 -0.000007 0.033729 -0.000044
-0.006358 0.000021 -0.019863 -0.000056 0.233804 -0.000018 0.000041 0.000007 -0.102344 0.000044 0.000023 -0.000063 -0.000027 -0.000055 -0.000012 -0.000032 0.179272 -0.036749 -0.000026 -0.000010 0.000000 -0.000010 0.000018 -0.000008 -0.000044 -0.000005 0.000241 -0.000008 0.000136 0.000293 0.000013 0.160314 -0.000020 0.000010 -0.000374 -0.000012 -0.010269 0.000009 0.000002 0.251716 -0.000019 0.000024 -0.000047 -0.006933 -0.053144 0.000081 -0.000005 0.333124 -0.000045 -0.000000 -0.000190 0.000007 -0.005044 -0.167298 0.247011 0.000148 0.277172 0.000036 0.000276 0.000005 0.055514 0.000031
-0.005318 -0.000130 -0.017444 0.000148 0.408092 -0.000037 0.000007 -0.000014 -0.000903 0.000044 0.000021 -0.000045 -0.000022 -0.000029 0.000039 0.000013 0.209747 -0.126657 -0.000031 0.000110 -0.000004 0.000022 -0.000073 0.000019 0.000046 -0.000028 0.000230 -0.000068 -0.000067 -0.000136 -0.000013 -0.024671 0.000051 0.000049 -0.000387 0.000015 -0.010853 -0.000031 0.000039 0.102001 0.000011 0.000023 -0.000154 -0.001499 -0.196508 -0.000030 -0.000008 0.265215 -0.000003 0.000002 -0.000027 -0.000009 -0.057840 -0.036678 0.100841 0.000096 0.201769 -0.000008 0.000326 0.000004 0.274042 0.000031
-0.003530 0.000019 -0.014139 0.000032 0.440993 0.000002 0.000030 0.000005 -0.101457 0.000043 0.000041 0.000030 0.000035 0.000039 -0.000042 0.000008 0.025643 -0.167217 0.000106 0.000034 0.000007 0.000011 -0.000036 0.000022 0.000022 0.000052 0.000043 0.000020 -0.000029 0.000164 0.000026 -0.055678 -0.000049 0.000025 -0.000691 0.000028 -0.013037 -0.000095 -0.000017 -0.049137 -0.000043 0.000083 -0.000023 0.003416 -0.275794 0.000111 0.000009 0.251834 -0.000045 0.000017 -0.000089 -0.000008 -0.119511 0.270929 0.081138 0.000144 0.441052 0.000030 -0.000645 0.000012 0.219496 0.000008
-0.008147 -0.000042 -0.013643 0.000006 0.157823 -0.000068 0.000030 -0.000068 0.154844 -0.000000 -0.000033 -0.000053 0.000004 -0.000020 0.000089 -0.000025 0.065862 -0.265536 -0.000057 0.000004 -0.000002 -0.000074 0.000054 -0.000048 -0.000028 -0.000001 0.000335 0.000007 -0.000062 -0.000303 -0.000030 -0.151911 -0.000033 0.000030 -0.000820 -0.000015 -0.014328 -0.000082 0.000001 0.133902 -0.000047 -0.000004 -0.000031 0.004374 0.088627 0.000041 0.000016 0.143259 0.000025 -0.000001 0.000050 0.000008 -0.115748 0.076784 -0.036049 -0.000050 0.215921 0.000070 0.000420 0.000022 -0.012027 0.000039
-0.008652 0.000062 -0.012960 0.000010 0.169133 0.000055 -0.000021 -0.000014 0.504337 -0.000016 0.000149 0.000019 -0.000033 0.000083 -0.000050 0.000018 0.545581 -0.069413 0.000057 -0.000031 0.000007 0.000115 0.000015 -0.000079 -0.000018 -0.000017 0.000343 0.000016 -0.000145 -0.000166 0.000004 -0.037120 0.000032 0.000014 -0.000660 0.000027 -0.012386 -0.000006 -0.000049 0.079529 0.000012 0.000017 0.000042 -0.009886 0.178553 -0.000026 -0.000014 0.344706 0.000022 0.000005 -0.000086 0.000029 0.229012 -0.083345 -0.427870 -0.000007 0.275520 0.000045 0.000255 0.000010 -0.279384 0.000021
-0.003987 0.000000 -0.015056 0.000049 0.177936 0.000018 0.000020 -0.000039 0.408487 -0.000081 -0.000003 -0.000017 -0.000013 0.000005 -0.000092 0.000020 0.268468 -0.323858 0.000023 0.000038 0.000001 -0.000031 -0.000081 -0.000002 0.000028 -0.000020 0.000186 -0.000013 -0.000187 0.000064 0.000100 -0.227141 0.000019 0.000048 -0.000684 0.000023 -0.009624 0.000021 0.000105 -0.014530 -0.000047 0.000065 0.000042 0.007217 -0.102432 0.000035 0.000001 0.294710 0.000029 -0.000007 0.000063 0.000081 0.296291 -0.041417 -0.541871 -0.000105 0.386710 0.000014 0.000177 0.000026 -0.302568 0.000007
-0.000302 -0.000031 -0.013835 0.000022 0.275656 0.000071 0.000054 0.000005 0.246987 0.000072 0.000039 0.000045 -0.000145 -0.000005 -0.000003 0.000013 -0.113143 -0.446545 -0.000069 0.000022 -0.000011 -0.000020 0.000055 0.000047 0.000006 -0.000054 0.000225 0.000073 -0.000061 0.000437 0.000030 -0.560073 0.000034 0.000002 -0.000974 -0.000022 -0.012032 -0.000042 -0.000004 0.014526 -0.000016 -0.000082 0.000024 0.134791 -0.404881 -0.000089 0.000008 0.056161 0.000022 -0.000015 0.000026 0.000008 0.058677 0.089041 -0.485485 -0.000019 0.287271 -0.000017 -0.000053 -0.000023 -0.325638 -0.000028
-0.000060 -0.000098 -0.015012 -0.000149 0.013130 -0.000001 0.000064 0.000028 0.225960 0.000045 -0.000022 0.000011 -0.000028 -0.000027 -0.000027 0.000092 0.064439 -0.042010 -0.000001 0.000056 0.000002 -0.000095 0.000040 0.000010 -0.000005 0.000031 0.000223 0.000020 -0.000062 0.000778 -0.000025 -0.247481 -0.000019 0.000040 -0.000868 -0.000016 -0.014690 0.000024 0.000066 0.125880 0.000038 -0.000091 0.000012 0.016177 -0.134043 -0.000012 0.000004 0.216109 0.000056 -0.000014 -0.000031 0.000026 0.169941 0.233687 -0.398868 -0.000092 0.134085 -0.000061 -0.000844 -0.000030 -0.084967 0.000165
0.000003 0.000018 -0.018196 -0.000043 -0.030244 -0.000014 -0.000069 -0.000025 0.240450 0.000038 -0.000040 0.000089 0.000095 -0.000047 0.000073 0.000043 -0.132737 -0.157970 0.000009 0.000027 0.000011 0.000013 0.000108 0.000040 0.000032 -0.000010 0.000186 0.000001 0.000074 -0.000058 0.000032 -0.248288 0.000001 0.000035 -0.001079 0.000033 -0.013754 0.000078 0.000003 -0.245242 -0.000012 -0.000040 0.000029 0.111131 0.175707 0.000083 0.000004 0.144375 0.000069 -0.000001 -0.000086 0.000024 -0.048499 0.022928 -0.203957 0.000036 -0.150353 0.000017 -0.000992 -0.000062 -0.148182 -0.000056
0.000010 -0.000022 -0.020335 -0.000024 -0.116359 -0.000020 -0.000176 0.000010 0.178075 -0.000027 -0.000017 0.000135 -0.000031 0.000089 -0.000046 -0.000003 0.044991 -0.061317 -0.000028 0.000029 0.000016 0.000043 -0.000023 -0.000017 0.000006 0.000006 0.000013 0.000105 0.000008 -0.000228 0.000054 -0.152324 0.000042 0.000068 -0.001223 -0.000006 -0.013994 0.000008 -0.000083 -0.553171 0.000046 0.000008 -0.000019 0.095637 0.158612 -0.000012 -0.000045 0.124221 0.000057 -0.000006 -0.000111 -0.000041 0.130569 -0.012302 -0.100067 -0.000006 -0.280917 -0.000029 -0.000811 0.000016 -0.222707 -0.000019
0.000021 0.000023 -0.024430 0.000018 -0.274789 0.000038 0.000036 0.000048 0.326557 -0.000077 -0.000012 0.000016 0.000061 0.000063 -0.000059 -0.000030 0.165988 -0.242039 -0.000109 -0.000028 0.000004 0.000023 -0.000100 -0.000022 -0.000069 0.000003 0.000349 0.000016 -0.000034 0.000488 -0.000027 0.025941 -0.000020 0.000024 -0.001013 -0.000011 -0.013474 0.000034 -0.000032 -0.021401 0.000007 -0.000043 0.000133 0.073336 0.054920 -0.000175 0.000045 0.184140 -0.000035 0.000008 -0.000034 -0.000045 0.368140 -0.013124 -0.317078 -0.000051 -0.282026 0.000019 -0.000134 -0.000050 -0.098096 0.000038
-0.000004 -0.000055 -0.025173 -0.000067 -0.241827 0.000019 -0.000029 -0.000063 0.337481 -0.000029 -0.000039 0.000045 0.000043 0.000052 -0.000008 0.000012 -0.039198 -0.512373 0.000126 -0.000022 0.000008 0.000004 0.000021 0.000004 0.000093 0.000105 0.000179 0.000010 0.000077 0.000649 -0.000005 -0.014135 0.000020 -0.000016 -0.001007 0.000046 -0.012843 -0.000039 0.000051 0.031685 -0.000017 0.000078 0.000032 0.129418 0.018730 -0.000008 0.000002 0.280972 0.000065 -0.000001 0.000021 0.000009 0.211707 0.085893 -0.640199 0.000115 -0.077918 -0.000052 -0.000758 -0.000036 -0.135142 0.000059
-0.000072 -0.000066 -0.023745 -0.000015 -0.138991 0.000015 -0.000004 -0.000041 0.102090 -0.000029 -0.000040 -0.000011 0.000004 -0.000026 0.000060 -0.000010 -0.029282 -0.443698 -0.000068 0.000048 -0.000016 0.000011 -0.000074 0.000024 -0.000004 0.000034 0.000098 -0.000113 -0.000160 -0.000257 -0.000024 -0.038921 0.000030 -0.000071 -0.000927 -0.000010 -0.010858 -0.000074 0.000049 -0.325723 0.000010 -0.000002 0.000042 0.163398 -0.246309 -0.000011 -0.000027 0.374664 0.000042 -0.000013 -0.000121 -0.000043 0.199872 0.141291 -0.300401 0.000041 -0.133373 -0.000013 -0.000436 -0.000046 -0.205234 0.000067
-0.000014 -0.000030 -0.021920 0.000028 -0.089336 0.000092 -0.000079 0.000056 -0.109985 -0.000087 -0.000068 0.000021 0.000066 0.000062 0.000044 -0.000027 -0.227865 -0.307247 0.000090 -0.000087 0.000005 0.000044 -0.000071 -0.000033 -0.000036 -0.000011 0.000032 -0.000020 -0.000055 -0.000213 0.000006 -0.110986 0.000068 0.000042 -0.000808 0.000049 -0.011673 0.000022 -0.000025 -0.295616 -0.000010 -0.000013 -0.000036 0.216205 -0.124393 -0.000054 -0.000003 0.118734 -0.000050 -0.000011 -0.000009 -0.000008 0.008217 0.016708 -0.688685 0.000078 -0.037948 0.000015 -0.000480 0.000073 -0.181665 -0.000038
0.000000 -0.000018 -0.019056 0.000023 -0.037999 0.000066 -0.000009 -0.000033 0.060620 0.000026 0.000007 0.000001 0.000053 -0.000027 0.000033 0.000006 -0.020205 -0.189218 -0.000004 -0.000018 0.000010 -0.000036 0.000116 -0.000033 -0.000095 0.000032 0.000191 0.000023 -0.000117 -0.000209 0.000038 0.073328 -0.000016 -0.000136 -0.000795 -0.000013 -0.011797 -0.000051 0.000008 -0.229950 -0.000009 -0.000054 0.000056 0.172646 0.055172 0.000092 -0.000038 0.153176 0.000002 -0.000010 -0.000011 -0.000045 -0.005147 -0.219779 -0.321260 -0.000021 0.098243 0.000019 -0.000260 -0.000068 0.156672 0.000049
-0.000068 -0.000014 -0.017002 -0.000019 0.273417 0.000040 0.000032 -0.000030 0.014274 0.000044 -0.000014 -0.000014 -0.000090 -0.000028 -0.000102 0.000043 0.223603 -0.001779 0.000180 -0.000001 0.000003 -0.000125 -0.000077 0.000026 -0.000006 -0.000022 0.000267 0.000053 -0.000023 0.000114 -0.000017 0.167265 -0.000025 0.000047 -0.000552 0.000028 -0.012951 0.000042 0.000029 -0.115692 0.000014 -0.000012 -0.000015 0.127297 0.236052 -0.000008 0.000017 0.090092 0.000075 0.000017 -0.000014 -0.000025 -0.016818 -0.456923 -0.339759 -0.000029 0.240242 -0.000011 -0.000578 -0.000010 0.177176 0.000085
0.002501 -0.000024 -0.015739 -0.000053 0.405761 0.000017 0.000042 0.000029 -0.065491 -0.000123 -0.000023 -0.000082 -0.000050 0.000024 0.000005 0.000025 0.134658 -0.120888 0.000104 0.000028 -0.000004 0.000031 -0.000082 0.000055 -0.000027 -0.000005 0.000091 -0.000005 0.000030 0.000615 -0.000015 0.132503 0.000018 0.000079 -0.000460 0.000019 -0.010020 -0.000069 0.000045 -0.104259 0.000019 0.000029 -0.000053 0.166421 0.140585 0.000078 -0.000017 0.129018 0.000058 0.000009 0.000055 0.000024 0.013010 -0.147262 -0.123994 -0.000031 0.584166 0.000003 -0.000156 0.000010 0.180495 -0.000042
0.000751 -0.000023 -0.015381 0.000064 0.277091 0.000029 -0.000039 -0.000029 0.157965 0.000046 0.000014 -0.000045 -0.000058 0.000050 -0.000083 -0.000030 0.333415 -0.115445 -0.000010 0.000007 0.000002 -0.000075 0.000043 0.000003 -0.000026 -0.000037 0.000137 0.000015 -0.000014 -0.001347 0.000058 0.198705 -0.000059 0.000110 -0.000439 -0.000014 -0.009199 0.000011 0.000103 0.275240 0.000001 -0.000018 0.000057 0.087744 0.143805 -0.000108 0.000001 0.084346 0.000022 0.000004 -0.000063 0.000049 0.133540 0.336048 0.169055 -0.000004 0.013423 0.000018 0.000382 -0.000019 0.057968 0.000046
-0.000071 0.000185 -0.015398 -0.000062 0.236509 -0.000088 0.000039 -0.000028 0.089226 -0.000165 -0.000017 0.000020 0.000021 0.000012 -0.000054 0.000024 -0.073724 -0.087957 -0.000056 0.000053 -0.000003 -0.000091 -0.000067 0.000039 -0.000051 -0.000020 0.000137 -0.000066 -0.000005 -0.002241 -0.000060 0.106435 0.000035 0.000018 -0.000239 0.000034 -0.009365 -0.000118 -0.000031 -0.029767 -0.000025 -0.000005 0.000064 0.081436 0.308672 -0.000125 -0.000013 0.109648 0.000022 -0.000027 0.000057 0.000031 -0.019026 0.273328 0.287100 0.000018 -0.089633 -0.000050 -0.000074 -0.000019 0.262296 0.000069
0.000005 -0.000002 -0.014908 -0.000065 -0.068369 -0.000099 -0.000069 -0.000010 -0.185157 0.000051 -0.000100 0.000085 0.000056 -0.000022 0.000041 -0.000005 -0.210698 -0.089172 0.000095 0.000055 -0.000002 0.000024 0.000054 0.000015 0.000007 -0.000022 0.000234 0.000065 0.000000 -0.002739 -0.000040 0.163664 0.000024 -0.000089 -0.000240 0.000039 -0.011330 -0.000094 -0.000103 0.171100 -0.000002 -0.000061 -0.000026 0.090099 0.376815 -0.000102 -0.000002 0.117108 0.000046 0.000016 0.000105 -0.000008 -0.195029 0.322976 -0.007558 0.000013 0.054107 0.000034 0.000110 -0.000032 0.042918 0.000064
-0.000074 -0.000183 -0.014198 -0.000073 -0.142791 -0.000001 -0.000024 0.000045 -0.344603 -0.000031 0.000039 0.000020 0.000004 0.000078 -0.000030 -0.000016 -0.065761 0.035462 -0.000042 -0.000007 0.000010 -0.000014 0.000018 0.000014 0.000022 -0.000045 0.000401 -0.000069 -0.000045 -0.003020 0.000033 0.208801 0.000012 -0.000014 -0.000399 0.000025 -0.011452 0.000095 0.000022 -0.192491 -0.000010 0.000058 -0.000006 0.112275 0.109531 -0.000106 -0.000019 0.024189 -0.000017 0.000002 0.000057 0.000059 -0.066024 0.225494 -0.108233 -0.000068 -0.197609 -0.000023 0.000467 0.000075 -0.101872 -0.000004
-0.000901 0.000003 -0.015809 0.000026 -0.404651 0.000061 0.000009 0.000035 -0.447761 0.000022 -0.000096 -0.000023 0.000020 -0.000065 -0.000045 -0.000017 -0.035567 -0.192270 -0.000001 0.000014 0.000013 -0.000072 0.000105 0.000026 -0.000066 -0.000043 -0.000225 -0.000030 0.000000 -0.002513 0.000018 0.054241 -0.000017 -0.000073 -0.000275 -0.000033 -0.012184 -0.000018 -0.000077 0.010944 0.000001 0.000040 0.000027 0.121599 0.046840 -0.000142 -0.000040 -0.002022 -0.000015 -0.000009 0.000023 -0.000000 -0.091287 -0.115046 0.003608 0.000091 0.011680 0.000109 -0.000063 -0.000035 0.057280 0.000027
-0.004228 0.000013 -0.012637 0.000034 -0.395151 -0.000055 -0.000041 0.000017 -0.367476 0.000059 -0.000060 0.000013 -0.000003 0.000063 0.000054 -0.000026 -0.107548 -0.054339 -0.000040 0.000035 0.000005 0.000068 -0.000139 -0.000002 -0.000006 -0.000033 0.000170 -0.000020 -0.000005 -0.001363 0.000006 0.110238 0.000019 0.000073 -0.000563 -0.000014 -0.013290 0.000006 -0.000039 0.187084 -0.000012 0.000022 0.000015 0.056981 0.228208 0.000135 -0.000010 0.110918 -0.000032 0.000004 0.000005 0.000045 0.082495 -0.228023 -0.025131 0.000007 -0.078386 -0.000017 0.000290 0.000054 0.075633 -0.000008
-0.004222 -0.000042 -0.011981 -0.000020 -0.169829 0.000024 0.000063 0.000006 -0.364772 -0.000006 -0.000061 0.000045 0.000033 -0.000121 -0.000013 -0.000015 0.025487 -0.054427 0.000028 -0.000022 0.000004 0.000031 0.000009 0.000022 -0.000002 0.000029 0.000294 -0.000005 -0.000036 0.000359 -0.000121 0.145942 0.000008 0.000001 -0.000520 0.000013 -0.013989 -0.000043 -0.000043 0.157333 0.000001 -0.000032 -0.000002 0.052049 0.070761 0.000033 -0.000040 0.096788 -0.000033 0.000007 0.000077 0.000001 -0.038800 -0.144751 0.155099 -0.000051 -0.446467 0.000007 -0.000199 0.000040 -0.113667 0.000009
-0.001861 0.000003 -0.011219 -0.000010 -0.013099 -0.000061 0.000053 0.000025 -0.311917 -0.000130 -0.000100 -0.000041 0.000017 -0.000096 0.000007 -0.000046 -0.022336 -0.031396 0.000085 0.000024 0.000016 -0.000057 -0.000114 -0.000015 0.000013 0.000023 -0.000070 0.000020 -0.000052 0.000683 -0.000022 -0.047141 0.000027 0.000030 -0.000513 -0.000037 -0.011721 -0.000097 -0.000017 -0.088147 -0.000012 -0.000078 -0.000034 0.094112 -0.122535 -0.000032 0.000000 0.060038 -0.000051 -0.000008 -0.000054 -0.000030 -0.207967 -0.100089 0.095448 0.000021 -0.148300 0.000027 0.000245 0.000009 -0.157732 0.000042
0.000127 -0.000001 -0.011601 0.000018 0.008191 -0.000046 -0.000050 -0.000013 -0.140610 -0.000073 -0.000033 0.000021 0.000126 0.000005 -0.000023 -0.000013 0.019625 0.113246 0.000042 0.000030 0.000005 -0.000019 0.000162 -0.000013 -0.000022 -0.000030 0.000287 0.000002 -0.000115 0.000710 0.000025 -0.279735 -0.000025 -0.000043 -0.000611 -0.000058 -0.011201 -0.000016 0.000023 -0.170116 -0.000013 0.000038 -0.000022 0.093031 -0.070661 -0.000044 0.000022 -0.050146 -0.000006 0.000010 -0.000058 0.000007 -0.131735 -0.000474 -0.136409 0.000013 0.044351 -0.000030 -0.000654 0.000003 -0.009952 0.000047
-0.000013 0.000019 -0.012022 0.000000 -0.032299 0.000007 -0.000006 0.000030 -0.082022 0.000019 -0.000028 -0.000030 -0.000001 -0.000124 0.000035 0.000031 0.201580 0.089951 -0.000097 0.000016 0.000008 -0.000026 -0.000030 0.000045 0.000061 0.000025 0.000214 -0.000040 -0.000080 0.000844 -0.000041 -0.141545 -0.000001 -0.000053 -0.000735 0.000015 -0.009670 0.000084 -0.000056 0.043844 -0.000049 0.000091 -0.000023 0.004827 -0.038575 0.000031 0.000010 0.074062 0.000037 -0.000025 -0.000032 0.000002 0.003182 0.055321 -0.262245 -0.000003 0.000652 0.000033 -0.000451 -0.000018 0.055750 -0.000025
-0.000013 0.000021 -0.011494 -0.000046 -0.338930 -0.000028 -0.000137 0.000050 0.008789 -0.000022 -0.000040 -0.000049 -0.000100 -0.000026 -0.000048 0.000016 0.391901 -0.148190 0.000043 -0.000036 -0.000006 -0.000003 -0.000054 0.000016 0.000010 0.000029 0.000238 -0.000005 -0.000089 0.000514 0.000052 -0.172863 -0.000125 -0.000002 -0.000611 -0.000004 -0.008584 0.000066 0.000039 0.324259 -0.000006 0.000099 -0.000012 0.005353 -0.080071 -0.000057 0.000014 0.027815 0.000032 0.000006 -0.000011 -0.000046 -0.051317 0.018841 -0.120374 0.000028 0.123936 -0.000065 -0.000151 0.000013 0.127898 -0.000020
0.000004 0.000122 -0.014158 -0.000031 0.154763 0.000028 0.000032 -0.000011 -0.367467 -0.000027 -0.000014 0.000065 0.000021 -0.000005 0.000013 -0.000003 0.284664 -0.351392 -0.000017 0.000035 -0.000005 0.000015 0.000052 0.000004 -0.000001 -0.000031 0.000211 -0.000009 -0.000037 0.000436 -0.000004 -0.092599 -0.000011 0.000061 -0.000559 0.000026 -0.009517 -0.000026 0.000027 0.069989 -0.000034 -0.000061 0.000008 0.005447 -0.078876 -0.000029 0.000006 0.088595 -0.000080 0.000017 -0.000053 0.000007 -0.236105 0.091274 -0.258986 0.000090 0.074098 -0.000031 0.000296 0.000035 0.306623 0.000057
0.000006 0.000020 -0.015525 -0.000044 0.089252 0.000098 0.000043 0.000003 -0.169897 0.000021 -0.000069 -0.000026 -0.000027 0.000011 0.000014 0.000026 0.233903 -0.404232 0.000060 0.000008 -0.000010 0.000027 -0.000118 -0.000013 -0.000033 0.000048 0.000204 -0.000061 0.000028 0.000651 -0.000026 0.003830 -0.000064 -0.000018 -0.000458 -0.000017 -0.007860 -0.000096 -0.000033 0.067576 -0.000018 -0.000030 0.000057 0.035665 -0.377969 -0.000008 0.000013 0.268020 -0.000062 -0.000000 0.000004 -0.000007 -0.328671 0.260555 0.065582 0.000044 0.009652 0.000082 -0.000461 -0.000047 -0.002103 0.000038
-0.000016 -0.000023 -0.015505 -0.000038 0.404907 0.000069 -0.000014 0.000013 -0.067027 0.000005 -0.000070 0.000046 0.000104 0.000059 0.000008 0.000007 0.313807 -0.642805 0.000088 -0.000034 0.000012 -0.000035 0.000032 0.000021 0.000004 -0.000116 -0.000001 0.000029 0.000025 0.000469 0.000053 0.062150 0.000038 0.000001 -0.000457 0.000028 -0.007582 0.000049 0.000023 0.296829 0.000012 -0.000015 0.000004 0.026088 -0.271677 -0.000035 0.000027 0.298218 0.000021 -0.000001 -0.000019 0.000013 -0.317380 -0.063537 -0.096005 0.000008 0.081276 0.000023 0.000279 -0.000048 0.195130 -0.000070
0.000239 0.000093 -0.014951 0.000011 0.354136 0.000017 -0.000052 -0.000024 0.164564 0.000045 0.000024 -0.000116 -0.000102 0.000030 0.000063 0.000046 0.554089 -0.751063 -0.000073 -0.000008 -0.000003 -0.000011 0.000037 -0.000022 -0.000016 0.000026 0.000129 -0.000025 -0.000140 0.000892 0.000022 0.117098 0.000038 0.000011 -0.000199 0.000026 -0.005020 0.000023 0.000033 0.190185 -0.000001 0.000004 0.000034 0.017837 -0.236826 0.000024 -0.000023 0.316154 0.000024 -0.000006 -0.000072 0.000029 -0.171093 0.021676 -0.121206 0.000017 -0.112348 0.000026 0.000060 0.000013 0.163286 -0.000057
