-0.009512
0.000030
0.004452
0.013213
0.000302
0.000145
-0.008360
-0.002556
-0.003871
-0.001016
-0.000561
-0.001964
-0.003880
-0.005887
-0.000236
0.004744
0.004793
-0.005821
0.000961
-0.015351
0.000697
0.014740
0.000515
0.011326
0.009954
-0.002439
1.535584
0.007505
-0.000163
0.048470
0.006617
0.031392
6.341372
-0.001928
-0.007612
-0.009467
-0.011441
-0.000668
-0.020889
0.025168
6.806344
-0.000548
-0.000498
-0.000150
8.158360
0.000089
6.889109
0.003572
0.000610
-0.018444
0.022102
0.014249
0.002740
-0.002531
-0.000324
0.015130
-0.363624
-0.002653
-0.001476
-0.000015
-0.005170
-0.003984
-0.023068
3.228356
-0.000240
-0.002661
0.002648
0.000467
10.344272
-0.013121
0.018575
-0.009836
0.003962
0.400648
0.000571
0.001873
-0.000479
-0.000306
-0.006474
-0.000079
0.000354
6.092127
-0.000228
0.001114
4.240980
-0.006968
-0.009184
-0.034125
-0.000086
-0.001493
-0.009834
-0.551665
-0.000267
-0.002944
0.000705
-0.000009
-0.007156
0.000218
-0.000058
0.019864
6.714352
-0.001046
3.840248
0.000055
0.001979
0.001085
6.865627
0.001424
-0.000855
3.824774
-0.004596
0.010593
-0.019024
-0.009307
0.006132
0.016238
-0.000024
-0.000622
-0.010056
0.012007
0.000087
0.000906
-0.004803
-0.007051
-0.003350
0.000016
0.000104
-0.415486
