-0.006861
-0.000183
-0.000051
-0.001559
0.016640
0.005128
0.001350
-0.220753
0.017862
0.003337
7.690114
0.001983
-0.558863
-0.014046
-0.000341
-0.000124
0.034856
3.328616
4.288886
-0.005010
-0.008793
0.012258
0.023868
0.000261
-0.014580
0.035895
-0.000315
0.000016
0.777911
-0.008533
0.000099
-0.023897
7.210551
0.003851
-0.002973
0.009133
0.000544
2.694846
-0.000181
0.015144
0.000386
0.000137
0.017872
-0.011417
0.003830
0.001554
-0.018398
-0.022988
-0.549224
0.016871
0.028150
-0.000041
-0.005535
8.403200
0.000207
0.021826
-0.002977
0.013418
-0.000088
0.000137
0.016674
7.108704
0.007181
-0.007377
8.099796
8.342927
6.862194
-0.000686
5.882828
5.830531
-0.016472
-0.000689
0.011992
1.184256
-0.000578
4.395404
