-0.000003 -0.348138 -0.000023 0.286600 0.000202 -0.000077 0.000007 0.000191 -0.000179 -0.000093 -0.114050 -0.220764 0.145244 0.000020 0.000009 0.103500 0.296258 0.354830 0.000021 0.000161 0.169836 -0.000042 0.000010 0.319962 -0.000056 -0.000005 -0.000087 -0.000022 -0.000039 0.000015 0.313400 -0.066535 -0.000114 0.257255 -0.016709 -0.000010 -0.438698 0.000041 -0.000055 -0.000003 -0.018387 0.036778 0.000027 0.260112 -0.000022 0.000040 -0.027035 0.000018 0.270692 0.000038 0.583015 -0.000059 0.765938 -0.000009 -0.000021
-0.000001 -0.385609 -0.000017 0.156152 0.000438 0.000013 0.000003 0.000024 -0.001928 0.000073 0.067921 -0.398625 0.345305 -0.000013 0.000022 -0.053547 0.208319 0.024003 -0.000085 0.000003 -0.056533 -0.000080 0.000013 0.171504 0.000082 -0.000031 0.000046 0.000039 0.000034 0.000004 0.075650 -0.011044 -0.000022 -0.078324 0.007628 0.000098 -0.325376 -0.000007 0.000020 -0.000041 -0.019507 -0.002515 0.001796 0.294940 -0.000053 0.000022 -0.180740 -0.000121 0.479001 -0.000024 0.085644 0.000157 0.222607 0.000004 -0.000019
-0.000028 -0.151275 0.000017 0.420638 0.000508 0.000027 -0.000018 -0.000044 -0.001288 0.000027 0.015857 -0.381515 0.257319 0.000066 0.000019 -0.005069 -0.043128 -0.006742 0.000028 0.000045 0.015577 -0.000004 0.000044 -0.085729 0.000039 0.000014 -0.000017 -0.000041 0.000094 0.000045 0.004760 -0.002881 -0.000038 0.061603 0.036505 -0.000025 0.003754 -0.000032 -0.000097 -0.000008 -0.018960 -0.087687 0.002926 0.026303 0.000019 -0.000018 -0.202149 0.000006 -0.006311 0.000039 0.136936 0.000094 0.182641 0.000025 -0.000023
-0.000002 -0.031797 0.000029 -0.003884 0.000393 0.000020 0.000009 0.000003 -0.005691 -0.000009 -0.214804 -0.207592 0.160616 -0.000027 0.000005 -0.093202 0.014325 0.027919 -0.000014 0.000108 0.130587 0.000012 -0.000070 0.148850 -0.000054 0.000017 -0.000023 0.000014 -0.000114 -0.000011 0.387666 -0.424632 0.000059 0.283506 -0.003330 0.000058 0.086498 -0.000033 0.000013 -0.000064 -0.019409 -0.081637 0.000036 0.065113 -0.000016 0.000022 0.097943 -0.000037 0.123695 -0.000049 0.180989 -0.000070 0.200032 0.000003 0.000034
-0.000004 -0.063799 0.000029 -0.169947 0.000326 0.000007 0.000027 -0.000026 -0.008541 0.000030 0.078098 -0.484365 0.244760 0.000003 0.000052 -0.082703 -0.044928 -0.009315 -0.000002 -0.000004 -0.056097 0.000033 -0.000032 0.312995 0.000025 0.000031 -0.000046 -0.000034 -0.000066 0.000084 0.161009 -0.064318 -0.000031 0.085241 -0.012051 0.000004 0.184530 0.000066 -0.000057 0.000026 -0.021075 0.294743 0.000048 -0.001791 0.000074 0.000009 -0.014130 -0.000068 0.067934 -0.000015 0.065540 0.000017 -0.060095 0.000027 -0.000025
-0.000012 -0.041232 0.000045 0.018251 0.000254 -0.000057 0.000002 0.000039 -0.009088 -0.000034 0.270620 -0.445304 0.218956 0.000012 0.000017 0.079820 -0.060494 0.064779 -0.000076 0.000094 -0.405336 0.000070 -0.000042 0.023234 0.000120 -0.000002 -0.000022 0.000026 -0.000018 -0.000054 0.060628 0.409171 -0.000032 0.043330 0.003031 -0.000033 0.040628 0.000026 0.000127 -0.000003 -0.022816 0.016441 0.000049 0.002189 0.000055 0.000005 -0.010918 -0.000031 -0.343601 0.000029 0.087527 0.000018 -0.231643 -0.000087 0.000018
-0.000005 0.013210 -0.000112 -0.032639 0.000184 -0.000027 -0.000002 -0.000098 -0.006897 0.000062 -0.001497 -0.048533 0.100648 0.000088 -0.000013 0.100363 0.200190 0.108983 -0.000004 0.000158 -0.064316 0.000038 -0.000059 0.258510 -0.000223 -0.000006 -0.000009 -0.000014 -0.000036 0.000012 0.004697 -0.073854 -0.000032 0.174047 -0.053517 -0.000059 0.237182 -0.000067 -0.000086 -0.000027 -0.024030 0.010614 -0.000012 0.002432 0.000011 -0.000009 0.049259 0.000012 -0.031390 0.000125 0.161424 0.000030 -0.056714 -0.000037 0.000071
-0.000000 0.133448 0.000046 0.212075 0.000234 -0.000007 -0.000005 -0.000028 -0.007405 0.000122 -0.021076 -0.077429 0.115829 0.000002 0.000075 0.343923 0.310044 0.029074 -0.000000 0.000115 -0.187695 -0.000017 0.000045 0.093404 -0.000089 0.000032 -0.000030 -0.000025 0.000029 0.000009 0.010956 0.108515 -0.000039 0.068151 -0.051985 -0.000023 0.038317 0.000063 0.000008 0.000016 -0.024338 -0.037425 -0.000062 -0.002606 0.000191 -0.000016 0.195477 -0.000058 0.001604 0.000115 0.097336 -0.000102 -0.027244 0.000001 -0.000012
-0.000023 -0.107711 0.000014 0.132871 0.000447 0.000071 0.000013 -0.000027 -0.007213 -0.000082 -0.123659 0.054934 0.132252 0.000036 -0.000011 0.548507 0.215798 -0.205418 -0.000004 0.000145 -0.009944 0.000032 -0.000017 -0.302198 0.000040 -0.000012 -0.000075 -0.000021 -0.000026 0.000083 -0.083516 0.212358 0.000022 -0.061908 -0.000085 0.000098 0.197360 -0.000069 -0.000024 -0.000001 -0.026757 -0.086936 0.000069 -0.087849 -0.000073 -0.000021 -0.018478 -0.000023 -0.042009 -0.000006 -0.010397 -0.000141 0.006310 0.000024 -0.000030
0.000022 -0.211560 -0.000050 -0.043426 0.000158 0.000102 0.000004 -0.000055 -0.007495 -0.000088 -0.248415 0.061890 -0.053513 0.000007 -0.000043 0.163707 0.353223 -0.240932 -0.000006 0.000067 -0.057590 -0.000083 -0.000010 -0.327238 -0.000077 0.000022 -0.000019 0.000033 -0.000042 0.000043 -0.108620 0.178581 0.000021 -0.152345 0.056856 0.000041 0.114537 -0.000126 0.000014 -0.000019 -0.026041 0.071370 0.000104 0.058016 -0.000029 0.000011 -0.122052 0.000015 -0.361945 -0.000018 -0.009903 0.000005 -0.015432 0.000033 -0.000040
-0.000024 -0.143475 -0.000038 -0.327215 0.000301 -0.000011 0.000018 -0.000012 -0.006205 0.000003 -0.150759 0.010062 -0.066830 0.000038 0.000026 -0.155340 0.329762 0.047562 -0.000045 0.000078 0.088842 -0.000018 0.000008 -0.139818 0.000105 -0.000007 -0.000033 -0.000048 -0.000001 0.000003 0.030602 -0.103837 -0.000024 -0.055202 0.000834 0.000017 0.343590 0.000030 -0.000007 -0.000014 -0.026836 0.265762 0.000226 0.234774 -0.000026 0.000042 -0.059673 0.000065 -0.231958 0.000031 0.126360 -0.000002 -0.014802 -0.000076 -0.000033
0.000011 -0.005921 -0.000023 -0.433814 0.000270 -0.000074 0.000020 -0.000002 -0.005989 -0.000081 0.212187 0.032073 -0.003693 -0.000029 -0.000061 -0.138123 0.400046 0.015607 -0.000076 0.000068 -0.024828 -0.000025 0.000025 -0.089118 0.000099 0.000055 0.000050 -0.000125 0.000031 0.000056 0.133479 -0.117690 -0.000029 0.022960 0.002276 0.000042 0.300454 0.000108 0.000007 0.000006 -0.028579 0.086322 0.000119 0.085688 -0.000050 -0.000005 -0.050630 0.000006 -0.238905 0.000014 0.227757 -0.000070 -0.052664 -0.000015 -0.000024
-0.000004 0.031640 -0.000034 -0.063045 0.000334 -0.000006 -0.000015 0.000050 -0.007326 0.000045 0.004080 0.076952 -0.155889 -0.000056 -0.000004 -0.373223 0.260195 -0.180287 0.000001 0.000010 -0.028771 0.000025 -0.000051 -0.241999 -0.000085 -0.000029 0.000014 0.000019 0.000000 0.000012 0.077641 0.158825 -0.000078 0.144845 0.001825 0.000071 0.648668 -0.000065 -0.000013 -0.000043 -0.027521 0.000883 0.003027 0.103445 -0.000029 0.000009 0.052891 0.000060 0.074150 0.000004 0.170525 0.000044 0.056977 0.000009 -0.000013
0.000030 -0.118381 -0.000053 0.246407 0.000456 -0.000022 0.000006 0.000084 -0.005420 -0.000029 0.054831 -0.194330 -0.133275 0.000034 0.000067 -0.215976 0.036807 -0.346923 -0.000053 0.000048 -0.162509 -0.000097 -0.000024 -0.299094 0.000102 0.000019 0.000080 -0.000049 0.000064 -0.000022 0.103720 -0.004521 0.000025 0.161771 0.103936 -0.000073 0.476394 -0.000014 0.000067 -0.000027 -0.024638 -0.522837 0.007726 0.016955 0.000161 -0.000028 -0.019752 0.000021 0.107352 0.000091 0.061769 -0.000016 0.062135 0.000038 -0.000035
0.000015 -0.000988 0.000036 0.227380 0.000174 -0.000001 -0.000005 0.000027 -0.003978 0.000098 0.156604 -0.052157 -0.042735 -0.000026 -0.000011 -0.202008 0.067944 -0.225031 -0.000025 0.000226 -0.058741 0.000028 0.000085 -0.453061 -0.000043 0.000056 -0.000026 -0.000053 0.000036 -0.000002 -0.010462 -0.020349 -0.000033 0.226361 0.057731 -0.000027 0.103391 -0.000104 -0.000030 -0.000023 -0.020413 -0.396626 0.001363 0.059663 -0.000023 -0.000006 0.043023 -0.000031 0.111161 -0.000036 0.146878 -0.000070 0.110381 -0.000003 0.000057
0.000024 0.122682 -0.000037 0.034066 0.000138 0.000044 -0.000014 0.000029 -0.003306 0.000057 0.018859 0.068088 -0.012569 -0.000019 0.000020 0.080657 0.187427 -0.472443 0.000005 0.000136 0.035737 0.000006 0.000059 -0.152825 -0.000036 0.000024 0.000024 -0.000047 -0.000055 0.000018 -0.036810 -0.130873 0.000032 0.138825 0.049420 0.000044 -0.097702 -0.000051 0.000033 -0.000016 -0.019351 -0.101291 0.000875 0.291026 -0.000043 -0.000015 0.064274 0.000037 0.466832 -0.000050 0.015105 -0.000023 0.103413 -0.000004 0.000003
0.000020 0.298428 0.000077 0.082175 0.000432 0.000003 0.000007 0.000025 -0.005072 0.000060 0.307143 0.264264 0.023012 -0.000007 -0.000050 0.443751 -0.028227 -0.184896 0.000022 0.000091 -0.253155 -0.000017 0.000023 -0.198839 0.000026 -0.000061 -0.000043 -0.000119 0.000047 0.000033 -0.047897 -0.109683 -0.000048 0.260099 0.040452 -0.000088 -0.330106 -0.000019 -0.000030 0.000018 -0.017953 0.245578 -0.000039 0.200485 -0.000007 0.000015 0.108223 -0.000006 0.266625 -0.000029 0.000123 -0.000199 0.138845 0.000013 0.000073
0.000031 0.344370 0.000007 0.060683 0.000385 -0.000061 -0.000037 0.000033 -0.004652 0.000079 0.134212 0.208655 -0.140980 0.000017 -0.000069 0.528448 0.216928 -0.185912 -0.000023 0.000036 -0.311081 -0.000039 0.000060 -0.000862 0.000006 0.000026 0.000058 -0.000049 0.000091 0.000013 -0.201353 0.058666 -0.000032 0.070617 0.043447 -0.000031 -0.225233 -0.000076 0.000041 -0.000028 -0.016624 0.466108 -0.000169 -0.150630 -0.000174 0.000014 0.036995 0.000022 0.285023 -0.000034 -0.071384 -0.000158 0.035497 -0.000020 -0.000043
-0.000027 0.292018 -0.000008 0.139315 0.000198 -0.000015 -0.000012 0.000042 -0.005256 -0.000059 -0.138924 0.222748 -0.077577 -0.000027 -0.000074 0.124167 0.157250 -0.069716 0.000008 0.000239 -0.390122 0.000010 -0.000087 -0.075456 0.000013 -0.000153 0.000054 -0.000049 0.000092 0.000033 -0.252702 0.028563 -0.000004 0.023833 0.040823 0.000035 -0.207116 -0.000114 -0.000001 -0.000054 -0.016139 0.307293 -0.000224 0.005618 0.000028 0.000012 0.116130 -0.000036 0.348842 0.000033 -0.098263 -0.000046 0.066973 0.000019 0.000005
0.000008 0.227625 -0.000058 0.135924 0.000278 -0.000028 0.000002 -0.000027 -0.007051 -0.000032 0.131621 0.225945 0.309348 0.000045 -0.000032 -0.230553 -0.131017 -0.241960 -0.000033 0.000030 -0.331704 0.000065 -0.000052 0.027315 0.000087 -0.000011 0.000033 0.000010 0.000006 -0.000030 -0.225746 0.181493 -0.000045 0.004046 0.117928 -0.000037 -0.424491 0.000087 0.000060 0.000015 -0.018405 -0.155487 -0.000081 0.016631 -0.000022 -0.000010 0.094288 -0.000019 -0.016189 0.000029 -0.082944 -0.000039 0.020991 -0.000012 0.000016
-0.000005 0.186397 0.000028 0.095415 0.000525 0.000052 -0.000005 0.000003 -0.007910 -0.000095 0.083693 0.186765 0.200230 -0.000099 0.000003 -0.391959 -0.173823 0.048559 0.000003 0.000074 -0.063022 0.000076 -0.000010 -0.205793 0.000008 0.000015 -0.000046 0.000123 -0.000048 -0.000002 0.113917 0.170388 0.000014 0.209149 0.013285 0.000061 -0.310293 0.000013 -0.000119 -0.000012 -0.019031 -0.241114 -0.000030 -0.357672 0.000090 -0.000020 0.393973 -0.000006 -0.192217 -0.000044 0.136182 -0.000173 0.185719 0.000023 0.000040
-0.000026 0.024540 -0.000057 -0.235446 0.000194 -0.000068 0.000026 0.000027 -0.009638 0.000048 0.162364 -0.004455 -0.008620 -0.000030 -0.000088 -0.405545 -0.053326 0.111752 0.000009 0.000004 -0.010362 -0.000016 -0.000078 -0.152450 0.000034 -0.000031 -0.000048 0.000178 -0.000143 -0.000005 0.186908 -0.018683 -0.000031 0.141191 0.003353 0.000101 -0.257590 0.000063 0.000029 0.000082 -0.022378 -0.195791 0.000059 -0.333755 0.000006 0.000011 0.398927 0.000061 -0.221957 -0.000040 0.235191 -0.000117 0.140430 0.000023 0.000021
-0.000045 0.062703 0.000044 -0.130655 0.000096 0.000055 0.000024 0.000082 -0.007584 -0.000004 0.096352 0.014399 0.356521 -0.000011 -0.000011 -0.404504 -0.105956 0.199454 0.000043 -0.000017 0.001756 -0.000016 -0.000069 -0.250004 0.000087 0.000057 -0.000014 0.000092 0.000114 -0.000030 0.189117 -0.174577 -0.000014 0.140782 -0.000900 -0.000026 -0.147574 0.000017 0.000030 0.000013 -0.025506 -0.200004 0.000270 -0.352695 0.000058 0.000019 0.430289 0.000047 -0.121346 -0.000014 0.268242 0.000104 0.103949 -0.000023 -0.000008
-0.000007 -0.085968 -0.000016 -0.014952 0.000092 -0.000035 0.000015 0.000036 -0.006616 0.000015 0.218455 -0.011220 0.195889 -0.000035 0.000007 -0.281440 -0.056605 0.116794 -0.000074 0.000001 -0.033426 -0.000126 0.000019 -0.014571 0.000076 0.000026 -0.000042 0.000010 0.000069 -0.000063 0.150862 -0.018738 -0.000006 -0.039484 0.000743 0.000102 -0.406223 -0.000022 -0.000021 0.000030 -0.029265 0.091453 0.000291 -0.696329 -0.000023 -0.000044 0.249195 -0.000032 0.096883 -0.000049 -0.063548 -0.000162 -0.070026 0.000004 0.000074
-0.000038 -0.040095 0.000038 0.183952 0.000122 0.000017 -0.000021 -0.000026 -0.003028 -0.000046 0.392691 -0.151933 0.024269 0.000011 -0.000078 -0.059275 -0.113487 0.181470 -0.000010 0.000070 -0.118665 0.000011 0.000001 0.168973 -0.000047 0.000021 0.000028 0.000025 -0.000065 0.000001 0.068573 0.349861 0.000079 -0.178470 0.016090 -0.000063 -0.527202 0.000023 -0.000130 0.000042 -0.027259 0.108308 0.000147 -0.417053 -0.000033 0.000010 0.076509 0.000040 0.186490 0.000061 -0.296596 0.000027 -0.133600 -0.000003 0.000030
-0.000015 -0.025994 0.000018 0.024022 0.000082 0.000009 -0.000033 -0.000036 -0.001175 -0.000077 0.058109 -0.224246 0.051348 -0.000008 -0.000042 0.162005 0.140476 0.215877 0.000011 0.000014 0.051571 0.000013 -0.000022 0.281209 -0.000010 -0.000050 0.000044 0.000049 -0.000013 0.000007 0.277505 0.054356 0.000002 -0.273720 0.000524 -0.000050 -0.241470 0.000120 0.000113 0.000018 -0.026135 0.096716 -0.000005 -0.557658 0.000089 0.000018 0.091208 -0.000040 0.245963 0.000057 -0.130687 -0.000177 -0.076385 0.000013 -0.000093
-0.000002 -0.216857 -0.000003 -0.058599 0.000296 -0.000020 0.000011 0.000036 0.000391 -0.000080 -0.110897 -0.402688 0.009835 0.000007 0.000034 0.172030 0.179180 0.043461 0.000052 0.000113 0.037620 -0.000013 -0.000012 0.316515 0.000016 -0.000031 -0.000040 0.000083 0.000032 0.000018 0.437647 -0.112212 -0.000033 -0.274306 0.062406 0.000031 -0.073377 -0.000040 0.000018 -0.000025 -0.025478 -0.016964 -0.000125 -0.458999 0.000073 -0.000005 0.183769 0.000027 0.075215 -0.000070 -0.113104 -0.000052 0.037544 -0.000044 0.000001
-0.000015 -0.276383 -0.000033 0.222992 0.000400 -0.000016 0.000010 0.000020 0.000196 -0.000013 -0.093975 -0.387866 -0.118436 0.000020 -0.000097 0.202813 0.254980 0.035196 -0.000006 0.000023 -0.040591 -0.000023 0.000005 -0.198006 0.000002 -0.000048 -0.000020 0.000076 -0.000161 -0.000054 0.397700 -0.081483 -0.000023 -0.196141 0.111403 -0.000046 0.160987 -0.000011 -0.000016 -0.000004 -0.025428 -0.135027 0.000028 -0.268251 0.000070 0.000010 0.174801 -0.000102 -0.155604 0.000030 -0.076872 -0.000008 0.067497 -0.000034 0.000036
0.000004 -0.277472 0.000021 -0.049322 0.000318 0.000000 -0.000001 0.000044 0.000274 -0.000031 -0.099540 -0.180009 0.304756 0.000007 -0.000076 -0.008257 0.117684 -0.128365 -0.000031 -0.000005 0.090912 -0.000084 -0.000120 -0.089389 0.000123 0.000001 0.000036 -0.000117 0.000090 0.000015 0.160816 -0.134728 -0.000055 -0.240091 0.103754 0.000053 0.082614 -0.000013 0.000077 -0.000010 -0.023558 0.023731 -0.000006 -0.038074 0.000029 0.000022 0.039084 0.000061 -0.064044 0.000016 0.024830 0.000141 0.009291 -0.000010 0.000018
0.000000 -0.158354 0.000013 0.063079 0.000300 -0.000010 0.000047 -0.000054 -0.000068 0.000025 -0.056126 -0.126996 0.071744 0.000014 0.000008 -0.011273 0.193871 0.019936 0.000019 0.000277 -0.006191 -0.000021 0.000060 0.048578 0.000038 -0.000069 -0.000019 -0.000050 -0.000097 -0.000006 0.187814 -0.025454 -0.000035 -0.222458 0.041355 -0.000032 -0.253136 -0.000066 -0.000014 -0.000013 -0.020937 0.274046 -0.000012 0.045324 -0.000084 -0.000063 0.035764 0.000029 0.048912 0.000000 -0.022850 0.000001 0.064773 0.000020 -0.000070
-0.000040 0.014939 -0.000017 0.005907 0.000386 0.000014 -0.000007 0.000071 0.000385 -0.000008 -0.108109 -0.172760 -0.027388 0.000016 0.000036 0.058128 0.261208 0.128182 0.000010 0.000035 -0.023677 -0.000080 -0.000041 0.012049 -0.000035 0.000002 -0.000062 -0.000049 -0.000058 -0.000017 0.192226 0.012482 0.000012 0.045116 0.002278 -0.000077 -0.106365 -0.000087 0.000020 -0.000011 -0.018700 0.179800 -0.002976 -0.021084 0.000026 0.000017 0.088023 -0.000147 0.063518 -0.000035 -0.040597 0.000046 0.238152 -0.000017 0.000037
0.000029 -0.109327 0.000114 -0.013104 0.000075 -0.000028 -0.000034 0.000027 0.000602 0.000018 -0.002600 -0.125854 0.138439 0.000029 -0.000015 -0.205452 -0.005736 0.322219 0.000031 0.000100 0.028551 -0.000082 -0.000005 0.190759 0.000054 -0.000024 0.000034 -0.000080 0.000161 0.000041 0.017200 0.164961 0.000033 0.101332 0.018972 0.000013 -0.109578 0.000028 -0.000019 -0.000025 -0.018455 -0.322185 -0.000033 -0.304433 0.000100 0.000019 -0.001576 -0.000088 -0.152466 0.000022 0.094122 0.000058 0.358651 0.000011 0.000029
0.000001 -0.218645 0.000043 0.002271 0.000026 0.000037 -0.000004 0.000009 0.000406 -0.000025 -0.124010 -0.350990 0.033929 -0.000040 -0.000024 -0.345954 0.058357 0.165272 0.000000 0.000027 -0.013805 -0.000037 -0.000016 0.401436 0.000050 -0.000016 -0.000040 -0.000048 0.000040 0.000001 -0.137383 0.079136 0.000033 0.051770 0.055352 0.000109 0.012616 -0.000063 0.000021 -0.000006 -0.017787 -0.531821 -0.000186 -0.225167 -0.000035 0.000013 -0.134444 0.000043 -0.086875 -0.000035 -0.093084 0.000105 0.270135 -0.000024 0.000061
-0.000013 0.012441 0.000031 0.355076 0.000089 -0.000002 -0.000013 0.000019 0.000406 0.000109 0.074119 -0.341228 -0.201157 -0.000038 0.000028 -0.250616 0.115598 0.160538 -0.000014 0.000176 0.201720 0.000003 0.000018 0.262697 0.000041 0.000001 -0.000018 -0.000038 0.000049 -0.000071 -0.146544 0.252211 -0.000062 -0.013491 0.005573 -0.000033 0.204401 0.000028 0.000069 -0.000018 -0.017774 -0.217516 -0.002424 -0.122716 0.000090 -0.000009 -0.039961 0.000022 0.113886 -0.000007 -0.101644 -0.000063 0.037930 0.000002 0.000050
-0.000034 -0.035053 0.000020 0.233282 0.000103 0.000016 0.000019 0.000054 -0.000017 -0.000008 0.256769 -0.245597 0.011463 0.000026 -0.000024 -0.089400 -0.008686 -0.002692 0.000039 0.000117 0.196448 0.000025 -0.000049 0.239915 0.000049 -0.000102 0.000020 -0.000067 0.000051 -0.000010 -0.284599 -0.005676 0.000026 -0.065233 0.040141 -0.000055 -0.061165 0.000021 -0.000015 -0.000039 -0.015008 -0.061986 -0.000069 -0.225561 0.000032 -0.000010 -0.175328 -0.000069 -0.011955 -0.000055 -0.169884 -0.000034 -0.125283 -0.000038 -0.000069
0.000009 -0.051550 0.000063 0.120518 0.000219 0.000002 -0.000008 0.000175 -0.000090 0.000008 0.165915 -0.088777 0.115107 -0.000017 0.000092 -0.001811 0.069129 0.216863 -0.000028 0.000142 0.144887 -0.000086 -0.000075 -0.031693 0.000057 0.000031 -0.000056 0.000020 0.000028 0.000006 -0.119968 -0.200684 0.000038 0.073633 0.003099 0.000058 0.039488 -0.000004 0.000013 0.000026 -0.013088 -0.136213 -0.000197 -0.212474 0.000019 -0.000014 -0.006644 -0.000023 -0.025669 -0.000086 -0.002517 -0.000225 -0.005687 0.000022 -0.000016
-0.000018 -0.049041 -0.000018 0.076338 0.000101 0.000011 0.000004 0.000024 -0.000977 0.000003 -0.038095 -0.113881 -0.152867 -0.000066 -0.000036 0.008717 0.120616 0.066740 -0.000007 -0.000007 -0.000269 0.000027 -0.000110 -0.064752 -0.000052 0.000031 0.000015 0.000037 0.000004 -0.000023 -0.222779 -0.082481 -0.000053 0.130822 0.010338 0.000096 0.032464 0.000033 0.000024 -0.000035 -0.009837 -0.395731 -0.000088 -0.487356 0.000023 -0.000009 -0.002195 0.000007 -0.025793 0.000057 0.207765 -0.000169 -0.005299 0.000015 0.000035
-0.000020 0.013831 0.000013 0.034914 0.000243 0.000016 -0.000011 0.000111 -0.001554 -0.000024 -0.581699 -0.072761 -0.090242 0.000029 -0.000052 -0.004847 -0.124302 0.036710 -0.000019 0.000058 -0.198824 0.000039 -0.000043 -0.066755 0.000018 0.000017 0.000062 0.000001 -0.000015 -0.000091 -0.397451 -0.087716 0.000020 -0.021899 0.048301 -0.000193 0.281562 0.000010 0.000024 -0.000042 -0.011279 -0.376693 -0.000057 -0.393132 0.000005 0.000003 -0.110513 -0.000022 -0.013152 -0.000031 0.081655 0.000019 -0.088099 -0.000002 0.000087
-0.000000 -0.006656 -0.000005 -0.135247 0.000371 -0.000018 0.000008 0.000030 -0.000517 -0.000061 -0.414242 0.148422 -0.187692 0.000102 -0.000026 -0.145642 0.048543 0.220355 -0.000019 0.000065 -0.137913 -0.000003 -0.000020 0.332295 0.000028 0.000014 0.000041 0.000032 0.000033 -0.000049 -0.128627 -0.264094 0.000053 0.071104 0.000997 0.000005 0.456372 -0.000080 -0.000009 0.000038 -0.011572 -0.092211 -0.000081 -0.304776 -0.000076 -0.000010 0.038012 0.000024 0.260700 -0.000057 0.066632 0.000218 -0.011188 0.000024 0.000027
0.000041 0.008615 -0.000023 0.094484 0.000097 -0.000039 -0.000005 -0.000059 -0.000131 -0.000005 -0.042419 0.069539 -0.256966 -0.000034 0.000016 -0.017404 0.065210 0.057496 0.000011 0.000114 -0.562040 -0.000039 -0.000013 0.028249 -0.000029 -0.000017 0.000040 -0.000021 -0.000026 0.000012 0.020849 -0.065943 0.000017 0.055863 0.001379 0.000035 0.135337 -0.000097 -0.000077 -0.000021 -0.015142 0.007998 0.000031 -0.170555 0.000057 -0.000037 0.079505 0.000063 0.026246 -0.000054 0.065373 0.000087 -0.020665 0.000044 -0.000022
-0.000017 -0.005163 0.000015 0.120763 0.000276 0.000034 -0.000034 -0.000014 -0.001705 -0.000029 0.189022 0.017260 0.054847 0.000048 -0.000011 0.161985 -0.021970 0.068158 -0.000004 0.000121 -0.645482 -0.000000 -0.000113 -0.018488 0.000019 -0.000048 -0.000094 0.000046 0.000065 0.000014 0.009773 -0.008203 0.000016 0.074154 0.027215 -0.000005 0.160134 0.000107 0.000024 -0.000082 -0.015984 -0.060398 0.000098 -0.028231 0.000063 -0.000006 0.081015 0.000042 -0.056528 -0.000068 0.056357 -0.000177 -0.077600 0.000044 -0.000035
0.000040 -0.013652 -0.000014 0.236619 0.000319 -0.000023 0.000003 0.000039 -0.001011 -0.000040 -0.034963 -0.163528 0.225505 -0.000008 -0.000019 0.291027 -0.082084 0.084338 -0.000005 -0.000016 -0.460510 0.000037 -0.000021 -0.334196 0.000063 0.000004 0.000103 0.000000 0.000092 -0.000025 -0.020826 0.093363 -0.000098 0.049327 0.038949 0.000088 0.175422 0.000060 0.000010 -0.000029 -0.014116 -0.139838 -0.000064 -0.049039 -0.000110 0.000004 0.107566 -0.000105 0.050882 0.000130 0.077314 -0.000063 -0.081874 -0.000006 -0.000018
-0.000025 0.031051 0.000060 0.304389 0.000220 -0.000062 0.000039 -0.000110 -0.001799 0.000010 0.421644 -0.091852 0.078120 0.000009 0.000029 0.380170 -0.117105 0.131624 0.000011 0.000213 -0.585245 -0.000026 0.000055 -0.243455 -0.000061 -0.000028 -0.000000 -0.000027 -0.000023 -0.000055 0.155482 -0.040772 0.000012 0.155038 0.039139 0.000052 -0.021045 -0.000045 0.000013 -0.000010 -0.016383 -0.043165 0.000055 0.027675 -0.000048 0.000025 0.220935 0.000042 0.099510 -0.000068 0.018679 0.000039 -0.054910 0.000051 0.000008
-0.000024 0.064800 -0.000031 0.282684 0.000149 0.000005 0.000012 -0.000054 -0.002560 0.000023 0.185937 0.050864 0.208941 0.000046 -0.000059 0.002314 -0.433269 -0.088962 0.000070 0.000014 -0.245027 0.000012 0.000044 -0.214482 -0.000022 0.000011 -0.000079 -0.000038 0.000015 -0.000050 0.047160 -0.082334 -0.000003 -0.017986 0.107236 -0.000034 0.241716 0.000061 -0.000102 -0.000013 -0.017279 -0.063224 0.000019 -0.177714 0.000091 -0.000016 0.042516 0.000134 0.089531 -0.000011 -0.044812 0.000006 -0.110472 0.000012 0.000010
-0.000003 0.026050 -0.000034 0.095879 0.000334 0.000012 -0.000019 -0.000028 -0.001031 -0.000109 -0.077474 0.102789 0.025829 -0.000004 -0.000064 0.092940 -0.126082 0.005194 0.000004 0.000025 0.120887 0.000013 0.000029 -0.226934 0.000018 0.000009 0.000004 -0.000148 0.000066 0.000001 0.274070 -0.270891 -0.000023 0.069345 0.030382 -0.000010 0.352442 -0.000004 0.000026 -0.000011 -0.013316 0.264576 -0.001644 0.042102 -0.000025 0.000046 0.263626 -0.000058 0.200115 -0.000013 0.122972 -0.000093 0.028836 -0.000034 -0.000037
-0.000018 0.194786 0.000031 0.053618 0.000214 0.000105 0.000019 0.000046 -0.002042 -0.000103 0.447844 0.026019 0.117263 0.000048 -0.000006 0.176695 -0.046850 -0.065606 -0.000034 0.000198 -0.032058 0.000033 -0.000046 -0.197100 0.000034 0.000142 0.000040 0.000003 0.000094 -0.000025 0.223118 -0.057005 -0.000057 0.124658 0.081887 -0.000188 0.234531 0.000147 0.000044 0.000036 -0.014493 0.176481 -0.000254 -0.059333 -0.000013 -0.000024 0.160981 0.000019 0.004875 0.000054 -0.035383 0.000074 -0.097485 0.000028 0.000018
0.000009 0.261818 -0.000014 0.036560 0.000186 -0.000001 0.000012 0.000056 -0.000471 0.000034 0.302550 0.126064 0.064743 0.000021 -0.000039 0.165111 0.136800 -0.083357 -0.000005 0.000173 0.340693 -0.000043 -0.000068 -0.182422 -0.000040 -0.000013 -0.000025 -0.000038 -0.000029 -0.000021 0.028938 -0.295026 0.000020 0.029891 0.058892 0.000072 0.292817 0.000080 0.000026 0.000012 -0.012971 0.388131 -0.000099 -0.030588 0.000020 0.000019 -0.038745 0.000076 -0.025462 0.000126 -0.040084 -0.000099 -0.138718 0.000011 -0.000015
-0.000027 0.088712 0.000025 -0.142709 0.000494 0.000011 -0.000008 -0.000005 0.000307 0.000010 0.454310 0.043056 0.167853 0.000015 -0.000007 0.113226 0.452516 -0.033646 0.000053 0.000049 -0.004779 -0.000068 0.000106 -0.179514 0.000106 0.000061 -0.000037 0.000029 0.000105 0.000005 -0.041543 -0.015451 0.000030 0.034048 0.070360 -0.000014 -0.207143 0.000116 0.000018 0.000002 -0.013088 0.282665 -0.000094 -0.179236 -0.000049 -0.000041 -0.045080 -0.000076 -0.382319 0.000145 -0.096233 0.000067 -0.082903 0.000058 -0.000003
-0.000005 0.131042 -0.000017 0.144143 0.000064 0.000011 -0.000004 0.000004 0.000309 -0.000001 -0.493707 0.085884 -0.018445 0.000083 -0.000014 0.115060 0.468855 -0.020411 -0.000001 -0.000009 -0.034867 0.000047 0.000040 -0.321403 0.000042 0.000015 0.000058 0.000026 -0.000096 -0.000034 0.055939 0.196898 -0.000095 0.127757 0.042304 0.000054 -0.051972 -0.000035 -0.000013 -0.000004 -0.013559 0.226152 -0.000036 -0.064010 -0.000156 0.000004 0.001856 -0.000040 -0.328772 -0.000048 -0.027286 -0.000016 -0.011422 -0.000021 0.000014
-0.000027 0.009057 -0.000001 0.040366 0.000312 -0.000036 -0.000003 -0.000057 -0.000244 -0.000036 -0.828189 -0.031449 -0.058219 0.000000 0.000025 -0.002219 0.759869 -0.218035 0.000018 0.000200 -0.155229 -0.000133 0.000029 -0.315660 0.000025 -0.000015 0.000026 0.000152 -0.000006 0.000024 -0.094401 0.395242 0.000054 -0.082028 0.110527 0.000030 -0.198995 0.000053 -0.000030 0.000012 -0.016487 0.102733 0.000110 0.075858 -0.000023 0.000033 -0.137076 -0.000010 -0.219267 0.000079 -0.030344 -0.000026 0.020118 0.000022 0.000037
-0.000013 -0.079477 0.000048 -0.023816 0.000455 0.000033 0.000012 -0.000039 -0.000246 0.000089 -0.887123 0.080027 -0.069401 -0.000068 -0.000036 0.031311 0.479367 0.076554 -0.000023 0.000032 0.091678 -0.000036 -0.000012 -0.070545 0.000066 0.000035 0.000038 -0.000026 0.000134 -0.000017 0.028874 0.491871 -0.000020 0.169106 0.007980 0.000035 -0.050206 0.000116 0.000048 0.000015 -0.015962 0.211855 0.000065 0.127158 0.000047 -0.000014 0.029242 0.000069 -0.132145 -0.000095 0.119094 -0.000091 0.118542 -0.000038 -0.000027
-0.000001 -0.116421 0.000011 -0.050272 0.000388 -0.000050 0.000008 -0.000051 0.000024 0.000013 -1.355206 0.011046 -0.034000 0.000036 -0.000040 0.113434 0.445122 0.134401 -0.000014 0.000023 -0.034206 0.000035 0.000004 0.022066 0.000067 0.000002 -0.000042 0.000024 -0.000008 0.000069 0.042874 0.311641 -0.000040 0.121514 0.004169 0.000066 -0.005643 -0.000113 0.000006 0.000002 -0.017429 0.022534 0.000094 0.227049 -0.000034 -0.000009 0.089949 -0.000024 -0.431072 0.000056 0.203323 -0.000184 0.128463 0.000005 0.000082
0.000002 -0.205877 0.000015 0.147276 0.000244 -0.000101 -0.000001 0.000032 0.000082 0.000008 -1.190963 -0.054915 -0.000456 -0.000060 -0.000014 0.161959 0.036681 0.223161 0.000031 0.000197 -0.051371 -0.000051 0.000010 -0.022306 0.000034 0.000014 0.000043 0.000013 0.000039 0.000003 0.199719 0.168670 0.000022 0.093878 0.001682 -0.000018 -0.368833 -0.000113 -0.000054 -0.000044 -0.017562 -0.102322 0.000159 0.394120 0.000119 0.000036 0.239548 0.000053 -0.728749 0.000161 0.162971 -0.000028 0.043383 -0.000050 0.000022
-0.000039 -0.051663 0.000032 0.155397 0.000409 0.000025 -0.000006 0.000063 -0.000023 0.000005 -0.597638 0.029954 0.128153 -0.000036 -0.000079 0.285918 0.069349 0.391262 0.000016 0.000023 0.047390 -0.000033 -0.000083 0.226286 -0.000160 -0.000012 0.000043 0.000022 0.000028 -0.000001 0.188357 0.094542 0.000006 0.159549 -0.003837 0.000103 -0.497866 0.000023 -0.000027 -0.000044 -0.014972 0.166811 0.000061 0.053021 0.000095 0.000018 0.178633 0.000101 -0.583558 -0.000036 0.072675 -0.000103 -0.035727 -0.000074 0.000056
0.000004 -0.359062 0.000051 -0.107065 0.000546 -0.000004 0.000048 -0.000107 -0.000038 -0.000173 -0.229604 -0.033211 0.227685 0.000024 0.000052 0.200749 -0.161929 -0.031319 0.000020 0.000012 0.148678 0.000000 0.000086 0.109502 -0.000042 0.000070 0.000156 -0.000004 0.000103 0.000021 -0.171940 -0.100344 0.000029 -0.208536 0.060323 -0.000030 -0.773703 -0.000149 -0.000043 -0.000068 -0.014813 -0.000193 0.000149 0.155204 -0.000048 -0.000002 -0.109659 0.000019 0.049824 -0.000031 -0.281781 0.000027 -0.224454 -0.000009 -0.000003
0.000004 -0.202107 -0.000020 -0.015869 0.000507 0.000057 -0.000006 -0.000104 0.000417 -0.000015 0.009502 -0.047841 0.018033 -0.000008 0.000016 0.264158 -0.085237 0.236211 0.000002 0.000014 -0.166693 0.000120 -0.000048 0.123148 0.000033 -0.000015 0.000008 0.000024 0.000047 0.000035 -0.005121 -0.050956 0.000029 0.026391 -0.000230 0.000059 -0.375724 -0.000044 -0.000035 -0.000016 -0.018952 0.074831 0.000250 -0.191604 -0.000082 -0.000027 -0.060574 -0.000035 0.029160 0.000031 -0.075814 -0.000070 -0.165260 -0.000013 -0.000034
0.000013 -0.140710 -0.000070 -0.011270 0.000438 -0.000019 -0.000004 -0.000030 0.000363 -0.000037 0.118827 -0.263629 0.028373 0.000033 -0.000084 0.104906 -0.021565 0.185308 -0.000023 0.000084 -0.206156 0.000054 -0.000028 0.024915 -0.000010 -0.000018 -0.000023 0.000118 0.000174 0.000063 0.108940 -0.490405 -0.000021 0.097338 -0.001539 -0.000035 -0.068863 -0.000045 -0.000074 -0.000041 -0.020481 0.223739 0.000227 -0.169255 -0.000014 -0.000024 0.016251 0.000028 0.356760 -0.000042 -0.220599 0.000207 -0.110475 0.000036 -0.000019
0.000028 -0.147351 -0.000074 -0.030677 0.000259 0.000004 0.000039 -0.000149 -0.000202 0.000014 -0.245795 -0.360157 -0.091141 -0.000054 -0.000048 -0.096533 0.019522 0.157773 -0.000022 0.000002 -0.223406 -0.000027 0.000021 -0.025207 -0.000011 0.000013 -0.000013 0.000023 0.000035 -0.000024 0.157240 -0.496089 -0.000006 -0.002320 -0.000716 0.000090 -0.172954 0.000090 -0.000038 0.000045 -0.018745 0.256152 0.000120 -0.207914 -0.000048 0.000002 0.128929 0.000039 0.402145 -0.000020 -0.219711 0.000071 -0.029977 -0.000033 0.000035
-0.000039 -0.035965 0.000059 0.021040 0.000490 0.000025 -0.000017 -0.000034 -0.000069 0.000056 -0.703246 -0.052443 0.039440 0.000041 -0.000030 0.010021 -0.127303 0.319106 0.000020 0.000199 0.138937 -0.000017 0.000035 0.056750 -0.000096 0.000014 -0.000143 0.000027 0.000008 0.000015 0.229463 -0.580963 -0.000021 0.023559 -0.007111 -0.000113 -0.127727 -0.000037 0.000002 -0.000031 -0.019580 -0.223384 0.000255 -0.176845 -0.000079 -0.000014 0.183751 -0.000002 0.294454 -0.000035 0.028633 0.000042 0.014909 0.000005 0.000027
0.000008 -0.199387 -0.000039 0.121043 0.000142 0.000071 -0.000012 0.000063 -0.000216 -0.000089 -0.326355 0.005685 0.171117 -0.000006 -0.000023 0.094746 -0.140776 0.333501 -0.000026 0.000271 -0.050047 -0.000005 -0.000043 0.328214 -0.000023 -0.000019 -0.000003 -0.000149 -0.000125 -0.000036 0.084618 -0.311807 -0.000001 -0.032090 0.000948 0.000039 -0.394483 0.000006 0.000046 0.000014 -0.019312 -0.417031 0.000084 -0.267712 0.000020 0.000010 -0.033470 -0.000022 0.097717 -0.000136 -0.023091 -0.000038 -0.130920 0.000004 0.000021
0.000030 -0.232483 -0.000020 0.015234 0.000178 -0.000014 -0.000019 0.000065 -0.000103 -0.000007 -0.347057 -0.083040 0.006372 -0.000003 0.000004 0.020844 0.053117 0.291893 -0.000071 0.000015 -0.353199 0.000014 0.000014 0.545257 0.000022 -0.000024 0.000023 -0.000153 -0.000036 0.000050 0.160304 -0.046058 -0.000027 0.138448 0.000282 0.000057 -0.412236 -0.000051 0.000059 -0.000029 -0.020818 -0.355889 -0.000031 0.031959 0.000093 0.000042 -0.038644 -0.000062 -0.115313 -0.000022 -0.055373 -0.000050 -0.163410 0.000028 0.000012
-0.000005 -0.004826 0.000002 0.105206 0.000308 -0.000067 0.000007 0.000029 0.000029 -0.000023 -0.319251 0.169958 0.141505 -0.000017 -0.000030 -0.252410 0.006528 0.170984 0.000027 -0.000010 -0.378099 0.000060 0.000030 0.432038 -0.000004 0.000010 -0.000143 -0.000032 -0.000056 -0.000024 -0.005079 0.327901 -0.000046 0.106878 0.000918 -0.000059 -0.097670 0.000087 0.000018 -0.000034 -0.022269 -0.162587 0.000029 0.068727 -0.000062 -0.000049 -0.215586 -0.000025 -0.008356 0.000078 -0.160286 -0.000104 -0.369743 0.000001 -0.000021
0.000010 -0.078632 0.000019 -0.021028 0.000221 0.000016 0.000013 -0.000164 0.000054 -0.000078 -0.280744 0.097639 0.439373 -0.000006 -0.000050 -0.280474 0.008586 0.025009 0.000008 0.000100 -0.140899 0.000012 0.000015 0.120995 0.000041 0.000014 0.000076 0.000069 0.000129 -0.000033 -0.166624 -0.147968 0.000057 0.081023 0.041420 0.000081 0.107917 -0.000036 -0.000018 -0.000099 -0.022284 0.183129 0.000193 0.259792 -0.000011 -0.000049 -0.322620 0.000023 -0.133194 0.000016 -0.300521 0.000051 -0.383783 0.000017 0.000066
-0.000017 0.006229 0.000038 -0.018006 0.000012 0.000015 0.000028 0.000027 0.000238 0.000040 -0.053341 -0.009465 0.356823 0.000012 -0.000048 -0.409671 -0.044157 0.080175 -0.000002 0.000236 0.047342 0.000045 -0.000049 -0.053229 0.000003 -0.000098 -0.000014 0.000046 0.000050 0.000003 0.053469 -0.203453 0.000030 0.322111 0.003163 -0.000060 0.188131 -0.000026 -0.000018 -0.000003 -0.021726 0.084378 0.000122 0.036977 -0.000058 -0.000008 -0.048496 0.000075 -0.025692 -0.000025 0.001901 0.000008 -0.204430 -0.000013 -0.000029
0.000018 -0.058707 0.000017 0.073516 0.000313 -0.000036 -0.000030 -0.000055 0.000259 -0.000110 0.156903 -0.227438 0.171747 -0.000008 -0.000059 -0.148269 0.027813 0.283931 -0.000018 0.000064 -0.193069 -0.000006 0.000081 0.090700 -0.000051 -0.000000 0.000056 0.000011 0.000117 0.000055 0.291444 -0.255091 -0.000012 0.376092 0.000740 -0.000047 0.175021 -0.000011 -0.000028 0.000010 -0.019882 -0.061491 0.000132 0.243086 0.000033 -0.000029 0.165083 0.000019 -0.006726 -0.000005 -0.072504 -0.000152 -0.132825 -0.000007 0.000033
-0.000007 -0.088949 0.000026 0.282223 0.000098 -0.000025 -0.000007 0.000050 0.000152 -0.000052 0.199602 -0.281650 0.183272 -0.000034 0.000016 0.046279 -0.256041 0.074036 0.000013 0.000227 -0.106081 0.000015 -0.000044 0.060047 0.000064 0.000003 0.000055 0.000004 0.000018 0.000009 0.168437 -0.464171 -0.000024 0.094154 0.022678 0.000109 -0.015543 0.000008 -0.000083 -0.000027 -0.018065 -0.409866 -0.000035 0.343650 0.000044 0.000018 0.132805 -0.000061 -0.117764 0.000051 -0.194484 0.000053 -0.158839 0.000035 0.000063
-0.000027 0.041897 -0.000063 -0.167520 0.000332 -0.000062 -0.000024 0.000063 0.000443 0.000007 0.059666 -0.349931 0.116233 -0.000015 0.000006 -0.120960 -0.207325 0.039624 0.000046 0.000133 -0.154694 0.000008 -0.000075 0.282931 0.000045 0.000031 -0.000025 -0.000032 0.000153 0.000012 0.076189 -1.213886 -0.000075 0.077062 0.001272 0.000012 0.325419 0.000022 -0.000120 0.000014 -0.018772 -0.123407 0.000051 0.061288 0.000027 -0.000005 -0.033523 0.000025 -0.113704 0.000036 -0.173822 -0.000051 -0.204306 0.000026 -0.000018
0.000032 0.234841 -0.000038 -0.339821 0.000374 0.000026 0.000015 0.000049 0.000614 -0.000033 -0.183935 -0.469404 0.064397 0.000025 0.000069 -0.005431 -0.413998 0.050226 -0.000043 0.000297 0.002457 0.000004 0.000048 -0.012663 0.000022 0.000009 0.000032 -0.000028 0.000035 -0.000058 -0.045743 -1.142574 -0.000014 0.083399 0.000981 0.000057 0.378298 0.000039 0.000033 0.000041 -0.020498 -0.172555 0.000145 -0.076109 -0.000058 -0.000048 -0.124911 0.000038 -0.088183 -0.000026 -0.006148 0.000039 -0.132226 -0.000032 0.000002
0.000026 0.135163 0.000014 -0.561449 0.000259 -0.000005 -0.000014 -0.000032 0.000532 0.000003 -0.140651 -0.254482 -0.034935 0.000002 -0.000090 0.043718 -0.217144 -0.095142 -0.000016 0.000019 0.047093 0.000017 0.000108 -0.053444 -0.000003 0.000026 0.000039 0.000026 0.000030 -0.000064 -0.198640 -0.987801 0.000051 -0.019100 0.002325 0.000073 0.305369 -0.000069 -0.000014 -0.000025 -0.020334 -0.151342 0.000160 -0.128220 -0.000018 0.000022 -0.120838 0.000020 0.020503 0.000100 -0.034219 0.000017 -0.138391 0.000033 -0.000045
0.000014 0.178215 -0.000069 -0.139031 0.000277 -0.000098 0.000016 0.000102 0.000551 0.000007 0.085070 -0.089634 -0.120459 0.000051 0.000032 0.297530 -0.121115 0.026345 -0.000054 0.000125 0.097207 -0.000059 0.000003 0.018515 0.000120 -0.000001 0.000046 -0.000025 0.000047 -0.000013 -0.054112 -0.644975 -0.000007 0.093031 -0.004894 -0.000034 0.124031 -0.000038 0.000019 0.000048 -0.020805 -0.134887 0.000129 0.093424 0.000019 -0.000015 0.013189 -0.000005 0.008232 -0.000008 0.141282 -0.000135 0.074482 0.000020 0.000037
0.000017 0.261079 0.000037 0.034748 0.000014 0.000030 0.000008 0.000062 0.000523 0.000057 0.544798 -0.098720 -0.146837 0.000069 0.000074 0.235973 0.046744 0.160702 0.000021 0.000003 -0.099370 0.000069 0.000081 -0.001605 -0.000105 -0.000025 0.000039 0.000069 0.000006 0.000013 0.027082 -0.324292 -0.000113 0.213589 -0.035497 -0.000101 0.260504 0.000029 -0.000021 -0.000017 -0.018431 -0.231694 0.000067 -0.196949 -0.000008 0.000024 0.052609 -0.000082 0.171820 0.000051 0.207252 0.000129 0.061650 -0.000024 0.000060
0.000008 0.190468 0.000024 0.059269 0.000379 -0.000029 0.000002 0.000035 0.000091 -0.000044 0.454355 -0.211160 -0.070321 0.000014 0.000073 -0.104945 0.005699 -0.097190 -0.000019 0.000158 -0.270864 -0.000034 0.000048 -0.046158 0.000091 -0.000039 0.000003 -0.000046 0.000067 -0.000010 -0.296925 -0.003058 0.000014 0.090643 0.004630 0.000062 0.156677 -0.000080 -0.000013 0.000046 -0.020245 -0.215147 0.000085 -0.153374 0.000027 -0.000006 -0.156874 0.000025 -0.047053 0.000043 -0.039925 -0.000096 -0.058885 -0.000015 0.000033
0.000016 0.310651 0.000014 0.227913 0.000148 0.000024 -0.000012 0.000035 -0.001990 0.000040 0.148435 -0.074920 -0.093235 -0.000007 -0.000032 0.140792 0.054172 -0.103914 0.000044 0.000014 -0.048208 -0.000062 -0.000020 0.002691 -0.000038 -0.000028 -0.000095 -0.000168 0.000085 0.000037 -0.355124 0.274657 0.000031 0.099544 -0.002399 -0.000000 0.393281 0.000032 0.000009 -0.000063 -0.020353 -0.316890 0.000187 -0.188110 -0.000087 -0.000023 -0.086536 0.000019 0.001108 0.000051 0.291509 -0.000142 0.115407 -0.000009 0.000018
0.000021 0.298877 -0.000013 0.292017 0.000352 0.000032 0.000048 -0.000005 -0.001359 -0.000159 -0.012184 0.001257 -0.013530 -0.000012 0.000028 -0.223114 0.066298 0.044292 0.000046 0.000247 0.054431 0.000043 -0.000049 -0.035633 0.000076 0.000044 -0.000009 -0.000070 0.000097 -0.000003 -0.246676 0.362904 -0.000019 -0.030956 -0.003445 0.000038 0.306722 0.000013 0.000024 -0.000029 -0.019482 -0.176767 0.000189 0.037446 0.000046 0.000019 0.025025 0.000009 0.161714 0.000134 0.111798 0.000110 0.172317 -0.000004 -0.000004
0.000013 0.288247 -0.000035 0.290037 0.000262 -0.000011 0.000001 -0.000047 -0.001605 -0.000092 -0.047629 0.125857 0.225016 -0.000005 -0.000020 -0.515823 0.044821 -0.007040 -0.000058 -0.000026 -0.046310 -0.000026 -0.000020 -0.211880 0.000015 0.000024 0.000015 0.000004 -0.000066 0.000002 -0.185802 0.182850 0.000013 -0.056438 0.000668 0.000031 0.193953 -0.000057 -0.000038 -0.000008 -0.020847 -0.207199 0.000061 0.385213 0.000061 0.000042 0.081019 0.000017 0.056184 -0.000002 0.158688 -0.000066 0.120384 0.000055 0.000035
-0.000015 0.358954 0.000008 0.095005 0.000094 0.000092 -0.000021 0.000028 -0.000337 -0.000094 -0.002099 0.304189 0.503964 -0.000057 0.000072 -0.486662 -0.020003 0.056993 -0.000016 0.000065 0.022018 -0.000008 0.000042 -0.142438 0.000022 0.000006 0.000040 0.000017 0.000088 0.000034 -0.035988 -0.196951 0.000031 -0.135536 0.000339 0.000053 0.195271 -0.000025 0.000081 0.000009 -0.021571 -0.382401 0.000072 0.681641 -0.000046 0.000001 0.094152 -0.000081 0.111065 0.000045 0.255667 -0.000007 0.094061 -0.000021 -0.000049
-0.000010 0.399241 -0.000028 0.003611 0.000192 -0.000011 0.000015 0.000070 -0.000659 0.000005 0.229506 0.396802 0.375035 0.000006 -0.000049 -0.465996 -0.203264 0.064464 -0.000018 0.000013 0.061697 -0.000065 -0.000080 -0.311653 0.000121 0.000043 -0.000040 -0.000089 0.000108 0.000047 -0.123075 -0.118608 0.000040 -0.154899 -0.001085 0.000100 0.062248 0.000097 -0.000003 -0.000022 -0.022105 -0.171784 0.000046 0.722449 0.000060 -0.000025 0.082930 -0.000006 0.126140 0.000053 0.044553 0.000014 0.052177 0.000002 0.000036
0.000024 0.288089 -0.000035 -0.265916 0.000196 -0.000015 0.000017 0.000050 -0.002108 0.000065 0.313086 0.140729 0.101750 0.000010 -0.000061 -0.282174 0.011829 0.261029 0.000014 0.000249 -0.183036 -0.000040 0.000000 -0.298015 -0.000009 0.000050 0.000141 0.000023 0.000102 0.000051 0.099673 -0.169187 0.000016 0.012834 -0.000652 0.000026 0.127164 -0.000111 0.000108 -0.000010 -0.022493 -0.029431 0.000179 0.396467 0.000041 0.000027 0.216122 -0.000016 0.081751 0.000018 0.107637 0.000013 0.196756 0.000004 -0.000085
-0.000001 0.051732 0.000091 -0.214475 0.000383 -0.000026 -0.000007 0.000043 -0.002109 -0.000002 0.227817 0.070520 0.019867 -0.000024 -0.000031 -0.000623 -0.068309 0.040951 -0.000057 0.000013 -0.249761 -0.000044 -0.000018 -0.255907 0.000066 0.000014 -0.000030 0.000046 -0.000004 0.000089 -0.114729 0.065404 0.000051 -0.267790 0.041001 -0.000025 -0.009489 0.000113 -0.000030 -0.000008 -0.023319 0.112079 0.000475 0.318801 -0.000025 -0.000013 -0.011036 0.000072 0.139480 -0.000054 -0.162175 -0.000025 0.073390 -0.000010 0.000036
0.000012 0.001851 0.000019 -0.110531 0.000635 -0.000012 -0.000007 0.000102 -0.004465 0.000005 0.174027 0.078457 0.053154 -0.000032 -0.000046 0.346597 -0.062504 0.161909 -0.000048 0.000206 -0.258994 0.000016 -0.000011 -0.193521 0.000061 -0.000001 -0.000060 0.000021 0.000080 -0.000021 -0.178347 0.121233 -0.000032 -0.257320 0.027511 0.000039 -0.118798 0.000012 -0.000027 0.000023 -0.023773 0.190711 0.003621 -0.017257 -0.000167 0.000006 -0.057450 -0.000002 -0.025452 0.000018 0.026984 -0.000075 0.047557 0.000027 0.000014
0.000031 0.033781 -0.000136 -0.321829 0.000482 -0.000018 -0.000029 -0.000017 -0.005516 0.000056 0.046296 0.253328 -0.265836 -0.000039 -0.000036 0.315086 -0.099455 0.327295 0.000018 0.000062 -0.096360 -0.000005 0.000047 -0.198954 0.000052 -0.000004 -0.000103 -0.000024 -0.000011 0.000041 -0.242622 0.149320 0.000014 -0.194148 0.012702 0.000028 -0.312814 -0.000023 -0.000013 0.000047 -0.021630 0.458162 0.008385 -0.048959 -0.000086 0.000025 -0.109154 0.000134 -0.171057 -0.000056 0.028983 0.000004 0.045037 0.000023 -0.000054
-0.000008 0.005453 0.000042 -0.694705 0.000087 0.000053 0.000009 0.000030 -0.008511 0.000012 0.059053 0.118514 -0.174316 -0.000005 -0.000012 0.373637 -0.238774 0.568393 0.000029 0.000017 0.075539 -0.000033 0.000026 -0.416585 -0.000030 -0.000042 0.000044 0.000047 0.000028 -0.000003 -0.166143 0.141310 0.000036 -0.172551 0.016531 -0.000027 -0.313765 0.000034 0.000034 0.000035 -0.023151 0.487317 0.006048 0.062292 0.000051 0.000025 -0.006670 0.000038 -0.431029 0.000018 0.029671 -0.000030 0.020622 0.000013 0.000032
0.000018 -0.078582 0.000052 -1.147842 0.000542 0.000050 0.000018 -0.000110 -0.010588 0.000002 -0.191588 0.340534 -0.284662 0.000011 0.000005 0.292880 -0.141270 0.322478 -0.000037 0.000145 0.237455 -0.000087 -0.000044 -0.297793 -0.000034 -0.000021 0.000062 -0.000024 0.000149 -0.000036 -0.182897 -0.183477 0.000016 -0.285174 0.047393 0.000006 -0.458173 -0.000040 -0.000136 -0.000012 -0.021646 0.500490 0.008292 0.166469 -0.000035 0.000014 -0.056136 -0.000018 -0.300822 0.000014 -0.061107 -0.000166 0.009483 -0.000023 0.000008
0.000014 0.002386 0.000028 -1.196378 0.000577 -0.000054 -0.000002 -0.000060 -0.014667 0.000088 -0.275511 0.227663 -0.454529 0.000031 0.000044 0.247252 -0.061943 0.298977 0.000016 0.000043 0.040927 -0.000021 0.000026 -0.253695 0.000058 0.000041 0.000106 0.000073 0.000006 0.000047 0.027684 0.047728 0.000018 -0.148831 0.022981 0.000048 -0.284116 -0.000049 0.000047 0.000023 -0.023071 0.130486 0.002939 0.057239 0.000022 -0.000026 -0.063007 -0.000018 -0.450038 0.000055 0.061395 0.000160 0.117841 0.000000 0.000069
0.000002 -0.079848 -0.000010 -0.964611 0.000518 -0.000026 0.000045 0.000027 -0.014925 -0.000048 -0.178095 0.100590 -0.595624 0.000073 0.000009 0.008226 -0.011175 0.298664 0.000028 0.000063 0.161440 0.000035 0.000010 -0.092719 -0.000012 0.000058 0.000153 0.000027 0.000051 0.000010 0.149069 0.151665 -0.000035 -0.023136 0.006023 -0.000094 -0.091340 0.000022 -0.000073 0.000010 -0.022150 0.085262 0.000202 0.197780 -0.000120 -0.000015 -0.041281 -0.000021 -0.181632 -0.000087 0.093341 0.000156 0.197639 -0.000016 -0.000000
0.000026 -0.259808 0.000034 -0.873503 0.000424 -0.000017 -0.000038 0.000014 -0.013980 0.000012 0.156173 -0.081398 -0.105213 -0.000046 -0.000052 -0.216087 -0.192998 0.281745 -0.000019 0.000166 0.205086 0.000053 0.000133 -0.083680 -0.000077 0.000022 -0.000040 -0.000035 0.000165 0.000015 0.319791 0.347356 0.000006 0.076000 0.000337 0.000041 -0.132500 -0.000005 0.000034 0.000044 -0.022175 0.012161 0.000500 0.141665 0.000009 -0.000027 0.152520 0.000052 -0.456846 0.000009 0.159810 0.000034 0.265698 -0.000035 -0.000029
-0.000010 -0.280734 0.000004 -0.899091 0.000352 0.000028 -0.000006 -0.000188 -0.011633 -0.000046 -0.009304 -0.088769 -0.063491 0.000024 -0.000036 -0.290495 -0.291715 0.026076 -0.000003 -0.000009 0.195339 -0.000007 0.000070 -0.138017 0.000028 -0.000026 -0.000039 -0.000023 -0.000035 -0.000007 0.036859 -0.070469 0.000013 -0.122311 0.075669 0.000032 -0.002148 -0.000086 -0.000024 -0.000011 -0.022004 0.169366 0.000488 -0.132115 0.000050 -0.000027 -0.029131 0.000018 -0.318622 -0.000007 -0.015103 -0.000030 -0.015180 0.000011 0.000025
-0.000024 -0.322903 0.000019 -0.381365 0.000579 0.000014 0.000003 0.000097 -0.011185 -0.000147 0.127441 -0.272812 -0.031261 0.000014 -0.000027 -0.638182 -0.064045 -0.015696 -0.000016 0.000167 -0.124742 0.000042 0.000002 -0.144119 0.000052 -0.000037 -0.000003 -0.000148 0.000112 0.000015 0.065514 -0.074035 0.000058 0.052072 0.087524 -0.000041 0.183418 0.000109 0.000035 0.000023 -0.021536 0.076559 0.002659 0.047007 0.000065 0.000039 -0.012050 -0.000017 -0.343051 0.000031 0.067994 0.000064 0.061674 -0.000017 -0.000007
-0.000002 -0.119942 0.000018 -0.019359 0.000565 0.000016 0.000000 -0.000087 -0.009749 -0.000009 0.016677 -0.174122 0.098799 -0.000057 0.000045 -0.721545 -0.084262 -0.006763 0.000013 0.000042 -0.025821 -0.000022 0.000127 0.193885 -0.000023 -0.000005 0.000017 -0.000050 -0.000049 -0.000008 -0.139644 -0.000313 0.000008 0.007581 0.070173 0.000039 -0.047043 -0.000060 -0.000053 -0.000012 -0.022651 0.141812 0.004740 0.110328 -0.000003 0.000009 -0.208144 0.000117 -0.362637 -0.000022 -0.002977 -0.000001 -0.189968 0.000010 0.000081
-0.000030 0.141297 0.000034 -0.130796 0.000500 -0.000007 0.000005 -0.000047 -0.007586 -0.000018 -0.338063 0.061779 0.464848 -0.000024 -0.000014 -0.706899 -0.232377 -0.034030 0.000066 0.000124 0.392576 0.000068 0.000039 0.279219 0.000004 -0.000025 -0.000025 -0.000056 0.000079 0.000028 -0.099113 -0.097861 -0.000019 0.190804 0.008140 -0.000041 -0.050476 -0.000056 0.000025 0.000003 -0.020044 -0.052240 0.008445 0.123077 0.000026 -0.000020 -0.084879 0.000068 0.041615 -0.000035 0.240828 0.000172 -0.161839 -0.000010 0.000018
-0.000004 0.079850 0.000045 -0.176922 0.000321 0.000008 -0.000013 0.000042 -0.006866 -0.000022 -0.127487 0.012267 0.208353 -0.000012 0.000034 -0.790268 -0.130770 0.079567 -0.000027 0.000010 0.410305 -0.000035 0.000008 -0.050168 0.000059 -0.000017 0.000006 0.000008 -0.000034 0.000014 -0.116364 0.056961 -0.000062 0.222263 0.053993 0.000149 -0.189774 -0.000015 -0.000039 -0.000013 -0.020598 -0.088140 0.006480 0.081315 0.000053 0.000026 -0.211503 -0.000014 -0.162498 0.000066 0.268583 -0.000088 -0.196830 -0.000020 -0.000037
-0.000017 -0.002396 -0.000014 0.135960 0.000451 0.000064 0.000031 -0.000087 -0.006930 0.000029 0.184809 -0.042418 -0.018102 0.000076 0.000014 -0.649814 -0.076000 0.034214 0.000001 0.000027 0.385246 -0.000068 0.000001 0.134698 0.000052 -0.000001 -0.000138 0.000024 0.000022 0.000027 -0.142293 0.269591 0.000032 0.216046 0.064502 0.000042 -0.027557 -0.000035 0.000033 0.000084 -0.018569 0.062048 0.000885 0.116280 -0.000100 0.000007 -0.375669 0.000054 -0.114508 -0.000137 0.190763 -0.000111 -0.208047 0.000074 0.000070
0.000005 0.102313 -0.000034 0.055650 0.000485 -0.000007 0.000004 -0.000042 -0.009941 0.000071 0.221028 -0.038645 -0.487655 0.000010 0.000035 -0.221015 -0.050095 -0.277581 -0.000049 0.000152 0.156096 -0.000032 -0.000089 0.032024 -0.000005 -0.000002 0.000031 0.000020 -0.000020 0.000084 -0.211417 0.057268 0.000013 0.277325 0.136915 -0.000004 -0.209673 0.000035 -0.000023 -0.000022 -0.016852 0.049436 0.002193 -0.071197 0.000085 0.000022 -0.412437 0.000030 -0.315913 0.000003 0.151679 -0.000040 -0.212745 -0.000046 0.000001
-0.000008 0.143827 -0.000029 0.291291 0.000414 0.000014 0.000007 -0.000004 -0.011234 0.000019 0.109499 -0.206315 -0.267162 -0.000022 0.000031 -0.001964 -0.148298 -0.337466 0.000007 0.000047 -0.019205 -0.000016 -0.000027 -0.151191 -0.000111 -0.000071 0.000063 -0.000078 -0.000109 -0.000010 0.013194 0.046351 0.000038 0.357345 0.105799 0.000022 0.070407 0.000062 0.000022 -0.000026 -0.013542 0.193051 0.004376 0.004189 -0.000060 0.000030 -0.163180 -0.000072 -0.302751 -0.000040 0.269723 0.000175 -0.001733 -0.000011 -0.000045
-0.000015 0.190150 -0.000036 0.075565 0.000421 0.000020 -0.000030 -0.000197 -0.010559 -0.000037 0.073582 0.018988 -0.272002 0.000047 -0.000023 -0.227296 0.006284 -0.262112 -0.000013 0.000023 -0.081155 -0.000085 -0.000061 0.235579 -0.000040 -0.000031 -0.000022 0.000152 0.000048 0.000003 0.072380 -0.039860 -0.000007 0.237059 0.094446 -0.000044 0.188461 0.000063 -0.000013 0.000025 -0.015230 0.320147 0.009390 -0.256961 -0.000028 -0.000026 -0.022093 0.000004 -0.094899 0.000042 0.209931 -0.000065 0.032777 0.000026 -0.000038
0.000038 0.229563 -0.000053 -0.092962 0.000452 -0.000027 0.000009 0.000048 -0.010297 -0.000074 0.247620 -0.083340 -0.207517 0.000000 0.000027 -0.042749 0.035234 -0.547255 0.000015 -0.000007 -0.274436 0.000028 0.000036 0.274311 0.000005 0.000005 0.000034 -0.000070 0.000110 -0.000008 0.220802 0.082037 -0.000057 0.147958 0.147008 -0.000071 0.095934 0.000009 0.000016 0.000012 -0.016943 -0.245487 0.009959 -0.141083 -0.000057 -0.000041 0.118138 0.000021 0.007846 0.000013 0.056154 0.000001 0.081179 -0.000020 0.000008
0.000020 0.267886 -0.000014 -0.122942 0.000236 0.000015 -0.000019 0.000056 -0.010922 0.000016 0.019223 0.154372 -0.232920 -0.000001 0.000018 0.110979 -0.005498 -0.352642 0.000002 0.000027 0.052471 0.000021 0.000045 0.309687 -0.000024 -0.000031 0.000030 0.000032 0.000065 -0.000053 -0.002650 0.000474 -0.000056 -0.107689 0.122218 -0.000006 0.064240 -0.000050 0.000001 0.000061 -0.021279 -0.095613 0.006109 -0.332545 -0.000059 -0.000030 0.032874 0.000039 -0.114198 -0.000039 0.016786 0.000049 0.076646 -0.000011 0.000009
-0.000009 0.227129 -0.000025 0.103146 0.000389 0.000027 0.000005 -0.000032 -0.009192 0.000018 -0.218613 0.144976 -0.063476 0.000005 -0.000009 0.162025 -0.036876 -0.362383 -0.000044 0.000043 0.146380 -0.000019 0.000029 0.304641 0.000130 0.000011 -0.000033 0.000078 -0.000184 0.000014 0.037182 0.094488 0.000033 -0.124067 0.103083 0.000153 -0.036152 -0.000094 0.000024 -0.000024 -0.023018 -0.284463 0.001195 -0.271743 -0.000027 -0.000014 0.062135 -0.000033 0.010084 0.000032 0.202136 0.000158 0.131745 -0.000015 -0.000016
0.000007 0.108056 -0.000017 0.166826 0.000337 0.000019 0.000001 -0.000032 -0.006688 0.000004 -0.200470 -0.059846 0.053092 0.000047 -0.000016 -0.067232 -0.085443 -0.310020 -0.000007 0.000044 -0.014475 0.000017 0.000030 0.125763 -0.000015 0.000022 -0.000096 0.000065 0.000064 0.000046 0.150064 0.226359 0.000034 -0.059846 0.137869 0.000048 -0.007992 -0.000062 -0.000043 0.000011 -0.024007 -0.478508 0.000325 0.069919 0.000041 -0.000015 0.099565 -0.000039 -0.141803 0.000056 0.052511 0.000100 0.088263 -0.000029 0.000048
0.000037 0.210970 0.000033 0.047505 0.000348 0.000039 0.000016 0.000055 -0.005063 0.000044 -0.092824 0.005413 -0.077314 -0.000022 -0.000046 -0.094414 0.101734 -0.030442 0.000026 0.000005 -0.130217 0.000051 0.000035 0.114029 0.000083 0.000022 0.000017 0.000032 0.000111 0.000047 0.135779 0.258176 -0.000013 -0.112547 0.112442 0.000065 0.009855 -0.000116 -0.000013 -0.000034 -0.023759 -0.263781 0.000318 -0.040095 0.000019 -0.000003 0.014712 -0.000036 -0.242430 0.000048 0.128172 -0.000035 0.006336 -0.000013 0.000116
0.000004 0.153485 0.000018 0.047708 0.000165 0.000010 -0.000011 -0.000028 -0.006329 -0.000109 0.046005 -0.029500 0.152137 0.000019 0.000012 -0.402332 0.196350 0.059616 -0.000075 0.000118 -0.329558 -0.000020 0.000029 0.213506 -0.000107 -0.000007 -0.000045 0.000046 0.000004 0.000008 0.172801 0.041482 0.000022 0.064794 0.062092 -0.000071 0.236977 -0.000068 0.000012 -0.000011 -0.022658 -0.510053 0.000303 0.234909 -0.000184 0.000005 0.113116 -0.000088 -0.041152 0.000027 0.063437 -0.000055 -0.020423 -0.000004 -0.000112
-0.000020 0.009883 -0.000036 -0.043920 0.000342 0.000040 0.000005 -0.000031 -0.006288 -0.000019 0.211209 0.220752 0.176700 0.000019 0.000024 -0.392491 0.029980 -0.073362 -0.000022 0.000031 -0.166131 0.000026 -0.000152 0.132439 0.000071 -0.000027 -0.000029 -0.000032 0.000158 -0.000020 -0.046839 -0.018114 -0.000033 -0.042136 0.095083 -0.000111 -0.006161 -0.000043 -0.000012 -0.000005 -0.020541 0.040849 0.000200 0.043662 -0.000185 -0.000013 -0.091415 0.000006 -0.237429 -0.000037 0.050895 -0.000113 -0.122400 0.000024 -0.000015
0.000012 -0.061167 -0.000033 0.008885 0.000410 -0.000028 -0.000005 -0.000066 -0.006795 -0.000014 0.031432 0.349612 -0.014019 -0.000020 0.000133 -0.212066 -0.161110 0.084795 0.000011 0.000190 -0.124813 0.000011 -0.000044 0.078675 0.000012 0.000031 0.000019 0.000071 0.000058 0.000001 0.019403 -0.092646 -0.000055 -0.012659 0.014742 0.000074 -0.114993 -0.000208 -0.000046 -0.000026 -0.020744 0.013234 0.000245 0.336667 0.000125 0.000025 -0.016869 -0.000133 -0.065876 -0.000023 0.128330 0.000080 0.027607 -0.000012 -0.000017
-0.000024 -0.086123 -0.000008 0.006197 0.000069 0.000000 0.000005 -0.000009 -0.007176 0.000074 -0.264073 0.019931 -0.454667 0.000007 0.000111 0.115835 -0.068750 0.012695 -0.000024 0.000158 -0.292086 0.000127 -0.000044 -0.033802 -0.000023 0.000033 -0.000023 0.000045 -0.000067 -0.000000 0.138908 -0.374966 0.000055 0.033073 0.073061 -0.000099 -0.050802 -0.000127 -0.000002 -0.000019 -0.018382 -0.495149 0.000304 0.319630 0.000031 -0.000081 0.051373 0.000019 -0.013624 0.000054 0.033913 -0.000084 0.090816 -0.000033 -0.000022
0.000039 -0.043814 -0.000023 -0.008682 0.000348 -0.000017 -0.000007 -0.000029 -0.009144 -0.000173 -0.061234 0.282880 -0.383032 -0.000015 0.000030 0.109188 -0.056223 0.063472 -0.000000 -0.000014 0.035228 -0.000081 0.000019 0.215090 -0.000014 0.000042 0.000084 -0.000078 -0.000032 -0.000019 0.027046 -0.290246 0.000051 0.113355 0.025603 0.000056 0.011963 0.000045 -0.000022 -0.000025 -0.019319 -0.334632 0.000482 0.248576 -0.000073 0.000013 -0.017474 -0.000037 0.005754 0.000005 0.114875 -0.000039 0.065002 0.000038 -0.000018
0.000033 -0.010605 -0.000054 -0.090815 0.000387 0.000037 -0.000013 0.000084 -0.010350 -0.000068 -0.027725 0.214787 -0.488960 0.000026 -0.000007 0.097857 -0.341445 0.117984 0.000007 -0.000035 0.142695 0.000073 -0.000037 -0.199814 -0.000030 -0.000018 -0.000076 -0.000155 -0.000029 -0.000015 -0.176710 -0.003271 -0.000003 0.017970 0.042699 -0.000040 -0.196685 -0.000003 0.000132 0.000039 -0.020648 -0.250939 0.000309 0.381317 0.000030 0.000048 -0.008507 0.000036 0.254552 -0.000047 -0.127014 -0.000193 0.056091 -0.000058 0.000012
0.000034 0.015601 0.000049 0.126870 0.000063 -0.000006 0.000006 -0.000055 -0.009442 -0.000084 0.095266 0.264655 -0.890688 -0.000030 0.000056 -0.190034 -0.460939 0.169999 0.000029 0.000014 0.431712 -0.000020 -0.000026 -0.034250 -0.000129 0.000078 -0.000024 -0.000078 0.000049 0.000013 -0.105035 -0.006352 0.000063 0.201907 0.009439 0.000004 -0.097728 -0.000006 0.000037 -0.000022 -0.019472 -0.294968 0.000211 0.169263 -0.000049 0.000024 0.043374 0.000007 0.449853 -0.000035 -0.003691 0.000089 0.103908 -0.000060 -0.000003
-0.000016 0.171577 -0.000104 0.160483 0.000181 0.000005 -0.000008 -0.000082 -0.010074 -0.000079 0.187384 0.376950 -0.699919 0.000053 0.000066 0.096226 -0.421552 -0.034877 0.000015 0.000018 0.316981 -0.000023 -0.000031 -0.166531 -0.000051 -0.000063 0.000058 -0.000018 -0.000053 0.000065 -0.165213 0.149771 -0.000034 0.029943 0.028830 -0.000111 -0.095149 -0.000132 0.000121 -0.000006 -0.019913 -0.219822 0.000221 0.123828 -0.000009 -0.000019 0.025419 0.000146 0.204278 0.000060 -0.086681 -0.000123 0.004054 -0.000013 0.000023
-0.000009 -0.015851 0.000016 0.156914 0.000003 -0.000019 0.000021 -0.000025 -0.012222 0.000054 0.221416 0.310778 -0.261983 -0.000019 0.000007 0.470295 -0.406814 -0.022388 -0.000008 0.000184 0.256086 0.000018 -0.000001 -0.147419 -0.000036 -0.000059 0.000038 -0.000032 0.000067 0.000009 -0.106930 0.429377 -0.000008 -0.058836 0.022806 0.000059 -0.175129 0.000028 0.000042 0.000031 -0.023182 -0.189047 0.000426 -0.035034 -0.000081 0.000011 -0.034660 0.000066 0.036784 0.000014 0.020483 0.000030 0.035916 -0.000022 0.000017
0.000032 -0.197841 0.000045 0.101622 0.000027 0.000006 0.000008 0.000019 -0.012867 -0.000060 0.179816 0.106198 -0.251143 0.000038 -0.000001 0.126072 0.124484 -0.025062 -0.000000 0.000008 0.263844 -0.000097 -0.000091 0.022515 -0.000015 0.000063 -0.000001 0.000121 0.000003 -0.000022 -0.160085 0.246345 -0.000056 -0.070535 0.013294 -0.000035 0.057833 0.000007 -0.000141 -0.000022 -0.020618 0.047540 0.000265 0.106447 -0.000018 0.000035 -0.082672 -0.000037 0.119380 -0.000047 0.052233 0.000035 0.103270 -0.000014 -0.000022
0.000003 -0.178101 -0.000020 0.015356 0.000320 0.000029 -0.000007 0.000182 -0.013021 0.000023 0.127751 -0.122199 -0.411759 -0.000030 0.000025 -0.007361 0.437978 0.324675 0.000045 0.000023 0.200695 0.000019 -0.000023 -0.299654 -0.000016 0.000005 0.000058 0.000042 -0.000047 -0.000046 0.017068 0.290893 -0.000007 0.087106 0.002148 -0.000035 0.270183 0.000011 -0.000019 0.000013 -0.019905 0.164159 0.000384 0.245596 0.000187 -0.000008 0.216594 0.000033 0.119225 -0.000027 0.420537 -0.000041 0.297107 0.000035 0.000002
-0.000019 -0.293966 -0.000007 0.162060 0.000417 -0.000065 0.000011 0.000030 -0.012829 -0.000027 0.184428 -0.029376 0.002429 0.000038 -0.000025 -0.092443 -0.120556 0.139175 0.000036 -0.000047 0.371823 0.000065 0.000040 -0.471522 -0.000073 -0.000030 -0.000008 0.000121 0.000070 0.000014 -0.130199 0.076233 -0.000033 -0.076800 0.036702 0.000061 0.203991 -0.000163 0.000119 -0.000049 -0.017390 -0.052325 0.000238 -0.219511 0.000029 -0.000028 0.021001 0.000020 -0.087202 0.000028 0.243822 0.000043 0.199356 0.000010 0.000066
-0.000001 -0.169653 -0.000028 0.144050 0.000404 0.000017 0.000001 0.000115 -0.012274 -0.000106 0.071979 -0.168653 0.004569 -0.000008 0.000032 0.043294 -0.124576 0.017414 -0.000072 -0.000014 0.272306 0.000059 -0.000022 -0.390774 0.000027 0.000038 0.000077 0.000008 0.000080 0.000027 -0.369738 0.023367 -0.000049 -0.368016 0.124121 -0.000031 0.173429 0.000116 -0.000020 0.000021 -0.018481 -0.185120 0.000455 -0.097310 -0.000053 -0.000004 -0.164427 0.000058 -0.043944 0.000065 0.026792 0.000095 -0.102271 0.000011 -0.000060
-0.000002 -0.010612 0.000013 0.129220 0.000371 0.000036 0.000007 -0.000081 -0.012064 -0.000169 0.017108 -0.128313 -0.164615 0.000012 0.000022 0.284922 -0.001564 0.281948 0.000070 0.000018 0.242893 0.000031 -0.000027 -0.233284 -0.000049 -0.000033 0.000131 -0.000045 -0.000125 0.000083 -0.098861 0.126704 0.000041 -0.139187 0.003725 0.000061 0.296299 0.000023 0.000098 0.000009 -0.017446 0.138508 0.000369 -0.097808 -0.000046 0.000038 -0.000257 0.000018 0.283035 -0.000028 0.092223 -0.000048 -0.098238 -0.000010 -0.000037
-0.000004 -0.303275 -0.000034 0.110934 0.000311 -0.000055 0.000005 -0.000037 -0.009687 0.000005 0.047775 -0.188634 -0.164584 -0.000036 0.000051 0.190281 0.054144 0.191553 -0.000032 0.000164 0.018262 -0.000001 -0.000032 -0.205420 0.000037 -0.000057 0.000041 -0.000071 -0.000066 -0.000035 -0.063047 0.076687 0.000016 -0.243066 0.054845 -0.000035 -0.101073 0.000044 0.000024 -0.000038 -0.017681 0.349663 0.000306 -0.120318 -0.000009 0.000018 -0.127696 -0.000020 0.014826 0.000062 0.022064 -0.000075 -0.133824 0.000020 -0.000056
-0.000013 -0.557200 -0.000024 0.104601 0.000308 -0.000029 0.000023 -0.000043 -0.009031 0.000042 0.117901 -0.222205 0.084934 -0.000007 0.000036 -0.022355 -0.029512 0.322051 -0.000017 -0.000009 -0.113335 -0.000046 0.000019 -0.218692 -0.000048 -0.000035 0.000085 0.000071 -0.000115 0.000030 0.008743 0.000947 0.000015 -0.153360 0.015852 -0.000065 0.085247 0.000115 0.000020 0.000015 -0.018021 0.389187 0.000295 -0.020390 0.000054 -0.000004 -0.062904 0.000020 -0.252525 -0.000078 0.091507 -0.000057 -0.002633 -0.000011 -0.000019
0.000017 -0.490758 0.000023 -0.287196 0.000266 0.000007 0.000001 0.000071 -0.007198 -0.000039 -0.064395 0.021987 -0.187647 -0.000028 -0.000026 -0.013372 0.052133 0.158304 -0.000007 0.000095 0.161266 0.000037 0.000033 -0.112790 -0.000017 -0.000013 0.000137 0.000048 0.000082 -0.000004 0.097835 -0.338897 0.000021 -0.001656 -0.000387 0.000035 0.047787 -0.000099 -0.000048 0.000028 -0.016989 0.100805 0.000180 -0.333400 0.000058 0.000117 -0.002332 -0.000006 -0.030163 0.000008 0.325889 -0.000042 0.081245 0.000030 0.000008
-0.000002 -0.383050 0.000060 -0.196280 0.000454 0.000062 0.000006 -0.000025 -0.007228 0.000049 -0.380587 0.011740 0.005452 -0.000006 0.000030 0.019115 -0.014908 0.053524 -0.000016 -0.000010 0.208932 -0.000025 -0.000012 0.091443 0.000005 0.000042 -0.000041 -0.000024 0.000092 0.000040 0.081842 -0.316364 -0.000007 -0.061162 0.009025 0.000138 0.088848 0.000034 0.000018 -0.000067 -0.015505 -0.211600 0.000347 -0.681276 0.000080 -0.000078 -0.077120 0.000053 0.010936 0.000042 0.113799 0.000040 -0.001027 0.000007 0.000022
-0.000017 -0.299493 0.000053 -0.051692 0.000457 -0.000045 0.000006 0.000096 -0.005938 0.000011 -0.089379 0.076560 0.174705 -0.000007 0.000077 0.105801 -0.259976 0.151650 -0.000008 0.000014 0.224757 -0.000042 0.000002 -0.118947 -0.000001 0.000033 -0.000008 -0.000063 0.000191 0.000027 0.123817 -0.285197 -0.000014 0.027899 0.011913 0.000005 -0.258851 -0.000020 0.000019 0.000012 -0.014960 -0.377687 0.000130 -0.311695 -0.000024 -0.000037 -0.033428 -0.000007 -0.351297 -0.000028 0.084237 0.000030 -0.020010 -0.000019 0.000033
0.000010 -0.027360 0.000014 -0.060775 0.000317 -0.000009 0.000008 -0.000058 -0.007591 -0.000061 -0.131958 -0.050419 0.010799 -0.000061 0.000014 -0.013083 -0.272350 -0.001215 -0.000001 -0.000017 0.032049 0.000036 -0.000050 0.028583 0.000013 0.000030 0.000079 0.000000 -0.000007 0.000011 -0.023894 -0.121061 -0.000032 -0.010367 0.059966 -0.000004 -0.397117 0.000029 -0.000048 0.000019 -0.015828 -0.234110 0.000140 -0.133780 0.000055 -0.000029 -0.085800 0.000075 -0.426771 -0.000064 0.039215 0.000104 -0.104350 -0.000022 0.000118
0.000038 -0.104219 0.000017 -0.003007 0.000054 0.000032 -0.000008 0.000004 -0.007060 -0.000086 -0.147625 0.144164 -0.012415 0.000011 0.000013 -0.168042 -0.187955 -0.156522 0.000001 0.000011 -0.032549 0.000070 0.000005 0.023290 -0.000107 0.000017 0.000022 0.000048 0.000071 -0.000051 0.108933 -0.057054 -0.000028 0.022482 0.049235 -0.000093 -0.123465 0.000009 0.000146 -0.000027 -0.018360 0.110673 0.000315 -0.326585 0.000032 -0.000012 -0.003009 0.000027 -0.331789 -0.000002 0.032313 0.000106 0.055123 -0.000013 0.000135
-0.000002 0.062888 -0.000025 -0.269235 0.000039 0.000003 0.000015 0.000077 -0.008004 0.000015 0.052296 0.023072 -0.338617 0.000045 0.000007 -0.309396 0.109144 -0.072933 -0.000034 0.000088 -0.232338 0.000014 -0.000009 0.154556 0.000037 -0.000020 -0.000033 -0.000105 0.000071 0.000044 0.333041 0.488179 0.000077 0.228125 0.008288 -0.000071 0.103269 -0.000033 0.000044 -0.000027 -0.016256 0.169215 0.000223 -0.193987 0.000026 0.000007 0.236892 0.000044 -0.074961 0.000002 0.096849 0.000143 0.172816 0.000035 -0.000070
-0.000015 0.059466 -0.000042 0.261768 0.000017 0.000039 -0.000054 0.000029 -0.008265 -0.000002 0.034094 0.108001 -0.203643 -0.000013 -0.000027 -0.207240 -0.066985 -0.198674 -0.000003 0.000087 -0.129624 0.000006 0.000050 -0.039313 0.000034 -0.000011 0.000023 -0.000052 -0.000038 0.000004 0.157402 0.775137 0.000028 0.111896 0.026658 0.000056 0.178527 0.000108 0.000018 0.000014 -0.015705 0.373123 0.000098 -0.050626 0.000069 -0.000010 0.097274 0.000063 -0.163899 0.000059 -0.026215 -0.000123 0.206113 0.000026 -0.000021
0.000015 -0.070921 -0.000033 0.205749 0.000280 0.000000 0.000018 0.000038 -0.008432 0.000036 -0.001723 0.044341 0.208560 0.000026 -0.000015 0.211893 0.041629 -0.078638 -0.000023 -0.000030 0.138317 0.000020 0.000001 -0.018294 -0.000052 0.000021 0.000080 -0.000060 0.000166 -0.000054 0.135216 0.533170 0.000015 0.170389 0.003687 0.000062 0.374147 -0.000017 0.000024 0.000006 -0.015062 0.254937 0.000079 0.038081 -0.000054 -0.000003 0.202339 -0.000028 0.058606 0.000034 0.118150 -0.000060 0.434923 0.000012 -0.000034
-0.000013 -0.259361 -0.000033 0.116974 0.000240 0.000051 0.000016 0.000183 -0.007660 -0.000124 0.177418 0.288114 0.546617 -0.000000 0.000014 0.154600 0.084649 -0.071575 -0.000019 -0.000017 0.110290 0.000053 0.000009 0.164081 0.000055 0.000018 -0.000020 0.000032 0.000067 0.000009 -0.013497 0.244332 0.000015 0.112562 0.008329 -0.000110 0.061563 0.000030 -0.000064 0.000052 -0.013289 0.241428 0.000047 0.116121 0.000054 -0.000025 -0.015174 -0.000023 -0.130359 -0.000020 0.016362 -0.000013 0.269123 -0.000004 -0.000039
-0.000019 -0.131302 -0.000010 0.062564 0.000506 -0.000054 0.000002 -0.000083 -0.005153 0.000030 0.043290 0.065089 0.375277 0.000001 -0.000016 0.260749 0.009740 -0.232473 0.000048 0.000054 -0.003924 0.000078 0.000099 0.539687 -0.000040 0.000006 -0.000026 -0.000067 0.000018 -0.000005 -0.129879 0.103812 -0.000017 0.112300 0.079925 0.000078 0.126730 0.000090 -0.000018 0.000053 -0.015434 0.166575 0.000089 0.019210 -0.000065 0.000023 -0.246785 -0.000073 -0.010357 0.000018 -0.139357 -0.000066 0.014650 -0.000022 -0.000069
-0.000119 -0.026216 0.000026 -0.036842 0.000576 -0.000020 0.000027 0.000051 -0.002420 -0.000007 0.033475 -0.200135 -0.011720 -0.000049 -0.000031 0.104024 -0.157384 -0.243584 -0.000023 0.000252 -0.259230 -0.000011 0.000017 0.255077 -0.000085 -0.000013 0.000016 0.000033 -0.000016 -0.000003 0.027273 0.004931 -0.000022 0.379072 0.098418 -0.000033 -0.079690 -0.000099 0.000022 0.000015 -0.019042 -0.137880 0.000213 -0.125597 -0.000090 0.000003 -0.014384 0.000038 -0.098018 -0.000029 -0.042294 -0.000113 0.103993 0.000001 0.000074
0.000014 0.024130 0.000044 0.225824 0.000275 0.000061 -0.000002 -0.000026 -0.003964 -0.000021 -0.021066 -0.004557 0.025663 -0.000009 -0.000011 -0.225746 -0.225457 -0.417434 0.000026 0.000272 0.002882 -0.000001 -0.000079 -0.100552 -0.000053 0.000056 -0.000008 0.000092 -0.000097 0.000076 -0.042611 -0.184564 -0.000031 0.214860 0.142560 -0.000037 -0.090523 0.000056 -0.000018 -0.000029 -0.016648 -0.046640 0.000157 -0.117717 0.000096 0.000024 -0.039937 -0.000059 0.144650 0.000066 -0.085633 0.000027 0.051366 0.000021 -0.000001
-0.000021 0.302499 -0.000017 -0.107360 0.000614 0.000045 -0.000027 -0.000021 -0.004898 -0.000037 -0.245285 -0.227468 -0.258649 -0.000022 -0.000032 -0.124586 -0.194155 -0.145181 0.000024 0.000310 0.060524 -0.000041 0.000099 0.111998 -0.000006 0.000057 -0.000045 0.000048 0.000076 -0.000010 0.006445 -0.190928 -0.000011 0.131885 0.056037 -0.000111 0.186575 -0.000045 0.000016 -0.000011 -0.012927 0.026351 0.000126 0.052137 0.000054 -0.000013 -0.058568 0.000066 0.359947 0.000012 0.055716 -0.000163 0.048267 -0.000022 0.000129
-0.000002 0.276647 0.000024 -0.388488 0.000251 0.000055 -0.000022 0.000027 -0.004653 -0.000013 -0.101758 -0.302503 -0.243195 -0.000022 -0.000015 0.016263 -0.103864 -0.200000 0.000012 0.000281 0.072402 0.000015 -0.000047 0.005580 0.000025 -0.000039 -0.000063 0.000033 -0.000008 -0.000017 -0.025884 -0.243469 0.000021 0.051147 0.070573 0.000029 0.121787 0.000050 0.000006 -0.000014 -0.014526 -0.072346 0.000204 0.049200 -0.000005 0.000012 0.079489 -0.000036 0.287498 -0.000022 -0.128491 0.000131 -0.022240 -0.000023 -0.000013
-0.000028 0.222111 0.000017 -0.238364 0.000546 -0.000092 0.000037 -0.000023 -0.004933 -0.000136 -0.001230 -0.303996 -0.006903 0.000000 0.000043 0.069167 -0.310954 -0.243584 -0.000014 0.000013 -0.192128 0.000047 -0.000017 -0.154181 0.000074 0.000058 -0.000139 0.000040 -0.000051 0.000054 -0.017274 0.104703 0.000070 0.045652 0.114037 0.000063 0.039908 0.000079 0.000091 -0.000001 -0.014152 -0.052492 0.000151 -0.159022 -0.000029 0.000004 0.084016 -0.000037 -0.099654 -0.000061 -0.249318 0.000038 0.001747 -0.000032 0.000035
0.000016 0.158744 -0.000112 0.010133 0.000163 0.000039 0.000027 0.000030 -0.004865 -0.000054 0.100244 -0.290412 -0.186848 0.000011 0.000044 0.183796 -0.112765 -0.124778 0.000012 0.000048 -0.334540 -0.000041 -0.000109 -0.332911 0.000026 0.000001 0.000021 0.000048 -0.000068 -0.000069 -0.144428 -0.047298 0.000052 0.002454 0.106903 0.000083 0.156503 0.000209 -0.000075 0.000030 -0.013963 0.087285 0.000227 -0.159870 0.000028 0.000026 0.021206 -0.000017 -0.167229 0.000003 -0.147330 -0.000034 -0.004809 0.000007 0.000024
-0.000113 0.220096 0.000084 -0.244134 0.000261 0.000040 0.000018 -0.000079 -0.006354 -0.000071 0.010777 -0.093971 -0.153936 0.000015 0.000047 0.212559 -0.020334 0.040569 0.000050 0.000018 -0.155295 -0.000015 -0.000055 0.023135 -0.000044 -0.000040 0.000028 -0.000071 -0.000032 -0.000037 0.036977 -0.148880 0.000120 0.136103 0.033454 0.000032 0.119940 0.000057 0.000030 -0.000020 -0.013393 -0.015458 0.000315 -0.161678 -0.000061 0.000012 0.092964 0.000126 0.182126 -0.000016 -0.037959 -0.000080 -0.031972 0.000028 -0.000044
0.000013 0.323544 0.000016 0.012616 0.000155 0.000045 0.000017 0.000052 -0.006848 -0.000015 -0.203716 -0.013984 0.102643 0.000049 0.000020 0.230325 -0.108541 -0.060323 0.000003 0.000000 0.047656 0.000052 -0.000084 -0.105436 -0.000080 -0.000016 -0.000017 -0.000032 0.000139 -0.000006 0.158457 -0.352768 0.000004 0.010373 0.017287 -0.000028 -0.007377 -0.000094 -0.000054 -0.000051 -0.012223 -0.042987 -0.000031 0.059535 -0.000018 0.000005 0.231361 -0.000124 0.362446 0.000021 -0.090054 -0.000069 0.015357 0.000009 -0.000052
-0.000076 0.302813 0.000048 -0.158729 0.000169 -0.000029 0.000002 0.000003 -0.008378 -0.000046 0.172594 -0.013721 0.099425 -0.000086 0.000017 0.157341 -0.321490 0.012061 0.000048 0.000189 0.100072 -0.000096 -0.000021 -0.280605 -0.000011 -0.000022 -0.000017 -0.000025 -0.000013 0.000027 0.187151 -0.118067 0.000020 -0.009436 0.055944 0.000070 -0.162072 0.000074 -0.000017 -0.000005 -0.016352 0.019359 0.000096 -0.192815 0.000036 0.000019 0.374598 0.000058 0.246942 0.000050 -0.240147 -0.000191 -0.155883 -0.000028 0.000018
0.000042 0.101955 -0.000046 -0.101088 0.000146 0.000004 -0.000013 0.000038 -0.009777 -0.000031 0.111004 0.164813 0.313898 0.000016 -0.000004 0.182089 -0.310674 -0.013333 0.000016 0.000039 0.133384 0.000021 -0.000055 -0.140841 0.000057 -0.000067 -0.000003 0.000047 0.000147 0.000050 0.224444 -0.255337 0.000078 -0.083263 0.091058 0.000014 -0.124290 -0.000010 0.000006 0.000018 -0.018359 -0.313038 0.000181 -0.117371 -0.000019 -0.000008 0.264039 0.000053 0.136101 -0.000030 -0.198089 -0.000018 -0.180101 0.000009 -0.000021
0.000002 0.001764 -0.000119 0.000304 0.000238 0.000049 0.000002 -0.000055 -0.010555 0.000099 0.356086 0.334843 0.333152 -0.000024 0.000082 -0.146370 -0.402661 -0.004737 0.000025 0.000038 0.452101 -0.000123 -0.000024 -0.098825 0.000051 0.000047 -0.000047 -0.000092 -0.000019 0.000074 0.465782 -0.160695 -0.000018 -0.084579 0.069401 0.000024 -0.126388 -0.000208 0.000133 0.000045 -0.021801 -0.167389 0.000201 -0.387495 -0.000011 0.000088 0.264893 0.000003 0.221392 0.000023 -0.320439 0.000191 -0.249446 -0.000019 -0.000067
-0.000030 -0.323294 -0.000019 0.314430 0.000094 0.000006 0.000003 -0.000094 -0.009816 0.000022 0.331540 0.275858 0.542617 0.000051 -0.000037 -0.191208 -0.404164 -0.033976 -0.000038 -0.000008 0.823127 0.000020 0.000027 -0.320151 0.000017 0.000014 0.000008 0.000048 -0.000084 -0.000024 0.649464 -0.183265 0.000132 -0.137524 0.045415 0.000048 -0.291576 0.000057 -0.000018 -0.000025 -0.023356 -0.254375 0.000225 -0.110149 -0.000078 0.000026 0.390865 -0.000022 0.282859 0.000052 -0.148424 0.000048 -0.011231 0.000020 -0.000020
