-0.350021
-0.000171
-0.002146
0.001084
0.307884
-0.279996
-0.001125
-0.358097
0.350927
-0.001496
-0.000980
-0.000457
-0.087548
-0.000564
-0.001271
-0.002059
0.020478
-0.070634
-0.006003
0.004342
-0.236314
-0.520658
0.341283
0.078270
0.293025
-0.124381
-0.193208
-0.006647
0.237644
-0.085292
-0.001617
-0.097535
-0.000078
-0.107085
-0.060221
0.364350
-0.207653
-0.098907
-0.007727
-0.005722
-0.002080
-0.518772
-0.094587
-0.002453
-0.001826
0.313755
-0.397965
-0.222117
0.001096
-0.000299
0.000653
-0.129420
0.185005
-0.264582
0.230762
0.135820
0.001706
-0.000271
0.427132
-0.087211
0.419084
-0.231099
-0.009562
0.126377
-0.002808
-0.002834
-0.359693
-0.000987
-0.458645
-0.431719
0.198591
-0.001626
-0.003690
0.309665
-0.495903
-0.022091
-0.139573
-0.090759
-0.011009
0.272273
