-0.538308
7.812480
0.002427
0.002491
-0.017450
0.000302
-0.007650
1.831939
7.302893
0.015701
0.021157
0.012709
-0.000521
-0.010384
0.000697
-0.005737
-0.013219
0.000463
-0.003868
0.000799
0.000040
0.001959
0.001195
-0.015218
0.000357
0.035900
0.008188
-0.000066
-0.002263
0.000435
-0.011191
-0.001079
-0.000379
0.001556
-0.001928
-0.000000
0.000759
0.000246
0.000518
-0.000864
-0.003383
-0.548033
0.014374
0.000196
10.233954
0.007118
-0.004900
-0.000087
-0.000069
0.000933
-0.000093
0.014947
-0.000064
6.582523
-0.000531
-0.002707
-0.000724
-0.019713
0.001094
7.752679
0.001686
0.009875
0.000013
0.000122
-0.010476
0.026513
0.003612
-0.000077
0.006058
-0.001401
7.554064
0.008431
-0.016097
-0.001958
0.000032
-0.027130
0.000974
-0.024185
0.001040
-0.005431
0.000543
-0.008591
-0.000165
0.003522
3.725736
-0.027661
3.772755
0.001531
0.005983
0.001853
-0.000363
0.014510
-0.033146
0.000318
0.021373
-0.001113
0.012271
-0.025085
0.006085
5.585212
0.009413
0.011656
-0.002388
0.003639
0.000383
0.009252
-0.000617
-0.012621
5.369636
