-0.000032 -0.238417 0.000186 0.257261 -0.093937 -0.137971 0.153522 0.000155 0.241698 -0.027727 -0.055189 -0.013578 -0.001801 -0.548983 -0.032776 0.416529
0.000010 -0.303044 -0.000351 -0.202397 -0.002839 0.014097 -0.189624 -0.000081 -0.096998 0.489133 -0.019586 -0.120943 0.187773 -0.113924 -0.272568 -0.295427
-0.000018 -0.521010 -0.000627 -0.017869 0.147700 0.100000 -0.174694 -0.000061 0.073935 0.128568 0.193162 0.048579 0.043106 -0.200142 0.265104 -0.468173
-0.000036 -0.065430 -0.002571 0.077380 -0.183431 0.030817 -0.119565 0.000042 0.266839 0.092264 0.326907 0.296411 0.309375 0.361029 -0.438092 0.104810
-0.000030 0.297222 -0.001502 0.146568 0.339880 -0.385841 -0.415762 -0.000224 -0.047610 0.273489 0.003556 -0.080865 -0.226819 0.211653 -0.264338 -0.038090
0.000051 0.684428 -0.001795 -0.010595 -0.020315 0.302574 -0.148195 -0.000037 -0.163937 -0.212938 0.242502 -0.335874 -0.550280 0.083045 0.399274 0.243586
0.000122 -0.420759 -0.003722 0.041955 -0.188418 0.418574 -0.014683 -0.000157 0.157963 0.253227 -0.354299 0.194599 -0.278910 0.211582 -0.483865 -0.213279
-0.000061 -0.017422 -0.004624 0.309243 0.205626 -0.130891 0.423617 0.000057 -0.153224 -0.014772 -0.255003 -0.037692 -0.008490 -0.082294 0.013696 -0.085732
-0.000028 -0.349522 -0.001943 -0.032275 -0.238992 -0.285294 0.276293 0.000070 -0.131753 0.180633 0.385552 0.270698 0.542419 0.204113 -0.040992 -0.037203
0.000088 0.500841 -0.005104 -0.567405 0.468528 -0.845589 0.121980 -0.000034 -0.251392 -0.056585 0.719534 0.016952 0.056710 -0.065888 0.015460 -0.096209
-0.000077 -0.056037 -0.007563 -0.267925 -0.115291 0.111791 0.240582 -0.000209 -0.120252 0.053668 0.283507 0.073306 0.119100 0.183609 0.239774 0.134760
0.000065 -0.320225 -0.007283 0.230485 0.143994 -0.141994 0.323974 0.000019 0.273066 0.297511 -0.090550 -0.164540 -0.311056 0.201559 -0.523978 -0.073105
-0.000017 -0.428527 -0.005957 0.295944 0.029966 -0.501289 0.200388 0.000067 -0.342657 0.176427 0.098706 0.052569 -0.347841 -0.189806 0.255843 -0.268921
0.000009 -0.187005 -0.006168 -0.018637 -0.065483 0.304662 -0.153297 -0.000035 -0.359905 0.396904 -0.067369 -0.000924 -0.300131 -0.415152 0.230477 -0.197490
0.000064 -0.361440 -0.003932 0.310214 -0.242816 0.209092 0.197057 0.000111 0.411702 -0.218396 -0.296441 0.316170 0.559729 0.019957 -0.382983 0.112946
-0.000097 -0.311190 -0.003085 0.353753 -0.111980 -0.096987 -0.076533 -0.000036 0.076413 -0.091118 0.050809 0.075744 0.296760 0.200576 0.017514 -0.441841
-0.000027 -0.001042 -0.004800 0.005096 -0.236508 0.076850 -0.214329 -0.000032 -0.269627 0.108780 -0.019714 -0.150074 0.023843 0.111380 0.168762 0.255255
0.000016 -0.329441 -0.004256 0.155177 -0.134175 -0.305894 0.179772 0.000104 -0.150717 0.024367 0.183141 0.107919 0.475856 0.113725 0.208965 0.273318
0.000017 0.092619 -0.005587 0.043811 0.236364 -0.010595 0.103990 0.000095 0.239487 0.268097 0.617025 -0.107497 -0.330142 0.314606 -0.363516 -0.198776
0.000090 0.064436 -0.003749 -0.074130 0.298730 0.279298 -0.367185 -0.000035 0.024992 -0.055933 0.325863 0.256179 -0.128086 -0.103411 0.006867 0.049073
0.000102 0.006195 -0.002187 -0.149002 -0.141645 -0.366890 -0.131532 0.000173 0.097808 0.227804 0.231215 -0.035104 0.303918 -0.165421 -0.284526 0.149417
-0.000008 0.115695 -0.005980 -0.017459 -0.318702 0.036734 -0.202981 -0.000062 0.042365 -0.023695 -0.028465 0.145346 0.036269 0.275632 0.281099 0.181383
-0.000000 -0.401720 -0.004505 0.061366 0.104790 -0.266309 0.216328 -0.000094 -0.173954 0.542432 -0.449782 -0.186417 -0.012576 0.016203 -0.206313 0.212959
-0.000007 -0.083254 -0.004320 0.127525 -0.088321 -0.060783 0.109327 0.000029 -0.059234 -0.110183 0.399365 0.045871 0.002748 -0.373497 -0.046062 -0.112366
0.000022 0.105508 -0.002383 -0.617651 0.042336 -0.034336 0.312449 -0.000035 0.077285 0.063240 0.180946 0.017886 -0.469674 0.190341 -0.632972 -0.708716
0.000019 -0.086840 -0.001223 -0.074532 0.340043 0.027766 0.206915 0.000072 -0.471508 0.523568 0.201770 0.259353 -0.329561 0.179694 0.312400 0.065858
0.000048 -0.378984 -0.002997 0.149576 -0.010438 -0.008065 -0.215028 0.000011 -0.142147 0.279202 0.049093 0.145847 -0.192709 -0.299427 0.139250 0.315034
-0.000049 -0.226861 -0.000258 -0.157043 -0.335462 0.103603 -0.326968 0.000139 -0.039422 0.098409 0.046179 0.422397 0.243263 -0.235840 -0.304336 -0.049036
0.000081 0.262892 -0.003457 -0.053855 0.141850 -0.119938 0.059710 -0.000034 0.073438 0.072644 -0.064425 0.048417 0.147458 -0.270647 -0.035194 0.214787
-0.000046 -0.450683 -0.005955 -0.327272 0.084552 0.665755 0.140204 -0.000049 0.168660 0.043923 0.026456 -0.039686 0.031320 0.074458 0.355654 -0.137335
0.000007 -0.265042 -0.007186 -0.425016 0.207292 0.030333 0.370475 0.000028 0.145656 0.297943 0.201853 0.404718 0.511110 0.240220 -0.258538 -0.206797
-0.000111 -0.075134 -0.006582 -0.114421 0.044515 -0.460365 -0.035838 0.000003 0.214843 0.221906 0.028739 -0.052335 -0.407095 -0.189865 -0.057335 -0.468847
-0.000046 -0.074852 -0.007914 0.183749 0.455341 -0.321183 0.464259 -0.000141 0.058564 -0.021807 0.519316 -0.145624 -0.079770 -0.633102 0.266690 -0.276868
-0.000011 -0.192531 -0.008008 0.401447 0.127936 -0.278869 0.092051 0.000048 -0.024910 -0.066915 0.096822 0.295372 0.324119 -0.102339 0.137947 0.118122
-0.000030 -0.032718 -0.004842 0.077209 -0.052896 0.430113 -0.213640 0.000034 0.193409 0.269803 0.002442 -0.046984 -0.137879 0.252272 0.096054 -0.339163
0.000000 0.457515 -0.002728 0.213235 -0.284382 -0.021412 -0.545354 0.000056 -0.256433 -0.453617 0.285281 -0.023347 -0.240624 0.333397 0.208902 -0.067575
-0.000033 0.182075 -0.001149 -0.044658 -0.297069 -0.268200 -0.235019 0.000031 0.042127 -0.199169 0.403760 0.175796 0.266239 -0.107636 -0.056725 -0.311835
0.000041 -0.303789 -0.001277 0.049571 -0.255603 0.092007 -0.211113 0.000045 0.031542 0.314389 -0.087605 -0.054777 0.036165 0.012468 0.149694 0.014289
0.000006 0.039180 -0.003841 0.050490 0.365982 0.199480 -0.186770 0.000102 -0.002056 -0.280138 0.322998 -0.316741 0.268455 -0.163000 0.200355 -0.125935
0.000005 -0.390480 -0.008628 -0.044097 0.060860 -0.149852 0.256002 0.000110 0.083913 0.193559 0.387858 -0.064055 -0.399533 -0.249035 0.276521 0.140220
0.000055 -0.032692 -0.006054 -0.062666 0.209296 -0.464266 -0.100002 -0.000057 -0.617774 0.099669 0.285955 -0.074529 -0.068617 -0.129403 0.361421 -0.021793
0.000006 0.128237 -0.007986 -0.165434 0.082063 0.017485 -0.114267 0.000038 -0.210538 0.621536 0.007422 0.031053 -0.103027 -0.137853 0.076947 0.010508
0.000091 0.332276 -0.005748 -0.198518 0.249501 0.146584 0.016299 0.000032 0.145682 -0.002498 0.424028 -0.026978 -0.184478 -0.050992 0.262409 0.650190
-0.000045 0.489900 -0.011017 -0.492579 0.175966 -0.509387 0.528302 -0.000101 -0.326300 0.190599 0.059756 -0.070521 -0.371784 0.086663 0.178415 0.127236
0.000106 0.550313 -0.006833 0.331487 0.088862 0.133993 0.068527 -0.000102 0.096523 0.171495 -0.092375 -0.440386 -0.181105 -0.340070 0.405680 -0.379301
-0.000006 -0.307193 -0.007834 0.244924 0.347330 -0.360720 0.233906 -0.000029 0.262188 -0.271045 0.310719 -0.199638 -0.003624 0.015479 -0.171835 -0.121920
0.000076 0.069788 -0.004692 0.115331 0.134776 -0.581972 0.548036 -0.000053 0.201463 -0.402462 0.179556 -0.342366 0.171964 0.243407 -0.421960 0.208985
-0.000059 -0.065412 -0.002214 -0.287901 -0.117375 0.131149 -0.359306 0.000058 -0.109686 -0.417704 0.280559 -0.182995 0.492189 -0.335865 -0.174734 0.252724
-0.000049 -0.204758 -0.001871 -0.264767 0.460501 0.510221 -0.018503 -0.000052 0.085797 0.165004 -0.082291 0.085518 0.137786 -0.201295 0.302665 0.243276
0.000021 -0.458616 -0.002176 -0.120284 -0.248387 -0.022995 0.092623 0.000112 0.032711 0.332468 0.322641 -0.382288 0.049743 -0.172970 0.119327 -0.007607
-0.000024 0.144806 -0.003828 0.017317 0.312760 -0.052630 -0.341740 0.000008 -0.002590 0.135073 0.152076 -0.156099 0.024649 0.326462 -0.540776 0.038967
0.000024 0.682201 -0.001805 -0.102649 0.185139 -0.490796 -0.051567 -0.000147 -0.303199 -0.419654 0.453775 0.386372 -0.135218 0.025594 -0.293798 0.057912
-0.000039 0.265330 -0.002162 0.155199 0.218425 0.105911 -0.111358 -0.000055 -0.004501 -0.309647 -0.060516 0.304250 0.393129 0.178465 -0.448052 0.062694
-0.000046 0.494605 -0.003549 0.101631 -0.257779 -0.214804 -0.222147 0.000086 0.399136 -0.696092 -0.183014 -0.128372 0.674771 0.120660 -0.445880 -0.018892
0.000037 0.195241 -0.007388 0.079948 0.221002 0.105705 -0.262768 -0.000004 0.257140 0.005438 0.195978 0.036180 -0.134126 -0.083998 0.030847 0.054462
-0.000046 -0.188954 -0.005994 -0.058508 -0.554706 -0.040602 -0.455262 0.000033 -0.253180 -0.426987 -0.032952 -0.213299 -0.153564 -0.376704 -0.241227 0.039087
0.000011 -0.345532 -0.006623 0.065911 -0.246347 -0.310011 0.114271 -0.000026 0.619463 0.401594 0.521015 0.302693 -0.176759 0.155976 -0.755662 0.000886
-0.000045 0.221195 -0.002362 0.102054 -0.176797 0.076054 -0.547711 -0.000167 0.219440 0.162054 0.518793 -0.180281 -0.081488 0.240899 0.144661 0.324171
-0.000008 0.269073 -0.003664 0.661082 -0.005955 -0.107541 -0.015044 -0.000001 0.093355 0.135795 -0.127517 0.042565 -0.688022 0.047718 0.243413 0.056221
0.000121 0.171697 -0.003815 -0.334647 -0.594178 0.026477 -0.372865 0.000076 0.218889 0.155383 -0.229721 0.193488 -0.175181 -0.308567 -0.101418 -0.282573
0.000102 -0.271223 -0.001671 0.249226 -0.291387 -0.087338 0.595065 0.000207 -0.318362 -0.224809 0.137006 -0.200119 0.113713 -0.058899 0.019304 -0.158188
-0.000034 0.388636 -0.002697 -0.416219 -0.214892 0.276334 0.264639 -0.000091 0.091298 -0.568705 0.013942 0.213265 0.289890 0.215085 -0.243644 0.269835
0.000023 0.003560 -0.007692 -0.488512 0.062784 0.004710 0.298423 -0.000038 0.167891 -0.668554 -0.181391 -0.023427 0.181412 -0.535471 0.284342 -0.347067
0.000016 -0.254095 -0.009750 -0.594383 -0.386705 -0.286769 0.253299 0.000007 0.301015 0.005977 0.557507 0.215768 0.264294 0.079523 -0.029647 -0.108506
-0.000066 -0.297725 -0.006242 -0.271779 -0.411952 -0.014073 0.122481 0.000001 0.038490 0.215018 -0.019374 -0.269691 0.039880 0.128953 -0.242460 -0.154745
-0.000030 0.170609 -0.005148 0.329086 -0.449441 -0.393449 -0.106386 -0.000011 -0.294286 -0.041302 -0.225390 -0.023600 -0.200625 0.018399 0.393285 -0.256799
0.000033 -0.197688 -0.007431 0.378374 0.333831 0.197120 0.188805 0.000010 0.018379 -0.396399 0.384988 -0.006415 0.137506 0.225915 -0.284117 0.455265
-0.000001 -0.041904 -0.006823 0.011536 0.215351 0.072479 0.228809 -0.000161 -0.178738 -0.209977 0.429642 0.029717 0.000963 -0.062156 0.108536 -0.114715
-0.000058 0.467373 -0.006913 0.292600 0.062946 0.450070 -0.062872 0.000036 0.026511 -0.444804 -0.365335 -0.002755 -0.142179 -0.115930 -0.251803 0.206969
-0.000019 0.536674 -0.006318 -0.177895 0.009497 0.331420 0.196778 0.000109 0.236591 -0.170836 -0.381739 0.068834 0.028273 0.214277 -0.036706 -0.197953
-0.000110 -0.340691 -0.003985 -0.339151 -0.239939 -0.077284 0.103407 -0.000011 0.103247 -0.250112 0.523390 0.102745 0.395771 0.188889 0.182856 0.217123
0.000051 -0.029876 -0.003266 -0.188157 0.451082 -0.353914 -0.407850 -0.000000 -0.394795 0.009385 0.181295 -0.368535 0.462468 -0.121692 0.034071 0.283535
0.000070 0.079030 -0.005731 -0.237225 0.442767 -0.149935 -0.223132 0.000009 -0.123505 -0.119599 -0.382463 -0.407890 0.719016 -0.396623 -0.095083 0.146638
0.000090 -0.122612 -0.005172 -0.000994 -0.282521 -0.400909 0.077383 0.000044 -0.254849 0.451327 -0.080249 -0.278439 -0.241381 -0.120606 0.232082 -0.203553
-0.000066 -0.130199 -0.003804 -0.041491 0.311933 0.240460 0.360872 0.000189 -0.227925 0.318481 0.417559 -0.012900 -0.077593 0.129340 0.142753 0.283864
-0.000027 0.502714 -0.002052 0.481943 0.078704 0.206988 -0.114676 0.000084 0.233283 -0.171031 -0.115619 0.575471 -0.452512 -0.349817 0.117946 -0.226058
0.000000 -0.109615 -0.001251 0.129624 0.013338 0.471370 0.372516 0.000070 -0.072492 -0.637586 -0.138075 0.034406 0.438928 -0.033644 0.015373 -0.066322
-0.000044 0.301785 -0.002932 -0.230743 0.037165 -0.056467 0.079261 0.000033 -0.375233 -0.297459 0.178772 -0.029523 -0.153425 0.038261 -0.180398 0.238800
0.000096 -0.100923 -0.004243 -0.066885 -0.006831 -0.464363 -0.040173 0.000074 -0.213363 0.451614 0.207644 0.042198 -0.198328 0.211553 -0.314672 0.074973
0.000052 0.217258 -0.001485 -0.180709 0.177383 0.067020 0.117806 -0.000006 -0.150859 -0.381361 0.662126 0.121688 0.018769 -0.300436 0.297789 0.373247
-0.000061 -0.212874 -0.002091 -0.368131 -0.191290 0.016101 -0.051457 0.000158 0.307563 0.353762 -0.261636 0.216219 0.532437 0.155890 -0.141343 0.108333
-0.000076 0.410506 -0.004741 -0.294506 -0.331372 -0.307566 0.034760 -0.000010 -0.494908 -0.352973 -0.118237 0.088383 0.379422 0.010432 -0.325197 0.095508
0.000063 -0.150967 -0.007304 0.063459 0.057438 0.343387 0.066145 0.000040 -0.152779 0.098952 0.176372 -0.138149 -0.345302 -0.135615 0.053310 -0.051600
-0.000011 -0.156841 -0.010396 0.224144 -0.054588 -0.578888 -0.077037 0.000001 -0.004969 -0.125594 -0.127401 -0.398340 -0.407295 -0.117148 -0.193010 -0.002828
-0.000068 0.134573 -0.011290 0.350845 0.349635 0.147895 0.445648 -0.000092 -0.070001 -0.455223 0.085110 -0.062304 0.063585 -0.082146 0.059673 0.103323
0.000009 0.052402 -0.013061 0.066983 -0.198449 0.216873 -0.116501 0.000003 -0.027445 -0.412565 -0.016711 -0.079505 0.145357 -0.160457 0.110297 0.134353
-0.000022 -0.007935 -0.009519 0.000897 -0.404951 0.124779 0.051436 0.000038 0.008803 0.080305 -0.003056 0.056658 -0.219002 -0.054226 0.070036 0.104099
-0.000050 0.353224 -0.008689 0.420411 0.407851 -0.188252 0.208207 -0.000128 0.419746 -0.269516 -0.379857 -0.136800 0.132597 -0.374240 0.022322 -0.092299
0.000015 0.085210 -0.006565 0.065395 0.065533 0.359956 -0.111823 0.000233 -0.145943 0.019496 -0.293491 -0.036651 0.101313 0.241022 0.043230 -0.323293
0.000115 0.196016 -0.004885 -0.123724 -0.330861 -0.051332 0.356065 -0.000082 -0.100712 0.214553 -0.437564 0.304421 -0.092135 -0.125686 -0.333070 -0.381755
-0.000024 -0.036896 -0.002636 -0.194861 0.092086 -0.024948 -0.116360 -0.000050 0.305424 0.064989 0.442458 -0.010019 -0.467944 -0.216399 0.323707 -0.243606
-0.000029 0.130747 -0.002974 0.206948 0.153699 0.499330 -0.417481 0.000039 0.143943 -0.094422 0.546178 0.356571 -0.427487 0.067449 -0.098786 0.276706
0.000009 0.399109 -0.002356 -0.607383 -0.005865 0.167550 0.050157 -0.000082 -0.014427 -0.416153 -0.115090 -0.327798 0.001027 -0.145584 0.154718 -0.554728
-0.000046 -0.136132 -0.002321 -0.023719 -0.284222 0.169033 -0.603607 -0.000086 -0.125842 0.211227 0.062973 0.003050 0.110131 -0.063397 0.378608 0.187094
0.000026 0.080169 -0.003775 -0.043938 -0.033363 -0.041162 0.139650 -0.000111 -0.014534 -0.414330 -0.099817 -0.275133 0.162184 -0.204770 -0.014966 -0.780136
-0.000072 0.293284 -0.005164 0.163930 0.656523 -0.315376 0.173122 -0.000000 -0.039319 -0.148260 0.028577 -0.509229 0.124286 -0.365672 0.284031 -0.245021
0.000010 -0.054889 -0.006501 -0.047781 -0.725630 -0.269013 -0.186419 0.000029 0.356148 0.356783 -0.427827 -0.073721 -0.269355 0.076000 -0.341148 -0.318761
-0.000040 0.555865 -0.011188 0.014095 0.004003 -0.512379 0.077856 -0.000041 0.103453 0.320041 -0.287828 0.128515 0.238962 0.173145 0.127270 -0.075107
-0.000035 -0.011711 -0.009884 -0.117378 -0.157576 -0.113131 -0.024292 -0.000119 -0.467304 -0.204632 0.204041 -0.262104 0.004592 0.321666 0.124884 -0.626182
0.000030 0.156249 -0.009189 0.006108 0.089844 0.059232 0.072576 0.000027 0.173106 -0.019081 0.073669 -0.111433 0.109368 -0.048535 0.005269 0.304889
-0.000106 -0.186802 -0.008255 0.289496 -0.174430 -0.198734 -0.132534 0.000076 -0.009553 -0.101313 0.139718 0.061064 -0.025748 0.022991 -0.026457 -0.110213
-0.000078 0.346323 -0.010286 0.027014 0.004453 -0.021456 -0.076254 0.000014 -0.205580 -0.057111 0.194771 -0.056155 0.043635 0.249838 0.137901 -0.239603
-0.000059 0.137331 -0.012039 0.060232 0.059924 -0.059350 0.306551 0.000113 -0.305075 0.470189 -0.381501 -0.442446 -0.053437 0.316372 -0.315079 0.264989
-0.000055 -0.037836 -0.008725 -0.446888 -0.023228 0.674496 -0.024326 -0.000106 0.459046 0.044945 -0.489319 -0.004466 -0.310748 -0.118651 -0.388119 -0.089583
0.000003 0.129396 -0.004790 0.112747 -0.067357 -0.429792 0.374778 0.000013 -0.339697 -0.029385 -0.321469 -0.043302 -0.025773 0.305061 -0.106899 0.275528
-0.000059 0.379473 -0.005247 0.210527 0.200498 -0.097910 0.506468 0.000040 -0.070418 0.036632 -0.026600 0.226421 0.270512 0.280771 0.062772 -0.091506
0.000059 0.116800 -0.006744 -0.003978 -0.236952 -0.025368 0.079683 0.000052 -0.449348 0.504208 -0.347101 0.186780 -0.421780 0.466749 -0.467841 0.308991
-0.000030 -0.226216 -0.005047 0.111594 -0.172803 -0.044303 0.058712 -0.000102 -0.089744 0.052525 -0.197765 -0.081555 -0.318014 -0.007470 -0.092636 -0.330838
-0.000077 0.136324 -0.006662 -0.004028 0.004382 0.488101 0.182825 -0.000091 0.198126 -0.734417 -0.164545 -0.364109 0.933970 -0.088454 0.239026 0.463053
0.000014 -0.012656 -0.008289 0.241098 -0.024398 0.147322 0.111556 0.000043 -0.220155 -0.366700 -0.267141 0.239299 0.014881 0.339849 -0.329429 -0.050403
0.000020 0.026669 -0.007937 -0.016131 -0.304403 -0.173101 -0.508519 -0.000060 -0.705656 0.201569 0.255175 0.014352 -0.063589 0.130381 0.119902 0.371040
-0.000058 0.172867 -0.008911 -0.066730 0.179358 -0.401543 -0.426114 -0.000005 -0.208580 0.406276 0.151438 -0.152609 -0.041110 -0.293856 -0.045792 -0.232932
0.000049 0.113436 -0.007984 -0.028856 0.349756 0.257221 -0.168393 0.000110 -0.239898 0.008891 -0.124695 0.018604 -0.062221 0.297287 -0.191291 0.311741
-0.000128 -0.264683 -0.005859 -0.399193 -0.129884 0.266201 -0.049251 -0.000118 0.030364 0.363164 -0.233233 -0.491142 0.081746 -0.608069 0.134304 0.134410
-0.000043 -0.949795 -0.007239 0.080352 0.416212 -0.224777 0.362962 0.000031 -0.077991 0.059641 0.419331 -0.028353 0.264755 -0.049048 -0.064257 0.252384
0.000004 0.570333 -0.003779 0.358228 0.049431 -0.131320 -0.173805 0.000329 0.043543 -0.499780 0.189290 -0.224925 -0.016234 -0.746130 0.360362 -0.203903
-0.000049 0.196132 -0.004784 0.487817 0.032744 0.158116 0.063920 -0.000032 0.323587 0.018157 -0.134267 0.142861 -0.134998 -0.174469 -0.147432 0.210918
0.000041 -0.020645 -0.005146 -0.162449 -0.001172 -0.027172 -0.483021 0.000051 -0.400565 0.119934 -0.387084 -0.082207 0.188272 0.164435 0.028590 -0.128111
0.000048 0.248486 -0.003622 -0.350971 -0.339703 -0.165050 -0.512841 -0.000026 0.403777 0.451179 0.162845 -0.215484 0.030316 -0.315804 -0.046840 0.318965
-0.000017 -0.119092 -0.007470 -0.350107 0.130043 -0.387504 0.174592 0.000184 -0.612853 0.161189 -0.239998 -0.082364 0.554965 0.471428 0.341736 0.508656
-0.000028 0.359542 -0.008712 -0.518366 -0.549333 -0.173362 -0.038939 0.000005 0.038758 0.574536 -0.254915 -0.213308 -0.072896 0.112371 0.380079 -0.261626
0.000006 0.090273 -0.007219 0.148494 0.122189 -0.063387 0.430421 -0.000125 -0.079079 0.292066 -0.057232 0.049555 -0.086719 0.189261 0.200695 -0.031188
-0.000082 -0.267294 -0.004747 0.017023 -0.269471 0.208181 0.396935 0.000008 0.188332 -0.317722 -0.342379 -0.136050 -0.028508 0.464010 -0.364801 -0.659155
0.000003 -0.166815 -0.002308 0.258904 -0.370830 0.767701 0.318491 0.000034 -0.373935 -0.467045 0.659828 -0.300196 -0.431803 0.104154 0.401971 0.093925
-0.000100 -0.222706 -0.001528 0.101454 0.377867 0.565016 0.080843 -0.000156 -0.386165 0.365613 -0.439217 0.228618 -0.544265 0.042970 -0.105742 -0.007462
-0.000168 0.274068 -0.001187 -0.814621 0.009723 0.036224 -0.478363 -0.000035 0.342781 0.102964 0.463081 -0.460575 -0.140968 0.035035 0.137141 0.050874
-0.000028 -0.172635 -0.003369 -0.284060 -0.180973 -0.278370 -0.075523 0.000063 0.057838 0.011821 -0.076679 -0.465719 0.070721 -0.195350 0.136847 -0.221067
0.000082 0.434400 -0.004068 -0.477712 0.099608 0.099696 -0.041364 -0.000008 0.257030 0.562837 -0.263290 0.094688 -0.124912 0.070729 -0.159522 -0.073974
0.000079 -0.404804 -0.004363 -0.061990 0.048243 0.517955 -0.095485 0.000014 0.712549 0.203990 -0.210206 0.141555 0.603297 0.322023 -0.118841 0.033521
-0.000067 0.487506 -0.004025 0.136921 0.159731 0.386298 -0.011869 0.000040 -0.280031 -0.300310 0.045413 -0.177282 -0.042819 0.182873 -0.212612 0.415936
0.000047 0.007748 -0.005317 0.334179 0.404576 -0.079072 -0.335205 0.000062 -0.127092 0.192469 0.016795 0.176133 -0.115694 -0.000116 -0.024318 -0.463234
-0.000006 -0.020011 -0.007244 0.230212 0.427960 0.073357 -0.306937 -0.000158 -0.342703 -0.280102 -0.101814 0.043178 -0.136198 -0.230235 -0.003546 -0.132192
-0.000034 -0.194655 -0.003678 0.178881 0.102714 -0.193664 -0.286183 -0.000113 0.144346 0.638822 0.209612 0.035503 0.212050 0.053461 0.199318 0.124043
0.000026 0.086517 -0.007215 -0.208002 0.054485 0.355357 -0.398492 -0.000037 -0.025853 0.393828 -0.609665 0.227360 -0.405103 0.487659 -0.261461 -0.168090
0.000053 0.180038 -0.001289 0.028070 0.012771 0.391588 0.459007 0.000026 0.220378 0.090835 0.303164 0.238631 -0.478870 0.140416 -0.149167 -0.330078
-0.000001 -0.056566 -0.001100 0.227938 -0.184846 -0.114299 0.633031 -0.000008 0.483831 -0.236164 0.318884 0.423958 -0.068582 -0.086969 -0.106155 -0.190567
0.000060 0.243435 -0.001425 -0.160308 0.218232 -0.183832 0.294258 0.000044 -0.465753 0.352090 -0.673400 0.196112 0.205758 0.001010 -0.044587 -0.218335
0.000038 0.303804 -0.002152 -0.056893 0.092769 -0.370296 -0.004881 0.000083 0.240962 -0.001353 -0.062757 0.463057 0.508824 -0.063926 0.377728 0.428767
0.000003 -0.389780 -0.000318 0.233849 -0.368733 0.170293 0.280851 0.000073 0.041157 0.307970 -0.314647 0.090142 0.137678 -0.143179 0.465272 -0.125606
0.000085 0.005147 -0.003033 0.428251 0.069607 0.222466 -0.143728 0.000121 -0.470588 -0.370083 -0.119190 0.620465 -0.082986 0.473716 -0.944652 -0.485617
0.000011 -0.396533 -0.003442 0.203520 -0.038117 0.393373 -0.044209 -0.000032 -0.305218 0.487986 -0.082543 0.487569 -0.273424 -0.266288 0.049595 0.114116
0.000026 0.584217 -0.005390 -0.246402 -0.096994 0.415115 -0.315727 -0.000034 0.380851 0.212784 0.465179 0.606702 -0.351818 0.142483 0.050563 0.359278
-0.000055 0.393139 -0.004456 0.131006 -0.034899 0.234072 -0.080829 -0.000193 -0.009754 0.170731 0.141562 0.519265 -0.500101 -0.081772 -0.287151 -0.124586
-0.000030 0.252464 -0.006152 -0.210821 -0.154324 0.023110 0.145553 -0.000034 -0.271211 -0.022839 -0.264888 0.230296 0.119195 -0.091135 0.368763 -0.022093
0.000085 -0.076720 -0.007343 0.152799 -0.118437 0.303236 0.013882 -0.000104 0.463707 0.623875 -0.701851 0.120798 0.479090 -0.339441 0.297867 0.195239
-0.000095 -0.089217 -0.007643 0.284106 0.425703 0.001326 0.302140 0.000019 -0.092702 -0.457683 -0.866461 0.087076 0.253598 -0.415738 0.091605 0.082468
0.000042 0.218803 -0.008570 0.058833 -1.159857 -0.209128 -0.072438 0.000145 -0.210283 0.012761 0.053150 0.182565 0.165586 0.060348 0.061911 0.332465
0.000084 0.169485 -0.004274 -0.181110 -0.906182 0.153714 -0.336923 -0.000027 -0.243891 0.260499 -0.263543 0.037146 -0.144261 -0.266980 -0.062519 -0.099667
-0.000030 0.242144 -0.003493 -0.447982 0.062341 0.140335 0.084538 -0.000226 0.365818 0.389983 0.323233 -0.104755 -0.280232 -0.242735 0.259511 0.796379
0.000007 -0.121259 -0.001450 -0.511554 0.066333 0.665007 -0.543037 -0.000069 0.105049 -0.323226 0.008878 0.169286 0.428921 0.337664 -0.350116 0.401950
-0.000047 0.311828 -0.003669 0.243432 -0.612342 0.566418 0.217967 -0.000038 0.318223 -0.369418 -0.093113 -0.025821 0.034055 -0.075127 0.251969 -0.152408
-0.000021 -0.356426 -0.006005 0.142299 -0.079593 0.462449 -0.023436 0.000093 -0.068245 -0.258363 -0.261771 -0.611535 -0.210272 0.027611 0.329311 0.126246
-0.000027 0.332682 -0.007819 -0.087095 0.317251 -0.002059 -0.095912 0.000042 -0.197562 0.095202 -0.061304 0.111334 -0.225232 0.227854 -0.101809 -0.234517
0.000107 -0.564213 -0.012892 0.359783 -0.595395 -0.212667 0.405627 -0.000053 -0.125841 -0.193357 -0.261907 -0.077415 0.055491 -0.162322 -0.084236 0.089729
-0.000050 -0.072494 -0.010109 0.567930 -0.506626 -0.075873 -0.102118 -0.000010 0.074969 -0.076766 0.394359 -0.385134 0.064116 0.008720 -0.107312 0.102850
0.000040 -0.380740 -0.008677 -0.168082 -0.384770 0.223635 -0.072164 -0.000069 -0.045541 0.185555 0.156418 0.169393 0.329191 0.147197 0.429872 0.329810
-0.000054 -0.228525 -0.010291 -0.696133 -0.132351 0.766888 -0.130406 0.000086 0.069810 0.211682 -0.259405 -0.156803 0.108618 0.003596 0.097463 -0.149684
-0.000007 0.005091 -0.007338 -0.275065 0.033468 0.011590 -0.543953 -0.000047 -0.211624 -0.086745 0.079567 -0.109145 0.331972 0.099200 0.100287 -0.235099
0.000080 -0.536261 -0.005021 -0.099990 -0.137574 -0.288062 -0.029991 0.000046 0.114966 0.303199 0.167110 -0.153243 0.201953 0.228660 -0.338604 -0.074319
0.000002 0.296493 -0.007308 0.113501 -0.306239 0.626024 0.355970 -0.000044 0.338700 -0.729299 -0.061555 -0.143886 0.318088 -0.050351 0.375707 0.075089
0.000038 0.136287 -0.008131 0.456501 0.249566 -0.290075 0.077751 -0.000115 -0.312954 0.010426 0.001518 0.172345 -0.536958 0.154016 -0.121695 -0.032809
-0.000087 0.223072 -0.009713 0.573908 0.060140 -0.477433 0.039376 0.000011 0.074763 -0.225162 -0.053725 0.070525 0.149870 0.058969 -0.289989 -0.234610
0.000020 -0.532190 -0.006454 0.204323 -0.354499 -0.526966 0.026078 0.000070 -0.212523 0.052513 0.199485 0.071024 0.055586 -0.075062 -0.407243 0.220419
0.000004 0.194670 -0.000314 0.183890 0.755706 0.336702 -0.142332 -0.000104 -0.103039 -0.112485 -0.699485 -0.375593 0.214963 0.013455 -0.541975 -0.847202
-0.000036 -0.280687 -0.003081 -0.001899 0.275413 0.044877 -0.447970 0.000062 -0.151950 0.404645 0.549379 0.242728 -0.289182 -0.265082 0.008004 -0.231082
-0.000104 0.341880 -0.006389 -0.337676 0.067830 0.125462 -0.291914 0.000074 -0.014365 0.040423 -0.417398 0.062180 0.659610 0.147295 0.079724 0.176171
0.000026 -0.045186 -0.005261 -0.402700 -0.286049 0.708823 -0.055100 0.000081 -0.082518 -0.101696 -0.498710 0.051346 0.200862 0.179377 -0.002058 -0.354096
0.000056 -0.978584 -0.005947 0.229014 -0.221456 -0.193190 0.129386 -0.000039 -0.300994 0.018089 -0.379228 -0.317849 -0.120500 -0.292179 -0.383487 -0.349795
