0.743521
-0.081593
-0.007017
-0.065780
-0.023591
0.248076
-0.004308
-0.039414
-0.034858
-0.056714
-0.002229
-0.004603
-0.054874
-0.071541
-0.031634
0.267093
-0.044506
-0.073966
-0.000009
-0.023025
-0.013946
-0.059465
-0.071162
-0.123226
-0.033113
0.641685
-0.007649
-0.071771
-0.078310
0.013904
-0.023851
-0.041038
-0.070376
0.522442
-0.013244
-0.059239
-0.003541
0.261625
-0.063518
-0.043278
0.194710
-0.044427
-0.051645
-0.002885
0.599891
0.347926
-0.060422
0.330792
-0.059128
-0.090696
0.420058
-0.017130
-0.006423
-0.032889
-0.008707
-0.048120
-0.046855
-0.014670
-0.042851
0.539975
-0.016375
0.434368
-0.069079
0.359634
-0.085490
-0.040182
-0.046633
0.416936
-0.075950
0.078115
-0.076436
0.330353
-0.065738
-0.013000
-0.060857
-0.085230
-0.024025
-0.037815
0.130853
-0.021131
-0.058136
-0.024977
-0.033681
-0.001352
0.522318
-0.077053
0.025283
-0.020948
-0.035729
-0.011775
-0.003258
-0.014084
0.183751
0.630735
-0.004808
-0.056455
-0.025192
-0.063800
0.022960
-0.001737
0.145841
-0.045202
-0.002606
0.215008
-0.000900
0.286578
0.121336
-0.055836
-0.022242
-0.063040
-0.033815
-0.060919
-0.637241
0.069749
-0.041982
-0.015609
-0.783410
-0.074461
-0.017858
-0.068054
0.094029
-0.117255
-0.002130
-0.060409
0.195791
-0.031604
-0.007724
-0.033461
0.362654
-0.009961
0.763613
-0.074929
-0.703822
-0.031513
-0.100475
-0.031607
-0.062281
-0.026278
-0.047685
-0.072935
-0.022545
-0.017947
-0.019820
-0.001506
-0.022706
-0.004462
0.358515
-0.055877
0.142989
0.069746
-0.062090
-0.015387
-0.012537
-0.007024
-0.046553
-0.082255
0.021185
-0.047989
-0.080519
-0.005999
-0.031897
-0.000652
0.241709
-0.002341
0.335451
-0.044608
0.229288
-0.065363
-0.029176
-0.007695
-0.030875
0.107422
-0.058116
-0.030791
-0.057610
-0.027762
0.255220
-0.080939
-0.109839
-0.059813
-0.089144
-0.029500
-0.015651
-0.009185
-0.035947
-0.070596
-0.077227
-0.021645
-0.031153
-0.061015
-0.069065
-0.027056
-0.054833
-0.062670
-0.045698
-0.017630
-0.081829
0.035347
-0.030191
-0.008078
-0.001197
0.064971
0.221067
-0.004327
0.501693
0.306931
0.087159
-0.025861
-0.002027
-0.121325
0.349383
0.526371
0.345911
0.010095
-0.035479
0.376334
-0.000918
-0.029134
-0.015902
-0.031519
-0.057572
-0.003160
-0.030221
-0.044284
-0.055786
-0.020284
-0.058925
-0.070283
0.392088
0.256806
-0.025917
0.060575
0.460785
-0.020155
-0.012837
-0.030171
-0.033945
-0.061945
-0.060857
-0.059350
0.510518
-0.070777
-0.075826
-0.043976
-0.070300
1.786335
-0.012358
-0.096059
-0.048608
-0.042358
-0.000124
-0.038598
-0.063887
-0.027674
-0.101328
-0.042994
-0.043373
-0.001626
-0.030030
-0.094015
-0.001828
-0.002884
-0.079284
-0.028820
0.381325
-0.058753
0.150794
0.150107
0.272847
-0.029777
-0.621019
-0.005805
-0.032034
-0.078855
-0.067905
-0.045391
-0.074276
-0.068986
-0.045006
-0.650954
-0.003121
-0.047176
0.176902
0.216020
0.236181
-0.014266
-0.038564
-0.082879
-0.019241
0.140034
-0.062613
-0.056062
-0.031584
-0.047468
0.020386
-0.028505
-0.057320
-0.067736
-0.057904
-0.010627
-0.060693
-0.000335
0.288094
-0.031650
0.571011
-0.053390
-0.001796
-0.061017
-0.094347
-0.092622
-0.059842
-0.016187
0.474180
-0.068891
0.564448
-0.031969
-0.000110
-0.032562
0.429156
0.798717
0.445647
-0.069865
1.812079
-0.044832
-0.073512
-0.005311
0.342165
-0.030758
-0.044378
-0.064646
-0.017076
0.693766
-0.019785
0.133360
-0.041581
0.398935
0.329010
-0.051947
-0.046046
0.322076
-0.002958
-0.007849
1.019651
-0.002247
-0.008107
-0.020675
-0.027758
-0.066510
1.627795
0.342097
-0.049188
1.804913
-0.055295
0.448749
-0.056710
-0.050797
-0.483020
-0.052054
-0.215621
-0.041988
-0.289232
-0.024266
-0.037017
-0.035664
1.546890
0.551430
0.524678
0.728082
-0.013855
-0.034231
-0.002995
0.137972
0.000000
0.016509
-0.005487
0.431255
-0.047152
-0.012885
-0.004962
-0.004043
-0.015446
-0.059413
-0.067257
-0.002546
0.539117
-0.058986
-0.071001
0.023579
-0.073240
-0.001410
0.661113
-0.067533
-0.045982
-0.043909
-0.007849
-0.070310
0.714221
-0.000263
0.418429
-0.010361
