0.059546 0.060616 -0.111443 0.032667 -0.039621 -0.024865 -0.061592 0.020258 0.246479 0.212044 0.118351 0.860727 0.127615 0.338148 0.167833 0.182345 -0.056515 0.585233 0.289215 0.108896 -0.069971 -0.011038 -0.248498 -0.090691 0.627983 0.007608 -0.095015 -0.038091 0.137986 -0.090041
0.009167 0.201599 0.083684 -0.058310 0.135217 0.017648 0.062061 0.107343 0.325887 0.058769 -0.105223 0.027129 0.095381 0.096571 -0.132589 0.280551 -0.002532 0.064726 0.117038 -0.210994 -0.070298 -0.084899 0.168467 -0.021160 -0.084790 -0.023722 0.011147 -0.024418 0.111773 0.133525
-0.288188 -0.383172 0.112870 -0.062786 -0.007131 0.229527 0.358493 -0.082527 0.164971 0.468580 0.524959 0.826322 0.841019 0.912040 0.423413 0.052872 -0.290386 1.941594 0.188490 0.030295 -0.093244 -0.154477 0.248375 -0.076734 0.076273 0.724073 -0.009737 -0.050288 -0.302984 0.232483
0.569801 -0.016935 0.086860 0.570056 -0.023913 0.279365 0.031723 0.139380 0.215513 0.065117 0.285723 0.734733 0.247864 -0.004289 0.184634 0.380635 -0.486580 0.168627 0.248485 -0.019550 -0.131942 0.043095 0.348408 0.040484 0.259844 -0.024432 0.325141 0.352581 0.077704 0.734914
0.086834 -0.121245 0.119395 0.194874 0.127301 -0.092092 -0.036817 -0.041865 0.228273 -0.180810 0.069305 0.143012 0.154210 0.199751 -0.043242 -0.055436 0.133001 -0.040521 0.086022 -0.108233 0.001508 -0.141355 0.069804 -0.160877 0.197949 -0.034872 -0.007788 -0.189060 -0.025651 0.145305
1.010226 -0.212606 0.048160 0.940822 0.052132 0.567312 -0.595200 0.078149 0.335170 0.244377 -0.041889 -0.144077 0.233668 -0.183321 0.937354 0.103931 -0.534650 0.115118 0.522406 0.049677 -0.334107 0.013929 0.034479 0.370117 -0.003585 0.708500 0.798769 -0.085282 -0.028629 0.753814
-0.089105 -0.086802 0.043011 -0.193384 -0.116029 0.154541 0.304924 0.012792 -0.098037 0.158573 0.415491 0.738488 0.417931 -0.069786 0.109195 0.192802 -0.278092 0.534916 0.045934 -0.041921 0.021969 -0.206193 0.788330 0.397275 0.222988 0.186982 -0.062758 0.000195 -0.061653 -0.020761
-0.034995 0.009261 -0.094760 0.043045 -0.149186 0.003628 -0.176075 -0.121448 0.017224 -0.062473 -0.060404 -0.068231 -0.183465 -0.112474 0.138735 -0.033876 0.102486 0.025116 0.035185 -0.117359 0.105844 -0.036078 -0.018133 0.056631 0.175613 0.048786 -0.019941 -0.134162 -0.090911 -0.102596
0.016116 0.113222 -0.034755 0.071817 0.087224 0.032833 0.006628 -0.138033 -0.104364 -0.058074 0.120985 0.003595 -0.036473 -0.048293 -0.170241 -0.106297 -0.116676 0.064109 -0.062402 -0.127430 0.037463 -0.036420 0.113664 0.070748 0.012711 0.015728 0.114478 0.032161 0.134119 -0.083008
0.016284 0.029630 -0.102245 -0.089953 0.045082 0.083292 -0.058364 0.041373 -0.022214 0.081493 0.044365 -0.050851 0.095457 -0.066338 -0.058180 0.014254 0.069519 0.069944 -0.043269 -0.070185 0.086497 -0.064392 -0.103157 0.095052 -0.063695 0.048589 -0.071014 -0.147714 0.098538 -0.089709
0.028432 0.011208 -0.121126 -0.179354 0.112222 -0.364879 0.108066 -0.033688 0.046498 0.294554 0.472809 0.850251 0.152421 0.876336 0.067376 -0.306951 -0.299870 0.559562 -0.328443 -0.022528 -0.076517 -0.199100 1.104446 -0.112012 0.275882 0.076351 -0.312065 -0.074441 -0.037674 -0.071751
0.859493 -0.138565 -0.057609 1.334078 -0.147517 0.564034 0.012271 0.028629 0.335606 0.633961 0.044502 1.080197 -0.312999 0.680181 0.360812 0.472809 -0.006970 0.209377 0.409318 0.096214 -0.072418 -0.074232 1.024103 0.020690 0.190186 0.459407 0.418585 0.271853 0.031766 1.251768
0.239673 -0.087950 0.100920 -0.244635 0.098909 0.128575 0.272873 -0.048535 0.234256 0.121160 0.222732 0.958475 0.811201 0.363290 0.297265 0.438848 -0.040143 0.512315 0.264746 -0.040982 -0.108759 -0.102390 0.441344 -0.010675 -0.060601 0.187808 -0.014207 -0.013001 0.029568 0.099319
0.076150 -0.030673 0.123565 -0.010845 0.106089 -0.043144 -0.000103 -0.060992 0.086565 0.052656 0.033765 0.102129 -0.088047 -0.001298 -0.078838 0.021503 0.065765 0.026682 0.109680 -0.051181 -0.109018 -0.086312 -0.054419 -0.054607 0.031810 -0.121261 -0.074122 0.127320 0.000128 -0.108836
-0.156699 0.181747 0.059109 -0.309136 -0.008738 0.136714 0.119071 -0.130663 -0.109803 0.185585 0.039861 0.124843 -0.219433 0.698398 -0.038867 0.019651 0.032021 0.138086 -0.050475 -0.063819 0.074992 -0.059424 -0.225189 0.147825 -0.052080 0.265671 0.050133 0.552347 0.286196 0.336576
-0.044658 -0.143111 -0.131352 -0.076834 -0.070116 0.046337 -0.076216 0.096412 0.102428 0.001516 -0.011922 -0.022931 -0.000077 -0.107630 -0.116630 -0.109574 0.063921 -0.064420 -0.123165 0.057804 -0.005304 -0.011295 0.063859 -0.017228 0.016868 -0.056549 0.042193 0.051702 -0.144816 0.092069
-0.028773 0.108311 0.106994 0.099737 -0.144138 0.041943 0.102356 -0.090495 -0.109416 0.419871 0.234126 0.043775 0.006177 0.006567 0.123079 0.085322 -0.114000 -0.172106 -0.131922 0.068919 0.116220 -0.133180 0.169358 0.028844 -0.128691 -0.004738 0.061867 -0.104422 -0.040112 0.332027
-0.591387 -0.410380 0.010241 -0.669926 -0.135606 0.307885 -0.988948 -0.142157 -0.517817 -1.804109 0.343066 -0.338380 0.304972 -2.145100 0.139210 0.028262 -0.258203 0.448703 -0.290009 -0.213696 -0.147137 -0.280115 -0.590581 -0.075255 -0.437008 0.549268 0.046593 -0.568933 -0.551693 0.573233
0.015855 -0.254274 -0.049418 -0.138998 0.010815 -0.115495 0.121387 -0.127507 0.159278 0.158137 0.155764 0.363884 0.502667 0.239636 0.037978 -0.087894 -0.017278 0.413701 0.154110 0.133940 0.130673 -0.173450 0.613026 0.147811 -0.040119 0.066607 -0.268654 0.034057 -0.255710 -0.010452
-0.063046 0.087260 0.093432 0.399642 -0.012633 0.164207 -0.133122 0.137636 0.071405 0.119168 0.209592 0.160989 -0.096641 0.471927 0.169242 0.003431 -0.126872 0.049736 0.059621 -0.043177 -0.012390 0.060770 0.025901 -0.102682 0.327716 -0.042964 0.240274 -0.008562 -0.125237 0.482326
-0.167899 0.109774 0.095039 0.011906 0.133823 -0.042259 0.126585 -0.011549 0.250039 -0.124509 0.042290 0.526768 0.219685 0.884029 0.303550 -0.074492 -0.035763 0.578782 0.215346 -0.031261 -0.227572 0.088875 0.362867 0.115297 0.282613 0.278627 0.255895 0.440158 0.000138 -0.050661
0.177540 0.013347 -0.073944 -0.100206 0.068151 0.101882 0.116062 0.096837 0.073517 -0.016287 -0.008147 -0.162828 0.041981 -0.092457 -0.035965 -0.065743 -0.032826 0.016209 -0.085410 -0.081695 -0.103174 -0.048049 0.018981 -0.107363 -0.087611 0.091823 -0.082010 0.024615 0.111201 0.063630
-0.917347 -0.045231 -0.043050 -0.667264 -0.139736 0.100142 -0.083865 -0.104216 0.111844 -1.528391 -0.855120 -0.572174 -1.039502 -0.710852 0.102293 0.027658 -0.340334 -1.493074 -0.392428 -0.050002 0.045961 -0.174908 -0.672720 -0.582138 -1.292289 -0.840290 -0.053035 -1.848150 -0.030058 -1.162967
0.141757 -0.054583 -0.015837 0.078567 0.009674 -0.123437 -0.108028 -0.040548 -0.116935 0.075232 0.116641 -0.015686 0.103087 0.140081 -0.116334 0.099383 0.043976 0.108419 0.085747 0.016050 0.019749 -0.080594 0.032517 0.092460 -0.033326 -0.061364 0.064474 0.151139 0.081636 0.003090
0.024317 -0.071428 0.052439 0.008752 -0.076598 -0.035218 -0.064892 -0.025943 0.033093 0.135164 0.033094 -0.001783 0.101215 0.075456 0.081061 -0.026451 0.116926 0.062340 -0.022649 0.061710 0.060725 0.035623 -0.021040 0.033358 0.105306 -0.026059 -0.107256 -0.115147 0.063662 0.044285
0.109669 -0.001019 0.002878 0.124954 -0.034763 0.057775 0.004045 0.003704 -0.090315 0.050117 0.080638 0.019174 0.095923 -0.100386 0.101189 -0.121523 0.078721 -0.016048 0.126637 -0.005754 0.059374 -0.128632 0.133143 0.083054 0.024073 0.126595 -0.130316 -0.131866 0.126585 0.080560
-0.165003 -0.045020 -0.112667 0.025883 -0.142019 -0.053039 0.166698 -0.001932 0.041556 -0.087644 0.048673 0.341758 0.032628 -0.168522 -0.051046 -0.049063 0.039403 0.101745 0.080858 0.054070 -0.122647 0.037927 -0.041407 0.070943 -0.066014 0.269499 -0.001994 -0.173477 -0.079527 0.093671
-0.096038 -0.048368 -0.025983 -0.208949 0.077443 -0.252876 -0.167005 -0.014593 0.128791 0.532892 0.266630 0.295669 0.417134 0.896688 0.537973 -0.019948 0.404454 0.211586 -0.095495 -0.043547 -0.056125 -0.070517 -0.207415 -0.009511 -0.199908 0.531863 -0.245963 0.130935 0.115290 -0.017828
-0.098930 0.038027 0.032730 0.093719 0.119514 0.070353 0.096282 -0.032718 0.035023 -0.117284 0.037641 0.020542 0.127453 -0.091275 0.124001 0.131737 -0.019250 -0.000645 0.143651 0.007770 -0.133674 0.083435 -0.007644 -0.031645 -0.019316 0.044498 -0.070219 -0.056058 0.060972 -0.095564
-0.037157 -0.077288 -0.042117 0.103987 -0.144414 -0.056813 -0.042692 0.089457 0.141761 -0.058252 0.053847 0.165993 0.161273 0.213568 0.090334 0.087249 -0.244492 0.012338 -0.050163 0.089477 0.091726 -0.132830 0.146504 -0.083147 0.124316 0.051879 0.144231 0.013086 -0.078528 0.090265
0.101849 0.078314 0.018006 -0.112164 0.106813 0.105612 0.050395 -0.071040 0.046756 0.006671 0.008856 -0.045346 0.035773 -0.110892 -0.098731 -0.123192 -0.053619 -0.010587 -0.071693 0.089526 0.126662 -0.124629 0.031742 -0.033889 0.077531 0.115987 -0.159033 -0.007874 0.107312 -0.056609
0.135702 0.022949 0.008824 0.094539 0.048341 0.024878 0.035333 -0.058243 -0.032658 -0.141836 0.072815 0.104583 -0.118778 -0.077244 -0.035741 0.037454 0.057541 0.036406 -0.041965 -0.079126 0.050909 -0.128508 -0.073018 0.034337 0.099926 -0.086971 -0.059956 -0.014304 0.023339 0.099486
0.034367 0.078706 -0.072648 -0.109658 0.060069 0.040657 -0.085407 0.059311 -0.077322 0.074984 -0.057655 -0.154813 -0.027043 0.231241 -0.072887 0.067502 0.059717 -0.098024 0.102240 0.088227 0.058609 0.055319 0.199330 -0.110948 -0.003742 -0.106748 -0.144502 0.041935 -0.042273 0.204492
-0.022171 -0.077685 0.047291 -0.021239 -0.049425 0.081889 -0.139071 0.002508 -0.033846 0.120273 0.151613 0.090837 0.026544 0.127998 -0.081924 0.006969 0.129326 -0.012280 0.085334 -0.059344 0.053820 0.146641 -0.082902 0.024028 0.031126 -0.133171 -0.071206 -0.099478 0.092485 0.143338
-0.106109 -0.042794 -0.108987 0.069496 -0.036687 -0.101860 0.096012 -0.005281 -0.019668 -0.114341 -0.031810 -0.118269 0.115018 0.009317 -0.001999 -0.040103 0.045974 -0.079354 0.056594 0.018768 0.108559 0.009234 -0.068183 -0.172158 -0.088576 -0.057519 -0.047603 0.117093 -0.083668 -0.066312
0.070762 0.054364 0.026350 0.091760 0.034535 -0.009766 -0.061276 0.114950 0.056792 -0.105578 0.129092 -0.048725 0.102992 -0.007025 0.072035 -0.081397 0.101914 0.004264 0.156792 0.033970 0.063544 -0.062105 -0.125673 -0.054087 0.095731 -0.084577 -0.044713 0.094211 0.085996 -0.077008
-0.107222 0.028731 0.071017 0.117618 -0.137205 -0.037591 -0.077913 0.122635 -0.137121 -0.019370 -0.029768 0.015971 -0.048389 -0.048521 -0.110861 0.060960 0.072906 -0.044711 0.103539 -0.053071 0.056769 -0.041863 0.124529 0.138512 0.118719 0.123027 0.147536 -0.123819 -0.067167 -0.047489
-0.046581 0.034181 0.143563 -0.005798 0.146023 0.078840 0.012859 0.071361 0.035178 0.011252 0.085293 -0.072330 0.126177 -0.027148 -0.049469 -0.132610 -0.064524 0.056491 0.102357 0.009022 -0.083707 -0.051951 0.069050 0.063826 -0.030359 0.046706 -0.090499 -0.019350 -0.049878 0.093499
-0.047027 -0.116679 -0.053009 -0.134696 0.002060 0.089292 -0.103113 -0.074230 0.088836 -0.109505 0.000337 0.100196 0.053599 -0.005849 0.098406 0.090860 0.069610 -0.081260 0.080479 -0.136313 0.075848 0.031461 -0.135551 0.016272 -0.057041 0.025978 -0.139978 0.016419 0.100921 -0.050525
0.944382 0.021587 -0.094726 0.497896 0.000328 0.307371 -0.038503 -0.081437 0.410288 0.298870 0.512847 0.673936 -0.114508 0.130892 0.514237 0.541420 -0.367382 0.421640 0.576394 0.082753 0.088646 0.117522 0.223592 -0.278061 0.298750 -0.063594 0.273705 0.331072 0.036114 0.942028
0.020464 -0.122860 -0.036692 0.110232 0.006317 0.145496 -0.003843 -0.011098 -0.036461 0.040127 0.262430 0.082538 0.088503 0.204109 -0.090490 0.105860 0.160716 -0.038725 0.129601 -0.068116 -0.077451 0.159623 0.166869 -0.008705 0.035258 0.030453 0.107404 0.222861 -0.049321 0.148662
0.019764 -0.130040 0.137291 -0.111116 -0.064514 0.063056 -0.104684 -0.026116 0.049212 0.130516 0.135640 -0.024043 0.054391 0.091875 0.109826 0.045188 0.014763 -0.161734 -0.145883 -0.069709 -0.091691 -0.115797 -0.001339 -0.092413 0.135870 -0.103652 0.063436 -0.101461 -0.024465 -0.082284
0.139128 -0.045137 0.055518 0.113090 -0.140171 0.047039 0.080623 -0.120819 0.065026 -0.042739 -0.011683 0.126704 -0.074277 0.113166 -0.053175 -0.119203 0.034527 -0.033125 -0.032745 0.041799 -0.002513 0.097707 -0.071928 0.016973 -0.073267 -0.106556 0.011352 0.149232 -0.061481 -0.112499
0.032276 -0.027937 -0.107254 0.010034 -0.093890 0.055316 -0.083673 0.071877 0.014612 -0.079004 -0.053292 0.069370 0.003005 -0.145309 0.137235 -0.035639 0.019074 0.025047 -0.116012 -0.040750 0.079583 -0.091595 0.125974 0.121750 0.023724 -0.145567 0.047168 0.124397 -0.068630 -0.090146
0.074053 -0.213430 -0.038808 -0.090029 -0.119588 -0.073789 0.056100 -0.032240 0.131955 0.034821 0.095680 0.303570 -0.078271 -0.017849 0.128726 -0.083465 0.034669 -0.112402 0.133514 0.082250 -0.020226 0.057489 0.078601 -0.044214 0.042022 -0.069498 0.055252 -0.130193 0.068704 -0.008256
-0.026237 -0.000581 0.125413 0.034809 -0.119850 0.024935 -0.119722 0.117063 -0.159522 -0.119891 0.108659 -0.004614 -0.004600 -0.071505 -0.040434 0.030037 0.057865 -0.126476 0.072080 0.061507 0.123217 0.027321 -0.101564 0.112151 0.147721 0.071708 -0.029041 -0.087957 -0.055381 0.024993
0.128552 0.066807 0.022553 -0.059726 -0.078584 -0.063259 -0.138341 0.113479 0.147641 -0.012915 0.084447 -0.111334 0.073742 -0.079068 -0.113697 0.000547 -0.056965 -0.058013 0.141286 -0.110352 -0.106461 -0.102775 -0.023761 -0.123849 -0.039354 0.012172 0.120916 -0.049433 0.041916 0.013486
0.420322 -0.086971 -0.029218 0.040698 -0.112425 0.232287 0.424077 -0.113805 -0.498294 -0.003802 0.468948 0.333997 -0.387408 0.187694 0.550247 0.175576 0.026881 1.084763 -0.090344 0.021700 -0.091133 0.039911 0.227240 -0.000289 -0.274070 0.083152 0.084881 -0.007427 0.028633 1.251567
-0.483623 -0.313706 -0.069544 -0.360589 0.015580 -0.386274 -0.352052 -0.061511 -0.548771 -0.188946 0.052649 0.300763 0.298238 0.194056 1.419221 -0.127192 0.263897 0.362424 0.039192 -0.186693 -0.346447 -0.303311 -0.360167 -0.083942 -0.333942 -0.063077 -0.539908 -0.331631 -0.611143 0.533364
-0.054883 0.133634 -0.090595 -0.145791 -0.142559 0.099743 0.137426 -0.124459 -0.056019 0.084726 -0.000624 -0.080231 -0.136575 0.092291 0.026929 0.001184 -0.051368 0.271172 -0.166606 0.077337 -0.081657 -0.088576 0.063308 -0.102352 0.084886 0.175147 0.068523 0.266255 -0.095625 0.277890
1.252478 0.026646 -0.158902 -0.338924 0.006949 -0.808037 -0.133526 -0.143070 -0.578718 -0.171606 0.035424 -0.619854 0.105885 -0.232134 2.328976 -0.721430 -0.984165 0.772462 -0.577539 -0.075522 -0.134305 -0.132829 0.249528 0.400703 -0.194314 0.147799 -0.830617 -0.281542 -0.176045 -0.255412
-0.043281 -0.043492 0.029327 0.065921 0.017899 0.148640 0.300675 -0.068643 0.027303 -0.030094 0.019106 0.899309 0.668644 0.304091 0.051440 0.028650 -0.024398 0.276487 0.093071 0.013598 -0.013284 -0.072675 0.025864 0.332707 -0.179377 0.072672 0.002149 0.305065 -0.080331 -0.088372
-0.103773 0.028003 -0.095462 0.127306 0.129557 0.072045 -0.034541 -0.151184 0.048657 -0.137326 -0.131387 0.063699 -0.037493 -0.061412 -0.078881 -0.114163 0.072968 0.004867 0.019363 0.102887 -0.124654 -0.050659 -0.143371 0.052446 0.063066 0.031308 -0.079204 0.019306 0.084774 -0.103807
0.005094 0.096777 0.089021 -0.129401 -0.047223 0.108399 -0.135933 -0.095082 -0.153917 0.088745 0.109075 -0.051932 -0.011857 0.070432 -0.177377 0.115636 -0.209331 0.006251 -0.144856 -0.044588 -0.089105 0.111658 0.135176 0.047415 -0.012457 -0.012302 0.054155 0.029002 -0.008694 0.086954
0.128980 -0.087435 0.016455 0.066900 -0.035914 0.118384 0.643475 -0.120845 0.074912 0.650174 0.308504 -0.164110 0.626881 0.301261 0.174413 0.100270 -0.023858 0.247005 0.102894 0.035114 -0.077175 0.057736 -0.162627 0.118971 -0.267517 0.619538 -0.037900 0.360357 -0.006136 0.169152
0.060844 -0.110437 0.052754 0.091547 0.021224 0.043693 0.034988 0.037105 0.014161 -0.011984 -0.031111 -0.117271 0.127768 0.127323 -0.035362 -0.071034 0.018137 0.148846 0.045972 0.037626 0.048357 0.038884 0.020344 -0.074851 -0.013447 -0.103891 0.042293 -0.094972 -0.131000 -0.060883
0.097542 0.072623 -0.009423 0.167160 -0.120504 0.110176 0.108525 -0.115338 -0.125675 -0.055375 0.192559 0.196035 -0.054295 -0.073559 -0.126034 -0.148783 0.023448 -0.112892 0.128992 0.025772 -0.127626 -0.094427 -0.079910 -0.062668 0.213502 -0.020630 0.057949 0.046607 -0.091887 0.290374
0.098907 0.046719 -0.069119 0.085650 -0.116364 -0.096775 -0.006997 0.085788 0.099511 -0.122739 -0.045133 0.116951 -0.054573 0.039099 -0.030196 -0.066777 0.041119 -0.164559 0.052128 0.031933 0.055317 0.107933 -0.062715 -0.041953 -0.056385 0.018013 0.021181 0.052668 -0.079967 0.117125
-0.093036 0.128187 0.015076 0.083580 -0.027503 0.081943 -0.085614 0.090343 -0.192696 -0.086557 0.086440 -0.631337 0.352153 0.379697 0.168775 0.410328 -0.019394 0.528858 0.111588 0.072078 -0.049901 -0.121773 0.433702 0.086058 -0.111453 0.272412 0.030324 0.170697 -0.046421 0.064409
0.115447 0.023479 0.062334 0.047757 0.112010 -0.045080 0.013900 -0.029543 -0.097604 -0.013485 0.118413 -0.167604 -0.118390 0.005777 -0.028716 0.025431 -0.005494 -0.040746 -0.018671 0.043075 -0.127812 -0.128593 0.121364 0.126188 0.137721 -0.105086 0.083617 0.056913 0.115661 0.203701
-0.002945 -0.006047 -0.090062 0.013197 0.013974 0.072889 -0.022596 -0.069334 -0.030530 -0.141391 -0.134931 -0.499478 -0.137964 0.366115 -0.125754 0.063344 0.115274 0.109609 -0.004672 -0.127993 -0.133552 0.006997 0.017312 0.082453 0.227895 0.049707 -0.073780 -0.104639 -0.124708 0.389509
-0.020044 -0.052286 0.046185 0.025297 -0.052260 -0.042105 0.074332 0.045242 0.048980 -0.121586 0.091773 -0.121662 0.042680 -0.060846 -0.017428 0.000896 -0.047330 -0.082810 0.009143 0.032939 -0.038936 0.032440 0.021322 -0.081553 0.029100 -0.043586 -0.113333 -0.073145 0.146873 -0.037557
-0.297983 0.046573 -0.110761 0.132689 -0.176822 0.424496 0.018427 -0.012702 -0.014254 0.393962 0.772948 0.561501 1.011016 1.161168 0.908275 -0.054865 -0.020703 1.303595 -0.285018 -0.019618 -0.273872 0.060366 0.455648 0.042845 -0.062000 0.175198 -0.144290 0.065849 0.010611 0.169173
1.059025 -0.119098 -0.126688 0.298600 0.040472 0.294718 -0.036577 -0.054845 0.405246 -0.228956 -0.286508 -0.201214 -0.049330 -0.390097 1.318243 0.570923 -0.105110 0.483250 0.175069 0.074480 -0.155096 -0.065093 0.386850 0.370321 -0.093024 0.844384 0.170635 0.491164 -0.042123 0.307132
-0.103259 -0.014366 0.098996 0.138820 -0.033753 0.089181 -0.148077 0.032823 -0.001771 0.116790 -0.133902 0.015167 -0.054675 0.008870 0.024605 0.074306 0.025521 -0.115510 -0.021433 0.044373 -0.038027 -0.075679 0.104080 0.113375 -0.077300 -0.061656 -0.139397 -0.030873 0.113135 -0.084758
0.186249 0.191478 -0.065836 0.022494 -0.008674 -0.513407 0.388387 -0.137465 -0.195192 0.560411 0.067380 1.061244 0.886693 1.342281 0.368473 -0.202847 0.391850 0.583151 -0.503824 -0.052866 -0.101479 -0.019948 -0.046932 -0.139426 0.038960 0.392184 -0.936319 0.167955 0.142457 0.612765
0.046334 0.111458 -0.100491 0.047804 0.115422 -0.024536 0.051522 -0.013645 -0.077848 0.066112 -0.062371 0.067644 -0.050511 0.069450 -0.026026 -0.103294 0.069376 -0.078249 -0.027600 -0.082847 -0.066308 -0.149102 -0.035200 0.126758 0.063861 0.125923 0.079620 0.134446 0.037979 -0.052974
0.132002 0.095104 0.136649 -0.038794 0.138504 0.115687 0.134764 -0.080490 0.002223 0.032711 -0.000684 -0.068623 -0.010168 0.136270 0.030898 -0.111794 -0.027846 0.019732 -0.097135 0.017371 0.004610 0.009223 0.084372 -0.039062 -0.024669 0.108279 0.001525 0.119050 -0.011436 -0.140192
0.065484 -0.018733 -0.069914 -0.172100 0.034926 0.053230 0.130781 -0.018796 -0.050986 0.043939 -0.046285 -0.049553 -0.129484 0.066817 0.113990 0.048371 -0.004147 -0.134448 -0.162249 -0.129157 -0.086657 -0.044938 -0.139860 0.067921 -0.084853 -0.081163 0.051055 -0.097659 -0.080707 0.113144
-0.071499 -0.061076 0.067751 0.062445 -0.083017 0.042994 -0.090849 0.061924 -0.153480 -0.011198 0.137367 0.085436 -0.053167 -0.054718 0.094248 0.087257 0.048368 0.055467 -0.035351 0.111675 0.109333 0.034660 0.048185 -0.082503 0.016359 0.056872 -0.082704 0.104519 0.094331 0.043309
-0.065415 0.037509 -0.128529 0.019569 -0.092203 0.103873 0.026054 0.107325 0.090259 0.113466 0.071102 0.018169 -0.010473 0.012739 0.045780 -0.156426 0.084422 0.075301 -0.026659 0.041086 0.006266 0.099957 -0.063967 0.113077 -0.002379 0.073722 0.024862 -0.094994 0.018919 -0.133848
0.055148 -0.002952 0.033375 -0.061969 -0.137952 0.206594 -0.199855 -0.140680 -0.095388 -0.013272 0.325699 0.039780 -0.287906 -0.522409 0.326422 0.016346 0.006016 0.864158 0.008102 -0.055517 0.010196 -0.121987 -0.265303 -0.497054 0.019094 0.849213 0.323145 -0.146529 0.103351 0.797432
0.413487 -0.006019 0.018695 -0.102408 0.037304 0.030021 0.099685 0.081683 -0.084909 -0.811144 -1.595317 0.283660 0.028658 -0.309272 0.282835 -0.089076 -0.148096 0.040367 0.087930 -0.014218 0.040438 -0.002468 0.193503 -0.039862 -0.353041 0.135931 0.081779 -0.387781 -0.066938 -0.513883
0.522411 -0.015687 0.100220 0.447714 0.049717 0.241061 0.041209 -0.131038 -0.031853 0.270639 0.085778 0.149502 0.028950 0.615467 -0.187175 0.011240 -0.020868 -0.019290 0.257734 -0.099348 -0.107147 0.140783 0.111959 -0.090924 0.548127 -0.152599 0.190278 0.238125 0.006813 1.215447
0.173469 0.081733 -0.124408 -0.083099 -0.052996 0.088444 -0.086614 -0.017550 0.080454 0.247314 -0.068550 0.075525 0.222658 0.436965 -0.022694 0.052371 -0.139900 0.255102 0.022704 -0.005400 -0.160155 -0.090437 0.327232 -0.056302 0.531596 0.054487 0.021113 -0.075104 -0.128926 0.531355
-0.133376 -0.081542 -0.078159 -0.086414 -0.065894 0.034035 -0.097871 0.056153 -0.007312 0.067297 0.045167 -0.130108 0.133717 -0.101112 -0.040856 -0.140609 0.049833 0.026400 -0.085482 0.030690 0.051599 0.119519 0.022244 0.077611 -0.090554 0.071832 0.079691 -0.138907 -0.100763 0.092818
-0.128148 0.044964 0.037058 -0.040229 0.031728 0.021189 0.120720 -0.056259 0.065732 0.067350 0.049885 -0.086519 -0.043353 -0.110675 -0.052529 -0.068784 0.045969 0.008324 0.123742 0.040822 -0.084670 0.080872 0.004057 0.018687 0.017882 0.136551 0.119165 0.122788 0.135178 -0.110055
-0.062303 0.379420 -0.010277 -0.030295 -0.003331 0.199672 -0.001980 0.077408 0.124324 -0.216700 0.266379 0.849591 0.195280 0.543088 0.022969 -0.009357 -0.090677 0.850526 0.011124 -0.133302 0.135253 0.194299 0.864738 0.363681 0.256160 0.130573 0.062844 0.076254 0.104701 0.007731
-0.347650 0.263687 0.033669 0.005764 0.058140 0.264376 0.322158 -0.162672 0.448767 0.237162 -0.195182 0.528251 0.085358 0.790406 0.160719 -0.013257 0.436099 0.556788 0.357720 0.049084 0.216780 -0.097225 0.136337 0.143718 0.530015 0.395871 0.234907 0.404599 0.271609 -0.015750
-0.067481 -0.284694 0.084160 0.045410 0.015424 0.189612 -0.153206 0.067296 -0.016916 -0.370799 0.173833 0.343449 -0.191735 0.313828 0.417980 -0.049476 0.101425 0.099139 -0.018790 0.038511 -0.377094 0.057746 0.002938 0.133573 0.142073 0.070171 -0.195099 -0.031647 -0.187212 0.081654
-0.115347 -0.003437 0.039367 0.161560 0.100573 0.020760 -0.087679 0.044448 -0.132767 0.056861 -0.064605 0.053178 -0.135329 -0.004533 0.096449 0.081052 -0.071248 0.131727 -0.135924 -0.107151 -0.077267 -0.134668 -0.029662 -0.014764 0.019030 0.100256 0.025859 0.079614 0.026947 -0.101431
-0.068445 0.068634 0.042240 0.416814 -0.146297 0.079202 0.113675 -0.029930 0.047077 0.004570 0.118664 0.356742 0.083763 0.213304 0.002872 0.172590 -0.169952 0.064525 -0.109616 0.026721 0.029403 0.070071 0.063464 -0.050080 0.074965 0.073464 0.148429 0.010570 0.038816 0.263886
0.131793 -0.018526 0.112447 0.143544 0.083142 0.026204 -0.033333 -0.094543 -0.066616 -0.045942 0.128652 0.041579 -0.120565 0.067893 0.012658 0.089179 0.020004 -0.069689 -0.085082 -0.010851 -0.058853 -0.080977 -0.070875 -0.078936 0.081351 0.067962 0.032209 -0.140931 0.034584 0.086652
0.837285 -0.007674 0.065670 -0.273764 -0.153490 -0.283562 -0.144073 0.084384 -0.159959 -0.115223 0.007380 -0.047699 -0.029084 0.039723 1.637405 -0.041896 -0.604878 0.138546 0.005589 -0.029147 -0.140823 -0.053713 0.174081 -0.087818 -0.341340 -0.258248 -0.004981 -0.476016 0.017127 -0.218376
0.168718 -0.100298 0.137833 0.149822 -0.018130 0.027882 -0.445478 -0.076565 0.178430 -0.885893 0.763026 -0.446740 0.391486 -0.375800 0.175830 -0.069734 -0.147951 0.580270 -0.102325 -0.089712 -0.108738 0.156239 -0.209828 0.073998 -0.012533 0.941657 0.274516 0.494227 0.095901 0.442364
-0.127871 -0.000183 -0.043100 -0.061671 0.002085 -0.051675 -0.061198 0.138532 0.076321 -0.081635 -0.171778 0.005004 -0.113027 0.064345 -0.061426 0.157314 0.014290 0.016864 0.007201 0.102908 -0.036596 -0.157082 0.057962 -0.026691 0.016392 -0.138052 -0.021288 0.079906 0.090257 -0.035030
-0.030844 -0.001503 -0.018756 0.032939 -0.014311 0.098797 -0.055988 0.055405 -0.003402 -0.027985 -0.120002 0.098080 -0.001173 0.094576 -0.131218 0.062188 0.030250 -0.091208 0.063453 -0.093780 0.091414 0.044016 0.130224 0.150025 -0.087615 -0.131431 -0.124158 0.050774 0.028378 0.063238
-0.200667 -0.176048 -0.061600 -0.166786 -0.108533 0.073917 -0.135270 0.121658 0.022957 -0.041942 -0.165585 -0.406491 -0.133609 -0.150945 -0.034769 -0.092516 -0.143145 -0.052836 -0.136783 -0.078038 -0.122746 -0.151864 -0.257177 0.034403 -0.126998 0.001311 0.001914 -0.119351 -0.094616 -0.045306
0.209994 -0.098626 -0.127497 -0.002109 0.113664 0.140135 0.526033 0.089476 -0.022780 -0.637286 -0.776848 0.236490 -0.290666 -0.102347 0.067134 0.154685 -0.028925 0.820695 -0.081066 0.021002 0.076915 -0.133431 0.453089 0.119336 -0.074704 -0.078555 -0.050283 -0.603139 -0.141550 0.323739
-0.198190 -0.046278 0.018477 0.147747 0.050706 0.241490 -0.059808 0.053086 0.092198 0.119419 -0.040409 0.267525 -0.188886 -0.118697 0.239062 -0.123984 0.090165 0.431510 0.069106 0.085370 -0.018176 -0.134511 -0.083635 -0.074753 -0.324691 0.507280 0.097822 0.411226 0.019216 0.279808
0.122733 -0.019151 0.086546 0.102586 0.076076 0.184058 0.984661 0.014177 -0.062532 0.661815 0.576304 -0.683028 1.196024 0.194666 0.459469 0.400061 -0.136244 1.247848 0.233680 0.128557 -0.068836 0.080385 0.122231 0.009053 -0.259135 0.417367 0.312076 0.300358 0.081580 0.505099
-0.518688 -0.299462 0.015296 -0.498363 -0.101135 -0.048775 -0.161170 -0.191384 -0.393928 0.007622 -0.045906 0.653459 0.345251 0.428912 0.882007 -0.353688 -0.062748 -0.025438 -0.210551 0.033917 -0.400166 -0.285183 -0.416158 -0.128350 -0.683036 0.101333 0.051103 -0.392149 -0.310236 0.118348
0.083642 -0.228257 -0.165999 -0.138143 0.047155 0.088252 0.451655 -0.021495 -0.261249 0.278508 0.112401 -0.231157 0.247342 0.453770 0.009638 0.229884 -0.025076 0.708401 -0.078221 0.064365 0.163380 0.135939 -0.101610 0.137804 -0.024502 0.064620 0.401346 0.343245 -0.217290 0.104560
-0.094476 -0.027647 0.106627 -0.098470 0.078841 -0.057941 0.290657 0.013384 0.170212 0.086596 0.015597 -0.055534 0.008880 0.085806 0.045363 0.093145 -0.007451 -0.041674 -0.018253 0.057194 0.006931 -0.109038 0.167266 0.087883 0.094666 -0.035859 0.113236 0.073154 0.066393 -0.157621
-0.154694 -0.264349 -0.049594 0.052665 -0.079823 -0.062886 0.399445 0.048831 0.227929 0.167938 -0.086623 0.742212 -0.101957 0.596213 0.505469 0.626678 0.186563 0.548656 -0.391773 -0.076429 -0.360186 -0.157498 0.329636 -0.038772 0.069835 0.168354 0.152051 0.004891 -0.358778 -0.044007
-0.075392 0.102677 -0.001121 -0.002418 -0.062110 0.016474 0.118528 -0.098704 -0.044433 0.119943 0.105494 -0.140484 0.088407 -0.124304 0.077546 0.069212 -0.086196 -0.144258 -0.113269 -0.098686 -0.076892 0.004846 -0.146075 -0.048439 0.016811 0.026226 0.077839 0.117909 -0.133631 0.100786
-0.410220 -0.208941 -0.117431 -0.036480 -0.122772 -0.131328 -0.414152 0.004438 -0.223465 -0.886359 1.080640 -0.021310 -0.000990 -0.520423 0.460611 0.403312 -0.047937 0.772575 0.088323 -0.036049 -0.262113 -0.218302 -1.099000 -0.156358 0.227512 0.235283 -0.100824 -0.273549 -0.068718 0.378850
0.574963 0.094373 0.105114 -0.267843 0.063211 0.188278 0.010034 -0.124525 0.381274 0.459734 0.220798 -0.827220 0.373298 0.247331 0.741591 0.361144 -0.247948 0.331788 0.047748 0.012936 0.056955 0.092450 -0.069570 0.100171 0.160007 0.495769 0.167207 0.232493 0.002957 -0.037280
0.120301 0.124831 0.136025 -0.034554 0.113837 -0.054422 0.028666 -0.050369 0.041676 -0.079017 0.106585 -0.001419 -0.011281 0.021573 -0.082836 -0.100806 0.072925 -0.082543 -0.020518 0.057043 0.037766 0.016803 -0.003715 0.039914 -0.109737 0.009555 0.109700 0.082289 -0.106324 -0.002295
0.041065 0.144206 0.049872 -0.007959 0.073978 0.126277 -0.117606 -0.126143 -0.085379 0.075911 0.131400 0.143605 -0.001595 0.047724 -0.185244 0.077103 -0.126611 -0.051170 0.037445 -0.111137 0.060164 -0.089459 0.058650 0.124643 0.089770 -0.148391 -0.035699 -0.020214 0.002519 0.063347
-0.080367 0.053424 -0.100319 -0.152390 0.049774 0.071557 0.071424 0.006847 0.152218 -0.014993 -0.187152 0.083643 0.029552 -0.022966 -0.127689 -0.122647 -0.114838 0.008697 -0.066546 -0.016107 0.034695 -0.008985 -0.100182 -0.017222 -0.017785 0.147527 -0.027781 -0.034642 0.106726 -0.148219
0.033780 0.023755 -0.056638 -0.118941 0.049285 -0.074512 0.045811 0.056699 -0.137237 -0.005858 -0.105650 -0.060683 -0.082481 -0.029519 -0.015137 0.142734 0.009234 -0.093543 0.112725 0.034104 0.135868 0.055155 -0.079374 -0.108074 -0.108736 0.049244 -0.072589 0.032770 0.134972 0.135069
0.141482 -0.250032 -0.097624 -0.103335 -0.044315 0.104387 -0.017298 0.111953 0.217224 -0.199466 0.181512 1.430513 1.470448 0.322473 0.863625 -0.219395 0.283227 1.000046 -0.416848 0.000256 -0.193114 0.048478 0.146865 0.123202 -0.000206 0.827771 -0.222210 -0.004809 -0.375726 -0.139031
0.016334 -0.008333 -0.095369 0.127361 -0.117729 0.058585 0.005532 0.130886 0.041789 0.088530 0.022903 0.072579 0.236738 -0.020559 -0.071560 0.081642 -0.134834 0.175770 -0.040131 -0.036871 0.033924 0.025488 0.052831 -0.129624 0.051658 0.089175 0.002575 -0.113147 -0.149235 0.088836
0.138461 0.022594 -0.024926 0.120581 -0.018596 0.114079 -0.028597 0.106813 0.082595 -0.024463 -0.123981 0.019682 0.018937 -0.067275 -0.002808 0.063915 0.145476 0.108422 -0.080509 0.053760 0.092255 0.108852 0.060330 -0.145980 0.143202 0.036418 -0.041576 0.020756 -0.014395 -0.019738
0.109620 0.125921 0.139595 0.066133 -0.130993 -0.059527 0.005764 0.010694 -0.114127 0.062212 -0.044880 0.152406 -0.121421 -0.049253 -0.145695 0.108270 -0.046080 -0.052730 -0.153545 -0.032371 -0.037062 0.000520 0.083611 0.035571 0.109745 -0.010419 -0.000741 -0.105092 -0.095115 -0.119211
-0.078417 -0.058455 0.128184 0.121987 -0.081924 0.028592 0.063757 -0.119733 0.063471 0.099249 0.095692 -0.054914 -0.062196 0.039488 0.141331 -0.053521 0.031169 -0.122098 -0.070556 -0.035186 0.086342 0.102181 -0.042904 -0.039201 -0.128969 0.056173 0.068643 -0.102531 -0.121647 0.127745
-0.134386 0.029801 0.091475 -0.080542 0.070828 0.114188 -0.080430 -0.022426 0.072420 -0.141641 0.071254 0.004324 0.061414 0.052629 0.094437 -0.084916 -0.003056 -0.107763 -0.105047 0.055302 0.035287 0.092439 -0.044709 0.102326 0.076254 0.128768 -0.019569 0.059283 0.083511 0.052919
0.120884 -0.001814 -0.142564 -0.065312 -0.050944 0.123802 -0.135778 -0.025089 -0.030839 -0.069793 0.061250 -0.074174 -0.100741 -0.008374 -0.127166 -0.120713 -0.072859 -0.071054 -0.080488 -0.095131 -0.119588 0.107794 -0.101300 0.004856 0.089693 -0.145497 0.136220 -0.028281 0.077095 0.086613
-0.023564 0.054248 -0.095989 -0.042793 0.080053 0.091764 -0.090776 0.096833 0.159142 0.049073 0.040359 -0.093178 0.139772 0.026325 -0.049114 -0.062980 -0.103097 0.061105 0.023182 0.060142 -0.110415 0.125063 -0.091688 0.029915 0.025256 -0.120731 0.002289 -0.013202 -0.087407 -0.102389
-0.145874 -0.029653 0.032732 0.074307 0.133395 0.072369 0.045526 -0.138403 -0.047353 0.081645 -0.116891 -0.115099 -0.037785 -0.062613 -0.050260 0.040346 0.070202 0.167453 0.129863 -0.061156 -0.031097 -0.109676 0.107760 -0.104617 -0.138746 0.119763 -0.050704 -0.036837 0.048090 0.138049
0.036444 0.022683 0.118772 -0.005201 -0.050867 0.229258 -0.037901 -0.081584 0.066071 0.162880 0.046224 0.119920 0.144908 0.008007 -0.076785 0.273367 0.057348 0.227697 0.182904 0.015367 0.019536 -0.101167 0.406682 0.189668 -0.040646 0.255216 0.004854 -0.054653 0.085831 -0.119126
0.086094 -0.135489 -0.132889 -0.059895 -0.038071 -0.065698 0.013535 -0.095404 0.009218 0.067764 0.022317 -0.041092 -0.108001 0.133756 -0.072897 0.026226 -0.072422 0.092094 -0.006918 -0.176819 -0.080446 0.006820 0.021875 -0.024123 0.162439 -0.083674 -0.024853 0.025836 -0.076963 0.148456
0.203010 0.062763 -0.011473 -0.008071 0.051594 -0.078216 0.024005 0.139933 -0.032054 0.178235 0.120638 0.087352 -0.000182 0.108674 0.108120 -0.003896 0.029792 0.063026 0.002512 -0.058414 -0.104441 -0.006143 0.060739 0.011174 -0.085786 0.069488 0.082761 0.022430 -0.104232 0.144147
0.104397 0.052876 0.037154 -0.129667 -0.053461 0.016936 -0.074013 -0.026985 0.041464 0.104328 0.059336 -0.086797 0.145635 -0.128749 -0.086234 0.116446 0.053293 -0.108275 0.094495 -0.141107 0.051028 -0.042723 0.051061 -0.073499 -0.001313 -0.085185 0.011622 0.103753 -0.072409 0.078125
-0.162901 -0.077601 -0.091183 -0.026488 -0.121949 0.098539 0.069868 0.112737 0.240440 -0.275535 0.239263 0.471542 0.023296 0.323115 0.074150 -0.014735 0.202334 0.061797 -0.020630 -0.024778 0.104299 0.235604 0.049774 0.178740 0.031968 0.024308 -0.121384 -0.060919 0.121830 -0.089579
0.124305 0.059286 -0.100398 0.101909 -0.041754 0.053546 0.149821 0.119790 -0.023662 -0.011262 -0.051043 -0.101770 0.021413 -0.035138 0.094367 0.087929 -0.140438 0.034037 -0.028912 -0.082985 0.139080 0.067271 0.020645 0.175548 0.077840 0.013425 0.066676 -0.039323 0.080118 -0.141475
-0.031757 -0.082994 -0.105167 0.008926 0.069724 -0.016581 -0.048740 -0.116180 0.021942 -0.019889 0.154739 -0.055458 0.092581 -0.083097 0.134792 0.049748 -0.019215 -0.024772 -0.157124 -0.123731 0.038661 0.169292 -0.046536 0.154025 0.011187 0.067877 0.080198 0.060275 0.048380 0.100388
-0.071810 0.006586 -0.084950 -0.003982 -0.148685 -0.074867 0.199889 0.035467 -0.118844 0.432926 0.376554 0.052356 0.434427 1.164990 0.205389 0.071595 -0.209398 0.921873 0.603168 0.016709 -0.264251 0.026698 0.545312 0.060321 -0.069368 0.666356 0.027978 0.097449 0.045569 0.257265
0.064114 -0.139665 -0.099272 -0.013111 0.119251 -0.022114 0.000355 -0.013460 -0.013803 -0.035749 0.025881 0.035391 -0.056433 -0.136722 0.133923 -0.136782 -0.008664 0.049868 -0.000451 -0.115687 -0.130494 -0.090713 0.088308 0.022145 0.135509 -0.075993 0.039325 -0.129881 -0.123497 -0.103070
-0.156852 0.079710 -0.035062 -0.037799 0.014403 -0.693381 -0.055558 0.082111 -0.014191 0.493962 0.608449 1.353116 0.652885 0.887455 0.260271 -0.334140 0.295210 0.647158 -0.772231 0.085369 -0.184903 0.181437 0.101892 0.149898 0.250498 0.508106 -0.899728 0.069365 0.072501 0.685064
0.117696 0.141015 -0.054076 -0.064787 0.024742 0.090733 0.099478 0.018013 0.083607 0.119292 0.025758 0.025772 -0.072491 0.061946 -0.061550 -0.014435 -0.019267 -0.072517 -0.056809 0.118562 -0.031218 -0.051471 0.001486 -0.123258 0.031103 0.134487 0.046054 -0.012322 -0.119516 -0.059133
0.734184 -0.089559 -0.116586 1.716409 -0.060161 0.565230 0.069001 0.142028 0.404196 0.699587 0.320440 1.124051 -0.034140 0.921393 0.644949 0.502735 -0.214530 0.485506 0.332845 -0.039165 -0.188624 0.071595 0.895240 -0.190273 0.138749 0.119077 0.409444 0.667820 -0.021374 1.754065
-0.008696 -0.079252 -0.009069 0.075401 0.101627 0.079373 -0.014162 -0.031111 -0.135137 -0.023523 -0.107947 -0.052924 -0.130559 0.057373 -0.015315 0.044509 -0.029625 -0.070334 -0.019539 -0.128853 0.103579 -0.060072 -0.064765 0.133460 -0.007195 0.050551 0.024440 0.144129 0.107088 0.030992
-0.004551 0.073009 -0.112996 0.116066 0.011791 0.143851 0.003899 -0.128336 0.040376 -0.068650 0.080628 0.024435 0.117667 -0.083145 0.071624 -0.001734 -0.102293 0.117813 0.131801 -0.064193 -0.064983 -0.018725 -0.017054 0.127097 0.098924 0.009509 -0.084563 -0.064729 -0.070663 -0.104118
-0.066266 -0.003493 -0.059164 -0.067380 0.046173 -0.061908 -0.038214 0.042978 -0.060294 0.029786 0.035528 0.133485 0.045678 0.052542 -0.086229 0.040799 0.044436 0.109550 0.020991 0.081261 0.068139 0.004317 -0.041042 0.150254 -0.091551 0.117755 0.094550 0.085759 0.056521 0.101652
0.116898 -0.063624 -0.095256 -0.048827 -0.001566 -0.017275 0.086477 -0.051687 0.068436 0.035695 -0.149686 0.010983 0.004035 0.100204 0.119396 0.094486 0.098981 0.024309 -0.089814 0.026783 -0.006323 -0.077021 -0.017958 0.107651 -0.051385 -0.098584 -0.060422 0.077382 -0.108033 -0.050314
-0.054678 0.202576 -0.007369 -0.060123 -0.140649 0.249614 0.038975 -0.008574 0.046411 0.224965 0.612555 0.744239 0.439794 0.663113 0.207194 0.493591 0.065368 1.066032 0.071018 -0.052108 0.265904 0.036057 0.801434 0.197053 -0.090041 0.319414 0.589447 0.197303 0.132437 0.134636
0.003336 0.096224 0.019026 0.041582 -0.069957 0.132294 -0.092926 -0.141448 -0.072556 -0.081621 0.007531 0.010232 -0.076885 0.084046 0.138287 -0.042933 -0.155267 -0.014626 0.052126 -0.025716 -0.028340 -0.000887 0.083280 -0.138383 0.089455 0.012396 -0.105468 0.122237 0.068816 0.168422
-0.095151 -0.086416 -0.080061 0.016591 0.068699 -0.023251 0.168131 -0.039336 -0.117393 -0.007255 -0.005873 0.032590 0.126723 -0.125570 0.075497 0.074384 -0.150731 0.086870 0.123172 -0.022237 0.140512 0.105837 0.093849 0.026578 0.049751 -0.047316 0.099841 0.086769 -0.078792 -0.136025
0.200917 -0.203634 -0.028874 0.383722 -0.143908 0.307013 -0.311184 -0.071901 0.322907 0.080402 0.058627 0.639519 0.082837 0.343831 0.036432 0.106997 -0.202887 0.216662 0.049216 0.074567 -0.283129 -0.045546 0.289154 -0.224997 -0.045313 -0.163557 0.029169 0.109849 -0.391752 0.725893
-0.144685 0.013133 0.002233 -0.027188 0.108629 -0.013973 0.012533 -0.058379 0.042810 0.051710 -0.116062 -0.080658 0.062446 -0.102199 -0.050269 0.005243 -0.129342 -0.037117 -0.135004 0.101710 -0.071762 0.106114 -0.100881 0.124157 -0.058909 0.064792 0.002496 0.088586 -0.035715 -0.138217
-0.099281 0.084839 0.140026 0.062789 0.128476 0.129911 -0.076770 0.064197 -0.131494 0.050404 0.075206 -0.055890 0.100369 0.136208 0.013121 0.106262 0.045287 0.061904 -0.138870 0.144619 0.122738 0.022296 0.018673 -0.010300 -0.087485 0.069883 0.068421 0.138628 -0.095902 0.100554
0.114770 0.310366 0.097405 -0.054742 0.128758 0.184918 0.322069 -0.032248 -0.461653 -0.571393 -0.197243 0.919267 0.274053 0.427713 0.214384 0.021206 -0.242042 0.914701 0.191469 -0.002636 0.245879 0.148692 -0.327810 0.111914 -0.049927 0.092526 -0.022958 0.192761 0.077084 0.386964
0.028763 0.183010 0.066311 0.121859 -0.108704 -0.046015 0.506425 0.000384 -0.182771 0.353528 0.181001 0.317691 0.290994 0.406513 0.009017 -0.070055 -0.186852 0.786496 -0.090667 -0.033226 0.054843 0.058728 0.380003 -0.103709 0.026308 0.209125 -0.074910 -0.232179 0.227771 0.415874
0.111235 -0.009516 0.124079 0.058345 0.027062 0.105979 0.087988 0.084422 0.099943 0.063862 -0.086330 -0.000434 -0.053701 -0.140646 0.072730 -0.131192 -0.010187 0.072427 -0.104181 0.132416 0.074549 -0.118085 -0.063772 0.135756 -0.061313 0.013222 -0.060244 -0.054530 -0.129771 0.021440
0.239797 0.050327 -0.129575 0.489631 -0.041593 0.308230 0.506380 -0.044836 0.247110 0.050400 0.263210 -0.368023 0.048768 0.121747 0.649791 0.089914 -0.378755 0.003728 0.062664 0.070077 0.018948 0.006417 -0.576873 0.035807 -0.205614 0.746690 0.261886 0.612880 0.003663 0.235148
0.077117 -0.111908 0.045184 -0.008295 0.004565 -0.014769 0.120293 0.041292 0.004130 -0.123701 -0.109392 -0.100131 0.131468 -0.076136 -0.039910 -0.048438 0.077236 -0.014846 -0.047145 0.082877 -0.050164 -0.091147 -0.020194 -0.080261 -0.039409 0.114597 0.008189 -0.108187 0.098189 0.116669
0.007320 0.118894 -0.166251 -0.207969 -0.040289 -0.144623 -0.314515 -0.067931 0.048554 0.477921 0.664685 0.397802 0.123060 0.879074 0.507945 -0.304009 0.231207 0.660763 0.057967 -0.017910 -0.224390 0.019044 -0.224333 -0.069039 -0.068297 0.187588 -0.435306 -0.035182 0.182316 0.563268
-0.944711 -0.143966 -0.121446 -0.563033 0.026893 -0.183199 -0.250976 -0.087119 -0.451876 -0.543306 -0.284422 -0.137173 0.399300 -0.319987 1.190067 -0.264008 -0.541770 -0.312254 -0.033919 -0.059498 -0.203154 -0.169153 -0.471819 -0.187480 -0.560447 0.219197 0.118283 -0.643711 -0.394094 -0.127542
0.185810 0.175412 -0.021537 0.017796 0.015759 0.062736 0.096222 0.032046 0.061850 -0.110553 0.024316 0.428712 0.261443 -0.136117 -0.083235 -0.068552 0.015614 0.144595 0.077447 -0.072182 0.005656 -0.057609 0.012911 0.126665 -0.013005 0.041607 0.020724 0.101908 0.148196 -0.027302
-0.057317 0.058641 -0.054644 -0.034616 0.060937 0.167929 0.078173 -0.083173 0.021903 -0.029907 0.053560 -0.059877 -0.117115 -0.144234 0.028480 -0.019808 0.073312 0.130632 0.173126 0.003909 -0.109865 -0.097971 0.028016 -0.029136 0.096873 -0.078271 0.022443 0.058920 -0.043612 0.055869
-0.003188 -0.023351 0.124583 -0.070628 0.062934 0.147045 0.029478 -0.088298 0.209493 0.229511 0.325259 0.125617 0.603661 0.255696 0.246681 0.343435 0.293440 0.134528 0.053287 0.053026 -0.044707 -0.081537 0.160650 0.097812 0.547883 0.286194 0.177432 0.153631 0.056026 -0.105557
-0.190928 0.003364 0.052151 -0.055908 0.033809 0.216880 0.305180 0.127544 -0.176173 0.362418 0.107672 -0.049455 0.056016 0.007701 0.177601 0.107747 -0.018152 0.914922 0.094943 0.118344 -0.009696 -0.168907 0.326343 -0.090984 0.137257 0.424321 0.264070 0.046916 -0.156703 0.391266
-0.149739 0.132173 -0.015417 0.123023 -0.109107 -0.033409 0.093938 -0.089306 0.071958 -0.102904 -0.025735 -0.000612 -0.076938 -0.000951 -0.038120 -0.013333 -0.126139 -0.039851 -0.032660 0.001068 -0.099814 -0.077466 0.094231 0.138821 0.084193 0.027884 -0.020213 -0.033688 0.159165 0.007956
0.114186 0.101742 0.105156 -0.096402 0.030707 -0.064209 0.012569 0.058974 0.139478 0.041621 -0.133719 -0.022004 0.055666 0.096689 0.076317 -0.099303 0.045404 0.005740 0.114196 0.084949 0.144375 -0.119491 0.103390 -0.134708 0.133012 -0.093997 -0.099415 0.002766 0.089724 0.034364
0.109724 0.112134 -0.045147 -0.081497 0.060977 -0.000671 0.124674 -0.041370 0.145211 -0.074435 0.764533 0.727242 0.101709 0.952777 0.196008 -0.011081 -0.012215 0.646289 0.168668 -0.090910 0.286618 -0.023364 0.646711 0.245185 0.331037 0.380068 0.059924 0.370440 0.106866 -0.006443
0.065128 0.042342 -0.074514 -0.003995 0.072663 -0.005383 0.148300 0.149985 0.062460 0.104259 -0.051622 0.053974 0.152943 -0.032454 -0.022383 -0.090341 0.037630 -0.018089 -0.040985 0.060832 -0.098662 0.005159 -0.040848 -0.111891 -0.014559 -0.054019 0.073677 0.014886 -0.145998 0.066936
0.109516 0.027262 -0.067765 -0.232951 0.040519 -0.227846 0.217735 -0.105456 -0.267102 1.137320 0.505186 0.891646 0.860395 1.671906 1.386290 -0.100261 0.276344 1.714451 -0.138199 -0.023488 -0.166219 0.052439 0.223836 -0.302287 0.092184 0.667004 -0.360273 0.469653 -0.134349 0.813840
-0.033378 -0.065693 -0.086389 -0.063790 -0.023564 0.009075 -0.066535 -0.030270 -0.103546 0.041738 0.112172 -0.114493 0.046900 -0.100130 -0.050791 -0.076952 -0.009897 0.044927 -0.098480 -0.045763 -0.051828 -0.039509 -0.048663 0.041255 0.118077 0.072500 0.154752 -0.093756 -0.015716 0.100943
-0.025295 -0.132710 -0.038053 0.063844 -0.131430 0.007942 0.118243 0.113597 -0.103187 -0.131028 -0.050140 -0.035641 0.141941 -0.116084 -0.032799 0.047031 0.129306 -0.010388 -0.072927 -0.112585 -0.018061 0.026825 0.135308 -0.125128 -0.027299 -0.034241 0.034329 0.093576 0.008563 0.012066
-0.087349 0.075101 -0.058935 -0.109536 -0.027139 0.084008 0.107295 0.054380 0.064720 -0.091510 0.020059 -0.011475 0.024536 0.048165 -0.115264 0.000388 -0.000263 -0.186131 -0.103224 -0.084488 -0.108006 -0.019466 -0.109323 0.057031 0.046116 -0.105505 0.095467 -0.095625 0.064882 0.095543
-0.028624 -0.023597 -0.015257 0.084606 -0.060882 0.210136 0.055607 -0.050274 0.363036 0.173232 0.155861 0.550683 0.368441 0.630834 0.142310 0.199808 -0.031805 0.486994 -0.100159 0.016233 0.104371 0.206741 0.180549 0.178178 -0.108208 0.266228 -0.098971 0.073857 -0.142088 -0.130299
0.044603 0.015769 -0.121472 -0.010421 -0.081264 0.109981 0.100249 0.070432 -0.083552 0.063070 0.080275 0.134025 0.117721 0.117367 -0.003509 -0.127716 0.101329 0.063104 -0.126817 -0.085599 -0.119106 0.048726 0.073226 0.042127 -0.035775 0.064681 0.114613 -0.028995 -0.124054 0.145539
-0.163021 -0.101091 0.076527 0.050870 -0.135379 0.047775 0.389105 -0.126116 -0.204159 0.432382 -0.110883 -0.543510 -0.004450 0.264530 0.146618 0.033396 0.106454 1.502439 -0.073567 -0.136987 -0.120593 0.017310 0.125838 -0.053947 -0.352619 0.398952 0.364759 0.235079 -0.009610 0.327318
-0.028560 -0.124288 0.037027 0.087291 -0.039739 0.063995 -0.035101 -0.132123 0.065599 -0.042183 0.083941 -0.081391 0.106760 0.058125 0.025212 0.092474 0.020222 -0.036260 0.090673 -0.117194 -0.129559 0.067884 -0.054804 0.023884 0.061943 -0.109104 -0.140004 0.036864 -0.048869 -0.048735
-0.043695 -0.131767 0.008472 -0.069028 -0.039167 0.033588 0.072902 -0.001002 -0.107446 -0.005192 0.078144 0.016189 0.153799 -0.003296 0.006909 0.047178 -0.055807 0.267849 -0.040934 -0.118687 -0.034436 0.149764 0.185943 0.101547 0.090163 0.097584 0.077992 -0.086264 0.133704 0.112985
-0.129861 0.144067 -0.041088 0.065094 0.123748 0.148517 -0.016148 0.005997 0.070487 -0.223102 0.207040 0.154453 0.130806 -0.175994 0.005481 -0.090278 -0.036239 -0.089652 0.132070 0.084711 0.184641 -0.226033 -0.028903 0.176627 0.217994 -0.152052 0.108661 0.160656 0.048601 -0.002708
0.011223 0.012559 -0.112047 0.033114 0.126031 -0.046946 0.096802 -0.136188 0.073834 0.120722 0.052774 -0.065130 -0.054121 -0.028781 0.002789 0.015264 -0.102417 0.114140 0.130067 0.086078 -0.017995 -0.063609 -0.136651 0.021484 -0.132365 -0.088617 0.066450 0.098955 -0.076479 -0.078623
-0.029546 -0.059064 0.028016 0.033518 -0.067707 -0.025319 -0.132488 -0.108986 0.121710 -0.057972 0.030146 -0.106918 0.023152 -0.073551 -0.091074 0.124146 0.009969 -0.073990 -0.122704 -0.076547 -0.096743 0.032691 0.106082 -0.060720 -0.087030 -0.053442 -0.025128 0.029824 -0.041482 -0.135314
-0.039533 -0.050705 -0.122914 -0.096350 -0.080864 0.002819 0.063269 0.006208 0.091710 0.004964 0.153312 0.199499 0.171851 0.095568 -0.090457 0.124397 0.000343 0.050954 0.185028 -0.126034 -0.010356 0.265932 0.122600 0.226528 0.093365 0.052271 0.142937 0.065178 -0.107374 -0.116680
0.087565 -0.080899 0.125806 -0.110892 0.032782 0.076051 -0.061425 0.016400 -0.026547 -0.021074 0.061147 0.017797 0.008607 -0.021844 0.129605 0.064980 0.063648 -0.034458 0.049459 0.013281 -0.064540 0.114002 -0.009598 0.041058 -0.069480 -0.061471 0.080958 0.014990 0.131113 0.032429
-0.112355 -0.086042 -0.112297 0.089576 -0.075622 -0.027125 0.062142 -0.080002 0.039759 -0.089189 -0.101076 0.018625 -0.014509 -0.075644 -0.097292 0.042406 -0.010348 -0.012418 0.119517 -0.015858 0.075790 0.065487 0.103405 -0.014812 -0.098806 -0.131714 -0.001628 0.005408 0.140726 -0.043041
-0.136681 -0.069502 0.005545 0.129631 -0.090671 -0.022878 -0.130696 -0.111596 -0.036529 -0.136861 0.008865 -0.093455 0.118658 0.041844 0.097390 -0.072660 0.015514 -0.090112 0.006372 0.140247 0.099926 -0.078776 -0.137566 0.136823 -0.071406 -0.084992 0.022306 -0.114068 0.006043 -0.130507
-0.202421 0.052044 0.013697 -0.019455 0.065547 0.103734 0.692478 -0.019654 -0.294149 0.209127 0.008592 -0.396180 0.308000 0.141798 0.270512 0.204938 0.101323 0.602184 0.150312 -0.129491 0.012109 0.123493 -0.011708 -0.041809 0.108335 0.484152 0.294723 0.271874 0.115098 0.846102
0.414765 -0.119048 -0.013960 0.115700 0.079818 0.190088 0.202081 0.106425 0.340076 0.267074 0.049971 1.694363 0.966530 0.376954 0.660418 0.559892 0.254749 0.578358 0.436462 -0.062304 0.040945 0.038327 0.242221 -0.450944 0.341113 0.313895 0.244117 0.259850 -0.101065 -0.061618
-0.222286 -0.173314 -0.045123 -0.094437 -0.004233 -0.240578 0.148661 -0.048055 0.009387 0.355168 0.281060 0.764886 0.230254 0.810864 0.606812 -0.159504 -0.302202 0.412131 -0.142294 0.087585 0.137934 -0.286218 -0.254843 -0.254078 -0.027052 0.014512 -0.299442 -0.068944 -0.207100 0.531680
0.083579 -0.120001 0.127399 0.074021 0.020682 0.247799 0.038133 -0.134672 -0.126400 -0.115911 0.106710 0.887910 0.403793 -0.002572 0.181082 0.043320 -0.211057 0.345567 -0.205928 0.079146 0.001349 0.038228 0.280619 -0.130800 -0.223726 0.161869 -0.005625 0.137949 -0.012941 0.264947
0.150359 0.152763 0.012967 0.141256 -0.014155 0.028002 0.384235 -0.030099 0.128565 -0.038492 0.114651 1.905104 0.486316 0.126639 0.317564 -0.086086 -0.780211 0.777740 0.237846 0.102056 0.179037 0.137117 0.491033 0.234459 0.999143 -0.064148 -0.031547 0.105212 0.261813 0.146567
0.023490 0.070306 -0.031386 -0.090276 0.054648 0.067684 -0.002374 0.003672 0.086469 -0.073359 0.103725 0.127637 -0.017450 0.157080 -0.073158 -0.072565 0.037324 0.099746 -0.073189 -0.121523 -0.140435 0.139480 0.093276 -0.009745 0.077804 0.052236 -0.058473 0.046361 -0.019021 0.130070
0.025742 0.079329 0.152021 -0.000104 -0.109568 -0.078875 0.052407 -0.058087 -0.086207 -0.114287 0.133016 -0.058385 0.111608 0.040228 -0.050314 0.109721 0.049948 -0.060418 -0.024732 -0.112896 -0.126059 -0.110348 -0.080693 0.135883 -0.025562 -0.130322 0.085479 0.093219 0.134216 0.035279
0.078114 0.136126 0.026081 0.252234 0.110429 0.205873 0.466524 0.062953 -0.042561 0.386159 0.143490 0.735222 -0.172265 0.353382 0.160570 -0.040242 -0.158656 0.364074 -0.190820 -0.063576 0.050285 -0.006119 0.103489 0.050635 0.147354 0.024145 0.253554 0.308921 -0.059074 0.808433
0.125192 -0.106710 -0.061521 -0.083178 -0.016228 0.098991 0.062735 0.062400 0.066744 -0.050584 0.082103 0.223202 0.006836 0.147094 -0.141640 0.196873 0.022269 -0.034102 0.089469 -0.030868 0.212248 -0.149137 -0.051729 0.051063 0.063257 -0.047760 0.210242 0.047200 0.026205 -0.100161
-0.167318 0.365406 -0.091578 0.131224 -0.112606 -0.098927 0.751100 -0.049786 0.029420 0.356987 0.771071 0.039824 0.261340 1.467089 0.534131 0.388768 -0.315091 1.004387 0.374918 -0.011302 0.223785 -0.050941 0.553859 0.205783 0.235345 0.443789 0.088075 -0.175790 0.084164 0.978405
-0.045160 -0.009368 0.041231 -0.171002 -0.019202 0.065120 0.074029 -0.022847 -0.021424 0.125202 -0.081153 -0.052243 -0.095845 -0.094007 0.110294 -0.121854 0.125282 0.027233 -0.172231 -0.010507 -0.128082 0.111676 0.135115 0.069828 0.061466 -0.046357 0.034262 -0.011659 -0.043844 0.030605
-0.024711 0.011830 -0.112833 -0.135440 -0.021733 0.095307 -0.115955 0.022929 -0.046596 0.003792 -0.024086 -0.010209 0.082913 0.047784 0.052573 0.031894 -0.147426 0.103539 -0.072102 -0.003638 -0.115215 -0.061082 -0.073794 0.097358 0.069156 0.054848 -0.022970 0.052296 -0.126883 0.100626
-0.110722 -0.075274 -0.152437 -0.151384 0.108160 0.147643 0.719902 0.013543 0.093420 -0.529162 -0.290080 -0.578808 0.225814 0.029443 0.311562 -0.040615 -0.140575 1.363780 0.250649 0.005615 0.062669 0.045218 -0.145677 -0.151419 -0.196863 -0.194254 0.244345 -0.380765 0.027928 0.460346
0.148488 -0.094775 -0.122877 -0.079126 -0.143537 0.073002 0.143167 0.128910 -0.026284 0.109882 -0.201928 -0.162875 -0.040779 -0.110371 -0.060268 0.167467 0.153396 0.063915 0.207538 -0.082097 -0.091861 0.059187 0.116579 -0.145742 -0.168309 0.253080 0.056035 0.085272 -0.125732 -0.082035
-0.024672 -0.042763 0.123825 0.191555 0.068678 0.184847 -0.063659 -0.138008 -0.000385 -0.004254 0.364847 0.378608 0.059088 0.589845 0.074360 0.096444 -0.093561 0.078939 0.070641 0.025309 -0.014108 -0.119873 -0.105745 0.124078 -0.023287 -0.028499 0.031508 0.348145 -0.081536 0.462582
0.061810 -0.056606 -0.018817 0.003152 0.127239 0.091511 0.128996 0.001033 0.114025 0.028596 -0.053824 -0.080418 -0.125397 -0.119009 0.010460 -0.110145 0.021935 -0.032621 0.112714 0.091720 -0.055957 -0.018250 0.003728 0.118702 0.003143 -0.059028 -0.108903 0.053684 -0.136880 -0.067489
0.160030 -0.118295 -0.008147 -0.029229 0.090468 0.096085 0.280199 -0.009848 0.213249 0.539591 0.259475 -0.257463 0.328098 1.228953 0.151460 0.384103 0.055113 0.680199 0.355697 0.014544 0.055213 0.043051 0.714928 0.371896 -0.087949 0.448112 0.061397 0.498730 -0.040104 0.055697
-0.066167 0.137049 0.050401 0.010061 0.017321 0.082935 -0.057516 -0.082061 0.055792 -0.104187 0.087022 -0.133974 -0.092861 -0.029750 -0.094058 0.019004 -0.100956 0.096524 -0.050133 -0.058789 -0.140017 -0.038118 -0.050549 -0.002219 -0.125040 -0.129577 -0.101368 0.025758 0.063941 -0.090688
0.099597 0.131862 0.031643 -0.031808 0.019593 0.114141 -0.238587 0.100579 -0.003449 0.017308 0.130573 0.125500 0.153953 0.094409 0.207330 0.128658 0.132073 0.114103 0.046863 0.134524 -0.120921 -0.065836 -0.161498 -0.075607 -0.095712 -0.126610 0.043618 0.050562 0.055611 0.088754
-0.358851 0.145603 0.023940 -0.002008 -0.033456 -0.103036 -0.040497 0.112505 0.013340 0.183006 -0.901893 0.808672 0.146397 -0.209353 0.359562 -0.041666 -0.578959 0.256698 -0.478177 -0.022328 -0.115937 -0.112861 0.083111 -0.054316 0.053184 0.860198 -0.220370 -0.042862 -0.006673 -0.593004
-0.008548 -0.033471 -0.002261 -0.007589 0.011130 -0.150667 -0.129901 0.064259 -0.118803 0.105157 -0.010514 0.027811 -0.058174 0.144056 0.147556 0.115344 -0.006545 0.105834 0.063702 -0.121184 0.137621 0.151567 -0.101902 -0.087620 -0.052841 0.157647 0.101847 -0.033769 0.005952 0.105314
0.114410 0.034267 -0.099886 -0.153115 0.140481 0.159766 0.012016 0.093897 0.160807 -0.025989 0.061978 0.000643 0.138610 0.025945 -0.111192 0.128043 0.246083 0.054168 -0.009142 -0.034281 0.125921 0.085378 0.222708 0.128033 -0.168858 0.188121 0.052850 -0.019092 0.027366 -0.002132
-1.982847 -0.403795 -0.093298 -1.592530 -0.238710 0.374950 -0.144057 -0.282585 -0.104879 -1.553528 -0.915408 -0.949208 -1.135285 -1.075575 0.073442 0.201115 -0.810862 -1.564808 -0.678753 -0.148025 -0.228765 -0.185651 -1.067048 -0.973409 -1.249462 -1.104426 0.098857 -1.620144 -0.539443 -1.167747
0.000745 -0.292988 -0.120594 0.019688 0.027519 0.184951 0.387928 0.128503 0.225761 -0.187475 -0.095996 1.084041 0.765613 0.279501 0.447610 -0.015566 -0.521009 1.066317 -0.071460 -0.007553 0.245655 -0.006199 0.249550 0.063783 -0.078883 0.314002 0.000590 -0.175482 -0.193149 -0.031603
-0.137997 0.084146 0.085026 0.056592 -0.101181 -0.083478 0.095704 -0.053401 0.005684 0.131668 0.125718 0.046258 -0.069491 -0.006074 -0.043655 0.152985 0.046889 -0.063340 0.148678 -0.020958 -0.143969 -0.143353 -0.014681 0.008032 -0.128436 -0.091313 -0.078166 -0.072696 0.096140 -0.137867
-0.050229 -0.058283 -0.100398 0.100458 -0.116214 -0.059550 -0.040148 0.122963 -0.025708 -0.053403 -0.125512 -0.101320 -0.074096 -0.002460 0.059213 0.028691 0.101411 0.028098 0.073678 0.092108 0.145217 -0.136542 0.043494 0.019224 0.018096 -0.161790 -0.013180 -0.117227 0.136589 -0.048625
-0.034147 -0.063818 -0.016181 0.165909 -0.136196 -0.042859 0.138686 -0.035752 -0.065075 -0.023216 -0.117940 -0.007545 0.083155 -0.092836 0.055686 0.091573 -0.022718 0.034997 0.121038 -0.081059 0.136744 -0.041748 -0.122389 -0.094225 -0.148330 -0.008701 -0.025419 -0.010390 0.130713 -0.023189
-0.097478 0.067935 -0.145440 -0.078041 0.091644 0.026299 0.029807 -0.051695 0.074371 0.052377 0.064202 -0.081133 0.085082 -0.016601 -0.059894 0.098800 0.102627 -0.023046 0.069167 0.083933 -0.048171 0.048269 -0.134481 -0.128791 -0.032469 0.053972 0.046798 0.117248 -0.060597 0.116939
0.159857 -0.125235 -0.069738 0.025146 -0.098360 0.090960 0.060639 0.097687 -0.000370 -0.094222 0.131692 0.218685 -0.052439 0.066078 0.018427 -0.026161 0.064284 -0.090019 0.031686 -0.123797 -0.128758 -0.108198 -0.001194 -0.046411 -0.101103 0.146087 -0.052369 0.130938 -0.052355 0.084512
-0.609939 -0.233353 -0.048829 -0.725897 0.077791 0.265305 -0.254969 -0.066563 0.160162 -0.148133 -0.588899 0.685004 1.326160 -1.548351 0.873638 0.296078 -0.527971 1.179882 0.287848 0.019106 -0.463318 0.062958 -0.179154 -0.233012 -0.535090 -0.302303 0.222810 -0.449692 -0.394434 -0.771908
0.187078 0.073204 0.003597 0.006329 0.050926 0.126103 -0.099875 0.038265 -0.019933 0.014692 -0.000283 -0.031626 0.026720 -0.196784 -0.013766 -0.021829 0.016924 -0.005476 0.138427 -0.169041 0.055669 0.021587 -0.058788 0.175860 -0.182282 0.096544 0.142666 -0.212148 0.079582 0.077895
0.092797 -0.063110 -0.051388 0.028686 0.035911 0.094188 -0.106963 -0.084079 -0.082469 0.107069 -0.000163 0.055287 -0.143147 -0.110652 -0.095243 -0.056691 -0.077433 -0.065281 0.005347 -0.057115 -0.052743 0.054933 0.059993 -0.108359 0.096855 -0.032736 -0.108381 0.110735 -0.053555 -0.079145
-0.019164 -0.016569 0.113718 -0.076265 -0.125155 0.012228 -0.024657 -0.134876 0.119604 0.102119 0.068272 0.135716 -0.127850 0.325002 -0.020854 -0.130005 -0.190591 0.198125 -0.066620 0.067925 -0.001360 -0.125980 0.036440 -0.006793 -0.031654 -0.366005 0.156671 0.005471 0.077158 -0.071637
0.035141 -0.135066 -0.080127 -0.022380 -0.122126 0.086003 0.225566 -0.085612 0.126312 -0.090822 0.055784 0.356915 -0.201957 -0.190419 0.361232 -0.008224 -0.020601 -0.317441 0.067466 -0.126469 -0.050618 0.088070 -0.000281 0.119973 0.034346 -0.013649 -0.196168 -0.058570 -0.009710 -0.064272
-0.099017 -0.065574 -0.120073 0.102337 -0.105100 -0.083357 -0.137733 0.135320 0.121810 0.125276 0.062989 0.104422 -0.116884 0.102439 -0.089862 -0.019450 0.046640 -0.054774 0.086871 -0.117909 0.027760 0.102942 -0.118528 0.133894 0.040806 0.011169 0.070430 0.020824 -0.120073 0.130672
1.100404 -0.115276 0.158321 0.545020 -0.129830 0.261756 0.181604 0.035408 0.404402 -0.552738 -0.170190 0.944227 -0.649394 0.202538 0.735268 0.640960 -0.050125 -0.254799 0.211512 -0.010811 0.045924 0.137751 0.631367 0.414827 0.261853 0.299352 0.448140 0.305839 0.081907 0.857543
-0.129220 0.051999 -0.037503 0.092627 0.097644 0.070991 0.036428 0.089837 -0.113225 -0.035365 -0.115851 -0.091138 -0.049380 0.077709 -0.086165 0.103948 -0.148415 0.097136 -0.106648 0.030998 -0.062283 -0.006609 0.074047 0.072025 -0.051736 0.046408 -0.128537 -0.011374 0.080301 0.064849
-0.095404 -0.034499 -0.088690 -0.122650 -0.069566 0.133009 -0.094936 0.011658 -0.042340 0.124240 -0.158207 0.109244 -0.048497 0.009781 -0.050839 -0.092681 -0.015047 0.127560 -0.024456 -0.076620 -0.001438 0.087640 0.118734 -0.076464 0.038623 0.086827 -0.132651 -0.015908 -0.076532 -0.133932
0.074137 0.156804 -0.131589 0.086879 0.090832 0.152932 0.016224 -0.145600 0.162082 0.026303 0.131954 0.115455 -0.087340 -0.096003 -0.071962 0.133048 -0.119681 0.290242 0.049783 0.087034 0.114789 -0.078283 0.393040 0.486003 -0.122513 0.299580 0.077142 0.042912 0.261603 -0.165585
0.087417 -0.102603 0.054080 -0.002018 -0.120847 -0.130465 0.115794 -0.034760 0.009391 0.013295 -0.062359 0.041711 0.060229 -0.146159 0.089156 -0.062097 -0.109801 0.089556 0.131639 0.095053 0.030359 0.044648 0.060003 -0.153561 0.019163 -0.124526 -0.087964 -0.073602 -0.061927 -0.081735
0.012726 0.052781 -0.057834 0.244000 0.006189 0.247982 0.075656 0.062646 0.246637 0.171041 -0.406612 1.297127 0.958392 0.381809 0.409466 0.124819 -0.035513 0.779691 -0.082358 -0.004233 -0.099088 -0.071171 -0.549375 0.054595 -0.532548 0.141255 0.100051 0.157301 0.159274 -0.122649
-0.063221 0.162460 -0.077754 -0.131272 -0.050258 -0.063164 0.043234 0.042693 -0.004186 -0.081204 0.036071 0.009861 -0.026285 0.089645 -0.015788 -0.007758 0.105749 0.050718 0.074046 0.084885 0.050370 0.133394 0.062947 -0.100017 -0.156789 0.080394 0.150154 0.063550 0.135592 -0.008386
-0.168788 0.034598 -0.115679 -0.142096 -0.140776 0.036918 0.159877 0.133073 -0.325127 0.513108 0.157555 -0.067383 0.582369 0.024759 0.151336 0.241613 -0.079184 0.913228 0.220632 0.145905 -0.060553 -0.094745 0.563742 -0.095486 0.145516 0.292383 0.100613 0.347384 -0.073662 0.376301
0.117124 -0.049621 -0.083617 0.040296 0.037091 0.096439 0.172930 0.089964 -0.018967 0.005387 -0.161126 0.273904 0.229418 0.170140 -0.037971 -0.073276 0.031158 0.254716 0.204341 -0.061302 0.216789 -0.037153 0.002066 0.052057 -0.275867 0.176726 0.062904 -0.110873 0.105331 -0.075558
0.007537 -0.146284 0.044453 0.004433 -0.091070 -0.066609 0.037608 -0.007437 -0.049091 0.139479 0.135855 0.012689 0.006602 -0.129764 0.068167 -0.054985 0.046612 0.053207 0.103647 0.043240 -0.047818 -0.004662 0.013764 0.080600 0.014175 0.002536 -0.030883 0.041492 0.006346 -0.055763
-0.028352 -0.132767 -0.057962 -0.074893 0.133483 0.092953 0.163521 -0.090485 0.097140 -0.288358 0.013473 1.239628 0.992601 -0.159289 0.511822 0.166535 -0.104074 0.397884 -0.074442 0.121752 0.094137 -0.057593 -0.166299 -0.013784 0.571982 -0.038141 0.399336 0.022201 -0.030228 0.129486
-0.169970 0.157896 -0.030505 -0.075991 -0.034610 -0.005431 -0.238485 -0.146476 -0.133876 0.873326 1.334376 0.070979 0.546627 1.444978 0.284261 -0.464920 -0.321882 1.145388 -0.300900 -0.032366 0.347006 0.039971 0.422832 0.236422 0.220370 1.052734 0.078019 -0.000003 0.104317 0.543908
-0.091997 -0.288045 0.031914 0.146169 -0.009282 0.191698 -0.030746 0.018470 0.014686 -1.330778 0.482496 0.324758 -0.453811 -0.184480 0.275076 -0.106426 -0.179112 1.081885 0.048407 0.034951 -0.028217 0.041171 -0.058324 0.338381 -0.074950 0.913591 0.295938 0.458286 -0.141201 -0.430429
0.143816 -0.073658 0.033864 -0.041852 0.018521 0.168380 0.216770 0.059883 0.419158 0.668552 0.578758 1.832677 1.361886 0.755747 0.368890 0.330478 0.010393 2.611190 -0.169576 -0.181464 0.157430 0.058406 0.576662 0.029602 -0.109367 0.323722 0.064008 0.317162 0.072036 0.295088
0.063218 0.118474 -0.109631 -0.017896 -0.046891 -0.048211 -0.133602 -0.001853 -0.011135 -0.137219 0.056610 -0.050407 0.043409 -0.155538 -0.009025 -0.120939 0.005636 0.067064 0.005115 0.060097 -0.097412 0.119304 -0.111111 0.122807 -0.060764 0.076153 0.038334 -0.014620 -0.150707 -0.114058
-0.046926 -0.058380 -0.070836 -0.108100 -0.144533 -0.025132 0.025003 0.018813 0.120428 -0.028506 -0.132336 -0.058850 0.036301 0.162422 -0.014842 -0.037135 0.142564 -0.025945 -0.041366 -0.041321 -0.066052 -0.105056 -0.124883 -0.075640 -0.030410 0.131548 0.081667 0.067981 -0.005837 0.017983
-0.107700 0.095553 0.009043 0.070577 0.108691 -0.020017 -0.007085 0.086775 -0.088768 0.052163 0.031346 0.023405 0.106965 0.105655 0.006700 0.089255 -0.034050 -0.100184 0.102634 0.060050 -0.066645 0.062237 0.047073 -0.115316 0.074442 -0.092473 0.027065 -0.077036 -0.108929 -0.036263
-0.077464 -0.064129 -0.128329 -0.141343 0.140570 -0.161353 0.154545 -0.068845 -0.005747 -0.053381 -0.094085 -0.099045 -0.032513 0.058622 -0.059977 0.045777 0.054445 -0.023451 0.020574 0.064156 0.124448 -0.114130 0.023102 -0.076114 -0.091457 0.036810 -0.123578 0.094345 -0.098596 0.140480
0.808993 -0.006873 0.008512 0.567590 0.086819 0.319717 0.127363 0.022147 -0.066272 0.780662 0.969717 1.348415 -0.069021 1.325227 0.140550 0.065336 -0.617652 0.505297 0.155013 0.127184 0.094493 0.086535 0.353172 0.151462 -0.060547 0.346693 0.092916 0.700189 0.009546 0.799847
-0.087912 -0.064844 0.116616 -0.142804 0.112541 0.002985 -0.152825 0.137262 -0.138262 -0.065554 0.024301 -0.025573 0.005033 -0.096662 0.053703 0.131431 -0.120275 0.039916 -0.116629 0.093465 0.103992 0.066833 -0.130326 -0.008337 0.073702 0.049703 -0.004936 -0.041367 0.148824 0.107849
-0.109179 -0.106607 -0.002154 0.275959 -0.145841 0.207224 -0.270237 -0.160396 0.392839 0.050479 0.951503 0.469702 0.647646 0.191501 0.217396 0.069827 -0.052038 0.323586 0.500767 -0.127584 -0.061857 -0.213960 0.501404 0.144935 0.040473 0.470167 0.067414 0.224725 0.014829 -0.116667
0.125221 -0.060389 -0.091131 0.117041 0.035446 0.064084 0.027533 0.132524 -0.105441 0.126914 0.004581 0.004839 -0.076195 -0.088145 -0.020405 -0.104500 0.014022 -0.025156 -0.068721 -0.019657 -0.090723 0.136012 0.091989 -0.008189 -0.027347 -0.063642 0.109857 0.061996 0.065269 -0.022883
0.097639 -0.109446 0.099163 -0.042717 0.074542 0.085104 -0.109218 -0.099185 0.096112 -0.053120 0.077433 -0.041651 -0.066763 -0.049020 0.124835 0.015087 0.040460 -0.062442 0.023948 -0.120599 -0.079505 -0.091174 0.188590 -0.093197 0.069656 -0.100389 -0.123083 0.096398 -0.017244 0.152163
0.011979 -0.093006 0.043343 -0.179232 0.059602 -0.176374 0.062845 -0.064653 0.069020 -0.140645 -0.022715 0.106851 0.185851 -0.067242 0.043568 -0.034958 0.058149 -0.042927 -0.067797 0.090080 0.141305 -0.015844 -0.044373 0.102312 -0.044282 0.004167 -0.074056 0.071589 0.038966 -0.026536
0.087511 0.100948 0.124362 0.006587 -0.002366 -0.070831 0.134576 -0.065108 -0.102830 -0.093852 0.109622 -0.125969 0.121610 -0.074767 0.012464 -0.098415 -0.001505 -0.116700 0.118452 -0.137355 -0.041031 -0.065557 0.027300 0.047158 -0.086580 -0.104433 -0.045680 0.031620 0.135568 -0.008158
0.969566 -0.124413 0.002909 1.498340 0.024859 0.454187 0.165230 -0.102095 0.600490 0.140543 0.145777 0.889814 -0.879081 -0.100033 0.803515 0.399789 0.290119 0.227123 0.405375 -0.123944 -0.315898 -0.036448 -0.416637 0.326759 1.103051 0.665963 0.201839 0.165142 -0.206079 0.465588
0.069569 0.043921 -0.168962 -0.057062 -0.132056 0.167394 0.114652 -0.110814 0.055268 0.154452 -0.044956 -0.099922 0.248062 0.256877 0.040911 0.042344 -0.086592 0.386572 -0.070770 -0.133588 0.294755 0.040968 0.375209 -0.125405 -0.089391 0.108134 -0.124107 -0.045844 0.068877 -0.026200
0.484950 -0.162330 0.090759 0.110863 -0.080886 -0.903264 -0.119654 -0.079723 -0.782839 -0.275929 0.238089 0.812717 0.544939 0.202126 1.273780 -0.799054 -0.849491 0.513873 0.362982 -0.033890 0.013778 0.058325 0.236275 0.079117 -0.692698 0.345714 0.113895 -0.329761 -0.095834 -1.151611
-0.064100 0.152256 0.033070 -0.120479 -0.066399 0.130453 0.115285 -0.020197 0.056611 -0.113398 0.017080 0.873372 0.340093 0.190374 -0.027203 -0.013072 0.097165 -0.006886 0.091762 -0.191873 0.126946 -0.144635 0.375082 0.419278 -0.218249 0.049606 0.044794 -0.156509 0.119363 -0.125189
0.127253 -0.027200 0.001673 0.149028 0.116573 0.060524 0.111301 0.108161 -0.060241 0.095151 -0.130265 -0.125356 0.077879 0.132611 -0.113940 -0.087265 -0.149695 -0.029334 0.049378 -0.027797 -0.088789 -0.045421 -0.042940 -0.155779 0.046326 0.014418 0.037918 0.057075 -0.096821 0.064125
0.169580 -0.131267 -0.129206 0.029051 0.010519 0.061517 0.086043 0.071965 0.202456 0.007837 0.085236 0.117704 0.046134 0.147497 0.136987 0.109330 0.122669 0.123939 0.022845 0.072244 -0.014578 0.004137 0.210606 0.130368 -0.015269 -0.022956 -0.016779 0.168886 0.148714 -0.125208
-0.092438 0.103125 -0.158446 -0.108083 -0.037410 -0.683351 0.204069 -0.197566 -0.502328 0.607938 0.297888 0.830278 0.935724 1.365901 1.088387 -0.549414 0.253299 0.050567 -0.229403 -0.058033 0.268213 0.041192 -0.221235 -0.221354 0.159793 0.401210 -1.060421 0.581376 0.140969 0.644656
0.038503 -0.129960 -0.143202 0.212210 0.041820 0.246175 0.000092 0.044630 0.092609 -0.208545 0.129995 0.361122 0.193759 0.290686 0.154184 0.209931 -0.082454 0.284411 0.024846 0.046504 0.015152 -0.150677 -0.210312 0.122955 0.206630 0.009119 -0.014882 0.193136 0.053151 0.267900
0.021872 0.401236 -0.172850 0.172846 -0.052978 0.193611 0.338792 0.064135 -0.278875 0.414220 0.812821 1.030353 0.867663 0.155776 0.270581 -0.185958 -0.739247 0.663980 -0.295693 -0.144827 0.234030 -0.130956 0.135265 0.270502 0.120098 0.538554 0.212133 0.147889 -0.049091 0.392121
0.010652 -0.064563 -0.031016 0.173243 0.028366 0.170450 0.161340 0.008314 0.351746 0.005458 0.316170 0.558156 0.265773 0.636314 0.443164 -0.014691 0.014984 0.432795 0.018942 -0.087564 -0.135942 -0.072671 -0.076423 0.125776 -0.265047 0.439693 0.173373 0.062325 -0.122407 -0.046134
0.683474 0.116017 -0.034869 0.729912 0.051108 0.285063 0.154153 0.072802 0.431590 -0.766967 -0.125737 0.446747 0.546497 -0.222393 0.904669 0.281529 -0.200247 0.410888 0.093705 0.048295 0.086529 -0.004123 0.821370 0.498764 0.610953 0.121659 0.142221 0.831718 -0.061395 0.323269
-0.075198 -0.159108 -0.118810 0.034273 -0.002932 0.155609 -0.145046 0.026247 0.485705 0.184245 0.360947 0.251233 -0.213763 0.285644 0.315540 0.103474 -0.014049 0.602246 0.118703 0.065521 -0.148839 -0.174599 -0.086395 0.223920 -0.199552 0.168843 0.220995 0.333333 0.054221 0.004305
0.009561 0.116784 -0.107362 0.355362 0.056477 0.183207 0.121483 -0.042926 -0.009800 0.175005 0.244093 0.149939 0.088536 -0.021421 0.049111 0.112271 0.037672 0.117870 0.216945 -0.068443 -0.108752 -0.081968 -0.056895 0.034609 -0.158342 -0.055809 0.101004 -0.104328 -0.081366 0.166708
0.446895 -0.090526 -0.067001 0.426544 -0.144179 0.152582 -0.549645 0.030331 0.174745 0.465248 -0.226730 0.010858 0.276804 -0.142254 0.652660 0.329457 -0.557524 0.182748 0.433527 -0.181701 -0.110993 -0.124827 -0.469600 0.287574 -0.403210 0.301359 0.485389 -0.235380 -0.305348 -0.553988
0.044678 -0.121465 0.071840 -0.022095 -0.129273 -0.005503 0.263724 0.064524 0.017906 0.308768 -0.158390 1.169791 0.893474 0.899126 0.145823 0.188173 -0.121398 0.801300 0.020181 0.114340 0.022857 -0.033659 -0.130232 -0.087003 0.518113 0.210096 -0.293805 0.261598 -0.159766 -0.046242
0.046260 0.020397 -0.073721 0.003661 -0.058631 0.091723 -0.129603 -0.143280 0.112556 -0.133243 0.084363 -0.089186 -0.055705 -0.054226 -0.035080 -0.005440 -0.170636 0.058929 -0.159773 0.034837 0.121500 0.153463 0.025828 0.086635 -0.011178 -0.005919 -0.100235 0.040087 0.040098 0.057356
-0.142219 0.018265 -0.014277 0.219048 -0.145396 -0.011099 0.085309 -0.067441 0.090896 -0.063635 0.138672 0.066321 0.101950 -0.049056 -0.099004 0.057275 0.092340 0.119333 -0.063312 -0.021881 -0.044835 0.022736 -0.161048 0.106741 -0.221707 -0.088384 0.046903 0.133314 -0.085222 0.360153
0.037215 0.075445 -0.058743 0.085801 0.010108 0.107695 0.051607 0.138749 -0.011442 -0.001980 -0.088597 -0.093404 0.129412 -0.103319 0.080495 0.071177 0.047493 0.001015 0.146937 0.016175 -0.091311 0.131718 -0.124750 -0.032025 0.132268 -0.110020 -0.126643 -0.118267 -0.111113 0.116613
0.122891 0.093221 -0.011703 -0.122898 -0.050195 0.053876 -0.136882 -0.045885 0.121652 0.102277 0.120053 0.001063 -0.044227 -0.112078 0.109290 -0.011357 -0.028872 -0.128949 0.142352 -0.137783 0.101716 -0.028554 0.147161 -0.117396 0.067665 -0.115381 0.135731 0.076247 0.023296 0.132820
0.017946 0.034594 0.018165 0.056879 -0.098110 0.231815 0.247858 -0.057029 0.168988 0.025426 0.060218 0.197895 0.253917 0.004672 -0.022898 0.275726 -0.034267 0.162727 0.122315 0.023167 0.132579 0.055251 -0.033486 0.075289 -0.078973 -0.087513 0.265810 0.183201 -0.035174 0.034125
-0.669703 -0.146543 -0.149949 -0.450505 -0.103688 -0.195601 -0.140515 -0.047121 0.002795 -0.414002 -0.086478 -0.447774 0.277872 0.122860 0.913728 -0.173172 -0.197696 -0.040946 -0.050719 -0.169883 -0.278117 -0.249046 -0.649599 -0.211184 -0.778087 -0.285511 -0.187112 -0.474668 -0.317347 -0.052848
0.042940 0.115613 0.101465 0.091791 0.009791 -0.019434 0.097813 -0.059459 -0.089687 0.047704 0.009962 0.054384 0.109775 -0.134709 -0.099322 -0.138240 -0.090771 0.046849 0.043936 0.077721 0.093140 -0.091381 -0.073399 -0.020138 -0.120769 0.024889 -0.022489 0.081281 0.141238 -0.052840
-0.146888 -0.049342 -0.008581 -0.384369 -0.028662 0.013221 -0.000038 -0.014178 -0.052258 -1.086214 -0.823811 -0.871681 -0.944446 -0.818286 -0.030573 0.121655 -0.460944 -1.400289 -0.249163 0.007397 0.013246 -0.099245 -0.479134 -0.133683 -0.629775 -0.230696 0.070998 -1.000366 -0.035761 -0.814532
0.133297 0.002030 -0.111252 -0.004160 -0.132751 0.096630 -0.119315 0.049856 -0.071807 -0.038880 0.021468 0.083085 0.012051 -0.005563 -0.059424 0.157483 -0.074435 0.101813 -0.020733 -0.017244 -0.006248 0.083541 0.107381 0.008794 -0.064760 -0.050806 -0.072033 0.009907 0.045135 -0.121901
0.005126 -0.131722 0.076562 -0.112947 0.116156 -0.027334 0.044902 -0.157052 0.049583 -0.164753 0.028573 0.163647 0.136880 0.260464 -0.152357 0.085034 -0.160293 0.340535 -0.131286 0.149191 0.124722 -0.254177 0.142313 0.046490 0.044720 0.122526 -0.096461 -0.062164 0.018745 0.042160
-0.001640 0.153105 0.087581 0.102454 -0.143174 0.109579 0.360835 -0.092429 0.198340 0.145479 0.473676 1.806697 0.982062 0.570122 0.228029 -0.154803 -0.287164 0.751421 0.643640 0.045917 0.405392 -0.066146 0.982745 -0.003993 0.446689 0.047506 0.084430 0.074553 0.165300 -0.055238
