0.000000
-0.018628
-0.005320
0.000000
0.000000
-0.033439
-0.042752
-0.005335
-0.020232
0.009019
-0.040682
0.000000
-0.056017
0.044716
-0.054242
-0.031534
-0.027029
-0.022118
-0.082904
-0.008994
-0.098984
0.005938
0.000000
-0.077071
-0.054554
-0.010710
-0.003111
-0.040290
0.000000
-0.069844
0.010575
0.000000
0.000000
-0.009168
-0.069321
0.000000
0.007981
-0.016117
-0.080392
-0.063792
-0.069047
-0.050724
-0.062647
-0.010566
0.000000
-0.003214
-0.065665
0.000000
-0.010221
-0.030367
-0.061373
0.000000
-0.052335
-0.037551
-0.074883
-0.030705
-0.058324
0.000000
-0.038956
0.000000
-0.063820
-0.086996
0.000000
0.000000
0.000000
-0.005277
0.011791
0.000000
-0.036742
0.000000
-0.063325
-0.040928
-0.053658
-0.037602
-0.031163
-0.061952
-0.013432
0.000000
-0.033812
0.000000
-0.039678
-0.014040
-0.052895
-0.005060
-0.047530
-0.082998
-0.021215
-0.053327
0.000000
-0.011914
-0.070445
-0.036241
-0.029167
-0.012778
0.000000
-0.071280
-0.041325
-0.034741
-0.045850
-0.071584
-0.047949
0.197240
0.000000
0.000000
-0.043741
0.006489
0.000000
-0.035718
-0.014638
0.049750
-0.036846
-0.039602
-0.011287
-0.070172
0.000000
-0.030530
-0.068963
-0.053922
-0.085417
-0.022786
-0.039804
0.000000
-0.108924
0.000000
-0.074734
-0.032100
-0.106958
-0.059283
-0.074719
-0.009596
-0.042077
-0.035118
0.000000
-0.022115
-0.045157
-0.012095
0.000000
-0.008190
0.019983
0.000000
0.000000
0.000000
-0.033038
-0.028709
0.000000
-0.071049
-0.060115
-0.057583
-0.047439
-0.056710
-0.013173
0.000000
-0.022966
-0.053367
-0.064779
0.000000
-0.121599
-0.035126
0.000000
-0.044216
-0.122107
-0.028141
-0.059316
0.000000
-0.009956
-0.064832
0.000000
-0.032289
-0.015090
0.000000
-0.068638
0.000000
0.000000
0.000000
-0.122615
0.000000
-0.041729
0.000000
-0.073361
-0.029908
0.000000
0.000000
0.000000
-0.013010
-0.096612
-0.065690
0.000000
0.000000
-0.024926
-0.049652
-0.052614
-0.046579
-0.008191
-0.032621
0.000000
-0.042000
-0.029849
0.019079
-0.036835
-0.032175
