-0.069064
0.110770
-0.112413
-0.065931
-0.095575
-0.049044
-0.080718
-0.068089
-0.089098
-0.063458
-0.099075
-0.312115
-0.440353
-0.083455
-0.063894
-0.034431
-0.063645
-0.691074
-0.093900
-0.489580
-0.775526
0.436423
-0.129829
0.316304
-0.065117
0.271256
0.535310
0.465191
-0.045136
-0.417046
-0.063056
-0.291072
0.595387
-0.062371
-0.041925
-0.091153
-0.742925
-0.051140
0.035181
-1.072083
-0.166680
0.585207
-0.099588
-0.075899
-0.102988
-0.061033
0.630400
-0.091226
-0.838388
-0.054290
-0.072326
-0.550601
-0.496876
-0.068646
-0.031207
-0.866512
-0.227919
-0.052165
-0.080430
-0.043130
-0.980487
0.632440
-0.089919
-0.093807
-0.422699
0.137239
-0.038351
-1.200751
-0.633251
0.612084
0.105271
-0.664182
0.689493
-0.163896
-0.075293
-0.071513
-0.040709
-0.037378
-0.087744
-0.331776
-0.088105
-0.122383
0.005249
0.462140
0.142166
-0.186215
-0.195023
-0.062824
-0.052898
-0.220628
-0.244468
0.249604
-0.110793
-0.096994
0.294037
-0.256426
-0.156306
0.295124
-1.253272
-1.136707
