2.610607 1.029011 -0.925667 3.031653 0.793417 2.301370 -0.405916 2.524374 -0.201340 1.670326 -0.377012 0.441767 -0.002848 0.127460 0.082485 3.113392 -0.064289 1.604180 0.166351 -1.635798 4.166950 2.540880 -0.311101 -1.526632 -5.773856 0.337759 -0.144201 0.185580 -3.388525 -0.224762 -3.441019 2.625257 2.084643 -1.600377 0.075943 -0.179096 -0.101420 1.411373 -1.304327 0.793265 -0.195838 -0.253290 -0.500627 -0.472320 0.009489 0.643685 2.315183 -1.357417 -0.889236 0.038671
0.135685 1.112495 -1.835343 0.248575 0.486976 0.247171 -0.731584 1.070055 -0.031551 -0.869494 -1.020180 0.289824 -0.063746 -0.059379 -0.187987 2.664604 -0.163689 0.121710 -0.166202 -3.462598 -1.785577 1.811296 -0.803152 -0.833185 -1.491862 -0.798700 0.039463 -0.652871 0.284997 -0.109522 -1.119450 -2.279215 1.485612 0.962841 -1.398169 -0.542304 0.013413 0.943785 -1.829809 1.489272 -0.511069 -0.747305 -1.189573 -0.948776 0.097585 -0.191191 -1.989214 -0.957122 0.312521 -0.267684
-0.087379 2.998326 -2.405495 -4.296979 0.580026 -0.449129 -5.034503 0.205634 -0.144116 -0.355397 -1.358239 -1.939299 0.146750 0.157943 -0.163145 2.694100 0.074943 0.643470 -0.171869 -2.249039 0.631582 -2.346272 -0.876701 -2.602974 -0.642354 0.062893 -0.092387 -0.710093 2.104280 -0.089513 -2.401890 1.683183 0.867388 -4.534654 -1.574937 -0.817995 -0.125008 1.521846 -7.523977 -0.711386 -0.684801 -0.635060 -1.560649 -0.252677 0.092421 0.750881 -0.564023 -1.561868 -1.429524 -0.025209
-0.115198 -0.082022 -0.072450 0.160023 -0.111468 0.152517 -0.110254 -0.135682 -0.059148 -0.176293 0.044471 0.069685 -0.035772 -0.009499 0.017564 -0.010200 -0.140574 -0.101477 0.161709 -0.143292 0.112449 0.029652 -0.135567 -0.136148 0.023242 0.058718 -0.167502 -0.108339 -0.104973 0.040624 -0.062535 -0.110015 0.137915 -0.189069 -0.055985 -0.137125 -0.154472 0.179181 -0.017344 0.020521 -0.006503 -0.002352 -0.163004 -0.153576 0.163517 -0.170167 -0.146701 0.164942 0.180707 0.172985
-0.043421 -0.150243 0.001784 0.145722 -0.134451 -0.187447 -0.170087 -0.112039 0.070975 0.027022 0.179686 -0.077398 -0.062209 -0.103751 0.089393 0.064315 -0.046795 0.061457 0.074878 0.152964 0.155299 0.194123 -0.191610 0.214228 -0.170325 0.095961 -0.197778 0.117418 -0.122197 -0.023385 0.046166 -0.064901 0.192740 0.013862 0.039726 0.176257 -0.149930 0.021225 0.142027 -0.067226 -0.031580 -0.183805 0.166178 0.171630 0.050388 -0.098649 0.091756 0.132514 0.112214 0.137500
-2.390062 3.031472 -1.258256 -1.155675 0.866821 0.820763 0.948379 1.373767 0.068224 0.063702 -1.030643 2.078688 -0.238281 0.089693 -0.041525 3.095686 -0.162611 0.346349 0.109198 0.469027 1.886416 1.568910 -0.257701 1.738684 -4.510741 -0.511258 -0.138567 1.004602 -3.208738 -0.095748 -0.439088 1.408787 -0.593709 0.046373 -0.921647 -0.327041 -0.054775 -0.379066 -1.972703 -0.023508 -0.021096 -0.070021 -1.046374 0.746641 0.117349 -1.469520 1.064917 -0.939017 -1.992116 -0.133847
0.144418 0.209522 0.082197 -0.010135 -0.037447 0.135716 -0.130305 0.055572 -0.006566 -0.085141 0.179659 0.223661 0.081392 0.093261 -0.154080 0.055195 -0.123023 -0.024985 0.088777 0.018616 0.001350 -0.189927 0.193886 -0.066806 -0.134749 -0.118676 0.015771 0.140631 -0.102523 0.084515 0.076484 -0.100273 -0.055941 -0.001999 0.029603 -0.193521 -0.051354 0.172986 0.033602 -0.165385 0.130439 -0.161081 -0.149045 0.013531 -0.003415 0.062492 0.058397 0.027118 0.013208 -0.148345
-2.055137 -0.239517 -0.145280 0.057128 -0.374132 -0.328605 -0.113448 -0.607620 0.030025 1.330006 -0.745704 -0.066906 -0.174283 -0.041049 0.043019 -2.472231 0.096151 -0.929073 -0.186023 0.396143 0.230392 -0.673892 -0.408905 -1.056755 -0.644668 -0.123999 -0.038655 0.404987 -0.720580 -0.089016 -0.266891 -0.729409 1.653686 -1.308994 -0.546839 -0.485640 -0.136781 -2.123578 -0.846813 -0.279303 -0.716663 0.156538 -0.774967 -0.024296 -0.211622 0.867702 0.538172 0.023051 0.120701 -0.246395
0.077048 -0.344348 -1.014710 0.117855 0.094421 -0.284681 -1.787768 1.442010 -0.020558 0.173015 -0.858635 -0.064813 0.033781 -0.138227 -0.094474 0.529977 -0.183379 -0.206537 -0.220325 -0.599441 0.972563 -4.191836 -1.514109 -0.399199 1.021294 0.070979 -0.079779 -0.988932 1.380267 0.081957 -0.680484 -1.133874 0.357193 0.167577 -0.452313 -1.301973 0.104173 0.547934 -0.920106 0.165797 -1.455364 1.645222 -0.929082 0.570756 0.050145 -1.734894 0.178889 -0.386138 0.093546 -0.018628
0.423330 -1.830837 0.326134 0.540510 -0.109539 -0.236316 0.283053 -0.313982 -0.134697 -0.522064 -0.742566 -0.024636 -0.183757 -0.115119 0.032488 -1.790283 -0.203430 -0.742914 0.044545 1.215881 -0.929793 0.025103 -0.093352 0.381294 -0.415092 -0.604752 -0.153634 0.518341 -1.067800 -0.165184 -2.575534 -0.827835 1.144196 0.933108 -0.104049 -0.173136 0.076507 -1.063524 -4.941508 1.067398 -0.163675 -0.036342 -0.493001 -0.161835 -0.125027 -0.172042 0.962370 0.783991 -0.078626 -0.043778
-3.435456 1.922830 -1.224075 -3.333753 0.501060 -0.561404 0.897538 1.179006 -0.094631 0.189411 -0.782800 -1.236596 0.117448 -0.160110 -0.141683 1.396299 -0.171453 -2.176136 0.098912 -0.397906 0.302254 2.149865 -0.607597 1.988466 -4.475328 0.522895 -0.180426 0.743778 2.797569 -0.194384 -2.185991 1.536859 1.298156 1.725713 -1.204059 -0.663900 -0.184708 -2.293970 1.513840 -1.205826 -0.548769 -1.001182 -0.768753 0.056415 -0.217096 -1.163117 -0.794243 -2.233553 -0.638504 -0.135426
-3.759326 2.153135 -1.820573 -3.395490 0.854038 1.253836 -0.653443 0.330723 -0.056157 0.072072 -0.956246 -0.387875 -0.163793 0.014731 -0.240739 1.790552 -0.235987 -0.422690 0.108523 -0.971351 1.016446 0.021739 -1.047068 -0.599639 0.661843 0.085983 -0.075447 -3.882021 2.639000 -0.118382 -2.837597 1.335872 -0.193630 -1.850832 -0.659026 -1.206648 -0.169371 2.198399 -0.372115 -0.558222 -0.854820 0.467164 -1.501456 0.091780 0.047834 0.897555 -1.356342 -1.972704 0.453619 -0.125511
2.617968 1.288725 0.187922 2.389939 -0.056596 -2.264835 1.614372 0.624693 -0.091454 0.922066 0.657016 -1.363616 0.079277 -0.161207 -0.137110 0.350524 -0.049385 0.520736 -0.075520 1.666217 -3.353523 2.288236 0.403772 0.158072 -2.669676 0.684125 0.064298 1.980199 -2.557479 0.043937 -4.067183 0.062031 2.870535 -2.198234 0.038587 0.521477 -0.011302 2.192267 -2.934567 -0.047792 0.179043 -0.927624 0.575251 -0.458825 0.080539 -0.787595 2.512806 -0.344533 2.979245 0.032792
-4.435925 3.045042 -1.314480 -3.161316 0.393426 1.520327 0.330100 1.231093 -0.140145 -2.798680 -0.683199 -1.675182 -0.162953 -0.058954 -0.027756 2.671591 -0.168850 -0.359071 -0.186534 -1.075833 -0.291134 0.109809 -1.224708 0.469128 1.503883 -1.858575 -0.218553 -1.627878 1.668400 -0.071549 0.726407 2.779868 2.139828 -0.561881 -1.378902 -1.291920 0.059234 -0.106351 2.847210 -2.548994 -1.119924 -0.168448 -1.376609 -0.149817 -0.120232 -1.438395 -1.189754 -2.143332 -0.217397 0.068797
0.147824 -0.158749 0.175906 -0.116641 0.117998 -0.204454 -0.184640 -0.140606 0.112413 -0.171324 0.027122 0.108191 -0.011276 -0.165723 0.072473 -0.113468 0.169236 -0.103996 -0.172786 -0.160765 0.121423 -0.054980 -0.048160 0.060309 0.133549 -0.105261 -0.125055 -0.134890 -0.094045 -0.089707 -0.134826 -0.035094 -0.109873 -0.054489 0.174400 -0.146472 -0.143975 0.018991 0.041610 -0.206385 -0.128681 0.037954 -0.101201 -0.013067 -0.161221 0.068543 0.065797 0.090709 0.140317 0.018848
-0.514982 1.560716 -0.261892 -0.552528 0.125440 0.648905 -1.251150 1.412433 0.097678 0.957044 0.043531 -0.300471 -0.052786 -0.104037 -0.126590 0.518277 -0.104622 0.099831 0.032042 -1.236210 0.584035 0.710810 0.031108 0.579559 -0.626967 0.316055 0.090225 -0.821055 0.809106 -0.040082 -0.916572 0.247347 -0.802420 -2.422142 0.137955 0.057718 -0.069165 -0.854742 0.376438 -1.534628 -0.064072 1.250305 0.022632 -0.085491 -0.077711 0.454420 -0.527367 0.115353 -0.197036 0.085391
-0.029179 -0.072183 -0.021019 0.013136 0.060263 0.005926 0.163521 -0.030633 -0.137535 0.160453 0.031183 -0.066563 0.000285 -0.180342 0.038259 -0.122359 -0.052904 0.100150 0.141259 -0.178870 -0.109199 0.136631 0.035023 0.154389 -0.020070 0.004776 0.103530 -0.161402 -0.147761 -0.137266 0.187924 -0.101405 0.084453 -0.165415 0.124886 -0.098759 -0.101050 0.169070 0.168314 -0.141877 -0.064567 0.191246 0.075881 0.198644 -0.179893 -0.128690 -0.075995 0.058938 0.081779 -0.138277
-0.002144 0.591320 -0.038873 -0.039527 0.154914 0.120421 0.135858 -0.195091 0.107853 -0.096972 -0.002529 0.149010 -0.169491 0.191131 0.055581 0.150864 0.150075 -0.081361 0.029222 0.074664 0.148746 0.132058 0.223607 -0.142274 -0.193517 0.078933 0.153528 -0.162941 -0.158752 -0.113674 0.181376 -0.148770 -0.095840 0.010322 0.048150 0.300855 0.068783 -0.083279 0.143119 -0.212001 0.056882 0.061845 0.180497 0.158392 0.060877 0.008530 0.052619 -0.134089 -0.131676 -0.009319
-4.573426 5.093969 0.615907 -3.043226 0.160750 1.122375 2.421734 2.305720 -0.051504 0.637314 0.478485 1.068192 0.086831 -0.052812 -0.119619 1.040010 -0.001020 -2.024213 0.056720 0.699044 -0.276964 0.216613 0.038656 1.934525 -0.568359 1.120125 -0.026429 -0.980433 -0.212624 0.003522 -0.068312 2.363761 1.642735 1.442573 0.067096 -0.018531 0.005617 0.485157 -4.339842 0.375777 0.028355 2.052533 0.834612 -0.624345 -0.012598 1.903076 1.382231 0.811061 1.504878 0.063337
0.133698 0.172345 -0.099225 -0.165742 0.188653 -0.045328 -0.146704 -0.160079 -0.167434 -0.110322 0.004578 0.188825 0.058966 0.002053 0.069797 0.119251 0.081801 0.113735 -0.020490 -0.157985 0.113572 -0.005132 0.053883 0.197552 -0.134123 -0.141909 0.013333 -0.104977 -0.157952 -0.047260 0.093949 0.045628 0.042907 -0.161598 0.002915 -0.131394 -0.135499 -0.054112 -0.139135 0.086603 -0.136033 -0.126533 -0.103241 0.196739 0.106806 -0.110383 -0.139493 0.077734 -0.015413 -0.194247
0.036510 0.213242 -0.060675 -0.063109 0.041960 0.136953 0.049207 0.011015 0.018057 -0.014794 0.117779 -0.093743 0.116750 -0.002610 0.076965 0.266871 0.089407 -0.141043 -0.053418 0.054345 0.071729 -0.084393 -0.129342 -0.112031 -0.152210 -0.115965 0.152501 -0.046310 -0.081892 0.015996 -0.143973 -0.104863 0.002355 -0.155256 0.005534 0.127676 -0.026313 -0.259156 0.100523 0.223144 0.187647 0.226322 -0.196158 0.007232 -0.068923 0.065713 0.197766 0.188739 0.130334 0.069833
-0.566633 0.308503 -0.038453 -0.754676 -0.018661 0.525602 -0.035734 -0.138036 -0.066227 -0.288137 -0.007096 -0.400339 -0.012588 -0.125469 0.122107 0.884077 -0.100452 -0.258232 -0.076445 0.131034 -0.092783 0.023495 0.193907 -0.138954 -0.343007 -0.426460 -0.120188 -0.204151 -0.085312 -0.157474 0.210148 0.335539 0.046025 -0.180036 -0.246233 -0.021188 -0.192205 0.042360 -0.354912 0.052352 0.122206 0.046972 -0.152614 0.093536 0.169885 -0.088403 0.515192 -0.157603 -0.182738 -0.185968
-0.856480 1.092560 -0.921359 1.126581 -0.275304 -0.463431 0.488507 0.568324 -0.124124 -1.312847 -1.211180 -1.554003 -0.114451 -0.190166 -0.036923 -0.006513 -0.051487 -0.280587 -0.128047 -0.899694 -1.698323 1.073013 -1.310851 2.118960 -5.207044 0.021902 0.038977 -1.127648 -0.166272 0.056859 0.390526 1.501631 0.633054 0.041538 -0.759436 -1.010446 -0.098485 0.278223 -4.628223 -2.508743 -1.143155 1.327973 -1.309874 0.116414 0.026139 -0.262979 0.335725 -1.182791 0.135108 -0.005869
0.062628 -0.168040 -0.033496 -0.122000 -0.062395 0.027464 -0.000604 -0.169444 -0.188089 0.165570 -0.045248 -0.049653 0.010332 -0.160111 0.112984 0.114727 0.078498 -0.154401 0.058654 -0.133578 -0.150085 -0.140564 -0.070807 0.195747 -0.124680 -0.164189 0.028468 -0.173877 -0.183240 -0.168288 0.184242 0.114816 -0.097331 -0.180099 0.091622 0.132535 0.019799 -0.116315 0.080486 0.049361 -0.194534 0.162981 -0.068035 -0.099440 0.121222 0.089264 -0.117806 -0.140542 0.145893 -0.074394
0.458341 0.710897 -0.782103 0.544464 0.141191 0.922918 0.538471 1.874332 -0.000000 1.979654 0.677847 1.285881 -0.147474 0.056780 -0.049808 -0.507080 0.067947 -3.473381 -0.180665 1.886127 0.001839 2.137163 0.197642 0.089903 -1.121380 0.686116 -0.086750 1.809667 -2.086213 -0.065635 1.129235 0.273144 1.293348 2.032215 0.597826 0.134279 0.032849 1.042578 -4.035664 0.634097 0.354351 -0.536594 0.266246 0.349279 0.042176 -0.952947 0.649486 -1.088950 2.071440 -0.141815
0.004129 0.130091 -0.302302 -0.194436 0.018773 -0.207350 -0.031419 0.001615 0.088423 -0.233250 -0.039369 -0.224301 0.091504 -0.027410 -0.163401 0.166800 0.131091 -0.133299 0.024209 0.126194 0.328950 0.480398 -0.058222 -0.183791 0.150655 -0.193815 0.037696 0.435429 0.076581 -0.093714 -0.122639 0.129935 0.163384 -0.050671 -0.033601 -0.173526 0.119545 0.130219 -0.017113 -0.107840 0.064569 -0.191821 -0.048369 0.031237 -0.002573 0.147973 0.019881 0.112192 -0.266160 0.011389
0.089520 -0.020424 -0.021933 0.084443 -0.064677 0.168022 -0.168209 -0.098149 0.078128 0.171050 0.129970 -0.134067 0.107452 -0.011824 -0.163128 0.030245 -0.167783 -0.063794 0.173729 -0.196573 -0.187807 -0.084527 0.074900 0.013920 -0.176540 0.082997 0.146674 0.137010 0.029975 0.139994 0.171190 0.133099 -0.089521 0.164949 -0.060607 -0.024997 -0.123040 0.146209 -0.099544 0.130197 -0.145288 0.122827 0.131921 0.036394 0.061712 0.076762 0.147762 0.149476 0.030094 0.161899
-0.146972 0.156761 -0.053648 0.127349 0.007125 0.042062 0.031363 -0.113723 0.186982 0.005901 -0.006942 -0.011025 -0.120202 0.113287 0.051315 -0.193770 -0.079486 -0.061879 -0.163356 0.124615 -0.138966 0.044875 -0.112697 -0.071729 0.145203 -0.032967 -0.084545 0.065581 0.126699 0.034390 0.031145 -0.178464 -0.094509 0.093179 -0.192913 -0.154360 -0.138243 0.051998 0.015865 -0.084772 -0.003693 0.106315 0.077572 -0.117969 0.113899 -0.070098 -0.089566 0.118019 0.057079 -0.116796
-2.403239 1.678423 0.017345 -0.596212 -0.061424 -0.599057 0.279622 0.230120 -0.104127 0.363614 -0.079827 -1.907832 -0.093597 -0.121380 0.092698 0.051879 -0.194069 0.075196 -0.145128 -1.453471 -0.721648 1.040719 -0.155086 -1.585277 -1.911825 -0.364260 0.013271 -0.620311 -0.167571 -0.054515 -0.548761 0.033628 -1.291905 0.732906 0.171934 0.071181 0.124912 1.337842 -0.417575 -1.008259 -0.177036 -0.141273 0.044947 -0.088205 0.049225 -1.430224 -1.602893 0.057291 -0.165338 0.056706
-0.158519 -0.093826 0.028613 0.174070 -0.139644 -0.110270 -0.115770 0.002845 0.167511 0.153050 -0.048764 0.015894 -0.131812 -0.070363 0.042163 0.100820 -0.057374 0.198825 -0.096479 -0.076460 0.048824 -0.182873 0.144497 -0.028942 -0.077645 -0.174646 0.110266 0.149244 0.163256 0.192931 0.066373 0.026680 -0.038977 0.142184 -0.076227 0.158134 0.065101 -0.113051 -0.225473 0.031745 -0.186080 0.013051 0.167192 -0.033370 -0.087126 -0.011138 -0.030673 0.159240 0.136285 0.131183
-1.533391 2.079710 -1.224288 -1.252634 0.574710 0.542729 0.267936 1.184309 -0.021522 2.877529 -0.021776 -0.557233 0.012249 -0.108078 0.117581 2.069535 -0.115759 0.214536 -0.043286 1.141519 1.497457 -0.542308 -0.755644 0.931249 -1.924086 -2.136469 -0.159027 -0.585056 0.095778 -0.119483 -1.511176 0.536054 -1.327613 -0.820937 -0.394177 -0.955345 0.071603 0.373154 -1.346809 1.345666 -0.925446 0.715028 -0.374139 -0.616029 0.079329 2.163883 -1.811987 -1.951842 0.280367 -0.227662
0.031641 -1.115397 -0.128869 0.418030 0.438059 0.379351 0.284995 0.164121 0.134066 -0.003947 -0.141976 -0.553922 -0.158225 -0.093511 0.130579 -0.091039 0.005003 0.134807 -0.060588 0.388630 0.006391 0.290165 -0.214740 0.256203 -0.291707 0.405198 0.109018 -0.355084 -0.227449 -0.038814 0.226769 -0.281090 -0.213797 -0.131742 0.134494 -0.150241 -0.158731 0.367191 -0.004767 0.518115 -0.164615 0.298563 0.025604 0.220333 -0.069537 0.154648 0.612158 0.762683 0.670689 -0.106313
-0.037693 -0.155367 -0.018792 -0.159462 0.183683 0.160980 -0.117727 0.087077 0.080611 0.117186 0.132137 -0.061066 0.072542 -0.173045 0.142163 -0.114552 -0.137375 0.083360 -0.151197 -0.133445 0.246356 -0.083341 -0.073854 -0.147067 0.003333 0.132763 -0.042171 -0.058278 0.172448 -0.100211 0.041948 0.162944 0.080715 -0.162231 0.168611 0.054885 -0.117610 0.022325 -0.014284 0.160933 0.160931 -0.058097 0.082084 -0.143441 0.074263 -0.116550 0.097514 0.083586 -0.126918 -0.163518
0.496531 0.761812 0.617934 0.892668 -0.197363 0.590772 0.055881 0.036163 0.031569 -0.018561 0.689347 0.276063 -0.017602 -0.073646 0.105100 -0.010968 0.026937 -0.517912 -0.019463 0.309765 0.519096 0.646220 0.585674 -0.263214 0.865600 0.008372 0.096493 0.795309 0.258014 -0.187334 0.440252 0.210215 1.104325 -1.082692 0.322728 0.550780 -0.008095 0.324203 -0.130956 0.566810 0.694199 0.131313 0.691876 -0.162103 -0.132094 0.309727 1.079921 0.639313 0.369054 0.130890
-0.055575 -0.110072 0.092943 0.102510 -0.161219 -0.054301 0.021038 0.051494 0.054499 -0.089020 -0.154645 -0.033424 0.012242 0.063149 -0.033372 0.040263 0.046161 0.022962 -0.194079 0.186710 -0.060347 0.120448 -0.011312 -0.128905 -0.165135 0.145505 0.083153 -0.003912 -0.170944 0.119895 -0.126564 -0.001235 0.169210 0.141972 -0.188209 -0.164781 0.147905 -0.125742 0.010334 0.125238 0.160177 -0.039862 0.024936 0.158048 -0.125825 0.096594 -0.092383 -0.173235 -0.148835 0.169864
0.099411 -0.174033 0.105813 -0.158670 -0.043343 -0.086824 0.156617 0.139897 0.107339 -0.017611 -0.198929 -0.108940 0.089202 0.163572 -0.037102 -0.158505 0.011248 0.182634 0.008222 0.115365 -0.099566 -0.058831 -0.102685 -0.158255 -0.053956 0.163826 0.064190 0.061484 0.055452 0.073827 0.096925 0.142230 -0.082819 -0.144630 0.021440 -0.067972 -0.008328 0.128383 -0.096343 -0.123749 -0.106763 0.044133 -0.197604 0.001312 -0.113312 0.144591 -0.104210 0.032003 -0.100308 0.093481
-0.008139 -0.073922 0.122515 -0.076304 0.056569 0.096303 -0.042823 -0.016695 0.030203 -0.026399 0.029145 -0.151057 -0.013485 -0.114887 -0.099658 -0.117350 -0.161751 -0.066120 -0.035798 -0.012389 0.177570 -0.198078 -0.004174 0.140874 -0.090483 0.157031 -0.075391 0.123979 0.167653 -0.077979 -0.190561 0.054523 -0.055782 -0.131927 0.094767 0.076008 -0.172492 -0.003269 -0.021405 -0.003234 -0.199771 -0.010397 0.154253 -0.064094 -0.134556 -0.105059 0.064529 -0.015479 0.171956 -0.058330
0.088816 0.036168 -0.152337 0.184928 -0.021134 -0.091357 -0.110812 0.049555 0.144471 0.195463 0.047709 0.072454 -0.066727 0.020192 0.146934 0.186505 -0.012273 -0.172534 0.133945 0.104671 0.088627 0.005693 -0.007810 -0.137158 0.184413 0.090825 0.061497 -0.096816 -0.063972 -0.050392 0.136764 -0.059904 -0.162003 0.183387 -0.082450 0.145484 0.119929 -0.076253 -0.003538 0.123690 0.110276 -0.119867 0.043691 -0.088210 0.162241 -0.163125 -0.020176 -0.150470 -0.100992 0.097418
-1.548937 -1.981095 0.948506 -0.504678 0.340932 -0.831111 -3.007167 -1.310540 -0.056604 0.394137 1.048494 -2.869193 0.122797 0.039400 -0.158627 -1.311855 0.024450 -1.241757 -0.028270 -0.261653 -0.874423 -0.917360 0.138708 -2.551432 -7.063458 -0.653184 0.043511 -1.840600 0.856711 0.009985 0.738526 -1.194234 1.997077 -0.234538 0.597517 0.197617 -0.108279 2.394032 -1.897561 -0.202449 0.188255 -2.747672 1.157162 0.092682 -0.121206 0.559087 -0.974701 1.636011 -0.167961 -0.168608
-0.159940 0.208096 0.099902 -0.203496 -0.183862 0.153346 -0.126915 -0.036475 -0.141421 0.106101 -0.069429 -0.063677 -0.186082 0.091207 -0.056876 -0.036945 0.072684 -0.068053 -0.119595 0.100318 0.160146 0.114415 0.207512 0.161376 -0.214927 0.055374 0.023523 0.068290 -0.019782 -0.166701 0.049516 0.069000 -0.064219 0.087112 -0.107301 0.017566 -0.111962 -0.048068 -0.086748 -0.153545 0.163151 -0.031755 0.078834 0.193588 -0.130570 0.208249 -0.138859 -0.032494 0.345354 0.015335
-0.920406 4.843100 -1.461396 -0.419697 -0.467726 0.392524 2.903517 0.928569 0.045780 0.911337 -0.136114 0.507624 0.067045 0.077574 0.031287 0.191313 0.084885 0.305103 -0.199072 -0.107233 -0.082870 1.352422 -0.761093 2.146496 -0.592425 -0.095582 -0.026692 -1.885502 -1.107531 -0.046446 -1.717853 2.190219 1.059835 0.042723 -0.028567 -0.500232 0.074518 2.414124 -0.032488 0.208357 -0.859316 1.423995 -0.193640 0.174007 -0.044654 3.361981 0.559995 -0.668785 1.314421 -0.103171
-0.105498 0.227065 0.138609 0.067838 -0.040964 0.011689 0.081166 0.358151 -0.009521 -0.033283 0.000248 0.088144 -0.110800 -0.132577 0.027213 0.118742 0.097675 -0.142683 -0.025598 0.095558 0.270195 0.025092 0.203596 0.022921 -0.305399 -0.166030 -0.027747 0.270757 0.038773 0.116941 -0.023749 0.146926 -0.319857 -0.144458 0.255273 0.150174 0.190872 0.136857 0.114366 -0.084709 -0.022887 0.073773 0.086038 0.107624 -0.005012 -0.001566 -0.212928 -0.000169 -0.023853 -0.101478
0.049187 -0.187117 0.163184 0.019920 0.006961 -0.115599 -0.106330 0.048927 -0.010447 0.229798 -0.018800 0.093797 -0.091533 0.127124 0.187445 0.155160 0.031463 0.149485 0.111620 -0.026322 0.102624 -0.085887 -0.073089 -0.081404 -0.147539 -0.195813 0.188227 0.077952 0.026786 0.121957 -0.001307 -0.068941 -0.152923 -0.107395 0.080240 0.181400 0.161164 -0.031102 -0.167213 0.198240 -0.113078 0.202505 -0.131414 0.059868 -0.109246 -0.122564 -0.157936 0.042558 0.156209 -0.085099
-0.278126 1.388826 -2.020990 0.039891 -0.375783 0.523348 1.531857 -0.189817 0.095206 -0.165373 -0.971387 0.757299 -0.119914 0.120940 0.077312 0.918453 -0.065160 -1.312598 0.044181 -1.112701 1.647768 -1.687765 -0.802236 -0.014468 -0.173140 -1.130661 -0.208949 -0.415921 -0.428934 -0.062529 -2.746545 -1.320247 -0.451591 -0.297058 -0.206959 -0.605198 0.088299 0.128501 -1.911762 -0.788932 -0.771121 -2.561046 -1.529622 0.413317 -0.078876 0.368542 -0.083094 -2.402780 -0.922477 0.011719
0.578498 3.653920 -0.680810 0.484187 0.068313 1.230852 0.183666 1.089124 -0.110236 1.197750 0.098230 1.624101 -0.038902 0.143754 0.095335 0.667484 -0.080785 0.887562 0.096315 0.424048 1.358883 1.505628 -0.089705 1.013703 -1.078597 -0.114756 0.049481 0.737122 -0.522415 0.002153 -0.426166 1.731363 0.298681 1.173989 -0.082027 -0.196442 -0.208485 2.562005 -1.172089 0.665967 -0.084763 0.327787 -0.394220 -0.013363 0.028371 0.703544 0.333112 -0.458808 1.497487 -0.088597
0.043017 0.037926 -0.172006 0.144088 0.105433 0.173013 0.054194 0.088027 0.010220 0.196874 -0.174562 -0.088881 0.168817 -0.162743 0.121426 0.141431 -0.106960 -0.111550 0.075523 0.185597 0.096787 -0.021129 0.027896 -0.035262 -0.199773 0.152255 -0.049766 0.027641 0.160604 0.013749 0.151872 -0.145657 -0.076323 -0.082549 -0.062613 -0.000478 -0.036438 -0.079987 -0.011895 -0.043751 0.113661 -0.107493 0.120128 0.119122 0.127064 0.188337 -0.192619 -0.077141 0.121484 0.028946
0.127969 0.011902 0.031620 0.017382 0.088447 -0.185799 -0.158558 0.006549 -0.134902 0.055909 0.004404 -0.083144 -0.185848 0.186361 -0.060328 -0.020168 0.071630 0.007417 0.106234 0.158251 -0.104020 0.018498 -0.118886 0.125499 -0.052989 0.157388 0.053234 -0.098619 -0.170797 0.035777 0.034973 0.046025 -0.158793 -0.009284 0.145078 -0.055840 -0.095026 0.064028 -0.149520 0.038289 0.086218 -0.108119 0.188048 0.010749 0.098161 -0.118751 0.134672 0.129505 0.010612 -0.055445
-0.240806 -0.110906 0.071276 -0.168697 -0.105228 -0.068120 0.035482 0.164637 0.182165 0.127543 -0.004884 -0.232899 0.094226 -0.104850 -0.032566 0.221165 -0.195916 -0.101381 0.029830 0.132989 0.137153 0.159757 0.173805 -0.203750 0.095490 -0.085289 0.052256 0.182299 0.133249 0.182598 -0.083865 0.177417 0.098870 -0.144625 -0.014265 -0.079047 -0.188192 0.160510 -0.165284 0.103258 -0.196359 -0.034600 0.105466 -0.089455 0.012277 -0.146516 0.040376 0.030311 -0.118412 0.043509
1.214707 1.449535 -0.320150 0.185655 -0.058486 -0.507868 0.714471 0.993805 -0.044694 0.370583 0.065903 -0.160512 0.104239 -0.054927 -0.050886 0.872515 0.182694 -1.557844 0.003910 0.697730 -0.647283 1.138383 0.053282 1.220925 -0.315665 -1.099199 -0.084402 0.643254 -2.217193 0.090729 -3.526033 1.118685 1.249939 0.314636 -0.224291 0.162739 0.130004 1.206997 -1.141911 1.078027 -0.005512 0.996782 -0.219949 -0.606742 -0.050750 -0.272064 -0.299333 -0.199344 -0.639873 0.117092
0.046662 0.162836 0.096678 -0.167408 0.085892 0.066579 0.215413 0.118131 0.073301 -0.060817 -0.178834 -0.084676 -0.163408 -0.164853 -0.207271 0.016137 -0.128999 -0.111652 0.149161 -0.008279 -0.030891 0.198063 0.060353 -0.166481 0.038771 0.157838 0.144197 -0.013421 -0.019047 0.069166 -0.082736 0.172144 -0.093300 -0.171344 0.015116 0.176941 0.146360 -0.206089 -0.017056 -0.094444 -0.069743 0.003164 0.116959 -0.170249 -0.009090 -0.154254 0.132699 0.172425 -0.016949 -0.138060
0.132644 0.175817 -0.152566 -0.022622 0.013200 0.128983 -0.032875 0.027970 -0.036961 0.101947 0.001414 -0.099054 0.036235 0.019336 0.122336 -0.047439 -0.184016 0.143106 0.083942 -0.123649 -0.091607 -0.118566 -0.156434 -0.164490 0.048390 -0.183619 -0.012277 0.101161 0.066843 -0.039186 0.018602 -0.143852 -0.024191 0.037164 -0.024479 -0.081240 0.144068 -0.106967 -0.182582 0.025182 0.189122 -0.040179 0.056027 0.096297 0.114275 -0.091826 -0.145595 0.091075 -0.048727 -0.046096
0.104754 0.594104 0.175513 -0.380756 0.103175 0.287512 0.943158 -0.869675 0.043087 -1.264984 0.009110 0.200490 -0.018094 -0.046763 -0.183114 0.376942 -0.068017 -0.052290 0.109109 -0.920216 0.549980 -0.082988 -0.134588 1.527831 0.736102 -0.520676 -0.256049 -0.211909 1.020548 -0.089315 1.393623 -1.854293 -0.574715 -0.373144 0.566977 -0.240225 0.024226 -1.872425 -3.432086 -1.211473 -0.435481 -1.382357 0.143996 -0.325291 -0.177580 0.908080 -1.025338 0.223695 -2.920956 -0.225025
-0.121843 0.915154 -1.136866 -0.166941 0.058572 0.897062 1.188245 0.237777 -0.124853 1.186443 0.139435 -0.125404 -0.044246 -0.141938 -0.175426 -0.262261 -0.123050 -0.179036 -0.138872 1.632505 -0.556709 -1.218731 -0.104504 1.724771 -1.847084 0.124043 0.020771 1.037845 -1.284796 -0.036146 1.274935 1.466915 1.330544 1.272702 0.085681 0.025089 -0.059838 0.576917 -2.846366 1.100592 -0.243892 -0.046614 -0.041018 -0.495194 0.058693 1.556131 -0.904138 -0.348658 -0.562120 -0.069216
0.638244 3.634779 0.059273 -0.598483 0.254580 2.119669 3.646644 0.859401 -0.102627 0.501047 -0.180110 1.760225 0.026878 -0.178080 0.095061 0.387135 0.040229 -1.147649 0.056538 0.997070 1.710100 3.239855 -0.501144 3.551643 -0.933356 -0.710715 -0.167160 2.227884 1.389187 -0.084884 -0.553444 2.215659 2.148605 1.468110 0.300753 -0.189158 0.049614 2.806314 0.253950 2.167408 -0.421078 -0.277051 0.070865 0.093258 -0.051247 1.640233 2.101284 0.214960 0.515759 -0.057547
0.128562 -0.116398 -0.003192 0.153260 0.132653 -0.100651 -0.142430 0.033230 0.146252 -0.053512 -0.116842 -0.188114 -0.038258 -0.001210 -0.045677 0.034257 0.070346 0.138416 -0.190369 -0.161307 0.075794 0.039898 -0.092062 0.102952 0.136123 -0.164680 0.189735 0.008895 0.062605 0.026728 0.029633 0.100338 -0.201565 0.089756 0.097496 0.116698 0.123792 -0.087270 0.166949 -0.196399 0.084324 -0.063727 0.029581 -0.135625 -0.172502 -0.239554 -0.005587 0.173153 -0.140901 0.005058
0.119693 -0.112927 0.160541 0.176429 0.141342 -0.000470 -0.050906 -0.088044 -0.183231 0.051961 0.126470 0.120225 -0.118445 -0.143493 -0.073257 -0.154431 -0.024799 0.147489 -0.110200 0.056492 -0.139015 0.194654 0.083688 -0.128577 -0.089999 0.003525 -0.086473 -0.121977 -0.002650 0.181635 -0.055673 -0.115830 -0.126075 0.122616 0.051637 -0.195328 0.012768 -0.114665 -0.178733 -0.015334 -0.198459 0.115220 0.042436 0.055483 -0.108459 0.104889 -0.155245 0.192006 0.128437 0.064403
-2.304010 3.031780 0.661592 -2.271890 -0.034772 -2.345252 0.688814 -0.588374 -0.021977 1.112069 1.035900 -0.233815 -0.038384 -0.078532 0.141587 1.658987 0.125767 -3.357384 -0.150348 1.477348 0.508654 2.061827 0.660668 0.465831 -0.854717 -1.237251 -0.008503 0.811808 -1.475673 -0.000441 0.245317 2.145176 2.312046 -0.070958 0.420538 0.604517 -0.224972 0.162191 -2.769072 0.888300 0.439655 1.292404 0.968142 0.811059 -0.127788 1.012032 -0.445270 -0.033952 0.198301 -0.048463
0.030496 0.072540 -0.100132 -0.024275 0.146025 0.152337 -0.174180 0.143494 -0.055616 -0.050246 0.104839 -0.118393 -0.088730 -0.044659 -0.065029 -0.130294 -0.116819 0.178951 0.010476 0.117435 -0.184750 0.029870 0.105812 -0.065738 -0.115690 -0.099336 0.099880 -0.065406 -0.182626 0.120439 0.058647 -0.112695 -0.153693 0.000464 0.044410 0.120001 -0.187057 0.043951 0.151026 -0.065764 0.004420 0.056070 -0.103486 0.003924 0.113478 0.155370 -0.128927 0.043576 0.034033 0.080447
-3.036242 5.420270 -0.065172 -1.966127 0.556656 1.015140 5.872849 1.021551 0.129346 1.504439 0.007702 0.371440 0.129308 -0.068293 -0.096649 3.208707 -0.088728 -2.766258 0.209867 -1.393603 0.328760 4.124810 -0.299919 1.826868 -3.419143 2.972337 0.093677 -1.638209 -1.309730 -0.067918 -2.988902 2.248837 2.722009 1.526147 0.260893 -0.021628 -0.019619 0.337192 -1.558611 -1.774260 -0.078318 1.901038 0.109765 1.328091 -0.230349 3.047358 0.440880 0.157171 1.606487 0.082459
0.155807 -0.009024 -0.036574 0.033926 -0.009354 -0.162155 -0.112613 0.062795 -0.151906 -0.068754 0.040242 0.189464 0.034160 0.118169 -0.032797 -0.077191 -0.109701 0.133483 -0.024728 -0.149102 0.050589 -0.123392 -0.171239 -0.021112 -0.192023 -0.073809 0.187977 -0.183438 0.116978 0.055086 0.016169 0.024865 0.079847 -0.172600 -0.168194 -0.048260 0.058669 -0.137756 -0.045268 -0.076320 -0.144254 0.014500 -0.154164 -0.093402 0.145242 -0.028339 0.147438 -0.111883 -0.029079 0.079515
-0.086757 1.083001 -1.144964 -1.934776 0.626379 0.144317 -0.763011 0.960797 0.070120 -0.394892 -0.685352 0.637451 0.001810 -0.094966 -0.010197 2.483135 -0.018832 -2.237987 -0.004302 0.751471 3.608320 -1.635056 -0.630736 1.949361 -2.415216 -0.389275 -0.172592 -0.741550 -0.126148 -0.078519 -1.335047 0.587637 -0.133553 0.294501 -0.048229 -0.740045 -0.172292 2.762221 -2.173904 -2.135128 -0.657503 -0.463903 -1.296681 0.978636 -0.230891 1.403076 -0.516774 -1.699771 -0.222409 -0.213485
-0.071712 -0.043258 -0.153455 -0.064563 -0.199720 -0.092308 -0.028118 0.055842 -0.153252 -0.196130 0.168473 0.094565 -0.110247 -0.043386 0.129367 -0.007067 0.185519 0.091496 0.151734 -0.175640 -0.026091 -0.148085 -0.017594 0.064367 0.144861 0.081262 -0.062367 -0.057699 -0.096838 0.023528 0.022703 -0.018454 -0.080573 -0.130205 -0.110931 -0.170023 0.055119 -0.182769 0.196897 0.010303 0.073303 -0.083056 0.063128 -0.110483 0.038560 0.191565 -0.103898 -0.093731 0.191797 0.013089
-0.179227 0.064535 -0.107018 0.059319 0.124408 -0.086540 -0.127622 0.038535 -0.028295 -0.035273 -0.162134 -0.042659 -0.112165 0.089752 -0.056755 0.118573 0.186893 0.127706 -0.155728 -0.010227 -0.144665 -0.066405 -0.027590 -0.099367 -0.134302 0.187472 0.155942 0.162066 -0.142350 0.066543 0.089490 -0.041877 -0.040495 -0.099126 -0.208244 -0.203058 0.169393 0.093823 -0.066281 0.216253 0.045235 0.176668 0.075120 0.090139 -0.095618 0.016860 0.110599 0.191929 0.041795 -0.020812
0.075357 -0.198838 -0.148414 -0.127608 0.032527 0.061347 -0.177185 0.147919 0.119029 -0.070041 0.170621 -0.101138 -0.033054 -0.010496 -0.057978 0.004565 0.093783 0.136121 0.052382 0.002357 -0.189881 -0.059194 0.050820 -0.022868 0.132659 -0.151463 0.018704 -0.162355 -0.041916 0.053182 -0.049756 0.035978 -0.087424 0.019308 0.062139 0.162163 0.045941 -0.188930 -0.023284 0.204477 0.069091 0.186900 -0.165305 0.169881 0.135160 -0.079048 0.073873 -0.011218 -0.028091 -0.036776
-0.025313 0.717512 -0.101496 -0.054350 -0.044287 0.423425 -1.149484 -0.178340 -0.028579 -0.668849 0.073631 -0.483437 -0.044708 0.047139 -0.083208 0.451371 -0.006259 0.477893 0.098165 -0.767544 0.495499 -0.261271 -0.060325 -0.239273 -3.491624 1.046929 -0.061109 -0.032500 0.357247 -0.199552 -4.756002 -0.785053 -0.502938 0.426556 -0.084015 0.015332 -0.118734 0.295178 -1.509204 -0.418810 0.135174 -0.693229 0.076645 0.073262 0.007875 -1.264578 -0.514211 -1.002559 -1.042921 0.014871
0.049636 -0.054261 -0.141505 -0.131393 -0.052319 0.135429 0.027309 0.142909 -0.161152 0.145585 -0.100618 -0.050560 -0.001194 -0.109240 0.177767 0.075360 0.165612 -0.018760 0.199755 -0.179464 0.079554 -0.092917 0.070297 0.012774 -0.139758 0.098148 -0.025530 -0.034695 -0.031368 -0.074628 0.051163 -0.191201 -0.064243 -0.068312 -0.047552 -0.007861 0.017962 0.118553 -0.140560 0.127772 0.111740 0.190317 0.112692 -0.103220 0.058005 0.182093 -0.108682 0.115384 -0.057946 -0.118888
0.176104 -0.029618 0.039049 -0.265439 0.112353 -0.095079 -0.011432 0.078335 0.101307 0.006011 -0.029700 0.123932 -0.090869 0.189628 0.111076 -0.183329 -0.018008 0.155534 -0.073939 -0.042414 0.102407 0.167259 0.140335 -0.107558 -0.135344 -0.087581 -0.008094 0.150533 -0.205671 -0.136059 0.133391 0.014136 0.000278 -0.045854 0.109543 -0.048195 0.195396 -0.056860 -0.115009 0.011098 -0.030035 0.092723 0.082888 -0.108298 -0.048291 0.106874 -0.159064 -0.188522 0.186770 -0.001489
-0.111725 0.198580 0.060691 0.045512 -0.187760 0.147563 0.064881 0.189097 -0.032288 0.026858 0.140311 -0.079241 -0.109406 -0.172811 -0.076210 -0.148296 0.034906 0.099283 -0.036311 -0.062480 -0.149187 0.069360 0.159239 0.042037 0.141262 0.192499 -0.115271 -0.222919 -0.030391 -0.154253 -0.025388 -0.070715 -0.014328 -0.015721 -0.097805 0.022548 0.146196 0.031340 -0.132165 -0.027925 0.024166 -0.176827 -0.038468 -0.151815 -0.103648 -0.163727 -0.035292 0.134860 -0.130352 0.163303
0.498545 3.349874 -1.365806 0.637878 0.213011 0.751706 0.783164 2.103455 0.006049 -0.896035 -0.754448 0.125648 0.148533 0.066449 -0.008223 2.209482 -0.222066 -2.059109 -0.099304 -1.341081 0.956953 0.213165 -0.758731 -1.054372 -2.158660 -2.270173 -0.240657 -0.235471 -0.039235 0.080540 -8.446171 0.750555 2.409671 -4.082405 -0.475331 -0.567108 -0.103664 2.860024 0.396890 -0.564596 -0.735424 -2.481956 -1.124744 -0.473271 0.040677 -1.086953 1.102070 -2.934293 -1.493092 0.006515
-1.828934 2.826807 1.272805 -3.288387 0.082459 -0.151374 -0.030408 3.156680 -0.098403 0.790256 -0.232627 -0.127923 0.022865 -0.212849 -0.131831 0.787607 -0.114818 -4.608914 0.091522 -1.873973 -0.089847 -0.880550 -0.010179 -1.520028 0.967070 -0.642079 -0.247205 -1.019830 0.013949 -0.169530 -4.636740 2.049326 0.838053 -4.617202 0.533261 -0.170920 0.007027 -0.625428 2.847755 0.578124 -0.000276 -0.399731 0.542771 -0.295149 -0.137044 -2.943570 0.174331 1.285964 1.673564 -0.108064
0.093398 -0.181867 0.077707 0.140739 0.149719 -0.079379 0.111678 0.041141 -0.024919 -0.158878 0.057380 0.086725 0.062002 -0.050129 -0.052183 -0.111215 -0.190541 0.139088 0.102448 -0.165086 -0.154575 -0.160067 -0.047351 -0.147479 -0.178055 -0.014032 0.094887 0.024753 -0.168515 0.126332 0.079573 -0.104296 0.034910 0.199172 -0.119666 0.002263 0.013699 -0.015918 -0.068870 -0.115601 0.167614 0.014499 0.021986 0.183588 0.097862 -0.157653 -0.228353 -0.028717 0.039146 0.053945
-1.606472 0.691336 -0.095210 -0.930803 -0.069374 -1.360732 -0.007136 0.286161 -0.041275 -0.036391 0.117665 -1.347185 0.137785 0.059497 -0.206449 0.112504 -0.114339 0.168435 -0.148525 -0.998887 -0.345886 0.367183 0.182407 -1.039415 -2.873013 -0.304942 -0.192492 -1.322402 0.887847 -0.022669 -0.584738 0.419757 -0.823542 0.726509 -0.098063 -0.143580 -0.054848 1.113454 -0.609667 -1.005619 0.112605 -0.212609 -0.067167 -0.192114 -0.196926 -2.364493 -1.163576 0.115030 -0.195479 0.141086
1.917365 1.615055 -0.149360 1.582124 0.490014 -0.070467 -0.732204 0.727405 0.050460 0.038166 1.623799 -1.477178 -0.055754 0.055448 0.011763 1.730350 -0.094320 -0.344999 -0.147986 -1.445515 -1.335066 0.746515 -1.299953 -0.509807 -0.444186 -4.117097 0.014229 -1.489740 -2.948509 0.087542 -2.612521 1.780086 1.401396 -1.528489 1.044898 -0.997803 -0.132462 -1.272074 -3.054660 -1.855102 -1.407714 1.403872 1.237368 -0.260425 -0.150073 -0.149024 1.065170 1.222942 0.782485 -0.138032
0.181037 -0.154397 0.081606 -0.077037 0.026554 0.044882 0.018479 -0.156112 0.043347 0.083193 -0.059867 -0.133524 0.072721 0.128952 0.142002 -0.074275 0.056287 -0.147833 0.167190 -0.070933 -0.008270 0.133082 0.077551 -0.008933 -0.014275 0.075298 0.109849 -0.148980 -0.096213 -0.160937 -0.048372 -0.177955 -0.014778 -0.135105 -0.087022 0.007683 0.131415 -0.046721 0.150739 -0.023808 0.075384 0.008997 0.177124 -0.077359 -0.185140 0.048962 -0.074338 0.115612 0.042149 0.086036
-0.504371 -0.066360 -0.139463 -0.276011 0.226189 0.729645 -0.081065 0.574633 0.140759 0.208835 0.063951 -0.323466 0.100119 0.181943 -0.032320 0.322285 -0.152238 -0.176157 -0.029025 0.559007 0.433637 0.906481 -0.070478 0.350875 -0.431359 -0.123304 -0.119642 0.082905 0.053056 -0.021864 -0.163119 0.124405 -0.005044 -0.214183 0.331736 -0.131047 -0.020018 0.627785 -0.132703 0.207176 0.076123 -0.256371 0.010023 0.621249 0.156628 0.260679 0.097484 -0.446083 -0.247453 0.029193
-5.345343 1.436888 1.125753 -1.209150 0.231313 -0.119207 -1.173297 -1.050129 -0.232805 -0.688726 1.125838 -2.579814 -0.115523 -0.151452 -0.178064 2.661694 -0.185791 -0.100603 -0.252322 0.196269 0.087479 1.766406 0.579786 -1.109793 -1.196797 -0.488930 -0.306276 -0.100040 0.568340 0.087897 0.274315 2.138295 2.116647 -2.256774 1.141875 0.613488 0.019314 -0.918022 -0.406253 -0.832767 0.758473 1.763212 1.708763 -0.165305 -0.117400 0.530246 -0.650092 1.512567 -3.830525 -0.189911
-0.052214 0.031672 -0.105028 -0.022538 0.160884 -0.144077 -0.045926 0.061403 0.170798 0.082282 0.024397 -0.104005 0.052661 -0.152587 -0.186745 -0.173379 0.131117 -0.037366 -0.023840 -0.137326 -0.150118 -0.051336 -0.034536 -0.109808 0.001762 -0.115162 -0.025090 0.034674 0.175486 0.102320 0.005803 -0.178065 0.042183 0.142291 -0.104732 0.033921 -0.112449 0.031981 0.176135 -0.167026 -0.085220 0.197217 -0.033331 0.132391 0.110440 0.145557 0.018902 0.021135 -0.179832 -0.099350
-3.328308 0.556587 -1.093981 0.733721 0.084802 0.099290 -0.370916 1.453303 0.009224 0.231183 -0.239380 -0.882426 -0.164161 -0.237967 0.069447 2.203137 0.131392 -1.664535 -0.185042 1.033136 0.984821 0.304328 -0.230319 -1.674900 -0.979909 -0.244343 -0.051599 0.108822 2.581673 -0.027096 -3.326984 2.763637 -0.301375 0.648268 -0.134553 -0.482072 0.140047 4.111897 -5.234336 1.884494 -0.535541 -0.592147 -0.489799 1.738702 -0.230719 -1.404898 -1.320506 -1.341263 -0.890429 -0.070368
-4.842140 0.050073 -2.846963 -1.751108 -0.157175 -0.045763 0.229083 -0.229001 -0.095768 0.180398 -2.665065 1.386833 -0.047510 -0.112187 -0.197253 0.717962 0.029738 -2.911136 -0.243434 -0.390939 0.369250 -1.235102 -1.506752 -0.089784 -0.052522 -2.020288 -0.156562 -0.855746 -0.221061 0.142036 1.065837 1.017868 1.155973 0.767131 -1.365780 -1.604549 -0.093685 -0.594445 0.617850 -1.013104 -1.674460 -1.255139 -3.002368 0.104236 0.096721 -0.909675 0.645354 -2.492770 1.426447 -0.102951
-0.223575 0.132310 0.167044 0.175012 0.082822 0.117105 -0.011272 -0.057499 -0.019683 -0.069048 -0.026932 -0.086308 -0.101609 0.196768 -0.061650 0.074252 -0.152991 -0.158917 -0.124917 -0.089663 0.045887 -0.073758 0.129565 -0.060468 0.065584 0.118951 -0.034580 0.047387 0.140319 0.113132 -0.201645 0.078710 -0.155914 -0.170479 -0.084137 0.144967 -0.068026 -0.106833 0.183081 -0.151100 0.172360 -0.136478 0.018443 0.196406 -0.102789 0.026038 0.156892 -0.164353 -0.044347 -0.175489
-0.881017 -0.666507 -0.806751 -0.679825 1.548598 1.433453 4.045099 1.171009 -0.061318 0.301687 -0.643334 -0.275263 -0.184196 0.106015 0.023777 2.390339 0.078937 -1.304009 0.021008 1.130558 1.777511 1.682792 -0.403167 2.347252 -4.715902 -0.627132 0.023316 0.696363 -1.177450 -0.243755 2.474558 1.281458 -1.943625 0.591878 -0.833289 -0.299666 -0.175554 1.172451 -2.110669 0.836611 -0.355424 1.249757 -0.565967 0.883254 -0.034759 -0.343565 -0.601800 -1.815488 -0.682898 -0.028236
0.025656 0.021288 0.115385 0.176556 0.118410 0.061871 -0.001607 0.157222 -0.022309 -0.023788 -0.072616 -0.155443 0.072837 0.011670 -0.084252 0.133420 0.160996 0.159911 -0.062504 -0.001965 -0.102597 -0.023664 0.044330 -0.149192 0.074048 0.112337 0.011655 0.104808 0.054475 -0.086438 0.061907 0.136253 0.008531 -0.084571 0.149792 -0.148591 -0.030925 -0.139765 -0.140308 -0.116687 0.177903 0.153386 -0.008985 -0.128233 -0.164107 0.071688 -0.115086 -0.129463 -0.092704 -0.065203
0.110850 0.212781 0.114292 -0.246003 -0.196941 -0.198418 0.013510 0.048026 -0.131289 0.059166 0.188438 0.043668 -0.153995 0.199216 0.045349 0.118958 -0.170476 0.115291 0.128540 0.101198 -0.006922 -0.061264 -0.158742 0.100109 -0.146353 0.102340 -0.083370 0.107792 -0.202799 -0.182176 -0.016725 0.084673 -0.015911 0.118931 -0.144308 -0.160179 0.137763 -0.066738 -0.135422 -0.014612 0.035887 -0.039733 -0.054889 0.028182 0.024757 0.135857 0.024083 -0.067069 -0.116145 0.097627
-1.977987 3.725482 -1.867211 1.099574 0.424171 1.777981 -0.941726 1.867569 -0.200158 -0.306958 -0.873188 0.821999 -0.043768 0.024796 0.088810 2.895393 -0.104361 -0.302048 0.020134 -0.888976 0.963830 1.260052 -1.131810 -2.277814 1.288497 -1.516691 -0.090088 -0.065418 -0.388393 0.027518 0.900357 -0.418088 1.695135 0.522531 0.600311 -0.876681 -0.071186 -1.064659 1.399941 -0.561640 -1.142256 -1.673310 -1.685085 0.064373 0.052804 -0.464308 -0.290268 0.494023 -3.544872 0.133705
-1.464684 3.263573 -0.468470 0.756532 0.663656 0.475104 -0.390512 2.745734 -0.243068 2.424980 -0.311941 1.679480 0.102417 -0.091919 -0.073457 1.285924 -0.062626 -0.234001 -0.217817 -0.419409 0.362481 -2.676874 -0.406178 0.075734 -1.890324 -1.868856 -0.001979 -0.315148 -4.003901 0.107430 -1.011153 2.093975 1.045783 -0.012565 -0.322282 -0.066641 -0.036731 2.576413 -0.955771 0.648932 -0.211604 1.710340 -0.370960 0.733310 -0.063388 0.574670 0.080274 -0.593418 0.935251 0.047411
-0.056843 0.120726 -0.210070 0.088579 -0.110867 0.047497 -0.249819 0.054268 0.085782 0.193579 0.129183 -0.142663 0.193664 0.061335 0.120376 -0.128346 0.056837 0.069030 -0.011136 -0.125447 0.045775 -0.125838 0.024810 0.033632 0.032858 0.022170 -0.132279 -0.008914 0.283690 0.068354 -0.181215 -0.011039 -0.095318 0.126372 -0.174948 0.066497 -0.158142 0.304412 -0.068779 0.024278 -0.158155 0.026328 0.032260 0.001502 0.153368 0.172889 -0.037022 -0.017637 -0.089514 -0.015443
-0.105396 -0.177920 -0.171866 0.022449 -0.151599 0.099295 -0.083874 0.054919 -0.098625 0.150935 0.182297 -0.068598 -0.090527 0.036405 0.008557 0.015406 0.124990 -0.073700 -0.056101 -0.097172 0.190107 0.059034 -0.134616 -0.157142 0.109520 -0.067032 0.009722 -0.141507 -0.124658 0.057067 0.116066 0.044791 -0.141832 0.089553 -0.196638 -0.075998 0.009134 0.098328 0.015343 0.180118 -0.013448 -0.031678 -0.023980 0.044023 0.124511 -0.162490 -0.049718 0.150013 0.132484 0.007850
-0.173596 1.856308 -0.346397 0.797251 0.749296 -0.112200 -1.805759 1.778934 -0.078501 0.742117 -0.316356 0.320511 -0.051889 -0.022888 -0.043104 1.718493 0.124522 -0.114748 0.000487 1.960117 2.164678 1.132369 -0.150072 -2.180733 -3.715959 0.433820 -0.157362 1.191751 -3.139969 0.073859 -3.707122 1.702459 0.159139 -2.129124 -0.151250 -0.316072 0.070627 0.841832 -2.701213 2.938532 -0.338083 -1.342374 -0.108886 0.586894 0.037519 0.057329 0.946299 -0.196575 1.600404 0.106331
-1.696680 0.840161 -0.691071 0.944944 0.184322 0.567261 -2.141348 1.030577 -0.015121 0.419424 -0.973435 -3.885962 0.048806 0.152820 0.095966 1.219599 0.134696 -0.813599 0.064393 -1.241228 -0.095918 1.021222 -0.750278 -2.159413 -0.740078 -0.939614 -0.101523 -0.241297 -0.801494 -0.079521 -2.671922 1.609145 0.205821 -1.417158 -0.921922 -0.685811 -0.180379 1.236759 -3.499662 -1.785229 -0.804929 0.985559 -0.916029 -0.225428 -0.064320 2.389130 0.253739 -2.260858 -1.042651 -0.122572
-7.111503 1.915358 -1.747573 -1.860883 -0.152832 -0.662922 -2.216897 2.657431 -0.042883 -1.629087 -0.401170 0.628131 -0.155258 0.107770 -0.160342 2.062136 0.035985 -1.536131 -0.236569 -1.110768 2.243979 -1.284367 -0.357063 0.151385 0.186599 -0.630894 -0.147830 -1.377436 1.416732 0.104466 1.950422 -2.464638 0.983570 -3.482316 0.812866 -0.345124 -0.088420 -0.299675 -1.626077 -2.772110 -0.496229 -1.344612 -0.717879 0.224429 0.074752 -0.261742 -0.760683 0.513915 0.932513 -0.105056
-1.508110 0.379226 0.528589 -1.260108 -0.013959 0.356177 -0.288606 0.251785 -0.138747 -0.191419 0.366680 0.065431 0.194045 -0.058185 0.086693 0.063442 -0.114973 -0.115759 -0.126786 0.241412 -0.268520 0.542855 0.072659 -0.041492 -0.734681 0.008749 -0.027703 -1.121670 -0.192066 -0.110818 -0.632568 0.989656 0.804344 -0.419982 0.638272 0.013108 0.157881 0.204852 0.052816 0.103527 0.148429 0.706859 0.829864 0.135500 0.128807 0.318913 0.364943 0.229431 0.008195 -0.191569
-0.210341 0.035690 0.158185 0.158250 -0.076575 0.157087 0.007885 0.011748 0.132013 0.126304 0.109792 -0.210820 0.136114 -0.119908 0.164544 0.125039 -0.151211 0.056536 -0.195731 -0.135674 -0.081762 -0.193982 0.112425 -0.033636 0.161444 -0.070797 0.198989 -0.154245 0.159299 0.083564 -0.005579 -0.096138 0.106543 0.116832 -0.083899 0.077425 0.039037 -0.087192 0.119354 0.083352 0.160317 -0.133814 0.106643 0.050546 -0.186406 -0.065882 -0.027395 -0.041737 -0.109958 -0.049318
-4.317581 2.172157 -1.004840 -0.937819 1.172797 2.134980 2.281556 1.513478 -0.020925 1.980458 -0.081645 -1.640757 0.030307 -0.242775 0.122275 1.210875 0.017725 -0.050397 -0.215949 2.343055 1.569148 3.146037 -0.143055 1.031162 0.577002 -0.712147 0.164994 1.166993 -1.459367 -0.086363 0.246282 2.082562 0.365180 -0.323956 -0.113552 -0.245935 -0.233987 1.379295 -2.837097 1.674252 -0.378592 -0.292363 -0.136636 0.613119 -0.079943 1.778549 -0.528430 -0.405722 2.422591 -0.250567
-0.148594 -0.118528 0.196543 -0.081907 -0.060416 -0.148327 -0.114758 0.139911 -0.160020 0.017559 -0.049824 0.067824 0.060377 0.115619 -0.114620 -0.199841 0.148426 0.169706 -0.186394 -0.129999 -0.183242 -0.091192 0.039155 0.067365 0.153772 -0.109955 -0.055244 -0.032524 -0.072595 0.082481 0.071906 0.128245 0.143351 -0.157725 0.093727 -0.089420 0.076654 0.142891 0.071775 0.115681 -0.170426 0.189815 0.169057 0.083047 -0.109995 0.153404 -0.145180 -0.047792 0.128410 -0.100230
1.403231 2.377231 1.528918 0.959442 0.139439 2.619366 1.844774 0.215108 0.117897 -1.242856 1.587212 1.213938 -0.168395 -0.045949 -0.098166 -0.487909 -0.161721 -0.341568 -0.040722 -0.165510 -0.354770 0.975751 0.313541 1.245075 1.863330 -0.974085 -0.005455 0.651108 0.002231 -0.150526 -0.466036 0.622238 2.690680 -0.966332 2.143633 0.183079 0.067289 0.918027 -0.001653 0.543658 0.267751 -0.371216 1.951892 0.157190 0.034710 2.017458 1.278144 1.663620 0.866739 -0.111203
-2.220585 1.224780 -0.523331 -1.132331 -0.593841 -0.594351 0.933038 0.743630 -0.202638 -0.242718 -0.027508 -0.584058 -0.090228 -0.228564 -0.194615 0.233075 0.096841 0.580930 0.093474 0.594388 0.324505 1.541040 -0.657330 1.667138 -0.371341 0.715226 -0.100705 -1.217374 1.152794 0.064381 0.055318 -0.395406 1.645655 0.963727 -0.087256 -0.434766 0.096838 -0.130212 -5.063231 0.644248 -0.860375 0.622871 -0.559140 -0.552922 -0.140804 -0.261702 -0.142406 -0.207233 0.969321 -0.133690
0.286894 -0.859079 -0.973716 -0.864440 -0.377863 -0.481897 0.552879 -0.243552 0.041689 0.582128 -1.781242 -0.354150 -0.118611 -0.122814 -0.213529 -1.302502 -0.138362 0.174315 -0.300638 -0.143483 -1.418886 -1.612983 -2.456601 0.668078 0.387977 -0.285018 -0.131335 0.345855 0.763643 -0.079111 -0.394973 -0.647289 1.950206 0.594548 -0.506206 -2.400519 0.015106 -1.909987 -0.618233 0.002734 -2.738458 0.512338 -2.035929 0.078949 -0.085778 0.806752 0.095928 -0.744062 0.058549 -0.267194
-0.039008 -0.124536 -0.140893 -0.088071 -0.146346 -0.144517 0.197151 -0.028990 0.175589 -0.191649 0.047332 -0.147900 -0.058426 -0.180363 -0.157176 0.161429 -0.153131 -0.017676 0.008748 0.039969 0.179083 -0.074854 -0.002137 -0.137554 0.105657 0.057254 0.005562 0.147909 0.073499 -0.105231 0.077639 0.120594 0.164728 0.009506 0.092877 0.159659 0.162045 -0.027252 0.055913 -0.089558 -0.069080 0.118384 -0.130432 0.149978 0.049323 0.130870 -0.117741 0.026588 -0.154149 0.069560
-0.182076 -2.146977 -1.298674 -0.960409 -0.143455 -0.374236 -0.346546 0.334275 -0.044806 0.290088 -1.564667 0.138728 -0.193696 -0.058017 -0.164501 -1.112902 -0.117700 -4.227244 -0.209422 -0.253812 -0.461334 0.609493 -1.760455 0.045399 -0.091197 -2.757150 0.011642 0.393389 -0.543656 -0.210932 -0.289146 -1.197612 2.340361 -1.775127 -0.379022 -1.765079 -0.150730 0.276176 1.483049 -0.253550 -1.785275 -0.702732 -1.404568 0.130112 -0.011593 -1.250612 0.523975 -0.694330 0.337552 -0.013283
-0.035651 -0.193891 -0.167848 -0.077474 0.181854 0.087486 -0.094142 -0.066885 0.030880 0.129331 0.075126 0.102919 -0.168645 -0.072054 0.131560 -0.200246 0.059687 0.189894 0.174042 -0.027949 -0.130057 0.071543 -0.103477 0.087946 -0.112708 -0.155695 -0.126489 0.095985 0.097286 0.109242 0.172246 0.048398 -0.003375 0.100177 0.098497 0.114750 0.127677 -0.075080 -0.051010 0.126338 0.000255 -0.164440 0.020185 -0.175819 -0.120191 -0.103852 -0.110083 0.183428 -0.166886 -0.167286
