5.467238
-5.531364
-0.003624
0.003031
-0.017454
-0.000209
0.005180
-6.916796
-6.063724
-7.545372
-0.037854
0.000892
0.002905
-7.295805
-0.000597
-6.498444
0.029572
0.000111
3.537950
1.073663
-0.009906
-6.789924
6.406384
-5.309628
0.000328
-0.027328
-0.005877
-7.949777
6.840066
0.014605
0.000173
-6.469352
-7.745666
5.665175
5.817010
-6.928394
5.434603
-8.387836
6.024347
-6.212654
-7.965991
0.008747
2.547787
-6.364612
-5.675755
0.002193
4.295905
-0.003882
4.638147
0.006281
-0.002872
-6.823647
-6.345784
