-0.000541
-0.028286
0.040617
-0.002030
0.012337
0.000032
-0.000691
-0.037178
-0.008496
-0.001514
-0.000244
-0.000047
0.001962
-0.000096
-0.005991
-0.000806
-0.032236
-0.000832
0.000264
-0.001040
0.011772
-0.076909
-0.013058
0.015057
0.000516
-0.004283
-0.000304
0.019468
0.014420
-0.000274
-0.000361
-0.000976
0.037855
-0.002879
-0.002742
0.006144
-0.019072
-0.024562
-0.000298
0.012733
-0.000541
-0.018374
-0.049674
0.000058
0.015143
0.013305
0.029217
0.017680
-0.000319
0.000397
-0.012584
0.023493
0.011858
0.031032
0.017465
0.001397
-0.000490
-0.002269
-0.002261
-0.000858
-0.000195
0.018807
-0.001406
-0.010583
-0.009986
0.017660
0.000529
-0.021115
-0.015641
0.000793
0.000393
0.000413
0.025038
-0.027774
-0.005739
-0.000632
0.000561
0.012462
-0.002027
0.000307
-0.000637
-0.002605
-0.000752
0.030942
-0.000853
-0.000353
-0.000261
0.047136
-0.000077
0.026609
0.018407
-0.001456
0.025752
0.026969
-0.001949
-0.000155
-0.003343
-0.033913
-0.028969
-0.003262
0.018471
-0.041608
-0.026853
0.008713
-0.004593
-0.000377
0.000190
0.029761
-0.000903
-0.001846
0.002681
-0.042029
