-0.045443
-0.000301
-0.002567
-0.017129
0.019775
-0.001562
-0.010517
-0.019017
-0.000446
-0.003824
-0.005301
-0.000507
-0.007807
-0.003197
-0.021638
-0.011292
-0.032611
-0.000657
-0.000335
0.013701
-0.029399
-0.000258
0.004785
0.000815
-0.003540
-0.000882
-0.000082
-0.000596
-0.006829
-0.001110
-0.006249
-0.011564
-0.005088
0.011239
-0.002474
-0.001981
-0.004638
-0.004450
-0.043880
0.016160
0.040698
0.037882
-0.046954
-0.007308
0.018753
-0.042642
-0.000097
-0.006021
0.051457
-0.002982
-0.001623
-0.001826
-0.032682
0.017419
-0.000085
-0.000441
-0.007276
-0.018585
-0.017385
0.021409
-0.011255
0.003798
-0.000242
-0.006354
-0.004964
-0.007283
-0.000873
-0.004896
-0.002778
-0.025095
-0.004265
0.017763
-0.000034
0.036127
0.031275
-0.014628
-0.024944
-0.008892
-0.003620
-0.000991
-0.000437
-0.007696
-0.000093
-0.000353
-0.004626
-0.007482
0.016122
0.046187
-0.000412
-0.013588
-0.003608
-0.024718
-0.036046
-0.011647
-0.000621
-0.000297
-0.000148
0.001088
-0.009292
-0.000174
0.007724
-0.006501
-0.000501
-0.000169
0.015296
-0.001210
-0.003895
-0.003260
0.052754
-0.000404
-0.004340
0.017264
0.031217
0.022010
-0.000294
-0.001415
-0.001439
-0.001223
-0.002836
-0.000274
0.010158
0.018366
0.033584
-0.006906
-0.007029
0.029517
0.023893
-0.000469
-0.007965
0.016001
-0.017689
0.030348
-0.000167
-0.023785
-0.019875
0.033493
-0.000078
-0.006868
-0.000446
0.014775
0.005059
0.016090
-0.001866
-0.000586
-0.000870
-0.005534
0.013115
-0.029905
-0.004420
-0.001393
0.006349
-0.000419
-0.000256
0.000045
-0.000183
-0.004153
0.026062
0.017079
-0.004198
0.027926
-0.002855
0.000701
0.017211
-0.000462
-0.003716
-0.010718
-0.024703
-0.001051
0.022610
-0.000917
-0.002014
-0.008897
-0.024311
-0.001183
-0.002464
-0.002306
-0.000616
-0.000343
-0.000122
0.003242
