0.316159
0.027607
0.002353
0.023173
-1.348348
-0.185686
1.925632
0.713833
0.026116
-0.794987
0.008687
-0.022460
0.059294
-0.003922
1.562404
0.983583
1.509667
0.014452
-0.000187
-1.198607
2.651855
-0.177129
-1.508995
-0.000086
0.990099
0.013767
0.000204
0.004221
-0.015315
-0.005588
-0.001782
1.747099
0.021071
-0.164631
-0.010427
-0.008238
0.004132
0.857117
0.311879
-2.025767
-0.784637
-0.856598
0.419529
-0.021282
-0.389192
0.749380
0.000063
-0.044877
-1.004312
0.030719
0.012849
-0.009813
0.307529
-1.393541
-0.000182
0.010477
-0.009887
0.032688
-0.029834
-1.840896
-0.033339
0.000095
-0.014610
1.867821
-1.598995
0.813620
-0.035599
0.827955
1.319667
1.371029
-0.235024
-1.283841
0.000033
-0.837449
-0.656934
0.498548
3.616149
-0.200657
-0.023276
-0.005808
0.008347
1.814875
-0.000030
-0.000218
-0.002211
1.814337
-1.711654
-0.771633
-0.002855
1.717660
1.315836
-0.009916
1.475834
-0.253225
-0.009756
-0.000552
-0.057293
0.000978
-0.028499
-0.000400
-1.086242
-0.009214
-0.001396
0.000015
-1.340916
-0.001145
1.032539
-0.009864
-1.079326
0.020375
1.152678
-1.616624
-0.677888
-0.502362
0.008525
0.000463
-0.017782
0.021110
-0.024574
-0.000296
-1.325301
-0.269468
-0.689667
1.662187
1.948442
-0.621449
-0.439559
-0.018932
0.134065
-0.326728
0.020260
-0.682059
0.000489
0.910960
1.031608
-0.045282
0.002161
1.561709
-0.023051
-1.754024
-1.899411
-0.334632
0.015368
0.019203
-0.045140
-0.025964
-0.334738
1.663137
0.045636
-0.004076
-0.131726
-0.001445
-0.024190
0.000006
-0.000104
0.851267
-0.546216
-1.569655
1.194353
-0.495068
-0.012010
0.000987
-2.052417
-0.008441
1.475578
0.021532
-0.021318
-0.022835
-1.534722
-0.039326
-0.009946
1.455526
2.005758
0.000232
-0.017185
1.474232
0.000065
-0.000320
-0.000300
0.000279
