-0.000709
-0.002866
-0.012186
-2.377455
-0.007485
-1.854559
-1.395367
0.009784
0.028487
-2.784744
-0.000002
-0.003948
0.014175
0.010039
-0.019224
-0.015290
0.000049
0.006930
-2.750995
5.109164
0.000068
-0.000577
5.947464
0.000487
-0.025719
0.000420
-2.462622
5.034288
-2.394727
0.002753
0.010251
3.165581
-0.005590
0.004276
0.008661
-0.995067
-2.351712
-0.013556
3.256361
0.000221
-0.170249
0.025899
-0.004057
0.007123
0.013596
0.006589
0.021303
0.019741
0.005069
0.023969
-0.007429
-0.664940
-2.462453
0.005944
