-0.034978
-0.001584
-0.002674
0.214551
-0.849008
-0.015294
-0.195998
-0.791480
-1.287401
-0.004014
-0.020143
-0.129974
-0.237262
-0.004011
-0.001965
-0.007714
-0.658686
-0.859081
-0.002905
1.323207
-0.012761
-0.006474
-0.005896
-0.475980
-0.004159
-0.139537
-0.001024
-0.151885
-0.025738
-0.017913
-0.002587
-0.001684
-0.159293
-0.273368
0.014461
-0.000919
-0.006925
0.000256
-0.001478
0.001689
-0.437467
-0.118575
-0.006138
-0.000736
-0.009674
-0.001708
-0.259234
-0.001502
-0.000846
-0.199890
-0.002285
-1.304229
-0.001783
-0.285408
-0.226861
-0.002604
-0.285849
0.061646
-0.764833
-0.042740
