-0.000018
1.337246
1.437222
-0.000155
1.564888
1.609466
1.613365
-0.256836
-0.000046
-0.143076
3.617925
-0.011836
-0.010819
1.860000
0.002957
-0.000650
-0.616160
0.000677
-1.820634
0.533734
-0.657619
-0.042086
0.004626
-0.001182
1.446057
-0.032262
-1.876975
0.016677
-0.016890
1.175427
0.000213
1.612865
-0.001859
-1.804914
-0.418658
1.286426
0.011334
0.123785
-1.794098
2.530403
1.982146
1.388221
1.465336
0.010762
-1.393402
0.014526
0.004606
-0.019260
-0.000006
-0.012093
-0.013630
0.000027
-0.001433
1.001189
0.006007
-0.000284
0.009346
0.020420
-0.000354
-0.000191
-0.259268
0.004396
1.376505
-0.010114
1.721008
-0.009208
-1.819707
0.652990
0.017987
0.467462
-0.296341
1.417556
0.719089
0.017048
1.206020
-0.095371
0.000032
-0.016648
0.000480
-0.687206
-1.668944
-0.000389
0.052844
-0.004223
1.334135
-0.280019
1.246023
-0.006372
-0.006812
-0.002341
-0.527000
0.000073
-0.022802
-0.030207
0.000003
-0.006348
0.032249
0.000022
1.542478
-0.070913
-0.018664
1.849654
-0.016379
-0.101067
-0.001065
0.009461
-0.091654
-0.827206
-0.006121
-1.470864
-0.002018
0.010604
-0.800947
-0.001888
-0.000183
-0.217934
-0.144309
-0.036244
-0.215853
-0.000167
-0.000054
-1.781341
0.858271
0.707301
-0.010419
-0.828496
2.779750
-0.000204
0.010716
0.616124
-0.580419
1.212165
-0.868745
-0.007397
0.000115
-0.034921
1.253314
0.017011
-0.007986
-0.001537
0.184607
1.266658
0.000026
-0.745247
-0.410559
-0.010431
0.000455
-0.008753
1.431261
-0.404591
-0.012813
-1.725959
-0.204037
-0.000111
-1.970534
1.436839
-0.351716
1.955716
-0.460300
-0.929730
0.018261
1.462825
-0.001619
1.691634
0.018073
0.446120
-0.039604
0.002382
-0.020413
-0.000751
-0.042549
-1.879109
-0.005985
-0.000579
-0.010773
0.669407
0.014653
-0.000047
0.024533
0.933022
-1.615836
-1.081443
-0.017787
-0.001237
