-0.243009
-0.001570
-0.000607
0.367880
0.456365
-0.447036
-0.449611
-0.000025
-0.000890
-0.000019
-0.352007
0.440544
-0.006165
-0.723904
-0.445685
-0.266605
-0.675289
0.201415
0.285952
0.000695
-0.001289
0.420840
-0.391747
0.364338
-0.000038
-0.000910
-0.506478
-0.002479
-0.469364
-0.008602
-0.312201
-0.586164
-0.003006
0.004147
-0.341865
-0.004000
-0.001032
0.224760
-0.389477
0.496432
0.000719
0.005671
0.277405
-0.005024
-0.473308
0.000986
-0.002227
0.001544
-0.544270
-0.468904
0.145713
-0.589296
-0.424995
-0.001649
0.344972
-0.001789
-0.360955
0.000718
-0.007554
0.443914
0.009958
-0.397675
-0.000364
