-7.547875
-0.009959
0.016837
5.821734
6.195440
-6.642452
-7.680844
0.000020
-0.027254
0.000075
-6.949068
1.337514
0.005514
-7.796636
-7.734475
-8.717619
-8.560327
6.885156
5.731308
-0.008084
0.028706
4.905744
-7.150783
7.505400
0.000224
-0.010921
-8.862605
-0.010379
-7.805035
0.006605
-6.877264
-8.129860
-0.015230
-0.005708
-7.121237
-0.013206
-0.004641
0.818778
-8.213651
6.638831
-0.002849
0.008116
7.067557
0.008121
-7.929004
-0.013247
-0.016018
0.014249
-8.072345
-8.186859
5.927989
-6.767109
-7.725085
-0.031484
6.334037
0.027890
-6.523469
-0.009496
0.021782
1.364034
0.023369
-8.589212
-0.030571
