-0.018316
-0.002384
-0.003712
-0.201827
-0.002711
-0.004015
-0.001351
-0.009765
-0.001241
-0.002650
-0.294946
-0.002676
-0.002740
-0.000661
-0.000657
-0.306944
0.191242
0.002641
-0.010086
-0.160905
-0.000957
-0.015945
-0.004019
-0.074869
-0.008522
-0.015776
-1.232136
-0.004075
0.000533
-0.000175
-0.783452
-0.005167
-0.002213
0.011153
0.458532
-0.000455
-0.001690
-0.601096
0.056094
-0.002108
-0.234235
-0.004367
-0.219115
-0.000402
-0.004670
-0.480970
-0.003711
-0.003738
-0.000768
0.016845
-0.006049
-1.316975
-0.007416
-0.115861
-0.009896
-0.007299
-0.008349
-0.065745
-0.004239
-0.011545
-0.017765
-0.000742
-0.001171
-0.005195
0.014389
-0.000649
-0.248778
-0.001770
-0.171572
-0.004350
-0.414488
-0.025025
0.079639
-0.005420
-0.108306
-0.000929
0.000853
-0.012020
-0.404411
-0.266844
-0.184855
-0.004397
-0.308124
-0.001559
1.389764
-0.000800
-0.001356
-0.025851
-0.000915
-0.000348
0.000305
-0.001298
-0.016601
-0.005129
-0.001444
-0.000449
-0.002192
-0.001041
-0.003381
-0.001608
-0.261878
-0.001571
-0.795651
-0.001734
-0.001026
-0.002912
-0.144660
-0.001711
-0.284093
-0.003035
-0.268779
-0.009528
-0.775371
-0.000678
0.091782
-0.005691
0.087135
-0.028888
-0.025265
-0.003256
-0.001535
-0.000564
-0.008765
-0.001216
-0.463976
-0.002486
-0.011533
-0.001840
0.087369
-0.000559
-0.005625
-0.000841
-0.009186
-0.005604
-0.674718
-0.388597
0.046033
-0.381986
-0.413762
-0.466367
-0.000942
-0.004533
-0.006224
-0.009954
-0.005951
-0.020837
-0.303580
-0.009816
-0.301105
-0.382200
-0.089146
-0.007289
-0.365345
0.005740
-0.883459
-0.889193
-0.003920
-0.000972
-0.201641
-0.290220
-0.001328
-0.182129
-0.012737
-0.002910
