8.121978
0.000539
8.353171
-0.539218
0.008167
3.677413
-0.000602
0.036853
0.981344
5.517851
5.402656
-0.000962
-0.015133
0.003081
6.840218
-0.000874
0.008882
8.259561
-0.000296
-0.015069
0.000183
-0.020692
0.001640
-0.001835
-0.374422
0.008667
-0.010216
-0.013742
2.310212
0.000307
0.015701
0.007663
0.001083
0.031207
-0.000255
0.006532
0.000216
0.000042
0.000156
4.769784
8.824976
0.000619
-0.002800
-0.024461
4.915075
-0.023725
0.003282
0.003155
-0.009064
0.000799
-0.310249
1.089746
-0.030706
-0.001541
5.012979
-0.000715
-0.407195
-0.000580
0.000287
0.032645
-0.000679
-0.000209
0.000151
