-0.003866
-7.907502
0.006749
5.821537
-5.260227
-0.009646
0.006321
-6.100974
0.003175
-0.019494
0.005595
-4.749421
0.000383
0.018740
-7.675261
0.004826
0.003753
0.009330
-0.002773
-6.514716
-5.053393
-6.262916
-0.002929
-0.002864
-0.000199
-0.023987
-7.496069
0.622071
-4.494725
-0.015980
0.000907
-0.004794
0.004238
-0.005262
-0.001361
0.001866
-0.003311
-0.005863
-4.995394
-5.304951
-7.571886
-6.053331
-0.017096
-0.001858
-4.977726
-6.611693
0.049819
0.026571
-0.003067
-0.002961
0.040398
-0.010566
-0.005861
0.017176
0.002713
0.005927
4.588877
0.001863
-6.206767
0.001484
-0.016073
0.006096
-0.003975
-0.005012
0.016155
-0.016034
-4.803798
-6.711730
-4.573138
-0.017662
0.022197
-4.388515
-5.065764
-6.908675
4.853433
0.002870
0.015189
-4.719654
0.003122
0.998589
-0.006654
-0.002451
5.950276
-6.723673
-0.007044
-5.721440
-0.003678
-6.861165
0.742466
-0.015326
4.472496
0.003990
0.002320
-6.695370
-0.009440
0.000013
3.501779
-0.008008
-0.027261
0.027141
-0.018703
0.024557
-0.001427
0.024699
0.012402
-7.157089
0.002452
0.739078
4.557432
-0.006827
0.004986
-7.488987
0.003600
-0.029387
5.547859
-7.335460
0.006834
5.832069
-0.021079
4.634832
0.000020
-0.002062
0.006307
-5.001703
-6.155132
0.002469
-0.001121
0.002511
-0.011503
4.548083
0.007174
-7.548286
-6.138857
0.003930
-0.017626
-10.310805
-8.658807
-0.024208
-6.296624
-0.021912
-7.723931
-0.006525
5.280714
4.927345
-0.000443
0.004549
5.370477
