0.928625
-0.075129
0.114340
-0.392384
-0.394749
-0.531049
0.988112
-0.380591
0.084692
-0.470399
0.113336
-0.580346
0.050912
-0.370888
0.104476
-0.023890
-0.475870
-0.269748
0.174832
-0.433577
0.153893
-0.506977
-0.325900
-0.249433
-0.463504
-0.112928
-0.456369
0.338486
0.130450
-0.374161
1.063359
-0.341516
-0.421123
-0.257021
-0.443322
-0.495413
-0.381453
-0.015623
-0.412176
0.072323
-0.271037
0.049474
0.117550
-0.191488
0.181718
-0.309277
-0.346140
-0.309107
-0.523149
-0.287360
-0.398363
1.053090
-0.480043
-0.075524
-0.431044
1.023405
-0.433514
-0.309641
0.030381
0.245972
-0.433916
-0.226264
-0.107752
0.788567
