-0.002855
0.801193
-0.560285
-0.000793
-0.101130
-0.343892
0.449570
-1.023170
-0.003858
0.861484
-0.001225
-0.000942
-0.002488
-1.344942
-0.002678
-0.392917
-0.117629
0.001530
0.062122
-0.006044
-0.448904
0.000021
-0.001104
-0.004213
-0.169273
-0.003305
-0.893694
-0.001584
0.004607
0.189266
0.029414
-0.009857
-0.565679
-0.276429
-0.176533
-0.072472
-0.387459
-0.311161
-0.032470
-0.848376
-0.368308
-0.001064
-0.347505
-0.013014
-1.117580
-0.002157
-0.003066
0.023448
-0.598967
-0.313114
-0.843149
-0.000963
0.240502
-0.237043
-0.001834
-0.203979
-0.025411
-0.391113
-0.418367
-0.008509
-0.282307
