0.000000
-0.007120
-0.006959
-0.002246
0.000000
-0.038514
-0.004692
0.000000
-0.005344
0.000000
0.000000
0.000000
-0.007616
-0.000240
0.000000
0.000000
-0.001166
-0.001144
-0.005542
-0.005837
-0.006199
-0.001529
-0.005540
0.000540
-0.007220
-0.005681
0.000000
-0.005944
0.000000
0.000000
-0.005977
-0.005237
-0.005548
-0.003467
-0.005519
-0.000822
-0.009285
0.000000
-0.006600
-0.004024
-0.007231
-0.001029
-0.007235
-0.004106
-0.006005
-0.003703
-0.005709
-0.002005
-0.005358
-0.003548
-0.002347
0.001341
-0.002732
-0.002623
0.000000
-0.006005
-0.003743
-0.005808
0.000000
-0.005484
-0.001956
-0.001714
-0.007720
0.013063
0.000000
0.000000
-0.005529
0.652621
-0.006004
0.000000
-0.006047
-0.005025
-0.005649
0.000000
-0.003831
0.000000
0.000000
-0.005127
-0.005893
-0.308479
0.000000
-0.006004
-0.005415
-0.004340
-0.005543
0.022352
-0.011260
0.000000
0.000000
-0.007222
-0.004803
-0.004913
-0.005986
-0.003916
0.000000
0.000000
-0.006002
-0.002745
-0.004590
0.000000
-0.003548
-0.004161
0.000000
-0.009864
-0.007209
0.001952
-0.006389
0.000000
-0.005124
-0.004608
-0.004288
-0.003617
-0.002235
-0.004568
-0.007285
-0.008104
0.000000
-0.003555
-0.003978
-0.005549
0.422901
-0.005697
-0.007402
-0.005163
-0.006004
-0.005831
0.000000
0.000000
0.000000
0.000000
0.000000
-0.013312
-0.004006
-0.003379
-0.002276
0.004374
-0.004555
-0.008208
0.000000
-0.059255
-0.006963
0.000000
0.000000
-0.004472
-0.005500
-0.004232
-0.002037
-0.000585
-0.017573
-0.003608
-0.009196
0.000000
0.000000
-0.005962
0.000000
-0.005906
0.000478
-0.005099
-0.005026
-0.007488
-0.007109
0.000000
-0.006002
-0.004372
-0.004337
0.000000
-0.005520
-0.006002
-0.003119
-0.003542
0.000000
-0.002332
-0.005069
-0.006479
-0.001975
-0.003909
0.000000
-0.004679
-0.006016
-0.007938
-0.000163
-0.008258
0.000000
-0.001986
0.000000
-0.008393
0.000000
-0.002156
-0.003511
-0.008275
0.000000
0.000000
0.000000
-0.010182
-0.005471
-0.003040
0.000000
-0.000614
-0.004672
-0.002179
0.000000
-0.004191
-0.003518
-0.006599
-0.005338
-0.002565
-0.001713
0.005705
-0.634379
0.000000
-0.005985
-0.011414
-0.006003
0.000000
0.000000
0.000000
-0.002423
-0.007204
0.000000
-0.000594
0.000000
-0.000373
0.000000
-0.005863
0.000000
-0.009317
0.000000
-0.003367
-0.005695
0.001563
-0.007574
-0.009858
-0.005146
-0.006186
-0.006834
-0.004386
-0.005547
0.000000
-0.003739
0.000000
-0.005978
-0.005550
-0.005410
-0.003793
-0.005618
-0.001412
-0.005527
0.000000
-0.008115
0.000000
-0.000407
-0.008798
-0.004062
-0.001439
-0.005371
-0.006083
0.095224
-0.005533
-0.003051
-0.005550
-0.005926
-0.002526
-0.006416
-0.005141
0.000000
-0.008190
-0.009485
0.000000
-0.007621
-0.002470
-0.005369
-0.010099
-0.006333
0.000000
-0.000681
-0.004058
-0.004229
-0.001212
-0.001042
-0.003808
-0.009368
-0.005787
-0.005821
-0.009166
-0.004131
0.000000
-0.005534
-0.008533
-0.005753
-0.004584
0.012348
0.000000
-0.003368
-0.006021
-0.005996
0.000000
0.000000
0.000000
-0.009781
-0.002122
-0.009847
-0.006002
-0.002781
0.000000
-0.005525
-0.001607
-0.010481
-0.004675
0.000000
-0.004575
-0.005858
-0.002058
-0.005916
-0.007032
-0.005510
-0.006998
-0.011913
-0.009241
-0.005170
0.000000
0.000000
-0.000411
-0.004250
0.000000
0.000000
-0.007289
-0.005998
-0.003856
0.000000
-0.937233
0.000000
-0.004644
0.000000
0.000000
-0.003164
0.000000
0.000000
-0.007553
-0.005497
0.000000
-0.005538
0.000000
-0.008478
-0.005517
-0.002001
-0.003134
-0.006262
-0.005516
-0.004530
-0.003484
-0.006641
-0.005507
-0.005783
-0.006843
0.000000
-0.006964
-0.002386
-0.006595
-0.005996
-0.005495
0.018341
0.002657
-0.006004
0.000000
-0.000536
-0.002840
0.000000
0.000000
-0.005281
0.336791
-0.003935
0.000000
-0.004719
-0.006763
-0.004074
-0.003410
-0.005235
-0.008409
-0.003913
-0.004149
-0.005771
0.000000
-0.004914
0.000000
-0.010183
-0.007531
0.000000
0.000000
0.000000
0.000000
-0.005623
0.075757
-0.638936
0.000000
-0.005120
-0.000844
0.000000
-0.005546
-0.005950
-0.002102
