0.047545
-0.001877
-0.001177
-0.000610
-0.166329
-0.447949
-0.004806
-0.072175
-0.308198
-0.000575
0.383995
0.005498
0.192520
0.001690
0.002131
-0.228356
-0.004674
0.002012
0.001103
-0.000840
-0.000070
0.187034
-0.261478
-0.001850
-0.235267
-0.000113
-0.000694
0.001018
-0.000983
0.001873
-0.000489
-0.008087
-0.479932
0.207776
0.368796
-0.000370
-0.009149
0.095466
-0.387079
-0.095455
0.195554
-0.001635
0.290110
-0.000335
-0.001568
0.000563
-0.001819
-0.383699
-0.006156
-0.001259
0.001922
-0.000144
0.351427
-0.353571
-0.000405
-0.002648
0.001510
-0.001372
-0.002579
-0.055697
-0.338033
-0.195411
-0.003476
-0.248756
0.266725
-0.001204
-0.079169
-0.000529
-0.001474
-0.003012
-0.002058
-0.005383
0.000686
-0.005129
-0.001571
-0.001962
-0.053068
-0.001268
-0.000972
-0.003117
0.260416
-0.002197
-0.243054
0.261224
-0.003134
0.195229
-0.006339
-0.004024
-0.000711
0.000359
-0.000442
0.001566
-0.004739
-0.234859
-0.198808
-0.508820
-0.000718
-0.222374
-0.004870
-0.001212
-0.181879
-0.000781
-0.001528
-0.000433
-0.172907
-0.167237
-0.003184
-0.000545
-0.006659
0.015184
-0.004352
-0.001445
-0.001218
0.368235
-0.001444
0.081082
-0.286010
0.339796
-0.001428
0.278328
0.000188
-0.000148
-0.301953
-0.122471
-0.001076
-0.005747
0.001020
-0.005328
-0.000564
0.117591
0.100727
-0.275023
0.384447
-0.000916
-0.001313
0.001248
-0.004572
-0.000812
-0.005856
0.000081
-0.194182
0.113476
0.000930
-0.001121
-0.002476
-0.001292
0.118903
-0.001964
0.002097
-0.139046
-0.002129
-0.002190
-0.000582
0.001143
0.320551
-0.001309
0.021273
0.000041
-0.052909
-0.000891
0.000902
-0.002885
-0.000033
-0.001526
-0.004338
-0.001075
-0.004570
-0.254353
-0.004236
-0.001115
-0.000628
-0.007879
-0.005632
-0.003536
0.076564
