-6.201404
0.016463
-0.005803
0.001611
-4.181483
-6.135389
0.006064
-7.617188
-6.379119
-0.008316
6.073212
-3.889945
4.256391
0.003056
0.002024
-6.462906
-0.014369
0.001176
-0.002034
0.010557
-0.000096
5.439367
-6.436575
-0.019375
-7.178724
-0.000001
0.003918
-0.001049
-0.020626
-0.000829
-0.000584
-0.016292
-6.453181
6.005689
1.015840
0.003881
0.002772
4.219089
-5.906790
-6.361083
4.939604
0.029002
5.607675
-0.001530
0.018168
-0.001493
0.006396
-6.094893
-0.004724
0.027050
0.004023
0.000239
3.778174
-7.147317
0.002879
-0.006299
0.030967
-0.014980
-0.002035
-5.198727
-6.361834
-7.535227
-0.032662
-6.603547
5.515863
-0.040461
-3.619634
-0.003228
-0.003895
-0.017165
0.034078
0.025757
-0.002905
-0.007246
-0.002677
0.002280
-5.603859
0.002212
-0.012310
-0.007706
5.203303
-0.002784
-6.457124
5.648637
0.003323
4.446337
-0.024275
-0.027210
0.005179
-0.000446
0.000189
-0.002240
0.004241
-5.940899
-4.671287
-7.247254
-0.001284
-5.737857
-0.007022
0.025010
-5.973656
0.012203
0.011568
0.001569
-6.334587
-6.400939
-0.022472
-0.002888
-0.014006
-5.637316
0.018444
0.032557
0.040335
4.528882
-0.002712
-4.188056
-6.911076
4.866186
-0.025511
4.827351
-0.001365
-0.000098
-5.809319
-5.273787
-0.007327
0.005952
0.001551
0.000428
0.001740
4.003368
4.318869
-6.348444
1.035185
-0.007781
-0.002371
0.014060
0.005622
-0.005392
-0.004795
-0.000388
-6.932911
4.448979
0.001031
0.005347
0.008467
0.003066
-4.781525
-0.001144
0.001986
-6.310168
-0.006980
0.021002
0.004698
0.002387
5.980312
-0.002643
-5.552179
0.000233
-6.644925
-0.006116
-0.001418
0.002196
-0.000059
-0.002587
-0.012013
-0.002597
0.012463
-6.411808
0.007171
-0.011014
-0.001362
-6.888894
0.016754
0.003616
-3.952795
