-0.161483 0.025238 -0.040661 0.000016 -0.003789 -0.021206 -0.000017 -0.000019 0.000045 0.000004 -0.113701 -0.000091 -0.115913 0.000076
-0.246973 0.057085 -0.036883 0.000042 -0.004465 -0.055334 0.000042 0.000010 -0.000032 -0.000033 -0.011358 -0.000001 0.082494 -0.000100
0.027446 0.061921 -0.016434 0.000002 -0.003881 -0.009850 -0.000032 -0.000057 0.000048 -0.000033 -0.016421 0.000019 0.117394 -0.000027
-0.090712 0.075271 0.023910 -0.000010 -0.004178 0.001326 0.000004 0.000021 0.000194 -0.000008 -0.016480 0.000010 0.098189 0.000064
-0.086929 -0.167527 0.098906 -0.000045 -0.003103 0.052362 -0.000002 0.000011 0.000183 -0.000003 -0.036077 0.000025 -0.025047 -0.000003
-0.089196 0.236948 0.090794 0.000027 -0.002542 0.018619 0.000059 0.000031 -0.000002 0.000082 -0.002676 0.000016 -0.082923 0.000102
-0.183813 0.089985 0.012092 -0.000022 -0.002997 0.004685 0.000004 0.000038 -0.000071 -0.000077 0.090661 0.000014 0.016375 0.000082
-0.026823 0.118813 0.016133 -0.000019 -0.003018 0.001151 -0.000003 -0.000011 -0.000037 -0.000062 0.104422 0.000012 0.018473 0.000055
-0.027913 0.140337 0.065410 -0.000029 -0.002907 0.018102 -0.000067 -0.000004 0.000023 0.000003 0.249507 -0.000023 -0.148659 0.000036
-0.231361 -0.094907 0.088299 0.000019 -0.003598 0.032077 0.000005 -0.000005 0.000007 0.000068 0.444605 0.000024 -0.225068 -0.000013
-0.051415 0.021577 0.032857 -0.000022 -0.003742 0.043835 -0.000043 -0.000002 -0.000063 0.000060 0.546299 -0.000008 -0.164439 -0.000020
-0.171141 -0.193174 0.068507 -0.000016 -0.004275 0.023440 0.000034 -0.000014 0.000009 0.000019 0.632929 0.000005 -0.310369 -0.000003
-0.289889 -0.157371 0.032838 -0.000057 -0.003875 0.017137 -0.000007 -0.000063 0.000043 -0.000031 0.716922 0.000022 -0.114061 -0.000055
-0.229068 -0.169028 0.011865 -0.000050 -0.002761 0.002606 0.000013 0.000024 0.000076 -0.000061 0.600163 -0.000057 -0.074483 0.000043
-0.223978 -0.298584 0.006313 0.000023 -0.002355 0.003506 -0.000018 0.000007 0.000183 -0.000086 0.537264 0.000024 0.007947 -0.000012
-0.181538 -0.302471 0.033882 -0.000038 -0.002034 0.024925 -0.000028 0.000011 -0.000037 -0.000003 0.438547 0.000020 -0.012267 0.000055
0.015887 -0.171047 0.063021 0.000072 -0.002181 0.063419 -0.000022 -0.000006 -0.000033 -0.000003 0.332229 0.000027 0.096468 -0.000010
-0.115489 -0.291196 0.152548 -0.000007 -0.001805 0.116620 0.000044 -0.000023 0.000163 -0.000038 0.296831 0.000040 0.004600 0.000052
-0.018514 -0.150162 0.198624 0.000082 -0.002244 0.127618 0.000071 -0.000048 0.000024 -0.000021 0.344528 -0.000028 0.004314 0.000054
-0.193720 -0.109201 0.151148 0.000074 -0.002697 0.094264 -0.000041 -0.000005 0.000004 -0.000070 0.407375 -0.000018 -0.079901 -0.000032
-0.082190 0.012295 0.059717 0.000057 -0.002759 0.040416 0.000002 -0.000027 -0.000078 0.000046 0.509018 -0.000000 -0.000782 -0.000018
-0.198266 -0.139433 0.063240 0.000026 -0.003939 0.023314 -0.000046 -0.000016 0.000093 0.000038 0.393537 -0.000018 -0.012664 0.000029
-0.286402 0.064413 0.120236 -0.000090 -0.003350 0.080587 0.000100 -0.000006 0.000066 -0.000021 0.015196 0.000024 0.037055 0.000051
-0.269930 0.086643 0.207562 0.000057 -0.003315 0.123029 0.000018 -0.000004 0.000014 0.000079 -0.184034 0.000015 -0.008624 0.000009
-0.377308 0.273149 0.192513 -0.000013 -0.002803 0.137843 -0.000020 -0.000025 0.000013 -0.000077 -0.342505 0.000009 0.152140 -0.000023
-0.213244 0.335211 0.094894 -0.000019 -0.002332 0.083776 -0.000036 -0.000014 -0.000045 -0.000011 -0.294557 0.000009 0.456947 0.000022
-0.252767 0.438113 0.117114 0.000022 -0.001966 0.043682 0.000006 0.000011 -0.000026 -0.000029 -0.233702 0.000010 0.374603 -0.000018
-0.107987 0.421565 0.075759 0.000026 -0.001458 0.060010 -0.000005 -0.000024 -0.000183 -0.000021 -0.287847 -0.000012 0.315650 -0.000072
-0.367817 0.405644 0.103646 0.000061 -0.001823 0.084670 -0.000023 -0.000016 -0.000104 -0.000023 -0.346400 0.000040 0.251615 0.000108
-0.402553 0.432668 0.140230 -0.000042 -0.001540 0.096566 0.000012 -0.000013 -0.000041 -0.000018 -0.409357 0.000015 0.183191 0.000011
-0.371965 0.133314 0.148301 0.000005 -0.001525 0.096798 0.000026 0.000038 -0.000052 -0.000078 -0.257368 -0.000082 0.302567 0.000049
-0.424240 0.312614 0.144062 -0.000022 -0.001466 0.061262 0.000035 -0.000024 0.000029 -0.000032 -0.199807 -0.000010 0.197042 0.000088
-0.379092 0.248019 0.116601 0.000030 -0.001662 0.074531 -0.000009 0.000002 -0.000002 0.000026 -0.196285 -0.000002 0.110074 -0.000013
-0.232346 0.192489 0.049266 -0.000062 -0.002049 0.049632 0.000021 0.000014 0.000134 0.000034 -0.197757 0.000013 0.021512 0.000096
0.055499 0.268140 0.005264 -0.000051 -0.002991 0.003646 -0.000001 -0.000027 -0.000025 0.000070 -0.149190 -0.000034 -0.003206 0.000109
0.289104 0.153945 0.002888 -0.000047 -0.003199 0.002122 -0.000062 0.000023 0.000058 0.000089 -0.147283 0.000018 -0.153085 -0.000067
0.346888 0.093464 0.011584 -0.000039 -0.003310 0.005545 0.000033 0.000008 -0.000074 0.000024 -0.294416 -0.000063 -0.222349 0.000022
0.275069 0.131349 0.062745 -0.000026 -0.003017 0.020875 -0.000119 0.000005 -0.000029 -0.000087 -0.290131 -0.000053 -0.142451 -0.000033
0.389917 0.089915 0.082973 0.000123 -0.002909 0.067718 -0.000024 0.000026 0.000126 -0.000073 -0.326570 -0.000085 -0.136494 -0.000028
0.167449 0.038260 0.150164 0.000091 -0.002208 0.080910 -0.000005 0.000086 0.000059 0.000075 -0.401599 -0.000029 -0.101574 -0.000057
0.251955 -0.011514 0.098876 -0.000007 -0.002318 0.112211 0.000028 0.000066 0.000037 0.000040 -0.297820 -0.000022 -0.028612 -0.000057
0.324703 0.006980 0.051224 0.000026 -0.001627 0.051786 -0.000000 -0.000014 -0.000073 0.000045 -0.253184 -0.000050 0.077156 0.000005
0.468050 -0.187723 0.027258 0.000008 -0.001881 0.023064 -0.000019 -0.000023 -0.000014 -0.000004 -0.191906 0.000065 0.102816 -0.000057
0.623309 -0.008227 0.059194 0.000056 -0.002109 0.042119 0.000128 -0.000029 -0.000112 0.000018 -0.163267 -0.000018 0.120029 -0.000183
0.520838 -0.094579 0.044372 -0.000038 -0.002092 0.035006 0.000021 -0.000022 -0.000066 0.000002 -0.218869 -0.000011 0.137370 -0.000075
0.483720 -0.057096 0.117950 -0.000040 -0.002149 0.073390 0.000051 -0.000013 -0.000055 0.000031 -0.360138 -0.000026 0.140397 0.000027
0.235582 -0.258935 0.131231 -0.000007 -0.002126 0.053909 0.000048 0.000065 0.000005 -0.000023 -0.427852 0.000038 0.067866 0.000052
0.211214 -0.038683 0.022791 0.000006 -0.002086 0.008438 -0.000057 -0.000029 0.000004 -0.000034 -0.407055 0.000009 -0.003427 -0.000057
0.252108 -0.127901 -0.003836 -0.000014 -0.002319 -0.003574 0.000000 0.000020 0.000147 0.000051 -0.408191 -0.000029 0.138150 0.000104
-0.007471 -0.048734 -0.038920 0.000049 -0.002894 -0.035732 -0.000017 0.000050 -0.000052 0.000046 -0.349046 0.000012 0.205117 -0.000010
-0.053166 -0.015139 -0.091523 -0.000004 -0.003281 -0.064309 0.000003 0.000067 0.000066 0.000032 -0.360580 0.000024 0.245517 -0.000029
-0.239111 0.065631 -0.051138 0.000060 -0.003792 -0.032386 -0.000027 -0.000007 -0.000067 -0.000032 -0.282050 0.000025 0.409638 -0.000098
-0.356339 0.005851 0.004793 -0.000062 -0.004258 -0.004171 0.000040 0.000020 -0.000097 0.000027 -0.342817 -0.000023 0.264369 0.000094
-0.366296 0.158673 0.010454 0.000037 -0.004438 -0.000898 -0.000007 -0.000033 -0.000021 -0.000149 -0.357482 -0.000011 0.262465 -0.000031
-0.367411 0.429333 0.010368 -0.000083 -0.004191 0.011573 -0.000034 -0.000038 0.000019 -0.000045 -0.456614 0.000021 0.090313 -0.000074
0.000506 0.248946 -0.008385 0.000016 -0.004581 -0.004209 -0.000049 -0.000012 -0.000023 -0.000023 -0.325204 -0.000019 -0.020299 -0.000028
-0.010666 0.349406 -0.040677 0.000072 -0.004456 -0.020244 -0.000003 -0.000025 -0.000052 -0.000069 -0.147135 0.000020 -0.096393 -0.000021
0.259470 0.354380 -0.039335 0.000006 -0.004398 -0.012688 0.000042 0.000015 0.000035 0.000052 -0.174340 0.000014 -0.247301 -0.000064
0.366831 0.096010 -0.003431 -0.000038 -0.004166 -0.000824 -0.000001 0.000022 -0.000033 -0.000024 -0.186859 0.000016 -0.382632 0.000037
0.402002 -0.213316 0.005016 0.000025 -0.003657 0.002866 -0.000004 0.000000 0.000149 -0.000079 -0.253541 -0.000019 -0.387306 0.000029
0.190908 -0.212364 0.037839 -0.000062 -0.002996 0.005130 0.000069 -0.000052 0.000073 -0.000045 -0.205127 0.000023 -0.288307 -0.000062
0.308123 -0.118446 0.001395 -0.000054 -0.002661 0.001212 -0.000000 0.000050 0.000041 -0.000056 -0.114015 -0.000033 -0.127627 0.000021
0.371491 -0.106685 -0.009995 -0.000027 -0.002101 -0.007381 -0.000012 0.000015 -0.000089 -0.000011 0.032220 0.000003 -0.034452 0.000110
0.478393 -0.053793 -0.056875 -0.000022 -0.001589 -0.033453 0.000004 -0.000066 -0.000108 -0.000027 0.142406 0.000006 -0.106505 -0.000082
0.433188 -0.128432 -0.003531 -0.000017 -0.001842 -0.002418 0.000020 0.000012 0.000122 0.000011 0.098717 0.000024 -0.353112 0.000009
0.465570 -0.316184 0.023271 -0.000036 -0.002405 0.000541 0.000012 0.000025 0.000216 0.000033 0.087163 0.000052 -0.506420 -0.000033
0.478475 -0.158819 0.043495 -0.000022 -0.002715 0.020646 0.000031 -0.000019 0.000069 0.000070 0.092640 -0.000010 -0.441417 0.000107
0.373313 -0.399183 0.025916 -0.000038 -0.003033 0.002533 0.000031 -0.000037 -0.000048 0.000118 0.211548 0.000007 -0.399577 0.000093
0.504554 -0.546762 -0.000032 -0.000016 -0.002892 0.000088 -0.000051 -0.000026 -0.000037 -0.000016 0.354789 0.000023 -0.321653 0.000063
0.459433 -0.260769 -0.017027 -0.000047 -0.002818 -0.017808 -0.000018 0.000017 -0.000034 -0.000039 0.448678 -0.000002 -0.268432 0.000033
0.324528 -0.113977 -0.104037 -0.000026 -0.002791 -0.045847 -0.000037 0.000068 -0.000054 -0.000027 0.572626 0.000026 -0.188520 -0.000057
0.068423 -0.108587 -0.103302 0.000056 -0.002942 -0.064317 0.000001 0.000012 0.000027 0.000054 0.557850 0.000001 -0.048040 -0.000021
-0.065879 -0.002550 -0.087163 0.000002 -0.002917 -0.066150 -0.000042 -0.000041 -0.000070 0.000093 0.498870 -0.000022 -0.062911 0.000052
-0.204769 -0.152287 -0.006931 -0.000060 -0.002966 -0.001854 0.000054 0.000017 0.000069 0.000089 0.326137 -0.000011 -0.152040 0.000032
-0.416609 -0.126147 0.091700 0.000133 -0.003351 0.030993 0.000035 0.000027 -0.000102 0.000022 0.158538 0.000011 -0.154048 -0.000086
-0.594015 0.134086 0.075521 -0.000019 -0.003460 0.050698 -0.000049 0.000012 -0.000028 -0.000103 0.038259 -0.000021 0.008255 0.000087
-0.551196 0.214773 0.058398 -0.000025 -0.003591 0.058219 -0.000096 0.000013 0.000035 -0.000025 -0.029155 0.000043 0.193886 -0.000025
-0.464840 0.347922 0.065229 -0.000029 -0.004244 0.047261 0.000014 0.000021 0.000005 0.000092 -0.022532 -0.000018 0.305881 -0.000022
-0.458966 0.383554 0.006264 -0.000049 -0.003845 0.025487 0.000035 0.000002 0.000132 -0.000089 0.063111 0.000055 0.234589 0.000005
-0.494722 -0.074578 0.072357 0.000017 -0.003376 0.006522 0.000015 0.000011 -0.000052 -0.000039 0.191359 0.000013 0.251536 -0.000048
-0.622958 -0.099017 0.035994 -0.000075 -0.003046 0.042491 0.000019 -0.000029 0.000016 -0.000024 0.327459 0.000016 -0.042397 0.000052
-0.511184 -0.066705 0.008285 -0.000030 -0.002667 0.012459 -0.000012 0.000025 -0.000074 0.000065 0.262379 -0.000024 -0.121220 -0.000077
-0.345444 -0.084267 0.008460 0.000123 -0.003644 0.002729 -0.000028 -0.000068 -0.000134 0.000113 0.194410 0.000014 -0.082451 -0.000038
-0.256884 0.088593 -0.000629 -0.000062 -0.004263 -0.000475 0.000061 -0.000010 0.000091 0.000032 0.071124 -0.000016 -0.234962 -0.000074
-0.060436 0.171912 -0.059377 0.000069 -0.004269 -0.011235 0.000022 -0.000050 0.000113 -0.000152 0.046137 -0.000086 -0.327722 0.000089
0.117020 0.337783 -0.054256 -0.000009 -0.003281 -0.014894 -0.000019 -0.000012 0.000095 0.000018 0.078046 0.000002 -0.264316 -0.000041
0.071533 0.317128 -0.011325 -0.000020 -0.003096 -0.004093 0.000118 -0.000035 0.000051 0.000087 0.044837 -0.000024 -0.363978 -0.000091
0.297858 -0.028945 0.073708 0.000122 -0.002193 0.023416 0.000041 0.000041 0.000045 -0.000114 0.046725 0.000006 -0.444860 0.000059
0.290699 -0.020352 0.158493 -0.000002 -0.001838 0.087149 -0.000098 0.000001 0.000037 -0.000008 -0.080731 0.000018 -0.327135 -0.000030
0.404709 -0.125801 0.210636 -0.000044 -0.001419 0.137017 0.000063 -0.000002 -0.000036 -0.000023 -0.057531 0.000025 -0.406723 -0.000024
0.572258 -0.235387 0.139491 -0.000018 -0.001557 0.126009 0.000043 -0.000088 0.000042 -0.000057 -0.120299 -0.000022 -0.186168 0.000032
0.642352 0.069247 0.112504 -0.000033 -0.001807 0.042399 -0.000014 -0.000018 0.000047 -0.000004 -0.054771 -0.000052 -0.026659 -0.000083
0.631277 -0.034128 0.147516 -0.000062 -0.002638 0.082260 -0.000031 -0.000033 -0.000038 -0.000048 -0.200694 0.000040 0.222374 0.000036
0.435562 0.027941 0.168517 0.000002 -0.003151 0.121752 -0.000141 -0.000019 0.000124 -0.000068 -0.423258 -0.000011 0.570414 -0.000008
0.398314 -0.211225 0.129445 0.000044 -0.003707 0.128710 -0.000018 -0.000018 0.000153 -0.000033 -0.413942 0.000021 0.607075 -0.000056
0.176323 -0.147482 0.157313 0.000023 -0.003463 0.126197 0.000025 -0.000013 -0.000125 0.000038 -0.337175 -0.000058 0.566599 -0.000046
0.294287 -0.115555 0.134948 -0.000019 -0.003048 0.079483 0.000126 -0.000064 0.000119 0.000047 -0.218133 0.000011 0.459642 -0.000111
0.355759 -0.129480 0.184507 -0.000071 -0.002830 0.100483 -0.000004 -0.000020 -0.000009 0.000091 -0.323292 -0.000011 0.310291 -0.000049
0.202663 -0.095042 0.162024 0.000090 -0.002211 0.095502 -0.000090 0.000027 0.000042 0.000034 -0.340396 -0.000026 0.165096 -0.000025
0.129476 0.016674 0.128921 -0.000025 -0.002535 0.129969 0.000068 -0.000097 -0.000004 0.000033 -0.458071 0.000017 0.197929 -0.000115
-0.179417 0.032279 0.124606 -0.000041 -0.002621 0.094523 -0.000084 0.000011 0.000049 0.000067 -0.400090 -0.000058 0.240757 0.000028
-0.316731 -0.059814 0.176203 -0.000021 -0.003110 0.077846 0.000038 -0.000063 -0.000075 -0.000056 -0.245171 -0.000040 0.208780 0.000040
-0.252806 0.162158 0.136786 0.000019 -0.003611 0.088377 0.000017 -0.000038 -0.000046 0.000010 -0.079884 -0.000014 0.234635 0.000033
-0.423325 0.175868 0.106232 0.000015 -0.004872 0.056096 0.000018 0.000030 -0.000025 -0.000043 0.072040 -0.000010 0.267658 -0.000040
-0.384005 0.205134 0.022871 0.000009 -0.005107 0.023602 -0.000048 -0.000006 0.000035 -0.000067 0.198698 -0.000034 0.238035 0.000128
-0.472437 0.269228 0.043534 0.000051 -0.004333 0.019098 0.000011 0.000032 -0.000012 0.000030 0.356316 -0.000056 0.082294 -0.000010
-0.718624 0.469761 0.027227 -0.000069 -0.004158 0.019204 0.000007 -0.000010 0.000070 -0.000110 0.310343 0.000027 -0.186554 0.000058
-0.615517 0.508031 0.044699 0.000026 -0.004288 0.019223 0.000001 -0.000048 -0.000170 -0.000055 0.302238 -0.000017 -0.291363 0.000012
-0.800174 0.433611 0.025441 -0.000082 -0.004013 0.014939 -0.000003 0.000006 0.000166 -0.000088 0.274246 0.000062 -0.353448 -0.000030
-0.774997 0.510536 0.020301 0.000019 -0.003325 0.008278 0.000053 -0.000026 0.000062 -0.000027 0.338088 -0.000028 -0.409701 0.000026
-0.556960 0.745728 0.020948 -0.000006 -0.004659 0.006811 0.000029 -0.000009 -0.000041 0.000005 0.247296 -0.000008 -0.515903 -0.000212
-0.264230 0.588333 0.015411 0.000034 -0.004303 0.003846 0.000014 -0.000014 -0.000034 0.000077 0.184305 0.000017 -0.771069 0.000064
-0.205719 0.370044 -0.015006 0.000008 -0.005414 -0.006088 0.000026 -0.000011 0.000094 -0.000039 0.314791 0.000014 -0.828506 0.000011
-0.036106 0.436688 -0.067816 -0.000017 -0.005853 -0.031056 -0.000047 -0.000063 -0.000081 -0.000047 0.399627 0.000061 -0.725540 -0.000070
0.009340 0.407237 -0.097358 -0.000041 -0.005894 -0.068628 0.000036 -0.000026 -0.000041 -0.000045 0.520299 -0.000019 -0.634814 -0.000186
0.222328 -0.027063 -0.031558 -0.000036 -0.004911 -0.006156 -0.000012 -0.000049 0.000126 0.000004 0.521153 0.000011 -0.414192 -0.000029
0.093384 -0.269212 -0.042626 -0.000035 -0.005337 -0.007686 -0.000000 0.000085 -0.000007 0.000020 0.425902 -0.000025 -0.161848 0.000053
0.289649 -0.435208 0.030620 0.000026 -0.005018 0.034468 -0.000007 0.000010 -0.000101 0.000050 0.252773 0.000012 -0.214046 -0.000096
0.359515 -0.342731 0.046658 -0.000015 -0.003945 0.043683 -0.000010 -0.000046 -0.000021 -0.000024 0.244381 0.000027 -0.190159 -0.000024
0.376391 -0.306512 0.054348 -0.000019 -0.003205 0.034334 -0.000047 0.000002 0.000113 0.000078 0.089723 0.000019 -0.056541 0.000007
0.498868 -0.240849 0.023543 -0.000049 -0.003162 0.012695 0.000037 0.000016 0.000142 -0.000078 0.053996 -0.000013 0.119950 -0.000057
0.593980 -0.316482 0.031542 -0.000022 -0.003032 0.019782 0.000076 0.000010 -0.000065 -0.000090 -0.090620 0.000046 0.047131 -0.000057
0.679973 -0.391692 0.133357 0.000038 -0.003134 0.053165 -0.000021 -0.000033 -0.000085 0.000047 -0.204295 0.000002 0.049788 0.000063
0.675059 -0.647447 0.139816 0.000050 -0.003525 0.098443 -0.000020 -0.000011 -0.000037 -0.000069 -0.323057 0.000090 0.111945 -0.000065
0.485077 -0.835501 0.179720 -0.000022 -0.003265 0.131251 0.000045 0.000020 -0.000108 0.000023 -0.311946 -0.000032 0.165799 -0.000027
0.517185 -0.616350 0.079422 -0.000039 -0.002796 0.086488 0.000024 -0.000049 -0.000067 -0.000020 -0.053559 0.000024 0.430249 -0.000006
0.462657 -0.715665 0.079785 -0.000022 -0.002694 0.043974 -0.000051 -0.000025 -0.000069 -0.000020 0.011493 0.000048 0.583666 -0.000079
0.324739 -0.680753 0.056782 0.000016 -0.002419 0.040096 0.000056 -0.000030 0.000105 -0.000004 0.123306 0.000048 0.852852 0.000057
0.221394 -0.409580 0.102739 0.000006 -0.001776 0.061980 -0.000036 0.000025 0.000044 0.000078 0.050580 -0.000015 0.797845 0.000035
-0.136624 -0.514434 0.149258 -0.000064 -0.000499 0.099194 0.000047 0.000007 0.000031 0.000018 -0.034260 -0.000031 0.796847 0.000021
-0.262662 -0.161235 0.116983 0.000015 0.000426 0.074483 0.000148 0.000013 0.000050 -0.000047 0.011077 -0.000012 0.669082 0.000031
-0.156478 -0.243864 0.088317 -0.000125 0.000462 0.067041 0.000063 0.000022 0.000106 0.000077 -0.073430 -0.000022 0.607425 0.000026
-0.099760 0.108660 0.153601 0.000020 -0.000112 0.076999 -0.000016 0.000036 -0.000071 -0.000069 -0.100448 -0.000015 0.319809 0.000002
-0.237365 0.138589 0.140302 -0.000038 -0.000209 0.116616 0.000026 0.000001 0.000116 0.000047 -0.149599 -0.000011 -0.022251 -0.000078
-0.246436 0.304840 0.153794 -0.000037 -0.000036 0.104188 -0.000001 0.000024 0.000136 0.000018 -0.261166 -0.000041 -0.056085 -0.000043
-0.196619 0.432681 0.108791 -0.000046 0.000165 0.065809 0.000025 -0.000024 -0.000031 0.000048 -0.188860 -0.000024 -0.064128 -0.000069
-0.254843 0.419581 0.079107 -0.000022 0.000244 0.045287 0.000044 -0.000022 -0.000004 -0.000045 -0.156600 -0.000001 0.126839 -0.000046
-0.247306 0.449353 0.085284 -0.000037 0.000368 0.093816 0.000059 0.000004 0.000032 0.000022 -0.195247 -0.000006 -0.137469 0.000144
-0.443856 0.280577 0.139068 -0.000007 0.000242 0.121590 -0.000014 -0.000025 -0.000051 -0.000154 -0.324942 0.000011 -0.227323 0.000021
-0.498968 0.411808 0.164008 -0.000033 0.000526 0.107757 0.000087 0.000009 0.000198 -0.000024 -0.277720 0.000022 -0.240935 0.000144
-0.372744 0.575771 0.136721 -0.000008 0.000497 0.060175 0.000010 0.000039 -0.000030 0.000024 -0.272335 -0.000030 -0.458504 0.000134
-0.394565 0.687926 0.117509 -0.000017 0.000495 0.089870 -0.000013 -0.000004 0.000156 0.000076 -0.141278 0.000025 -0.466565 -0.000078
-0.168069 0.499376 0.081652 0.000038 0.000467 0.073076 -0.000031 0.000008 -0.000046 -0.000019 -0.137087 -0.000040 -0.485068 -0.000039
-0.054673 0.508376 0.105704 0.000029 0.000342 0.100329 -0.000028 -0.000027 0.000091 -0.000116 -0.058073 0.000001 -0.606742 0.000039
0.026437 0.221342 0.085448 -0.000047 0.000186 0.051751 0.000011 -0.000013 0.000004 -0.000067 -0.033322 -0.000002 -0.548428 0.000086
0.113308 0.262143 0.054515 -0.000036 -0.000241 0.049768 -0.000025 -0.000025 0.000157 -0.000068 0.040287 0.000023 -0.514818 -0.000040
0.258243 0.024057 0.073573 -0.000072 -0.000739 0.041043 -0.000017 0.000027 0.000166 -0.000027 0.182226 0.000079 -0.400288 -0.000018
0.137643 -0.117823 0.062747 -0.000013 -0.000610 0.078954 0.000065 0.000021 0.000196 0.000178 0.209855 -0.000014 -0.339220 0.000005
0.184749 -0.314297 0.118060 0.000134 -0.000635 0.055317 -0.000032 -0.000015 -0.000019 0.000077 0.311493 0.000044 -0.228436 0.000060
0.254641 -0.362671 0.098099 -0.000021 -0.000596 0.068870 -0.000038 0.000008 0.000130 0.000032 0.446335 -0.000059 -0.033777 -0.000052
0.278041 -0.662814 0.084090 0.000062 -0.000905 0.040682 -0.000053 -0.000014 -0.000169 0.000016 0.530768 -0.000003 0.007799 0.000035
0.387619 -0.709726 0.121363 0.000026 -0.001075 0.094574 -0.000018 -0.000027 0.000153 0.000046 0.589465 -0.000028 0.178879 -0.000027
0.335987 -0.630568 0.119204 0.000142 -0.001327 0.097137 0.000027 0.000056 -0.000061 0.000088 0.589268 -0.000007 0.084016 0.000034
0.149785 -0.680569 0.153583 -0.000020 -0.000786 0.121257 0.000019 0.000045 -0.000025 -0.000070 0.684597 0.000036 -0.033838 -0.000034
0.115764 -0.865199 0.134741 -0.000042 -0.000670 0.081365 -0.000024 0.000006 -0.000019 0.000032 0.668290 -0.000049 0.215224 0.000058
0.051049 -0.924316 0.021485 -0.000020 -0.000266 0.013665 0.000006 0.000022 -0.000020 0.000118 0.692456 -0.000026 0.217532 0.000111
0.056814 -0.632035 0.013583 -0.000031 -0.000421 0.005385 0.000111 0.000025 0.000028 0.000069 0.534006 0.000049 0.364181 0.000111
0.126264 -0.708496 0.003746 -0.000029 -0.000273 0.002385 0.000026 0.000002 -0.000050 0.000031 0.449803 0.000020 0.482424 0.000029
0.024449 -0.520971 -0.000961 -0.000073 -0.000121 -0.001991 -0.000006 0.000066 -0.000021 -0.000046 0.222578 0.000010 0.558963 0.000087
-0.188847 -0.324107 -0.040276 -0.000006 -0.000227 -0.045157 -0.000003 -0.000012 -0.000049 -0.000077 0.111462 0.000012 0.579144 -0.000040
-0.176255 -0.244096 -0.096766 -0.000006 0.000198 -0.056765 -0.000019 -0.000015 -0.000004 -0.000088 -0.014035 -0.000026 0.752705 -0.000124
-0.292478 -0.222252 -0.003202 0.000135 -0.000092 -0.001189 0.000048 0.000017 -0.000029 0.000004 -0.195496 0.000055 0.810472 0.000054
-0.471973 -0.153466 0.001124 -0.000093 0.000167 0.000844 0.000002 0.000086 0.000039 0.000038 -0.250153 -0.000007 0.685928 0.000064
-0.467319 -0.045553 0.034824 -0.000021 0.000303 0.002367 -0.000066 -0.000000 -0.000038 -0.000029 -0.187015 0.000023 0.446299 0.000032
-0.423546 -0.189413 0.028132 -0.000039 0.000112 0.002223 0.000098 -0.000062 0.000058 0.000004 -0.113079 0.000091 0.346773 0.000011
-0.166774 0.025601 0.000114 0.000031 0.000135 0.001395 0.000072 0.000083 0.000188 -0.000119 -0.162228 -0.000013 0.178848 -0.000036
-0.177155 0.386532 0.002208 -0.000084 0.000247 0.001783 -0.000017 -0.000012 -0.000048 -0.000047 -0.196414 -0.000008 0.051610 0.000024
-0.066708 0.337179 -0.003684 -0.000031 -0.000149 0.002447 -0.000097 0.000049 0.000057 0.000184 -0.344447 0.000023 0.081215 0.000010
0.209843 0.585536 -0.039937 0.000039 -0.000227 -0.001336 -0.000033 0.000032 -0.000013 -0.000093 -0.403596 0.000022 -0.062116 0.000014
0.302771 0.389559 0.000432 0.000011 -0.000391 -0.015508 -0.000002 -0.000015 0.000107 0.000088 -0.312020 -0.000020 -0.172275 -0.000037
0.122318 0.255532 -0.001561 0.000074 -0.000839 0.001522 0.000018 -0.000025 0.000022 0.000025 -0.485959 -0.000027 -0.194503 0.000064
0.275606 0.302433 0.002693 0.000047 -0.001220 0.002054 0.000035 0.000019 0.000210 0.000044 -0.520468 0.000014 -0.197409 -0.000191
0.212571 0.275979 0.100109 -0.000074 -0.001498 0.023772 -0.000079 -0.000085 0.000071 0.000023 -0.609997 0.000003 -0.235557 -0.000194
0.325491 0.058559 0.061455 -0.000034 -0.001800 0.020876 -0.000046 0.000008 -0.000033 -0.000068 -0.590951 0.000091 -0.237277 0.000005
0.181928 0.219652 0.111594 0.000023 -0.001890 0.027087 0.000002 0.000024 -0.000028 -0.000088 -0.528996 -0.000026 -0.175974 -0.000195
0.065355 0.224888 0.084392 -0.000020 -0.002164 0.045132 0.000016 0.000037 -0.000151 -0.000041 -0.328631 0.000026 -0.337814 -0.000031
-0.201491 0.147515 0.057617 0.000021 -0.001883 0.002946 0.000050 0.000011 -0.000141 -0.000033 -0.116840 -0.000014 -0.296628 0.000088
-0.171081 0.010496 0.001174 0.000122 -0.002192 0.000905 0.000047 -0.000058 0.000168 0.000047 0.124104 0.000004 -0.498413 0.000022
