0.111296
0.051003
0.067499
0.101639
0.046575
-0.009012
0.001921
0.136190
0.064669
0.077456
0.047884
0.106961
0.020838
-0.006727
0.057245
-0.006642
0.006492
-0.008631
0.114016
0.058775
0.084534
0.071405
-0.008353
-0.005992
-0.008103
-0.008196
-0.007559
0.070893
0.054665
0.090977
0.015691
-0.004196
0.030210
0.096500
0.065782
0.086376
0.014372
0.141953
0.036959
-0.007592
-0.007320
-0.008371
0.000000
-0.005458
0.021960
0.057912
0.096679
-0.006173
0.057550
0.021535
0.017088
-0.008949
0.061684
0.016358
0.034373
0.067557
-0.007613
-0.006498
0.057481
-0.006117
-0.008185
0.036501
0.018483
0.060833
0.050059
0.045798
-0.007923
-0.000912
-0.003162
0.050918
-0.104641
0.039045
0.064180
0.063048
0.096745
0.051122
-0.005970
0.069640
0.107867
0.075155
-0.006358
0.063089
0.087173
-0.008362
0.195820
0.034269
0.026173
-0.005833
0.067767
0.043919
0.044824
0.015267
-0.010399
-0.008118
-0.013608
-0.005948
0.086326
-0.008432
0.071622
-0.006249
-0.004108
0.040517
0.076298
-0.005242
-0.010254
-0.008315
-0.016962
0.113684
0.019645
-0.006472
0.034574
0.081347
0.031424
0.059095
0.064776
0.081672
-0.006316
-0.008692
-0.007120
0.125064
0.070433
-0.006335
0.049871
0.051640
-0.001543
-0.005087
0.076431
0.142160
-0.001483
0.037099
0.088653
-0.000458
0.079968
0.017677
0.034422
0.023520
0.054027
0.077453
0.070735
-0.006859
-0.008707
0.029984
0.071906
-0.171633
0.055318
-0.009026
-0.004994
-0.007912
0.127416
0.036088
0.111670
-0.006314
0.023638
0.034058
0.006581
-0.007141
-0.004997
0.027526
-0.006529
-0.004206
-0.006981
-0.004961
0.097537
0.057946
-0.000540
0.064042
-0.004706
-0.004920
0.104927
0.102091
0.032716
0.021695
-0.005185
-0.006942
-0.008879
0.041815
0.045314
-0.006040
0.021360
0.082279
0.040494
0.173202
0.052835
0.023992
-0.029528
-0.006558
0.079072
0.075797
0.074517
0.069348
0.072682
0.103524
-0.007880
0.075114
0.047495
0.109263
-0.006994
0.093269
0.064966
0.051840
0.053122
0.065249
0.084311
0.038163
-0.004474
-0.030745
-0.005991
0.055452
-0.008055
-0.007224
-0.032362
0.144788
0.069370
0.011294
-0.006679
-0.003444
0.083724
0.054010
0.093746
-0.005998
-0.006209
0.063630
0.055658
0.130137
0.052098
-0.004713
0.049714
0.047868
0.139292
-0.006799
-0.008253
-0.005998
0.053809
-0.006085
0.030519
-0.005980
0.058991
-0.008163
0.113778
-0.156462
0.075645
-0.007179
0.004762
0.068570
-0.002766
-0.007981
-0.005951
-0.009657
-0.005943
0.101005
0.048962
-0.007544
0.018534
0.127169
0.061001
-0.007224
-0.008559
-0.125016
-0.007185
-0.005305
-0.000624
0.001493
-0.150518
-0.006859
0.068699
0.114891
-0.006431
0.066139
0.045179
0.012356
0.025612
0.078305
0.160662
0.083300
0.006015
0.017585
0.046770
-0.001107
-0.006198
0.048454
-0.005814
0.078701
0.078127
-0.004712
0.049971
-0.006531
0.037734
-0.013725
0.009936
0.072380
0.039352
-0.006890
0.151932
-0.009310
0.090997
0.065607
0.024493
0.007504
-0.005106
0.000000
0.093359
0.085360
0.161616
0.036019
-0.009222
-0.007442
-0.015972
-0.008562
-0.009298
-0.008104
0.102207
-0.007105
-0.004169
0.080054
0.056844
0.068460
-0.007496
0.128205
0.003260
0.044322
-0.149934
-0.009947
-0.006760
-0.008501
0.035580
0.022697
0.094581
-0.008528
0.000842
0.044419
-0.000700
-0.010027
0.040450
-0.008080
0.095167
-0.006628
-0.004573
-0.084569
0.074906
0.083222
0.076406
-0.006522
-0.007316
0.082026
0.170110
0.143934
0.127398
0.041236
0.084165
0.001814
0.087063
0.072494
0.006977
0.049071
0.039268
0.071382
0.076569
0.142272
0.062621
0.026406
-0.005045
0.002259
-0.006802
-0.002013
-0.005955
-0.008959
0.038670
0.064417
0.106713
0.064386
-0.005583
0.048651
-0.006629
0.086987
0.060095
0.072574
0.040244
-0.006571
-0.005048
-0.001959
0.086035
0.137090
-0.004866
-0.007722
0.073025
-0.004667
-0.001653
-0.005950
0.157856
0.138293
0.006776
0.043459
-0.010437
-0.007614
0.089163
-0.006183
-0.010546
0.010392
0.048499
0.074212
-0.005254
0.055967
-0.005960
-0.006103
-0.006683
0.163833
0.062456
-0.006008
-0.004365
0.010998
0.054257
-0.007333
-0.005125
0.000343
0.070859
0.024440
-0.005999
-0.007194
-0.005591
-0.005033
0.077046
0.103435
-0.001487
0.104640
0.112188
-0.004189
0.073751
0.083705
0.006022
-0.008167
0.106462
0.054135
0.047469
0.174121
0.046572
-0.005555
0.048690
-0.007895
0.078051
-0.008372
-0.012436
0.065997
0.083616
-0.006495
-0.007653
-0.007620
-0.037469
-0.005993
0.041245
-0.005417
0.041163
-0.161546
-0.005738
-0.006742
0.038269
-0.007876
0.021299
0.052199
-0.007798
-0.008413
-0.167935
-0.051072
0.079362
0.034176
0.057979
0.102906
-0.009572
0.081197
-0.006026
0.068567
0.087315
-0.005466
-0.006466
-0.006007
0.099873
-0.005966
0.051802
0.093335
0.095993
-0.005991
0.120778
-0.006056
0.039714
-0.009345
-0.005100
-0.000303
0.040828
-0.006244
0.008937
0.048861
-0.004504
-0.004191
0.042642
-0.006426
0.063539
-0.019715
0.068776
0.025676
0.059789
0.000317
0.053891
0.142624
0.057794
-0.002561
-0.005111
-0.007220
-0.008452
-0.006281
0.054182
-0.008299
-0.006042
-0.013579
0.043776
-0.005113
-0.006680
0.042284
0.014410
0.065793
0.113128
-0.005547
-0.007854
-0.005061
0.037266
-0.006513
0.090516
-0.006107
0.033896
-0.002006
0.031490
-0.006338
-0.006887
0.021280
0.037868
0.050814
-0.005420
0.072683
-0.020462
0.063923
0.107397
0.068229
-0.006389
0.106923
0.032572
-0.004346
-0.006825
-0.005163
0.047886
-0.005907
0.054731
0.107371
-0.006928
0.036362
-0.005007
0.029107
-0.007924
0.048719
-0.005932
0.036983
0.041072
0.058285
-0.004966
0.054407
-0.004155
0.100074
0.060316
-0.009252
0.086280
0.087880
-0.009579
0.113436
0.015452
-0.005994
0.116910
0.080237
-0.156230
0.032546
0.111059
0.056987
-0.004488
0.002829
-0.005671
-0.021713
-0.006959
0.047269
-0.004448
0.043072
0.037475
0.132101
0.032821
0.152512
-0.003118
0.075317
-0.005897
0.043914
-0.006500
-0.006733
0.074291
-0.005987
-0.011152
-0.005999
0.064129
0.063226
-0.007579
-0.006715
0.070163
0.070728
0.107528
-0.005799
-0.003162
0.049369
0.076851
0.068974
-0.010660
0.034548
-0.006914
0.058477
-0.010252
0.020927
-0.002387
0.045041
-0.005454
0.042059
-0.009614
0.039227
0.102133
-0.010422
0.100749
0.085657
-0.007382
-0.004271
0.048653
-0.006944
0.036488
0.085573
0.075393
-0.214754
0.007569
0.077677
0.043538
-0.010127
-0.007210
-0.021826
0.029139
0.011509
0.008643
-0.092709
0.076093
0.118438
0.062030
0.024829
0.145735
0.085868
0.038445
0.014471
-0.008200
0.050952
-0.020880
-0.007962
-0.010545
0.084185
0.041518
-0.005168
0.105286
0.090841
0.090596
-0.011431
0.113096
-0.012856
0.059805
-0.006749
-0.005311
0.040069
-0.000604
0.054157
0.115342
0.085084
-0.006031
-0.007310
0.037628
0.129747
0.103265
0.040469
-0.006923
-0.005978
-0.007066
0.168111
0.058715
0.036497
0.064648
0.074998
-0.004961
0.048147
-0.005988
-0.005872
0.088871
-0.005031
-0.007432
0.041735
0.005279
-0.003479
0.075149
-0.007991
0.072238
0.008135
0.078862
0.025240
0.085503
-0.007329
-0.010167
-0.000548
0.035439
0.121520
-0.006061
-0.000368
-0.006679
0.025545
-0.025320
0.126551
-0.008104
0.091715
0.037892
0.012684
0.060146
-0.004093
0.045029
0.014847
0.009074
0.055873
0.048869
-0.006107
0.094410
0.115638
0.037899
-0.007570
0.031441
0.121728
-0.009671
0.080297
0.015864
0.054480
0.065051
-0.005987
-0.010764
-0.012037
0.070101
0.064776
-0.006712
-0.005940
0.079125
-0.001770
-0.005959
-0.169696
0.035347
0.007332
0.005815
0.089487
0.073066
-0.009558
-0.006627
0.060612
0.085882
0.063357
0.056862
-0.002042
0.068369
-0.004786
0.053528
0.097965
0.005212
0.140496
0.083868
-0.008082
0.108892
-0.006684
-0.005797
-0.009669
-0.011480
-0.003196
-0.005004
0.123816
0.016085
-0.005971
0.009058
-0.008435
0.069805
-0.003917
0.096938
-0.004268
0.046501
-0.001616
0.067125
-0.006216
-0.006740
-0.006212
-0.007051
0.029023
0.061386
0.048616
0.019980
-0.006749
-0.006424
-0.017799
0.058733
-0.005337
0.059012
-0.167366
0.049652
-0.155178
0.068570
-0.006039
-0.008973
0.061207
-0.009320
0.053217
-0.007450
-0.003831
0.000964
-0.005075
-0.007382
-0.004548
-0.005540
-0.007164
0.039075
-0.012075
-0.023282
-0.009246
-0.006001
0.026096
0.127659
-0.016270
-0.005970
-0.008046
0.177796
0.080808
0.034778
-0.012418
0.050819
0.055044
-0.005981
0.034975
0.067981
0.059959
-0.001365
0.045592
0.074948
-0.008783
0.010677
0.081125
-0.004630
-0.009213
-0.005999
0.054729
-0.008447
-0.005099
0.074897
-0.007237
-0.006965
-0.004257
0.068163
-0.009637
0.143859
0.078506
0.050936
0.042764
-0.004997
0.097437
-0.007145
-0.002979
0.032991
0.029496
0.066000
0.059195
0.050168
-0.005075
0.214386
0.067257
0.019354
0.113170
0.049167
-0.005521
0.047780
-0.005506
0.072726
-0.006266
0.039787
0.075751
0.061212
0.049240
0.053054
0.076628
-0.009770
-0.007559
-0.005323
0.053334
-0.009807
0.052308
0.088763
0.021026
-0.009860
-0.007609
-0.006290
0.010285
0.046327
-0.010030
0.101231
-0.002402
-0.000702
0.070835
-0.008924
0.034687
-0.007574
0.024721
-0.009890
-0.008097
0.085450
-0.009560
-0.011263
0.081025
0.053398
0.047485
-0.005805
-0.009499
-0.001881
-0.002922
0.007560
-0.010985
-0.006645
0.079991
0.102407
-0.008472
-0.005875
-0.006698
0.053980
0.026378
-0.005992
0.096190
0.047927
0.077315
-0.006947
0.130162
-0.023717
0.039246
0.067730
-0.006412
0.100067
-0.006692
0.009610
-0.008571
0.060261
0.035718
-0.005911
0.066767
0.085700
-0.006815
0.055624
-0.009494
-0.005129
-0.010265
-0.007008
0.043040
0.063378
0.036077
0.023253
0.067058
-0.003259
0.000000
0.065744
-0.007816
0.087349
0.053313
0.069237
-0.002138
0.004220
0.000000
-0.010638
-0.000806
0.042076
0.006285
-0.010549
0.012770
0.044211
0.139239
0.061354
0.090228
0.062349
-0.223922
0.092934
-0.007078
0.003220
0.004737
0.048825
-0.010175
-0.002111
0.099430
-0.002961
0.159098
0.078940
-0.003786
0.042501
0.039580
