0.028926
-0.144466
-0.055659
-0.156746
-0.122547
0.291537
0.101866
-0.110453
-0.229605
-0.009647
-0.127129
0.091797
0.015108
0.221361
-0.037866
0.180022
0.026489
0.239983
-0.120030
0.000518
0.121046
0.218802
0.051143
0.149438
0.308894
0.123727
0.088652
0.108441
-0.258169
0.089337
-0.200622
0.112966
0.331092
-0.166451
0.230262
0.213995
0.304206
-0.224999
0.002890
0.199687
0.129956
0.063586
-0.229060
-0.141794
0.283932
-0.091790
0.196369
0.143533
0.073551
0.215935
0.214205
0.132537
-0.065895
-0.023948
-0.257397
-0.239902
-0.241785
-0.184444
0.004461
0.030592
0.073329
0.281706
0.097807
0.049170
0.226381
0.158913
-0.195527
0.103479
-0.110344
0.027006
-0.210519
0.161112
-0.175187
0.157455
0.216276
-0.127920
-0.121188
0.083185
0.209922
-0.229022
0.266156
0.088397
-0.113282
-0.084117
0.304252
0.193425
-0.012871
-0.077333
-0.139992
-0.075530
-0.188113
0.081134
0.000557
-0.275440
0.034505
0.144803
0.129328
0.179077
-0.059275
0.012543
