0.000037 0.000000 0.000030 -0.049648 -0.000047 0.058682 -0.000029 0.000014 -0.000033 0.000032 0.000018 -0.000039 -0.270387 0.000078 0.000063 -0.000021 -0.009261 0.000011 -0.000005 0.000026 0.000002 0.000017 0.029279 0.000017 0.081273 -0.149219 0.000018 0.000463 0.163028 0.000040 -0.000002 0.000058 -0.001623 0.000107 0.003190 0.000000 0.000027 0.000036 0.000005 -0.099925 -0.000030 -0.240736 -0.000027 -0.000081 -0.000037 0.075675 0.000003 -0.004600 -0.028248 0.000032
0.000062 0.000023 0.000003 -0.004526 -0.000035 0.040734 -0.000053 0.000047 -0.000002 0.000046 0.000043 0.000034 -0.378664 0.000067 -0.000091 0.000159 0.020410 0.000046 0.000075 -0.000050 -0.000018 0.000017 0.026906 -0.000066 0.066779 0.046244 -0.000012 -0.045901 0.165719 0.000220 -0.000003 0.000010 -0.001756 0.000024 -0.000004 0.000004 0.000014 0.000096 -0.000019 -0.139805 -0.000118 -0.028578 -0.000025 0.000028 0.000081 0.035449 0.000028 -0.004673 -0.028314 -0.000001
-0.000017 0.000000 0.000039 -0.033975 0.000046 0.036752 0.000002 0.000014 0.000025 0.000083 -0.000015 0.000009 -0.297676 0.000029 -0.000005 -0.000051 0.173826 -0.000054 0.000079 -0.000046 0.000015 0.000006 -0.004757 0.000016 0.057404 0.085023 -0.000034 -0.033830 0.079328 -0.000047 -0.000004 0.000034 -0.001505 0.000108 -0.000009 0.000012 -0.000028 0.000006 -0.000063 -0.226216 0.000029 0.060755 0.000062 -0.000089 -0.000040 0.031592 0.000015 -0.004768 -0.028326 0.000025
-0.000080 -0.000055 -0.000051 0.072528 0.000001 0.053835 0.000000 -0.000084 -0.000001 0.000009 0.000044 0.000001 -0.299467 0.000018 -0.000024 0.000050 0.182494 0.000100 0.000054 0.000165 -0.000018 0.000020 0.096982 0.000024 0.030715 0.046305 -0.000013 -0.096450 0.117660 0.000184 -0.000001 -0.000053 -0.001654 -0.000041 0.000230 0.000008 -0.000058 -0.000006 0.000013 -0.128298 0.000029 0.068452 -0.000022 -0.000046 0.000007 0.053603 0.000037 -0.004766 -0.028300 -0.000108
-0.000047 0.000021 0.000025 0.013386 -0.000007 0.045719 -0.000009 -0.000004 0.000030 -0.000110 0.000124 -0.000046 -0.226443 -0.000027 -0.000032 -0.000132 0.244796 0.000022 -0.000186 -0.000152 -0.000029 -0.000054 0.163963 0.000026 0.117543 0.022303 -0.000043 -0.155671 -0.082255 0.000040 -0.000003 -0.000022 -0.001511 0.000108 0.000349 -0.000012 0.000025 -0.000027 0.000033 -0.203109 0.000021 -0.114748 0.000004 0.000040 -0.000004 0.070435 0.000009 -0.005011 -0.028284 -0.000018
0.000039 -0.000018 -0.000005 -0.231042 -0.000057 0.031978 0.000036 0.000027 0.000059 0.000106 0.000003 0.000047 -0.161672 -0.000070 0.000036 -0.000071 0.398885 -0.000010 -0.000113 0.000012 0.000004 0.000018 0.123411 -0.000031 0.197976 -0.072403 0.000014 -0.184972 0.080907 0.000004 0.000010 0.000003 -0.001341 -0.000062 0.000429 0.000001 -0.000112 0.000005 -0.000002 -0.130664 -0.000112 0.037447 0.000068 0.000044 -0.000063 0.033828 0.000035 -0.004915 -0.028317 0.000020
-0.000072 0.000043 0.000062 -0.173340 -0.000030 0.027914 -0.000076 0.000017 0.000017 0.000067 0.000037 -0.000046 -0.131222 0.000024 0.000024 0.000043 0.392464 -0.000013 0.000049 -0.000179 0.000002 0.000040 0.206979 -0.000006 0.081845 0.057212 0.000001 -0.158176 -0.062714 -0.000125 -0.000001 0.000035 -0.001471 -0.000051 0.000541 -0.000010 -0.000040 -0.000003 0.000005 -0.053014 -0.000046 0.105273 0.000050 0.000053 -0.000158 0.026545 0.000027 -0.004970 -0.028349 -0.000036
0.000047 -0.000010 -0.000018 -0.221019 0.000027 0.027536 0.000040 -0.000090 -0.000027 -0.000125 -0.000033 0.000008 -0.072644 -0.000023 0.000024 0.000001 0.140542 -0.000050 0.000144 -0.000012 -0.000002 0.000000 0.163977 0.000038 0.041431 0.149225 -0.000005 -0.273165 -0.030656 -0.000106 -0.000002 -0.000022 -0.001552 -0.000136 0.000619 0.000010 -0.000097 0.000039 -0.000013 0.185851 -0.000016 0.030828 0.000002 0.000049 -0.000046 0.025702 -0.000001 -0.004912 -0.028274 -0.000020
0.000037 0.000023 0.000010 -0.326661 0.000020 0.046297 -0.000000 -0.000041 -0.000008 -0.000176 -0.000027 -0.000024 0.009880 -0.000071 0.000019 -0.000077 0.039117 0.000003 -0.000266 -0.000045 0.000000 -0.000002 0.131729 0.000020 0.162500 0.209632 -0.000014 -0.282930 -0.139196 -0.000127 -0.000003 0.000012 -0.001445 0.000024 0.000759 -0.000001 0.000024 0.000045 0.000015 0.282411 0.000022 0.035043 -0.000122 -0.000049 -0.000019 0.071768 0.000006 -0.005117 -0.028313 -0.000002
0.000040 0.000023 -0.000001 -0.459630 0.000006 0.073742 -0.000010 0.000114 0.000062 -0.000185 0.000004 0.000014 -0.006163 0.000024 0.000014 0.000006 -0.150334 -0.000080 -0.000052 -0.000059 0.000004 0.000020 0.054407 -0.000010 0.104365 0.323517 -0.000021 -0.467894 -0.104674 0.000053 0.000002 0.000120 -0.001527 -0.000048 0.007483 0.000070 -0.000052 0.000077 0.000035 0.234041 0.000014 0.126761 -0.000061 -0.000039 0.000043 0.103399 0.000027 -0.004883 -0.028321 0.000021
0.000034 0.000021 0.000035 -0.321288 0.000031 0.080960 0.000101 0.000005 0.000019 -0.000402 -0.000014 0.000022 0.041991 -0.000041 0.000036 0.000026 -0.216253 0.000074 0.000184 -0.000093 -0.000004 -0.000123 0.056257 0.000041 0.149472 0.351022 0.000028 -0.522229 -0.014748 0.000058 -0.000001 0.000036 -0.001584 0.000124 0.007297 -0.000032 -0.000024 -0.000049 -0.000005 0.195848 0.000010 -0.016811 0.000017 -0.000163 -0.000099 0.077514 0.000043 -0.004671 -0.028352 0.000039
0.000002 -0.000006 -0.000002 0.094181 -0.000009 0.094879 -0.000039 0.000033 0.000071 0.000081 0.000076 0.000005 0.010510 -0.000119 0.000047 0.000041 -0.292907 0.000029 -0.000000 -0.000056 -0.000016 -0.000023 -0.198457 -0.000032 0.237216 0.242659 0.000050 -0.565485 -0.081592 0.000052 0.000002 0.000020 -0.001458 -0.000081 0.009580 -0.000002 -0.000020 0.000013 -0.000048 0.303438 -0.000035 0.031979 -0.000025 0.000003 0.000075 0.094550 -0.000007 -0.004659 -0.028361 0.000066
0.000043 -0.000007 -0.000036 0.297165 0.000014 0.065520 -0.000010 0.000035 -0.000008 -0.000249 -0.000026 0.000021 0.009968 -0.000055 0.000021 -0.000071 -0.189675 0.000010 -0.000168 0.000068 -0.000006 -0.000019 -0.239974 -0.000031 0.250756 0.028765 0.000019 -0.738059 0.069152 0.000026 -0.000004 0.000118 -0.001416 0.000051 0.004004 0.000006 -0.000004 -0.000002 -0.000001 0.197439 0.000037 -0.054759 0.000025 0.000048 0.000052 0.065618 0.000013 -0.004453 -0.028361 -0.000036
-0.000063 -0.000054 0.000011 0.527616 -0.000035 0.062124 -0.000021 -0.000097 -0.000051 -0.000212 0.000001 0.000033 -0.120822 -0.000038 0.000011 -0.000004 -0.194375 -0.000007 0.000155 0.000027 -0.000001 0.000040 -0.053444 0.000036 0.372602 -0.135879 -0.000010 -0.647067 0.015945 0.000014 -0.000004 0.000074 -0.001912 -0.000064 0.000491 -0.000008 0.000062 0.000028 -0.000015 0.350550 -0.000074 -0.098682 -0.000036 0.000115 0.000039 0.076826 -0.000046 -0.004521 -0.028323 -0.000014
0.000029 -0.000040 -0.000090 0.605536 -0.000002 0.045280 0.000041 -0.000193 0.000040 0.000115 0.000013 -0.000004 -0.112418 0.000053 -0.000049 -0.000012 -0.333225 -0.000007 0.000021 -0.000000 0.000021 -0.000007 -0.023580 0.000018 0.189382 -0.095210 0.000040 -0.477219 -0.004129 0.000026 -0.000002 0.000003 -0.002550 -0.000029 0.000354 0.000011 -0.000046 0.000041 0.000015 0.277938 0.000034 -0.071915 0.000013 -0.000231 0.000052 0.057921 0.000015 -0.004475 -0.028305 0.000030
-0.000165 0.000022 -0.000048 0.636230 0.000056 0.032468 0.000026 0.000011 0.000019 -0.000083 -0.000013 0.000068 -0.009470 -0.000051 0.000047 -0.000129 -0.259469 0.000003 -0.000072 0.000027 0.000001 0.000065 -0.178008 0.000020 0.101072 -0.279187 -0.000064 -0.225320 0.040207 -0.000040 0.000002 0.000008 -0.002308 -0.000014 0.000268 0.000017 0.000037 0.000008 0.000061 0.433674 -0.000035 -0.147189 0.000070 -0.000036 0.000006 0.058089 -0.000010 -0.004719 -0.028305 -0.000001
0.000036 -0.000015 0.000044 0.581544 0.000017 0.057189 -0.000005 -0.000010 -0.000062 -0.000005 -0.000023 -0.000041 -0.005163 -0.000033 0.000037 -0.000101 -0.472352 0.000079 -0.000085 0.000099 0.000012 0.000031 -0.039582 -0.000025 -0.085304 -0.218890 0.000033 -0.208238 -0.157207 -0.000081 -0.000003 0.000033 -0.002394 0.000066 0.000436 -0.000029 -0.000002 -0.000022 0.000049 0.464981 0.000030 -0.207638 0.000019 -0.000061 -0.000050 0.060756 -0.000034 -0.004948 -0.028311 -0.000073
0.000171 -0.000026 -0.000006 0.473692 -0.000047 0.058825 -0.000015 -0.000039 -0.000032 0.000086 0.000079 0.000067 -0.106793 0.000072 0.000009 -0.000053 -0.348072 -0.000012 -0.000210 0.000088 0.000005 0.000017 -0.190002 -0.000016 -0.177884 -0.454005 0.000036 -0.149417 -0.234054 -0.000045 0.000002 0.000005 -0.002437 -0.000031 0.000670 0.000017 0.000095 -0.000029 -0.000024 0.318972 0.000065 -0.019640 0.000021 0.000043 0.000029 0.093239 -0.000021 -0.005437 -0.028335 -0.000021
-0.000167 -0.000012 -0.000035 0.546519 -0.000032 0.072665 -0.000003 -0.000069 -0.000053 0.000076 0.000018 -0.000030 -0.069701 0.000012 -0.000022 0.000025 -0.417089 0.000039 -0.000062 -0.000004 0.000018 -0.000004 0.008545 0.000033 0.041876 -0.437394 -0.000002 0.063376 -0.322391 -0.000079 -0.000009 -0.000125 -0.002520 -0.000150 0.007226 -0.000034 -0.000001 -0.000054 -0.000009 0.321895 0.000006 -0.009400 -0.000021 -0.000025 0.000034 0.084672 0.000033 -0.005435 -0.028308 0.000005
0.000028 0.000034 0.000002 0.322336 -0.000080 0.064838 0.000102 -0.000019 -0.000015 0.000158 0.000006 0.000001 -0.059065 -0.000127 -0.000014 0.000024 -0.159339 0.000049 0.000017 -0.000042 0.000015 0.000105 -0.016848 -0.000021 -0.029552 -0.297901 -0.000012 0.134464 -0.194106 -0.000009 0.000002 0.000069 -0.002846 -0.000019 0.000573 0.000031 -0.000051 -0.000028 -0.000013 0.309631 -0.000111 0.132306 0.000057 -0.000018 -0.000052 0.050813 -0.000014 -0.005439 -0.028352 -0.000040
-0.000056 -0.000003 0.000024 0.276659 -0.000073 0.019093 0.000004 0.000009 0.000051 -0.000100 0.000029 -0.000007 0.001963 0.000088 -0.000009 -0.000028 -0.050329 -0.000071 0.000020 -0.000116 -0.000036 -0.000039 0.077432 0.000031 0.117653 -0.333908 0.000011 0.280098 -0.130560 -0.000021 0.000001 -0.000010 -0.002234 0.000017 0.000558 0.000003 0.000002 -0.000046 -0.000019 0.155059 -0.000065 -0.033032 0.000025 -0.000066 0.000045 0.042439 0.000054 -0.005236 -0.028253 -0.000043
-0.000087 0.000026 -0.000025 0.094584 0.000031 0.051481 0.000015 -0.000010 -0.000018 -0.000127 0.000007 -0.000041 -0.089252 -0.000020 -0.000058 0.000012 0.008076 0.000049 -0.000112 0.000093 0.000003 0.000052 -0.038658 -0.000024 0.121728 -0.357010 0.000010 0.242093 0.060800 -0.000036 0.000003 0.000018 -0.002070 0.000075 0.000693 -0.000016 0.000053 0.000019 -0.000022 0.096648 0.000027 -0.011413 -0.000046 -0.000049 -0.000008 0.053022 -0.000021 -0.005090 -0.028300 -0.000063
-0.000021 -0.000074 0.000037 0.110759 -0.000112 0.103303 -0.000055 0.000010 0.000001 0.000130 0.000037 0.000082 -0.298249 0.000025 0.000017 -0.000014 -0.112145 -0.000046 0.000073 0.000001 0.000008 -0.000003 -0.029303 -0.000008 0.098326 -0.262843 -0.000033 0.244949 0.135656 0.000025 -0.000003 -0.000007 -0.001919 -0.000028 0.008402 0.000050 -0.000021 0.000040 -0.000014 0.033227 0.000017 -0.237336 0.000068 0.000055 0.000173 0.113077 0.000011 -0.004686 -0.028349 0.000020
-0.000031 0.000043 -0.000026 -0.000212 -0.000003 0.126014 -0.000001 -0.000008 0.000054 0.000081 0.000065 -0.000056 -0.319246 0.000080 -0.000012 0.000018 -0.094971 0.000058 0.000064 -0.000050 0.000007 -0.000033 -0.162953 0.000053 -0.000049 -0.134980 -0.000011 0.294127 0.151797 0.000113 -0.000001 -0.000029 -0.001558 0.000155 0.018771 0.000013 0.000018 -0.000045 0.000034 0.005199 0.000029 -0.485560 0.000067 -0.000020 0.000009 0.125775 -0.000059 -0.005096 -0.028325 -0.000045
0.000071 0.000096 -0.000090 0.059733 0.000008 0.066514 -0.000022 -0.000101 0.000016 0.000015 -0.000058 -0.000013 -0.436542 -0.000006 0.000008 -0.000015 -0.096330 0.000067 -0.000036 -0.000101 0.000004 0.000007 -0.146078 -0.000015 -0.139620 0.064073 -0.000025 0.519066 0.233381 0.000007 -0.000003 -0.000003 -0.001614 0.000088 0.000967 -0.000033 0.000019 0.000067 -0.000063 0.180322 0.000064 -0.563880 -0.000018 0.000005 0.000025 0.075987 -0.000003 -0.004797 -0.028261 0.000027
-0.000035 0.000034 -0.000000 0.031462 -0.000024 0.002488 -0.000017 -0.000062 -0.000001 0.000146 0.000074 0.000039 -0.180975 -0.000037 -0.000022 0.000045 0.207087 -0.000015 0.000108 -0.000103 -0.000042 -0.000025 0.083325 -0.000054 -0.053949 0.175502 -0.000010 0.558403 0.285762 0.000092 0.000003 0.000103 -0.001530 -0.000070 0.000328 0.000004 -0.000036 0.000002 -0.000136 0.263787 -0.000023 -0.528013 0.000088 0.000024 -0.000053 0.002439 0.000046 -0.005098 -0.028292 -0.000029
0.000017 -0.000003 0.000003 -0.100065 0.000044 0.002723 0.000014 0.000040 -0.000022 0.000095 -0.000034 0.000020 -0.345350 0.000048 0.000047 -0.000037 0.344113 0.000061 0.000029 0.000095 -0.000029 -0.000040 0.266765 0.000003 -0.216393 0.166814 -0.000087 0.650899 0.170876 0.000061 0.000003 -0.000100 -0.001589 0.000049 0.000405 0.000011 -0.000007 0.000031 0.000027 0.311439 -0.000075 -0.296366 -0.000020 -0.000024 -0.000072 0.002675 -0.000020 -0.005018 -0.028308 -0.000021
-0.000042 -0.000025 -0.000002 -0.246646 0.000031 0.003655 -0.000006 0.000061 0.000053 -0.000231 0.000016 -0.000045 -0.122761 -0.000021 -0.000047 -0.000064 0.275046 -0.000171 -0.000034 0.000013 0.000002 -0.000027 0.140648 0.000044 -0.284466 0.073378 0.000030 0.565822 0.176140 -0.000014 0.000004 0.000122 -0.001376 0.000055 0.000638 -0.000014 -0.000045 0.000014 -0.000006 0.362877 -0.000120 -0.265444 0.000001 -0.000004 0.000014 0.003667 0.000028 -0.005200 -0.028324 0.000027
-0.000022 -0.000003 0.000010 -0.540520 0.000008 0.009694 0.000005 -0.000114 0.000037 0.000108 0.000035 -0.000036 -0.200922 0.000090 -0.000017 0.000072 0.391689 0.000014 -0.000075 -0.000051 -0.000006 -0.000010 0.288146 0.000031 -0.322333 -0.053352 -0.000023 0.576638 -0.074029 -0.000055 -0.000001 0.000035 -0.001570 -0.000073 0.000922 -0.000010 0.000094 0.000031 0.000020 0.211464 0.000040 0.031318 0.000018 -0.000043 0.000040 0.011585 0.000012 -0.005273 -0.028321 0.000014
-0.000037 0.000091 0.000018 -0.687727 -0.000024 0.014937 0.000029 0.000037 -0.000005 0.000072 0.000002 -0.000024 -0.110606 -0.000060 -0.000078 0.000100 0.398155 -0.000045 -0.000009 0.000017 0.000005 0.000043 0.214681 -0.000036 -0.097718 0.026704 -0.000040 0.516350 -0.006529 0.000050 0.000002 0.000012 -0.001546 0.000006 0.000968 -0.000032 -0.000018 0.000029 0.000106 0.337932 0.000077 -0.029007 0.000003 0.000027 -0.000069 0.004695 0.000012 -0.005098 -0.028366 -0.000008
0.000137 0.000005 -0.000101 -0.643695 0.000003 0.003809 0.000004 -0.000029 0.000020 0.000026 -0.000058 -0.000046 -0.113398 -0.000045 -0.000012 0.000021 0.371288 0.000022 0.000014 0.000034 -0.000001 -0.000101 0.180886 -0.000056 -0.001126 0.176636 -0.000005 0.397891 -0.128818 -0.000008 0.000000 -0.000020 -0.001348 0.000050 0.000921 -0.000042 0.000012 -0.000034 0.000025 0.336755 -0.000036 0.035351 -0.000036 -0.000040 0.000101 0.003788 0.000015 -0.005560 -0.028228 0.000006
-0.000037 -0.000034 0.000006 -0.683689 -0.000023 0.004929 -0.000015 -0.000002 0.000006 0.000038 0.000011 -0.000023 -0.100676 -0.000000 -0.000037 -0.000035 0.453038 0.000029 0.000178 -0.000009 -0.000002 0.000060 0.054816 0.000024 -0.001028 0.134484 -0.000033 0.215890 -0.211695 0.000001 -0.000002 -0.000047 -0.001495 0.000028 0.000963 -0.000002 -0.000006 0.000038 -0.000001 0.117289 0.000056 0.010808 -0.000120 -0.000025 0.000069 0.005023 -0.000009 -0.005569 -0.028255 0.000014
-0.000029 0.000010 0.000013 -0.750970 -0.000013 0.021018 -0.000030 -0.000018 0.000001 0.000156 0.000007 0.000060 -0.100021 -0.000067 -0.000010 -0.000033 0.329705 -0.000102 -0.000121 0.000039 -0.000005 -0.000043 -0.030653 0.000054 0.003454 0.196635 0.000010 0.086082 -0.050010 0.000020 0.000001 -0.000087 -0.001573 0.000017 0.001163 -0.000011 -0.000083 -0.000018 0.000012 -0.086284 0.000109 0.091009 0.000056 -0.000028 0.000040 0.032425 0.000007 -0.005641 -0.028256 -0.000012
-0.000077 -0.000058 0.000067 -0.663980 0.000003 0.024939 -0.000006 0.000022 0.000021 0.000015 -0.000034 -0.000048 0.123648 -0.000052 -0.000013 0.000000 0.430857 -0.000051 0.000164 -0.000194 0.000025 -0.000102 -0.060649 -0.000035 -0.099026 0.170150 0.000022 -0.012530 -0.179547 0.000096 0.000008 -0.000029 -0.001811 0.000149 0.001242 -0.000012 0.000009 -0.000026 -0.000007 -0.113292 0.000085 0.245877 0.000018 -0.000027 -0.000048 0.039352 -0.000005 -0.005511 -0.028276 0.000022
-0.000022 -0.000066 0.000033 -0.465176 -0.000011 0.004432 0.000000 -0.000077 0.000038 0.000034 0.000063 0.000075 0.220539 -0.000010 -0.000009 -0.000043 0.528334 0.000014 0.000039 0.000054 -0.000000 0.000007 -0.344245 0.000002 0.025767 0.103155 0.000037 -0.139114 -0.107629 0.000086 0.000003 -0.000003 -0.001396 -0.000055 0.001102 0.000011 -0.000063 0.000095 0.000063 -0.297031 -0.000165 0.229265 0.000038 0.000008 -0.000020 0.004616 -0.000012 -0.005551 -0.028290 -0.000031
0.000104 -0.000022 -0.000001 -0.332798 -0.000012 0.002498 0.000023 -0.000010 0.000056 -0.000057 0.000045 -0.000033 0.470905 -0.000177 0.000052 -0.000040 0.527625 0.000026 0.000148 0.000025 0.000006 0.000017 -0.314305 0.000015 0.200419 0.125683 -0.000012 -0.294712 0.009852 0.000018 0.000007 0.000071 -0.001430 -0.000070 0.000978 -0.000043 0.000041 0.000047 -0.000055 -0.151216 0.000035 0.110928 -0.000016 0.000093 -0.000033 0.002401 -0.000013 -0.005517 -0.028330 0.000010
-0.000093 -0.000030 -0.000040 -0.085030 0.000016 0.002411 -0.000022 -0.000108 -0.000077 0.000014 -0.000020 0.000027 0.488537 -0.000058 0.000004 0.000024 0.420119 0.000005 0.000042 -0.000192 -0.000008 -0.000055 -0.298762 -0.000024 0.105682 0.173624 -0.000037 -0.251066 -0.103061 0.000098 0.000006 -0.000011 -0.001427 0.000103 0.000872 -0.000003 0.000018 -0.000028 -0.000034 -0.177492 -0.000020 0.050227 0.000089 0.000040 0.000021 0.002395 -0.000034 -0.005839 -0.028264 0.000061
0.000071 0.000103 -0.000011 0.147068 -0.000008 0.006336 0.000006 -0.000111 -0.000004 0.000131 -0.000017 -0.000087 0.401336 -0.000060 0.000040 0.000037 0.137343 0.000057 0.000045 -0.000020 0.000008 0.000063 -0.421747 -0.000006 0.237691 0.098687 0.000019 -0.423022 -0.111052 -0.000015 0.000003 0.000108 -0.001442 0.000141 0.001032 0.000007 -0.000051 -0.000017 -0.000041 -0.310894 -0.000072 -0.154218 -0.000025 0.000068 -0.000043 0.007185 0.000047 -0.005654 -0.028274 0.000047
-0.000024 -0.000031 -0.000016 0.206429 -0.000032 0.037927 0.000001 0.000008 0.000047 0.000120 -0.000002 0.000050 0.422383 0.000081 -0.000031 -0.000042 0.043954 -0.000082 -0.000002 -0.000120 -0.000002 -0.000104 -0.328914 -0.000028 0.119993 0.246274 -0.000000 -0.352671 -0.196700 0.000043 -0.000001 0.000030 -0.001391 -0.000166 0.001197 -0.000022 -0.000018 -0.000021 0.000067 -0.198300 -0.000050 -0.059756 -0.000081 -0.000021 0.000001 0.033558 0.000007 -0.005353 -0.028288 -0.000021
0.000051 -0.000003 -0.000056 0.216453 0.000008 0.050250 0.000021 0.000050 -0.000003 0.000164 -0.000016 -0.000070 0.259287 -0.000129 0.000079 0.000015 -0.068889 0.000136 -0.000003 0.000117 -0.000006 -0.000137 -0.430317 0.000014 0.123168 0.101845 -0.000025 -0.462202 -0.187505 0.000084 -0.000005 0.000008 -0.001616 0.000169 0.001307 0.000021 0.000069 -0.000005 -0.000017 -0.220910 0.000045 -0.022289 0.000055 0.000107 0.000062 0.069798 -0.000019 -0.005684 -0.028290 0.000060
-0.000038 -0.000032 -0.000016 0.014681 0.000014 0.036638 -0.000002 -0.000079 -0.000020 0.000026 0.000043 -0.000025 0.530017 0.000089 0.000046 0.000034 -0.207142 -0.000009 0.000113 -0.000033 -0.000001 -0.000036 -0.454824 0.000045 -0.045117 0.129696 -0.000025 -0.333797 -0.124241 0.000021 -0.000001 0.000025 -0.001488 -0.000037 0.001199 -0.000072 -0.000029 0.000013 -0.000034 -0.199667 0.000177 0.028190 0.000021 0.000048 -0.000040 0.042647 -0.000015 -0.005214 -0.028303 -0.000022
0.000143 -0.000021 0.000022 0.121706 0.000022 0.011167 -0.000078 -0.000112 -0.000012 0.000066 0.000005 -0.000017 0.539950 -0.000046 0.000046 -0.000012 -0.361653 -0.000009 0.000066 0.000119 0.000005 0.000056 -0.368806 0.000006 -0.230558 0.381545 0.000046 -0.287940 0.067828 0.000042 -0.000002 0.000028 -0.001572 0.000018 0.001070 0.000021 0.000084 -0.000055 0.000006 -0.159430 0.000022 0.063902 -0.000035 0.000116 0.000018 0.012304 0.000005 -0.005382 -0.028333 0.000003
-0.000057 0.000013 -0.000028 0.004018 0.000016 0.004268 0.000030 0.000024 -0.000017 0.000119 0.000006 0.000026 0.804125 0.000089 -0.000030 0.000001 -0.382997 -0.000029 0.000017 -0.000037 0.000004 -0.000126 -0.352975 -0.000032 -0.248148 0.264862 -0.000097 -0.132733 0.330892 0.000045 -0.000005 0.000010 -0.001401 0.000116 0.000983 -0.000031 -0.000013 0.000011 -0.000006 -0.309809 0.000045 0.331538 0.000022 0.000073 0.000014 0.004348 -0.000031 -0.005340 -0.028230 0.000014
0.000029 0.000035 0.000017 0.045405 0.000119 0.003717 0.000025 -0.000050 0.000014 -0.000104 0.000048 -0.000015 0.792840 0.000099 -0.000048 -0.000043 -0.199886 -0.000013 0.000026 -0.000038 0.000009 0.000019 -0.241352 0.000003 -0.425876 0.308037 -0.000077 -0.090486 0.517584 0.000052 -0.000005 0.000041 -0.001367 -0.000085 0.000960 -0.000002 -0.000056 0.000027 -0.000008 -0.165916 0.000047 0.406807 -0.000055 -0.000022 -0.000058 0.003721 0.000018 -0.005395 -0.028270 -0.000105
0.000053 -0.000040 -0.000029 0.189081 -0.000002 0.004125 0.000021 0.000077 -0.000021 -0.000367 -0.000015 -0.000019 0.699881 -0.000021 -0.000001 0.000006 -0.328046 0.000036 -0.000165 0.000023 0.000001 0.000054 -0.294389 -0.000045 -0.426376 0.287493 0.000016 -0.050452 0.422952 0.000058 0.000008 -0.000084 -0.001548 0.000119 0.000963 -0.000024 -0.000038 -0.000030 -0.000082 -0.208958 0.000062 0.438340 -0.000014 -0.000022 -0.000020 0.004180 0.000009 -0.005311 -0.028309 -0.000027
-0.000021 -0.000004 -0.000014 0.127301 -0.000016 0.022026 0.000013 0.000036 -0.000034 -0.000011 -0.000046 0.000057 0.621541 0.000076 0.000008 0.000018 -0.266383 -0.000116 0.000048 0.000004 0.000000 0.000081 -0.215578 -0.000092 -0.552642 -0.022752 0.000006 -0.137055 0.376841 -0.000019 0.000001 0.000025 -0.001419 0.000183 0.000980 0.000008 -0.000028 0.000016 -0.000021 -0.200842 -0.000011 0.265024 -0.000019 -0.000023 -0.000019 0.025107 -0.000036 -0.005561 -0.028240 0.000013
-0.000009 -0.000030 0.000047 0.254322 0.000011 0.036321 0.000009 0.000012 0.000008 -0.000301 0.000010 0.000100 0.320698 0.000022 -0.000011 -0.000034 -0.305575 0.000023 0.000092 -0.000103 0.000004 0.000005 -0.214740 0.000002 -0.568784 -0.041505 0.000004 -0.216950 0.394349 0.000089 -0.000001 -0.000004 -0.001526 0.000180 0.001033 0.000002 -0.000000 -0.000010 0.000006 -0.066521 0.000125 0.189234 0.000032 0.000048 0.000078 0.036539 0.000005 -0.005270 -0.028205 -0.000008
-0.000021 -0.000067 -0.000039 0.138608 -0.000024 0.041881 -0.000031 -0.000013 0.000062 -0.000005 0.000001 -0.000023 0.211673 -0.000040 -0.000011 0.000004 -0.325538 -0.000045 0.000084 -0.000060 0.000000 0.000001 -0.132846 0.000086 -0.559816 -0.232224 -0.000037 -0.344430 0.310263 -0.000005 0.000001 -0.000011 -0.001741 -0.000028 0.000941 0.000052 -0.000008 0.000050 0.000025 0.087081 0.000007 0.047742 0.000025 0.000072 0.000039 0.060482 0.000018 -0.005610 -0.028268 -0.000012
-0.000024 -0.000003 -0.000014 0.181107 -0.000050 0.071783 0.000048 0.000017 0.000015 0.000037 -0.000045 -0.000061 0.183072 -0.000035 -0.000048 -0.000037 -0.109749 -0.000019 0.000208 -0.000006 0.000024 0.000002 -0.030585 0.000029 -0.516646 -0.245024 0.000015 -0.175296 0.291848 -0.000004 0.000003 0.000024 -0.001975 -0.000011 0.000778 0.000027 -0.000006 0.000034 0.000010 -0.118402 0.000110 0.031998 -0.000030 0.000025 -0.000003 0.050600 0.000026 -0.005385 -0.028191 0.000027
-0.000027 -0.000011 -0.000010 -0.026057 -0.000035 0.051904 0.000028 0.000050 0.000023 0.000011 -0.000015 0.000036 0.126889 -0.000058 0.000026 -0.000037 -0.110832 0.000069 0.000029 0.000029 0.000019 0.000010 0.054939 -0.000001 -0.458673 -0.134212 -0.000036 -0.130089 0.023314 0.000105 -0.000000 -0.000018 -0.001793 0.000104 0.000784 0.000010 0.000056 -0.000033 0.000015 0.106857 0.000009 0.032335 -0.000001 -0.000037 -0.000018 0.076344 0.000014 -0.005952 -0.028262 -0.000015
0.000088 0.000117 0.000039 0.018781 -0.000034 0.034953 0.000012 -0.000022 -0.000021 -0.000042 -0.000031 -0.000011 0.134947 0.000003 0.000024 -0.000063 -0.166033 -0.000008 -0.000023 -0.000201 -0.000020 -0.000049 0.061916 0.000015 -0.598251 -0.280618 0.000034 0.080412 -0.015927 -0.000025 -0.000001 -0.000021 -0.001763 -0.000146 0.000754 -0.000030 -0.000052 0.000032 0.000022 0.203396 0.000002 -0.115413 0.000029 -0.000003 -0.000004 0.051974 0.000004 -0.005637 -0.028154 -0.000027
0.000093 -0.000038 -0.000015 0.123911 -0.000001 0.025483 -0.000023 0.000031 -0.000004 0.000034 0.000027 -0.000024 0.134133 -0.000071 0.000025 0.000018 0.007669 -0.000008 0.000065 -0.000059 -0.000017 0.000026 0.076771 0.000068 -0.465723 -0.216850 -0.000038 0.287056 -0.136695 -0.000034 -0.000002 -0.000011 -0.001738 0.000018 0.000951 -0.000000 -0.000018 -0.000046 -0.000011 0.271930 0.000055 -0.220780 0.000017 -0.000003 0.000030 0.046363 0.000022 -0.005537 -0.028221 0.000026
-0.000047 0.000063 -0.000008 -0.067757 0.000066 0.014591 -0.000032 -0.000061 0.000042 -0.000188 -0.000035 0.000038 0.124023 -0.000025 0.000048 -0.000001 0.126701 -0.000017 -0.000004 -0.000076 0.000017 -0.000042 0.064338 -0.000045 -0.393741 -0.271497 0.000035 0.497709 -0.116636 0.000031 0.000000 -0.000031 -0.001524 0.000069 0.001139 -0.000036 0.000040 0.000057 0.000044 0.267888 0.000048 -0.241776 0.000019 -0.000091 0.000043 0.035382 -0.000014 -0.005418 -0.028184 -0.000012
0.000041 -0.000006 0.000012 0.059570 0.000018 0.004623 0.000061 0.000141 0.000100 -0.000344 0.000046 -0.000078 0.068703 -0.000001 -0.000041 0.000077 0.289981 -0.000073 0.000063 0.000031 0.000003 0.000015 0.035785 0.000037 -0.218531 -0.297958 -0.000041 0.552839 -0.298807 -0.000022 -0.000006 0.000016 -0.001702 0.000102 0.001069 0.000009 0.000009 -0.000017 0.000062 0.305105 0.000005 -0.195594 -0.000052 -0.000008 0.000028 0.034118 0.000036 -0.005248 -0.028190 0.000015
-0.000135 0.000005 -0.000013 -0.220389 0.000023 0.009863 -0.000009 0.000140 0.000009 -0.000025 -0.000013 0.000024 0.144163 -0.000023 0.000001 -0.000054 0.237560 0.000137 -0.000334 0.000058 0.000012 -0.000009 -0.092055 -0.000019 -0.028393 -0.478180 0.000044 0.664916 -0.198599 -0.000020 -0.003418 0.000011 -0.001629 -0.000045 0.000973 0.000019 -0.000014 0.000011 -0.000044 0.226114 0.000011 -0.058116 -0.000037 -0.000072 0.000078 0.027810 -0.000029 -0.005290 -0.028235 0.000029
-0.000050 -0.000018 0.000013 -0.053814 0.000007 0.002264 -0.000012 -0.000051 -0.000001 0.000012 -0.000054 -0.000017 0.151651 0.000027 0.000016 -0.000130 0.398275 -0.000036 -0.000059 0.000031 -0.000010 0.000023 -0.039217 0.000003 0.060877 -0.441120 -0.000034 0.505329 -0.277679 -0.000059 -0.006626 -0.000009 -0.001593 -0.000101 0.000765 -0.000021 -0.000010 0.000038 0.000055 0.106012 0.000003 -0.056869 -0.000041 -0.000175 0.000066 0.002209 -0.000012 -0.005133 -0.028252 0.000019
0.000093 -0.000036 -0.000062 -0.032232 -0.000027 0.002340 0.000092 0.000019 -0.000017 -0.000013 0.000013 0.000081 0.087148 -0.000030 0.000012 0.000051 0.398665 -0.000033 0.000028 -0.000062 0.000016 0.000031 -0.177964 0.000035 0.190036 -0.386941 -0.000008 0.357901 -0.054648 -0.000027 -0.009342 -0.000016 -0.001615 -0.000106 0.000600 0.000005 -0.000017 -0.000026 0.000045 0.074162 0.000058 0.029049 0.000037 -0.000048 -0.000056 0.005961 -0.000001 -0.005022 -0.028235 0.000038
0.000004 -0.000094 0.000017 -0.036343 -0.000010 0.002098 -0.000012 0.000119 -0.000015 -0.000287 0.000020 0.000010 0.003100 -0.000045 -0.000004 0.000003 0.473045 0.000026 -0.000106 -0.000044 0.000027 0.000009 -0.104270 -0.000020 -0.011881 -0.386723 -0.000000 0.237759 -0.216133 0.000098 -0.010072 0.000035 -0.001477 -0.000001 0.000516 -0.000010 0.000052 -0.000056 -0.000012 0.002688 0.000010 0.162865 0.000029 -0.000075 -0.000046 0.002083 0.000004 -0.005275 -0.028281 0.000045
0.000169 -0.000000 0.000001 -0.247808 -0.000057 0.030343 0.000027 0.000098 -0.000042 0.000032 0.000026 -0.000018 -0.045064 -0.000040 -0.000010 -0.000038 0.548490 0.000001 -0.000203 -0.000014 0.000010 0.000012 -0.110872 -0.000020 -0.036374 -0.415102 -0.000003 -0.020012 -0.253309 -0.000073 -0.010104 0.000081 -0.001303 0.000079 0.000607 -0.000015 -0.000061 0.000017 0.000016 0.003811 0.000078 0.204334 0.000037 -0.000025 -0.000029 0.034583 -0.000001 -0.004928 -0.028317 -0.000001
0.000132 -0.000008 0.000000 -0.334625 -0.000017 0.074054 0.000026 0.000056 0.000029 0.000065 0.000004 0.000006 -0.118951 -0.000005 -0.000011 -0.000036 0.292145 -0.000080 0.000104 0.000002 -0.000003 0.000006 -0.125866 0.000037 -0.230987 -0.319135 -0.000013 -0.116746 -0.219575 -0.000010 -0.010096 0.000033 -0.001264 0.000162 0.000848 -0.000012 -0.000001 0.000018 0.000043 -0.167428 0.000117 0.254364 0.000025 0.000020 0.000003 0.059057 0.000020 -0.005038 -0.028248 0.000082
0.000030 0.000019 -0.000089 -0.333938 -0.000047 0.084805 0.000012 0.000051 -0.000001 0.000087 -0.000015 0.000035 -0.109542 0.000073 0.000011 -0.000102 0.424740 0.000037 -0.000122 -0.000178 0.000003 0.000033 0.026920 -0.000008 -0.176746 -0.139897 0.000033 -0.145036 -0.170775 -0.000050 -0.010153 0.000031 -0.001766 0.000049 0.003163 -0.000023 -0.000031 -0.000044 0.000033 -0.223638 0.000002 0.303905 0.000055 -0.000028 0.000066 0.068021 0.000036 -0.004966 -0.028317 -0.000013
-0.000007 -0.000011 -0.000006 -0.056718 0.000039 0.047218 -0.000013 0.000028 0.000004 -0.000071 -0.000050 0.000043 -0.080121 -0.000051 0.000022 0.000004 0.238773 0.000010 0.000097 -0.000002 0.000003 -0.000002 0.087618 0.000021 -0.082835 -0.013253 0.000019 -0.124363 -0.252345 -0.000038 -0.010244 0.000002 -0.001888 0.000108 0.000960 0.000003 -0.000024 0.000012 0.000106 -0.266818 0.000001 0.148535 0.000026 0.000038 0.000022 0.055715 -0.000002 -0.004853 -0.028354 0.000011
0.000093 -0.000007 -0.000089 -0.066323 0.000042 0.011657 0.000020 0.000037 -0.000041 0.000045 -0.000004 -0.000022 -0.173346 -0.000011 -0.000014 -0.000055 0.191265 -0.000006 0.000129 -0.000053 0.000000 0.000050 0.106872 -0.000022 0.137416 0.053591 -0.000024 -0.169780 -0.181739 0.000049 -0.010295 0.000008 -0.001764 -0.000069 0.000865 -0.000013 -0.000064 0.000017 -0.000005 -0.231270 -0.000064 0.126770 -0.000055 0.000093 0.000013 0.024837 0.000001 -0.004798 -0.028298 0.000022
-0.000001 -0.000019 0.000049 0.097094 0.000036 0.002947 0.000002 -0.000112 0.000063 -0.000322 -0.000014 0.000010 -0.023862 0.000020 0.000011 0.000021 0.163408 0.000135 0.000013 0.000033 -0.000014 -0.000062 0.271464 -0.000031 0.082745 0.188967 -0.000005 -0.126752 0.055507 0.000117 -0.010208 0.000062 -0.001480 -0.000200 0.000707 -0.000003 -0.000179 0.000049 0.000055 0.028013 0.000042 0.163537 -0.000021 -0.000005 -0.000009 0.003097 -0.000020 -0.004988 -0.028269 -0.000064
-0.000071 0.000007 0.000022 0.210453 0.000020 0.018307 -0.000003 -0.000024 0.000041 -0.000236 0.000034 0.000064 -0.225258 0.000021 0.000035 -0.000009 -0.000268 0.000037 0.000039 -0.000075 -0.000002 0.000156 0.121440 0.000002 0.161084 0.206848 0.000074 -0.198418 0.017827 -0.000009 -0.009258 -0.000017 -0.001425 0.000065 0.000839 0.000018 0.000043 -0.000040 0.000107 -0.106840 -0.000019 0.137506 -0.000034 -0.000076 -0.000067 0.020578 -0.000005 -0.004904 -0.028309 -0.000021
0.000067 0.000047 -0.000001 0.261262 0.000080 0.041754 -0.000058 0.000019 -0.000049 0.000032 0.000034 0.000006 -0.129213 -0.000059 -0.000010 -0.000017 0.098913 0.000002 0.000194 0.000035 0.000001 0.000053 0.056470 -0.000018 0.140915 0.268085 -0.000012 -0.288918 0.139896 0.000000 -0.008108 -0.000015 -0.001522 -0.000010 0.000881 0.000017 0.000008 0.000033 0.000045 -0.265472 0.000041 -0.002900 0.000021 0.000051 -0.000020 0.051455 -0.000012 -0.004584 -0.028281 -0.000037
-0.000001 0.000039 -0.000000 0.006069 0.000016 0.089910 -0.000011 0.000006 -0.000011 -0.000029 0.000008 -0.000101 -0.199898 0.000079 0.000025 0.000006 0.020024 -0.000034 0.000010 -0.000085 0.000007 0.000089 -0.050945 0.000017 0.109663 0.193013 -0.000001 -0.443756 0.209163 0.000065 -0.006930 0.000003 -0.001672 -0.000074 0.011475 0.000033 0.000104 0.000006 -0.000155 -0.409879 0.000058 -0.074354 0.000067 -0.000161 -0.000034 0.083243 0.000000 -0.004741 -0.028265 0.000071
0.000063 0.000047 -0.000022 0.045329 -0.000010 0.092217 -0.000006 -0.000058 -0.000006 0.000070 -0.000002 -0.000037 -0.064160 -0.000032 0.000037 -0.000024 0.109749 0.000031 0.000071 0.000038 0.000004 -0.000134 -0.059593 0.000015 0.059962 0.574914 0.000017 -0.441623 0.331325 -0.000015 -0.005936 0.000012 -0.001561 0.000068 0.010165 -0.000012 -0.000041 -0.000032 0.000012 -0.642998 -0.000047 -0.071782 -0.000121 -0.000124 0.000030 0.102220 -0.000034 -0.004619 -0.028228 0.000005
0.000031 -0.000032 -0.000025 0.053320 0.000014 0.056797 -0.000045 -0.000022 -0.000033 0.000161 -0.000004 -0.000038 -0.082335 -0.000104 0.000024 0.000124 0.014347 -0.000018 -0.000096 0.000045 0.000025 -0.000049 -0.245713 -0.000015 -0.071239 0.662532 -0.000021 -0.550469 0.370444 -0.000058 -0.005328 -0.000066 -0.001467 -0.000010 0.000861 0.000021 0.000013 -0.000004 0.000039 -0.471272 0.000123 -0.003948 -0.000122 0.000069 0.000031 0.093026 0.000029 -0.004828 -0.028269 0.000035
-0.000055 -0.000001 0.000016 -0.044756 0.000049 0.032165 -0.000016 0.000072 0.000052 0.000092 0.000001 0.000004 0.056952 0.000022 0.000011 -0.000065 0.047780 0.000058 -0.000018 0.000086 0.000014 0.000047 -0.097727 0.000003 -0.079981 0.729501 0.000000 -0.496535 0.540652 0.000053 -0.004835 -0.000047 -0.001498 0.000029 0.000785 -0.000006 0.000077 0.000003 0.000002 -0.327846 0.000097 0.165257 -0.000025 0.000004 -0.000033 0.039555 0.000009 -0.004898 -0.028245 0.000001
-0.000023 0.000005 -0.000016 -0.089484 -0.000118 0.004561 -0.000006 -0.000003 -0.000053 0.000016 0.000031 -0.000041 0.142478 -0.000051 -0.000014 -0.000022 -0.112520 -0.000052 -0.000003 -0.000027 0.000015 -0.000066 -0.086757 0.000043 0.058925 0.787836 -0.000056 -0.403670 0.625788 0.000006 -0.004388 0.000014 -0.001579 0.000009 0.000763 0.000054 -0.000007 -0.000071 0.000022 -0.334789 0.000006 0.156164 0.000042 0.000048 0.000002 0.006251 -0.000004 -0.004907 -0.028285 0.000008
0.000133 0.000007 -0.000007 -0.018047 0.000067 0.001670 -0.000056 0.000144 0.000026 0.000085 0.000021 0.000022 0.146875 -0.000032 0.000002 -0.000125 -0.273778 -0.000010 -0.000210 -0.000011 -0.000006 -0.000030 0.055308 0.000057 -0.069725 0.676182 -0.000056 -0.266757 0.486683 -0.000082 -0.003974 -0.000049 -0.001401 0.000116 0.000699 0.000019 -0.000020 -0.000049 -0.000016 -0.253075 -0.000061 0.318716 0.000013 0.000017 -0.000021 0.001614 -0.000040 -0.005411 -0.028256 0.000013
-0.000024 -0.000019 0.000003 -0.087473 0.000005 0.002506 -0.000002 -0.000220 0.000038 -0.000103 0.000065 -0.000043 0.302363 0.000073 0.000010 -0.000108 -0.402794 -0.000127 0.000125 -0.000037 0.000017 0.000002 0.100232 0.000023 -0.084669 0.401641 -0.000015 -0.212959 0.553046 0.000094 -0.003437 -0.000045 -0.001636 0.000104 0.000723 -0.000013 -0.000086 0.000057 0.000055 -0.158043 0.000093 0.063647 0.000035 0.000060 0.000072 0.002295 0.000012 -0.005274 -0.028244 0.000029
0.000083 0.000005 0.000022 -0.190198 0.000030 0.033788 -0.000047 -0.000084 -0.000031 0.000114 0.000043 0.000002 0.234111 0.000019 -0.000004 0.000015 -0.573865 -0.000056 -0.000035 -0.000091 -0.000000 -0.000036 0.075818 0.000052 -0.232209 0.259137 -0.000009 -0.081870 0.403209 -0.000014 -0.002962 -0.000018 -0.001555 -0.000039 0.000908 0.000040 -0.000029 -0.000015 -0.000025 -0.225470 0.000078 -0.028390 0.000068 -0.000048 0.000103 0.057979 -0.000016 -0.005356 -0.028222 -0.000025
0.000100 0.000016 -0.000009 -0.157735 -0.000013 0.111719 -0.000067 -0.000045 -0.000005 0.000014 -0.000032 0.000012 0.237823 0.000010 0.000026 0.000012 -0.739260 -0.000072 0.000061 -0.000088 0.000009 -0.000051 0.179797 0.000035 -0.213056 0.242404 0.000008 -0.021597 0.296387 0.000091 -0.002435 -0.000048 -0.001564 -0.000042 0.012214 -0.000004 -0.000033 0.000010 0.000007 -0.313385 -0.000048 -0.251205 0.000068 0.000009 0.000081 0.108384 -0.000043 -0.005261 -0.028268 -0.000017
0.000002 -0.000032 0.000032 -0.066123 0.000011 0.121788 0.000042 0.000014 -0.000033 0.000088 -0.000042 0.000010 0.328057 -0.000037 -0.000002 -0.000083 -0.687628 0.000004 -0.000171 0.000087 0.000024 -0.000041 0.086492 0.000016 -0.333417 0.110283 -0.000126 -0.014095 0.136439 -0.000069 -0.001985 0.000103 -0.001589 -0.000071 0.021174 0.000011 0.000007 -0.000030 0.000031 -0.081288 0.000055 -0.328994 -0.000037 -0.000026 -0.000055 0.123797 0.000016 -0.005606 -0.028189 0.000034
0.000037 -0.000013 0.000074 -0.006730 0.000017 0.092837 0.000089 0.000083 -0.000014 -0.000114 0.000009 -0.000026 0.429706 0.000030 -0.000040 0.000034 -0.662063 0.000071 -0.000004 0.000119 -0.000008 -0.000003 0.299155 -0.000012 -0.275372 -0.092899 0.000015 0.065739 -0.003256 -0.000047 -0.001615 -0.000005 -0.001563 -0.000065 0.014811 0.000006 0.000026 0.000041 0.000055 -0.128574 -0.000079 -0.339674 0.000134 -0.000042 -0.000013 0.095015 0.000025 -0.005394 -0.028304 0.000015
0.000074 -0.000051 0.000003 0.289558 0.000089 0.074892 0.000026 -0.000004 0.000034 0.000013 0.000048 0.000063 0.447848 -0.000063 0.000012 -0.000053 -0.425443 -0.000055 -0.000011 0.000012 -0.000020 0.000066 0.172422 -0.000004 -0.067673 -0.102856 -0.000017 0.182734 -0.139033 -0.000069 -0.001298 -0.000013 -0.001730 0.000024 0.001294 0.000018 0.000089 0.000009 0.000006 0.206483 -0.000068 -0.329195 -0.000026 -0.000009 -0.000016 0.047461 -0.000010 -0.005348 -0.028287 -0.000069
0.000107 -0.000067 0.000003 0.285626 0.000021 0.050572 0.000002 -0.000081 0.000048 0.000134 -0.000019 0.000019 0.320558 -0.000074 -0.000058 0.000022 -0.297186 0.000025 -0.000090 0.000033 -0.000010 0.000028 0.310925 -0.000017 0.061546 -0.398841 -0.000006 0.180026 -0.054407 -0.000031 -0.000959 -0.000040 -0.002486 -0.000048 0.001182 -0.000005 0.000017 0.000022 0.000060 0.178630 0.000104 -0.386057 0.000021 0.000039 0.000061 0.056919 0.000012 -0.005464 -0.028298 0.000039
-0.000022 -0.000021 0.000030 0.347991 -0.000053 0.060660 -0.000005 0.000033 -0.000006 -0.000070 -0.000025 0.000002 0.338084 -0.000020 -0.000030 -0.000028 -0.350935 0.000030 0.000161 -0.000035 -0.000019 0.000053 0.207665 0.000044 0.168600 -0.373424 -0.000051 0.026588 -0.013113 0.000025 -0.000560 -0.000044 -0.002864 0.000063 0.002474 0.000022 0.000012 -0.000026 0.000016 0.018718 0.000067 -0.494672 -0.000019 0.000046 0.000024 0.091908 0.000024 -0.005148 -0.028265 0.000012
-0.000046 -0.000126 -0.000027 0.277753 0.000004 0.100124 -0.000027 0.000191 0.000062 -0.000279 0.000022 -0.000001 0.168429 -0.000029 0.000045 0.000001 -0.325431 0.000022 -0.000031 -0.000036 0.000003 -0.000043 0.015074 0.000033 0.178707 -0.552560 0.000066 -0.134102 -0.067082 0.000001 -0.000161 0.000010 -0.003014 -0.000035 0.016230 0.000011 -0.000011 -0.000054 -0.000007 0.029882 0.000018 -0.312912 -0.000005 0.000008 0.000015 0.090733 -0.000009 -0.005019 -0.028283 -0.000040
0.000085 0.000038 -0.000019 0.064693 -0.000017 0.105060 -0.000006 0.000194 -0.000000 0.000061 0.000029 -0.000010 0.185204 -0.000036 -0.000028 0.000009 -0.210611 0.000083 0.000032 -0.000205 0.000000 -0.000060 -0.107300 -0.000035 0.258153 -0.630978 0.000006 -0.137520 -0.007443 -0.000044 -0.000010 -0.000002 -0.002784 0.000158 0.012737 -0.000041 -0.000005 -0.000002 -0.000005 -0.140592 -0.000035 -0.184176 0.000021 0.000011 -0.000012 0.117251 0.000010 -0.004843 -0.028331 0.000036
0.000001 0.000100 -0.000004 -0.010306 0.000021 0.104445 0.000057 0.000055 -0.000072 0.000096 0.000046 0.000069 0.072752 0.000009 0.000004 0.000011 -0.043827 0.000102 -0.000139 0.000017 -0.000046 -0.000001 -0.084414 -0.000026 0.301623 -0.490223 -0.000005 -0.041265 -0.056364 0.000001 -0.000005 -0.000013 -0.002274 0.000092 0.023203 -0.000040 0.000004 0.000027 0.000029 -0.083255 -0.000007 -0.110846 -0.000025 0.000023 0.000032 0.124834 -0.000004 -0.004784 -0.028193 -0.000039
0.000155 -0.000003 -0.000064 0.001540 0.000048 0.088606 -0.000004 -0.000002 -0.000026 -0.000234 -0.000050 0.000013 0.081412 0.000001 -0.000001 -0.000075 0.114829 0.000128 0.000051 0.000021 0.000006 -0.000007 -0.104137 -0.000002 0.200553 -0.600169 -0.000012 -0.032218 0.190472 -0.000062 -0.000000 0.000071 -0.002051 -0.000048 0.011243 -0.000028 -0.000033 0.000044 -0.000019 -0.229356 -0.000128 -0.045432 0.000026 0.000074 0.000041 0.114069 -0.000060 -0.004684 -0.028222 0.000010
-0.000093 0.000045 -0.000010 -0.108039 -0.000074 0.060940 0.000005 -0.000198 0.000009 -0.000176 0.000010 -0.000067 0.019081 -0.000036 0.000008 -0.000059 0.165911 0.000024 0.000045 0.000035 0.000028 -0.000030 -0.071896 -0.000036 0.322040 -0.594816 -0.000045 0.119666 0.156027 -0.000005 -0.000001 -0.000038 -0.002372 -0.000019 0.001506 0.000055 0.000074 -0.000045 -0.000016 -0.064232 0.000080 -0.027308 0.000037 -0.000039 0.000021 0.081359 -0.000082 -0.004794 -0.028237 0.000071
-0.000049 0.000019 -0.000004 -0.029344 0.000033 0.029159 -0.000018 0.000058 -0.000018 0.000074 -0.000014 0.000061 -0.126603 0.000105 -0.000014 -0.000054 0.166201 0.000016 -0.000033 -0.000005 0.000012 0.000030 0.100137 -0.000035 0.495676 -0.417119 -0.000025 0.045235 0.162712 -0.000017 -0.000005 0.000018 -0.002228 0.000080 0.001158 0.000018 -0.000004 0.000017 0.000031 0.024965 -0.000007 0.041895 -0.000006 -0.000017 0.000014 0.020381 -0.000065 -0.004508 -0.028202 0.000081
-0.000220 0.000033 0.000083 0.232849 -0.000117 0.004467 -0.000056 0.000022 0.000027 0.000168 0.000034 0.000079 -0.176103 -0.000052 0.000022 0.000036 0.098631 -0.000018 0.000038 -0.000122 0.000019 0.000151 0.005166 0.000016 0.476411 -0.456344 0.000002 0.152623 0.061051 -0.000009 0.000002 -0.000021 -0.002218 0.000032 0.001144 -0.000012 -0.000002 -0.000061 0.000009 0.002967 -0.000027 0.008848 0.000019 0.000060 0.000081 0.014609 0.000016 -0.004749 -0.028345 -0.000011
-0.000044 -0.000001 -0.000031 0.371479 -0.000043 0.026914 0.000019 -0.000030 -0.000026 -0.000323 -0.000015 0.000073 -0.271639 0.000020 0.000003 0.000074 -0.101829 0.000083 -0.000151 0.000070 -0.000004 -0.000010 0.021932 0.000052 0.391658 -0.498428 -0.000033 0.115475 -0.044302 0.000064 0.000002 0.000035 -0.002127 0.000169 0.001454 0.000020 0.000091 -0.000030 -0.000029 -0.223172 -0.000050 0.234152 0.000070 0.000028 0.000022 0.033081 0.000018 -0.004584 -0.028273 0.000016
0.000065 0.000031 -0.000004 0.429504 0.000001 0.045648 0.000023 -0.000144 -0.000019 0.000138 -0.000002 0.000029 -0.365721 0.000081 0.000024 0.000008 -0.165381 -0.000177 -0.000129 -0.000086 0.000010 0.000074 -0.122632 -0.000024 0.481563 -0.401088 -0.000012 0.112131 -0.295747 0.000000 0.000001 0.000006 -0.003255 0.000008 0.001699 -0.000001 -0.000031 -0.000005 0.000026 -0.274796 0.000177 0.071391 0.000042 -0.000009 -0.000081 0.056275 -0.000020 -0.005218 -0.028272 0.000052
-0.000023 0.000061 0.000012 0.369406 0.000012 0.068639 0.000003 0.000023 -0.000019 -0.000230 0.000018 -0.000041 -0.462858 -0.000076 0.000046 0.000005 -0.120630 0.000034 -0.000022 0.000048 0.000008 -0.000025 -0.168687 0.000028 0.633439 -0.212057 -0.000022 0.185799 -0.489114 -0.000005 -0.000001 -0.000039 -0.003369 0.000016 0.006615 -0.000032 -0.000046 0.000020 0.000033 -0.250636 0.000030 0.114037 -0.000028 0.000008 0.000016 0.074105 -0.000015 -0.005150 -0.028241 -0.000046
0.000001 0.000012 0.000052 0.196758 0.000000 0.056263 -0.000019 0.000006 0.000041 -0.000344 -0.000082 -0.000023 -0.402436 -0.000020 -0.000012 0.000057 0.013266 0.000076 0.000096 -0.000080 0.000046 -0.000001 -0.221717 -0.000090 0.589953 -0.168842 -0.000022 0.325964 -0.555252 0.000019 0.000004 0.000005 -0.002514 0.000060 0.002018 -0.000034 -0.000057 0.000041 -0.000038 -0.187078 0.000051 0.127609 -0.000032 -0.000059 0.000071 0.057308 -0.000016 -0.005109 -0.028301 0.000047
-0.000055 -0.000008 0.000003 0.305105 -0.000006 0.019113 0.000074 -0.000000 -0.000008 -0.000198 0.000013 -0.000021 -0.302465 0.000001 0.000010 -0.000053 0.040619 -0.000042 -0.000144 -0.000144 0.000009 -0.000001 -0.245428 0.000067 0.520416 -0.029656 0.000015 0.365701 -0.457486 0.000049 0.000002 0.000103 -0.002134 0.000061 0.001769 -0.000033 -0.000026 -0.000017 -0.000070 0.134080 -0.000107 0.368266 -0.000055 0.000021 -0.000019 0.037436 0.000047 -0.004991 -0.028248 -0.000001
0.000075 0.000008 0.000015 0.132713 -0.000059 0.011241 -0.000014 0.000010 0.000015 -0.000265 -0.000069 0.000015 -0.246961 0.000046 -0.000012 -0.000034 0.056354 0.000017 0.000024 -0.000014 0.000014 0.000048 -0.082766 -0.000008 0.204401 0.013358 0.000017 0.228961 -0.376370 0.000062 -0.000009 0.000035 -0.001469 -0.000035 0.001683 -0.000001 -0.000047 0.000076 0.000003 0.092200 0.000195 0.453655 0.000041 0.000069 0.000001 0.012471 -0.000028 -0.005025 -0.028299 0.000021
-0.000037 0.000034 -0.000071 0.175036 -0.000021 0.002675 -0.000025 0.000061 0.000035 0.000158 -0.000009 0.000057 -0.156314 0.000021 -0.000077 0.000034 0.087297 -0.000092 0.000016 0.000194 0.000002 -0.000117 -0.130677 -0.000031 0.074462 0.238406 0.000026 0.393269 -0.003276 -0.000014 0.000000 0.000018 -0.001478 0.000010 0.001415 -0.000027 0.000050 0.000045 0.000012 0.212799 -0.000057 0.406928 0.000121 -0.000015 0.000020 0.002574 0.000002 -0.004958 -0.028374 0.000039
0.000053 0.000003 -0.000034 -0.026060 -0.000020 0.001788 -0.000032 0.000049 -0.000049 -0.000058 -0.000046 0.000066 -0.249845 0.000062 0.000040 0.000024 -0.060084 0.000005 0.000042 -0.000082 -0.000024 -0.000134 0.058718 0.000018 -0.176232 0.301792 0.000024 0.246702 0.020544 0.000000 -0.000006 0.000008 -0.001647 0.000079 0.001117 -0.000040 -0.000020 -0.000000 -0.000056 0.346294 0.000041 0.538354 -0.000021 0.000073 -0.000092 0.001678 -0.000038 -0.004807 -0.028321 0.000007
0.000156 0.000018 -0.000027 -0.053796 0.000034 0.001892 0.000044 0.000008 0.000057 0.000131 0.000045 0.000039 -0.286162 0.000011 0.000036 0.000015 -0.123721 0.000054 0.000035 0.000049 -0.000010 -0.000037 0.184510 0.000018 -0.254996 0.609349 -0.000003 0.270567 0.094868 0.000003 0.000007 0.000063 -0.001796 -0.000016 0.000995 0.000006 -0.000031 -0.000109 -0.000020 0.147070 -0.000141 0.428664 0.000028 -0.000003 0.000111 0.001838 0.000054 -0.004947 -0.028307 0.000062
0.000076 -0.000041 -0.000040 0.010966 0.000006 0.036574 -0.000018 -0.000111 0.000056 0.000143 0.000046 0.000006 -0.254048 -0.000048 0.000016 0.000043 -0.289914 -0.000026 -0.000006 0.000276 0.000013 0.000024 0.191606 -0.000036 -0.405418 0.569140 0.000006 0.115802 0.095187 -0.000043 0.000004 -0.000028 -0.001486 0.000033 0.001017 -0.000006 -0.000047 -0.000020 0.000030 0.245981 -0.000011 0.466143 -0.000055 -0.000028 -0.000063 0.035000 -0.000000 -0.005009 -0.028271 0.000015
0.000228 0.000032 0.000012 -0.220292 0.000021 0.048684 -0.000049 -0.000060 0.000050 0.000171 0.000021 0.000053 -0.371036 0.000125 -0.000008 -0.000005 -0.238151 -0.000053 0.000072 0.000015 -0.000016 0.000086 0.060694 0.000023 -0.492593 0.296970 0.000026 0.006939 0.079779 0.000083 -0.000000 -0.000038 -0.001615 0.000033 0.001161 0.000021 0.000108 -0.000011 -0.000021 0.252898 -0.000040 0.252980 -0.000032 -0.000092 -0.000036 0.087991 -0.000021 -0.004898 -0.028331 0.000020
-0.000077 0.000117 0.000075 -0.232111 -0.000013 0.051673 -0.000013 0.000075 0.000019 0.000126 0.000078 0.000022 -0.288570 0.000080 0.000021 0.000086 -0.446399 0.000050 -0.000135 -0.000086 -0.000010 0.000016 0.105329 0.000019 -0.317680 0.309154 -0.000051 -0.022793 0.028862 0.000051 -0.000006 0.000006 -0.001460 -0.000053 0.004281 -0.000033 0.000018 -0.000003 -0.000079 0.304627 0.000012 0.086796 -0.000060 -0.000106 0.000071 0.078534 0.000030 -0.004971 -0.028319 0.000038
0.000035 -0.000005 -0.000016 -0.288343 -0.000042 0.054365 -0.000010 -0.000145 0.000039 0.000058 -0.000000 -0.000057 -0.141603 0.000028 0.000019 -0.000015 -0.516610 0.000008 -0.000018 -0.000032 -0.000009 -0.000004 0.081445 0.000051 -0.288412 0.315135 0.000008 -0.037955 -0.086946 0.000125 0.000003 0.000075 -0.001559 0.000015 0.000814 0.000000 0.000054 -0.000055 -0.000017 0.383563 -0.000018 -0.088976 0.000018 0.000065 -0.000033 0.063440 -0.000013 -0.004792 -0.028342 0.000046
0.000037 0.000027 -0.000094 -0.314885 -0.000013 0.052033 -0.000003 -0.000029 0.000015 0.000040 0.000011 -0.000005 -0.180760 0.000010 -0.000113 -0.000110 -0.353661 0.000010 -0.000003 0.000150 0.000015 -0.000087 0.153632 -0.000069 -0.141837 0.311906 0.000038 -0.007737 -0.231910 0.000051 -0.000001 -0.000002 -0.001599 -0.000086 0.000655 0.000018 -0.000041 0.000030 -0.000022 0.446132 0.000024 -0.096027 0.000023 -0.000115 -0.000037 0.052939 0.000020 -0.004944 -0.028299 -0.000061
0.000100 0.000058 0.000016 -0.371530 -0.000026 0.031529 -0.000018 0.000062 0.000093 0.000025 -0.000032 -0.000014 -0.197727 -0.000023 0.000011 -0.000059 -0.329809 -0.000061 -0.000015 -0.000254 0.000006 0.000054 0.123458 0.000045 0.015633 0.250065 -0.000012 0.091471 -0.398825 0.000154 -0.000001 0.000045 -0.001678 -0.000028 0.000684 0.000018 0.000068 0.000014 0.000083 0.513239 -0.000045 0.006998 -0.000006 0.000038 0.000002 0.025210 -0.000001 -0.004924 -0.028344 -0.000032
-0.000041 -0.000023 -0.000092 -0.472974 0.000004 0.026161 -0.000005 -0.000028 -0.000097 -0.000049 -0.000003 0.000014 -0.028339 0.000019 -0.000023 -0.000001 0.018376 -0.000118 -0.000064 0.000083 0.000008 -0.000008 0.194345 0.000014 -0.025988 0.007657 0.000065 0.093456 -0.437168 0.000043 0.000006 0.000015 -0.001514 0.000100 0.000930 0.000016 0.000028 0.000026 -0.000044 0.499406 0.000084 0.068156 -0.000046 -0.000048 -0.000014 0.034413 -0.000007 -0.004720 -0.028238 -0.000017
-0.000031 -0.000036 0.000044 -0.351291 -0.000020 0.037294 0.000017 0.000014 0.000008 -0.000250 -0.000021 -0.000014 0.161416 -0.000067 -0.000011 -0.000075 0.095058 -0.000001 -0.000013 0.000021 -0.000007 0.000037 0.168094 0.000018 0.010425 0.175557 -0.000005 0.224229 -0.400972 0.000047 0.000007 0.000035 -0.001488 -0.000001 0.001136 -0.000004 0.000056 0.000028 -0.000035 0.512919 0.000040 -0.021420 0.000025 -0.000024 -0.000152 0.041220 0.000027 -0.004897 -0.028257 -0.000001
0.000227 0.000026 -0.000021 -0.564747 0.000070 0.033113 -0.000032 -0.000035 0.000135 0.000107 0.000036 0.000020 0.158215 0.000080 0.000009 0.000036 0.162855 -0.000005 -0.000081 -0.000033 0.000024 0.000053 0.034804 0.000020 0.260296 0.112654 -0.000036 0.190005 -0.189584 -0.000048 -0.000002 -0.000051 -0.001494 0.000093 0.001238 0.000046 -0.000062 -0.000006 0.000050 0.365969 0.000023 -0.003638 0.000121 0.000033 0.000032 0.030105 0.000021 -0.004884 -0.028268 0.000049
0.000007 0.000014 -0.000062 -0.577692 0.000025 0.045500 -0.000029 -0.000075 0.000003 0.000125 0.000006 -0.000084 0.280022 -0.000053 0.000011 0.000051 0.132894 0.000104 0.000105 -0.000169 0.000025 -0.000106 -0.063898 -0.000042 0.238331 0.216085 -0.000014 0.063121 -0.167716 -0.000041 -0.000002 0.000017 -0.001630 0.000135 0.001325 0.000001 -0.000056 0.000045 -0.000046 0.219899 -0.000006 -0.350975 -0.000019 0.000082 0.000037 0.065047 -0.000016 -0.004751 -0.028262 -0.000015
0.000048 -0.000018 -0.000004 -0.666140 0.000028 0.081061 -0.000030 0.000002 -0.000063 -0.000353 -0.000027 -0.000026 0.278887 0.000030 -0.000001 -0.000046 0.152802 -0.000025 -0.000145 -0.000087 0.000020 0.000044 -0.039987 -0.000116 0.156787 0.069139 0.000025 0.099921 0.050631 -0.000050 -0.000000 0.000036 -0.001681 0.000034 0.010155 -0.000008 -0.000004 -0.000034 0.000016 0.273933 -0.000013 -0.322789 -0.000019 0.000061 -0.000067 0.071892 -0.000008 -0.004659 -0.028251 0.000006
0.000067 -0.000085 -0.000026 -0.565828 -0.000085 0.082535 0.000043 -0.000038 0.000015 0.000098 -0.000022 -0.000062 0.262991 -0.000011 0.000030 -0.000141 0.225545 0.000129 0.000068 -0.000036 0.000007 0.000027 -0.139349 -0.000036 0.329107 0.168074 0.000025 0.133696 0.029138 0.000000 0.000003 -0.000020 -0.001643 -0.000047 0.014870 0.000010 0.000002 0.000008 0.000022 0.065456 0.000010 -0.472940 -0.000021 -0.000020 0.000039 0.088851 0.000018 -0.004735 -0.028238 0.000060
-0.000040 0.000010 -0.000016 -0.525313 0.000024 0.105395 0.000017 0.000086 -0.000122 0.000066 -0.000009 -0.000005 0.047074 -0.000176 -0.000030 0.000001 0.169975 -0.000027 0.000128 -0.000027 0.000021 -0.000027 0.031040 0.000006 0.361704 0.108836 0.000014 0.044289 0.198218 -0.000050 0.000003 0.000001 -0.001554 -0.000010 0.018522 0.000010 0.000026 0.000030 -0.000036 -0.014907 -0.000004 -0.413188 -0.000021 0.000050 0.000016 0.125558 -0.000003 -0.004489 -0.028262 -0.000009
-0.000051 0.000041 -0.000001 -0.419950 0.000033 0.095546 0.000009 0.000192 -0.000090 0.000018 0.000002 -0.000028 0.039643 -0.000038 -0.000047 -0.000011 0.137616 -0.000069 0.000038 -0.000056 0.000007 0.000059 -0.093005 0.000016 0.614374 0.073755 -0.000029 -0.008618 0.114422 -0.000081 0.000000 -0.000008 -0.001555 -0.000147 0.016793 -0.000010 0.000015 -0.000031 0.000018 -0.187103 0.000148 -0.441338 -0.000047 -0.000073 0.000037 0.114094 0.000032 -0.004570 -0.028298 0.000050
0.000092 0.000017 0.000028 -0.435421 0.000001 0.087394 -0.000028 -0.000047 0.000032 -0.000074 0.000010 0.000012 -0.055564 -0.000099 0.000015 0.000006 0.110909 0.000100 0.000089 0.000012 0.000013 -0.000034 0.078242 -0.000087 0.529100 0.042353 0.000002 -0.069294 0.224432 -0.000007 0.000000 0.000014 -0.001511 -0.000056 0.019682 0.000012 0.000003 -0.000046 -0.000057 -0.138224 -0.000076 -0.371922 0.000009 -0.000018 0.000001 0.091848 -0.000023 -0.004622 -0.028202 0.000012
0.000031 0.000033 0.000025 -0.355498 0.000029 0.108886 0.000023 -0.000047 -0.000044 -0.000246 0.000005 0.000046 0.010628 -0.000053 -0.000012 -0.000011 0.232299 0.000042 -0.000037 0.000005 -0.000005 0.000037 -0.196845 -0.000031 0.750955 -0.175334 -0.000011 -0.015760 0.249002 0.000120 -0.000000 0.000087 -0.001514 0.000048 0.025807 -0.000010 0.000053 0.000032 0.000020 -0.238084 0.000086 -0.344674 0.000038 -0.000005 -0.000060 0.116334 -0.000010 -0.004526 -0.028253 0.000046
-0.000069 -0.000084 -0.000090 -0.503086 -0.000044 0.096214 -0.000013 0.000057 -0.000015 0.000091 -0.000002 -0.000042 0.025883 0.000078 0.000013 0.000052 0.330438 0.000102 0.000065 -0.000058 0.000015 -0.000073 -0.178034 -0.000006 0.770724 -0.190817 0.000006 0.037133 0.076047 -0.000001 0.000000 0.000032 -0.001714 -0.000047 0.020579 -0.000011 0.000022 0.000028 -0.000014 -0.484724 0.000063 -0.310541 0.000046 -0.000161 0.000003 0.113901 0.000003 -0.004849 -0.028254 0.000014
0.000031 -0.000012 0.000069 -0.316680 0.000024 0.093642 0.000032 -0.000005 -0.000048 0.000130 -0.000015 -0.000061 0.195286 -0.000046 -0.000011 0.000033 0.346675 -0.000059 0.000088 0.000134 0.000007 -0.000108 -0.194040 0.000018 0.728676 -0.295659 0.000015 -0.011957 0.132465 0.000016 -0.000001 0.000017 -0.001600 -0.000041 0.015451 0.000028 -0.000018 0.000020 0.000017 -0.343403 0.000027 -0.226268 -0.000017 -0.000158 -0.000028 0.091460 0.000018 -0.004723 -0.028297 -0.000013
-0.000046 -0.000074 -0.000016 -0.253141 0.000002 0.074204 0.000034 -0.000012 -0.000063 0.000019 0.000013 -0.000002 0.321840 0.000077 0.000035 -0.000012 0.263163 0.000019 0.000190 0.000085 0.000024 0.000065 -0.080897 -0.000038 0.565196 -0.087574 0.000001 -0.018248 0.226579 0.000026 -0.000002 -0.000017 -0.001673 0.000165 0.008176 0.000019 0.000054 0.000007 -0.000069 -0.472077 -0.000015 -0.125526 0.000014 -0.000093 -0.000030 0.081032 -0.000001 -0.004723 -0.028380 -0.000014
0.000031 0.000023 -0.000026 0.021532 -0.000011 0.082731 0.000060 0.000060 0.000081 0.000148 -0.000058 -0.000062 0.352410 0.000026 -0.000002 0.000013 0.054208 0.000056 -0.000036 -0.000244 0.000027 -0.000004 -0.208777 -0.000016 0.543710 0.049574 0.000036 0.043836 0.089319 0.000000 -0.000002 0.000025 -0.001498 -0.000100 0.014250 -0.000031 -0.000013 0.000011 -0.000028 -0.569999 -0.000040 0.118909 0.000007 -0.000049 -0.000091 0.083041 0.000041 -0.004819 -0.028323 -0.000012
-0.000046 0.000098 -0.000046 0.197494 -0.000028 0.094572 0.000069 0.000066 0.000054 0.000088 0.000080 -0.000049 0.241959 0.000086 -0.000030 0.000049 0.028821 -0.000058 0.000032 -0.000002 -0.000007 0.000072 -0.014475 0.000036 0.193685 0.005933 -0.000001 0.120114 -0.041282 0.000063 0.000000 -0.000050 -0.001626 0.000065 0.015018 -0.000041 -0.000025 -0.000038 0.000029 -0.519539 0.000015 0.183211 0.000061 -0.000065 -0.000002 0.088891 -0.000012 -0.004679 -0.028327 0.000026
-0.000011 0.000025 -0.000029 0.123500 -0.000023 0.101925 0.000022 0.000071 0.000112 -0.000142 0.000008 -0.000007 0.069894 -0.000124 0.000014 0.000002 0.089870 0.000026 0.000003 0.000032 -0.000021 -0.000135 -0.117983 0.000037 0.082748 -0.013028 -0.000029 0.149892 0.035621 -0.000029 0.000002 0.000027 -0.001524 -0.000097 0.028126 -0.000053 -0.000023 0.000040 0.000031 -0.471801 -0.000065 0.217163 0.000055 -0.000053 0.000002 0.123610 0.000048 -0.004951 -0.028354 -0.000024
-0.000126 -0.000007 -0.000095 0.167862 0.000037 0.107421 -0.000036 -0.000119 -0.000028 -0.000052 0.000009 0.000009 -0.060554 -0.000045 -0.000004 0.000046 0.144365 0.000032 0.000064 -0.000079 -0.000004 -0.000064 -0.185376 -0.000052 -0.031019 0.060756 -0.000038 0.049813 -0.086030 0.000022 -0.000005 -0.000050 -0.001437 0.000034 0.023102 -0.000016 0.000043 -0.000038 0.000022 -0.561180 -0.000015 0.230560 0.000004 -0.000069 0.000003 0.111288 -0.000000 -0.005269 -0.028319 0.000006
0.000013 0.000075 -0.000048 0.243136 -0.000025 0.082013 -0.000013 -0.000082 -0.000058 0.000146 -0.000036 -0.000056 -0.167361 0.000044 -0.000014 -0.000009 0.139864 -0.000033 0.000016 -0.000101 0.000009 0.000010 -0.194878 -0.000041 -0.160458 0.020668 -0.000013 0.001610 0.089179 0.000049 -0.000001 0.000013 -0.001544 0.000160 0.012927 0.000026 -0.000010 -0.000031 -0.000032 -0.309741 -0.000010 0.426390 -0.000069 -0.000038 -0.000045 0.087023 0.000002 -0.004934 -0.028287 -0.000035
0.000039 0.000003 -0.000024 0.242865 -0.000017 0.057320 0.000026 -0.000012 -0.000010 -0.000009 0.000017 -0.000039 -0.259458 0.000079 0.000015 -0.000057 0.165238 0.000054 0.000016 0.000094 0.000005 0.000038 -0.219236 -0.000060 -0.080935 -0.002763 0.000019 -0.035021 0.019662 0.000053 0.000004 0.000113 -0.001635 -0.000071 0.001637 0.000037 0.000046 0.000109 -0.000009 -0.266434 0.000047 0.444361 0.000025 -0.000021 -0.000026 0.063572 0.000025 -0.004848 -0.028281 0.000014
-0.000095 0.000042 0.000046 0.306669 0.000024 0.047548 0.000005 0.000035 0.000082 0.000089 0.000058 0.000008 -0.295687 0.000098 -0.000009 0.000000 0.245449 0.000054 0.000053 -0.000039 -0.000009 -0.000076 -0.081446 0.000019 -0.380578 -0.043018 0.000025 0.040874 0.084379 0.000004 -0.000006 0.000054 -0.001382 0.000023 0.001256 0.000014 -0.000018 -0.000036 0.000017 -0.321542 -0.000017 0.370972 0.000046 -0.000026 -0.000081 0.045084 -0.000015 -0.005023 -0.028287 -0.000039
0.000010 -0.000020 -0.000012 0.469152 0.000027 0.047609 0.000041 -0.000019 -0.000012 0.000019 0.000059 0.000009 -0.331336 -0.000009 -0.000024 -0.000026 0.143674 0.000090 0.000053 -0.000141 -0.000028 0.000014 -0.022169 -0.000086 -0.480411 -0.015597 -0.000021 -0.037817 0.000906 -0.000132 -0.000002 0.000093 -0.001582 -0.000018 0.001144 -0.000004 0.000070 -0.000012 0.000021 -0.374752 0.000004 0.349742 -0.000003 -0.000005 -0.000076 0.059181 -0.000030 -0.004872 -0.028290 0.000044
-0.000047 0.000024 -0.000003 0.397251 -0.000043 0.093024 -0.000037 -0.000196 -0.000002 -0.000076 0.000012 -0.000030 -0.243178 -0.000032 -0.000019 0.000012 0.025077 0.000138 -0.000137 -0.000054 0.000032 -0.000030 0.145414 0.000038 -0.664803 -0.019673 -0.000009 0.028294 -0.168994 0.000015 0.000000 0.000025 -0.001487 -0.000094 0.004366 0.000013 0.000015 0.000015 0.000065 -0.296508 0.000065 0.095162 -0.000046 -0.000025 0.000004 0.072565 -0.000021 -0.005459 -0.028292 -0.000034
0.000005 0.000037 -0.000001 0.472788 0.000054 0.086597 -0.000016 0.000085 0.000032 -0.000232 0.000015 -0.000035 -0.398482 -0.000043 -0.000024 -0.000056 -0.024202 0.000067 0.000037 -0.000008 0.000020 0.000006 0.258390 0.000006 -0.647610 -0.054325 0.000003 -0.071547 -0.226103 -0.000013 -0.000000 -0.000002 -0.001536 0.000020 0.008101 -0.000011 0.000043 -0.000000 -0.000012 -0.194638 0.000015 0.242600 -0.000037 -0.000034 -0.000035 0.105413 -0.000060 -0.005298 -0.028299 -0.000014
-0.000145 0.000018 0.000046 0.556328 0.000003 0.069055 0.000028 -0.000023 0.000015 0.000090 -0.000025 0.000033 -0.324863 0.000032 0.000029 -0.000006 -0.006171 0.000011 0.000079 0.000098 0.000017 0.000101 0.444734 -0.000002 -0.544541 -0.193469 -0.000010 -0.074085 -0.432021 -0.000009 0.000007 0.000017 -0.001454 -0.000036 0.001744 0.000019 0.000009 0.000011 0.000045 -0.003640 0.000078 0.451620 -0.000069 -0.000022 0.000017 0.085121 -0.000014 -0.005138 -0.028315 -0.000028
-0.000036 -0.000009 -0.000016 0.629069 0.000013 0.039652 0.000025 -0.000094 0.000038 -0.000299 0.000008 -0.000008 -0.397024 -0.000125 -0.000045 0.000033 0.169228 0.000128 -0.000037 0.000055 0.000014 -0.000034 0.434199 0.000066 -0.375225 -0.134156 0.000023 -0.159643 -0.525345 0.000003 -0.000002 0.000086 -0.001608 -0.000032 0.000831 -0.000014 0.000024 -0.000047 0.000063 -0.016331 0.000044 0.490117 0.000025 -0.000023 0.000053 0.041834 -0.000025 -0.005198 -0.028277 0.000026
0.000001 -0.000050 0.000047 0.562534 0.000019 0.010926 0.000001 0.000087 -0.000033 0.000091 -0.000012 -0.000028 -0.297772 0.000087 0.000007 0.000057 0.263286 0.000009 -0.000036 0.000035 -0.000000 0.000018 0.489307 -0.000013 -0.359199 0.007622 -0.000023 -0.197396 -0.397812 -0.000030 0.000000 0.000022 -0.001474 0.000069 0.000478 0.000017 -0.000026 0.000002 0.000030 0.147245 0.000072 0.568606 0.000073 -0.000033 0.000004 0.013431 -0.000009 -0.005267 -0.028383 -0.000031
0.000089 -0.000009 -0.000036 0.490544 -0.000019 0.015701 0.000013 -0.000033 -0.000024 -0.000211 0.000012 0.000012 -0.313683 0.000069 -0.000033 -0.000013 0.193485 0.000057 0.000070 0.000018 0.000002 -0.000021 0.457893 0.000059 -0.445882 -0.000959 0.000026 -0.221575 -0.203983 -0.000038 0.000005 0.000111 -0.001476 0.000016 0.000584 -0.000023 -0.000083 0.000027 0.000014 0.220200 -0.000083 0.434057 0.000058 -0.000009 0.000049 0.017139 0.000005 -0.005240 -0.028391 0.000032
0.000038 0.000018 0.000055 0.489571 0.000007 0.022938 -0.000008 0.000065 -0.000020 0.000058 -0.000038 0.000097 -0.331291 -0.000190 0.000020 -0.000087 0.240694 0.000028 0.000051 -0.000067 -0.000006 0.000053 0.377218 0.000002 -0.369014 0.111841 -0.000051 -0.256117 -0.154924 -0.000021 0.000006 0.000092 -0.001417 0.000082 0.000668 0.000025 -0.000009 -0.000041 0.000033 0.201792 0.000054 0.193645 -0.000061 -0.000033 -0.000067 0.027890 -0.000004 -0.004855 -0.028262 -0.000064
-0.000103 -0.000076 0.000005 0.318420 0.000002 0.060610 0.000024 -0.000027 0.000049 -0.000054 -0.000034 -0.000027 -0.332993 0.000087 0.000013 -0.000041 0.123110 0.000010 0.000038 0.000060 -0.000006 -0.000017 0.411170 -0.000084 -0.345775 0.013856 0.000020 -0.272420 -0.084393 0.000080 0.000009 -0.000077 -0.001336 -0.000009 0.000886 0.000014 -0.000031 -0.000063 0.000030 0.012038 -0.000037 -0.040144 -0.000032 -0.000017 -0.000050 0.038978 0.000010 -0.004856 -0.028279 -0.000011
-0.000075 0.000001 0.000033 0.029701 -0.000043 0.062258 -0.000019 -0.000033 0.000045 -0.000201 0.000046 -0.000023 -0.293419 0.000087 0.000037 -0.000037 -0.017176 0.000035 -0.000011 0.000048 0.000017 0.000001 0.399506 0.000068 -0.185332 0.110694 -0.000067 -0.168526 -0.032076 0.000093 0.000000 0.000084 -0.001349 0.000105 0.001787 -0.000008 -0.000023 -0.000012 -0.000035 0.206144 -0.000040 -0.133091 -0.000003 0.000058 -0.000033 0.066777 0.000031 -0.005056 -0.028239 -0.000041
-0.000085 -0.000009 0.000022 0.011778 0.000027 0.095754 -0.000002 -0.000148 -0.000043 0.000107 0.000001 -0.000017 -0.203649 -0.000043 -0.000010 -0.000006 0.016210 0.000065 -0.000051 -0.000086 -0.000004 -0.000130 0.193785 -0.000036 -0.132033 -0.034405 -0.000019 -0.240041 -0.086600 0.000067 0.000001 -0.000048 -0.001520 -0.000066 0.014529 0.000014 -0.000003 -0.000034 0.000028 0.030294 -0.000007 -0.282274 0.000002 -0.000012 -0.000070 0.089267 -0.000005 -0.005107 -0.028309 -0.000021
0.000033 -0.000016 0.000032 -0.111062 0.000009 0.066080 -0.000044 -0.000019 0.000023 -0.000336 -0.000006 -0.000067 0.037738 0.000019 0.000077 -0.000012 0.042537 0.000066 0.000163 0.000083 0.000003 -0.000133 0.176364 -0.000025 -0.110406 -0.182403 0.000027 -0.115403 0.089527 0.000055 -0.000001 0.000067 -0.001937 0.000035 0.006729 -0.000012 -0.000015 -0.000033 -0.000048 0.293773 -0.000016 -0.397681 -0.000087 0.000048 -0.000041 0.070860 -0.000026 -0.005353 -0.028325 -0.000060
-0.000026 -0.000066 0.000002 -0.147918 -0.000071 0.038080 0.000050 0.000028 0.000017 0.000049 0.000032 -0.000019 0.019045 0.000032 0.000021 -0.000045 0.152626 0.000059 -0.000067 -0.000182 -0.000009 0.000087 0.219359 0.000019 -0.061301 -0.302247 0.000026 -0.063766 -0.011152 -0.000017 0.000006 -0.000073 -0.001607 0.000051 0.001591 0.000021 -0.000009 -0.000010 0.000016 0.425359 -0.000078 -0.285043 0.000092 0.000001 0.000015 0.037379 0.000047 -0.005853 -0.028355 0.000065
0.000060 -0.000015 -0.000014 -0.135311 -0.000068 0.003766 -0.000050 -0.000057 0.000002 0.000079 -0.000013 0.000022 0.217609 0.000088 0.000009 -0.000116 0.166351 -0.000017 -0.000083 -0.000026 -0.000002 -0.000148 0.052731 -0.000039 0.016514 -0.285102 0.000028 0.029759 0.036106 0.000030 -0.000004 -0.000022 -0.001525 -0.000043 0.001496 -0.000003 -0.000034 -0.000044 0.000034 0.494399 0.000039 -0.160305 0.000030 -0.000047 -0.000037 0.003870 -0.000078 -0.005465 -0.028283 0.000021
-0.000018 0.000015 0.000037 -0.051274 -0.000009 0.003737 -0.000005 0.000013 -0.000011 -0.000064 -0.000029 0.000003 0.275894 0.000029 -0.000023 0.000056 0.089204 0.000003 0.000047 -0.000040 0.000008 0.000047 0.008283 0.000052 0.162338 -0.271500 0.000004 0.064831 -0.064548 0.000013 0.000000 -0.000017 -0.001531 -0.000080 0.001580 0.000011 0.000015 0.000040 0.000017 0.444142 0.000005 -0.241899 -0.000040 0.000014 -0.000028 0.003759 -0.000015 -0.005211 -0.028259 0.000001
0.000102 -0.000060 -0.000007 -0.174885 0.000026 0.020643 -0.000032 -0.000080 0.000016 0.000075 -0.000066 -0.000014 0.202461 0.000086 0.000036 0.000120 0.210590 -0.000051 -0.000150 -0.000010 0.000006 0.000061 -0.126378 0.000017 0.172309 -0.297806 -0.000027 -0.002947 -0.035454 -0.000079 -0.000001 -0.000023 -0.001566 0.000019 0.001838 0.000012 0.000037 0.000026 0.000026 0.444995 -0.000068 -0.285242 0.000002 -0.000034 0.000043 0.015803 0.000041 -0.005212 -0.028314 0.000041
-0.000174 -0.000022 -0.000040 -0.187918 0.000028 0.059918 0.000065 -0.000060 0.000009 0.000098 0.000034 0.000084 0.078104 -0.000072 -0.000010 -0.000011 0.046538 0.000016 0.000013 0.000146 0.000002 -0.000059 -0.322160 -0.000013 0.138463 -0.442688 0.000012 -0.040658 -0.037889 0.000216 0.000002 0.000105 -0.001554 0.000032 0.002069 0.000009 -0.000002 -0.000024 -0.000035 0.125626 0.000003 -0.514435 -0.000019 -0.000052 0.000002 0.057149 0.000037 -0.005510 -0.028262 -0.000005
0.000331 -0.000035 -0.000035 -0.092102 0.000031 0.050455 -0.000008 0.000037 0.000023 -0.000135 -0.000006 0.000059 0.000763 -0.000073 0.000025 0.000041 0.251680 0.000026 -0.000080 0.000020 -0.000029 0.000035 -0.652189 -0.000049 0.081072 -0.402033 0.000011 -0.017385 0.031218 0.000076 -0.000007 0.000012 -0.001602 0.000022 0.002041 -0.000021 0.000001 0.000025 -0.000077 0.119342 -0.000007 -0.414864 -0.000025 0.000002 0.000022 0.058008 -0.000024 -0.005018 -0.028193 0.000015
0.000034 -0.000017 -0.000018 -0.118447 0.000011 0.052055 -0.000030 -0.000011 0.000014 0.000126 -0.000031 0.000002 -0.054905 0.000041 0.000012 -0.000088 0.263934 0.000026 -0.000120 0.000052 -0.000012 -0.000090 -0.721844 -0.000038 0.260137 -0.327313 -0.000012 -0.083539 0.202102 -0.000080 0.000002 -0.000013 -0.001543 0.000087 0.001834 0.000041 -0.000077 0.000045 -0.000025 0.085733 0.000010 -0.649311 -0.000013 -0.000018 -0.000052 0.074211 -0.000014 -0.004846 -0.028193 -0.000008
0.000070 -0.000069 -0.000004 -0.061649 -0.000014 0.028718 0.000029 0.000003 -0.000022 -0.000233 -0.000049 0.000037 -0.129735 0.000076 0.000025 -0.000080 0.361204 -0.000016 0.000077 0.000078 -0.000013 0.000041 -0.655082 0.000018 0.267062 -0.043796 0.000017 -0.065061 0.312365 -0.000009 0.000002 0.000049 -0.001443 -0.000078 0.001484 0.000013 0.000025 0.000018 0.000022 -0.097005 -0.000187 -0.485364 0.000016 0.000039 -0.000031 0.041100 -0.000020 -0.005179 -0.028260 0.000036
-0.000008 -0.000059 0.000042 0.019174 -0.000131 0.050618 0.000035 -0.000033 -0.000013 -0.000065 -0.000007 0.000057 -0.058973 -0.000057 -0.000031 -0.000103 0.292869 0.000034 -0.000081 0.000053 0.000000 -0.000032 -0.691284 -0.000006 0.304629 0.013261 0.000025 -0.016286 0.254018 0.000081 -0.000000 0.000042 -0.001760 -0.000033 0.001354 -0.000008 0.000020 -0.000031 0.000072 -0.146464 -0.000082 -0.448639 0.000036 0.000010 -0.000007 0.038955 0.000006 -0.004927 -0.028252 0.000010
0.000120 0.000040 0.000008 0.033176 0.000011 0.035107 0.000029 -0.000057 -0.000047 0.000030 -0.000034 -0.000021 -0.000306 0.000016 -0.000048 0.000055 0.323666 0.000019 0.000042 0.000045 0.000019 -0.000001 -0.695360 -0.000067 0.211422 -0.070859 -0.000014 -0.149110 0.328580 0.000023 0.000000 -0.000073 -0.001490 -0.000007 0.001310 -0.000039 0.000019 0.000037 0.000003 -0.262785 -0.000014 -0.281145 0.000069 -0.000017 0.000002 0.037979 0.000013 -0.004628 -0.028197 0.000044
0.000019 0.000034 -0.000009 0.059146 -0.000000 0.029105 -0.000044 0.000057 -0.000008 0.000060 -0.000022 -0.000044 0.041519 -0.000129 -0.000062 -0.000089 0.164769 -0.000020 0.000017 0.000024 0.000045 -0.000048 -0.616263 -0.000018 0.103734 0.012787 0.000010 -0.116305 0.423047 0.000027 -0.000004 0.000072 -0.001553 -0.000045 0.001245 -0.000000 -0.000034 0.000057 0.000000 -0.182606 0.000025 -0.144704 -0.000040 -0.000028 0.000083 0.028705 -0.000012 -0.004624 -0.028216 -0.000013
0.000010 -0.000000 0.000023 0.007027 0.000012 0.059182 0.000028 -0.000062 0.000064 -0.000119 -0.000024 -0.000063 0.134210 -0.000030 0.000042 0.000044 0.103029 0.000010 -0.000042 -0.000124 0.000008 -0.000009 -0.282910 -0.000029 0.125685 -0.013939 0.000041 -0.147595 0.395077 0.000059 -0.000006 -0.000015 -0.001565 -0.000090 0.001301 0.000009 0.000032 -0.000013 0.000016 -0.413066 -0.000041 -0.175673 -0.000019 0.000020 0.000009 0.043259 0.000015 -0.004671 -0.028254 -0.000004
0.000002 0.000034 -0.000007 -0.259218 -0.000017 0.054816 0.000035 -0.000026 0.000012 -0.000056 0.000105 0.000024 0.172750 0.000011 0.000024 0.000073 0.031716 -0.000080 -0.000142 -0.000036 -0.000011 -0.000004 -0.067377 0.000058 -0.093666 -0.088368 -0.000007 -0.024170 0.387159 -0.000040 0.000007 0.000005 -0.001761 0.000103 0.001357 -0.000004 0.000063 0.000041 -0.000062 -0.404491 -0.000007 0.139651 0.000017 0.000023 -0.000022 0.053905 0.000046 -0.004824 -0.028236 -0.000009
-0.000064 0.000009 0.000002 -0.143143 0.000033 0.051079 0.000006 -0.000035 0.000015 0.000032 -0.000038 0.000030 0.120534 -0.000017 -0.000014 0.000025 -0.066548 0.000046 0.000100 0.000082 -0.000001 0.000036 0.017765 -0.000013 -0.007054 -0.217573 -0.000004 -0.000290 0.339496 -0.000036 0.000008 -0.000040 -0.001655 -0.000039 0.001525 -0.000026 0.000052 0.000145 -0.000061 -0.245261 -0.000022 0.250086 -0.000069 0.000005 0.000040 0.048507 -0.000012 -0.004806 -0.028154 0.000036
0.000021 -0.000057 0.000032 -0.128858 -0.000049 0.037010 -0.000026 -0.000059 0.000012 -0.000197 -0.000019 0.000070 0.082330 -0.000002 0.000023 -0.000047 -0.138845 -0.000020 0.000238 -0.000019 -0.000012 0.000032 0.127728 -0.000008 -0.136279 -0.067737 -0.000039 -0.008762 0.062712 0.000030 0.000006 0.000065 -0.001895 -0.000102 0.001501 -0.000010 0.000003 -0.000014 0.000050 -0.430642 0.000013 0.484715 0.000016 0.000013 -0.000083 0.016988 0.000025 -0.005032 -0.028261 0.000013
0.000054 -0.000003 -0.000012 -0.141396 -0.000009 0.002254 -0.000034 -0.000032 -0.000028 -0.000022 0.000015 -0.000054 0.061895 0.000007 0.000058 -0.000005 -0.214918 0.000097 -0.000100 0.000199 -0.000027 0.000036 0.218366 -0.000035 -0.047196 0.130133 -0.000012 0.117162 -0.031554 -0.000153 0.000009 -0.000048 -0.001449 -0.000086 0.001426 0.000030 0.000061 -0.000026 -0.000005 -0.288189 -0.000059 0.674732 0.000015 -0.000023 0.000030 0.002341 0.000004 -0.005137 -0.028167 -0.000008
0.000105 0.000099 0.000008 0.063929 0.000066 0.003342 0.000008 0.000066 -0.000023 -0.000027 0.000014 0.000107 0.007418 -0.000066 0.000025 -0.000017 -0.277882 0.000057 0.000088 0.000010 -0.000019 0.000024 0.148664 0.000035 0.013183 0.358260 0.000040 0.139325 -0.048392 -0.000111 0.000002 -0.000009 -0.001430 0.000012 0.001462 0.000020 0.000060 0.000012 0.000028 -0.443498 -0.000051 0.735735 0.000006 -0.000047 -0.000022 0.014772 -0.000014 -0.005391 -0.028213 -0.000004
0.000038 -0.000034 0.000015 0.148797 -0.000085 0.032346 0.000042 0.000032 0.000046 -0.000176 0.000015 0.000054 -0.199945 0.000005 0.000038 -0.000072 -0.197145 -0.000015 -0.000004 -0.000029 0.000003 0.000071 0.001944 0.000038 -0.097179 0.357551 0.000012 0.065791 -0.058971 0.000047 -0.000004 0.000021 -0.001462 0.000068 0.001716 -0.000008 0.000021 0.000016 0.000012 -0.491247 -0.000071 0.563699 0.000017 -0.000020 0.000015 0.043931 0.000043 -0.005522 -0.028242 0.000037
0.000020 -0.000017 -0.000025 0.270281 0.000009 0.103156 -0.000005 0.000035 -0.000010 -0.000043 -0.000045 -0.000030 -0.282992 -0.000068 0.000026 0.000002 -0.242679 -0.000098 -0.000198 -0.000042 0.000003 -0.000057 -0.109805 0.000065 -0.095045 0.334761 -0.000064 -0.148004 -0.311765 -0.000025 0.000005 0.000036 -0.001370 0.000071 0.009622 0.000010 0.000102 0.000018 0.000104 -0.562401 -0.000063 0.651131 -0.000036 0.000060 -0.000063 0.086500 0.000025 -0.005475 -0.028230 -0.000011
-0.000023 -0.000024 0.000019 0.463530 0.000024 0.129668 -0.000038 -0.000035 -0.000007 -0.000049 -0.000086 0.000016 -0.441406 0.000125 -0.000027 -0.000018 -0.413358 0.000025 0.000101 -0.000143 -0.000014 0.000021 0.062331 0.000018 -0.197806 0.116564 0.000049 -0.068445 -0.369870 0.000045 -0.000004 0.000014 -0.001299 0.000025 0.027176 0.000037 0.000062 -0.000057 -0.000049 -0.606348 0.000006 0.609670 0.000019 0.000046 0.000011 0.146422 -0.000021 -0.005808 -0.028251 0.000025
0.000042 0.000024 0.000059 0.429462 -0.000027 0.106976 -0.000001 0.000019 0.000020 0.000009 -0.000001 0.000059 -0.407636 0.000059 0.000013 -0.000040 -0.265444 0.000100 -0.000080 -0.000154 -0.000018 -0.000071 0.182993 -0.000023 -0.334029 0.186881 -0.000022 0.039410 -0.526525 -0.000002 0.000000 0.000002 -0.001447 0.000016 0.023115 0.000030 0.000010 0.000109 -0.000046 -0.450243 0.000147 0.641726 0.000135 -0.000033 0.000074 0.116771 0.000012 -0.005665 -0.028274 0.000040
0.000136 -0.000012 -0.000004 0.473107 0.000015 0.103794 -0.000021 -0.000117 -0.000032 0.000108 -0.000056 0.000007 -0.318298 -0.000011 0.000048 0.000014 -0.275639 -0.000013 0.000097 -0.000056 0.000012 0.000023 0.536561 0.000026 -0.238638 0.105509 0.000004 0.182451 -0.580922 -0.000046 0.000002 -0.000019 -0.001683 0.000069 0.011562 0.000000 -0.000040 0.000005 -0.000018 -0.366625 -0.000072 0.571821 0.000021 -0.000045 0.000007 0.115940 0.000012 -0.005691 -0.028336 0.000002
-0.000007 0.000044 -0.000040 0.157732 -0.000049 0.109420 0.000014 -0.000011 0.000038 0.000083 -0.000022 0.000065 -0.153422 -0.000052 -0.000011 0.000012 -0.345666 -0.000048 -0.000059 -0.000138 -0.000013 0.000048 0.579816 -0.000016 -0.254806 0.036288 0.000024 0.123087 -0.584585 -0.000026 0.000004 0.000060 -0.001366 -0.000000 0.016613 -0.000017 0.000120 -0.000075 0.000015 -0.088177 0.000024 0.358271 -0.000062 -0.000005 -0.000111 0.097748 0.000037 -0.005620 -0.028387 -0.000060
-0.000130 -0.000080 -0.000054 0.118052 0.000082 0.105344 0.000017 0.000038 -0.000016 0.000134 0.000052 -0.000022 -0.064634 -0.000032 -0.000038 -0.000069 -0.259625 -0.000098 0.000015 -0.000081 -0.000036 0.000021 0.743729 -0.000054 -0.260085 0.080313 -0.000033 0.221545 -0.456097 0.000064 0.000004 0.000031 -0.001394 -0.000043 0.016473 0.000004 0.000092 -0.000029 0.000034 0.056823 0.000082 0.066408 -0.000019 0.000089 -0.000032 0.093198 0.000026 -0.005688 -0.028389 -0.000016
-0.000013 0.000046 -0.000016 0.125310 0.000040 0.078956 -0.000009 0.000062 -0.000016 0.000052 -0.000018 -0.000020 -0.005164 0.000054 0.000012 -0.000029 -0.309945 -0.000101 0.000070 -0.000070 -0.000001 0.000074 0.846772 -0.000018 -0.204889 0.097263 -0.000004 0.223694 -0.479622 0.000009 0.000001 0.000070 -0.001522 -0.000008 0.016989 0.000018 -0.000020 -0.000050 -0.000015 0.122582 0.000004 0.001047 0.000013 0.000028 -0.000001 0.084469 -0.000036 -0.005684 -0.028324 0.000014
-0.000040 -0.000061 0.000018 0.073888 0.000001 0.060327 -0.000026 0.000039 0.000035 -0.000143 0.000017 -0.000096 -0.001332 -0.000171 -0.000064 -0.000080 -0.130795 -0.000011 -0.000064 0.000032 0.000035 -0.000044 0.679125 -0.000021 -0.130250 -0.042085 0.000011 0.128792 -0.264679 0.000032 0.000001 -0.000026 -0.001402 0.000134 0.002085 -0.000036 -0.000021 0.000026 -0.000033 0.525758 -0.000008 -0.061511 -0.000036 -0.000059 -0.000014 0.048436 0.000025 -0.005424 -0.028329 -0.000063
0.000039 0.000009 -0.000029 -0.063857 -0.000044 0.042964 0.000014 0.000041 0.000013 0.000073 0.000041 0.000006 0.144878 0.000077 0.000021 0.000018 -0.274688 0.000026 -0.000006 0.000006 0.000001 0.000072 0.868430 0.000024 0.062314 0.063626 0.000017 0.242466 -0.288004 0.000216 -0.000004 0.000015 -0.001484 0.000069 0.001937 0.000032 -0.000065 0.000004 0.000051 0.621646 -0.000027 -0.298317 -0.000013 -0.000023 0.000001 0.050822 -0.000040 -0.005315 -0.028376 -0.000058
0.000031 -0.000014 -0.000040 -0.140965 -0.000022 0.054286 0.000001 -0.000058 0.000028 -0.000280 0.000068 -0.000022 0.071184 -0.000059 0.000002 -0.000026 -0.184350 -0.000008 -0.000123 -0.000036 0.000002 -0.000046 0.665971 0.000024 0.052934 0.006493 -0.000021 0.081287 -0.438932 -0.000093 0.000007 -0.000047 -0.001509 -0.000031 0.002005 0.000021 0.000029 0.000018 0.000030 0.553942 0.000083 -0.423882 0.000030 -0.000092 -0.000025 0.040626 -0.000024 -0.005330 -0.028316 -0.000012
-0.000163 -0.000048 -0.000022 -0.064617 0.000035 0.085491 -0.000041 -0.000017 0.000022 -0.000032 -0.000002 0.000036 -0.120187 -0.000129 0.000002 -0.000024 -0.281684 0.000049 -0.000007 -0.000130 0.000028 0.000045 0.495770 0.000024 -0.001040 0.188943 -0.000008 0.057553 -0.408053 -0.000057 -0.000001 0.000013 -0.001426 0.000012 0.008646 -0.000030 0.000027 -0.000024 -0.000013 0.467783 -0.000014 -0.242462 0.000018 0.000022 -0.000064 0.103810 -0.000008 -0.005060 -0.028238 -0.000021
-0.000076 0.000044 0.000039 -0.104327 -0.000002 0.119675 -0.000011 -0.000024 0.000006 -0.000045 0.000013 -0.000041 -0.165945 -0.000051 -0.000011 0.000095 -0.313078 -0.000054 -0.000136 0.000032 -0.000020 -0.000080 0.370014 0.000028 -0.145831 0.137847 -0.000003 0.035929 -0.381270 -0.000037 -0.000008 0.000021 -0.001578 -0.000010 0.022643 -0.000009 -0.000032 0.000037 -0.000023 0.266627 0.000046 -0.385928 0.000063 -0.000038 0.000007 0.124867 0.000031 -0.005122 -0.028367 -0.000008
-0.000224 0.000018 -0.000006 0.044106 0.000017 0.080678 0.000081 -0.000036 -0.000012 0.000099 -0.000042 -0.000044 -0.155599 0.000129 -0.000025 -0.000046 -0.160219 0.000033 0.000062 -0.000259 0.000008 -0.000037 0.245616 -0.000002 -0.066605 0.115923 -0.000006 -0.090553 -0.360311 0.000118 -0.000007 0.000045 -0.001506 -0.000061 0.015469 -0.000014 -0.000007 0.000036 -0.000020 0.141506 0.000039 -0.246766 -0.000021 0.000048 -0.000004 0.099647 -0.000013 -0.005143 -0.028242 -0.000036
0.000027 0.000018 -0.000002 -0.015422 0.000007 0.044464 -0.000038 0.000089 0.000001 -0.000003 0.000079 0.000073 -0.090115 -0.000006 0.000013 0.000048 -0.026484 0.000089 0.000096 -0.000041 -0.000004 0.000037 0.250341 -0.000049 0.037987 0.102199 0.000027 0.102874 -0.253093 -0.000018 -0.000003 0.000015 -0.001465 0.000074 0.002039 -0.000012 0.000022 0.000056 0.000019 0.347311 -0.000014 -0.435956 -0.000006 -0.000123 -0.000077 0.051927 0.000008 -0.005059 -0.028351 0.000040
-0.000039 -0.000103 0.000020 0.173053 -0.000003 0.009184 -0.000007 0.000111 -0.000058 -0.000101 -0.000060 -0.000033 0.091848 -0.000030 -0.000025 -0.000047 0.090165 -0.000138 -0.000027 0.000020 -0.000019 -0.000004 0.193904 0.000010 -0.051557 -0.048826 -0.000014 0.211314 -0.101426 -0.000069 -0.000000 -0.000034 -0.001524 0.000107 0.001848 0.000036 -0.000034 -0.000017 -0.000044 0.485244 0.000087 -0.495313 -0.000081 0.000073 -0.000059 0.020104 0.000007 -0.005307 -0.028312 0.000048
-0.000045 0.000022 0.000009 -0.041187 -0.000004 0.018105 -0.000004 0.000031 -0.000006 0.000109 0.000065 -0.000037 0.286534 0.000011 0.000020 0.000055 0.143955 0.000014 0.000011 0.000002 -0.000005 -0.000049 0.037464 0.000035 -0.014490 -0.064552 0.000001 0.163873 0.051641 0.000081 -0.000005 -0.000038 -0.001413 0.000057 0.001876 0.000021 -0.000006 0.000015 0.000027 0.353361 -0.000016 -0.456035 0.000033 -0.000018 -0.000043 0.013494 0.000001 -0.005370 -0.028322 0.000012
0.000080 0.000001 0.000001 -0.085923 -0.000048 0.010531 0.000038 0.000027 0.000012 -0.000367 -0.000030 0.000028 0.393162 -0.000112 -0.000026 0.000063 0.262330 0.000080 0.000106 -0.000079 0.000044 -0.000131 0.059797 -0.000013 0.180877 -0.175414 0.000095 0.190531 0.311074 0.000019 -0.000002 -0.000109 -0.001452 0.000055 0.001737 -0.000001 0.000027 0.000024 0.000016 0.135270 -0.000003 -0.315915 0.000037 -0.000038 0.000021 0.011701 -0.000012 -0.005280 -0.028298 -0.000017
0.000272 -0.000034 0.000021 -0.099177 0.000028 0.018582 -0.000011 0.000033 0.000058 0.000073 -0.000029 0.000128 0.314495 -0.000004 0.000005 0.000069 0.142903 0.000076 -0.000236 -0.000056 0.000013 -0.000012 -0.097495 0.000003 0.248214 -0.121161 0.000015 0.239154 0.411209 0.000038 0.000003 -0.000049 -0.001532 0.000044 0.001683 0.000008 0.000088 -0.000026 0.000074 0.159209 -0.000057 -0.241357 0.000046 -0.000048 0.000023 0.020396 0.000011 -0.005279 -0.028362 0.000029
-0.000154 0.000034 -0.000013 -0.046668 -0.000017 0.026424 -0.000001 -0.000032 0.000041 0.000013 -0.000003 0.000072 0.277146 0.000085 0.000017 -0.000021 0.008502 -0.000011 0.000032 0.000011 0.000028 -0.000029 -0.156662 0.000018 0.245085 0.027635 -0.000035 0.133582 0.295346 -0.000026 0.000002 -0.000009 -0.001390 -0.000035 0.001585 -0.000023 0.000032 0.000037 0.000039 0.103116 -0.000025 -0.371626 -0.000049 0.000023 0.000063 0.032646 -0.000006 -0.005501 -0.028360 0.000023
0.000010 0.000055 -0.000025 -0.159538 0.000000 0.042330 0.000024 0.000102 0.000053 0.000042 -0.000054 0.000066 0.117949 -0.000094 -0.000002 -0.000094 0.018696 -0.000087 -0.000038 0.000081 0.000005 0.000005 -0.214102 -0.000053 0.073832 -0.119707 -0.000067 0.199027 0.243119 -0.000052 0.000003 0.000031 -0.001534 -0.000134 0.001527 -0.000011 -0.000096 -0.000018 -0.000002 -0.008445 -0.000021 -0.229193 -0.000023 0.000028 0.000048 0.044575 0.000025 -0.005270 -0.028300 -0.000033
-0.000027 -0.000025 0.000000 -0.199248 -0.000035 0.080576 0.000034 -0.000042 -0.000041 -0.000028 0.000045 0.000074 0.081637 -0.000027 -0.000098 -0.000000 -0.169064 0.000009 -0.000280 0.000003 0.000015 -0.000000 -0.469578 0.000018 0.127624 0.042072 -0.000024 0.107616 0.350264 -0.000001 -0.000001 -0.000086 -0.001616 0.000145 0.006930 0.000018 0.000023 -0.000066 -0.000012 -0.116025 -0.000126 -0.368972 0.000051 -0.000124 -0.000131 0.070558 0.000019 -0.005348 -0.028306 -0.000022
0.000066 0.000007 0.000031 -0.082771 0.000008 0.067405 0.000057 -0.000094 0.000083 -0.000195 0.000006 -0.000027 0.033838 -0.000057 -0.000003 0.000041 -0.114502 -0.000034 0.000022 0.000025 0.000018 -0.000120 -0.447732 0.000034 0.025713 -0.106422 -0.000003 0.169531 0.204535 0.000065 0.000002 0.000069 -0.001645 -0.000043 0.004614 -0.000012 0.000053 -0.000065 0.000015 -0.004515 -0.000075 -0.132011 -0.000015 -0.000023 0.000020 0.093006 -0.000000 -0.005356 -0.028306 -0.000012
0.000029 0.000000 -0.000027 -0.045238 0.000017 0.079445 0.000004 -0.000059 -0.000066 -0.000077 -0.000003 0.000089 0.000821 -0.000012 0.000050 -0.000006 -0.118110 -0.000048 -0.000155 0.000022 -0.000008 -0.000020 -0.502710 0.000006 0.092212 0.055314 0.000047 0.057505 0.205117 -0.000029 -0.000012 -0.000011 -0.001655 0.000047 0.008132 -0.000005 0.000036 0.000040 -0.000012 -0.125184 0.000035 0.046637 0.000019 0.000047 0.000057 0.076536 0.000009 -0.005373 -0.028277 -0.000037
-0.000087 -0.000035 -0.000023 -0.090493 0.000060 0.085391 0.000095 0.000061 -0.000015 0.000071 0.000081 0.000097 0.086914 -0.000036 -0.000004 -0.000028 -0.072548 0.000037 0.000150 0.000053 -0.000027 0.000025 -0.500806 -0.000044 -0.068224 0.086538 -0.000025 -0.009697 0.035993 0.000021 0.000000 -0.000023 -0.002349 -0.000110 0.014575 0.000010 0.000010 0.000019 0.000048 -0.002728 0.000031 0.073356 -0.000011 0.000022 0.000059 0.099817 0.000026 -0.005326 -0.028267 -0.000033
-0.000087 0.000041 0.000017 0.020785 0.000108 0.085516 0.000004 -0.000031 0.000040 -0.000057 0.000049 -0.000039 0.052878 -0.000036 0.000038 0.000062 -0.140749 0.000036 -0.000207 -0.000006 -0.000025 -0.000021 -0.371048 -0.000053 -0.155149 0.108441 -0.000013 -0.183096 0.161488 -0.000006 -0.000002 -0.000001 -0.002379 0.000016 0.004415 0.000012 0.000057 0.000016 0.000048 -0.092840 -0.000042 0.156843 -0.000007 0.000033 -0.000112 0.077454 -0.000010 -0.005337 -0.028299 0.000040
-0.000145 -0.000013 0.000023 0.096687 0.000008 0.036245 -0.000025 0.000049 -0.000014 -0.000139 -0.000019 -0.000056 0.053651 0.000010 -0.000038 -0.000015 -0.006901 0.000028 -0.000014 -0.000026 -0.000008 0.000061 -0.141143 0.000035 -0.022713 0.135818 0.000005 -0.236486 0.102495 -0.000084 0.000006 -0.000006 -0.001458 -0.000011 0.001322 -0.000000 -0.000000 0.000035 -0.000013 -0.156356 0.000010 0.080614 0.000121 0.000028 -0.000017 0.046381 -0.000028 -0.005218 -0.028345 -0.000040
