0.004002
-0.002254
-0.000423
-0.001197
-1.798859
0.002658
3.928953
-0.023647
-0.000568
-0.015346
-0.007905
0.000202
0.015719
0.000085
5.055502
3.023118
-0.000012
2.816368
0.020163
3.880708
-0.000731
-3.787085
-0.000819
0.006274
-2.980588
-0.023523
-2.356338
0.026127
0.021099
2.944350
6.918305
-0.016325
-0.035030
-0.001641
-2.767015
0.019015
0.021209
-0.000155
2.819498
-0.006824
0.002863
-0.000954
-0.020027
-0.000565
-0.007269
3.772106
0.000729
-0.007192
-0.000301
-0.009876
-0.000304
0.020298
2.868720
-0.022112
0.012025
-0.024562
0.000683
0.010932
-0.002863
-0.029502
0.026792
-0.000358
0.009756
-0.028094
0.015961
-0.000140
-2.798828
0.006045
0.018424
-0.020484
-2.759798
-0.000341
0.017037
0.012591
0.012365
4.851310
-0.017605
-0.019233
-0.000706
-0.000674
0.028320
0.004653
-0.009080
-0.012825
5.344131
-0.000403
-2.513606
0.031789
-0.008689
0.011521
0.030876
-0.001791
0.025668
0.007507
0.000779
0.000246
-0.003229
0.000914
-0.029130
-0.028424
-0.018354
-0.034138
3.307291
-1.901732
0.002352
0.387711
-0.028714
-0.000677
-0.014583
0.004811
-0.002089
-0.004577
-0.001938
0.008615
-0.007125
-2.064614
-0.015425
0.004943
-0.025448
0.000078
-0.045220
4.068581
6.222683
-0.038987
0.001189
0.000196
5.979963
-0.000289
-0.000340
-0.019793
0.000547
0.009446
4.049465
-0.000095
-0.000008
0.001094
0.006378
-0.001151
-3.904112
-0.014132
-3.145012
0.005768
0.010387
0.003566
-3.905237
0.011710
-2.063864
0.018059
-2.587246
-0.002511
3.102670
-0.025036
-0.017835
-2.091791
0.004386
-2.944343
-0.000483
4.286503
5.001537
-3.995214
-0.000002
-2.465910
-0.010002
-0.005438
0.000549
-0.031912
6.592749
8.674756
-0.012297
0.032610
0.001281
-0.014286
-0.001744
-0.002553
-0.002127
