-0.007620
-0.007553
-0.000287
-0.000220
0.024696
-0.000927
-0.000746
0.010406
-0.006465
-0.002038
0.005854
-0.001586
-0.039749
-0.002508
-0.004971
-0.002279
0.036792
-0.005603
-0.003971
-0.044546
-0.025034
-0.000132
0.018892
-0.012665
-0.024937
0.019655
0.040440
-0.007019
-0.008647
-0.000337
0.035132
-0.008456
0.015254
-0.018211
-0.000469
0.012690
0.040156
-0.001546
-0.003263
-0.000244
-0.000232
0.041441
-0.007861
0.018047
-0.006938
-0.005592
-0.000383
0.016047
-0.002349
0.006104
-0.003706
-0.025303
0.017688
-0.015045
-0.016507
-0.000620
-0.000737
0.042716
0.000747
0.015893
-0.015505
-0.032624
-0.033890
0.033052
-0.008486
-0.000706
-0.040521
-0.001672
-0.042324
-0.010139
-0.000251
-0.004328
0.021145
-0.000900
0.027796
-0.003012
0.018710
-0.000820
-0.020079
-0.008461
-0.007075
-0.000032
-0.037632
-0.033835
-0.032324
-0.002305
-0.009244
-0.000856
-0.001700
-0.028869
0.017218
-0.000758
0.000232
0.000070
-0.000804
-0.005093
-0.001727
-0.000234
-0.000114
0.029240
0.017942
-0.009060
0.000292
0.000694
0.038785
-0.000112
-0.000352
0.026751
-0.001170
-0.000658
-0.000361
-0.022827
-0.002004
0.054262
-0.001560
-0.014995
0.055615
-0.042816
-0.021294
0.030012
0.043454
0.012956
0.036845
-0.001090
0.021025
-0.001072
-0.007567
-0.041213
-0.043658
-0.001355
0.019935
0.001021
-0.000212
-0.002314
0.024632
-0.002028
-0.012047
0.006498
-0.005334
-0.003563
-0.009048
-0.000219
0.012626
-0.000367
-0.001788
-0.001336
-0.001082
-0.000934
0.060639
-0.017714
-0.027553
-0.001400
-0.007491
-0.001252
0.015402
-0.002436
-0.014890
-0.003808
-0.003093
-0.014812
-0.011469
-0.006644
0.060653
-0.000370
-0.009435
-0.006934
