-0.348996
0.028270
-0.001224
-0.004812
-0.002431
-0.008426
-0.007449
-0.011616
-0.366271
-0.006954
-0.006260
-0.368410
-0.004333
-0.509603
-0.001026
-0.005639
-0.020926
-0.008394
-0.004926
0.341762
-0.443650
-0.003402
-0.003584
-0.002817
-0.008561
-0.001265
0.044550
-0.001633
-0.002111
-0.431900
-0.088908
0.018989
-0.003388
-0.030323
0.368743
-0.003482
-0.316260
-0.164499
0.290730
0.285430
-0.364097
-0.009719
-0.009041
-0.001675
-0.003966
-0.002133
-0.443465
-0.000039
-0.154993
-0.003929
-0.126087
-0.004768
-0.003132
-0.000025
-0.002286
-0.003684
-0.515783
-0.203666
-0.011577
-0.439712
0.000183
0.412660
-0.023521
-0.002268
-0.267757
-0.145873
-0.395161
-0.002820
-0.003602
0.309170
0.432514
0.007424
-0.004254
-0.002961
-0.323719
0.298921
-0.358681
-0.277029
-0.317803
-0.350709
-0.001158
0.008356
-0.001623
-0.109292
-0.412570
-0.011311
-0.019846
-0.003093
-0.000334
-0.026572
-0.004661
-0.016192
-0.153323
-0.008168
-0.263584
-0.008515
-0.393595
-0.002830
-0.002664
-0.309497
-0.002032
-0.002259
-0.003188
-0.004275
0.022256
-0.007938
-0.005077
-0.001243
-0.621028
-0.002538
-0.006667
-0.030306
-0.249663
-0.001324
-0.001740
-0.026222
-0.007183
0.000632
-0.006818
-0.002518
-0.001625
-0.412417
-0.003111
0.064283
-0.002146
-0.601516
0.058742
-0.341211
-0.441824
0.260218
-0.516327
-0.001795
-0.008702
-0.020236
-0.000053
0.173435
-0.504763
-0.014015
-0.022462
-0.003489
0.234093
-0.008800
-0.003445
-0.327032
