-6.165330
3.338744
-0.012571
-0.015873
0.013164
-0.022755
-5.348238
-4.583308
-6.754042
-3.558334
0.002646
-5.734361
-0.023425
-6.531654
-0.001066
-0.004184
-0.000227
0.000663
0.001261
4.630516
-6.382717
-3.529551
-0.018207
0.045871
-0.028346
-0.002023
0.160508
0.001864
0.017255
-6.261290
-6.296453
0.004854
-0.011690
-3.760844
4.390478
0.010320
-5.858414
-6.660199
6.257083
5.363705
-6.818199
-0.001995
0.035758
-0.006625
0.008639
-0.008636
-7.907845
-0.000040
-6.600971
-2.972670
-7.140317
0.009430
-0.016055
0.000525
2.617832
0.018033
-6.847673
-7.085993
-1.520095
-6.545067
-0.000427
5.670032
0.014183
-4.342250
-6.712114
-5.996359
-7.083174
0.148545
0.001131
2.528582
5.435762
0.000387
-0.006693
-0.001002
-6.087677
6.045215
-6.543221
-8.752677
-8.125841
-6.417778
-4.472325
-5.034475
-4.016985
-5.776423
-7.606550
-3.581172
-2.954154
-2.260465
-0.007539
-2.767868
0.003160
0.016860
-7.000878
-0.002207
-5.110613
-2.772495
-6.298745
-0.007066
-4.452702
-6.579300
-3.766864
-0.002292
0.013389
-3.098266
-4.965991
0.024705
-2.825693
0.005113
-7.196988
-0.011019
-0.010132
-4.815395
-6.215942
-2.695618
0.019407
-4.407038
0.011290
0.000806
0.005984
0.235051
-0.008126
-6.246612
0.003291
3.386642
0.023522
-6.999031
0.119291
-6.846922
-6.431180
6.057998
-7.474112
0.006063
0.150198
-4.220966
0.000133
2.053048
-5.995924
0.003502
-2.312594
0.014365
3.857630
-0.002278
-5.634636
-7.990343
