0.010167
0.008162
0.035528
2.647481
0.012767
0.000179
0.001864
-0.000437
0.002284
-0.000027
0.000046
-0.035959
-0.856750
0.000007
-0.000673
0.042133
0.020986
0.004971
-0.008930
-2.688954
-0.005661
0.030372
-0.029318
0.009516
-0.038118
0.030599
0.017604
0.011185
-2.710784
0.000053
-0.025453
0.016575
-0.002592
-2.912090
0.000001
-0.000216
-0.026996
0.033205
-0.004072
-1.347938
-1.583421
4.079988
-0.002592
-0.000002
-0.019054
-0.025274
0.029791
-3.291864
0.000002
-0.000342
-0.009294
0.017401
-0.002156
0.003126
0.002785
-0.014203
-1.588051
-0.000091
0.010640
0.034939
5.444309
-0.000014
0.002051
-0.000148
0.029304
-0.002671
-0.000309
4.953102
-0.008054
-1.424574
-0.004150
0.002442
0.028926
0.001018
0.006636
-1.288580
-0.016172
0.000329
0.000453
5.540448
-1.193035
-0.004898
-0.000186
0.002628
0.009629
-1.565658
0.006788
-0.000380
-0.002561
-0.033533
-1.043982
-0.011706
-0.015685
0.009709
-0.024457
0.014046
-0.014936
0.006626
-3.105739
0.000640
-0.001704
-0.000116
3.735045
0.000240
0.000804
-0.026235
-0.016622
0.031973
-0.014916
4.468319
-0.013916
-0.012421
3.569149
-0.000081
0.002951
0.016107
-0.040977
-0.001114
0.001327
-1.172076
0.009236
-0.004695
0.021936
-0.011629
0.016702
0.007961
-2.395186
-3.253924
-0.000487
0.009380
-0.000548
-0.002134
0.020123
-0.008911
-0.022669
-0.006812
-2.216178
0.000121
-0.024802
0.000057
-0.000024
-0.897458
0.007016
0.005329
-0.000978
0.000206
-0.028341
-0.001488
-0.001908
-0.029806
-0.003781
-0.025213
0.000573
5.503641
-0.000319
0.242841
0.001085
-0.001229
-0.018336
0.001431
0.000058
0.011230
-0.000714
-0.034133
