0.033751
0.018547
0.016457
0.004324
-0.009548
-0.020827
0.003361
0.001239
0.016779
-0.000693
-0.000705
0.055746
-0.032922
0.016622
0.034737
-0.001620
-0.000699
0.052872
-0.024414
-0.002090
-0.000517
-0.005570
-0.019801
-0.000583
-0.034263
-0.002521
-0.004711
0.019197
-0.000459
0.021448
-0.001790
-0.023869
-0.018119
-0.000249
0.038396
-0.000087
-0.030540
0.029124
-0.050180
0.021716
-0.021326
0.000208
-0.002653
0.019241
-0.000618
-0.004495
0.020466
-0.000344
-0.031537
0.057041
-0.056143
-0.000209
-0.002497
-0.009987
0.019291
-0.004353
-0.003009
-0.000253
-0.000094
-0.000275
0.050001
-0.000115
-0.000455
-0.002710
-0.000685
-0.000495
0.004835
-0.000577
-0.000106
-0.001963
-0.002440
-0.000070
-0.001760
-0.000651
-0.026385
0.052243
-0.000881
-0.001490
-0.041406
-0.002495
-0.000991
-0.011581
0.029250
0.051960
0.040961
-0.004432
0.020341
-0.016711
-0.000831
-0.003394
0.000750
0.047453
-0.004054
-0.000151
-0.009530
0.052492
0.044538
-0.005528
-0.001197
-0.000424
-0.016937
-0.000242
-0.000432
-0.010557
-0.009175
-0.001150
-0.033236
-0.000795
-0.005047
0.020147
-0.018272
0.018802
0.017078
-0.001815
-0.030570
0.037451
-0.036567
-0.015855
-0.037330
0.037458
0.044373
-0.003992
0.008930
-0.000262
-0.005079
0.020158
0.020519
-0.000382
-0.000254
-0.001193
-0.007767
