-0.371104
-2.068409
-1.679321
1.689306
2.152208
1.327210
2.254827
-0.000150
-1.985922
-0.017284
0.000068
-0.926552
0.571317
-2.053537
-0.317201
0.001779
0.018133
-0.720554
1.713088
1.466100
0.021708
-0.003778
-0.030239
0.007286
-0.856265
0.017310
-0.027095
-1.686839
0.012556
-1.347974
0.003451
1.434909
0.780680
0.000120
-0.437379
0.000511
0.901156
-0.356614
0.567903
-1.644581
1.504513
-0.002048
1.325299
-2.025671
0.002852
0.020525
-0.209202
0.001077
2.744334
-0.950980
0.530301
0.021132
1.350756
0.014705
-1.843235
1.981038
-0.014244
0.012968
-0.000003
0.025764
-0.691585
-0.000055
-0.001228
0.007447
-0.000436
-0.009819
-0.001045
0.006989
-0.000018
0.000988
-0.009049
0.000109
1.709324
-0.003859
0.343586
-0.775905
-0.005390
1.552581
0.084311
3.090959
2.317582
2.648018
-0.330054
-0.679995
-0.524042
0.013184
-0.184164
2.046595
0.018095
0.000078
1.761250
-0.597673
-0.010346
0.000200
1.872642
-0.770150
-0.482511
-0.013064
-0.000669
-0.001820
0.039064
-0.001263
0.003373
0.625698
1.821377
0.020134
1.256783
0.011299
-0.000046
-1.768921
1.753120
-1.524182
-1.783741
-0.006590
1.809332
-0.439503
1.431159
1.836152
2.766173
-0.424750
-0.578927
0.012740
-0.057191
-0.005733
0.447081
-1.358721
-1.771650
-0.002037
-0.000956
-0.006503
-0.020818
