-0.001782
-0.000537
0.002827
0.002864
-0.367435
0.000004
-0.002281
-0.000998
0.004971
-0.182903
-0.000798
-0.001136
-0.001821
-0.002436
-0.234312
0.144862
-0.066439
0.006638
-0.001014
0.000640
-0.222144
0.194919
0.004844
-0.116562
-0.000208
-0.005775
-0.012690
0.003310
-0.000542
-0.000555
-0.001202
0.067957
-0.000063
0.141585
0.000749
-0.000900
-0.000075
-0.153606
-0.317127
0.002028
-0.001966
-0.000117
-0.000549
-0.078907
-0.007352
-0.025955
0.001513
-0.308499
-0.000170
-0.003661
-0.000513
0.000607
-0.009942
-0.000027
0.238181
-0.303035
-0.000012
0.000308
-0.001941
-0.001243
-0.000635
0.093791
-0.004021
-0.000707
0.000777
-0.041642
0.262720
0.026734
0.001501
0.128423
-0.280241
0.276938
-0.000150
-0.000965
-0.000886
-0.001722
-0.370606
0.316358
-0.278728
0.280288
0.300205
0.001565
-0.001437
-0.340153
0.106828
-0.000443
-0.000616
-0.199941
0.000262
-0.053082
-0.000565
-0.077717
0.272589
0.003775
-0.191492
-0.000805
0.000663
-0.404360
-0.002885
-0.004333
-0.000798
0.001117
-0.003286
-0.000766
-0.000696
-0.009610
0.003627
-0.322729
0.157531
-0.443665
-0.091855
-0.000530
0.004885
0.001123
-0.000913
-0.000659
-0.001370
-0.211783
0.004025
-0.001293
0.258932
-0.000871
-0.000092
-0.259427
-0.000813
0.001551
-0.001112
-0.224207
0.169654
0.048287
-0.296558
-0.004376
-0.000881
-0.001988
-0.000669
0.003297
-0.267065
0.152546
-0.000665
0.358604
-0.001140
-0.001797
0.001013
-0.001367
-0.158337
0.003990
-0.000817
-0.000860
-0.170468
-0.004090
-0.000356
0.003010
-0.221782
-0.013047
0.001756
0.002475
0.000138
-0.002147
-0.000752
0.116949
0.004678
0.000565
-0.000576
0.002211
0.233529
0.184912
-0.000443
-0.008427
-0.363378
-0.206260
-0.000392
0.271216
0.263712
0.113551
-0.021860
-0.092590
-0.000791
-0.000154
0.221959
0.162822
0.350677
-0.000702
-0.000101
-0.000426
-0.209619
-0.000059
-0.001781
-0.227784
0.001095
