0.003135
-0.004724
-7.120233
-7.347707
-0.007277
-6.047706
-6.662728
-6.412998
-8.105244
-7.908367
0.010335
-0.003255
-0.027570
-0.007294
0.753536
-0.025590
-0.002840
-0.008095
0.002769
0.001776
-0.004770
-0.004753
-5.992975
-0.005083
-4.830526
-5.818711
0.010981
0.000434
0.010703
4.549901
-0.001784
0.004213
0.012071
0.000175
-0.003756
1.028630
-7.627507
-0.018397
-0.002703
4.932806
5.044609
0.000806
-0.002312
0.001375
-3.618917
-0.012410
0.034495
-0.002583
0.002639
0.010464
0.003096
0.010449
-7.299666
-0.019772
-0.006231
-0.000313
-0.001241
0.001506
0.027599
-7.887209
0.001789
-0.000274
-0.007173
-0.005429
-5.261966
-7.520408
0.000620
0.002827
-0.019245
0.000210
-0.013078
5.549056
0.002472
-0.005856
-0.007608
0.014266
-4.067021
-5.051478
-0.002198
4.808992
-0.033051
6.291153
0.017836
5.059586
0.003258
0.003853
-4.710185
0.033360
-4.201087
5.071162
5.252258
-0.002454
-0.006127
-8.118538
0.003828
-0.004386
5.044452
-6.765080
6.197834
-5.652195
-5.149886
0.003163
0.006683
-7.193250
-5.496694
0.002690
-6.526829
-0.005390
5.879580
3.306056
-0.005336
0.006948
0.952735
0.013820
-0.018284
-0.005345
-0.005419
0.017976
-0.011500
-5.188609
-0.005539
-4.972569
0.008474
-5.522974
4.063558
-6.373860
-6.928207
-0.011731
6.416164
0.004738
-5.651346
0.018491
-0.001833
-5.586084
0.003851
-0.003248
0.004442
-0.005149
0.016723
-7.341847
-0.017138
-5.527626
-7.194851
0.000124
-0.002564
0.011428
-0.015012
0.007172
-6.245448
5.072581
0.000247
-3.718669
-0.002330
-0.000145
-6.036571
-0.014228
5.904244
-0.011013
-0.008779
-0.005396
0.020852
