0.000004 -0.112910 0.000021 -0.248942 -0.000043 -0.000133 -0.298216 -0.507428 0.000089 -0.000140 0.000033 -0.000001 -0.000026 -0.000015 -0.025446 -0.131485 0.109381 -0.188426 0.002205 -0.071314 -0.476431 0.000132 0.126176 -0.000043 -0.251095 -0.000014 0.238294 0.000066 -0.200780 0.005146 -0.105032 0.340980 0.529263 -0.000016 0.224638 0.000009 0.000089 -0.000041 0.012756 0.033511 -0.023605 0.000017 0.229850 -0.000075
-0.000019 -0.160189 0.000002 -0.322411 0.000095 -0.000104 0.139616 -0.002054 -0.000055 0.000152 -0.000010 0.000062 0.000032 0.000103 -0.042182 -0.375774 -0.042750 -0.492027 0.101543 -0.325841 -0.254594 -0.000035 0.094368 0.000050 -0.155862 0.000050 0.184738 -0.000054 0.137438 -0.237289 -0.360663 0.499011 0.243489 0.000038 0.205766 -0.000012 -0.000012 -0.000054 0.169555 0.200337 0.614592 0.000011 -0.003373 0.000020
-0.000014 0.527407 -0.000004 -0.023607 0.000234 -0.000207 0.578006 0.091219 0.000019 -0.000005 0.000007 0.000073 0.000004 0.000021 -0.361013 -0.376267 0.071956 0.152039 0.010451 0.462272 -0.307968 0.000077 0.030218 0.000151 -0.053684 0.000014 0.081960 0.000061 -0.256539 -0.156188 -0.002925 -0.054452 0.083590 -0.000041 0.054328 -0.000053 0.000071 -0.000022 0.420429 -0.067826 0.158912 -0.000048 0.044045 -0.000049
-0.000069 0.227178 -0.000026 0.018238 -0.000017 -0.000269 0.170577 -0.043594 -0.000085 -0.000033 -0.000012 -0.000078 0.000022 0.000032 -0.488447 -0.290906 0.075796 0.222194 -0.287593 0.090087 0.194254 0.000227 0.128128 -0.000072 -0.346029 -0.000020 0.220127 -0.000032 -0.174284 0.134111 0.313598 0.029753 -0.075324 -0.000090 0.217616 0.000066 -0.000020 -0.000015 0.094486 -0.105805 -0.274381 0.000025 0.244438 0.000034
0.000013 0.063379 -0.000044 0.170403 -0.000040 -0.000093 -0.034705 0.149093 0.000048 0.000018 0.000009 0.000014 -0.000008 0.000013 -0.592258 -0.150328 0.121672 0.050545 0.253133 -0.218662 -0.130964 0.000011 0.129522 -0.000014 0.005687 -0.000023 0.018204 0.000263 -0.283996 0.204655 0.157935 0.185497 -0.018318 -0.000062 0.253724 0.000014 0.000021 -0.000031 -0.010957 -0.204794 -0.113732 0.000042 0.227770 0.000001
-0.000007 -0.223907 -0.000018 -0.149548 -0.000028 -0.000127 -0.083315 0.160291 0.000042 0.000035 0.000019 -0.000016 0.000006 -0.000022 -0.199791 -0.165464 0.225821 0.028448 -0.049306 -0.102997 -0.170927 -0.000157 0.124912 -0.000146 0.227394 0.000050 0.054558 -0.000078 -0.150220 -0.312746 -0.006739 0.458385 0.160401 -0.000035 0.181738 0.000010 -0.000040 0.000016 -0.145815 -0.258126 0.120838 0.000009 0.230064 0.000042
-0.000051 0.192685 -0.000046 0.007909 -0.000006 -0.000202 -0.223216 0.443516 0.000101 -0.000004 -0.000008 0.000055 -0.000028 0.000000 -0.013520 -0.015862 0.085612 0.142161 -0.362194 0.024192 -0.351169 -0.000081 0.020140 0.000093 0.235282 0.000044 0.129539 0.000067 0.010445 -0.108939 0.094270 0.314370 0.199264 -0.000012 -0.013702 -0.000025 0.000021 -0.000018 0.119248 0.164834 0.225725 0.000049 0.165953 -0.000091
0.000021 -0.107062 -0.000004 0.061186 -0.000046 -0.000167 0.048093 0.241167 -0.000062 0.000096 0.000015 -0.000022 0.000025 -0.000022 0.008594 -0.278185 -0.140859 -0.302834 -0.444886 -0.257849 -0.137892 -0.000098 0.033908 -0.000002 0.174552 -0.000074 0.359347 0.000152 0.210112 -0.007974 0.196524 0.647190 0.115336 -0.000003 0.034927 0.000083 0.000045 -0.000014 0.015673 0.525641 0.008836 0.000096 0.146123 -0.000035
0.000004 -0.130927 -0.000003 0.469154 0.000180 -0.000272 0.085670 0.320973 -0.000090 0.000029 0.000006 -0.000046 -0.000007 0.000043 0.443398 -0.175764 -0.111431 0.144609 -0.267297 0.135431 -0.271201 -0.000073 0.035649 0.000088 -0.035005 0.000015 -0.287769 -0.000060 0.174941 -0.080890 -0.070796 0.465236 -0.007349 -0.000007 0.109250 0.000024 -0.000003 -0.000001 -0.346293 0.197473 0.234181 0.000067 0.156438 -0.000121
0.000038 -0.393109 -0.000004 0.140653 0.000055 -0.000206 -0.059416 -0.109974 -0.000049 0.000014 -0.000001 -0.000027 -0.000013 0.000036 0.581015 -0.135350 -0.015417 0.243247 -0.073124 -0.468011 -0.124614 0.000166 -0.002929 0.000021 -0.337702 0.000035 -0.047797 0.000014 0.361339 0.468750 0.255110 0.070893 -0.383292 0.000026 0.037514 0.000022 -0.000030 -0.000025 0.398360 -0.375326 -0.285817 -0.000035 0.191461 0.000033
-0.000058 0.042694 0.000034 0.044294 -0.000226 -0.000249 -0.109775 -0.450998 0.000080 0.000028 -0.000002 -0.000088 0.000044 0.000017 0.235580 -0.008014 -0.103725 0.488145 -0.500809 -0.263879 0.336064 0.000165 0.072398 -0.000202 0.077989 -0.000031 -0.015493 0.000052 0.103870 0.323814 0.329842 -0.059906 -0.418497 -0.000070 0.001246 -0.000086 0.000058 0.000022 0.042311 -0.183783 -0.292632 0.000042 -0.104013 -0.000039
0.000040 0.133865 -0.000045 -0.188496 -0.000052 -0.000213 -0.160085 -0.631566 0.000019 -0.000001 0.000012 -0.000084 -0.000030 0.000062 0.169865 -0.285666 0.196084 0.031202 -0.023747 0.359018 0.279095 0.000038 0.072309 -0.000177 0.087960 -0.000015 0.204988 -0.000011 -0.406901 0.352377 -0.004065 0.060488 -0.285290 -0.000016 -0.066730 0.000055 -0.000090 -0.000045 0.194422 -0.226937 -0.276255 0.000071 -0.123016 0.000010
0.000025 0.269816 -0.000009 -0.147272 -0.000086 -0.000158 -0.452348 0.025432 0.000035 0.000019 -0.000088 -0.000067 -0.000018 -0.000058 0.144123 0.092599 -0.026318 -0.181338 0.441977 0.123242 0.295802 -0.000119 0.201488 -0.000112 -0.186649 -0.000007 -0.033885 -0.000041 -0.134822 0.192397 -0.057560 0.341790 -0.119718 0.000049 0.039496 -0.000072 -0.000090 0.000017 0.311089 -0.020466 -0.114178 0.000019 0.055888 -0.000022
-0.000048 0.155274 0.000027 -0.086268 -0.000075 -0.000071 -0.178213 0.034818 -0.000070 -0.000018 -0.000010 0.000026 -0.000031 0.000027 -0.275833 -0.273472 -0.090635 0.017088 0.013923 0.408635 0.167216 0.000098 0.240247 -0.000047 0.018274 -0.000003 0.095082 -0.000081 -0.163146 -0.335045 -0.105607 0.179576 0.460470 -0.000020 0.215858 0.000018 -0.000053 0.000027 0.124421 0.096467 -0.039071 -0.000022 -0.028391 0.000016
-0.000068 0.036403 0.000012 0.082817 0.000001 -0.000271 -0.272637 0.490275 -0.000055 -0.000032 0.000022 -0.000006 -0.000057 -0.000050 -0.333554 -0.365919 -0.403064 -0.253174 -0.154965 0.146783 0.348689 0.000072 0.249840 -0.000070 0.106943 0.000028 0.184559 0.000106 0.356007 -0.174537 0.086157 0.466982 0.361447 0.000038 0.308971 0.000019 -0.000046 -0.000051 -0.112174 0.473214 -0.032272 -0.000054 0.019428 0.000065
-0.000143 -0.025465 -0.000006 -0.148577 0.000127 -0.000276 -0.038675 0.361640 -0.000025 -0.000073 -0.000040 0.000113 0.000010 0.000018 -0.058437 -0.299878 -0.286561 0.259757 0.216887 0.064424 -0.000793 0.000083 0.127525 -0.000106 -0.033705 0.000051 0.103625 0.000076 0.631238 0.214338 0.167359 0.529506 0.221692 0.000015 0.203399 0.000022 -0.000022 0.000031 -0.275791 0.106193 0.040608 -0.000088 -0.087808 -0.000000
0.000049 -0.043958 -0.000007 -0.000317 -0.000166 -0.000290 -0.478427 0.323701 -0.000021 0.000031 0.000015 -0.000060 0.000026 -0.000024 0.105655 -0.275996 -0.524248 0.033356 0.372663 0.281197 -0.180790 0.000173 0.071774 0.000107 -0.234806 0.000048 0.089858 -0.000047 0.211019 0.041397 -0.010783 0.333209 -0.088893 0.000005 0.199150 -0.000103 0.000053 0.000031 -0.285250 -0.122275 -0.048577 -0.000032 -0.146653 -0.000054
0.000040 0.026175 -0.000014 -0.149057 0.000010 -0.000322 0.236736 -0.205882 -0.000033 -0.000042 0.000012 -0.000059 -0.000010 0.000021 -0.061258 -0.064406 -0.130589 0.260307 -0.164203 -0.065431 -0.024014 -0.000068 0.046674 -0.000157 -0.416908 -0.000049 -0.065718 0.000065 0.081964 0.130575 0.108935 0.063509 -0.056355 -0.000018 0.012428 0.000047 0.000008 -0.000015 -0.529029 -0.268220 -0.020660 0.000040 0.338320 -0.000074
0.000205 0.260978 0.000017 0.074871 0.000007 -0.000300 0.021226 0.001372 0.000120 -0.000001 -0.000005 0.000076 -0.000033 -0.000021 0.021395 -0.428935 -0.121462 0.198811 -0.107992 -0.051389 0.201116 0.000058 -0.060759 0.000002 0.209937 0.000019 0.046964 -0.000103 -0.068364 -0.143044 0.378048 0.223013 0.309645 0.000015 -0.078121 0.000023 -0.000044 0.000017 -0.002364 0.028134 0.026443 -0.000048 0.258977 0.000005
0.000102 -0.001873 -0.000005 0.028809 0.000085 -0.000263 0.040926 0.112950 -0.000061 -0.000022 -0.000011 0.000001 -0.000032 -0.000023 -0.003708 -0.139438 0.022788 -0.223646 0.221888 -0.013049 -0.037599 0.000004 0.005007 0.000116 -0.059730 0.000045 0.403083 -0.000102 -0.039387 0.073455 0.076719 0.113216 0.035191 0.000030 -0.003669 0.000019 -0.000005 0.000021 0.160574 -0.090384 -0.398954 0.000022 0.085994 -0.000016
-0.000039 0.015568 0.000017 -0.094391 -0.000083 -0.000175 -0.166945 -0.054034 0.000194 0.000048 0.000020 -0.000058 -0.000054 -0.000016 0.140881 0.093140 0.144127 0.046960 -0.193399 0.029152 -0.131507 -0.000061 -0.027620 0.000067 -0.572321 -0.000003 0.418032 -0.000091 -0.064562 -0.117524 -0.248951 0.308007 -0.358438 0.000026 -0.113685 -0.000170 0.000009 0.000053 0.207909 0.058813 -0.539885 0.000019 0.143858 0.000140
0.000061 -0.242438 0.000025 0.117492 -0.000089 -0.000143 0.020630 -0.011587 -0.000089 0.000052 -0.000036 -0.000002 0.000012 0.000043 0.232755 -0.296294 -0.145682 0.146766 -0.281867 -0.263704 -0.175097 -0.000183 -0.076970 0.000312 -0.100576 -0.000008 -0.265825 -0.000076 -0.160490 0.561700 -0.194142 -0.035552 -0.068147 -0.000001 -0.095812 -0.000013 -0.000083 0.000018 0.401300 0.060178 0.027200 0.000100 0.068076 0.000015
-0.000034 -0.026463 -0.000026 0.146123 0.000013 -0.000100 0.096165 -0.090646 0.000053 -0.000090 -0.000014 -0.000035 -0.000011 0.000024 0.044956 0.012728 -0.358468 0.056169 -0.021167 -0.318115 0.125463 -0.000027 -0.092793 -0.000129 -0.122548 0.000013 -0.309545 -0.000059 0.184792 0.205343 0.231690 -0.049171 -0.028744 -0.000038 -0.182441 -0.000021 0.000015 -0.000038 0.080505 0.009198 -0.006367 -0.000017 0.087308 -0.000069
-0.000089 -0.015121 -0.000022 0.041787 -0.000176 -0.000079 0.120140 0.184868 0.000067 -0.000008 -0.000014 0.000065 -0.000025 -0.000006 -0.106963 0.012601 -0.239760 -0.116556 0.002854 -0.072874 0.107484 0.000081 -0.089798 0.000086 0.280715 -0.000013 -0.415243 0.000036 -0.181128 -0.082278 0.123888 0.142147 0.161600 -0.000008 -0.185638 0.000113 0.000078 -0.000031 0.076946 -0.075715 0.322431 -0.000000 0.364956 0.000025
-0.000094 0.357805 -0.000007 0.326414 0.000022 -0.000087 -0.016366 0.018393 0.000024 0.000017 0.000011 0.000041 0.000032 -0.000102 -0.181673 -0.287628 0.404523 -0.075191 -0.230503 0.169823 0.537794 0.000020 -0.085204 -0.000000 0.333802 -0.000045 -0.145707 0.000018 -0.246980 -0.377686 0.054303 0.037404 0.281997 -0.000076 -0.157420 -0.000036 0.000156 -0.000002 0.176467 -0.317601 -0.157374 0.000026 0.464281 -0.000065
-0.000025 0.181760 -0.000016 -0.094375 -0.000057 -0.000211 -0.007590 0.120786 0.000027 -0.000004 -0.000012 -0.000084 0.000076 -0.000101 0.004872 -0.000159 -0.088458 -0.001767 -0.241454 -0.194006 0.300168 0.000078 -0.152813 0.000059 0.235442 -0.000024 -0.459889 -0.000149 -0.514015 0.015007 0.366958 -0.021246 0.402957 -0.000005 -0.322381 0.000037 0.000018 -0.000074 0.202207 0.093078 0.014496 -0.000009 0.145361 -0.000013
-0.000218 -0.123788 0.000005 -0.154720 -0.000061 -0.000182 -0.055859 0.138412 -0.000022 -0.000035 0.000009 0.000204 -0.000003 0.000018 0.015579 0.192998 -0.111141 -0.225522 -0.032970 0.180718 0.088559 0.000154 -0.130048 0.000020 0.291548 -0.000058 -0.267237 0.000048 -0.065261 -0.376458 -0.027513 0.147868 0.259291 0.000027 -0.249975 0.000033 -0.000008 -0.000015 0.010438 0.321186 -0.171234 -0.000036 0.306571 -0.000006
-0.000026 -0.187990 -0.000024 0.111104 0.000051 -0.000101 0.187163 0.258852 -0.000027 -0.000007 -0.000020 0.000042 0.000024 0.000000 0.368084 -0.414828 0.136841 -0.282741 -0.032920 0.233279 0.248085 -0.000037 -0.265165 0.000057 -0.221726 -0.000012 0.444521 -0.000070 0.121167 -0.062564 0.342878 0.051404 -0.018971 -0.000003 -0.502363 -0.000036 0.000158 -0.000017 0.024924 0.181185 -0.349266 0.000033 0.143387 -0.000021
0.000078 -0.001008 -0.000050 -0.077536 0.000019 -0.000247 -0.072263 0.149611 -0.000019 0.000027 0.000041 0.000015 -0.000006 0.000005 0.290449 -0.361026 0.269381 -0.289012 -0.235336 0.091968 0.540014 -0.000144 -0.116361 0.000197 -0.331892 -0.000023 0.158055 0.000013 0.169493 -0.084875 -0.050683 0.233427 -0.127183 0.000016 -0.452486 0.000012 -0.000046 -0.000016 -0.442524 0.018249 -0.137422 0.000045 -0.039890 0.000030
-0.000031 0.260343 -0.000020 0.049634 -0.000189 -0.000207 0.317283 0.052664 0.000068 0.000075 0.000029 -0.000113 -0.000045 0.000005 -0.080758 0.130294 -0.128321 0.335218 0.336133 0.287482 0.180044 0.000125 -0.044253 0.000014 -0.110933 -0.000008 0.182271 -0.000094 0.144394 -0.034573 -0.297204 0.007476 -0.092962 -0.000041 -0.362722 0.000051 -0.000017 0.000047 0.122677 0.355919 0.016438 0.000030 -0.367745 -0.000038
0.000118 -0.020859 -0.000001 -0.219620 0.000043 -0.000259 -0.030131 -0.685324 0.000048 0.000043 -0.000017 -0.000044 0.000010 0.000049 0.012280 -0.548092 -0.031047 0.590101 0.375190 0.294878 0.070549 -0.000003 0.004873 -0.000039 0.311380 0.000033 -0.281074 -0.000023 0.489500 -0.043151 -0.026615 0.401960 -0.201807 0.000022 -0.165657 -0.000029 -0.000025 0.000045 0.650716 0.138689 0.238688 -0.000042 -0.011023 -0.000003
-0.000036 -0.054255 -0.000007 0.088754 0.000093 -0.000118 -0.300221 0.134341 -0.000083 0.000014 -0.000010 0.000042 -0.000029 0.000011 -0.174982 -0.032091 -0.006548 0.041498 0.161073 -0.345585 0.375481 -0.000138 0.043967 -0.000084 0.086816 0.000116 0.350476 -0.000037 0.387941 -0.164494 -0.279642 0.256520 0.082949 0.000052 -0.042681 -0.000009 0.000081 0.000058 0.136323 0.166410 -0.043415 -0.000005 -0.208644 -0.000058
0.000018 0.083976 -0.000031 0.533580 -0.000061 -0.000148 0.020320 -0.147109 0.000115 0.000021 -0.000001 0.000039 0.000002 0.000013 -0.163920 -0.199646 -0.208942 0.070444 0.540682 -0.519423 0.322512 0.000050 -0.011867 0.000035 0.277255 0.000034 0.248206 0.000073 0.251249 -0.151671 0.068457 0.317703 -0.279227 -0.000005 -0.185498 -0.000045 -0.000010 -0.000028 0.083047 0.074071 -0.079961 0.000011 0.007553 -0.000029
0.000054 -0.038225 0.000007 0.477031 -0.000052 -0.000084 0.058628 0.035528 -0.000027 -0.000029 -0.000045 0.000068 0.000023 0.000069 -0.251747 -0.092292 -0.101160 -0.211715 0.141096 -0.028352 0.523081 0.000037 -0.024326 -0.000036 -0.036572 -0.000129 -0.088299 0.000005 0.370535 -0.098436 -0.061862 0.203826 -0.013032 -0.000021 -0.347485 0.000033 0.000058 -0.000003 0.392221 -0.088822 -0.171891 -0.000016 0.055273 -0.000139
0.000102 -0.116649 -0.000070 0.389814 0.000046 -0.000086 0.140135 0.501973 -0.000032 -0.000020 0.000010 -0.000051 -0.000019 -0.000055 -0.039614 -0.054467 0.335669 -0.185963 -0.148391 0.544823 0.345344 0.000028 0.045481 -0.000083 -0.390730 0.000048 -0.220476 -0.000077 0.417841 -0.001011 0.060295 -0.296561 0.166086 -0.000067 -0.198570 -0.000051 0.000030 0.000050 0.005572 -0.063944 0.020571 -0.000031 -0.179234 -0.000077
0.000178 -0.064816 -0.000022 -0.026742 -0.000040 -0.000013 0.290374 0.049636 -0.000060 -0.000033 0.000013 -0.000001 0.000010 0.000005 0.381537 -0.541123 0.420441 -0.129100 -0.158681 0.331321 -0.154216 -0.000123 0.012912 -0.000028 -0.037746 -0.000032 -0.047365 -0.000058 0.170435 0.341955 0.180062 -0.111085 -0.034796 0.000040 -0.151362 0.000132 0.000080 -0.000096 -0.127321 0.325440 0.174456 -0.000018 0.104974 -0.000021
0.000031 0.210044 0.000020 0.280077 0.000150 -0.000074 0.127754 -0.394244 0.000111 -0.000024 -0.000010 -0.000036 0.000027 -0.000047 0.004739 -0.057594 0.126972 -0.151188 -0.013390 -0.326015 -0.271585 0.000051 0.018111 0.000101 0.246502 -0.000023 -0.124416 -0.000026 0.528369 0.451854 0.105267 0.158390 0.005392 0.000021 -0.152045 0.000022 0.000104 -0.000044 0.079914 0.125708 -0.511691 0.000061 0.115430 -0.000055
-0.000044 0.257457 -0.000012 0.198611 0.000123 -0.000120 0.064646 0.005896 -0.000004 -0.000067 0.000042 -0.000086 -0.000000 -0.000030 -0.556612 -0.005376 -0.041109 0.007777 -0.202078 -0.365530 0.020076 0.000062 0.145455 -0.000001 -0.017847 0.000055 0.257826 -0.000144 0.193419 -0.079829 0.126454 -0.086535 0.056636 0.000002 0.113765 -0.000081 -0.000009 0.000029 -0.036683 -0.260172 -0.257030 -0.000139 0.505764 -0.000064
0.000056 0.039613 0.000008 0.031452 0.000002 -0.000045 0.171213 0.141421 -0.000046 -0.000027 -0.000005 0.000020 -0.000001 0.000052 0.062895 -0.116269 -0.249256 0.235057 0.203155 -0.201544 -0.004355 -0.000044 0.054496 -0.000140 -0.325266 -0.000064 -0.013630 -0.000237 -0.040892 0.538233 -0.172016 0.201897 -0.028872 0.000016 0.022879 0.000014 0.000087 0.000047 0.307031 -0.168431 0.260583 0.000025 0.458757 0.000013
-0.000029 -0.283686 0.000019 -0.136466 0.000094 -0.000108 -0.001504 0.261327 0.000051 0.000065 -0.000093 -0.000015 0.000011 -0.000050 -0.018012 -0.252286 0.182193 0.121499 -0.137600 0.021430 0.129508 -0.000060 0.027433 0.000313 -0.222003 -0.000046 0.074134 0.000111 -0.119736 0.268786 -0.159907 -0.266941 0.031242 -0.000086 -0.004828 -0.000052 -0.000069 -0.000027 -0.042347 0.127822 0.094180 0.000020 0.526125 0.000013
-0.000074 -0.202878 0.000014 -0.285840 -0.000046 -0.000280 -0.469853 0.148816 -0.000023 -0.000021 0.000001 0.000028 0.000045 0.000024 0.140876 -0.145036 0.186334 -0.154689 0.090363 -0.242136 -0.225360 -0.000141 -0.004783 0.000137 -0.055371 -0.000006 0.072101 0.000024 -0.129721 0.023259 -0.036731 -0.379900 0.073356 -0.000005 -0.152459 -0.000033 0.000018 0.000027 0.216285 0.173168 0.150678 -0.000018 -0.083718 0.000043
0.000065 0.124377 -0.000030 -0.129111 0.000047 -0.000200 -0.778494 -0.205480 -0.000082 -0.000036 -0.000013 -0.000046 -0.000037 0.000017 -0.068776 -0.153568 0.107915 -0.188236 0.054210 -0.305588 -0.063640 -0.000043 -0.025123 0.000089 0.352281 0.000081 -0.039467 -0.000019 0.002132 -0.165863 0.089181 0.154430 -0.031851 0.000025 -0.231357 -0.000048 -0.000038 -0.000013 0.420159 0.239799 -0.093630 0.000047 0.106201 0.000064
-0.000030 0.306355 -0.000021 0.177082 -0.000085 -0.000159 -0.634626 -0.157498 -0.000032 -0.000084 -0.000047 0.000050 0.000060 -0.000041 -0.056972 -0.104193 0.062338 0.026055 -0.114366 -0.007487 -0.244665 -0.000128 -0.023321 0.000079 0.468291 0.000027 -0.151240 -0.000005 -0.141830 -0.243946 -0.160431 0.281491 0.224768 -0.000034 -0.150271 0.000030 -0.000070 0.000019 -0.488573 0.152281 0.378201 -0.000035 0.140747 -0.000037
-0.000049 0.224644 -0.000042 0.090906 0.000050 -0.000087 -0.422026 0.226816 -0.000054 0.000049 -0.000004 -0.000027 0.000028 0.000026 -0.357296 -0.292593 0.043543 -0.147559 -0.225365 0.154311 0.171715 -0.000113 0.035539 0.000162 0.256996 0.000026 -0.033806 0.000123 0.140197 -0.150006 -0.031364 0.066317 0.457615 0.000060 -0.051960 -0.000022 0.000011 0.000003 -0.730146 0.376848 -0.036898 -0.000090 0.271118 -0.000032
0.000033 -0.467014 -0.000003 0.105276 0.000035 -0.000243 0.092688 0.285513 -0.000040 0.000016 -0.000029 -0.000171 0.000026 -0.000033 0.040330 -0.064959 0.226453 -0.041745 0.305664 0.197333 0.006141 -0.000040 0.108077 0.000003 -0.452873 -0.000045 0.325839 -0.000063 -0.036674 -0.036457 -0.239047 -0.301073 0.042749 -0.000053 0.004256 0.000041 0.000011 0.000021 -0.111916 -0.188594 -0.377568 -0.000102 0.280459 -0.000038
0.000056 -0.195448 0.000020 -0.236063 0.000007 -0.000141 0.190717 0.106946 0.000026 -0.000072 -0.000004 0.000015 -0.000031 0.000044 0.075978 -0.314507 0.126822 0.213486 0.370414 0.013143 -0.294900 -0.000050 0.037019 -0.000042 -0.214371 0.000036 -0.066550 0.000012 -0.019860 0.042806 -0.108731 -0.355758 -0.125544 0.000007 -0.004959 -0.000002 -0.000077 -0.000009 -0.171436 -0.313160 -0.219010 -0.000100 0.231860 -0.000213
0.000093 0.084575 0.000022 -0.053762 -0.000036 -0.000120 0.133775 -0.167472 0.000040 0.000042 0.000039 -0.000008 -0.000006 -0.000003 -0.061266 -0.111118 0.320532 0.058578 -0.215723 -0.013719 0.359478 -0.000174 0.022557 0.000093 -0.050845 0.000065 0.218199 0.000048 0.099562 0.442974 0.265458 -0.447347 -0.061400 0.000001 -0.042605 -0.000070 0.000068 -0.000006 -0.140905 0.263240 0.167550 0.000016 0.021347 -0.000075
-0.000024 0.256037 -0.000019 -0.079758 0.000165 0.000014 0.147722 -0.190367 0.000104 0.000019 -0.000013 -0.000014 -0.000034 0.000011 0.259313 -0.049517 0.260516 0.190900 0.024779 -0.198049 0.416942 0.000032 -0.033643 -0.000010 0.135875 0.000172 -0.067576 -0.000130 -0.010297 0.225753 -0.145025 -0.159778 -0.152690 0.000003 -0.016021 0.000053 0.000148 0.000002 -0.017932 0.224208 0.106635 -0.000048 0.042944 -0.000015
0.000103 0.333883 -0.000043 0.012487 0.000091 -0.000038 0.581129 -0.273978 -0.000176 -0.000008 -0.000036 0.000067 0.000044 -0.000006 -0.261802 -0.219915 0.649091 0.398255 0.192624 0.022723 0.577835 -0.000037 -0.020855 -0.000131 -0.054546 0.000001 0.057584 -0.000010 0.114598 0.012969 -0.252020 -0.117462 -0.047648 -0.000037 0.011597 0.000055 -0.000048 0.000027 0.003169 0.032361 -0.219131 -0.000018 -0.226780 0.000055
0.000181 0.204564 -0.000013 0.445839 -0.000052 -0.000095 0.497230 0.192546 0.000056 0.000004 0.000013 -0.000063 0.000021 -0.000015 -0.065490 -0.661448 0.278570 0.579766 0.172108 -0.358911 0.085204 -0.000026 -0.024251 0.000108 0.013481 -0.000046 -0.370162 -0.000044 -0.013740 0.104125 -0.098068 -0.134414 -0.131955 0.000016 0.086855 -0.000134 -0.000024 0.000031 -0.157549 0.008230 -0.116909 -0.000063 -0.161536 0.000069
0.000071 -0.071061 -0.000003 -0.388873 0.000080 -0.000060 -0.100831 -0.004978 0.000032 -0.000161 -0.000033 0.000005 0.000000 -0.000037 -0.185675 -0.120147 0.177284 -0.008892 -0.003557 -0.208122 -0.148760 -0.000123 0.068969 0.000098 -0.013972 0.000022 -0.502359 -0.000084 0.024210 -0.435286 -0.094834 -0.161384 -0.120426 0.000136 0.150006 -0.000138 -0.000148 -0.000022 -0.005127 -0.184142 0.139351 -0.000049 -0.198576 0.000002
-0.000071 -0.284487 -0.000007 0.079974 0.000014 -0.000190 -0.130891 -0.165501 0.000039 0.000036 0.000051 -0.000004 -0.000027 -0.000002 -0.116506 -0.113817 0.024300 0.001067 0.058029 -0.119745 -0.008872 0.000029 0.090901 -0.000359 -0.144823 -0.000026 -0.313463 0.000082 0.201581 -0.365148 0.066046 -0.178089 0.242255 0.000012 -0.042603 0.000138 0.000004 -0.000014 -0.034446 -0.545341 0.130779 0.000044 -0.124297 -0.000074
0.000045 0.297315 -0.000063 -0.074272 -0.000286 -0.000131 0.184323 0.115372 -0.000024 -0.000010 -0.000014 -0.000021 0.000013 -0.000021 0.026787 -0.173106 0.110648 0.009484 -0.147985 0.429837 0.037346 -0.000112 0.078208 0.000012 -0.067825 0.000026 -0.257537 0.000008 -0.011193 -0.414564 -0.081083 -0.300745 0.096740 -0.000038 -0.013239 0.000082 0.000025 -0.000017 0.468229 -0.021720 0.410016 -0.000003 -0.005793 0.000122
0.000059 0.638792 0.000004 -0.037798 -0.000024 -0.000159 -0.440245 0.313311 0.000080 -0.000041 0.000017 -0.000042 -0.000013 0.000043 0.217190 -0.253947 -0.136312 0.171870 0.029048 0.048968 0.124816 -0.000013 0.100768 -0.000057 0.001845 0.000029 -0.375414 -0.000116 -0.031896 0.114691 -0.071227 0.165340 -0.127357 0.000036 -0.000825 0.000050 -0.000051 0.000029 -0.031094 0.005662 0.149704 0.000010 -0.452320 -0.000072
-0.000039 -0.265612 -0.000016 -0.122251 0.000019 -0.000088 -0.101512 -0.053753 -0.000037 -0.000020 0.000015 -0.000016 -0.000023 -0.000052 0.172054 -0.164084 0.036853 -0.252937 0.401299 0.175049 0.183845 -0.000113 0.089670 0.000066 0.163490 -0.000035 -0.527643 0.000012 0.133514 0.185394 0.060906 0.216798 -0.339493 -0.000046 0.013062 0.000109 -0.000018 -0.000026 -0.173807 -0.044783 -0.374636 0.000038 -0.031396 -0.000058
-0.000232 -0.249248 -0.000035 -0.152300 0.000022 -0.000198 0.503626 0.125962 -0.000092 -0.000011 0.000015 -0.000039 0.000007 0.000081 -0.100183 -0.021670 0.309204 -0.505491 0.147852 0.061700 -0.073201 0.000032 0.067790 -0.000079 0.054235 0.000036 0.094381 -0.000014 0.062631 0.492492 -0.045243 -0.077409 -0.043456 0.000005 0.058567 0.000009 0.000101 -0.000023 0.435117 -0.022335 -0.189633 -0.000033 -0.287033 0.000031
-0.000094 0.006679 -0.000007 -0.070036 -0.000042 -0.000188 0.184262 0.108860 0.000040 0.000053 0.000012 -0.000046 0.000084 -0.000001 -0.159036 -0.300896 0.293128 0.068517 0.037415 -0.126553 -0.111016 0.000241 0.000811 0.000005 0.117460 -0.000120 -0.084156 -0.000016 0.390783 0.179105 -0.034993 -0.239876 0.202347 -0.000080 0.015916 0.000059 -0.000034 0.000021 0.016662 -0.085799 -0.187657 -0.000024 -0.001559 -0.000050
0.000053 0.179117 -0.000030 -0.076745 0.000016 -0.000266 0.127928 0.416340 -0.000019 -0.000013 -0.000035 -0.000048 0.000053 0.000019 0.163086 -0.235780 0.486159 0.416522 -0.350207 0.295068 -0.122547 -0.000273 0.083707 0.000024 -0.071185 -0.000028 -0.111185 0.000005 0.362090 0.148179 -0.470189 -0.202875 -0.071321 -0.000004 0.071742 0.000052 -0.000029 0.000050 -0.060727 0.198447 -0.228134 0.000015 0.106120 -0.000058
-0.000026 -0.084801 0.000012 0.298842 -0.000088 -0.000131 -0.037362 0.344260 0.000042 0.000024 -0.000035 0.000009 -0.000000 -0.000005 -0.313847 -0.375323 -0.085412 0.144767 -0.017274 -0.104067 0.018133 -0.000116 0.050482 0.000146 0.086684 0.000086 0.053352 0.000075 0.630827 0.094917 -0.902712 0.134814 0.116729 0.000005 0.050160 -0.000040 0.000019 0.000017 -0.350936 0.301991 -0.062556 -0.000042 0.288478 -0.000026
0.000186 -0.261534 -0.000027 0.352223 0.000097 -0.000088 -0.055557 -0.078816 -0.000194 0.000145 -0.000085 -0.000029 -0.000020 -0.000017 -0.219796 -0.017241 -0.402784 -0.262531 0.175547 0.121798 -0.052693 0.000033 0.059674 0.000047 0.347980 0.000019 0.216404 -0.000073 0.211667 -0.185395 -0.389109 0.085549 0.107711 -0.000025 0.056041 0.000051 0.000052 0.000002 -0.255874 0.183452 0.642610 0.000050 0.135295 -0.000005
-0.000105 -0.062855 -0.000021 0.292711 -0.000079 -0.000180 0.067004 -0.087698 0.000066 -0.000086 0.000010 0.000067 0.000019 -0.000007 -0.305983 0.058528 -0.440430 -0.363812 0.103174 -0.123308 0.050342 -0.000137 0.106282 0.000108 0.071408 -0.000094 0.286162 0.000031 0.230118 -0.389034 0.261902 -0.194215 -0.008230 0.000073 0.220822 0.000023 0.000143 -0.000110 -0.387357 -0.340988 0.166049 -0.000009 0.189192 0.000009
-0.000190 -0.075822 0.000000 0.147387 0.000035 -0.000176 -0.027771 -0.356822 -0.000058 -0.000098 -0.000050 -0.000023 0.000047 0.000048 0.049861 0.135636 -0.350270 -0.377753 0.133481 0.219568 -0.109172 -0.000045 -0.010075 -0.000026 0.054265 -0.000157 0.459163 0.000120 0.017707 -0.277627 0.345041 -0.168860 0.013717 0.000007 0.035126 -0.000044 0.000080 0.000015 0.161886 -0.132890 -0.299374 0.000001 0.191920 -0.000068
0.000129 0.168982 0.000009 0.395830 0.000002 -0.000293 0.190511 -0.120562 -0.000014 -0.000008 0.000030 -0.000019 0.000026 0.000028 0.082067 0.243539 -0.364265 -0.102341 0.093925 -0.088001 -0.127630 -0.000052 -0.032012 -0.000091 -0.018764 -0.000033 0.034221 -0.000051 0.296985 -0.163933 0.028819 -0.178512 0.322655 -0.000044 0.106582 0.000058 0.000086 0.000031 0.152712 -0.133595 -0.494026 -0.000002 0.225431 0.000001
0.000059 0.044449 0.000004 -0.123966 0.000175 -0.000197 0.082934 0.000421 -0.000031 0.000044 -0.000006 -0.000121 -0.000027 -0.000029 0.196911 0.034337 -0.228242 0.399843 -0.289067 0.346849 0.080321 0.000142 -0.020270 -0.000110 -0.006937 0.000047 -0.372316 -0.000003 0.100562 -0.101954 0.272822 -0.253808 -0.004073 -0.000004 0.176056 -0.000009 -0.000022 -0.000015 -0.056925 0.063427 -0.489555 -0.000066 0.106030 -0.000001
0.000054 0.563245 -0.000020 -0.428864 -0.000024 -0.000095 -0.010975 -0.220238 -0.000024 -0.000021 -0.000096 0.000030 -0.000054 -0.000023 0.065392 -0.464024 -0.038452 0.490167 -0.245059 0.045956 0.076365 -0.000013 -0.045391 0.000183 0.026742 0.000040 -0.206324 -0.000041 0.072365 0.090065 -0.093567 -0.063634 0.102509 -0.000056 0.124096 0.000013 -0.000008 -0.000009 0.049988 0.190568 0.385635 -0.000017 -0.352809 0.000000
0.000127 -0.175895 0.000006 -0.526830 0.000062 -0.000141 0.224824 -0.114128 -0.000060 -0.000043 0.000091 0.000086 -0.000026 0.000037 0.044770 -0.240597 0.528992 0.221904 -0.009480 -0.772924 0.259950 0.000072 -0.016073 -0.000266 -0.219797 0.000016 -0.382726 0.000098 -0.088154 0.078261 0.126602 -0.427527 0.036802 -0.000029 0.151130 -0.000037 0.000024 -0.000026 0.008234 -0.076369 0.306630 -0.000010 -0.258220 -0.000022
-0.000090 0.274050 0.000009 -0.131461 0.000383 -0.000242 0.041236 -0.333705 0.000047 -0.000067 -0.000015 -0.000018 0.000065 -0.000012 0.044543 0.002721 0.483815 0.138092 0.236767 -0.523243 0.092197 -0.000043 -0.045247 -0.000080 -0.109609 -0.000039 0.089418 -0.000040 -0.124497 0.081025 0.120640 -0.394942 -0.367118 0.000038 0.047700 -0.000035 -0.000024 -0.000045 -0.633230 0.178018 0.172365 0.000001 0.034061 -0.000064
-0.000048 0.029025 -0.000044 0.288936 0.000044 -0.000121 0.030432 0.040235 0.000053 0.000050 0.000010 0.000032 0.000018 0.000045 0.102595 0.193704 0.552573 -0.408417 0.314565 -0.095674 0.163469 0.000050 -0.037645 -0.000183 0.241086 0.000005 -0.113084 -0.000082 -0.088579 0.169666 0.037397 -0.543867 -0.347662 0.000014 0.048878 -0.000142 0.000027 -0.000009 -0.140520 0.152197 0.011711 -0.000032 0.256933 -0.000087
-0.000065 -0.193970 0.000014 0.172719 0.000045 -0.000192 0.014879 -0.647462 -0.000027 0.000048 0.000007 -0.000004 0.000011 -0.000019 -0.030508 -0.251352 0.282956 -0.213988 0.117274 -0.293957 0.243003 -0.000037 -0.100389 0.000033 0.338744 0.000014 0.090384 0.000027 -0.014996 0.151324 0.412141 -0.422195 -0.042061 0.000024 -0.032064 0.000024 -0.000043 0.000042 -0.023928 0.058098 0.018639 -0.000038 0.156565 -0.000014
-0.000012 -0.398931 0.000020 0.045396 0.000065 -0.000167 0.080562 -0.067954 0.000027 0.000067 0.000001 0.000015 -0.000034 0.000087 -0.062157 0.109387 0.147287 -0.579771 0.081745 0.199442 0.188822 0.000049 -0.017381 -0.000020 0.296604 -0.000055 -0.321287 -0.000012 -0.239632 0.095847 0.038265 -0.235734 0.065746 -0.000036 -0.015210 -0.000049 0.000004 -0.000003 0.392868 0.194237 -0.128221 -0.000059 -0.221284 -0.000056
-0.000028 0.230479 -0.000050 0.006020 0.000165 -0.000121 0.070465 -0.118669 0.000062 -0.000042 0.000028 -0.000049 -0.000001 0.000009 0.045980 -0.030740 0.347762 0.237731 -0.172744 0.052128 0.044565 0.000182 -0.042709 -0.000169 -0.162329 0.000053 -0.077410 0.000164 -0.014451 -0.163082 -0.316625 0.323015 -0.314215 -0.000014 -0.012990 -0.000040 -0.000009 -0.000028 0.113093 -0.087071 0.155069 -0.000065 -0.127126 -0.000072
-0.000075 0.143865 0.000023 -0.017512 0.000098 -0.000132 -0.651511 0.159468 0.000066 -0.000019 -0.000023 0.000064 -0.000003 0.000012 0.155855 -0.269930 0.158122 -0.007556 -0.046050 0.204848 0.035168 -0.000079 -0.052724 0.000130 0.158977 -0.000004 0.314769 0.000037 0.283197 -0.104840 -0.155349 0.145135 0.084074 -0.000011 0.006587 0.000064 0.000073 0.000036 0.247712 -0.104950 0.304081 -0.000016 -0.247607 0.000026
0.000104 -0.136767 -0.000037 -0.302090 0.000177 -0.000150 -0.455617 -0.150138 0.000106 0.000045 -0.000009 0.000087 0.000041 0.000017 0.005630 -0.304790 -0.043578 -0.118189 0.025298 0.098782 0.272212 0.000025 -0.048705 0.000095 0.551818 0.000014 -0.000379 -0.000003 0.508676 -0.126549 0.475869 0.053092 -0.121499 0.000114 0.137389 0.000148 0.000025 0.000054 -0.161926 -0.264073 0.023748 0.000016 -0.017706 0.000117
0.000032 -0.079548 -0.000021 -0.064441 -0.000142 -0.000208 -0.251061 0.249366 0.000180 0.000030 -0.000051 -0.000052 -0.000079 -0.000001 0.272851 0.031327 -0.231339 -0.133226 0.064198 0.160353 0.012608 -0.000025 -0.048623 -0.000074 0.122282 0.000041 0.045293 0.000137 -0.123627 -0.241737 0.158122 -0.151045 -0.129660 0.000033 0.098852 -0.000018 -0.000085 0.000019 0.146298 -0.071961 -0.111172 0.000098 -0.221369 0.000029
0.000047 0.239080 0.000026 0.001175 0.000010 -0.000145 0.035083 0.041745 0.000030 -0.000081 0.000010 -0.000119 -0.000033 0.000032 0.730876 0.031537 -0.149575 0.473410 -0.052434 -0.044741 -0.251010 0.000048 -0.098676 -0.000102 -0.139009 0.000025 -0.122856 -0.000089 0.061652 -0.125361 -0.333200 -0.049937 -0.418633 -0.000010 0.035287 -0.000008 0.000057 -0.000027 -0.017462 -0.245553 -0.150405 -0.000025 -0.050659 -0.000024
0.000068 0.248970 -0.000015 0.014098 -0.000047 -0.000182 0.026076 0.105971 0.000091 -0.000032 0.000050 0.000005 -0.000004 -0.000042 0.323044 0.210755 -0.003816 0.158399 -0.113788 -0.007547 -0.095381 -0.000117 -0.066948 -0.000108 -0.394980 0.000017 0.020671 -0.000155 0.513382 -0.331617 -0.550540 -0.293128 -0.036059 -0.000027 0.016950 -0.000012 -0.000038 0.000021 -0.193769 0.134457 0.134866 0.000037 0.168408 0.000010
0.000103 -0.008743 -0.000016 -0.172903 0.000036 -0.000226 0.285609 0.031166 0.000130 0.000006 0.000012 0.000091 -0.000019 0.000009 0.062152 0.169220 0.102714 0.138391 -0.111685 0.089601 -0.039298 -0.000040 -0.024196 0.000146 0.040344 -0.000007 -0.044055 0.000000 0.267001 -0.136162 -0.585513 -0.361209 0.273642 -0.000028 0.184705 -0.000016 0.000045 -0.000030 -0.254367 0.223889 0.481636 0.000061 0.100397 -0.000065
-0.000034 -0.054048 -0.000013 0.245124 0.000093 -0.000238 0.442401 -0.204892 0.000043 -0.000051 0.000005 -0.000027 0.000016 -0.000013 -0.295582 0.084725 0.326748 -0.441419 -0.002415 -0.175046 0.074555 -0.000100 0.020499 -0.000073 -0.130169 0.000050 0.396272 0.000025 -0.057689 0.068208 -0.549908 -0.653625 0.073462 0.000015 0.091630 -0.000161 -0.000117 -0.000053 -0.283152 0.086650 0.163219 -0.000006 -0.068114 -0.000093
-0.000032 0.078946 -0.000022 0.214795 -0.000059 -0.000197 0.094077 -0.287370 0.000027 0.000027 0.000030 -0.000022 -0.000011 -0.000010 -0.212557 0.632584 -0.051147 -0.076591 0.432072 0.115085 -0.343512 0.000028 -0.014926 -0.000008 0.244382 -0.000019 -0.203976 0.000049 -0.432389 -0.232627 -0.147752 -0.084814 0.025686 0.000085 0.028109 0.000038 0.000041 -0.000046 -0.258287 0.219012 -0.073155 0.000099 0.002928 0.000023
0.000003 -0.071981 0.000006 -0.061947 0.000063 -0.000173 0.001137 0.117901 0.000057 0.000024 -0.000002 -0.000065 0.000025 0.000046 0.440518 0.032947 0.140173 -0.114953 0.250382 0.119726 0.086736 0.000070 -0.021922 -0.000152 0.402346 0.000012 -0.003317 0.000061 0.167973 -0.240160 0.411312 -0.187998 -0.320348 0.000025 -0.019470 -0.000009 -0.000052 -0.000035 -0.218823 0.049244 -0.102979 -0.000002 0.068783 -0.000040
0.000279 -0.256398 -0.000021 -0.355666 -0.000015 -0.000135 -0.262328 -0.010440 -0.000191 0.000049 0.000000 0.000011 0.000039 -0.000054 0.427691 0.197446 -0.139453 0.073144 0.045809 -0.158411 0.214476 0.000031 -0.007550 -0.000101 0.002779 0.000094 -0.168786 0.000018 0.266097 0.043163 0.295141 -0.346400 -0.542546 0.000050 0.035276 0.000034 0.000045 -0.000027 -0.323000 -0.222366 0.031065 0.000006 0.351671 -0.000033
-0.000074 -0.242010 -0.000045 -0.072028 0.000140 -0.000105 0.169963 0.194450 0.000039 -0.000040 0.000043 -0.000037 -0.000019 -0.000041 0.228100 0.171633 0.034418 -0.074115 -0.229206 0.456198 0.367284 -0.000004 0.011250 -0.000077 -0.198008 0.000144 -0.151278 0.000074 -0.027462 0.024697 0.143808 -0.632625 0.018625 -0.000070 0.059555 0.000061 0.000018 -0.000016 0.133410 -0.097269 0.164939 0.000008 0.080055 0.000040
-0.000034 -0.114776 -0.000069 -0.284416 0.000091 -0.000157 0.156036 -0.001069 0.000019 -0.000047 0.000027 -0.000075 0.000011 0.000150 0.244466 0.316589 0.031186 -0.210091 0.254888 0.040810 -0.090466 -0.000026 0.002053 -0.000284 -0.133065 -0.000007 -0.081556 -0.000017 -0.142867 0.266316 -0.075862 -0.142831 -0.203973 -0.000109 0.033183 0.000108 -0.000048 0.000045 0.274585 -0.242087 0.076936 0.000006 -0.009947 -0.000053
0.000071 -0.230181 0.000008 -0.009337 0.000179 -0.000122 0.079899 0.173136 0.000177 -0.000005 0.000011 0.000041 0.000029 0.000017 0.255316 0.601535 -0.161022 0.014954 0.475090 -0.474126 0.095083 -0.000050 -0.000192 -0.000078 -0.001827 -0.000041 -0.303452 -0.000068 0.071747 0.435841 0.268640 -0.050912 -0.300084 0.000054 0.075944 0.000032 -0.000009 -0.000079 0.321007 -0.058575 -0.186029 -0.000003 0.122144 0.000010
-0.000110 0.169209 -0.000023 -0.202406 0.000044 -0.000094 -0.305504 -0.025040 -0.000061 0.000060 0.000015 0.000048 0.000022 0.000022 0.226647 0.188562 -0.268569 -0.374210 0.010965 -0.435049 0.162936 0.000065 -0.010310 0.000122 -0.208251 -0.000025 0.293208 -0.000278 0.307693 0.349538 0.007704 0.055419 0.068336 0.000031 0.037044 0.000043 -0.000023 -0.000016 0.138061 0.186721 0.119621 0.000057 0.132001 0.000052
0.000106 -0.007167 -0.000031 0.122659 0.000013 -0.000150 -0.185335 0.089547 0.000021 -0.000021 0.000083 -0.000002 -0.000030 0.000005 0.035294 0.047691 0.081170 -0.047556 0.133241 -0.207566 -0.053614 -0.000018 -0.006089 0.000192 0.214342 0.000064 -0.003983 -0.000010 0.365154 0.482666 -0.349627 0.006011 0.259906 -0.000039 -0.020849 -0.000037 0.000008 0.000022 0.066820 0.145733 -0.179026 0.000030 0.094373 0.000073
-0.000037 -0.024457 -0.000007 0.039112 -0.000157 -0.000187 0.195303 0.059081 0.000061 0.000078 -0.000004 -0.000045 0.000007 0.000050 -0.184391 -0.046510 0.068003 -0.250701 -0.378078 0.239824 -0.093014 0.000011 0.052243 0.000283 0.160076 0.000113 -0.074846 0.000048 0.047186 -0.421731 -0.506101 0.111792 0.212093 -0.000033 -0.015350 0.000013 -0.000042 0.000074 0.254400 -0.043429 0.241060 -0.000014 0.017015 0.000057
-0.000085 0.195774 0.000012 -0.008687 -0.000122 -0.000183 0.000500 0.352475 -0.000039 -0.000092 0.000020 0.000116 -0.000003 0.000006 0.073700 0.172909 -0.116433 -0.127312 -0.283522 -0.086948 -0.374024 0.000210 0.056937 0.000069 -0.096325 0.000111 -0.013648 -0.000141 -0.018016 0.104147 0.264566 -0.002513 0.035527 0.000054 0.006126 0.000005 -0.000022 0.000034 -0.211858 0.281573 -0.050152 0.000027 -0.277683 -0.000047
0.000046 0.140355 0.000015 0.190131 0.000225 -0.000055 0.051853 -0.259503 0.000086 0.000014 0.000016 -0.000011 -0.000002 -0.000037 -0.055430 0.017754 0.296619 -0.005960 0.281381 0.248726 -0.095595 -0.000079 0.028488 0.000013 -0.282728 0.000085 0.297229 -0.000032 -0.252802 0.157290 -0.031005 0.075116 -0.202172 0.000033 0.015929 -0.000038 -0.000014 -0.000072 0.046397 0.020825 -0.218792 -0.000010 -0.134079 0.000032
-0.000125 0.477191 -0.000076 0.121919 -0.000331 -0.000151 -0.300005 -0.262516 0.000005 0.000022 -0.000011 0.000053 -0.000017 0.000031 -0.230993 -0.001812 0.353524 0.170573 0.238269 0.024473 0.114259 0.000004 -0.052398 -0.000102 -0.353354 0.000080 0.143901 -0.000075 0.023021 -0.290603 0.048783 -0.047697 0.015439 0.000001 -0.110826 -0.000163 0.000002 -0.000055 -0.192828 -0.173641 -0.013117 0.000006 -0.195180 -0.000007
-0.000049 0.087626 -0.000005 0.068386 0.000003 -0.000092 -0.190070 0.245969 -0.000079 0.000002 0.000048 -0.000039 0.000002 0.000017 -0.007826 -0.140303 0.407892 -0.137403 0.119259 -0.020692 0.140960 0.000019 -0.039641 -0.000055 -0.209359 0.000032 0.012721 -0.000033 0.077407 -0.184953 0.021168 -0.122922 0.029609 -0.000053 0.008040 0.000075 0.000090 -0.000007 0.074466 -0.063306 -0.050600 0.000007 -0.248918 -0.000089
-0.000049 -0.282673 -0.000028 -0.203880 -0.000050 -0.000033 0.063077 0.276245 0.000111 0.000015 -0.000010 0.000049 -0.000001 -0.000062 0.052062 -0.097826 0.135241 0.274144 -0.313925 -0.263959 0.347907 -0.000031 -0.022203 -0.000174 0.051660 -0.000044 -0.081704 0.000200 -0.043546 -0.259527 0.062727 -0.443975 -0.011321 -0.000047 -0.021020 -0.000083 0.000018 0.000066 0.063712 0.156820 0.307376 -0.000042 -0.096890 -0.000049
0.000079 0.179909 -0.000088 0.028920 0.000087 -0.000133 0.160992 0.127841 -0.000023 -0.000017 0.000018 0.000003 -0.000011 -0.000027 0.041350 0.398438 0.012252 0.144954 -0.548859 0.153648 -0.341083 0.000051 -0.024627 0.000246 -0.183405 0.000057 -0.184016 0.000023 -0.454042 -0.450816 -0.370487 -0.247502 -0.123766 0.000081 -0.011384 -0.000004 0.000087 0.000060 0.085248 0.268084 -0.184419 0.000086 -0.184460 0.000055
0.000029 0.014174 -0.000051 -0.301224 0.000093 -0.000132 0.428591 0.027025 -0.000039 -0.000021 0.000057 -0.000039 0.000004 0.000008 0.006726 0.249838 0.163396 0.001370 -0.411140 -0.273297 -0.468974 0.000115 0.012047 0.000092 -0.060735 0.000057 -0.051711 0.000144 -0.032134 -0.153072 -0.308462 0.124423 -0.277158 -0.000043 0.118530 -0.000004 -0.000024 0.000020 0.046751 0.194462 -0.209633 -0.000002 -0.308701 0.000022
-0.000052 -0.123143 0.000005 -0.364633 0.000089 -0.000127 0.170117 -0.356808 0.000195 0.000024 0.000018 0.000091 0.000069 -0.000035 -0.467034 -0.127544 0.232694 -0.173039 -0.602651 -0.187923 -0.599610 -0.000027 -0.000919 -0.000490 0.469338 -0.000005 -0.051919 -0.000079 -0.077332 0.170065 0.265581 -0.174390 0.063194 0.000055 0.117935 0.000039 0.000102 -0.000030 -0.353920 0.292764 0.235918 -0.000047 -0.211484 0.000060
-0.000028 0.059578 0.000004 -0.090416 0.000046 -0.000103 -0.183903 -0.314249 0.000060 -0.000018 -0.000004 -0.000029 -0.000008 -0.000024 -0.211949 -0.071652 0.068770 -0.082664 0.166663 0.103501 -0.281637 0.000068 -0.015437 0.000002 0.506856 0.000005 0.026928 -0.000069 0.140486 0.375870 0.256283 -0.207519 0.060532 0.000021 0.078309 -0.000079 -0.000093 -0.000002 -0.091394 0.281956 0.119399 -0.000014 0.280403 -0.000032
-0.000012 -0.027285 0.000017 -0.259613 -0.000042 -0.000210 0.050462 0.012722 0.000038 -0.000006 -0.000059 0.000118 -0.000007 -0.000040 -0.452525 0.269937 0.220387 -0.485961 -0.095827 0.136540 -0.098506 -0.000057 0.024756 0.000042 -0.183320 0.000050 -0.108099 0.000035 0.209841 0.189443 0.427123 0.187046 0.015516 -0.000045 0.115027 0.000084 -0.000094 -0.000039 -0.086021 0.396010 -0.036759 0.000022 0.417070 -0.000026
-0.000104 0.117471 -0.000050 0.132612 -0.000186 -0.000195 -0.459906 0.299317 -0.000046 -0.000022 -0.000002 0.000186 0.000012 -0.000006 0.047712 0.404487 0.019568 -0.011302 0.240371 0.097298 -0.328182 -0.000093 -0.135241 -0.000187 0.182510 -0.000058 0.030623 0.000155 -0.324944 0.084512 0.003505 0.060620 -0.017568 0.000057 -0.189447 -0.000014 0.000018 -0.000053 -0.108582 0.125413 0.142464 -0.000010 0.045670 -0.000062
0.000056 0.030987 0.000002 -0.304616 0.000040 0.000008 0.053961 0.149358 0.000056 -0.000037 -0.000014 0.000039 -0.000000 -0.000022 0.298812 0.104769 0.012994 0.074940 0.346613 -0.196658 0.070494 -0.000065 -0.076143 -0.000113 -0.136852 -0.000042 0.100614 -0.000265 0.010270 -0.358714 0.051325 0.478085 -0.331653 0.000050 -0.208668 0.000052 0.000006 0.000021 -0.273470 -0.264992 0.024077 -0.000074 0.205874 -0.000014
0.000080 -0.205899 -0.000007 0.120085 0.000100 -0.000121 0.391726 0.245838 0.000021 -0.000136 -0.000010 -0.000037 0.000036 0.000064 0.396257 0.267446 0.219881 -0.086966 0.097332 -0.382295 -0.199508 -0.000011 -0.156409 -0.000036 -0.130229 -0.000010 0.263942 -0.000067 -0.168421 0.211656 0.256776 0.004316 0.116731 0.000058 -0.225231 0.000070 0.000071 -0.000007 0.021053 -0.271784 -0.073112 0.000000 -0.255902 -0.000068
-0.000045 0.157856 -0.000043 0.360090 -0.000093 -0.000152 -0.273210 0.157117 0.000029 0.000018 -0.000017 -0.000085 0.000027 -0.000017 0.364397 0.352092 0.364041 0.021877 0.121253 0.199968 -0.078736 -0.000046 -0.181438 -0.000052 -0.353568 -0.000143 -0.012464 0.000012 -0.180784 -0.126306 -0.130076 -0.134531 0.152225 -0.000029 -0.363679 -0.000032 0.000077 -0.000027 -0.241081 -0.235600 0.174113 0.000010 0.388092 -0.000016
0.000005 -0.270929 -0.000013 0.044445 -0.000178 -0.000086 0.283618 0.062071 -0.000054 0.000056 0.000013 -0.000008 0.000053 -0.000000 0.036863 0.241729 0.177699 0.397288 0.078961 -0.255284 0.099704 0.000046 -0.118013 0.000267 0.024012 0.000034 -0.070758 -0.000027 -0.199192 -0.005071 0.099137 -0.497142 -0.065856 0.000003 -0.283639 -0.000027 0.000019 -0.000019 -0.052275 0.008366 0.121803 -0.000037 0.147728 -0.000031
0.000092 -0.435668 0.000004 0.004971 -0.000059 -0.000173 -0.006074 -0.155101 -0.000055 -0.000035 -0.000002 -0.000003 0.000012 -0.000050 -0.353153 0.290114 0.213505 0.306707 -0.296357 -0.233883 0.049299 -0.000005 -0.094607 -0.000141 0.302297 0.000046 -0.192899 0.000035 0.133424 -0.360492 -0.212212 -0.049559 0.127883 0.000037 -0.250329 0.000000 0.000032 0.000014 -0.030729 0.129612 0.408941 -0.000066 0.662977 -0.000005
0.000143 -0.156494 0.000002 -0.010800 0.000123 -0.000131 -0.015640 0.342274 -0.000025 -0.000055 -0.000013 0.000009 -0.000053 -0.000029 -0.020771 0.449340 -0.034462 0.050093 -0.133605 -0.349287 -0.035951 0.000004 -0.091702 -0.000060 0.274714 0.000017 -0.162602 -0.000035 -0.118786 0.244891 -0.534883 0.247991 0.132078 0.000135 -0.176448 0.000026 -0.000033 0.000069 0.695632 0.263661 0.413555 0.000030 0.044420 -0.000004
0.000052 0.396387 -0.000031 0.179472 0.000013 -0.000158 -0.436161 0.018315 0.000038 -0.000129 -0.000026 0.000088 -0.000016 0.000022 -0.136840 0.112132 0.015690 -0.344529 -0.141002 0.247319 0.066363 0.000069 -0.022821 0.000096 -0.324993 -0.000049 0.601032 -0.000166 0.084216 0.163394 -0.415366 0.004913 0.225576 -0.000111 -0.112222 -0.000027 0.000083 0.000007 0.336140 0.192416 0.202745 0.000002 -0.188434 0.000051
0.000024 0.230642 -0.000003 0.323631 -0.000004 -0.000213 -0.059738 -0.072730 0.000036 -0.000028 0.000012 0.000060 -0.000016 -0.000040 -0.190191 0.223579 -0.119979 0.038737 -0.006127 -0.045485 -0.011174 0.000138 0.009743 0.000152 -0.406121 -0.000019 0.320604 0.000036 0.345691 0.001814 -0.129384 0.057698 -0.007602 -0.000077 -0.101395 -0.000144 0.000044 -0.000006 0.078787 0.129736 0.040986 -0.000057 -0.015662 0.000061
-0.000156 -0.001015 -0.000041 0.107999 0.000176 -0.000131 0.056931 -0.480817 0.000030 -0.000008 0.000003 0.000056 0.000033 0.000019 -0.076978 -0.221191 0.052154 -0.335284 0.153071 0.558494 -0.160693 -0.000072 0.033584 -0.000175 -0.130221 0.000004 0.386255 0.000032 0.177412 0.073671 0.161252 0.245845 -0.090129 0.000138 -0.094178 0.000015 0.000118 -0.000003 -0.462716 -0.036914 0.136643 -0.000118 0.252746 -0.000078
0.000030 -0.169945 0.000000 -0.480218 0.000216 -0.000260 -0.026811 0.014132 0.000131 -0.000042 -0.000096 -0.000046 -0.000019 -0.000059 0.318850 0.024229 0.048586 0.133891 -0.085474 0.275201 -0.232867 -0.000067 0.131690 -0.000062 -0.259020 -0.000074 -0.005408 -0.000027 0.091305 -0.129226 0.128354 0.030793 -0.520930 0.000092 0.015839 0.000037 0.000022 -0.000033 -0.486098 -0.004684 0.339745 0.000026 0.072757 -0.000042
0.000097 -0.320816 -0.000039 -0.321200 0.000043 -0.000110 0.121575 0.448690 -0.000055 -0.000053 0.000010 0.000021 -0.000002 -0.000003 0.114921 0.249621 0.008421 0.254094 -0.263903 0.159611 -0.235569 0.000128 0.034220 0.000048 -0.091281 0.000076 -0.134403 -0.000036 0.019903 -0.015373 0.043639 -0.195083 -0.076327 0.000040 -0.054771 -0.000056 -0.000045 -0.000035 0.164097 -0.164406 0.205042 0.000104 -0.046448 0.000033
-0.000189 -0.684729 -0.000026 -0.227037 -0.000021 -0.000161 -0.346437 0.173178 0.000076 -0.000016 0.000049 0.000217 -0.000029 0.000083 0.431758 0.311827 0.302909 0.036769 -0.104896 -0.097168 -0.416465 0.000123 0.004606 -0.000015 -0.120895 -0.000073 0.137872 0.000028 0.006813 -0.224210 -0.039145 -0.049437 -0.085416 -0.000093 -0.134537 0.000024 0.000018 0.000031 -0.026332 -0.033848 0.088827 -0.000025 -0.199335 0.000007
0.000086 -1.268207 0.000000 -0.178699 0.000200 -0.000137 0.087355 0.169914 0.000028 -0.000069 -0.000026 -0.000010 -0.000024 -0.000159 0.145927 0.236558 -0.136530 0.059262 0.014590 -0.139472 0.189672 -0.000045 -0.023230 0.000128 0.242655 -0.000077 0.222564 -0.000146 0.189273 -0.197947 0.118987 0.204301 0.152398 0.000067 -0.145446 0.000053 0.000032 -0.000001 -0.266728 0.275593 0.197935 -0.000004 0.232151 -0.000042
-0.000026 -0.656905 0.000006 0.021208 0.000117 -0.000000 0.310523 0.355770 -0.000033 -0.000104 -0.000029 0.000109 -0.000029 0.000038 -0.016182 0.038443 0.042546 -0.034523 0.002791 -0.136597 0.023610 0.000034 -0.043381 0.000001 0.411729 -0.000028 0.012406 0.000127 0.124689 -0.039004 0.212738 -0.006784 0.126926 0.000141 -0.264091 0.000040 -0.000089 -0.000115 0.121327 0.078968 -0.017426 0.000027 0.122863 0.000029
-0.000053 -0.699665 0.000004 0.048134 0.000110 -0.000089 0.072610 -0.053626 0.000052 -0.000002 -0.000005 0.000084 0.000046 0.000091 -0.263032 0.141834 0.015063 -0.181116 0.518504 -0.399200 0.022464 0.000022 -0.071470 0.000162 0.499835 0.000039 -0.109345 -0.000065 0.261396 0.113612 0.085956 -0.013874 0.230190 -0.000005 -0.101001 0.000046 0.000091 0.000018 0.269175 -0.046621 -0.195543 -0.000019 0.358206 -0.000056
-0.000024 -0.811998 -0.000040 0.010573 -0.000085 -0.000111 0.133627 -0.274220 0.000022 -0.000042 -0.000034 -0.000008 -0.000014 0.000016 -0.212257 0.117248 0.352457 0.118104 0.252821 -0.568639 -0.117709 -0.000061 -0.040748 0.000001 0.128797 0.000037 -0.146363 -0.000008 -0.051995 0.241967 0.249452 -0.071205 0.150558 -0.000033 -0.078418 -0.000004 0.000033 0.000011 0.016853 -0.093214 -0.231232 -0.000005 -0.114083 0.000009
0.000097 -0.600942 -0.000023 -0.095872 0.000032 -0.000093 0.237802 -0.383896 0.000030 0.000014 -0.000000 -0.000090 -0.000072 -0.000076 -0.073217 0.207825 0.361982 0.163554 0.327911 -0.085179 -0.003241 -0.000056 -0.052236 -0.000030 0.299817 -0.000032 0.047468 -0.000061 -0.174098 0.198372 -0.197916 -0.023616 0.133365 0.000043 -0.060047 0.000065 -0.000008 0.000018 0.125311 0.018387 -0.036432 0.000011 -0.051950 0.000010
0.000024 0.440292 0.000020 -0.135528 0.000080 -0.000080 0.037436 -0.070460 0.000034 -0.000033 -0.000000 -0.000030 -0.000034 0.000042 0.041188 0.006017 0.289482 -0.459565 0.203167 0.381366 0.113828 -0.000011 -0.051425 0.000079 -0.277531 0.000019 0.166086 -0.000035 -0.247969 0.540900 -0.008956 0.146105 -0.109058 -0.000056 -0.140685 0.000028 0.000042 -0.000002 0.320070 0.269763 -0.125646 0.000001 -0.157140 0.000005
-0.000049 0.807156 -0.000017 0.204672 0.000074 -0.000049 -0.148741 -0.215954 0.000076 0.000111 -0.000029 -0.000020 -0.000076 0.000119 -0.145267 0.366506 -0.075826 0.013739 -0.121689 0.465436 0.062985 -0.000122 -0.000009 -0.000102 -0.228838 0.000024 -0.096180 0.000014 -0.001143 0.256320 0.152398 0.176370 -0.438633 0.000001 0.002433 -0.000000 0.000080 -0.000011 0.129819 0.217567 -0.196822 0.000007 0.206484 0.000007
-0.000009 -0.321967 0.000004 0.375520 -0.000032 -0.000095 0.291580 0.262087 0.000024 -0.000017 0.000003 0.000065 -0.000012 -0.000037 -0.233343 0.146707 -0.009323 0.097675 0.425229 -0.109374 0.200598 0.000028 0.003247 0.000070 0.018342 -0.000061 0.016024 0.000005 -0.120161 -0.022641 -0.000618 0.279128 -0.186434 -0.000021 -0.000780 -0.000006 0.000083 0.000057 -0.169182 -0.228488 0.118366 -0.000017 0.133237 0.000030
0.000097 -0.091218 0.000010 0.364776 -0.000116 -0.000048 0.046305 0.217035 0.000069 0.000080 0.000102 -0.000089 0.000054 -0.000109 0.183960 0.086033 0.170998 0.499886 0.195556 -0.037801 -0.090560 -0.000093 0.000797 -0.000077 0.130408 -0.000021 -0.335553 -0.000056 -0.137286 -0.185088 -0.078530 0.523358 -0.096406 0.000050 -0.020892 -0.000012 0.000050 0.000026 -0.192647 -0.161865 0.271225 -0.000016 0.221190 0.000014
-0.000107 -0.286814 -0.000037 0.145375 0.000019 -0.000073 -0.284764 -0.009715 -0.000024 -0.000070 -0.000024 0.000038 0.000060 -0.000040 -0.008041 0.230058 0.147111 0.295324 -0.405285 0.154750 -0.020038 -0.000022 0.034613 0.000014 0.069074 0.000082 -0.104260 -0.000024 0.102217 -0.207443 0.223672 0.076830 0.018250 -0.000056 -0.111014 0.000002 0.000030 -0.000074 -0.179023 -0.052126 0.187067 0.000018 0.100227 -0.000037
-0.000021 -0.102934 0.000038 0.386373 0.000105 -0.000111 -0.068420 0.286495 0.000070 -0.000018 0.000023 -0.000003 -0.000011 0.000025 -0.179135 0.025727 0.283826 -0.027600 -0.232416 0.104687 0.001228 0.000062 -0.001173 0.000021 0.206514 -0.000028 0.034543 0.000069 -0.150857 0.127428 -0.039573 -0.041333 0.453328 0.000050 -0.268782 -0.000035 -0.000030 0.000049 -0.366798 0.372528 0.142404 -0.000037 -0.141153 -0.000035
0.000035 0.055368 -0.000020 0.261067 0.000136 -0.000163 0.152500 0.113189 -0.000094 -0.000001 -0.000046 -0.000005 -0.000031 0.000027 -0.058808 0.350198 0.251992 -0.132952 -0.358372 -0.291243 0.009996 0.000087 -0.027470 -0.000191 -0.274714 0.000012 -0.187518 0.000034 -0.038867 -0.183655 0.005805 0.221559 0.337251 0.000055 -0.287029 -0.000023 0.000033 -0.000057 -0.617092 0.434087 -0.449758 -0.000018 -0.273466 0.000009
0.000082 -0.237138 0.000029 0.265016 -0.000044 -0.000140 0.049406 0.117957 -0.000028 0.000046 0.000028 -0.000089 -0.000027 0.000044 0.105704 0.003941 -0.014233 -0.383293 -0.047826 0.293531 0.126938 -0.000088 -0.088402 -0.000271 -0.180998 0.000022 -0.083914 -0.000113 0.452716 0.162127 0.334030 -0.034519 0.371491 -0.000020 -0.209599 -0.000040 -0.000095 -0.000016 -0.187707 0.177672 0.743571 -0.000009 -0.495121 0.000023
-0.000003 -0.123970 -0.000059 -0.297494 0.000043 -0.000100 -0.128702 -0.255081 0.000049 0.000085 0.000041 -0.000078 0.000026 0.000017 -0.356280 0.308190 0.195307 -0.242693 0.114911 0.184641 0.236631 0.000028 -0.084416 -0.000144 0.080452 0.000029 -0.073034 -0.000100 0.525391 -0.054501 -0.003256 0.186050 0.044183 -0.000021 -0.208391 -0.000092 0.000011 -0.000030 0.304914 -0.042164 0.376463 -0.000080 0.023253 0.000029
-0.000004 0.213908 -0.000021 -0.276730 0.000007 -0.000145 0.183780 0.019311 0.000095 -0.000020 0.000037 0.000062 0.000017 -0.000032 0.137873 0.498936 -0.144967 -0.004800 -0.006999 0.196552 -0.419346 -0.000272 -0.209566 0.000094 -0.069650 0.000013 0.473674 -0.000079 0.105242 0.183962 0.261709 0.138401 0.021086 -0.000045 -0.286428 -0.000097 -0.000098 -0.000015 0.644223 0.275281 0.023417 -0.000024 0.011214 -0.000057
-0.000022 -0.063604 -0.000042 -0.512675 -0.000055 -0.000116 0.340656 0.162080 0.000059 0.000038 0.000025 -0.000033 0.000053 0.000059 -0.072920 0.276860 -0.286810 0.252383 -0.317611 0.353758 -0.005374 -0.000278 -0.075010 0.000047 0.174420 -0.000035 0.084234 0.000242 0.127656 0.084357 -0.182663 0.363392 -0.201169 -0.000026 -0.127938 -0.000046 0.000018 0.000013 0.476764 0.312268 -0.042210 -0.000026 0.258380 0.000049
-0.000027 0.125530 -0.000056 -0.521449 -0.000002 -0.000123 0.152993 0.052957 0.000046 -0.000048 -0.000028 -0.000026 0.000068 0.000098 -0.115491 0.180371 -0.510632 0.055468 -0.340002 0.124995 0.096106 -0.000044 -0.004351 0.000011 0.288359 0.000026 -0.280897 0.000136 0.317317 0.314898 0.259568 0.569128 -0.339857 -0.000105 -0.080279 0.000025 0.000063 0.000032 0.228705 -0.031430 -0.338989 -0.000040 0.369280 0.000034
0.000011 0.218167 -0.000010 0.321817 -0.000221 -0.000107 0.097177 0.092733 -0.000124 0.000019 -0.000013 -0.000066 -0.000013 0.000013 -0.058085 0.256169 -0.237858 0.394692 -0.077118 0.579544 -0.375263 -0.000034 0.036728 0.000212 0.430793 0.000071 0.170692 -0.000036 -0.139731 -0.029915 -0.368005 0.344117 -0.099654 -0.000017 0.032969 0.000006 -0.000029 0.000020 0.035376 -0.014303 -0.379115 0.000031 -0.341449 -0.000054
-0.000099 -0.126124 0.000016 0.080094 -0.000176 -0.000138 -0.397372 -0.052809 0.000011 0.000016 -0.000030 0.000037 -0.000001 -0.000024 -0.114094 0.117663 -0.276755 -0.229919 -0.135676 0.046676 0.199245 0.000095 0.118502 -0.000133 0.088352 0.000005 0.314699 0.000056 -0.069198 -0.140625 0.155268 0.237622 0.166270 -0.000045 0.223344 0.000019 0.000047 0.000078 -0.384531 0.036836 -0.014675 -0.000009 -0.275404 -0.000080
-0.000030 -0.106075 -0.000054 -0.054592 0.000045 -0.000205 -0.367524 -0.078689 0.000091 0.000041 0.000022 0.000049 0.000030 -0.000025 0.154418 0.047871 -0.055937 -0.230824 -0.139418 -0.088979 0.192302 0.000035 0.095391 0.000092 0.247934 -0.000030 -0.246169 -0.000077 -0.085662 -0.048242 -0.010198 -0.040093 0.216676 -0.000037 0.160606 -0.000087 -0.000050 0.000021 0.014357 -0.012511 0.234368 -0.000046 -0.267625 -0.000070
-0.000085 0.437162 -0.000000 0.145884 0.000009 -0.000072 -0.227727 -0.570408 0.000098 0.000016 0.000009 -0.000100 -0.000048 -0.000032 0.134185 -0.054754 0.157082 0.028836 -0.022898 -0.052605 0.140685 0.000018 -0.003957 0.000233 0.155788 0.000046 -0.302368 -0.000018 0.017834 0.160086 -0.171518 0.113901 0.179061 0.000007 0.034915 0.000031 -0.000062 -0.000032 0.129724 -0.012759 -0.058136 -0.000030 -0.125362 -0.000000
0.000101 0.050834 -0.000017 0.172255 0.000128 -0.000270 -0.116157 0.161462 0.000054 -0.000039 -0.000004 0.000109 0.000007 -0.000002 0.058948 -0.195027 -0.017480 -0.134987 0.360596 0.138947 0.035854 -0.000013 0.090106 0.000040 -0.058896 -0.000145 -0.277872 0.000011 -0.044803 -0.250935 -0.195789 -0.243782 0.260373 0.000073 0.279255 0.000031 0.000020 0.000019 0.000206 -0.346608 -0.022965 -0.000016 0.000841 0.000038
-0.000028 0.087339 -0.000007 -0.299801 -0.000136 -0.000122 -0.041286 -0.275130 0.000110 -0.000044 -0.000029 -0.000068 -0.000007 -0.000037 0.285430 -0.083253 -0.151283 -0.083974 -0.000292 0.225876 0.160160 -0.000043 0.041075 -0.000065 -0.267595 0.000084 0.211764 -0.000066 0.089176 -0.348237 0.063439 -0.033207 0.073533 -0.000024 0.157443 0.000007 -0.000041 -0.000062 0.066344 0.080123 0.089503 0.000018 -0.162010 -0.000005
-0.000174 0.291897 -0.000034 -0.127254 0.000050 -0.000164 -0.180148 -0.375031 -0.000009 -0.000004 -0.000015 0.000006 0.000006 -0.000029 -0.095705 0.409427 -0.329415 0.322270 0.042628 -0.051275 0.148770 -0.000054 0.022315 0.000105 -0.207267 0.000016 -0.074584 -0.000071 0.032987 -0.063219 0.332743 -0.305851 -0.183851 -0.000072 -0.002696 -0.000004 -0.000025 0.000032 0.126991 -0.464701 0.180018 0.000034 0.105572 -0.000001
-0.000125 0.352584 -0.000005 0.064552 0.000137 -0.000182 0.001074 -0.171888 0.000094 0.000014 0.000004 -0.000045 0.000017 -0.000032 -0.223731 0.041865 -0.534426 0.057878 0.042483 0.044000 0.184057 -0.000064 0.019699 0.000117 -0.103862 0.000058 -0.301815 0.000030 -0.213763 0.077625 0.283959 -0.090182 -0.204582 -0.000069 0.048328 0.000023 -0.000036 0.000009 0.155287 -0.340562 -0.156837 -0.000016 -0.113594 -0.000092
0.000067 -0.088220 0.000002 -0.151909 -0.000121 -0.000036 0.112304 0.152893 -0.000018 0.000157 0.000028 -0.000043 0.000000 0.000016 -0.108546 0.092327 -0.098907 0.230237 0.334500 -0.230465 0.046723 -0.000039 0.114264 0.000068 -0.011984 0.000081 0.091390 0.000029 -0.375566 -0.006892 0.466974 0.062439 -0.420115 0.000043 0.019486 0.000010 -0.000005 -0.000032 0.118366 -0.455153 -0.367299 0.000019 -0.197166 0.000015
0.000030 -0.039410 0.000009 -0.073759 0.000168 -0.000214 -0.345354 0.258794 -0.000097 -0.000028 -0.000025 0.000036 0.000049 -0.000002 -0.199927 0.052525 0.130920 0.192684 0.010199 -0.015396 0.029679 0.000034 0.075999 0.000148 0.298815 0.000045 -0.263077 0.000080 -0.279314 -0.314636 -0.336075 -0.011972 -0.012121 -0.000012 0.000326 0.000001 -0.000028 -0.000041 -0.060445 -0.391719 0.113562 -0.000001 -0.066661 -0.000077
0.000026 -0.058380 -0.000043 0.377701 0.000131 -0.000040 -0.235382 0.327574 0.000028 0.000093 0.000011 0.000103 0.000043 -0.000040 0.342540 0.040120 -0.056747 0.325154 0.020407 -0.001449 -0.051507 -0.000065 0.000998 -0.000028 -0.030166 -0.000023 -0.147010 0.000079 -0.068864 0.074749 0.008167 0.114444 0.316996 0.000013 -0.023896 0.000062 0.000084 -0.000024 -0.351459 -0.178703 -0.110925 -0.000006 -0.390227 -0.000051
-0.000035 0.061578 -0.000083 0.217478 -0.000037 -0.000061 -0.025775 -0.031397 -0.000049 0.000060 0.000011 -0.000041 -0.000037 -0.000019 -0.101616 0.328500 -0.003321 -0.210599 0.026498 -0.344499 0.265496 0.000033 0.055595 0.000047 -0.087402 -0.000025 0.067803 -0.000264 0.130599 -0.011743 0.054158 0.483473 0.088665 -0.000017 0.029942 -0.000095 0.000036 -0.000002 -0.249670 -0.407971 0.018075 0.000023 -0.015224 -0.000001
-0.000099 -0.323976 0.000012 0.211053 0.000066 -0.000204 -0.097945 0.336857 0.000038 -0.000047 0.000020 0.000004 0.000016 0.000038 0.118936 0.478350 0.016883 -0.165253 0.091754 0.159376 -0.187520 0.000081 0.013912 0.000169 0.099521 0.000027 0.135785 -0.000118 -0.585616 -0.049761 0.039990 0.370383 0.198171 0.000003 0.049340 -0.000024 -0.000033 0.000032 0.102546 -0.319067 0.173583 0.000012 -0.209762 -0.000095
-0.000029 -0.233080 -0.000018 0.052950 -0.000176 -0.000090 -0.020944 -0.057861 -0.000113 -0.000024 0.000013 0.000048 0.000006 -0.000075 0.181564 -0.049168 0.049423 -0.689340 -0.410119 0.021009 -0.139973 -0.000109 -0.027869 0.000262 0.165820 0.000024 -0.013943 0.000200 -0.452511 0.213025 0.154312 0.292613 0.279666 -0.000030 -0.001092 0.000008 0.000006 -0.000058 0.152642 -0.054062 0.192206 0.000038 0.059619 -0.000048
0.000020 -0.356650 0.000011 -0.271404 0.000044 -0.000158 -0.070641 -0.360446 0.000026 0.000048 0.000021 0.000047 -0.000050 -0.000025 -0.181174 0.076106 -0.316354 -0.408578 -0.119410 -0.255839 0.094617 0.000210 -0.007076 0.000039 0.174488 -0.000109 0.008036 -0.000024 -0.224638 -0.040232 -0.372909 0.327297 -0.071966 -0.000012 0.004602 0.000057 0.000041 -0.000014 -0.004672 -0.146551 0.246755 -0.000040 -0.029113 -0.000003
0.000016 0.254229 -0.000019 -0.397386 0.000089 -0.000153 0.596693 -0.396150 -0.000138 -0.000038 0.000034 -0.000038 0.000067 0.000045 -0.142550 0.202638 -0.300510 0.485385 0.223037 0.476320 0.097845 0.000038 -0.001316 0.000205 -0.133723 -0.000157 0.121687 -0.000110 -0.046849 0.035473 -0.157393 -0.014084 -0.111622 0.000020 -0.032278 -0.000033 -0.000072 -0.000018 -0.110590 -0.281105 -0.067893 -0.000006 -0.019316 -0.000004
0.000083 0.120109 -0.000015 -0.589323 -0.000050 -0.000119 0.154831 -0.003781 -0.000051 -0.000030 0.000021 -0.000093 0.000010 0.000012 -0.010789 0.285796 -0.032219 0.301380 0.129672 0.468043 0.086489 -0.000015 -0.020580 -0.000031 0.232263 0.000112 0.043543 0.000106 0.030069 -0.098416 0.022632 -0.566509 -0.097376 0.000056 -0.053980 0.000065 0.000072 -0.000004 0.080659 -0.150292 -0.187449 0.000021 -0.075447 -0.000034
-0.000031 0.147260 -0.000008 -0.053658 -0.000070 -0.000054 0.210117 -0.355818 0.000043 -0.000039 -0.000033 0.000046 -0.000002 0.000002 -0.174828 -0.146495 -0.173574 -0.154640 0.086720 -0.266441 0.371052 -0.000003 0.033407 0.000026 -0.041113 -0.000088 0.123386 -0.000199 0.345098 -0.215441 -0.024919 -0.063727 -0.013510 0.000020 0.088103 0.000040 0.000025 0.000012 0.180843 -0.111494 -0.486235 0.000058 -0.095585 -0.000004
0.000035 -0.154110 -0.000026 0.615233 -0.000045 -0.000209 0.297214 0.043933 0.000022 0.000028 -0.000038 0.000050 0.000015 -0.000032 -0.156640 -0.239717 -0.265027 0.169753 0.413545 0.043219 -0.132072 0.000030 -0.050620 -0.000269 -0.044590 0.000022 0.251509 0.000042 0.018324 -0.239663 -0.033834 -0.319501 0.099368 -0.000019 0.082625 -0.000062 0.000035 0.000032 0.108547 0.033128 -0.173956 -0.000023 -0.100463 0.000034
-0.000033 -0.000103 0.000049 0.471798 -0.000058 -0.000101 -0.353267 0.042220 0.000030 -0.000007 0.000006 0.000029 0.000026 -0.000071 -0.326779 0.647794 -0.492039 0.017527 0.040059 -0.124405 0.187819 -0.000142 -0.011246 -0.000267 0.127991 0.000022 0.189273 -0.000080 0.048307 -0.281352 -0.160463 -0.004559 -0.040439 0.000041 0.081481 0.000066 -0.000047 0.000018 -0.397349 -0.178823 -0.669526 0.000006 0.059152 0.000003
-0.000088 -0.221735 0.000020 0.303836 -0.000034 -0.000192 -0.372055 -0.014715 0.000104 -0.000093 0.000034 -0.000025 0.000002 0.000001 0.222841 0.285002 -0.637376 -0.102364 -0.023279 -0.008931 0.213800 -0.000044 -0.031795 -0.000001 0.302099 -0.000037 0.216033 0.000013 -0.205974 0.341875 0.094654 0.045266 -0.132974 -0.000064 0.021586 -0.000140 -0.000010 0.000005 -0.436657 -0.034209 -0.172898 -0.000019 0.162236 0.000030
-0.000097 0.014156 0.000020 0.147380 -0.000328 -0.000071 -0.355660 -0.417014 0.000038 0.000006 -0.000020 0.000031 0.000036 0.000049 0.062140 0.007728 -0.197157 -0.117897 -0.008884 0.216962 0.018906 0.000128 0.021132 -0.000127 0.086717 0.000026 0.061215 -0.000052 -0.056838 0.272373 -0.141895 -0.088638 -0.292041 -0.000023 0.181600 0.000047 0.000040 -0.000008 -0.047994 -0.095430 -0.404357 0.000014 0.282998 -0.000039
0.000006 0.033272 -0.000043 -0.096649 0.000046 -0.000180 0.191485 -0.538456 0.000021 -0.000042 0.000047 0.000063 0.000029 0.000014 0.190210 0.016914 -0.567473 0.011798 -0.091069 0.135776 -0.119217 0.000065 0.032144 0.000055 -0.130114 0.000004 -0.108571 0.000157 -0.065381 0.194056 -0.051263 0.486312 -0.079183 0.000024 0.149460 -0.000006 -0.000080 0.000013 -0.168660 0.040362 0.069445 -0.000009 -0.006828 0.000030
0.000035 0.292673 0.000024 -0.150940 -0.000168 0.000003 0.169644 -0.006784 -0.000036 0.000135 -0.000012 -0.000021 -0.000004 0.000030 0.103263 -0.028722 -0.343066 0.120070 -0.050339 -0.133484 -0.195395 -0.000045 0.115033 -0.000080 -0.792718 -0.000096 0.007583 0.000060 -0.376780 0.013190 0.397388 -0.132973 0.066033 -0.000004 0.123294 0.000018 -0.000089 -0.000021 -0.225162 -0.006196 0.120168 -0.000011 -0.251312 0.000004
-0.000040 -0.270691 0.000006 -0.166204 -0.000169 0.000018 -0.105914 0.187644 0.000022 0.000020 -0.000011 -0.000054 0.000000 -0.000010 0.107076 -0.401877 0.096075 -0.001637 0.265421 -0.162222 0.192535 0.000046 0.176064 0.000080 -0.461016 -0.000021 0.238312 -0.000003 -0.326219 -0.063898 0.129195 -0.034295 -0.367643 -0.000010 0.118812 0.000003 0.000025 0.000017 -0.153569 -0.005347 0.333063 0.000046 0.141005 0.000041
-0.000040 0.339382 -0.000074 0.064212 0.000104 -0.000124 -0.078257 0.058624 0.000031 -0.000024 0.000005 -0.000046 -0.000027 0.000010 0.077257 -0.040505 -0.083480 0.057952 0.147409 -0.209283 -0.036402 0.000111 0.142685 0.000089 0.009035 0.000019 -0.026189 0.000014 -0.049954 -0.009626 0.083087 -0.388797 0.158301 -0.000061 0.262292 0.000029 0.000051 -0.000065 0.043761 -0.175978 0.367174 0.000011 0.390273 -0.000037
-0.000059 0.265741 0.000023 0.006939 0.000043 -0.000125 -0.050632 0.474072 0.000070 -0.000002 -0.000027 0.000061 -0.000021 0.000030 0.165792 0.102944 0.057618 0.002250 -0.323287 0.000133 0.421882 0.000047 0.190525 0.000338 -0.007488 -0.000041 -0.224431 -0.000163 -0.057007 -0.417923 -0.438781 0.135931 0.200568 -0.000028 0.234668 0.000065 -0.000054 -0.000028 -0.010703 -0.146650 0.121298 -0.000002 0.251236 0.000005
0.000040 0.055185 -0.000049 0.036054 0.000162 -0.000156 0.108595 0.189806 0.000081 -0.000019 0.000000 0.000045 -0.000006 0.000061 -0.000581 -0.001513 -0.013677 0.343355 -0.088948 0.003935 0.479105 0.000114 0.076047 -0.000202 0.359002 0.000055 -0.134973 0.000033 -0.432183 0.171866 0.175180 -0.185697 0.304750 -0.000063 0.080962 0.000144 -0.000033 -0.000041 -0.364351 -0.148734 -0.085292 0.000029 0.001844 0.000002
-0.000058 -0.172093 -0.000005 0.233250 0.000087 -0.000143 0.241165 0.067819 -0.000053 0.000035 -0.000014 0.000020 -0.000003 -0.000041 0.035117 0.144497 0.062488 0.254224 -0.122490 -0.191130 -0.083382 -0.000249 0.111481 -0.000029 -0.106855 0.000041 -0.468968 0.000032 -0.384888 0.273346 -0.102234 0.372698 0.138297 -0.000021 0.091953 0.000024 -0.000018 -0.000046 0.008566 -0.410319 -0.403545 0.000120 -0.104788 -0.000009
0.000125 0.021421 -0.000036 -0.330505 0.000156 -0.000087 0.077569 -0.159363 -0.000099 -0.000021 0.000032 -0.000001 -0.000011 -0.000013 0.205950 0.030956 -0.040433 -0.187764 0.044525 -0.031788 -0.254611 0.000052 0.165666 0.000015 -0.576713 -0.000103 -0.100409 -0.000006 -0.080363 0.092552 0.048724 0.032805 0.035351 0.000033 0.177131 -0.000005 0.000003 0.000030 0.220131 -0.244469 -0.215650 0.000006 -0.147623 -0.000073
0.000047 0.064255 0.000018 -0.359299 -0.000096 -0.000069 0.091616 -0.421585 0.000005 -0.000091 0.000033 -0.000069 -0.000006 0.000023 -0.212365 -0.220334 0.094374 -0.524504 -0.175935 0.210026 0.084727 -0.000237 0.132787 -0.000015 -0.075181 -0.000051 0.520206 -0.000016 -0.569494 -0.016323 0.300547 -0.241514 0.013439 0.000032 0.177836 -0.000049 -0.000021 -0.000014 0.166481 0.068350 0.204413 -0.000037 -0.431210 0.000011
