0.000009 -0.099874 -0.056052 0.000206 0.029041 0.046802 0.088718 0.134991 0.557312 0.023106 -0.054019 -0.000123 0.047535 0.167862 0.000119 -0.237034 0.000016 0.000050 -0.010438 -0.271005 -0.061940 0.165049 0.032281 -0.000053 0.000000 -0.000354 -0.034558 -0.447493 0.000006 0.000031 -0.000399 0.021142 0.029795 -0.000030 -0.000020 0.011694 -0.000060 0.461668 -0.000389 -0.273994 -0.000158 0.148297 0.000303 0.033093 0.172428 -0.137596 0.035311 0.082638 0.000136 -0.101837 0.048611
-0.000226 0.156615 -0.024432 -0.000104 0.043002 -0.130966 -0.069655 0.100537 -0.225674 0.034691 0.126727 -0.000110 -0.181127 -0.230194 0.000072 -0.048723 0.000021 0.000058 -0.220559 0.062934 -0.238869 0.150423 0.047981 0.000212 -0.000046 0.000005 0.138504 -0.271499 -0.000115 0.000059 0.000004 0.248577 0.071632 -0.000149 -0.000097 0.019460 0.000066 0.167941 -0.000079 -0.204581 0.000420 0.003528 -0.000173 0.049507 -0.183180 -0.170546 0.052581 0.257506 -0.000253 -0.028058 0.007947
0.000003 -0.137038 0.014362 -0.000054 0.041714 -0.515870 -0.151267 0.117482 -0.039190 0.034266 0.397287 0.000184 -0.167465 -0.342096 0.000045 -0.077851 0.000065 -0.000114 0.014372 -0.125787 0.026226 0.028505 0.045761 -0.000032 0.000030 0.000080 0.194068 -0.264715 -0.000112 0.000111 -0.000071 0.256027 -0.052846 0.000101 0.000089 0.021118 -0.000205 -0.018739 0.000099 -0.025602 0.000307 -0.232199 0.000167 0.047040 -0.133056 0.261085 0.049568 -0.093890 -0.000287 -0.178264 0.004527
0.000061 0.014048 -0.000811 -0.000170 0.063595 0.288898 -0.221394 0.006532 0.007682 0.052082 0.102087 0.000014 0.176412 -0.041850 -0.000057 -0.234304 -0.000102 0.000035 -0.112463 -0.058157 -0.001626 0.070954 0.070082 -0.000016 0.000027 0.000193 0.278662 0.058629 -0.000044 -0.000021 0.000058 0.201182 -0.121514 -0.000168 -0.000142 0.031624 0.000149 -0.224289 0.000061 0.159681 -0.000486 -0.204037 0.000241 0.072728 0.116563 0.212727 0.076314 -0.201037 0.000056 0.170980 0.090853
-0.000091 -0.210760 0.107105 -0.000079 0.098547 -0.218491 -0.213580 0.165886 0.086249 0.082338 -0.006473 0.000270 0.002003 0.208144 -0.000054 -0.143993 0.000025 0.000230 -0.713553 0.001028 0.179663 -0.119691 0.107627 0.000024 -0.000051 -0.000072 0.176816 0.010829 -0.000141 -0.000095 -0.000171 0.134931 -0.006887 0.000108 -0.000234 0.054692 -0.000063 -0.030627 -0.000179 -0.183252 0.000091 0.238406 -0.000014 0.110942 -0.186256 0.363457 0.116014 -0.018679 0.000510 0.016795 -0.238794
0.000144 0.028190 0.075752 0.000176 0.002383 -0.438627 0.163235 -0.012218 0.244353 0.002309 0.095666 0.000097 -0.113066 0.344125 0.000157 0.071544 0.000038 0.000033 -0.245939 -0.149608 0.324905 -0.017101 0.002421 -0.000436 -0.000009 0.000054 -0.136148 -0.024679 -0.000120 -0.000016 -0.000001 -0.364094 0.320685 0.000135 -0.000062 0.001884 0.000023 0.059344 0.000138 0.042414 -0.000071 0.017261 -0.000105 0.002413 0.439629 -0.307076 0.002440 -0.266136 0.000192 -0.023820 0.358829
0.000072 -0.073594 0.121861 -0.000070 0.029072 -0.198774 0.111129 0.043620 -0.270457 0.022495 0.124330 -0.000121 0.002771 -0.097514 -0.000031 -0.067544 -0.000142 -0.000137 -0.025507 -0.031391 0.004384 -0.160905 0.032641 -0.000068 0.000024 0.000124 -0.043323 0.137536 -0.000187 -0.000179 -0.000068 0.030786 -0.109515 -0.000048 -0.000015 0.010197 -0.000224 -0.217768 0.000177 -0.011512 0.000161 0.057140 0.000170 0.033782 -0.024203 -0.099662 0.036317 0.139829 -0.000017 0.039929 -0.013639
0.000029 -0.136854 -0.074636 0.000044 0.035332 -0.148846 0.021119 0.214803 0.343264 0.028159 -0.002937 0.000089 0.066736 0.096727 -0.000044 -0.005486 -0.000026 -0.000000 0.050822 -0.289475 -0.353707 -0.247531 0.039586 0.000324 -0.000019 0.000012 0.317035 -0.152983 0.000008 0.000071 0.000004 0.082076 0.109142 -0.000078 -0.000142 0.014727 -0.000136 0.034709 0.000249 -0.009262 0.000099 -0.001977 -0.000011 0.040992 0.110747 -0.138535 0.042937 0.168041 -0.000022 0.112885 0.088728
0.000160 -0.187576 -0.438909 -0.000060 0.048811 -0.365613 -0.111876 -0.005369 0.027507 0.039241 0.093893 0.000004 0.184573 0.122094 -0.000363 0.146261 0.000047 0.000080 -0.138218 0.253981 -0.205582 0.319843 0.053853 0.000196 0.000073 -0.000230 -0.017519 -0.492010 -0.000009 -0.000053 0.000037 -0.015733 0.085093 -0.000250 -0.000049 0.022250 -0.000152 0.107768 -0.000340 -0.007914 0.000240 0.076543 0.000202 0.056042 -0.162668 0.077475 0.058985 0.096591 -0.000186 0.115905 0.234342
-0.000033 -0.152295 -0.106805 -0.000105 0.031126 0.179643 -0.044647 -0.369831 -0.117288 0.023658 -0.138603 0.000051 -0.159516 -0.180324 0.000306 0.023185 0.000062 0.000064 -0.136449 0.094104 -0.149534 -0.133326 0.035222 0.000050 0.000125 0.000009 0.010160 0.112711 -0.000026 -0.000012 0.000036 0.146101 0.432895 -0.000066 -0.000050 0.009903 -0.000003 0.256887 -0.000053 0.369508 -0.000028 0.110088 -0.000021 0.036596 -0.050713 -0.183590 0.039325 0.396478 0.000332 0.040085 -0.092143
0.000035 0.059339 0.066873 -0.000085 0.018556 -0.013160 -0.017279 0.039911 -0.047361 0.013065 0.376102 -0.000028 0.061280 -0.134442 -0.000143 -0.020013 0.000170 -0.000046 -0.128984 0.092661 -0.121933 0.372905 0.021570 -0.000077 0.000069 0.000119 -0.008630 -0.196531 0.000180 0.000088 0.000024 -0.003522 0.330016 0.000154 -0.000018 0.004749 0.000088 0.238836 0.000073 0.275675 -0.000108 -0.004971 0.000150 0.022592 0.180515 0.052436 0.024506 -0.095153 -0.000137 -0.403295 -0.006199
0.000130 0.003821 0.693562 0.000046 0.017280 0.084872 -0.198676 -0.018739 0.157629 0.011478 0.003136 0.000148 0.081809 -0.012867 0.000065 -0.158058 -0.000119 -0.000085 -0.298652 0.080605 0.166282 -0.041706 0.020515 0.000151 0.000130 -0.000002 0.125547 -0.238459 0.000466 0.000016 0.000001 0.197073 0.071858 -0.000209 -0.000044 0.002453 -0.000223 0.127750 -0.000523 -0.127840 0.000056 0.110356 0.000013 0.021892 0.258778 0.284215 0.024414 -0.241494 -0.000284 -0.292564 -0.044746
0.000113 0.119861 -0.231971 -0.000232 0.044519 -0.153899 0.123380 0.011994 0.338886 0.036147 0.237401 0.000074 0.288718 0.049158 -0.000358 -0.229265 -0.000144 0.000072 0.276700 0.273529 0.081106 -0.463085 0.049313 0.000068 0.000101 -0.000164 -0.272456 0.275721 -0.000117 -0.000014 -0.000407 -0.297060 0.090550 0.000259 0.000143 0.021045 -0.000128 -0.320558 0.000193 0.281184 0.000217 0.222701 0.000425 0.050629 0.106329 -0.234013 0.053696 -0.323869 0.000144 -0.093982 -0.040536
0.000097 0.010508 -0.089117 -0.000110 0.018113 0.048864 0.337032 0.026050 0.017471 0.013417 0.204947 0.000005 0.045214 -0.173261 0.000144 -0.010104 0.000121 -0.000004 0.125844 -0.036119 0.167183 0.086371 0.020783 0.000140 0.000025 0.000092 -0.008690 0.097604 -0.000055 -0.000002 0.000001 -0.023776 0.065868 -0.000024 0.000097 0.006249 -0.000098 -0.207811 -0.000155 -0.157145 0.000026 -0.200443 -0.000037 0.021536 -0.226320 -0.216244 0.023414 -0.007865 0.000518 0.033100 0.188222
0.000349 -0.115886 -0.231143 -0.000104 0.053075 -0.159523 -0.109260 0.283930 0.494628 0.042537 -0.127208 -0.000144 -0.597351 -0.134626 -0.000355 -0.493930 0.000158 0.000228 0.031279 -0.006819 0.244114 -0.137666 0.059299 -0.000340 -0.000023 -0.000074 -0.283467 0.170275 -0.000161 -0.000088 0.000139 -0.196266 -0.329367 -0.000095 0.000062 0.023641 0.000022 -0.163505 -0.000148 -0.281500 -0.000277 -0.146357 0.000432 0.061307 -0.230533 0.033528 0.064202 0.131448 0.000086 -0.010733 -0.152390
-0.000200 -0.081479 -0.053836 0.000048 0.023962 0.104214 -0.209534 0.117706 0.367785 0.018355 0.193612 -0.000027 0.471657 0.294042 -0.000013 -0.113208 -0.000074 -0.000088 0.079279 0.006922 0.122405 -0.275486 0.027449 -0.000205 -0.000026 -0.000107 -0.080936 0.191534 0.000001 0.000018 0.000093 -0.030740 -0.041035 0.000160 -0.000138 0.009134 -0.000068 0.011202 -0.000452 -0.092490 -0.000053 -0.019759 -0.000030 0.028149 0.127286 -0.218975 0.030027 0.025613 0.000225 0.146196 0.250233
0.000249 0.270253 -0.395622 0.000132 0.083883 -0.000873 -0.244772 0.152985 -0.189768 0.069279 -0.126700 0.000042 0.073246 0.014888 -0.000036 -0.445291 -0.000111 -0.000042 0.075286 0.298080 0.046861 -0.168024 0.092697 -0.000131 -0.000084 -0.000129 -0.006355 0.343628 -0.000090 0.000219 0.000154 0.044986 0.109976 -0.000059 -0.000142 0.044258 0.000045 0.024203 -0.000142 0.094390 -0.000025 -0.006709 0.000051 0.096051 0.238637 -0.143485 0.100330 -0.282120 -0.000131 -0.233937 -0.082961
0.000413 0.045409 0.146032 -0.000098 0.043696 -0.090086 -0.143986 0.030622 -0.005639 0.034731 0.017742 0.000099 -0.279350 -0.182405 0.000239 -0.285565 -0.000089 0.000109 -0.139945 0.023905 0.056107 0.107001 0.048557 -0.000081 -0.000109 0.000076 0.233992 -0.051278 0.000056 0.000102 -0.000021 0.098022 0.007335 -0.000006 0.000202 0.018660 -0.000243 -0.067069 0.000105 0.062378 -0.000070 -0.069241 -0.000115 0.050396 0.028571 -0.146057 0.053466 -0.338459 0.000188 -0.183831 0.090151
0.000218 0.302385 0.188870 -0.000236 0.035751 0.199750 0.040730 -0.046619 0.131363 0.028740 -0.047019 -0.000052 -0.066962 -0.266873 -0.000199 -0.127066 -0.000350 -0.000013 -0.248993 -0.229951 -0.595599 -0.075595 0.039402 0.000086 0.000010 -0.000012 -0.027889 -0.178213 0.000221 -0.000008 0.000062 -0.111249 0.285278 -0.000269 -0.000042 0.014816 -0.000013 0.235329 -0.000013 -0.000665 0.000010 -0.125242 0.000075 0.040545 -0.048339 0.496317 0.042731 0.075515 -0.000159 0.254689 -0.009630
0.000197 0.222734 0.013409 0.000038 0.091327 -0.157186 0.300706 0.054856 0.001027 0.075972 0.121946 0.000053 0.229877 0.106962 0.000008 -0.274094 -0.000097 -0.000106 -0.251747 -0.365145 0.274139 0.075369 0.100051 0.000120 0.000041 0.000085 -0.111682 0.111176 0.000264 0.000164 0.000341 0.114298 0.014042 -0.000087 -0.000211 0.049561 0.000099 -0.290310 -0.000097 -0.270305 -0.000045 0.108324 -0.000070 0.103692 0.215210 0.104010 0.108368 0.043439 0.000141 -0.206613 0.032426
-0.000135 0.123005 0.325975 -0.000095 0.023252 -0.009567 0.078771 0.062672 0.090123 0.017803 0.277121 -0.000248 0.074082 0.202478 -0.000369 -0.325078 -0.000240 -0.000036 -0.035157 -0.317133 0.010738 0.009939 0.026234 -0.000115 -0.000024 -0.000028 -0.148386 -0.143588 0.000127 -0.000142 -0.000166 -0.036559 0.099939 -0.000394 0.000095 0.008228 -0.000277 -0.121764 -0.000472 0.062976 -0.000223 0.032118 0.000017 0.027041 0.232173 0.401153 0.029294 -0.382561 0.000092 -0.189215 -0.026454
0.000145 -0.247048 0.038275 0.000187 0.000335 0.096043 -0.135052 0.066437 0.109153 0.000333 -0.289913 0.000093 0.079372 0.501202 -0.000076 -0.026224 -0.000107 -0.000096 0.028773 -0.085956 -0.005344 0.203895 0.000332 -0.000031 -0.000125 0.000048 0.108329 0.346567 0.000077 -0.000010 -0.000029 0.070257 -0.386575 0.000053 -0.000079 0.000335 -0.000212 0.014545 -0.000170 0.281882 0.000205 -0.018080 -0.000121 0.000327 0.432237 -0.124154 0.000332 0.126202 -0.000007 -0.122035 0.401569
0.000064 -0.280342 -0.116460 0.000063 0.042897 0.071339 -0.342705 -0.200633 -0.004689 0.034414 -0.056571 0.000161 0.006860 0.311191 -0.000053 -0.233733 0.000138 0.000081 0.345683 0.309561 0.042298 0.300842 0.047507 -0.000219 0.000104 -0.000105 -0.048167 0.300532 -0.000039 0.000048 0.000041 -0.327158 0.117398 -0.000271 -0.000013 0.018423 0.000072 -0.321826 0.000042 0.087557 -0.000052 -0.265475 0.000064 0.049062 -0.174904 -0.084422 0.051849 -0.072131 -0.000089 0.103163 -0.012954
0.000108 -0.519787 0.101940 0.000028 0.066102 -0.097180 -0.154873 0.107149 -0.264745 0.054868 0.074494 0.000403 -0.246359 0.128538 0.000260 -0.126973 -0.000018 0.000131 -0.028074 0.246243 0.144036 -0.232224 0.072156 0.000101 0.000033 0.000034 0.248885 -0.292129 0.000068 -0.000193 -0.000087 0.472470 0.043588 -0.000385 0.000236 0.034390 0.000123 0.092070 -0.000027 0.028012 0.000152 0.013085 0.000075 0.074427 -0.339548 -0.162169 0.078148 -0.229775 0.000093 -0.012257 0.148189
0.000213 -0.353481 -0.220414 -0.000124 0.019389 0.214418 0.089230 0.040226 0.003137 0.015761 -0.337168 -0.000162 0.031980 0.073512 -0.000561 -0.020862 0.000103 0.000046 -0.020314 0.005726 0.230103 0.177240 0.021258 -0.000096 0.000069 0.000039 0.069159 0.034276 -0.000014 0.000074 0.000230 -0.167437 -0.006395 -0.000155 -0.000235 0.009768 0.000113 -0.115892 0.000042 0.001249 -0.000030 0.015645 -0.000019 0.021709 -0.131444 0.211605 0.023031 0.058828 0.000255 0.446567 0.226346
0.000013 0.121083 -0.169222 -0.000028 0.036915 0.109904 0.526205 0.034796 -0.086451 0.029039 0.251166 -0.000246 -0.033926 -0.265447 0.000100 -0.037499 0.000172 -0.000100 -0.012945 -0.249592 0.100383 0.046152 0.041334 0.000056 -0.000065 -0.000061 0.024432 -0.234971 0.000213 -0.000032 -0.000035 0.217141 0.089910 -0.000183 -0.000363 0.014914 0.000216 -0.101028 -0.000118 -0.076715 -0.000031 0.159422 -0.000143 0.043143 0.043068 0.123883 0.046225 -0.210255 -0.000269 0.102389 -0.140769
-0.000100 0.092511 -0.200941 0.000000 0.036802 -0.425095 0.183108 -0.021367 -0.019227 0.029140 -0.230033 -0.000016 -0.077700 0.092192 0.000161 0.077992 0.000156 0.000211 -0.284242 -0.020639 0.027870 -0.018620 0.041311 -0.000041 0.000100 0.000005 0.029186 0.081443 -0.000100 -0.000080 -0.000013 -0.008202 0.043823 0.000031 -0.000211 0.016636 -0.000166 -0.017102 0.000180 0.290666 0.000144 -0.119053 -0.000013 0.042227 -0.065746 -0.125097 0.045049 -0.070212 0.000136 0.090433 -0.222921
0.000063 0.122986 0.144400 -0.000148 0.023261 0.133650 0.018129 -0.028612 -0.151241 0.017706 0.012804 0.000303 -0.107383 -0.070139 -0.000091 -0.214580 0.000089 -0.000145 0.090523 0.190825 0.131538 0.465896 0.026088 -0.000080 -0.000027 0.000226 0.084226 0.018890 -0.000026 -0.000005 -0.000007 -0.125964 0.009004 -0.000034 0.000029 0.008650 -0.000256 -0.135572 0.000157 -0.131320 -0.000177 -0.003503 0.000151 0.027321 0.175725 0.043489 0.028861 -0.340989 0.000460 -0.073621 0.024826
0.000080 0.012535 0.193518 0.000062 0.069367 0.300060 0.003809 0.287156 -0.058918 0.056056 0.145801 -0.000135 0.026314 0.203853 -0.000049 -0.118864 -0.000074 -0.000136 -0.284418 0.146059 -0.310388 -0.052010 0.076908 0.000151 -0.000083 -0.000132 -0.164435 0.098897 -0.000112 -0.000017 0.000045 0.187017 0.008452 0.000053 -0.000215 0.033609 -0.000095 -0.236960 -0.000000 -0.006953 -0.000271 0.190733 0.000078 0.079599 -0.168740 0.345891 0.083808 -0.377383 -0.000011 -0.182680 0.220840
-0.000263 -0.009451 -0.189284 -0.000176 0.035336 -0.273015 -0.388097 0.068648 -0.139154 0.027879 -0.099817 -0.000012 -0.118172 0.050940 -0.000228 0.424752 0.000085 0.000150 0.103550 0.096597 0.020390 0.272491 0.039405 0.000293 -0.000064 0.000050 0.056268 0.093790 0.000031 0.000038 -0.000116 -0.378103 0.275424 0.000022 -0.000310 0.013778 -0.000018 -0.151614 0.000024 -0.178126 -0.000047 -0.015676 0.000469 0.040721 0.003801 0.009570 0.043245 0.058830 -0.000179 0.291934 0.213334
-0.000257 0.087056 0.065995 -0.000101 0.020985 -0.170804 -0.077175 0.358393 -0.231573 0.015242 -0.442709 0.000227 -0.141726 0.485039 0.000196 0.122368 0.000133 0.000057 0.221146 -0.104962 0.307532 -0.125614 0.024447 0.000001 -0.000024 0.000176 0.151446 -0.322722 0.000054 0.000118 -0.000062 0.150904 -0.008402 -0.000246 0.000035 0.005747 -0.000105 -0.109911 -0.000241 0.029723 -0.000295 0.211769 -0.000270 0.025210 0.249936 -0.288404 0.027216 -0.106693 -0.000022 0.025518 -0.165292
0.000037 0.075212 -0.038166 -0.000176 0.033308 -0.124281 0.158371 -0.137815 -0.013260 0.026129 0.136051 0.000211 0.111120 0.055656 -0.000113 0.015583 0.000096 0.000144 -0.102244 -0.083334 0.180244 -0.274550 0.037265 -0.000120 0.000159 -0.000066 0.082724 -0.322343 -0.000018 -0.000150 0.000029 -0.041525 0.203330 -0.000091 0.000012 0.012915 -0.000307 0.034234 -0.000027 0.033192 0.000220 0.157398 0.000200 0.038424 0.174186 0.147539 0.041230 -0.014830 0.000153 0.266960 -0.056692
-0.000041 -0.060834 0.062117 -0.000069 0.031577 0.169661 0.003595 0.180099 -0.149959 0.023528 -0.296496 0.000008 -0.069445 0.000813 0.000127 -0.397825 0.000106 0.000158 -0.087312 0.073002 -0.091859 0.240929 0.036072 -0.000181 -0.000111 0.000069 -0.450941 -0.091262 0.000119 -0.000255 -0.000012 -0.330023 -0.234066 0.000060 -0.000275 0.009169 0.000104 0.449753 -0.000336 0.358231 0.000046 -0.211158 -0.000027 0.037494 -0.000229 -0.063209 0.040012 -0.056877 0.000101 0.301225 0.289486
-0.000153 0.072972 -0.205686 -0.000138 0.049282 -0.236137 -0.411892 0.166025 0.261563 0.038655 0.002333 -0.000081 0.035720 -0.022431 0.000189 0.273995 0.000015 -0.000064 0.130430 -0.154732 0.446872 -0.185867 0.055557 -0.000036 0.000012 0.000015 -0.274682 -0.202432 0.000040 0.000058 -0.000130 0.246501 0.036862 0.000216 0.000043 0.020722 0.000172 0.344588 0.000036 -0.003005 0.000008 0.158692 -0.000363 0.058279 -0.034359 -0.234915 0.061534 -0.039545 -0.000038 -0.084669 -0.057443
0.000061 0.126377 0.026279 -0.000100 0.066484 0.036667 0.252140 0.153332 -0.071774 0.052634 0.154383 0.000042 -0.120363 -0.065514 -0.000277 0.073834 0.000212 0.000055 -0.150709 -0.595601 -0.048885 0.048646 0.074516 -0.000030 0.000041 -0.000070 0.263246 0.312955 0.000241 0.000074 -0.000309 0.270008 0.185148 0.000187 -0.000121 0.029569 -0.000540 -0.213709 0.000003 -0.156627 -0.000130 0.123896 0.000262 0.077433 0.056206 -0.216036 0.082761 -0.009949 0.000049 -0.142323 0.011345
0.000030 0.393558 0.063807 -0.000101 0.072002 -0.137746 0.186576 0.089941 -0.042725 0.059533 0.223757 -0.000132 0.133264 -0.050914 0.000208 -0.103336 -0.000032 -0.000124 -0.078696 -0.387907 -0.142382 -0.198012 0.079456 -0.000165 -0.000038 0.000141 0.148127 -0.023378 0.000072 0.000030 0.000029 -0.229374 -0.121279 -0.000163 0.000006 0.037549 -0.000083 -0.201329 -0.000046 0.045700 -0.000132 0.160894 -0.000252 0.082191 -0.148660 0.071954 0.086675 0.058522 -0.000205 -0.093553 0.151766
0.000228 0.107570 -0.045051 0.000172 0.018452 -0.036122 0.138921 0.092052 0.531707 0.012791 0.021634 -0.000189 0.012152 -0.000283 -0.000170 0.114176 -0.000093 0.000035 0.377983 -0.060833 0.070127 0.010403 0.021363 -0.000003 -0.000065 0.000029 -0.174961 -0.217119 -0.000170 -0.000097 0.000059 -0.154484 0.125663 0.000011 -0.000042 0.003154 -0.000347 -0.349811 -0.000163 0.106634 -0.000172 0.009158 -0.000156 0.023125 0.249292 0.034306 0.024845 -0.171610 0.000062 -0.034553 0.039381
0.000258 0.073232 0.116418 -0.000143 0.012480 -0.199408 0.016813 0.231765 -0.035410 0.006703 0.058190 0.000145 0.133231 -0.224202 0.000022 0.057467 -0.000146 0.000179 0.470301 0.093464 -0.155734 0.145177 0.015672 -0.000296 0.000218 0.000222 0.045670 -0.046296 -0.000065 0.000198 -0.000343 -0.146908 -0.051425 -0.000121 0.000001 0.001463 0.000135 0.004974 0.000062 -0.144697 0.000039 -0.267630 0.000051 0.016520 0.151565 -0.015935 0.018928 0.228147 0.000002 0.038271 0.057994
-0.000064 -0.031782 -0.373921 -0.000046 0.027981 -0.217222 -0.039491 0.125937 0.158203 0.020915 -0.175981 -0.000029 0.098505 0.373310 0.000120 0.349117 0.000185 -0.000127 -0.185947 -0.154425 0.141445 0.007597 0.032153 0.000013 0.000038 0.000053 -0.307098 0.384122 -0.000021 0.000014 0.000035 0.166723 -0.088481 0.000040 -0.000162 0.011330 0.000177 0.162888 -0.000253 0.022782 0.000164 -0.077392 0.000069 0.033258 0.080147 0.496470 0.036193 -0.085240 0.000206 -0.223536 -0.055674
-0.000177 0.118677 -0.145952 0.000046 0.047359 0.074966 -0.060972 -0.195544 0.154314 0.038048 0.051948 -0.000002 -0.068842 0.101838 -0.000014 0.243520 0.000027 0.000052 0.430088 -0.026305 0.067605 -0.057439 0.052388 0.000168 0.000031 -0.000062 -0.166418 -0.148512 -0.000150 -0.000032 -0.000385 0.165171 -0.186920 -0.000034 -0.000225 0.021736 0.000066 0.179846 0.000157 -0.150396 0.000039 -0.171889 -0.000122 0.054457 0.024272 0.270477 0.058161 -0.138071 0.000262 0.202731 0.016502
0.000051 -0.033915 -0.196902 0.000002 0.013824 -0.008216 -0.053853 0.047702 0.012409 0.008941 -0.046048 0.000375 0.207185 0.016667 -0.000012 0.176645 0.000008 -0.000219 0.125403 -0.127830 -0.428775 -0.149023 0.016666 -0.000019 0.000227 -0.000102 0.456675 0.113709 -0.000039 -0.000076 0.000044 0.217000 -0.044348 -0.000200 0.000026 0.004064 -0.000175 0.333561 -0.000009 0.199683 -0.000068 0.001879 -0.000008 0.018062 -0.131104 -0.156281 0.020334 0.038745 0.000049 0.220667 0.130364
0.000120 -0.059347 0.105550 -0.000143 0.042650 -0.203111 0.074635 0.043302 0.096462 0.033701 0.156110 -0.000059 0.079897 -0.061437 0.000011 0.205531 -0.000059 -0.000040 -0.200738 0.034331 -0.228206 0.061042 0.047642 -0.000111 0.000226 0.000085 0.036236 -0.325341 0.000156 -0.000247 -0.000140 0.412842 -0.144602 0.000141 -0.000053 0.017789 0.000174 -0.301924 0.000235 0.041430 0.000045 0.018702 -0.000222 0.049588 -0.343405 -0.053507 0.052607 -0.068815 0.000037 0.003275 0.108927
0.000004 0.514653 0.093799 -0.000142 0.039210 -0.206606 -0.159929 -0.091052 -0.004257 0.030991 -0.134688 0.000087 0.118678 0.182833 -0.000443 0.325647 -0.000065 -0.000170 -0.020339 0.325325 -0.034315 0.217667 0.043754 0.000173 0.000143 0.000189 -0.166997 0.115610 -0.000144 -0.000008 0.000190 0.145911 -0.137305 -0.000080 0.000105 0.016389 0.000026 -0.264664 -0.000279 0.150443 -0.000038 -0.226963 -0.000011 0.045414 -0.688881 0.123932 0.049139 0.006288 -0.000070 -0.238436 -0.045115
0.000148 0.165373 0.371122 -0.000067 0.003074 -0.070851 -0.150226 0.413499 0.093609 0.002685 -0.217069 -0.000029 0.120008 -0.017118 0.000249 0.001313 -0.000128 0.000091 -0.082451 -0.125635 0.388526 -0.202184 0.003240 -0.000126 -0.000085 0.000112 0.160158 -0.064299 -0.000141 0.000124 -0.000208 -0.348901 -0.114129 0.000269 -0.000048 0.001663 -0.000411 0.005097 -0.000025 -0.109729 -0.000041 -0.209686 -0.000197 0.003260 0.029534 0.096646 0.003394 0.170968 -0.000275 0.189784 -0.313198
-0.000146 0.376324 -0.034732 0.000071 0.002888 0.219903 -0.252111 -0.016898 -0.016598 0.002347 0.119694 -0.000008 -0.211241 -0.123299 0.000139 -0.086129 -0.000064 0.000003 -0.077146 0.058035 0.012819 -0.137814 0.004049 0.000002 -0.000067 -0.000039 -0.002610 0.045524 0.000219 -0.000081 -0.000087 -0.047931 0.042761 -0.000383 0.000205 0.001071 -0.000213 -0.211566 -0.000216 -0.209231 -0.000022 0.002652 -0.000081 0.004321 0.002795 0.500865 0.005349 -0.008300 0.000209 -0.155642 0.002656
-0.000153 -0.079157 -0.131639 0.000068 0.018549 -0.124430 0.505409 -0.010668 -0.398491 0.013826 0.333045 0.000258 0.050566 -0.010424 0.000028 -0.133781 -0.000083 0.000008 -0.149327 -0.006470 0.277300 -0.155814 0.021310 0.000046 0.000219 0.000063 0.417980 -0.179089 -0.000140 0.000024 0.000026 0.193347 0.029281 -0.000082 0.000055 0.006439 0.000154 -0.157674 0.000004 -0.039742 0.000085 0.200519 0.000117 0.022055 0.319829 -0.021467 0.023501 -0.017664 0.000024 0.070572 -0.389757
0.000293 0.000007 0.316876 -0.000069 0.004325 0.377773 0.249877 0.224162 0.067852 0.002408 -0.059246 -0.000031 0.022955 -0.286292 -0.000326 0.135431 0.000023 0.000055 -0.061544 0.095940 0.483766 -0.078013 0.005200 0.000019 -0.000065 0.000079 0.046414 0.004495 0.000069 -0.000125 -0.000213 0.257889 0.195679 0.000091 -0.000095 0.000846 -0.000278 -0.195189 0.000004 -0.106100 -0.000078 0.014902 0.000146 0.005416 -0.179427 -0.122464 0.006102 -0.612402 0.000172 0.137454 0.114296
-0.000084 -0.128877 -0.172918 -0.000100 0.003538 0.001755 0.159504 0.022264 -0.005408 0.003125 0.027378 0.000136 -0.298017 -0.271047 -0.000110 0.140630 0.000165 -0.000080 -0.246715 0.035907 0.400506 -0.029272 0.003769 0.000027 -0.000255 -0.000287 -0.125312 -0.253610 -0.000053 0.000073 0.000007 -0.116969 -0.244366 -0.000093 -0.000084 0.002392 0.000062 0.155076 0.000163 -0.034495 -0.000204 0.165057 0.000268 0.003819 -0.118564 0.160576 0.004000 -0.080589 0.000067 0.082671 0.133863
-0.000211 -0.187942 -0.046418 -0.000150 0.002578 -0.196087 -0.084200 0.059932 -0.089851 0.001387 0.121999 -0.000060 0.051611 0.118923 -0.000135 -0.228336 0.000168 -0.000031 -0.024810 -0.105969 -0.107755 -0.017976 0.003149 -0.000115 -0.000008 0.000045 0.049377 -0.077207 -0.000163 0.000064 -0.000018 -0.201091 -0.141236 0.000176 -0.000188 0.000548 0.000038 0.374719 -0.000074 0.247801 -0.000082 -0.148779 -0.000184 0.003256 0.301575 -0.015304 0.003665 0.381631 0.000148 0.266385 0.088336
-0.000010 0.309473 -0.002843 0.000083 0.031486 0.272783 -0.053361 0.194016 -0.023698 0.024359 0.096217 -0.000004 -0.097223 -0.081913 0.000090 0.249881 -0.000065 -0.000106 -0.307276 -0.073757 0.323961 0.104659 0.035367 -0.000094 -0.000061 -0.000024 0.149918 -0.234651 -0.000070 -0.000017 0.000113 0.148307 -0.136164 -0.000322 -0.000345 0.012005 0.000011 0.059150 -0.000415 0.040801 -0.000091 -0.080928 -0.000084 0.036453 0.218292 0.001338 0.039201 0.194869 0.000097 0.096734 -0.076253
0.000074 -0.051207 -0.021752 -0.000014 0.045611 -0.179852 -0.002798 -0.199935 -0.192045 0.036685 0.082087 0.000077 -0.129813 -0.047661 0.000237 0.044240 0.000027 0.000090 0.002865 -0.221177 0.244682 0.020233 0.050595 -0.000089 0.000139 0.000001 0.219079 0.150651 -0.000059 0.000110 -0.000066 0.034551 -0.083822 0.000160 -0.000201 0.020503 -0.000103 0.274084 0.000135 0.177151 -0.000122 -0.348775 0.000073 0.052834 0.098703 0.130626 0.056158 0.027037 0.000015 0.311380 -0.192534
-0.000198 0.284286 0.233228 0.000090 0.080848 -0.060213 0.150870 -0.037970 0.206547 0.066832 -0.405713 -0.000179 -0.181671 -0.004414 -0.000200 -0.000967 -0.000097 -0.000070 0.166502 -0.026313 0.136071 -0.057146 0.089130 0.000096 -0.000014 -0.000277 0.102916 0.377493 0.000025 -0.000242 -0.000133 -0.294240 0.176388 -0.000263 0.000198 0.042409 -0.000112 -0.132167 -0.000307 -0.213588 0.000114 -0.006445 0.000099 0.092235 -0.006931 -0.233605 0.096685 0.149953 -0.000129 -0.049299 -0.369802
-0.000307 0.055039 -0.055689 -0.000110 0.042281 0.182357 -0.097542 0.048398 -0.093110 0.032698 -0.018737 -0.000161 -0.207290 0.021304 -0.000115 0.068118 0.000172 0.000086 0.054340 -0.307292 0.077160 0.150548 0.048103 -0.000051 0.000006 -0.000003 0.006949 -0.445273 0.000019 0.000048 0.000134 -0.015531 -0.070875 -0.000208 0.000282 0.015977 -0.000201 -0.181611 0.000073 -0.103594 0.000068 -0.007670 -0.000068 0.049904 -0.002464 0.167995 0.053327 0.383908 -0.000297 0.270236 0.010046
0.000068 0.069440 0.448439 -0.000073 0.070525 -0.064279 -0.302465 -0.151714 0.313810 0.056615 -0.265874 0.000216 -0.264569 -0.102078 -0.000053 0.250078 -0.000150 -0.000215 0.128819 -0.211125 0.065967 -0.171200 0.078713 0.000070 -0.000147 0.000136 -0.185976 -0.122536 0.000181 0.000058 0.000113 -0.196190 0.191950 -0.000421 0.000139 0.032791 0.000136 0.241229 0.000093 0.076057 0.000407 -0.008904 0.000119 0.081794 -0.342371 0.063323 0.085858 0.277153 -0.000077 -0.082057 0.012343
0.000007 -0.036265 0.045112 -0.000066 0.087659 0.001357 -0.087636 0.053095 -0.004453 0.071509 0.082144 -0.000484 -0.164092 -0.185995 -0.000038 0.109429 0.000130 -0.000069 0.132499 0.154311 0.058229 -0.054222 0.096967 -0.000019 -0.000134 -0.000104 -0.034824 0.003077 0.000074 -0.000303 0.000144 0.082050 -0.278068 0.000105 0.000113 0.044016 -0.000167 -0.113042 -0.000320 -0.089130 0.000040 0.217097 0.000097 0.100601 -0.190726 -0.017355 0.106407 0.044088 -0.000041 0.174943 -0.077987
-0.000168 -0.008587 -0.120825 -0.000228 0.029200 0.159890 0.157254 0.204019 -0.140943 0.022227 0.072648 0.000177 -0.202452 -0.158559 -0.000369 -0.303893 0.000093 -0.000014 0.123719 0.055046 0.196975 -0.168303 0.032941 -0.000148 0.000160 0.000094 -0.112256 -0.214614 0.000013 0.000066 0.000045 -0.010721 -0.042154 -0.000307 0.000111 0.009038 -0.000047 0.027156 0.000087 -0.478022 0.000013 -0.171640 0.000088 0.034312 -0.025523 0.078254 0.036907 0.340887 -0.000140 0.245832 0.099152
-0.000067 -0.194433 0.128638 0.000051 0.005751 -0.007145 -0.187943 -0.427113 -0.102560 0.005364 -0.149521 -0.000014 -0.041902 -0.064444 -0.000250 -0.380985 -0.000118 -0.000079 -0.109329 -0.013372 0.110417 0.216795 0.005940 0.000090 -0.000096 -0.000051 0.234603 0.098191 -0.000121 0.000151 -0.000192 0.135148 0.101099 -0.000001 0.000030 0.004179 -0.000145 0.364120 -0.000072 -0.148006 0.000024 0.030759 -0.000275 0.005988 0.216962 -0.176579 0.006307 -0.344098 -0.000002 0.299083 -0.086919
0.000157 0.247147 -0.143206 -0.000068 0.044599 0.013359 -0.006733 0.178016 0.048732 0.035850 0.082736 0.000006 0.049653 0.065739 0.000123 -0.063006 -0.000022 -0.000103 -0.140285 0.134305 -0.100117 -0.078729 0.049549 -0.000064 -0.000056 -0.000132 0.102831 0.306475 0.000076 0.000191 0.000020 -0.093385 -0.244576 0.000133 0.000035 0.020283 0.000229 0.023359 0.000217 -0.077427 -0.000251 -0.070802 -0.000091 0.051514 0.002710 0.166725 0.053907 0.098109 -0.000197 0.040498 -0.281201
-0.000127 -0.018815 -0.208454 0.000046 0.059813 0.102656 -0.013240 0.103951 0.264910 0.048966 0.001289 0.000029 -0.026541 0.113718 -0.000244 -0.055739 -0.000174 0.000024 0.062350 0.089656 -0.065139 0.144056 0.065976 0.000174 -0.000026 0.000049 -0.180605 0.086492 -0.000004 0.000002 0.000039 -0.576807 -0.115735 -0.000197 -0.000074 0.029818 0.000066 0.432170 -0.000244 -0.122311 0.000250 0.011057 -0.000173 0.068208 0.187167 -0.040712 0.071872 0.008310 0.000139 0.316089 0.193787
-0.000299 0.112012 -0.351139 -0.000088 0.059468 -0.081205 0.030666 -0.100947 0.391613 0.047873 -0.005419 0.000361 -0.078836 -0.007440 -0.000420 -0.011266 0.000160 0.000085 0.294310 -0.103268 0.464105 -0.347146 0.066144 -0.000279 -0.000035 -0.000048 0.042392 0.141997 -0.000257 -0.000004 -0.000050 -0.153188 -0.219683 -0.000188 -0.000159 0.027749 -0.000078 0.036220 -0.000002 0.072547 0.000084 -0.129870 -0.000022 0.068348 -0.100234 0.119851 0.072407 -0.110176 0.000354 0.010361 -0.112203
-0.000090 -0.143379 0.355484 0.000230 0.032357 0.001706 0.148233 0.031781 0.130379 0.024231 -0.048963 0.000192 -0.187130 0.014865 0.000207 -0.061258 -0.000169 -0.000102 0.235430 0.145529 -0.094491 0.249533 0.036882 0.000056 0.000071 0.000089 0.030070 -0.317460 -0.000079 0.000005 -0.000003 0.006427 0.003306 -0.000086 0.000140 0.010019 0.000046 -0.440380 -0.000152 -0.104414 0.000178 -0.027783 -0.000081 0.038775 -0.317200 0.000726 0.041389 -0.250101 -0.000288 0.028120 -0.106193
-0.000164 0.147429 0.351338 0.000173 0.015187 0.202427 -0.235597 -0.214370 -0.105951 0.010636 -0.043841 -0.000086 -0.164788 -0.297657 0.000194 -0.582968 -0.000146 0.000009 0.161605 0.173721 -0.202442 -0.104232 0.017601 0.000126 -0.000034 -0.000022 0.014560 -0.059885 0.000173 0.000080 -0.000051 -0.192822 0.252238 0.000108 0.000166 0.003315 -0.000117 0.327865 -0.000098 0.043990 -0.000281 -0.023773 -0.000082 0.018485 0.295896 -0.005255 0.020399 0.259521 -0.000065 0.075475 -0.171337
-0.000079 -0.096061 0.067044 -0.000075 0.016280 0.336805 -0.344988 0.032916 0.319225 0.012032 0.083606 -0.000097 -0.000774 -0.384679 0.000136 -0.005829 -0.000097 -0.000052 0.449553 -0.079881 0.112353 0.113535 0.018932 0.000257 0.000028 0.000040 0.055700 0.155128 0.000081 -0.000072 -0.000213 0.072417 0.242991 -0.000038 -0.000023 0.005827 0.000037 -0.172731 0.000020 0.039963 0.000209 -0.020714 -0.000173 0.019740 -0.026387 -0.121479 0.022044 -0.280203 0.000355 0.021334 -0.157631
-0.000389 -0.247009 -0.001446 -0.000095 0.007210 -0.205262 -0.018337 0.076015 0.150980 0.005366 0.039998 0.000056 0.072228 -0.188204 -0.000352 0.000347 0.000157 -0.000185 -0.230422 -0.099544 0.288129 -0.221411 0.008558 -0.000010 0.000124 -0.000232 0.045361 -0.226445 0.000023 0.000079 -0.000057 0.184304 -0.016425 -0.000051 -0.000245 0.002913 0.000097 0.113554 -0.000257 0.067942 0.000086 0.218170 -0.000151 0.008839 0.097917 -0.067642 0.010105 0.132800 0.000126 0.175802 -0.084681
-0.000016 0.003225 0.085738 0.000004 0.059812 -0.232533 -0.141086 -0.112068 -0.152755 0.048321 -0.203356 -0.000126 -0.046176 0.050119 -0.000041 -0.063041 -0.000103 0.000008 0.193857 0.108655 0.072211 0.001822 0.066251 0.000116 0.000162 0.000057 0.001713 0.019363 -0.000016 0.000015 0.000020 0.107716 -0.120888 0.000062 -0.000302 0.028251 0.000097 -0.102796 -0.000327 0.093544 -0.000086 0.096583 0.000131 0.069185 0.008240 -0.039139 0.072638 0.017487 0.000080 -0.056767 0.085742
-0.000157 0.260177 -0.255571 0.000236 0.027981 -0.086590 0.059921 0.164623 0.094444 0.021688 -0.056224 -0.000069 -0.253070 0.090174 -0.000069 -0.054917 0.000004 0.000117 -0.134292 0.056672 -0.227468 0.070003 0.031732 -0.000108 0.000041 -0.000067 0.241625 -0.049246 -0.000259 -0.000261 0.000028 -0.423438 -0.129437 -0.000000 -0.000012 0.010462 -0.000206 -0.023079 -0.000524 -0.137427 0.000011 -0.141072 -0.000189 0.032555 0.099909 0.112557 0.034856 -0.009881 -0.000174 0.116914 0.159072
-0.000197 0.179673 0.059936 0.000117 0.062157 -0.099383 0.144001 0.005658 0.133437 0.051622 0.240993 0.000016 0.016882 0.090085 0.000182 -0.014313 -0.000116 0.000140 -0.266999 -0.201126 0.054707 -0.015781 0.068060 0.000233 0.000098 -0.000150 -0.002160 0.197777 -0.000149 0.000048 -0.000406 -0.101649 -0.013817 0.000101 -0.000027 0.032301 -0.000153 -0.154970 0.000162 0.030811 -0.000120 -0.006948 -0.000119 0.070139 -0.081858 -0.436115 0.074270 -0.103882 0.000030 0.307891 0.012642
0.000118 -0.226017 0.052355 0.000100 0.041883 -0.019063 0.086105 0.288458 -0.079876 0.033481 -0.156652 -0.000119 -0.013070 -0.149441 -0.000046 -0.130216 0.000130 -0.000151 -0.035969 -0.258039 0.062812 0.070287 0.046675 0.000090 0.000205 0.000228 0.112122 0.147984 0.000133 -0.000045 -0.000047 -0.169083 0.397861 -0.000216 0.000017 0.018011 -0.000091 -0.083700 -0.000022 -0.117711 0.000099 -0.037502 0.000183 0.048151 0.092228 0.017012 0.051674 0.294776 0.000151 0.002109 -0.161697
0.000157 -0.095809 0.136948 0.000034 0.026341 0.101365 -0.012000 0.484558 0.113365 0.020539 0.082100 0.000190 0.491552 0.275084 0.000099 -0.203399 0.000160 0.000028 -0.125678 -0.052932 0.318833 -0.140854 0.029393 0.000309 0.000163 0.000191 0.041107 0.083361 -0.000083 -0.000183 -0.000004 -0.118372 -0.149576 -0.000171 0.000120 0.010163 -0.000131 -0.010107 0.000303 0.152756 0.000184 0.338525 0.000277 0.030428 0.082331 0.005927 0.032343 0.041360 -0.000191 -0.219160 -0.283695
0.000036 -0.263580 0.104947 -0.000098 0.008880 -0.213767 -0.257190 -0.121042 0.107227 0.006242 -0.173040 0.000011 0.291614 -0.142684 -0.000133 -0.039566 0.000078 0.000149 0.236633 0.106806 -0.065986 -0.008071 0.010838 0.000039 -0.000273 -0.000024 -0.607425 0.443731 -0.000064 0.000134 -0.000038 0.012861 0.084134 -0.000054 0.000062 0.002593 -0.000130 0.157385 0.000023 -0.202926 -0.000171 0.017367 -0.000210 0.011396 -0.005341 0.076616 0.012656 -0.144936 0.000004 0.362891 0.135179
-0.000072 -0.435553 -0.014755 -0.000021 0.013585 -0.099721 -0.115443 -0.146585 0.104851 0.008988 0.093241 0.000139 -0.146120 0.401043 0.000087 0.162686 -0.000141 0.000096 -0.441865 0.270174 0.084128 -0.303232 0.016301 -0.000061 -0.000092 -0.000046 -0.339249 -0.281908 0.000174 0.000029 0.000181 0.206298 0.390079 -0.000042 -0.000022 0.004639 0.000035 0.086060 0.000086 0.043000 0.000085 0.401499 0.000016 0.017081 0.002375 -0.004412 0.018861 -0.164928 -0.000030 -0.084189 0.257193
-0.000252 0.012852 0.010980 0.000049 0.015614 -0.008525 0.098376 0.012668 -0.036703 0.010889 -0.098278 -0.000014 0.165263 -0.030787 0.000043 0.140426 0.000082 0.000112 -0.337111 0.251121 0.000657 0.369512 0.018449 0.000093 -0.000069 -0.000165 0.005944 0.077892 0.000193 -0.000070 -0.000216 0.199715 0.126985 -0.000012 -0.000081 0.004185 0.000019 0.461639 -0.000127 -0.055967 -0.000036 0.030011 0.000084 0.019219 0.079374 -0.299300 0.021217 0.113891 -0.000027 -0.018922 0.010784
-0.000161 0.126209 -0.034528 -0.000094 0.022085 0.017643 0.360541 -0.022884 -0.031291 0.017496 0.062125 -0.000249 -0.003038 -0.019624 0.000132 0.318893 0.000049 0.000011 0.020250 -0.299592 -0.066149 0.235423 0.024583 -0.000063 -0.000050 0.000125 -0.163898 0.262082 0.000001 0.000042 0.000007 0.012409 -0.052353 -0.000015 -0.000156 0.009500 0.000239 -0.087237 0.000014 0.177552 -0.000086 -0.000293 -0.000013 0.025786 0.054624 -0.027028 0.027215 -0.247678 -0.000252 0.445366 0.153894
-0.000011 0.072341 -0.132018 -0.000253 0.013751 0.058733 0.004062 0.134170 -0.125382 0.010400 -0.123734 0.000115 0.149738 0.166851 0.000361 -0.118062 0.000123 0.000078 -0.461146 -0.097245 -0.096330 0.556316 0.015962 0.000000 0.000005 0.000405 -0.102306 -0.230850 -0.000144 0.000090 -0.000117 0.247588 0.077643 0.000025 0.000080 0.005999 0.000116 0.028425 0.000268 -0.050058 -0.000007 -0.033766 -0.000177 0.016545 0.179840 0.270746 0.018080 0.244241 0.000127 0.084826 0.154463
0.000009 0.075768 0.213217 0.000114 0.002167 0.291072 0.153757 -0.046368 0.084884 0.001927 -0.233904 0.000169 0.112433 -0.148509 -0.000133 0.080668 -0.000168 0.000020 0.122482 0.217614 0.000248 0.052785 0.002421 0.000109 0.000027 -0.000191 -0.189708 0.277490 -0.000151 0.000097 0.000138 -0.010462 0.225921 -0.000062 -0.000264 0.001570 0.000088 0.135208 -0.000104 -0.178895 0.000057 0.229217 0.000007 0.002468 -0.234789 0.103439 0.002777 -0.104391 0.000235 -0.209156 -0.484361
-0.000244 0.019058 -0.189324 -0.000067 0.034234 -0.075114 -0.057377 -0.063372 0.079944 0.025973 -0.078835 -0.000052 -0.089916 0.147937 0.000369 -0.144866 -0.000124 0.000065 0.063056 -0.141822 -0.217477 0.241291 0.038712 -0.000100 -0.000035 -0.000062 -0.179217 0.343267 0.000151 0.000048 0.000080 -0.180776 0.174007 -0.000056 0.000078 0.011367 -0.000196 0.153011 -0.000285 -0.217493 -0.000103 0.479499 -0.000117 0.040542 -0.240741 0.238833 0.043884 -0.304033 0.000141 -0.313959 -0.488528
-0.000397 -0.037709 -0.116741 -0.000106 0.019023 0.008333 0.309632 -0.182459 -0.208544 0.013306 0.138065 -0.000101 -0.131845 0.247395 -0.000073 0.042375 -0.000163 0.000038 -0.080678 -0.350599 0.050626 -0.224018 0.022273 0.000063 0.000128 -0.000102 -0.170906 0.004732 0.000115 0.000131 -0.000090 0.046909 0.107441 0.000037 -0.000060 0.003072 0.000068 0.018514 -0.000056 0.135773 -0.000064 0.268960 0.000060 0.023240 -0.041052 -0.150398 0.025330 0.228259 -0.000068 0.083948 0.078765
0.000024 0.218393 0.087322 0.000029 0.066158 0.048686 -0.032142 0.396669 0.086087 0.054053 0.183242 0.000059 0.200698 -0.076993 -0.000055 0.422777 -0.000188 0.000043 0.020993 0.200555 -0.212719 -0.073790 0.073085 -0.000019 -0.000123 0.000042 -0.022966 0.367941 -0.000007 0.000014 -0.000051 -0.118462 0.334000 -0.000153 0.000062 0.033557 -0.000057 -0.248195 -0.000225 -0.460457 0.000068 0.034924 -0.000081 0.076014 -0.124160 -0.061557 0.079894 -0.037517 0.000207 0.016706 0.002775
0.000134 0.008866 -0.027979 -0.000244 0.039403 0.057273 0.077726 0.038169 0.230658 0.030571 -0.007105 0.000105 0.122852 -0.252561 -0.000165 0.117374 0.000002 0.000113 0.102559 0.222936 0.137352 -0.096686 0.044485 -0.000042 0.000107 -0.000081 0.178681 -0.094510 -0.000186 0.000254 0.000048 0.034324 -0.180328 0.000415 -0.000082 0.015741 -0.000093 -0.020851 -0.000085 0.515405 -0.000044 -0.026750 -0.000081 0.046555 0.080558 0.080654 0.050066 -0.018847 -0.000170 0.143859 0.101934
0.000236 -0.106172 0.041644 -0.000154 0.055066 -0.063421 -0.068081 0.152068 0.196633 0.044421 0.207464 -0.000143 0.081152 0.078204 0.000067 -0.063633 0.000032 0.000026 -0.148083 0.097160 0.201550 -0.069212 0.061374 0.000112 -0.000091 0.000009 -0.203286 -0.249739 0.000094 0.000184 -0.000082 -0.030429 -0.057269 0.000014 0.000148 0.025862 -0.000257 0.074116 -0.000070 0.125545 -0.000084 -0.195228 -0.000088 0.063399 -0.001090 0.206370 0.067341 -0.160053 -0.000156 0.017259 -0.044637
-0.000172 0.036848 -0.134721 0.000056 0.036363 -0.105197 0.043905 -0.044452 -0.421079 0.029178 -0.035795 -0.000172 0.408222 0.185774 0.000224 0.013485 -0.000281 -0.000213 0.002264 0.024525 0.157551 -0.149801 0.040282 0.000179 -0.000014 -0.000088 -0.160191 0.167888 -0.000155 0.000052 0.000043 0.008725 0.272572 -0.000040 -0.000020 0.016435 -0.000014 0.279469 -0.000084 0.039425 0.000378 -0.128525 -0.000065 0.041599 0.008607 0.007037 0.043803 -0.014213 -0.000401 0.106481 -0.065508
0.000191 0.188123 -0.144205 0.000166 0.075001 0.138831 0.306368 -0.101869 0.227727 0.060940 0.097470 -0.000028 -0.085504 -0.203628 -0.000363 -0.075152 -0.000144 0.000052 0.193872 -0.138100 0.151441 -0.179053 0.083141 -0.000123 -0.000066 0.000113 0.185700 -0.109223 0.000053 -0.000033 0.000038 -0.129868 0.087107 -0.000207 0.000123 0.036844 0.000013 -0.031850 -0.000028 0.339350 -0.000088 0.221244 -0.000342 0.085923 -0.037553 -0.274019 0.090814 -0.239496 -0.000152 -0.101580 0.017018
-0.000155 -0.008621 0.165369 -0.000156 0.045543 -0.196004 -0.504163 -0.227129 0.009704 0.036302 -0.102924 0.000014 0.068743 -0.066997 -0.000170 0.335302 -0.000044 -0.000067 0.098750 0.200912 0.019347 0.083271 0.050750 0.000114 0.000060 -0.000182 0.072782 -0.019310 -0.000145 -0.000073 0.000333 -0.096295 -0.103058 0.000018 0.000045 0.019731 0.000058 0.101574 -0.000230 0.054983 -0.000006 0.069891 0.000163 0.052646 -0.194260 0.023346 0.056211 0.187746 0.000040 0.218694 -0.171411
-0.000014 0.418073 -0.226289 -0.000059 0.010237 -0.403522 0.258967 -0.243776 0.148059 0.008250 0.080372 0.000003 0.227554 -0.303052 0.000362 0.158679 0.000025 -0.000079 -0.072449 -0.176668 0.054625 -0.072591 0.011243 0.000013 -0.000105 -0.000052 -0.061169 0.363228 0.000606 0.000038 -0.000092 0.412716 0.105708 0.000087 -0.000134 0.004204 0.000166 -0.187989 0.000013 -0.287450 0.000043 0.134773 0.000163 0.011468 0.023741 0.224194 0.012173 0.009300 -0.000059 0.029414 -0.181182
0.000024 -0.342202 -0.509335 -0.000098 0.011524 0.022408 0.131153 0.152685 0.151499 0.007399 -0.131650 0.000107 0.033297 0.364498 -0.000345 0.013028 -0.000021 0.000043 -0.141897 -0.065236 -0.089346 -0.097257 0.013764 0.000178 -0.000079 0.000154 -0.137215 0.100307 0.000062 0.000155 -0.000332 0.026199 0.148992 0.000020 -0.000016 0.002355 0.000005 0.024031 0.000011 -0.164088 -0.000059 -0.069926 0.000229 0.014335 0.223696 0.256368 0.015851 0.138165 -0.000599 0.118874 -0.072772
-0.000005 -0.012778 0.102570 -0.000128 0.017530 -0.004961 -0.273335 0.260286 -0.169543 0.012320 -0.309428 -0.000032 -0.325561 -0.014164 -0.000184 0.007817 0.000140 0.000073 0.104191 0.377480 0.263900 0.166061 0.020672 0.000083 0.000035 -0.000101 0.078231 0.200487 -0.000076 0.000157 -0.000027 0.015738 -0.005750 -0.000037 -0.000125 0.006136 -0.000082 0.236099 -0.000115 0.372473 0.000353 -0.014620 0.000101 0.021519 0.148659 -0.393463 0.023853 -0.056736 -0.000016 0.056770 -0.223288
0.000020 -0.008030 -0.010422 0.000031 0.033096 0.321073 -0.324800 0.025940 0.205396 0.025718 -0.046914 -0.000050 -0.148879 0.354118 -0.000136 -0.123410 -0.000252 -0.000102 -0.355939 0.248933 -0.148320 -0.295731 0.036980 0.000120 0.000005 -0.000268 0.080779 -0.125460 -0.000066 0.000166 -0.000125 -0.149810 0.105496 -0.000140 -0.000089 0.012282 -0.000290 0.016523 -0.000252 0.187247 -0.000173 -0.225471 0.000298 0.038598 -0.026415 -0.159142 0.040693 0.493791 0.000003 -0.064714 0.349333
0.000061 -0.071921 -0.034573 0.000175 0.047257 -0.162544 -0.003817 0.357368 0.002950 0.038197 -0.106162 -0.000011 -0.334645 -0.115942 0.000230 0.145968 -0.000101 0.000099 -0.190982 0.080597 0.114366 -0.042534 0.052223 0.000160 -0.000043 0.000269 0.173627 -0.273793 0.000412 0.000027 0.000157 0.103785 -0.008359 0.000061 0.000144 0.021407 -0.000071 -0.044301 0.000345 0.131193 -0.000064 -0.132380 0.000018 0.053920 -0.030483 0.033404 0.056754 0.031167 0.000050 -0.267484 -0.018371
-0.000117 -0.006165 0.168889 -0.000300 0.045152 0.118734 0.056629 -0.004159 0.262430 0.036117 -0.019302 -0.000005 -0.056408 0.369484 -0.000164 -0.104943 -0.000092 0.000105 0.044146 0.083381 -0.063236 0.291961 0.050098 -0.000112 0.000081 -0.000002 -0.115516 -0.221434 -0.000136 0.000235 -0.000148 0.126551 0.044770 0.000076 -0.000333 0.019798 -0.000072 -0.167969 -0.000142 0.079501 -0.000527 -0.100669 0.000251 0.051948 0.121443 -0.005708 0.054792 -0.252172 0.000001 -0.007502 0.087053
-0.000221 0.054272 0.012151 0.000068 0.058653 -0.034339 0.376876 -0.031508 0.043769 0.046867 -0.026956 -0.000086 -0.197342 0.230363 -0.000427 0.227579 0.000035 0.000083 -0.036839 0.187460 -0.351503 0.060826 0.065418 0.000182 -0.000029 -0.000079 -0.036600 0.270452 0.000032 0.000041 0.000005 0.005312 0.035526 -0.000118 0.000094 0.027088 -0.000305 -0.506111 -0.000248 -0.326683 0.000110 0.367569 -0.000235 0.068170 0.143339 -0.172822 0.072796 -0.125684 -0.000088 0.122072 -0.248183
-0.000013 0.126793 -0.147860 0.000026 0.044181 -0.491331 0.121867 -0.176408 -0.075905 0.034848 0.004770 0.000123 0.257401 0.012214 -0.000378 0.038962 0.000016 -0.000031 0.000106 -0.108440 0.135091 0.036710 0.049926 -0.000019 -0.000047 0.000048 0.230081 0.202563 0.000182 0.000148 0.000011 0.042507 -0.282315 0.000007 -0.000074 0.018692 -0.000371 0.200605 -0.000130 -0.032366 0.000038 0.299164 -0.000120 0.051568 0.145867 -0.286777 0.054619 0.260092 -0.000042 -0.066939 0.027772
0.000009 0.104441 -0.083076 -0.000164 0.004920 -0.189525 0.270350 0.100037 -0.262188 0.004016 0.174059 -0.000081 0.033151 -0.213427 -0.000322 -0.042685 0.000031 -0.000038 0.038448 0.262094 -0.080952 0.023450 0.005529 -0.000426 -0.000013 0.000061 -0.018294 -0.009875 0.000065 -0.000129 -0.000015 0.008083 -0.048706 -0.000017 -0.000297 0.002915 0.000021 -0.000141 -0.000402 0.087618 0.000285 -0.002383 -0.000277 0.005665 0.062952 0.008176 0.006108 -0.126263 -0.000084 -0.068427 -0.158698
0.000199 0.153875 0.426064 0.000212 0.013986 -0.428863 -0.053087 -0.021003 0.026885 0.010277 -0.030911 0.000150 0.300030 0.081305 -0.000245 0.003408 0.000260 0.000019 0.253825 0.307586 0.086867 -0.083408 0.016497 -0.000060 0.000120 -0.000142 -0.372162 -0.279521 0.000117 0.000347 0.000109 0.084808 -0.159559 0.000055 -0.000003 0.004940 -0.000092 -0.114907 -0.000228 0.143596 -0.000019 0.004232 -0.000121 0.017043 -0.015691 -0.145560 0.018769 -0.033923 -0.000289 -0.157316 0.102071
-0.000157 -0.143512 0.102446 -0.000078 0.070317 -0.135102 0.014664 0.232651 -0.257196 0.057582 -0.175751 0.000085 0.129920 0.224182 0.000678 -0.060160 0.000130 -0.000018 -0.177303 -0.003808 0.012301 -0.019597 0.077817 -0.000036 0.000050 0.000040 0.165114 0.093757 -0.000007 0.000237 0.000040 0.240926 -0.252758 -0.000170 0.000067 0.035276 -0.000247 0.235354 -0.000089 -0.190013 0.000130 0.053516 -0.000130 0.080016 -0.243555 -0.173828 0.084082 0.120857 0.000205 -0.163412 -0.029587
-0.000262 0.080404 0.224880 0.000115 0.094403 0.044935 -0.022860 -0.081737 0.113863 0.078301 -0.089992 0.000198 -0.035507 0.243880 -0.000038 0.057529 0.000011 0.000113 0.233107 -0.199809 0.224183 -0.251968 0.103844 0.000060 0.000116 0.000107 -0.088827 -0.074144 0.000099 -0.000056 -0.000171 -0.595873 0.095873 0.000043 -0.000138 0.050742 -0.000324 0.098271 -0.000236 -0.016017 -0.000115 -0.294930 -0.000010 0.107589 -0.417421 -0.026926 0.112968 0.100522 0.000014 0.252128 -0.111917
0.000125 -0.306547 0.069787 0.000037 0.039221 -0.013807 0.108332 0.190587 -0.159107 0.031242 0.320495 0.000178 0.143697 0.055695 -0.000176 -0.058520 -0.000186 -0.000243 -0.190099 -0.197213 -0.437083 0.116088 0.043644 -0.000070 -0.000107 0.000063 -0.040312 -0.059711 -0.000030 -0.000013 0.000087 -0.007060 0.114650 0.000055 -0.000034 0.016378 -0.000090 0.027031 0.000086 0.050100 0.000300 -0.348511 -0.000059 0.045140 -0.266252 0.002217 0.047892 0.349304 -0.000150 0.182988 0.365069
-0.000065 -0.124596 0.139326 -0.000099 0.019914 -0.226978 0.226361 -0.014388 -0.378267 0.015639 -0.390049 0.000130 0.232591 0.137011 0.000041 -0.059847 0.000028 -0.000057 -0.382446 0.089067 0.217592 0.234865 0.022222 0.000001 -0.000014 -0.000204 -0.201431 0.022512 0.000067 0.000078 -0.000043 0.252788 -0.035597 -0.000182 -0.000050 0.008911 0.000319 0.286380 -0.000252 0.165013 -0.000263 0.003303 -0.000162 0.022803 -0.034594 -0.093280 0.024374 0.185637 -0.000409 -0.256637 0.020351
-0.000103 0.185167 -0.066003 -0.000093 0.023085 -0.383022 0.205071 -0.141638 0.382776 0.017072 0.049358 -0.000047 -0.012669 0.163591 -0.000205 0.260211 -0.000023 -0.000094 0.266870 -0.236647 -0.086775 0.172265 0.026672 0.000052 -0.000070 0.000074 0.145967 -0.140601 0.000059 -0.000143 -0.000162 0.021256 0.172444 -0.000185 -0.000336 0.007387 0.000133 -0.130621 0.000085 -0.220210 0.000065 -0.266738 -0.000093 0.027002 0.156829 0.114745 0.029041 0.182348 0.000175 -0.147161 -0.291680
0.000003 0.036271 -0.389485 -0.000190 0.000930 0.068685 0.481913 -0.206630 0.174426 0.000947 0.007239 0.000001 -0.125460 0.228071 0.000048 0.241560 -0.000114 -0.000088 -0.265915 0.135345 -0.114773 -0.135423 0.000944 -0.000253 0.000089 -0.000005 -0.097315 0.212553 0.000182 -0.000046 -0.000174 -0.020429 0.499425 -0.000022 -0.000066 0.000864 -0.000256 0.042573 0.000285 -0.366923 0.000076 0.140084 -0.000337 0.000937 -0.401212 -0.062632 0.000958 -0.025206 0.000252 0.056860 -0.290456
-0.000033 0.106935 0.230249 -0.000140 0.041152 0.304877 0.170819 -0.163589 -0.214081 0.032522 0.054143 -0.000033 -0.285521 -0.089290 -0.000309 0.084062 -0.000030 -0.000257 -0.036544 -0.051223 -0.165692 0.155678 0.046028 -0.000073 -0.000092 0.000001 0.079079 0.196481 -0.000002 0.000195 -0.000063 0.113772 0.027531 -0.000061 -0.000002 0.017103 0.000214 0.102638 -0.000095 -0.082480 -0.000002 0.284206 0.000090 0.048180 0.063090 0.033915 0.050758 0.110422 -0.000114 -0.354928 -0.105835
0.000299 0.168407 -0.185219 -0.000126 0.026548 0.045223 -0.001666 0.031251 0.036839 0.020047 0.352412 0.000061 0.072157 -0.045445 -0.000021 0.408522 -0.000002 0.000037 0.338738 0.082139 0.111200 0.104455 0.030341 0.000186 -0.000082 -0.000411 -0.347483 -0.046915 0.000119 0.000222 -0.000186 -0.055447 0.091524 0.000010 -0.000066 0.010314 0.000026 0.092382 -0.000033 0.017632 0.000036 -0.053021 -0.000042 0.031437 -0.249004 0.016262 0.033840 0.005909 -0.000109 0.001640 0.066541
0.000127 0.005222 0.080893 0.000341 0.004885 0.396629 -0.006812 0.147967 -0.027569 0.003996 0.179422 0.000403 0.210096 0.063577 -0.000426 0.035114 -0.000164 0.000005 -0.059885 0.012148 -0.007462 -0.141340 0.006088 -0.000048 0.000151 0.000040 0.061167 -0.125088 -0.000162 0.000091 -0.000067 0.161164 0.278172 0.000173 0.000109 0.003043 0.000032 -0.072903 -0.000143 0.099428 0.000056 -0.137458 0.000112 0.006350 0.274888 0.207414 0.007340 0.211063 -0.000306 -0.298391 0.287962
0.000083 0.174042 0.051069 0.000067 0.001389 0.088012 -0.463329 -0.255980 -0.100355 0.001452 0.108942 -0.000033 -0.000404 0.255239 0.000379 -0.106181 0.000021 -0.000126 -0.177555 0.074827 -0.171337 0.002094 0.001324 -0.000111 0.000025 0.000030 0.236602 0.171607 0.000275 0.000094 0.000024 0.113741 0.101884 -0.000048 0.000075 0.001716 0.000070 -0.025379 -0.000165 0.190934 0.000044 -0.026855 -0.000149 0.001279 0.020333 -0.045456 0.001255 -0.006497 0.000122 0.330733 -0.001094
0.000031 0.015540 -0.071559 -0.000103 0.003836 -0.144907 -0.252526 -0.165377 0.601561 0.003556 -0.055643 -0.000009 -0.082077 0.206397 0.000020 -0.098168 0.000095 -0.000049 -0.331929 -0.039347 -0.189443 0.322666 0.003975 0.000136 -0.000041 0.000037 0.135806 0.175668 0.000163 0.000103 -0.000092 0.014360 -0.137021 -0.000086 0.000031 0.003177 -0.000191 -0.182838 -0.000002 -0.468540 0.000303 -0.069755 -0.000232 0.003976 0.009067 -0.079186 0.004048 -0.039882 -0.000038 0.011987 -0.014422
-0.000042 -0.070974 0.249282 0.000110 0.031509 0.412518 0.320213 -0.033332 -0.104835 0.025341 0.091986 -0.000053 0.132244 0.252233 0.000317 -0.176839 -0.000036 -0.000004 -0.290706 -0.002185 -0.002764 0.119047 0.034978 -0.000004 0.000059 -0.000044 0.107737 0.055720 -0.000007 -0.000079 0.000417 0.081323 0.161722 -0.000146 -0.000003 0.013730 0.000147 -0.008863 -0.000007 0.087554 -0.000023 0.074243 0.000183 0.036084 0.022899 -0.094960 0.038320 -0.173310 -0.000108 -0.032767 -0.029191
0.000004 -0.019482 -0.084992 0.000043 0.018017 0.168205 0.159955 0.077149 -0.186799 0.012284 -0.229497 -0.000058 -0.276290 -0.110718 -0.000066 -0.327131 0.000128 0.000042 0.000818 -0.256504 -0.030150 -0.037789 0.021401 0.000194 0.000031 -0.000071 0.089875 0.208287 0.000199 0.000064 0.000139 0.188084 -0.082962 0.000025 0.000134 0.002725 0.000154 -0.007932 -0.000200 0.141796 0.000126 0.241311 0.000005 0.022169 -0.260393 0.005195 0.024102 0.193023 0.000035 -0.333306 -0.220233
-0.000079 -0.071190 -0.179457 -0.000080 0.006859 0.039833 -0.080781 -0.016619 -0.289297 0.004626 0.062747 0.000184 -0.271573 -0.056235 0.000022 -0.099788 0.000084 0.000062 0.267336 0.104083 0.303351 -0.085673 0.008645 -0.000048 -0.000095 -0.000089 0.189019 -0.063931 -0.000070 -0.000205 -0.000138 0.113483 -0.402803 -0.000237 0.000014 0.002307 0.000001 0.032642 -0.000067 0.124147 0.000020 0.409011 0.000433 0.009131 0.094706 -0.087835 0.010593 -0.022277 0.000264 0.092512 -0.291964
-0.000047 -0.181270 -0.368604 0.000117 0.036801 0.235850 -0.131318 -0.454935 0.172184 0.028583 0.044476 -0.000171 -0.095869 0.254868 0.000087 -0.565795 0.000409 -0.000168 0.112772 0.243272 -0.213817 -0.006160 0.041400 0.000220 0.000169 0.000037 0.055160 -0.056229 0.000115 -0.000014 0.000078 0.200132 0.171252 0.000103 -0.000021 0.013648 0.000095 -0.044633 -0.000152 -0.016577 0.000196 0.142825 0.000078 0.042936 -0.045898 -0.039177 0.045427 0.056586 0.000147 -0.094157 0.075295
0.000134 0.065602 -0.103374 0.000121 0.048739 -0.262034 0.057207 -0.034761 -0.279687 0.040003 0.023544 -0.000095 0.092851 -0.278257 0.000334 -0.250426 -0.000082 -0.000308 0.210878 -0.109674 0.328115 0.171607 0.053429 0.000045 -0.000041 -0.000033 0.125348 0.062712 0.000049 0.000066 0.000029 -0.040994 -0.048041 -0.000080 -0.000346 0.023699 -0.000367 -0.098760 -0.000250 -0.039406 -0.000222 -0.000618 0.000129 0.055058 -0.012621 -0.096126 0.057901 0.016674 0.000152 -0.296899 0.459225
-0.000195 -0.182736 -0.010017 -0.000049 0.050385 0.030800 0.212543 0.160826 0.109481 0.040290 -0.053753 -0.000093 0.347346 0.177937 0.000088 0.372332 0.000156 -0.000151 -0.265787 0.228990 0.038473 0.137637 0.056344 -0.000034 0.000010 0.000151 0.017147 0.104472 0.000166 0.000033 -0.000044 0.037763 -0.173865 -0.000204 -0.000023 0.022502 0.000099 -0.091541 0.000150 0.006749 0.000022 0.085719 -0.000140 0.058216 -0.250285 -0.239143 0.061913 0.315965 0.000052 0.065024 -0.242093
-0.000108 -0.008240 0.225429 -0.000065 0.044346 -0.272883 0.032784 -0.038093 0.207504 0.034837 0.193413 0.000028 0.153546 -0.143648 -0.000198 -0.011478 0.000207 -0.000055 -0.006310 0.051265 -0.177349 0.298919 0.049800 0.000172 -0.000067 -0.000024 -0.158810 -0.185974 -0.000056 -0.000063 -0.000256 0.125587 -0.102450 0.000108 -0.000066 0.018578 -0.000291 0.027993 0.000095 0.366044 0.000046 -0.258831 0.000061 0.051686 -0.119741 0.048893 0.054530 -0.158718 -0.000064 0.037321 0.066653
0.000229 -0.151978 0.486130 -0.000077 0.055503 -0.083168 0.089912 -0.175917 0.033351 0.044878 -0.097952 -0.000162 0.195987 -0.032359 -0.000081 -0.061670 0.000210 -0.000044 -0.222111 -0.167059 0.129794 0.032393 0.061541 0.000138 0.000088 -0.000220 0.100242 0.149057 0.000052 0.000071 0.000083 -0.188805 0.038783 0.000064 -0.000102 0.025908 0.000141 0.214536 -0.000029 0.111995 0.000114 -0.134704 0.000011 0.063773 0.135689 0.128561 0.067563 -0.023750 0.000035 -0.508309 0.305076
-0.000100 0.038339 -0.104727 -0.000118 0.056686 -0.402274 0.237996 -0.336755 0.144189 0.047155 0.102264 -0.000183 -0.253911 -0.096983 0.000010 -0.000237 0.000057 -0.000058 0.172707 -0.092269 0.162826 -0.305639 0.062086 -0.000104 -0.000036 -0.000058 -0.456232 0.037965 -0.000031 -0.000071 0.000221 0.062180 -0.007623 -0.000018 0.000101 0.029394 0.000174 0.321867 -0.000192 0.063893 0.000025 0.109639 0.000125 0.064284 -0.057675 -0.157328 0.067695 -0.136924 -0.000146 0.019902 -0.002589
0.000171 0.226908 -0.002861 -0.000074 0.011217 0.369810 -0.146812 -0.053624 -0.147795 0.007477 0.077919 -0.000188 -0.389838 0.211112 -0.000042 -0.054519 -0.000009 -0.000104 -0.048878 -0.243451 -0.286894 0.117457 0.013458 -0.000038 0.000024 -0.000009 0.036702 0.264319 0.000218 -0.000083 0.000052 0.013184 0.158680 0.000314 -0.000068 0.002870 -0.000065 -0.070612 0.000089 0.040270 0.000178 0.190956 0.000002 0.014046 -0.149471 0.209124 0.015646 -0.134563 0.000118 0.002209 0.082508
-0.000045 0.453907 -0.137824 0.000052 0.052808 0.466047 0.053072 0.451712 0.121428 0.041942 -0.196753 -0.000187 -0.156294 -0.141307 0.000090 -0.119889 -0.000117 -0.000005 0.100132 -0.160590 -0.126542 0.129653 0.059008 0.000065 -0.000073 -0.000088 -0.211172 -0.272236 0.000006 0.000003 0.000146 0.456305 -0.091010 -0.000069 -0.000189 0.023945 -0.000124 -0.036111 0.000212 -0.155676 0.000131 0.102011 0.000020 0.061623 -0.097678 0.108743 0.065263 -0.045519 0.000133 -0.180008 0.199094
-0.000113 -0.049143 -0.107126 -0.000061 0.027165 -0.108497 0.059378 0.105833 -0.171465 0.020219 0.453561 -0.000205 -0.012286 0.064446 0.000090 -0.009860 0.000243 0.000163 0.450700 0.208268 -0.054790 -0.242289 0.031276 -0.000128 0.000059 -0.000077 0.195194 -0.057023 0.000059 0.000041 0.000068 -0.097495 -0.009140 0.000251 0.000002 0.007975 0.000031 -0.255990 -0.000152 -0.074782 -0.000160 -0.156528 -0.000235 0.032201 0.148448 0.048203 0.034957 -0.088068 -0.000204 0.154651 -0.090925
-0.000090 -0.259903 -0.103158 -0.000149 0.031850 -0.026086 0.156561 0.177683 -0.322008 0.024704 -0.139419 0.000157 -0.190928 -0.150914 0.000138 0.168269 0.000254 -0.000202 0.022364 0.138066 -0.056936 -0.131003 0.036266 0.000036 -0.000094 -0.000110 -0.252162 0.034277 -0.000042 0.000261 -0.000133 0.195950 -0.018626 -0.000130 0.000078 0.012340 0.000015 0.234312 -0.000076 -0.029451 0.000090 -0.070037 -0.000044 0.037713 0.077576 0.270278 0.039852 0.268182 -0.000180 -0.156365 0.200233
-0.000170 0.038317 0.210888 -0.000116 0.050012 -0.060710 0.382536 -0.124955 0.221849 0.041010 0.005008 0.000294 -0.509218 -0.042684 -0.000305 0.150849 -0.000216 -0.000243 -0.067215 0.000097 -0.651693 0.271427 0.055230 0.000031 0.000070 -0.000114 -0.220468 0.328169 -0.000004 0.000048 0.000159 -0.151925 -0.036020 0.000013 -0.000092 0.024821 0.000031 -0.094888 -0.000109 0.171062 0.000057 -0.025463 0.000044 0.056767 0.061959 0.034670 0.060430 0.248376 -0.000016 -0.341478 0.034588
-0.000088 -0.260140 0.153412 0.000049 0.019286 0.104055 0.143138 -0.294961 -0.127611 0.013324 0.081275 -0.000019 -0.077582 0.010112 -0.000004 -0.114770 -0.000090 -0.000070 -0.369034 -0.153110 0.216680 0.064128 0.022707 -0.000101 -0.000030 0.000055 0.335988 -0.038506 -0.000506 0.000054 0.000005 0.043892 -0.025191 0.000057 -0.000067 0.003333 -0.000072 0.062008 -0.000461 -0.009365 -0.000010 0.087687 -0.000366 0.024080 -0.161162 0.178746 0.025638 -0.076275 0.000102 0.184977 -0.003452
-0.000025 -0.034900 0.127928 -0.000097 0.080505 -0.064257 0.136588 0.094740 -0.003804 0.066861 0.211044 0.000104 -0.105668 0.056755 -0.000008 -0.070774 -0.000023 0.000076 -0.278821 0.258832 0.208592 -0.221206 0.088371 -0.000183 0.000027 -0.000162 0.078667 0.150114 0.000314 -0.000034 0.000116 -0.226398 -0.085363 -0.000084 -0.000350 0.043105 -0.000006 -0.218601 0.000207 0.013330 -0.000109 0.066957 0.000021 0.091636 -0.083429 -0.062433 0.095543 -0.443536 -0.000106 -0.218788 0.304008
0.000088 0.072316 -0.112754 -0.000059 0.046140 0.405977 0.357310 -0.387050 0.219533 0.035627 -0.047097 0.000054 0.021964 0.037245 -0.000112 0.052868 -0.000287 0.000009 0.217259 -0.181420 0.415010 -0.030168 0.052007 0.000169 -0.000095 0.000058 -0.027956 0.082997 0.000028 -0.000094 -0.000187 0.005267 0.040532 0.000110 0.000051 0.017958 -0.000017 0.017667 -0.000135 -0.121919 -0.000244 -0.043148 0.000077 0.054685 -0.095438 -0.267606 0.057936 0.007249 -0.000111 0.153467 -0.125182
0.000193 -0.505372 -0.024822 0.000051 0.082042 -0.075826 0.011025 -0.208347 0.131861 0.066680 -0.323577 -0.000202 0.036449 0.154013 0.000046 -0.127066 0.000253 -0.000110 0.052202 -0.040171 -0.054481 -0.229841 0.090889 0.000080 -0.000235 0.000062 0.321876 -0.249617 0.000209 -0.000187 -0.000207 0.412077 0.221725 0.000012 0.000013 0.040565 0.000118 -0.167377 -0.000015 0.384551 -0.000140 -0.146386 0.000064 0.094187 -0.132536 -0.095878 0.099156 -0.110584 -0.000275 -0.126333 0.235515
0.000128 -0.182207 -0.048064 0.000174 0.035795 -0.397189 0.019116 0.022740 -0.128911 0.027239 0.264153 -0.000150 -0.052967 -0.117278 0.000031 -0.076472 0.000052 -0.000036 0.095229 -0.166842 0.028454 -0.278868 0.040636 -0.000031 0.000050 0.000064 0.410117 0.468561 0.000034 0.000050 0.000025 -0.205048 0.245029 0.000102 0.000139 0.013099 -0.000158 -0.314710 -0.000170 -0.037816 0.000204 0.128587 -0.000010 0.042343 -0.209267 -0.203375 0.045621 -0.067016 -0.000062 -0.025151 0.093284
-0.000004 0.320511 0.011911 0.000041 0.034965 -0.110743 -0.360390 -0.269622 -0.118980 0.028303 0.255546 -0.000201 -0.006854 0.113419 0.000036 0.000404 -0.000082 0.000099 -0.145073 0.085214 -0.181132 0.054314 0.038618 -0.000004 -0.000126 0.000340 -0.286639 0.010702 0.000154 0.000012 0.000140 -0.177940 0.035149 -0.000244 0.000113 0.015507 -0.000002 0.134560 -0.000190 0.019584 0.000040 -0.053544 0.000105 0.039707 0.328283 -0.157787 0.041949 0.568184 -0.000405 -0.074200 0.069700
-0.000184 0.427861 0.053000 0.000021 0.058367 0.025919 -0.160816 0.236277 -0.031390 0.047438 -0.026170 0.000003 0.109788 -0.020607 0.000098 0.045935 -0.000185 -0.000133 0.082273 0.126729 -0.004007 -0.102035 0.064246 0.000272 -0.000010 0.000041 -0.024566 0.044363 -0.000128 -0.000009 0.000047 -0.068839 -0.388268 -0.000169 0.000037 0.028598 0.000065 0.127716 -0.000337 0.010599 -0.000300 0.187279 -0.000274 0.066462 -0.069083 -0.238085 0.070647 0.132755 -0.000299 -0.039259 0.313385
-0.000210 0.061328 0.064413 -0.000057 0.055876 -0.229767 0.148616 0.169298 -0.359437 0.045969 -0.071369 -0.000093 0.060845 -0.045568 0.000047 -0.031174 -0.000017 0.000057 -0.211981 0.067378 -0.024553 0.032767 0.061624 -0.000257 -0.000049 -0.000053 0.130580 -0.045527 -0.000004 -0.000183 0.000081 0.178079 -0.173751 -0.000014 0.000076 0.028181 0.000217 0.137348 -0.000321 0.054441 -0.000017 -0.169162 0.000004 0.063447 -0.385333 -0.216161 0.066703 0.082385 0.000132 0.190178 0.025789
0.000020 0.008267 -0.159061 -0.000056 0.077769 -0.127276 0.088446 -0.024269 -0.102258 0.063782 -0.197809 -0.000121 -0.081940 0.310748 0.000185 -0.078921 0.000004 0.000057 -0.313433 0.440244 -0.039566 -0.043384 0.085629 0.000047 0.000006 0.000147 0.009184 0.239567 -0.000056 -0.000005 0.000028 0.220691 -0.124242 0.000077 -0.000065 0.039806 0.000108 -0.221212 0.000238 -0.068100 -0.000004 -0.178540 0.000092 0.088683 -0.260991 -0.131641 0.093859 0.106159 -0.000148 -0.023215 0.053186
-0.000333 0.025296 -0.048634 0.000141 0.078409 -0.151226 -0.472698 -0.047998 -0.209480 0.064328 -0.027997 -0.000298 -0.122430 -0.216296 0.000130 -0.157348 -0.000081 -0.000020 -0.001461 -0.145260 0.230804 0.459273 0.086047 0.000233 -0.000065 0.000092 0.286749 0.134478 -0.000216 0.000100 -0.000003 0.030617 0.032335 -0.000103 0.000175 0.040220 0.000159 -0.002000 0.000176 0.061597 0.000154 -0.029579 0.000152 0.088979 0.078816 -0.022161 0.093653 -0.228208 -0.000059 -0.037615 0.007510
-0.000272 0.120116 0.039358 0.000062 0.033636 0.084310 -0.108722 -0.226859 -0.004707 0.025272 -0.141628 -0.000080 0.254177 -0.049658 0.000030 -0.035898 0.000078 -0.000093 0.147632 0.041916 -0.146870 -0.050999 0.038744 -0.000145 0.000071 0.000110 0.186535 -0.053222 0.000188 0.000176 -0.000160 0.033245 -0.358106 -0.000127 0.000008 0.011096 0.000139 0.088020 0.000222 0.308089 -0.000475 0.060655 0.000005 0.040273 -0.100573 -0.100270 0.043863 -0.159705 -0.000084 0.185622 0.143601
-0.000200 0.327369 -0.426689 -0.000240 0.046599 0.490533 0.309216 -0.101058 0.165716 0.037577 0.023904 0.000077 0.309135 0.014675 0.000066 -0.072741 -0.000199 -0.000019 0.309765 -0.168889 -0.089919 0.201700 0.051683 0.000015 -0.000231 0.000154 0.122962 -0.037787 -0.000126 -0.000118 0.000076 0.265077 0.191059 0.000176 -0.000024 0.021843 0.000369 -0.181198 0.000230 -0.154261 -0.000427 -0.212522 0.000015 0.053733 -0.058301 -0.306121 0.056520 0.156416 0.000279 0.252024 -0.047789
-0.000184 0.376754 -0.075881 -0.000043 0.057575 -0.096700 0.055223 0.153141 -0.020434 0.046460 0.227169 0.000038 -0.159067 -0.019586 -0.000156 -0.041256 -0.000082 -0.000137 0.267400 -0.153272 -0.172398 0.353180 0.064034 0.000133 0.000060 0.000060 0.035205 -0.006901 0.000130 -0.000124 0.000027 0.034200 -0.024544 0.000130 -0.000185 0.027358 -0.000146 0.009275 0.000204 -0.002382 -0.000081 0.115884 0.000089 0.066429 0.119936 0.061502 0.070237 -0.003124 -0.000039 -0.419087 -0.065288
0.000060 0.017662 0.040028 0.000027 0.080095 0.216740 -0.322999 0.139392 -0.503005 0.065509 0.141579 -0.000005 -0.048111 0.109186 0.000355 -0.214691 0.000079 0.000083 0.146503 0.337537 0.112218 0.045671 0.088398 -0.000112 0.000171 0.000196 -0.084647 0.114128 -0.000057 0.000089 0.000132 0.017263 0.115828 0.000129 -0.000132 0.040413 -0.000002 -0.388586 0.000054 -0.134831 -0.000137 0.004827 0.000076 0.091522 0.040508 -0.037501 0.095960 0.266163 0.000131 -0.156526 0.175508
0.000148 0.312974 -0.034242 -0.000130 0.078382 -0.035920 -0.166243 -0.036003 -0.165286 0.064822 0.183363 0.000122 -0.295925 -0.106288 -0.000066 -0.339676 -0.000099 -0.000015 0.607091 -0.088099 -0.264306 0.125387 0.085934 -0.000075 -0.000056 0.000154 -0.169058 -0.177411 0.000052 -0.000033 0.000004 0.213352 -0.338020 0.000111 -0.000154 0.041230 -0.000197 -0.068106 0.000213 -0.370239 -0.000018 -0.011282 0.000058 0.088998 0.011240 -0.047708 0.093997 0.086720 0.000124 -0.017033 -0.039212
-0.000024 0.083501 0.094768 0.000171 0.042971 -0.004332 -0.100544 0.078603 -0.143718 0.034059 0.116334 0.000074 0.062248 -0.103387 0.000029 -0.078735 -0.000099 0.000084 -0.181848 0.154301 0.223028 0.027306 0.048193 -0.000137 0.000120 0.000407 -0.335045 -0.525241 -0.000145 0.000104 0.000050 -0.031795 -0.004700 -0.000065 -0.000076 0.018776 -0.000126 0.244816 0.000100 0.143451 -0.000025 -0.012517 0.000062 0.050068 -0.385634 0.118523 0.052880 0.222605 0.000182 0.008080 0.137105
0.000110 -0.046870 0.155124 0.000037 0.044907 0.322832 0.137368 -0.190073 0.067185 0.036164 0.049766 0.000026 0.148289 -0.044091 -0.000238 -0.066132 0.000040 -0.000201 -0.121122 -0.108966 -0.108829 -0.043679 0.049854 0.000110 -0.000054 -0.000294 0.103657 -0.096494 -0.000309 0.000316 0.000008 0.309137 -0.169862 -0.000099 0.000083 0.020482 0.000037 0.107888 0.000065 0.279261 0.000245 0.227083 0.000085 0.051503 0.203915 -0.020438 0.055167 0.097514 -0.000090 -0.061514 0.015973
0.000142 0.317062 0.090645 0.000039 0.020880 0.017230 0.047728 -0.293908 0.196771 0.014873 -0.284105 0.000133 -0.013483 0.182881 -0.000220 0.412360 -0.000029 0.000068 0.059243 0.230887 0.261391 0.005896 0.024203 -0.000123 0.000151 -0.000162 0.187687 0.212721 0.000082 0.000192 -0.000134 0.083896 -0.369971 -0.000125 0.000184 0.004391 0.000038 0.020422 0.000153 0.044033 0.000045 -0.144050 -0.000276 0.025375 0.522064 -0.077385 0.027675 -0.185572 0.000078 0.129773 0.181091
0.000152 0.234269 -0.026757 -0.000101 0.098448 0.144597 0.077528 -0.274147 -0.186141 0.081516 -0.369822 0.000033 -0.105180 0.105841 -0.000135 -0.111950 0.000006 -0.000166 0.326021 -0.272929 0.168704 0.016736 0.108645 0.000006 0.000005 -0.000160 0.284849 0.075271 0.000067 -0.000063 -0.000046 -0.218981 -0.108560 0.000275 -0.000022 0.052507 0.000059 0.113705 0.000173 0.148207 0.000116 -0.265666 -0.000092 0.112194 -0.311373 -0.165423 0.117567 -0.184755 -0.000414 -0.046284 0.239327
0.000193 0.197844 -0.152616 0.000119 0.060221 0.083802 0.005019 0.014174 -0.259932 0.050070 0.060619 -0.000128 0.189300 -0.010583 -0.000305 0.066440 -0.000129 0.000080 0.177376 -0.160837 -0.003133 -0.003856 0.065826 0.000128 0.000030 0.000144 0.061871 0.365780 -0.000040 -0.000043 0.000131 -0.251979 0.391330 -0.000066 -0.000033 0.031452 -0.000104 0.144702 0.000173 0.069441 -0.000014 -0.049489 0.000194 0.068155 -0.175528 0.100338 0.071127 -0.077220 0.000029 0.056802 0.015595
-0.000209 0.202282 0.327044 -0.000114 0.031248 0.259121 0.014073 0.161199 -0.247139 0.023682 0.298190 -0.000027 0.247488 -0.024156 -0.000338 0.495167 0.000114 -0.000125 0.192252 0.125462 0.163537 -0.062608 0.035393 0.000052 0.000116 0.000308 0.031603 0.111683 0.000127 0.000146 0.000119 0.047713 0.356700 -0.000041 0.000163 0.010594 -0.000079 -0.046627 -0.000148 -0.441929 -0.000133 0.120158 0.000095 0.037076 -0.015430 0.271804 0.040608 0.043796 -0.000281 -0.111533 -0.376926
-0.000027 0.153790 0.193676 -0.000102 0.055952 -0.364871 -0.108383 -0.032203 0.174407 0.045340 -0.117528 -0.000053 -0.352178 -0.074368 -0.000012 -0.000502 -0.000119 -0.000083 0.099782 0.117766 -0.430588 -0.241611 0.061911 -0.000148 -0.000010 -0.000092 -0.167359 -0.025314 -0.000087 0.000354 0.000155 -0.011149 0.031137 0.000139 0.000268 0.026647 0.000022 0.079206 0.000007 -0.054501 0.000063 0.319812 -0.000137 0.064165 -0.029501 0.133039 0.067377 0.261673 0.000228 -0.025738 -0.319053
-0.000060 -0.046846 0.022984 0.000009 0.029131 -0.000601 0.194083 0.067748 -0.001223 0.021834 -0.077870 -0.000041 -0.187725 0.073493 -0.000030 -0.186205 0.000062 0.000068 -0.188900 -0.177587 0.010870 0.044721 0.033218 -0.000214 -0.000028 0.000215 -0.247973 0.170605 -0.000086 -0.000167 -0.000175 0.074116 -0.204159 0.000174 0.000161 0.010558 -0.000171 -0.031109 -0.000043 0.105043 -0.000029 -0.250535 0.000210 0.034056 0.021055 0.080706 0.037429 0.113872 -0.000145 -0.153562 0.063596
-0.000256 -0.000082 -0.147735 0.000048 0.037733 0.204556 0.351152 -0.056842 0.372018 0.028720 0.010024 0.000032 -0.333820 0.029772 -0.000001 0.289319 -0.000067 0.000007 0.346579 0.156562 -0.165025 -0.077957 0.042858 0.000024 -0.000051 -0.000008 0.016052 0.065700 0.000313 0.000030 0.000065 0.015801 -0.350069 -0.000188 -0.000070 0.013168 -0.000066 -0.081813 0.000164 -0.025799 0.000212 -0.050264 0.000186 0.045075 -0.005710 0.049614 0.047741 0.101793 0.000048 -0.178985 -0.096815
-0.000240 -0.190115 0.299677 -0.000049 0.033425 0.038774 0.141650 -0.242427 -0.099754 0.026936 0.162934 -0.000034 -0.388555 0.270882 0.000161 0.142232 -0.000081 -0.000064 0.175713 0.076878 0.045925 -0.267030 0.036949 0.000106 0.000030 -0.000124 -0.196733 -0.024678 -0.000186 -0.000133 -0.000158 0.123889 -0.223012 -0.000044 0.000307 0.015089 -0.000055 0.178291 -0.000037 -0.003506 0.000160 -0.097258 -0.000185 0.038269 0.061709 0.021463 0.040150 -0.001610 0.000165 0.194111 0.075327
-0.000083 0.042396 0.084098 0.000110 0.023728 -0.233592 0.005510 -0.218498 0.060863 0.018163 0.038255 0.000097 -0.044047 -0.004891 -0.000163 0.221505 0.000144 0.000082 -0.219439 0.140951 0.244757 0.306971 0.026994 -0.000165 0.000021 0.000230 0.345767 -0.082329 -0.000106 -0.000004 0.000216 0.105912 0.074155 -0.000003 0.000048 0.009394 -0.000042 0.050859 -0.000258 0.295344 -0.000096 -0.310223 0.000112 0.028181 0.520763 0.048412 0.029690 -0.232241 0.000045 -0.362563 -0.198574
-0.000146 0.355679 0.046511 -0.000074 0.045349 0.147962 -0.365184 0.024463 -0.104330 0.035940 -0.012500 -0.000119 -0.141832 -0.013757 0.000172 0.361278 0.000077 0.000009 0.173060 0.393126 0.110535 -0.132492 0.050919 0.000147 -0.000068 -0.000356 -0.079048 0.093652 -0.000332 0.000028 0.000246 -0.016383 0.402776 0.000101 -0.000056 0.019815 0.000104 -0.352204 -0.000395 0.178843 0.000105 0.052345 -0.000004 0.052898 0.365892 -0.104835 0.056803 0.150514 0.000158 0.153164 -0.009370
0.000054 0.286422 0.292794 0.000138 0.092499 -0.124709 -0.334827 -0.316736 -0.134005 0.076052 -0.105358 -0.000063 -0.055159 -0.037573 -0.000008 -0.048555 -0.000325 -0.000051 -0.125439 -0.092106 -0.020387 0.415992 0.102095 -0.000136 -0.000028 -0.000021 -0.277284 0.149198 -0.000007 -0.000009 0.000130 -0.018618 0.201192 -0.000047 0.000007 0.048476 -0.000035 0.026056 0.000259 0.048947 0.000407 -0.005608 0.000014 0.105480 0.281815 0.440887 0.111164 0.111419 0.000041 0.083777 -0.013596
-0.000142 0.048269 0.188882 -0.000066 0.052752 -0.054963 -0.067931 0.023621 -0.026113 0.042645 0.044008 -0.000100 0.005261 -0.489808 -0.000077 0.015478 -0.000075 -0.000174 0.317679 -0.125036 -0.367251 -0.038917 0.058244 -0.000155 -0.000030 -0.000047 0.050049 -0.051449 -0.000013 -0.000074 -0.000086 0.543078 0.075560 -0.000164 0.000148 0.025195 0.000176 -0.017591 0.000165 0.121329 0.000100 -0.081397 -0.000086 0.060242 0.015366 0.200648 0.064580 -0.061293 -0.000023 0.235242 -0.308351
0.000099 0.066655 0.171391 0.000085 0.053743 0.046824 -0.002198 0.076163 -0.035206 0.043173 0.001709 0.000117 0.138023 0.101017 0.000317 0.101217 -0.000055 -0.000066 0.178308 -0.005993 0.067882 0.119108 0.059803 -0.000054 -0.000059 -0.000088 -0.042726 0.109627 -0.000062 0.000047 0.000160 0.013284 -0.098929 -0.000219 0.000077 0.025122 0.000169 -0.091821 0.000060 -0.406849 -0.000133 0.067987 -0.000292 0.062410 -0.159303 -0.167903 0.066223 0.322206 -0.000152 -0.035511 0.040164
-0.000032 0.107849 -0.109029 0.000033 0.041597 0.308573 0.009913 0.211329 -0.024722 0.034122 0.111788 0.000068 0.143361 0.135455 0.000001 -0.086997 0.000011 -0.000228 0.172921 0.217520 0.073171 0.186777 0.045822 0.000028 0.000058 0.000109 0.258044 -0.298224 -0.000051 -0.000083 0.000049 -0.024193 -0.314094 0.000039 0.000021 0.020002 -0.000091 0.222838 -0.000243 -0.114097 -0.000349 -0.006870 -0.000068 0.047400 -0.213796 -0.114930 0.049624 0.307597 -0.000090 -0.261090 0.025614
0.000010 -0.060313 0.118557 0.000126 0.019153 -0.021487 -0.182167 0.105272 0.009570 0.014232 0.051224 0.000001 0.057638 0.047457 0.000083 -0.129459 0.000149 -0.000070 -0.108577 0.148911 0.183028 -0.218377 0.022231 0.000096 0.000040 0.000100 0.167275 -0.070888 -0.000209 0.000059 -0.000007 0.037867 -0.036632 0.000044 0.000194 0.007781 0.000048 -0.018689 -0.000069 -0.283291 -0.000055 -0.012568 -0.000009 0.022955 0.034337 -0.008421 0.024994 0.033538 -0.000071 0.047443 0.023087
0.000107 -0.125328 0.341494 0.000044 0.026981 0.177869 0.020582 -0.014686 0.000989 0.020780 -0.053230 0.000087 -0.064075 0.002497 -0.000059 0.098883 0.000041 -0.000207 -0.065117 0.016976 -0.067132 0.072045 0.030407 -0.000069 -0.000074 0.000025 0.054605 -0.066161 0.000012 0.000045 -0.000011 -0.021756 -0.013872 0.000021 -0.000080 0.008957 0.000101 0.295363 -0.000033 0.096766 0.000083 0.241023 -0.000234 0.031477 -0.260943 0.235690 0.033551 -0.162907 -0.000142 -0.284493 0.055836
0.000030 -0.143746 0.004783 0.000098 0.037444 0.461519 0.069732 0.090630 -0.012475 0.030724 0.068427 -0.000002 -0.269971 0.064551 0.000116 0.026764 0.000035 -0.000095 0.009529 -0.166800 0.065366 -0.020408 0.041026 -0.000270 0.000008 0.000008 0.007051 -0.015353 0.000134 0.000100 0.000162 -0.211475 -0.012349 -0.000181 0.000007 0.017929 0.000126 0.195020 -0.000179 0.058137 0.000140 0.038903 -0.000196 0.042165 -0.337458 -0.040549 0.045352 -0.050799 0.000337 0.280032 0.185175
-0.000129 0.095440 -0.208817 -0.000123 0.094236 -0.015147 -0.120673 -0.320555 0.270487 0.078508 0.015255 0.000329 0.243943 0.116267 -0.000161 0.178121 -0.000087 -0.000037 -0.153389 0.097916 -0.319098 0.528565 0.103261 -0.000136 -0.000014 0.000148 0.203962 0.105425 -0.000152 0.000216 0.000305 0.073996 0.209719 0.000117 -0.000269 0.051051 0.000104 0.028179 -0.000283 0.302129 0.000152 -0.139253 -0.000046 0.106872 -0.304726 -0.137544 0.112370 -0.190429 0.000159 0.006364 -0.015158
0.000261 -0.023187 0.019115 0.000116 0.049723 -0.019789 -0.015032 0.008568 -0.030172 0.040305 -0.219429 0.000023 -0.072401 -0.313754 0.000118 0.148273 0.000219 0.000158 0.378849 -0.031034 0.009176 0.155085 0.054879 0.000081 0.000127 -0.000123 0.183295 -0.128701 0.000039 -0.000039 0.000263 0.139084 0.256410 0.000141 -0.000049 0.023230 0.000106 -0.005988 0.000203 0.045901 -0.000056 0.227163 0.000045 0.056474 -0.009268 -0.312031 0.059735 -0.030190 0.000027 -0.088204 0.034009
-0.000131 -0.235997 0.103819 0.000117 0.015012 -0.036618 -0.041829 0.277908 0.184751 0.010208 0.076179 0.000047 -0.030821 -0.324645 -0.000051 0.265070 -0.000071 -0.000063 0.238395 -0.055480 0.060772 -0.046960 0.017946 -0.000194 -0.000060 -0.000102 -0.071423 0.063266 -0.000188 0.000116 -0.000079 0.208424 0.115980 0.000134 0.000190 0.003399 -0.000130 0.106364 -0.000227 -0.076388 -0.000155 -0.124661 -0.000171 0.018718 -0.029348 0.035268 0.020671 -0.071981 0.000273 0.029855 0.102106
-0.000121 0.030663 0.140707 0.000116 0.077101 0.337000 -0.308413 0.080345 -0.234907 0.063128 -0.302264 -0.000092 0.048770 0.041629 -0.000042 0.140655 0.000082 -0.000009 0.333777 0.211281 0.149656 0.010312 0.085200 0.000333 0.000020 0.000001 0.158338 0.351654 0.000051 -0.000107 -0.000021 -0.203592 -0.009308 -0.000091 -0.000035 0.039471 -0.000300 -0.004357 0.000159 0.285714 -0.000004 0.239549 -0.000137 0.088290 0.320904 0.050823 0.092942 0.127741 0.000010 -0.316182 0.119650
-0.000090 -0.274062 0.196153 0.000027 0.079571 0.224641 0.052704 0.070602 0.014704 0.066035 -0.295824 0.000196 0.011784 -0.092101 0.000236 0.150463 0.000102 0.000001 -0.004934 -0.037970 0.017461 0.068211 0.087331 -0.000007 -0.000082 -0.000134 -0.111359 0.023166 -0.000036 -0.000093 -0.000034 -0.061166 -0.024145 0.000076 -0.000019 0.042818 0.000135 0.251797 0.000085 0.303552 -0.000069 0.094977 -0.000008 0.090284 -0.062283 0.178387 0.095336 0.086675 -0.000183 -0.000077 0.095626
0.000118 -0.313546 0.131275 -0.000118 0.057240 0.176046 0.125217 0.201761 0.384296 0.047077 0.058804 0.000052 -0.092257 0.033608 -0.000132 0.036776 0.000185 0.000061 -0.193627 0.164299 0.151018 -0.038758 0.062883 -0.000042 -0.000067 0.000125 -0.219684 -0.180348 -0.000014 -0.000183 -0.000086 0.061768 -0.113423 -0.000034 0.000047 0.028802 -0.000003 0.035381 -0.000031 -0.017989 0.000140 -0.040932 -0.000027 0.064589 -0.264721 -0.305805 0.068306 0.067492 0.000224 -0.046380 0.082659
0.000000 0.135281 0.340697 0.000072 0.041278 0.119698 -0.105648 0.042222 -0.205346 0.034150 -0.133403 -0.000104 0.085965 -0.218492 0.000074 -0.337321 -0.000148 0.000054 0.009430 -0.037652 -0.068926 -0.126935 0.045150 -0.000016 0.000061 0.000114 -0.008030 0.052169 -0.000004 0.000030 -0.000245 -0.249497 -0.099078 0.000118 -0.000033 0.020130 0.000158 0.031818 0.000354 0.137898 0.000148 -0.206232 0.000278 0.046307 -0.345534 -0.027159 0.048771 0.212037 -0.000026 0.033574 0.214646
-0.000064 0.044147 -0.069980 -0.000108 0.035020 0.013885 0.322079 -0.273614 0.200936 0.027166 0.021119 -0.000078 0.008909 -0.161905 -0.000091 0.012025 0.000176 -0.000080 0.131639 0.091721 -0.110043 -0.012815 0.039560 -0.000055 0.000253 -0.000141 -0.052416 0.004373 -0.000044 -0.000018 0.000092 -0.003663 -0.114538 -0.000025 -0.000025 0.013575 -0.000270 0.138255 0.000321 0.176401 -0.000001 0.096037 0.000037 0.040808 -0.142541 -0.307796 0.043996 -0.013617 -0.000114 0.034661 0.036052
0.000222 0.032796 -0.162357 0.000067 0.024244 -0.375307 0.135661 0.121865 -0.138994 0.018054 0.235788 0.000134 -0.159780 0.102384 -0.000057 -0.059166 -0.000039 0.000133 -0.450971 -0.106388 -0.188308 -0.177332 0.027758 0.000161 -0.000017 0.000044 -0.173706 -0.226117 -0.000001 0.000028 0.000106 -0.294125 0.281913 -0.000141 0.000029 0.006840 -0.000086 0.127212 -0.000107 0.054521 0.000045 0.326320 0.000059 0.028767 -0.257152 0.207095 0.031107 -0.385740 0.000110 -0.014856 0.101323
-0.000225 0.135374 -0.601963 0.000122 0.014915 -0.080944 0.003719 0.209113 0.090617 0.009980 -0.147687 -0.000185 0.046964 0.368640 0.000089 0.025874 -0.000150 0.000020 0.134191 0.301692 0.075888 -0.121532 0.017793 -0.000085 -0.000105 0.000158 -0.217224 -0.121310 0.000004 -0.000161 0.000112 0.057091 -0.199246 -0.000082 -0.000036 0.002570 0.000116 0.212074 -0.000321 0.023967 0.000260 0.144990 -0.000002 0.018688 0.018776 0.398945 0.020733 -0.081970 -0.000014 0.183415 -0.470246
-0.000067 -0.017238 0.168896 0.000105 0.026145 0.159909 0.176357 -0.259543 -0.073349 0.019299 -0.095112 0.000131 0.573669 -0.183976 0.000055 -0.387181 0.000067 0.000032 0.042412 0.249177 -0.236068 0.008240 0.029885 0.000101 -0.000050 -0.000221 0.025078 0.049511 -0.000222 0.000097 -0.000084 0.120876 0.355060 0.000249 -0.000098 0.006427 0.000160 -0.158319 -0.000405 -0.035235 0.000015 0.050445 0.000284 0.031135 0.082316 0.154681 0.033796 0.167278 -0.000089 0.192861 0.004959
-0.000021 0.004702 -0.212055 -0.000167 0.001324 -0.001541 0.157314 0.003738 0.226443 0.001323 0.270127 0.000112 0.235081 -0.028872 0.000267 -0.476474 0.000071 0.000006 0.174481 -0.130806 -0.091361 0.147915 0.001302 -0.000242 0.000093 -0.000354 -0.157186 -0.308663 -0.000101 0.000066 0.000068 -0.126563 -0.116706 0.000001 0.000059 0.001207 -0.000116 -0.029903 -0.000021 0.045581 0.000072 -0.169711 0.000114 0.001281 -0.130899 0.422319 0.001321 -0.122706 0.000022 0.264359 -0.362536
-0.000061 -0.117299 -0.081552 0.000120 0.022804 -0.124148 -0.222650 0.088386 -0.066602 0.017761 0.068282 -0.000002 0.076201 -0.024898 -0.000085 -0.021522 -0.000083 0.000039 0.372239 0.071614 -0.437299 -0.032698 0.025438 -0.000101 0.000033 0.000053 0.163352 -0.455904 -0.000136 0.000018 0.000155 -0.011877 0.215612 0.000405 -0.000066 0.008195 -0.000143 -0.296780 0.000173 0.057210 0.000309 0.062432 -0.000128 0.026143 0.015176 0.350019 0.027810 0.386829 -0.000000 -0.031686 0.127382
-0.000040 -0.119300 0.075327 -0.000061 0.013341 -0.228407 0.166584 -0.156309 0.057135 0.010044 -0.083475 0.000229 -0.011051 0.037081 -0.000005 0.011648 0.000120 -0.000002 0.069733 -0.131687 0.119974 0.102730 0.014926 -0.000032 -0.000065 -0.000199 0.173881 0.151852 -0.000015 -0.000156 -0.000144 -0.145015 -0.549958 0.000117 -0.000009 0.005364 -0.000206 -0.099289 -0.000013 0.346415 0.000450 -0.281431 -0.000163 0.015325 -0.054626 -0.034970 0.016412 0.108433 -0.000068 -0.142730 -0.128989
-0.000001 -0.053944 -0.174389 -0.000064 0.023575 -0.069738 -0.145749 0.018793 -0.336977 0.018849 0.331215 -0.000058 0.002489 0.176415 -0.000201 0.069518 0.000024 -0.000127 0.070377 0.123015 -0.050032 -0.137937 0.026071 -0.000012 0.000032 -0.000062 0.135471 -0.051675 -0.000102 0.000080 -0.000181 0.010324 -0.197739 -0.000015 0.000283 0.010456 -0.000276 -0.008860 -0.000389 0.060974 0.000042 0.099220 0.000121 0.027214 0.214022 0.140734 0.028487 0.134000 0.000017 0.143592 0.021180
0.000034 0.078182 0.019715 -0.000170 0.027137 0.022202 0.168196 -0.221164 0.332787 0.021004 0.040632 0.000009 0.246573 -0.010242 0.000188 -0.212598 0.000053 0.000058 -0.251873 0.064376 -0.159400 -0.506966 0.030427 -0.000165 0.000032 0.000031 -0.103881 0.200800 -0.000173 0.000044 -0.000078 0.231518 -0.229915 -0.000261 0.000402 0.009196 -0.000271 -0.084751 -0.000374 0.285959 0.000217 0.253442 0.000023 0.031455 0.246069 -0.196611 0.033598 -0.023548 0.000007 0.163606 0.085855
-0.000280 0.198689 -0.162090 0.000043 0.046281 -0.088692 -0.108239 0.034649 0.115825 0.036699 -0.152157 -0.000006 0.004968 -0.225036 0.000049 -0.356474 -0.000063 -0.000036 0.068850 0.150574 -0.370295 -0.185031 0.051770 -0.000101 -0.000023 0.000074 0.116550 0.141971 0.000027 -0.000013 0.000225 -0.023359 0.234107 -0.000027 0.000079 0.020010 -0.000189 0.176321 -0.000165 0.151939 -0.000038 0.034575 0.000270 0.054099 0.175460 0.052090 0.056738 -0.085496 -0.000031 0.209805 -0.016791
-0.000096 0.002102 0.123660 0.000200 0.049929 -0.016879 -0.096516 0.141130 0.111477 0.040057 -0.051726 0.000031 0.082806 0.075447 0.000246 -0.202709 0.000051 -0.000061 -0.079185 0.099943 0.162496 0.226926 0.055625 -0.000065 0.000070 0.000030 -0.258496 0.031650 -0.000306 0.000053 0.000030 -0.024717 0.516945 0.000136 -0.000148 0.023077 -0.000275 0.268173 -0.000097 -0.342795 0.000164 -0.173359 -0.000135 0.057797 0.307798 -0.397513 0.061797 -0.001867 -0.000048 0.046718 -0.117601
-0.000132 -0.254828 0.326201 0.000044 0.053534 -0.157618 -0.225859 -0.163853 -0.355271 0.043259 -0.194695 0.000062 -0.002509 -0.224245 0.000048 -0.109380 0.000123 0.000123 0.018865 0.307394 0.106382 0.231988 0.059531 -0.000029 0.000017 0.000095 -0.175680 0.245404 -0.000409 0.000190 0.000104 0.169039 0.045911 -0.000108 -0.000062 0.025520 0.000018 0.149301 0.000169 0.017918 0.000148 -0.159033 -0.000299 0.061432 0.018911 0.292898 0.064793 -0.169029 0.000134 -0.013500 0.086410
-0.000056 -0.060497 0.282327 -0.000095 0.001346 0.005112 0.001798 -0.317749 -0.132665 0.001117 -0.125192 -0.000057 0.122067 -0.032014 -0.000154 -0.032608 0.000268 -0.000059 -0.164817 -0.116690 -0.165077 0.010042 0.001447 0.000059 0.000030 0.000019 0.381935 0.301779 0.000006 0.000150 0.000086 0.022534 -0.311922 0.000049 -0.000013 0.000397 0.000082 -0.038261 -0.000052 -0.025290 0.000002 0.418055 0.000003 0.001467 0.007243 0.252373 0.001564 0.316419 -0.000303 -0.262189 0.099734
0.000102 -0.076699 0.368749 -0.000099 0.011297 -0.207639 0.150933 0.008715 0.257049 0.008591 -0.345760 -0.000130 0.186418 -0.309978 0.000094 0.481200 0.000071 0.000034 -0.155414 0.085741 0.005293 -0.176154 0.013812 0.000146 -0.000084 0.000091 0.290439 -0.240731 -0.000118 0.000071 0.000011 0.366516 -0.007141 0.000037 0.000167 0.004471 0.000037 0.288432 -0.000142 -0.043337 -0.000100 0.119845 -0.000019 0.014420 0.318121 0.183449 0.016647 0.033454 -0.000136 0.147885 0.377071
