7.455092
-0.006458
-0.000612
-0.003007
0.000247
-4.002354
-2.844097
-0.002766
0.002027
-0.024758
-2.769197
-0.032547
0.000386
-4.345043
5.817826
0.009296
0.000593
5.450164
-0.006533
-0.001110
0.002533
-0.019573
0.008421
0.000764
0.018636
0.025622
-0.022816
0.000610
-0.019605
-0.009528
-5.348325
4.766530
4.686546
-0.000174
-0.000190
5.163960
0.000163
0.005414
0.001919
2.454637
0.029395
0.000409
-0.003649
-0.028024
3.735173
-0.026923
0.001077
-0.025152
-0.023967
-0.000003
-3.588145
4.268538
0.000861
-0.010149
-0.008880
0.003769
5.552468
-0.005009
0.028876
-0.015316
5.902530
0.014057
-1.949624
0.017301
-0.013056
0.000230
0.004261
5.189379
-2.408297
-0.000354
-2.271805
0.017684
-0.033420
0.006476
-0.000265
0.036371
0.000590
0.010219
0.026727
-2.938817
0.033074
0.000165
4.623383
2.902278
3.223526
2.562253
0.000640
2.165510
-2.382557
-0.020442
0.000885
5.697694
0.007257
-3.470464
4.326167
-0.000442
0.009082
0.004540
-2.020897
3.276264
0.000778
-2.877893
-0.022469
0.003947
0.025068
-0.028244
3.762567
-3.261190
0.001539
0.028268
4.308356
0.006458
0.007670
-0.020458
6.332865
1.716964
-0.000297
-0.001616
-0.010847
-0.025848
0.015652
-0.006174
0.031601
-2.139891
0.006681
-0.016146
3.773386
0.033124
3.219949
0.000287
-0.000904
0.000242
-2.439440
-0.006251
0.000199
-0.000245
0.001204
4.476223
-5.557129
0.015224
3.204103
0.014148
0.021053
-0.004748
0.000484
-0.018342
0.007431
0.014944
0.034473
-2.057161
0.014512
-2.793511
-0.000598
-0.000597
0.023231
-0.016645
-0.017128
