0.031428
-0.020973
0.007199
-3.283197
-0.033020
0.002538
5.817980
-0.037689
-0.012212
-0.002541
-0.001206
-1.793439
-0.022932
0.004878
0.013336
0.006785
-0.013778
0.037877
-0.023074
-2.099846
-1.433334
0.027808
0.017002
-0.023945
0.012580
0.024318
6.553821
0.026414
0.000251
-0.000081
3.335844
0.001400
-1.598569
0.013012
-0.021116
-0.001975
-2.675988
-0.013081
-0.010294
0.004024
0.000891
0.000006
-0.007827
0.018256
0.000689
-1.848231
0.020294
-0.006292
-1.262687
-2.494470
0.008436
-0.021428
5.124885
-0.020239
4.232256
0.004287
0.001255
3.810878
0.012186
-2.031224
0.001505
-0.003657
-0.030591
-0.002470
0.033712
-0.000869
-0.008098
5.924009
0.035165
0.403391
-0.007842
-0.008484
-0.025212
-0.002109
-0.016132
0.002862
2.620717
-0.012409
-1.719852
-0.000161
-0.000444
0.001125
-0.018152
-0.015364
0.002589
0.000512
-0.000453
0.000569
0.000030
-0.020569
-3.011373
4.696794
-0.000931
-0.005910
0.000013
0.032022
0.000210
5.354865
0.017330
-0.023986
-0.000326
-0.018684
-0.004740
-1.395360
-0.026103
0.000371
2.856824
-0.004063
-0.017305
-0.006220
0.037103
-0.000636
0.013916
0.010315
-0.013770
-0.024367
-0.000445
