-0.016616
-0.005912
0.002381
0.002532
-0.000776
-0.007294
-0.159546
-0.468222
0.123817
-0.003830
-0.004453
-0.015397
-0.391140
0.231528
-0.017370
0.001801
0.003721
0.001710
-0.002470
-0.001286
-0.005115
0.341042
-0.003023
-0.002002
0.000261
0.146780
-0.001081
0.312850
-0.471756
-0.001060
-0.597755
-0.001068
-0.001386
0.000665
0.000446
-0.021054
0.003942
0.000815
-0.230438
-0.137759
-0.001469
0.003594
-0.414100
-0.004968
-0.000033
-0.000809
-0.000545
-0.000996
0.000543
-0.006847
-0.007109
-0.514988
-0.004718
-0.003314
0.001671
-0.001398
-0.001462
-0.022550
-0.001260
-0.006362
-0.231949
0.121186
-0.003000
-0.001215
-0.234891
-0.001808
-0.000582
-0.004821
-0.005912
0.000266
0.000043
-0.270579
-0.000750
-0.000988
0.001666
-0.182817
-0.351607
0.000857
-0.499264
-0.001057
0.003403
0.145559
-0.001372
-0.247853
0.001924
-0.004796
-0.003317
-0.147547
0.000788
-0.000045
0.000607
0.161562
-0.001028
-0.377039
-0.000797
-0.000976
-0.200447
-0.403389
0.346775
-0.000967
-0.407946
-0.005461
-0.000899
-0.000428
-0.302926
-0.001028
-0.003782
-0.168730
-0.001422
-0.001036
0.208536
-0.001435
-0.006167
-0.000076
0.313208
-0.002861
-0.001037
0.272056
-0.223038
0.000912
-0.013031
0.223193
0.000132
0.150347
0.000821
-0.029311
-0.002146
-0.533125
-0.000108
-0.000605
0.190752
-0.208928
-0.000775
-0.324316
0.000280
0.000389
0.001301
-0.000835
-0.002419
-0.005031
-0.030434
-0.131381
-0.003154
-0.005147
0.254129
-0.007591
-0.022870
-0.015330
-0.000615
0.001780
-0.000923
0.000093
-0.001214
-0.002983
-0.002467
0.002662
0.000936
-0.001490
-0.001116
-0.518940
-0.224297
-0.379815
-0.086871
-0.010039
-0.000464
-0.001664
-0.250197
-0.420353
-0.002484
0.000992
-0.000705
0.278335
0.001527
-0.002555
-0.208355
-0.029908
-0.014847
-0.376608
-0.003320
-0.001358
0.001243
0.098491
-0.000006
0.001703
-0.609613
-0.386065
-0.356940
-0.000114
-0.270823
-0.000084
-0.000237
0.159173
-0.002917
-0.000538
0.000128
