-0.000794
-0.014319
2.247422
-0.001073
-0.000574
0.009001
-0.001657
-0.003585
0.008245
-0.005176
-0.000689
0.000019
0.002781
-0.002577
9.474506
0.001451
2.056379
-0.002529
5.062479
-0.014859
0.012162
-0.002239
0.003234
0.008234
-0.545748
0.000170
-0.013316
0.000034
0.001172
-0.000008
0.008937
0.007227
-0.004309
0.017508
-0.011184
-0.001847
-0.000485
-0.006646
-0.033250
-0.001702
0.008326
-0.001154
0.010933
0.000478
0.000159
0.019119
-0.020814
0.019955
-0.000878
-0.003770
0.013234
-0.009330
-0.000303
-0.009875
-0.002729
5.565095
-0.519448
0.007581
-0.002618
0.004660
0.000290
9.415540
0.003031
0.015508
0.005540
5.383076
0.000140
4.884810
-0.006414
0.008635
0.001191
-0.004057
0.000039
0.003316
0.000465
-0.000661
0.000278
0.006022
0.021016
0.001123
0.001170
-0.003827
-0.002880
-0.283491
-0.000661
0.005414
0.036237
0.000528
-0.016632
-0.026672
0.000803
-0.019872
0.000041
-0.002303
0.014649
0.009722
-0.002253
0.000958
0.004838
-0.001209
-0.000058
0.009480
-0.013283
-0.007851
-0.004272
-0.002173
0.009057
-0.006373
-0.016690
-0.000032
-0.000020
0.000968
8.086326
0.000970
0.003368
-0.012332
-0.004146
-0.038615
0.000021
0.013666
0.001372
0.016287
0.000036
0.000174
0.004255
0.000904
4.937694
0.015694
0.018995
0.005912
-0.010519
-0.022015
0.018702
7.470844
-0.024694
-0.003292
-0.007599
-0.000015
0.002046
-0.004582
0.002330
-0.007555
3.923107
0.005749
-0.005165
0.002252
-0.008339
0.012919
-0.019595
0.005068
0.000057
0.000115
-0.004765
0.013100
-0.006308
-0.007698
-0.009973
-0.023323
0.001081
0.002173
0.052415
-0.002167
0.000434
0.004674
-0.001262
-0.002516
-0.000090
0.030385
0.003698
0.000131
0.020167
0.008793
0.000345
-0.009078
0.004407
0.000303
-0.005245
-0.000680
-0.001322
0.012942
-0.001025
-0.006794
5.932226
-0.013908
0.000049
0.031372
