0.251789
-0.075143
0.312033
-0.038008
0.519498
0.119051
0.659708
-0.081386
0.181224
-0.054717
0.525573
-0.002772
0.071712
0.076272
-0.000196
0.177474
0.039380
0.126601
-0.088764
-0.061538
-0.039632
-0.055001
-0.055078
0.214529
0.006206
-0.046390
1.380064
0.081108
0.128391
-0.062036
0.007502
-0.002372
0.344733
-0.069305
-0.050812
0.003610
-0.077099
0.134644
-0.056767
-0.065972
0.795301
0.344595
0.081940
2.106405
0.825982
-0.049114
-0.032444
0.703858
0.452422
0.079999
-0.008666
-0.031582
-0.305980
-0.045922
-0.031104
-0.063227
-0.000124
-0.040942
0.071852
1.127352
-0.037830
-0.056122
-0.074078
-0.061665
-0.030813
-0.052789
-0.044286
0.849890
0.109049
0.152068
0.014756
0.137084
-0.052707
1.828804
0.111759
0.063137
0.489978
-0.062551
0.117964
0.412470
0.810276
-0.000260
1.066023
-0.082574
-0.069203
-0.012813
-0.059268
-0.062065
-0.038527
-0.019830
-0.013005
-0.034829
1.212590
2.223405
1.040578
-0.002116
0.098868
0.128915
0.089404
-0.047984
-0.004846
-0.016526
1.252483
-0.077158
-0.046480
0.026515
0.795538
-0.059475
-0.059637
1.838001
-0.015711
-0.095932
-0.071684
-0.058506
0.059153
-0.064862
0.102587
-0.070253
-0.041000
-0.053934
1.278538
-0.000637
-0.020387
0.168628
-0.048973
-0.025578
-0.031446
-0.064597
-0.018100
-0.026574
0.300554
0.141346
-0.021564
0.598591
-0.059313
0.016094
0.351179
-0.061730
-0.032247
-0.051052
0.009568
0.112094
-0.022421
-0.024442
0.253923
-0.018162
-0.052127
-0.092381
0.080249
-0.033094
1.699024
-0.052543
-0.034167
-0.046094
-0.072567
0.681048
-0.030181
-0.036736
1.158756
0.692590
0.098345
-0.013350
0.992773
-0.005283
0.026081
-0.093236
-0.039888
-0.064281
-0.036612
-0.064515
0.030563
0.096142
-0.074260
0.306031
-0.000169
-0.063245
0.118568
-0.047361
-0.064797
-0.081951
-0.017361
-0.036061
-0.075385
-0.076896
-0.000143
0.043020
0.029657
-0.008460
-0.022604
-0.039356
-0.012273
0.163407
0.258686
-0.011448
-0.024377
0.107416
-0.044005
-0.073184
0.087981
0.114213
1.980355
0.124701
-0.071752
-0.084709
-0.156423
0.030284
-0.044020
0.293594
-0.092044
-0.051077
-0.245311
0.010886
-0.077915
0.018364
-0.037813
-0.000114
0.017353
-0.050849
0.761939
-0.062314
0.274701
0.109247
0.074829
0.092078
-0.026659
0.092205
0.089828
-0.066751
-0.063185
-0.034162
0.016340
-0.093897
-0.795217
-0.031232
0.823713
-0.031910
-0.073756
0.019063
-0.065111
0.005848
0.307326
0.101555
-0.071572
-0.060418
-0.088659
-0.054996
-0.048908
0.826647
-0.058056
0.046245
-0.080158
0.170978
-0.062630
-0.002805
1.618544
-0.070398
0.060377
-0.111912
0.011621
-0.021948
-0.021274
0.146606
-0.044729
0.070679
-0.047989
0.513650
-0.050713
-0.000287
-0.001212
-0.076475
-0.000530
0.840266
-0.117160
0.266416
1.030835
0.985001
0.671388
0.087658
-0.122998
-0.033627
0.158881
-0.054794
-0.064720
0.068554
0.272334
-0.063240
-0.060811
-0.011772
-0.031753
-0.061247
-0.019966
-0.061900
0.426385
-0.044802
0.113704
-0.070716
1.733199
-0.067089
0.099447
-0.061389
-0.008343
-0.080969
-0.037029
-0.024117
0.300012
0.481426
-0.055316
-0.062546
-0.019426
0.142441
1.100079
-0.025066
-0.067392
0.475882
-0.022060
0.135718
-0.067646
0.058559
-0.147182
0.132812
-0.038846
-0.061972
0.492438
-0.081670
0.594606
1.527045
-0.008025
0.055159
-0.017203
0.030271
-0.054819
-0.000045
0.024691
0.011348
0.927925
-0.100582
0.546550
0.255936
0.276881
0.020818
1.881839
-0.040832
0.113385
-0.026499
0.076258
-0.795631
-0.056063
0.189180
0.126263
-0.035582
-0.044476
-0.002105
0.208013
-2.502215
-0.046898
0.730101
0.304567
0.158126
-0.062706
1.202453
-0.209513
0.064222
0.641045
0.088603
-0.070840
0.026497
-0.041783
1.633731
-0.218949
0.129090
-0.063440
0.634271
-0.054434
-0.061286
-0.109277
0.033017
0.963310
0.258556
-0.044702
-0.036052
1.621416
0.190493
-0.031497
-0.023889
-0.000043
-0.015849
-0.060400
-0.031194
1.158075
0.119434
1.243500
0.071251
-0.106904
-0.063985
0.381189
-0.053181
2.371608
-0.016326
-0.048807
0.127106
