-0.076085
-0.006831
-0.008145
-0.980139
-0.010946
-0.121445
-0.001784
-0.061738
-0.473364
-0.009418
-0.014189
-0.026182
-0.247764
0.000340
-0.001776
-0.023373
0.035718
1.297593
-0.002858
-0.004927
-1.009242
-0.000870
-0.001683
-0.055181
-0.049096
-0.227208
-0.001254
-0.233117
-0.031739
-0.002720
-0.240910
-0.004578
-0.213144
-0.272947
-0.005075
-0.012429
-0.001988
-0.079518
-0.001240
-0.005105
-0.230467
-0.012002
-0.004292
-0.002223
-0.001318
-0.036181
-0.028063
-0.002505
-0.015068
-0.002414
-0.140814
-0.593737
-0.286185
-0.818940
0.000490
-0.002156
-0.605196
-0.200640
0.000048
-1.526377
-0.049553
-0.004267
-0.002801
-0.006623
-0.003715
-0.329946
-0.000570
-1.078895
-0.424391
-0.443841
0.001398
-0.000382
-0.236033
-0.824797
-0.008242
