-0.001236
-0.004569
0.014684
-0.030204
-0.002149
0.033733
-0.000400
-0.000563
0.014991
-0.011105
-0.006125
-0.008959
0.006003
-0.003826
-0.011058
-0.005775
-0.000756
-0.004520
-0.004843
0.020860
0.016529
-0.000177
-0.001474
-0.013173
0.055211
-0.000395
-0.008460
0.012749
-0.003697
0.007585
-0.007763
0.000535
-0.053896
-0.001316
-0.004808
-0.029707
-0.000818
0.036105
-0.036473
-0.001709
-0.009434
-0.002557
-0.006843
0.018151
-0.013612
-0.031142
0.017327
-0.016877
-0.028677
0.020844
-0.003158
-0.000407
-0.018084
0.029569
-0.001335
-0.023603
-0.002573
-0.000267
0.014192
-0.027292
-0.007783
-0.005693
-0.014346
-0.005023
0.011322
0.012659
0.016811
-0.034357
0.016506
-0.000109
-0.000696
-0.001681
-0.006567
-0.005062
0.019882
0.017591
-0.004206
0.024418
-0.011401
0.014941
-0.014875
-0.000735
-0.009738
-0.004863
-0.009076
-0.000060
0.010379
-0.001302
0.028154
0.009300
0.013581
0.026391
-0.004991
-0.004591
-0.033937
-0.002283
0.013486
-0.005845
-0.041383
-0.027455
-0.005342
-0.001015
0.015945
-0.005638
-0.001167
0.016004
-0.015188
0.015405
-0.019083
0.011940
