0.001846
-0.002644
-0.109662
-0.001789
-0.006950
-0.001339
-0.004462
-0.209670
-0.210524
-0.001052
0.237696
-0.166600
-0.007905
-0.001125
-0.122593
-0.001292
-0.001072
-0.001626
0.238788
-0.005130
0.182889
-0.524007
0.311781
-0.001350
-0.001975
-0.002268
-0.081138
-0.001617
0.167758
0.000338
-0.200673
-0.244928
0.124824
-0.001776
-0.158782
0.326464
0.161265
0.239185
-0.010744
-0.001220
-0.130968
-0.000102
-0.000673
-0.001146
0.134701
0.141688
-0.000179
0.000035
-0.166320
-0.163921
-0.188611
-0.000614
-0.002029
-0.002948
-0.001799
0.176712
-0.077597
0.215772
0.286931
-0.006475
0.118619
-0.213849
-0.003094
-0.001088
-0.166639
-0.000168
-0.009509
-0.563399
-0.001679
0.283937
0.000398
-0.001895
-0.000632
-0.288962
-0.000577
-0.246317
-0.006601
0.380711
0.045920
-0.273867
-0.004501
-0.002293
-0.121971
-0.002618
-0.126676
-0.013750
0.398721
0.000552
-0.007500
-0.002735
0.003768
0.276013
-0.001762
-0.213328
0.006303
-0.094881
-0.002808
-0.001009
-0.000738
-0.414103
-0.004311
0.000750
-0.553412
-0.239960
-0.002904
-0.000525
-0.011725
-0.005831
-0.400268
-0.005576
0.074497
-0.002593
-0.321722
0.000029
-0.005266
0.225469
0.346133
0.000898
-0.083165
-0.000368
-0.000331
0.000398
-0.002326
0.005700
-0.218049
-0.002882
-0.001188
-0.238077
-0.000572
-0.000820
-0.000016
0.000296
-0.003821
0.196317
-0.006315
-0.000076
-0.001503
-0.002424
-0.306083
0.265778
