0.423666
0.002468
-0.278176
-0.339423
-0.278665
-0.000897
-0.000069
-0.224592
-0.536085
-0.001425
0.003722
-0.001701
-0.003247
0.306936
-0.269489
-0.002418
0.007206
0.373763
-0.001082
-0.000444
0.443237
-0.001686
0.447918
-0.352813
-0.359334
-0.008839
-0.000780
-0.143592
0.001747
-0.198701
-0.640532
-0.000886
0.000420
-0.457924
-0.001669
-0.230057
0.143305
0.003285
-0.000298
-0.035135
0.353673
-0.003004
-0.000021
-0.001822
-0.002258
-0.001843
-0.001361
-0.000925
-0.001143
-0.275596
-0.007829
-0.001632
-0.278097
0.004575
-0.001171
0.421218
-0.000893
-0.289338
0.357972
-0.009715
-0.380149
-0.042590
-0.005007
-0.001057
-0.192689
0.000684
0.001087
-0.011465
-0.003402
-0.065463
-0.301463
-0.002003
-0.003383
-0.187351
-0.018819
-0.406718
-0.001151
-0.001314
-0.530421
0.000731
-0.013771
-0.001007
-0.045511
0.398131
-0.001217
-0.000078
0.003269
0.376340
-0.366703
0.438024
-0.011702
-0.037209
-0.001021
0.000766
-0.007956
0.463973
0.001199
0.002904
0.000932
-0.422582
-0.453446
-0.001073
-0.001938
-0.002161
-0.028738
-0.000637
-0.001498
-0.213520
-0.306963
-0.298810
-0.468546
-0.000989
-0.256292
0.001345
-0.005567
-0.000921
-0.000988
-0.001149
0.429446
-0.014285
-0.000387
-0.028512
-0.001734
-0.004218
-0.280603
-0.168494
-0.002169
-0.003526
0.087352
0.000525
-0.006434
-0.365365
0.442306
0.341577
0.003682
0.007207
-0.565727
0.438488
-0.191972
0.000057
0.003009
-0.251502
-0.000147
-0.000728
0.007936
-0.006692
-0.002764
-0.004341
0.005756
-0.238907
-0.002511
0.002642
0.002147
-0.018169
-0.001449
-0.001611
-0.000926
-0.001466
0.004552
0.003789
0.001102
-0.001609
-0.287171
-0.002284
-0.179277
-0.005217
-0.007811
-0.001319
-0.259534
0.351559
-0.185491
-0.208767
