-0.010590
-0.004760
-0.003876
0.106561
-0.005396
-0.000691
-0.014181
-0.000796
-0.001157
-0.010460
-0.035531
-0.003606
-0.005452
0.001558
-0.016441
0.190451
-0.007892
0.060112
-0.035892
-0.007442
-0.000959
-0.029718
-0.000461
-0.016472
-0.011354
-0.000856
-0.011686
-0.002643
-0.004167
-0.008146
-0.002994
-0.021603
0.093531
-0.002871
-0.007845
-0.006538
-0.000183
-0.005190
-0.000215
-0.002425
-0.045557
-0.036645
-0.004720
0.092808
-0.001357
-0.016627
-0.002100
-0.001560
-0.008078
0.000081
-0.002350
-0.000600
0.000409
-0.011801
-0.000653
-0.001055
-0.001800
-0.000046
-0.002018
-0.005265
0.000584
-0.024319
-0.000912
-0.004173
-0.007138
-0.000519
-0.008844
0.152802
0.087587
-0.011440
0.000063
-0.001664
-0.002118
-0.005595
-0.025917
-0.008193
-0.000355
-0.002309
0.203895
-0.001263
-0.000411
-0.011336
-0.001557
-0.011127
-0.002598
-0.017141
0.160564
-0.023563
-0.001764
-0.001114
0.000081
-0.015102
-0.008487
-0.028709
-0.013053
-0.001805
-0.000188
-0.000349
