-0.039589
0.415585
-0.005039
-0.014703
0.435916
-0.323041
-0.254488
-0.003181
-0.262404
0.381989
-0.004497
-0.025806
-0.014508
-0.001080
-0.002007
0.000074
-0.002392
-0.339858
-0.009637
-0.004175
-0.000910
-0.075487
-0.009138
-0.004069
-0.008942
0.468839
0.402690
-0.011628
-0.009731
-0.025782
-0.604114
-0.218664
-0.003907
-0.381417
-0.125235
-0.023712
-0.002644
-0.006300
-0.348136
-0.007905
-0.009522
-0.001352
-0.003733
-0.010466
-0.005508
0.503540
-0.001066
-0.005643
-0.000095
-0.017240
-0.006629
-0.004381
-0.200180
-0.008611
-0.032947
-0.001756
-0.002514
-0.429935
-0.368261
-0.003724
-0.006777
-0.003338
-0.031617
-0.002715
-0.002215
-0.019565
0.439643
-0.174186
-0.004939
0.002149
-0.000243
-0.179058
-0.004452
-0.031720
-0.002014
-0.012304
-0.005933
0.314572
-0.053634
0.001176
-0.025307
-0.000872
-0.015001
-0.012172
0.223241
-0.004565
-0.002711
-0.002459
-0.519327
-0.001260
-0.436078
-0.027623
-0.006316
-0.027803
-0.001278
0.006296
-0.458660
-0.013225
-0.019013
-0.000922
-0.261281
-0.013850
-0.201891
-0.002569
-0.019687
-0.001684
-0.013743
-0.002127
-0.001965
-0.662718
-0.259568
-0.017470
-0.451802
-0.018769
-0.001217
-0.032223
-0.012229
-0.033859
-0.000981
-0.024488
0.242356
0.004029
-0.016793
0.427905
-0.020918
-0.529851
-0.005120
-0.425246
-0.018782
-0.022168
-0.000777
-0.002218
-0.385615
0.408598
-0.027078
-0.025320
-0.033615
-0.348228
-0.385803
-0.019362
-0.197607
-0.476963
-0.314771
-0.009014
-0.003415
-0.011416
-0.022284
-0.364466
-0.008411
-0.116076
0.433261
-0.416744
-0.014680
-0.282874
-0.004574
-0.002924
-0.361589
-0.003074
-0.004241
-0.003232
-0.361327
0.030459
-0.000516
0.475594
-0.005088
-0.001900
