1.126464
-0.010009
-0.003637
-0.950967
-0.004198
-0.022462
-0.001010
-0.017890
-0.504170
-0.004167
-0.020734
-0.113148
-0.001656
-0.001178
-0.001863
-0.519709
-0.002456
-0.139570
-0.489355
-0.000793
-0.230672
0.210524
-0.003509
-0.001126
-1.368199
0.150106
-0.824526
-0.005733
-0.230448
-0.005266
-0.000926
-0.023063
-0.017378
-0.976551
-0.002347
-0.003094
-0.235680
-0.453838
1.034983
-0.007815
-0.002710
-0.007062
-0.769894
-0.057183
-0.078718
-0.019637
-0.001697
-0.003386
-0.077081
0.000111
-0.487276
-0.283867
-0.002227
-0.010569
-0.029048
-0.004180
-0.000604
-0.591140
-0.008919
-0.002641
-0.001670
-0.003834
-0.002010
-0.522362
-0.262526
-0.000195
0.241416
-0.001715
-0.317726
-0.002838
-0.009493
-0.008385
-0.794644
-0.000876
-0.000705
-0.000366
-0.019660
-0.002124
-0.009245
-0.362667
-0.232042
-0.013779
0.088328
-0.126108
-0.000856
-0.333629
-0.171823
-0.008438
-0.667646
-0.004797
