-3.787231
2.486291
0.007544
-3.275383
0.003412
-0.008799
0.002736
-0.000169
3.801519
0.027836
0.018531
-2.660576
0.009733
-0.001359
0.000894
-3.069575
-0.000564
3.526386
5.248940
-0.030299
2.646884
5.481364
-0.000445
0.022473
-3.372279
-2.921673
8.353683
0.031350
-1.802822
0.028917
2.975932
-0.013064
0.012908
-2.910249
-0.002230
0.000846
-2.459972
-3.076829
-4.864031
3.600686
-0.026915
-0.019593
-1.900087
5.151573
2.958334
-2.283087
0.035937
0.002141
3.189220
0.000233
4.788798
3.845427
-0.024283
0.003176
-0.019866
0.004083
0.000351
4.239460
-0.034924
-0.008563
0.031490
0.026170
-0.006141
-2.768867
-2.433477
-0.000020
5.441491
-0.000264
4.759773
-0.001026
0.023385
-0.015159
-2.396997
0.004263
0.005326
-0.000071
-0.021814
0.009595
0.009797
3.263787
5.081554
0.008192
5.173342
2.766477
-0.000082
3.358953
4.041362
-0.003560
-2.382201
-0.018676
