-0.006684
-0.014741
-0.006358
-0.000446
-0.000965
-0.001785
0.000230
0.000119
-0.005255
-0.004077
0.004603
-0.005388
-0.012364
-0.011603
0.943934
-0.002461
-0.000791
-0.001218
-0.022013
-0.007442
-0.009201
-0.809205
-0.022076
-0.011185
-0.001752
0.364602
0.001323
-0.001150
-0.011153
-0.000629
-0.008638
-0.000980
-0.002446
-0.001517
-0.016897
-0.006782
-0.003056
-0.000614
-1.172610
1.031910
-0.003128
-0.002620
-0.000211
-0.000206
-0.003779
-0.008259
-0.023105
-0.008020
0.770236
-0.001021
-0.000690
-0.000176
-0.000418
0.383541
-0.000438
-0.373951
-1.119088
0.436313
-0.003390
0.215605
-0.012264
-0.000850
0.558856
-0.006449
-0.004517
-0.002501
-0.056314
-0.005771
-0.010228
-0.012078
-0.001402
-0.006556
-0.331182
-0.007798
-0.003245
-0.007164
-0.006682
0.007545
-0.259532
-0.014506
-0.004099
0.000800
0.558268
-0.001002
-0.000279
-0.003418
-0.010494
0.945234
-0.007198
-0.014639
-0.001085
-0.923451
-0.000873
-0.001169
0.000287
-0.008131
-0.010448
-0.001902
-0.000975
0.179561
-0.002369
-0.000386
-0.399000
-0.002139
-0.005904
-0.003127
-0.016409
0.010797
0.203811
-0.010521
-0.003569
-0.004439
-0.019644
-0.001885
0.000240
0.001379
-0.001007
-0.813295
-0.006314
-0.000833
-0.001634
-0.001137
-0.017561
-0.012442
-0.019500
-0.001503
-0.004900
-0.003084
0.000389
-0.007076
-0.001522
-0.011927
-0.004638
-0.002762
-0.905141
-0.003277
-0.003826
-0.014645
-0.001267
-0.051728
-0.000504
-0.007376
-0.021211
-0.004582
-0.014573
-0.016205
-0.000425
-0.004257
-0.006109
-0.000890
-0.001454
-0.001505
-0.005702
1.001289
-0.001745
-0.011379
-0.896295
-1.553482
-0.001454
