-0.005698
-0.027834
-0.000996
0.130760
-0.016673
-0.004003
-0.001121
-0.028766
-0.001047
-0.021727
-0.012191
-0.004056
-0.006672
0.085633
-0.009710
-0.004002
-0.002711
-0.000977
-0.007595
-0.000393
-0.006206
-0.015798
-0.002742
-0.013316
-0.011539
-0.030099
-0.003633
-0.000741
-0.008337
-0.002898
-0.000194
-0.002201
-0.000123
-0.000436
-0.006718
-0.008843
-0.005294
-0.003093
0.000182
-0.003999
-0.002367
-0.014714
-0.004022
-0.001398
-0.004920
-0.001089
-0.000348
-0.001821
-0.020747
-0.009691
-0.000389
-0.013748
-0.003805
-0.003945
-0.002389
-0.001832
-0.007038
-0.005584
0.001702
-0.000879
-0.000564
-0.007225
-0.007395
-0.008794
-0.001625
-0.014628
-0.042337
-0.004856
-0.004167
-0.014803
-0.001003
-0.010753
-0.013684
-0.017562
-0.012460
0.124606
-0.003497
0.150936
-0.000545
-0.001834
-0.006813
-0.000884
-0.005564
-0.007592
-0.005767
-0.009096
-0.020011
-0.007085
-0.009356
-0.007921
-0.016995
-0.002762
-0.003960
-0.002144
-0.017480
-0.001483
-0.010411
0.193940
-0.003135
-0.006493
-0.000588
-0.002015
-0.018820
-0.015291
-0.004278
0.264778
0.095716
-0.006132
-0.002223
-0.041957
-0.022455
-0.011199
-0.023844
-0.001614
-0.001116
-0.008173
-0.017621
-0.004126
-0.001671
-0.026922
-0.005841
-0.002302
-0.009596
-0.008255
-0.001685
-0.017001
-0.000168
0.012073
-0.016345
-0.000478
-0.001315
-0.001833
-0.009097
0.000739
-0.018323
-0.009836
-0.005785
-0.005563
-0.001827
-0.002048
-0.000524
-0.005944
-0.014733
0.160864
-0.005036
-0.011161
-0.036818
-0.010825
-0.001488
-0.019737
0.132748
-0.001439
-0.001016
-0.016599
-0.007821
-0.003293
-0.021206
-0.002048
-0.011043
-0.002360
-0.012034
-0.003304
-0.004458
-0.005328
-0.007006
-0.005505
-0.002233
-0.000100
-0.006004
-0.002136
-0.011984
-0.002358
