-0.000210
-0.028894
-0.000237
-0.014254
-0.003364
0.024098
-2.239661
0.008047
-0.016641
-0.002155
5.616121
0.000304
-0.000482
0.001078
0.035459
-0.891731
-0.004611
-0.028435
0.012577
-0.002383
0.029781
-0.001835
0.000190
0.029357
0.000299
-0.030853
-0.000369
-0.027070
-0.019664
-0.002216
-0.011476
-2.783694
-0.010164
0.001424
4.345948
-0.011092
-0.003367
0.017852
-0.000951
0.002555
-0.025255
-2.380326
0.027625
-0.012199
0.014526
0.000182
0.000230
-0.003380
-0.018999
5.334477
0.259948
0.014837
-0.001198
-0.000486
-0.008871
-0.010328
-0.037092
-2.387833
-0.007235
-0.001247
-0.042353
0.014819
-0.029907
0.000745
-0.021329
0.010094
0.015932
0.013887
0.016966
0.014810
0.008588
-0.001255
0.016816
-0.039800
0.033663
-0.040293
0.012612
-1.656352
0.004622
-0.005615
0.005022
-0.008610
-1.039034
0.000244
-2.349481
-0.004569
0.014246
0.000403
0.001115
0.001228
-0.008815
-0.030196
-0.000401
-0.019774
-0.019267
0.019204
-0.037680
-0.000883
0.019359
-0.014188
-0.010673
0.003784
0.004409
-0.010830
0.008560
-0.010664
0.019041
-2.602598
-0.037415
-0.000010
-0.000663
0.000080
0.000201
5.955411
-0.013353
-0.020650
0.000011
-0.020343
-0.008415
-0.008975
-0.031600
-0.004094
0.030967
-0.037430
-0.001854
-1.115871
0.008373
3.743723
-1.696143
0.000781
-0.001052
0.002580
0.002759
3.366530
0.021244
0.011054
-0.004113
-0.024194
-2.067681
0.027850
0.025252
-0.010863
0.011932
3.926734
-1.256240
0.013280
0.011630
0.018687
-0.023257
0.019450
0.038388
0.008261
0.018835
0.005202
-0.001457
0.001405
4.929113
0.028931
-2.752521
-0.022158
-0.005030
-0.006280
-0.004028
0.009638
0.012545
-0.020384
0.036786
0.022959
-0.005972
0.014856
-0.017353
0.002831
-2.694824
-0.000043
0.022476
-0.013244
-0.039913
-0.021305
-0.000023
-0.027513
