-0.324398 -0.000083 0.000070 0.000095 0.000494 0.000168 0.217229 -0.437053 0.205558 -0.000190 0.694265 -0.061572 0.306267 0.413497 0.111367 -0.262799 0.015410 -0.000123 0.021499 -0.011545 0.462740 0.275881 -0.106858 0.021395
-0.459838 -0.000012 -0.000078 0.000035 -0.000138 -0.000136 -0.506773 0.771138 -0.119215 0.000035 -0.404994 0.152173 0.018400 -0.332531 -0.081093 0.436013 0.087725 0.000222 0.153076 -0.310426 0.288246 0.070551 0.077353 0.159371
0.096629 -0.000190 -0.000081 0.000164 -0.000234 0.000080 0.074714 -0.113631 0.472148 0.000054 0.197900 0.108110 -0.171874 -0.619824 0.031482 0.119104 0.058131 -0.000034 0.082508 0.255819 -0.057048 0.322475 -0.114393 0.083048
0.097243 -0.000203 -0.000050 -0.000020 -0.000238 0.000301 -0.588973 0.304697 -0.002767 0.000053 0.016130 0.439543 0.110607 0.110086 0.005690 0.050373 0.236858 0.000107 0.399074 -0.014882 -0.086101 -0.361925 0.276299 0.403920
0.194986 0.000088 -0.000158 -0.000298 -0.000007 0.000305 0.013249 0.318994 -0.140829 0.000052 0.054930 0.046443 0.167243 0.409363 0.736760 -0.049005 0.147992 0.000132 0.247707 -0.553018 -0.083955 0.214023 -0.646563 0.254421
0.540113 0.000085 -0.000043 0.000001 -0.000166 -0.000127 -0.104529 -0.214573 -0.114950 0.000062 0.115293 -0.017832 -0.141710 0.219447 0.193396 -0.341239 0.052263 0.000205 0.098864 -0.466899 0.133209 0.373056 0.129707 0.098963
0.169366 0.000015 0.000099 0.000066 -0.000054 -0.000163 -0.071909 -0.201527 0.128354 0.000007 -0.019359 0.294654 -0.232188 -0.257753 0.150019 0.177638 -0.008589 -0.000002 -0.032744 0.130762 -0.018982 -0.168607 -0.051608 -0.035053
-0.382454 -0.000143 -0.000130 0.000063 -0.000112 -0.000127 -0.277409 0.358322 -0.079872 -0.000032 -0.401425 -0.073698 -0.223261 0.285527 -0.301318 0.363345 -0.047020 -0.000113 -0.102268 -0.013002 -0.014342 0.328259 -0.336492 -0.102697
-0.590312 -0.000187 -0.000086 0.000003 0.000763 0.000192 -0.093145 0.532153 0.091137 -0.000027 0.098302 -0.327274 0.133514 -0.008602 -0.502086 -0.039373 0.083207 -0.000519 0.163885 0.255902 0.097101 -0.014562 0.476737 0.163930
0.037807 0.000084 -0.000031 0.000158 -0.000366 -0.000083 0.659662 -0.083453 -0.132071 -0.000021 -0.165433 -0.778128 0.025818 0.446174 0.308408 -0.206155 0.130575 -0.000043 0.221024 0.008321 0.117073 -0.307110 0.233432 0.228367
-0.251339 0.000124 -0.000085 0.000056 0.000770 0.000163 0.069232 0.294421 0.420205 0.000207 -0.229057 0.260691 0.570438 -0.763679 0.044673 -0.239708 0.052875 0.000116 0.106916 0.087470 -0.128109 0.555555 -0.588247 0.112431
0.533244 0.000063 -0.000055 0.000013 0.000548 0.000215 -0.345615 -0.129726 -0.250622 0.000018 -0.100025 -0.170242 0.061170 0.303017 -0.510847 -0.185814 0.087610 0.000145 0.183033 0.277171 0.609980 0.381688 -0.370180 0.190373
0.204517 0.000049 0.000097 0.000045 -0.000005 -0.000048 0.024189 0.175669 -0.088422 -0.000115 0.015388 0.545693 0.141337 -0.370213 -0.025065 -0.150493 0.005510 -0.000206 0.004716 -0.099329 -0.396115 0.163832 -0.096401 0.004534
-0.199064 -0.000114 0.000117 -0.000034 0.000123 0.000177 -0.182493 -0.207827 0.208149 0.000007 -0.414773 -0.027928 0.187070 -0.039856 -0.152995 -0.079836 0.095911 -0.000038 0.183003 0.329591 -0.198070 0.635357 -0.064244 0.192368
-0.100995 -0.000116 -0.000029 -0.000054 0.000626 -0.000135 -0.331536 -0.093168 -0.106483 0.000176 0.088906 0.328429 -0.366919 0.140015 -0.011825 -0.068209 0.002075 0.000044 -0.017901 0.335012 0.297377 -0.021476 0.259552 -0.025021
0.224133 0.000062 -0.000256 0.000095 0.000515 -0.000082 -0.140691 0.142548 -0.537687 -0.000185 0.379399 -0.217946 -0.429907 -0.026342 0.381811 -0.100737 0.071075 0.000057 0.125353 0.486290 0.214502 0.390438 0.163655 0.130586
-0.275788 -0.000065 0.000068 -0.000024 0.000623 0.000023 0.344908 0.280821 -0.599447 -0.000087 0.571657 0.287276 0.390913 -0.282940 0.198301 0.145362 0.034201 -0.000056 0.066366 -0.452057 -0.317218 -0.222351 0.547858 0.070956
0.406169 -0.000056 0.000160 -0.000025 -0.000092 -0.000232 -0.046493 0.078110 0.007103 -0.000097 -0.495753 0.348694 -0.356265 -0.756093 -0.085169 0.446627 -0.006009 0.000043 -0.014462 -0.461461 0.434701 0.022952 -0.188104 -0.014008
-0.026955 -0.000087 0.000202 -0.000062 0.000389 -0.000004 0.131838 0.266249 0.672112 0.000203 0.463112 -0.686678 -0.059404 0.324226 0.299997 -0.272680 -0.000072 0.000180 -0.001663 -0.561174 0.200283 0.061436 0.028563 -0.001858
-0.472554 -0.000021 -0.000027 -0.000041 -0.000069 0.000097 -0.314531 -0.527316 0.282128 -0.000213 -0.012347 0.578798 0.040977 0.074863 0.107579 0.102666 0.062912 -0.000103 0.137669 0.364445 0.011378 0.184805 0.339439 0.149588
0.093282 0.000251 -0.000052 0.000110 0.000086 -0.000081 -0.170379 -0.154939 0.281637 -0.000220 0.124043 0.324779 0.359504 0.319035 0.039804 -0.382110 -0.028942 -0.000030 -0.087408 -0.125867 -0.432250 0.087051 -0.316298 -0.091685
0.260589 0.000326 0.000038 -0.000122 -0.000215 -0.000003 0.524421 0.360768 -0.554436 -0.000006 0.148887 0.042216 0.126455 0.338592 0.022824 -0.071198 -0.002268 0.000143 -0.004244 -0.124553 -0.123035 0.113124 -0.446077 -0.004938
0.174205 -0.000103 0.000022 0.000006 0.000489 -0.000207 -0.076277 0.219073 -0.120076 -0.000162 0.124243 0.077974 0.628128 -0.129107 0.047093 -0.128937 -0.001257 0.000167 -0.004777 -0.427262 0.027441 -0.132479 -0.084292 -0.008737
0.310966 -0.000370 0.000137 -0.000102 0.000787 -0.000281 -0.640816 0.676459 -0.385947 -0.000087 -0.254730 0.018607 -0.348606 -0.118601 -0.373568 0.020883 0.067931 -0.000089 0.118798 -0.329263 0.763292 0.520294 -0.166345 0.122272
0.167243 0.000062 0.000182 0.000030 0.000574 0.000031 -0.082217 0.152205 -0.248301 0.000028 -0.295302 -0.378148 -0.040019 -0.051083 -0.059287 -0.129345 0.007465 -0.000006 0.007951 0.405704 0.182297 0.133251 0.226128 0.008007
-0.255314 0.000002 -0.000024 -0.000054 0.000172 0.000035 0.003441 -0.130021 0.938826 0.000085 0.671843 0.105356 -0.163659 0.126739 -0.002917 0.077003 0.188512 0.000131 0.311754 0.208739 -0.134078 -0.021681 0.384053 0.320110
0.154213 -0.000099 -0.000130 -0.000024 -0.000059 0.000039 0.047367 -0.436671 -0.187513 -0.000047 -0.449583 -0.165290 0.142011 0.128402 -0.167200 0.141104 0.044173 -0.000115 0.092325 -0.546252 0.012460 0.260392 0.093119 0.103802
0.093103 -0.000161 0.000095 0.000141 -0.000127 -0.000114 -0.102542 0.051093 0.120176 -0.000013 -0.192504 0.555976 0.175417 -0.380151 -0.513357 -0.101495 0.013856 0.000227 0.056845 0.094470 -0.532207 0.537552 0.139792 0.061258
0.265237 -0.000079 -0.000004 -0.000006 -0.000116 -0.000034 -0.045942 -0.110272 0.279158 -0.000236 0.042494 0.583958 -0.106039 0.101443 -0.178957 0.172389 0.058292 -0.000081 0.157674 -0.216061 -0.222096 -0.055431 -0.177290 0.158051
-0.321413 -0.000140 0.000118 -0.000018 0.000727 -0.000167 -0.364721 0.574547 -0.574639 -0.000109 0.037084 0.065977 0.101537 -0.290683 0.441086 -0.337010 0.009814 -0.000079 0.031969 0.015329 0.183888 0.121831 0.353649 0.030537
0.350455 0.000004 -0.000184 0.000077 0.000040 -0.000021 -0.370450 -0.203307 -0.455396 0.000100 0.005973 0.465735 0.216804 0.040612 -0.014480 0.518590 0.060870 -0.000219 0.115461 0.577686 0.090138 -0.744541 0.052207 0.122233
0.186704 -0.000070 0.000059 0.000127 0.000659 0.000024 -0.285608 0.183870 -0.467416 -0.000080 0.013775 -0.034260 0.531230 0.349100 -0.185436 -0.414673 0.090686 -0.000045 0.140536 0.038850 0.039426 0.210064 0.124898 0.143595
-0.208866 0.000055 0.000065 -0.000161 -0.000232 0.000162 0.558391 0.348487 -0.120546 0.000131 -0.153232 -0.357160 -0.229310 0.114473 0.343397 -0.479713 0.000989 -0.000028 0.006512 -0.075021 0.141985 -0.145371 -0.127588 0.006665
-0.196999 0.000084 0.000060 0.000046 -0.000268 -0.000065 0.126471 0.046565 0.103196 -0.000073 -0.299512 -0.051911 -0.531443 -0.388311 -0.234214 -0.043629 0.132035 -0.000144 0.261338 0.515564 0.111142 0.478874 0.349851 0.263737
0.150161 0.000049 0.000137 -0.000038 0.000594 -0.000045 0.147970 -0.365542 0.180100 -0.000066 0.089734 0.269935 -0.277693 0.089464 0.352225 0.139722 0.040365 0.000130 0.091230 -0.664936 0.062647 0.087287 0.034910 0.098274
0.538937 -0.000289 0.000528 -0.000052 0.000248 0.000017 -0.266389 -0.372911 0.444270 -0.000001 0.234130 -0.304357 -0.089554 0.045049 0.769190 0.155454 0.058045 -0.000174 0.108291 -0.054135 -0.324924 0.228591 -0.414414 0.113971
0.051716 0.000049 0.000146 0.000084 -0.000127 -0.000082 -0.244167 -0.084826 -0.075275 0.000206 0.243640 0.131552 0.517682 0.214464 -0.212022 -0.135330 0.051079 -0.000116 0.125794 0.441426 -0.227503 0.359560 -0.193483 0.136490
-0.072327 -0.000069 -0.000155 -0.000133 0.000138 -0.000152 -0.450837 0.348741 0.300858 0.000000 0.043734 0.170979 0.051346 -0.372589 -0.019256 -0.161078 0.034038 -0.000208 0.075520 0.430223 0.341656 -0.312436 0.096590 0.078591
-0.421661 0.000015 0.000121 -0.000018 -0.000010 0.000140 0.511481 -0.315303 0.154824 -0.000087 -0.340318 0.441997 -0.617784 0.561554 -0.252926 0.141040 0.061360 0.000011 0.133600 -0.075973 -0.358588 0.392832 -0.195984 0.142284
-0.503130 0.000140 0.000123 -0.000078 -0.000057 0.000315 -0.162713 0.361670 -0.060245 0.000107 -0.063344 0.232658 0.171015 -0.190308 -0.476667 0.100637 0.207090 -0.000048 0.371450 0.303838 0.123980 -0.099409 0.420153 0.384747
-0.097823 -0.000064 0.000059 -0.000248 -0.000090 0.000152 0.356794 0.150804 -0.638152 -0.000112 0.215436 -0.021635 0.319940 0.020794 -0.375902 0.082943 0.095302 -0.000021 0.171564 -0.277210 0.397190 -0.050324 0.439353 0.176729
0.423628 0.000026 -0.000106 -0.000001 0.000213 0.000230 -0.569238 -0.010646 0.046567 -0.000113 -0.262672 -0.247563 -0.148488 -0.152036 -0.212372 0.486133 0.001313 -0.000097 0.049043 -0.034064 0.328475 -0.183573 -0.123347 0.052807
0.089696 0.000113 0.000190 0.000046 -0.000144 0.000011 0.205509 0.064863 0.464095 0.000129 -0.099843 0.146326 0.128160 -0.092778 0.298246 0.098751 0.023188 -0.000005 0.035747 -0.226911 -0.265223 -0.469103 -0.257639 0.036018
0.456830 -0.000144 -0.000000 0.000136 0.000045 -0.000046 -0.059667 -0.125453 -0.194980 -0.000009 0.119488 0.599955 -0.125231 -0.108216 -0.250033 -0.278728 0.044627 -0.000043 0.108032 0.203407 0.283227 0.130837 -0.116202 0.113372
0.281889 -0.000166 0.000015 -0.000343 -0.000019 -0.000008 -0.020535 0.041371 -0.198077 -0.000138 0.137326 -0.041292 -0.129022 -0.087234 0.197847 0.130398 0.028596 0.000064 0.050214 -0.025976 0.039966 -0.199595 0.060825 0.053121
-0.224104 0.000132 0.000039 -0.000048 0.000470 0.000028 -0.457748 -0.168256 0.504740 0.000017 0.443805 0.203529 -0.062136 0.200726 -0.399385 0.422958 0.184042 0.000201 0.306437 0.732136 -0.208432 0.143057 0.316136 0.314195
0.014057 0.000048 -0.000160 -0.000126 0.000583 -0.000341 -0.436063 -0.148533 0.158456 -0.000203 -0.374299 0.546080 -0.141026 -0.023255 -0.118634 -0.198706 0.298219 -0.000158 0.501643 0.150076 0.167567 0.043327 0.198743 0.519717
-0.101544 -0.000066 -0.000036 -0.000105 -0.000247 0.000003 0.103623 -0.096724 -0.253590 0.000034 -0.196694 0.085683 -0.254545 -0.335819 0.189564 -0.353043 0.061759 0.000120 0.119302 0.313917 0.089931 0.265518 0.275365 0.123267
-0.140724 0.000177 0.000105 0.000089 -0.002000 0.000221 0.359374 0.447111 -0.383927 -0.000039 0.068239 -0.346102 -0.134932 -0.403321 0.275542 -0.006426 0.051825 0.000136 0.085200 0.584600 -0.116839 0.005571 0.525903 0.086257
-0.216332 -0.000077 0.000100 0.000186 0.000191 -0.000071 -0.116929 -0.163034 0.248087 0.000045 0.130912 0.183323 -0.053261 -0.162749 -0.013553 0.004988 0.083975 -0.000159 0.169350 0.044475 0.223945 0.360342 0.034283 0.172976
-0.093594 -0.000103 -0.000208 0.000013 0.000582 -0.000353 0.023433 0.460511 0.509333 -0.000088 -0.193874 -0.165354 -0.541490 0.546657 -0.665802 -0.304823 0.172807 -0.000027 0.323219 0.022206 -0.004262 -0.515709 0.678495 0.334255
0.295958 0.000037 0.000111 0.000075 0.000359 -0.000004 0.217931 -0.581097 -0.375554 -0.000139 0.295279 0.306696 0.151235 0.422618 0.091406 0.031394 0.076167 0.000122 0.148855 -0.029897 0.076683 0.004436 0.122256 0.151788
-0.120521 0.000043 0.000095 -0.000052 -0.000143 0.000211 -0.250003 0.269798 0.024180 -0.000219 0.128824 -0.187528 0.231965 -0.151444 0.558132 0.059480 0.054355 -0.000155 0.118331 0.494597 0.193484 -0.917151 0.021897 0.123668
0.392978 0.000126 0.000007 -0.000089 -0.000121 -0.000078 0.050892 -0.064518 -0.317470 -0.000087 -0.506678 -0.179329 0.109150 0.596037 -0.424743 -1.118943 0.115353 -0.000113 0.223515 0.056330 0.374478 0.110424 0.079971 0.232098
-0.042402 -0.000164 0.000074 -0.000072 0.000551 0.000119 0.169609 -0.420917 -0.286050 -0.000111 -0.087430 0.044221 0.063431 -0.121566 -0.338895 0.603059 0.017778 -0.000022 0.068642 0.182969 1.042609 -0.679466 -0.048170 0.072242
-0.050720 0.000087 0.000053 -0.000038 0.000596 -0.000057 0.135832 0.247738 0.325307 0.000149 -0.137593 0.035346 -0.328842 -0.270786 -0.223805 -0.083036 0.002253 -0.000048 0.011885 0.495521 -0.115722 -0.080844 0.255044 0.012989
0.329874 -0.000114 -0.000062 0.000181 0.000106 -0.000125 -0.122100 0.240303 -0.034477 -0.000128 -0.178324 0.039914 -0.527980 0.593775 -0.443692 -0.375559 0.003393 -0.000004 0.007141 -0.256770 0.389872 -0.007494 -0.288910 0.006956
-0.601493 0.000044 -0.000126 0.000110 0.000544 0.000007 0.453731 -0.279454 0.059667 0.000152 -0.459372 -0.126859 0.542027 -0.112133 -0.029099 0.161122 0.026875 0.000039 0.087010 0.023186 0.046240 -0.205163 0.255182 0.090741
0.006268 0.000042 -0.000105 -0.000076 0.000589 0.000064 0.500985 0.127033 -0.848307 0.000252 -0.144818 0.163084 -0.347360 0.385670 0.158826 -0.228570 0.069040 0.000133 0.141510 -0.141522 0.018791 0.143533 0.046895 0.148496
0.154238 -0.000117 0.000035 0.000096 -0.000036 -0.000006 0.610277 -0.232423 -0.001163 0.000116 0.265184 0.318698 -0.368146 -0.244060 0.123812 0.125790 0.133307 -0.000280 0.251611 0.189476 -0.230605 0.225389 0.187049 0.264815
0.274193 0.000178 -0.000104 0.000198 -0.000139 0.000044 -0.228004 -0.360182 0.228762 -0.000019 -0.285201 0.331908 0.376462 0.095578 0.038411 0.054069 0.000206 -0.000053 -0.000890 -0.149037 0.277221 0.008666 -0.784613 -0.001086
-0.247220 -0.000072 -0.000136 0.000140 -0.000036 0.000036 0.363558 0.556078 -0.057014 -0.000054 0.004980 0.087797 0.143744 0.353834 -0.260542 -0.305980 0.047709 -0.000247 0.099171 -0.390361 0.242456 -0.455943 -0.037377 0.101054
-0.259645 -0.000093 0.000181 -0.000013 0.000167 0.000025 0.070163 -0.281564 -0.179356 -0.000077 -0.388683 0.158084 0.019496 -0.878852 0.204935 0.627311 0.094710 0.000015 0.179695 0.002091 0.966919 -0.063383 -0.403851 0.186503
-0.320108 0.000084 -0.000102 -0.000113 -0.000064 0.000017 0.093144 0.147674 0.020955 0.000052 0.384326 -0.024119 -0.220001 0.289388 -0.117433 -0.369369 0.016383 0.000110 0.038904 -0.354291 0.618424 0.513039 -0.198165 0.038867
-0.098795 -0.000176 -0.000039 -0.000022 0.000411 -0.000054 0.430725 0.418861 -0.091242 0.000075 -0.611126 -0.443900 -0.062549 0.030546 -0.077341 0.384195 0.215827 0.000108 0.391916 0.487339 -0.167548 -0.477082 -0.141790 0.397355
0.405157 -0.000072 0.000102 -0.000145 -0.000236 -0.000113 0.031992 -0.491968 -0.077985 0.000098 0.198004 -0.248616 0.121953 -0.149013 -0.375292 0.029183 0.024562 -0.000140 0.075641 0.630733 -0.499241 0.252462 0.347212 0.075033
-0.032076 0.000116 0.000041 -0.000101 -0.000065 -0.000068 0.271050 0.032269 0.277467 0.000023 0.222184 -0.071599 0.166181 0.449288 -0.265860 -0.109659 0.007681 0.000021 0.045509 0.184739 -0.016420 -0.159863 0.057259 0.050193
-0.156685 0.000034 -0.000219 0.000061 -0.000920 0.000022 -0.336267 -0.413298 0.076709 -0.000061 -0.104789 -0.081530 0.089236 0.032900 0.427694 -0.592770 -0.003707 -0.000124 -0.015019 0.066999 0.225717 -0.264918 0.631690 -0.016846
0.020219 0.000109 0.000100 0.000027 0.000136 -0.000083 0.110741 0.138600 -0.313051 0.000157 -0.168437 0.378363 -0.676492 0.311697 0.149015 -0.088364 0.071267 0.000136 0.143051 0.605518 0.113762 0.119436 0.004545 0.150690
-0.120074 0.000096 0.000160 0.000145 -0.000126 -0.000047 0.071984 0.231490 -0.139906 -0.000053 0.092248 0.498497 -0.098344 -0.137370 0.506836 -0.301598 0.066110 -0.000008 0.119278 -0.479202 -0.020600 -0.499385 0.438785 0.125523
0.105400 0.000103 -0.000020 0.000094 0.000180 -0.000128 -0.069799 -0.133363 -0.532070 0.000161 -0.244390 -0.568712 0.233214 0.126807 0.381123 -0.106075 0.004264 0.000074 0.006580 -0.324897 0.187529 0.571748 -0.217169 0.008192
0.163444 -0.000123 -0.000039 -0.000087 0.000528 -0.000085 0.619055 0.173798 0.226917 -0.000017 0.688559 -0.208967 0.401192 -0.088535 0.126654 0.018367 0.061858 0.000086 0.123225 -0.411895 0.003367 0.010527 -0.086924 0.133064
-0.046109 -0.000162 0.000077 0.000138 0.000393 -0.000007 -0.063134 -0.365096 0.165576 0.000017 -0.122058 -0.411799 -0.015992 0.309076 0.187377 -0.198733 0.136987 0.000038 0.249255 -0.178551 -0.039546 0.268022 0.491474 0.253337
-0.036140 -0.000058 -0.000111 0.000113 -0.000340 -0.000037 -0.307431 0.098297 0.450547 -0.000323 -0.046672 -0.078706 0.176147 -0.192118 -0.080726 0.179352 0.063722 0.000107 0.117342 -0.218791 0.141244 -0.243009 0.218154 0.125767
0.009603 -0.000083 -0.000266 0.000129 -0.000156 0.000016 0.749384 -0.262929 0.501295 -0.000089 0.026528 0.240036 0.095094 0.113315 0.016829 -0.586863 0.079253 0.000018 0.155767 0.284402 -0.639394 -0.057185 -0.129580 0.161704
-0.583203 0.000049 -0.000067 0.000073 -0.000025 0.000103 -0.082629 -0.511587 0.142921 -0.000044 0.264929 0.463505 0.123808 0.343675 0.246737 -0.061749 0.068524 0.000014 0.108191 -0.468858 -0.152404 0.305290 0.409497 0.109609
-0.621659 0.000044 0.000107 0.000014 0.000509 -0.000011 -0.171268 0.398849 -0.358815 0.000094 -0.272755 0.276369 0.164265 0.103512 -0.090233 0.010949 0.182524 -0.000317 0.294356 0.072253 -0.140554 -0.055042 0.567628 0.302130
-0.086960 0.000126 -0.000002 0.000130 0.000346 -0.000063 -0.123799 0.060747 -0.095245 -0.000254 0.147074 0.565317 -0.164556 -0.284709 0.082482 -0.060093 0.138986 0.000059 0.255691 -0.670277 0.452008 0.255297 0.318698 0.262988
0.198198 -0.000064 0.000361 -0.000069 -0.000367 0.000176 0.160839 0.487978 0.021423 0.000033 0.267430 -0.446265 -0.444089 0.736120 0.339240 0.585786 0.223133 0.000100 0.354054 0.209609 0.127865 -0.750070 -0.142605 0.363406
0.376409 0.000054 0.000050 -0.000120 0.000489 0.000010 -0.121179 -0.098438 0.171178 0.000126 -0.075131 0.012807 -0.086373 -0.403761 -0.559815 0.126375 0.046404 0.000001 0.106504 0.264198 0.405283 0.295878 -0.173164 0.113379
0.065153 0.000133 -0.000098 -0.000020 0.000625 0.000142 0.328873 0.129171 -0.003765 -0.000117 -0.046230 -0.445247 -0.112165 -0.067887 -0.041087 -0.087521 0.074003 0.000010 0.143758 0.125135 -0.106749 0.156846 0.062874 0.151963
0.028803 0.000080 -0.000079 -0.000052 -0.000168 0.000195 0.244645 -0.481592 -0.455484 0.000248 0.241027 -0.100970 0.101882 0.590144 -0.547457 0.022734 0.210250 -0.000153 0.357427 0.069270 0.199452 0.384071 0.375165 0.371403
0.210536 -0.000185 -0.000029 -0.000131 -0.000177 -0.000047 -0.320527 0.258890 -0.073813 0.000113 -0.802887 0.266147 0.668157 0.013225 -0.459178 -0.236241 0.171994 -0.000415 0.289628 0.085852 -0.093521 -0.368660 -0.500542 0.288330
-0.428391 -0.000079 0.000076 -0.000036 0.000110 -0.000001 0.235121 -0.828986 0.500548 -0.000053 -0.330496 0.417208 -0.620126 -0.086166 0.206773 0.220761 0.019695 0.000049 0.048177 -0.015321 0.037231 0.116072 0.777823 0.050808
-0.208198 0.000051 -0.000026 0.000020 0.000556 -0.000076 0.287373 0.007022 -0.440330 0.000040 -0.043542 -0.631653 -0.546506 0.361172 0.476161 0.278167 0.001305 -0.000083 -0.006207 -0.089437 -0.206522 0.260934 0.096451 -0.006895
0.079247 -0.000109 -0.000106 0.000217 0.000690 -0.000064 0.480859 0.112916 -0.263110 -0.000045 0.059992 0.247871 0.787064 0.213088 0.103368 0.148740 0.024590 0.000094 0.044191 0.258453 -0.169617 -0.434626 -0.302084 0.045077
0.205078 -0.000108 0.000160 0.000244 0.000383 0.000026 -0.046539 0.756401 -0.183983 0.000025 -0.445981 -0.824288 -0.274814 -0.205877 -0.017011 -0.221678 0.104972 0.000069 0.196234 -0.051133 0.121886 0.288663 0.282399 0.204048
-0.032158 0.000146 -0.000199 0.000164 0.000426 -0.000098 0.228899 -0.003492 -0.166042 0.000107 0.044204 -0.278166 -0.036585 -0.240292 0.097007 0.329569 0.150488 0.000108 0.226873 0.309860 0.167424 0.063538 -0.288323 0.228205
0.379769 -0.000104 0.000031 -0.000022 0.000421 -0.000119 -0.578240 -0.580396 -0.047703 -0.000136 0.314858 -0.032468 0.615497 0.580293 -0.283474 0.040306 0.004952 0.000041 0.004998 0.190486 0.103432 0.069159 0.086056 0.004794
-0.144351 -0.000061 -0.000108 -0.000283 -0.000020 0.000125 -0.479584 -0.474438 -0.108758 0.000014 0.117195 0.182746 0.314187 0.133322 0.749475 -0.164582 0.013757 0.000097 0.063477 -0.389425 0.068895 0.123104 -0.040944 0.066985
0.091308 0.000034 0.000153 0.000218 0.000308 0.000059 0.070649 0.313589 -0.039258 -0.000094 0.165618 0.044964 -0.198088 0.037061 -0.136910 0.326078 0.070609 -0.000253 0.167729 -0.011725 -0.175429 0.188294 0.251251 0.175806
0.125589 0.000091 0.000351 0.000077 0.000355 -0.000014 0.070886 -0.299091 0.061680 0.000019 0.264949 0.082502 0.042517 -0.171504 0.255773 0.441834 0.027918 -0.000097 0.064010 0.130076 -0.046091 -0.644062 0.430231 0.065834
0.314378 0.000057 -0.000092 -0.000096 -0.000709 0.000115 -0.217337 0.106338 0.201532 0.000208 -0.209795 0.021737 0.142692 -0.237081 -0.121904 -0.153931 0.027266 -0.000051 0.052209 0.691564 0.253930 -0.310540 -0.456681 0.053252
0.141833 -0.000050 0.000133 -0.000077 0.000569 0.000248 0.075865 0.006452 -0.058476 -0.000020 0.232135 -0.001713 -0.269548 0.093619 0.240679 0.145706 0.038459 -0.000069 0.077108 -0.159429 -0.148749 -0.098774 0.128331 0.080513
0.276860 0.000191 0.000119 0.000065 -0.000055 0.000021 0.106981 -0.094535 0.016129 -0.000125 0.176372 -0.164993 0.042810 0.120234 -0.010120 -0.430199 0.080895 -0.000140 0.145147 0.718596 -0.251187 0.243801 -0.394750 0.151556
-0.018029 0.000157 0.000058 -0.000281 -0.000047 -0.000159 -0.023890 0.215582 -0.019635 -0.000019 0.115065 0.064734 0.050074 -0.049045 0.049250 -0.127663 -0.020579 0.000050 -0.067367 -0.103451 0.140385 -0.009270 0.081922 -0.069802
0.012737 0.000203 -0.000132 -0.000017 0.000430 0.000016 0.550610 -0.650983 -0.125949 -0.000131 -0.262751 0.030689 0.006408 -0.062669 0.236189 -0.168043 -0.030378 0.000383 -0.081270 0.131192 0.053400 0.282825 -0.279196 -0.085354
0.314152 -0.000163 0.000049 0.000131 0.000066 0.000015 -0.078329 -0.393209 0.186839 -0.000079 -0.239926 0.278063 -0.006513 -0.205036 -0.090665 -0.179283 0.098543 -0.000094 0.178301 0.326340 -0.090268 0.402545 -0.086494 0.181660
-0.349499 0.000157 -0.000401 -0.000061 0.000462 0.000041 -0.122426 -0.536965 0.435833 0.000005 -0.415337 -0.109500 0.032784 0.606894 0.231654 -0.189218 0.016717 0.000112 0.031146 -0.603296 -0.108220 0.407245 0.381130 0.030222
-0.066246 -0.000132 0.000110 0.000115 0.000466 -0.000103 -0.030361 -0.097637 0.245523 0.000185 -0.005808 0.367139 0.038970 0.060422 -0.254565 0.225968 0.036908 0.000108 0.092576 -0.197750 -0.242100 -0.006422 0.128074 0.090537
-0.344993 -0.000078 0.000255 -0.000117 0.000060 0.000063 0.625292 0.213745 0.109925 0.000022 0.311113 0.015976 0.372212 -0.388880 -0.104512 0.379041 0.061555 -0.000280 0.138218 0.202835 -0.144017 -0.093319 0.010585 0.138602
0.000048 -0.000254 0.000096 -0.000040 0.000075 -0.000133 -0.205224 0.249101 0.353551 0.000059 0.597660 -0.005198 0.175340 -0.186983 -0.014766 0.080822 0.068335 -0.000004 0.136175 0.100423 0.048270 0.212267 -0.139907 0.143243
0.207453 0.000034 0.000051 0.000029 0.000262 0.000056 0.135546 0.575264 -0.375233 -0.000208 0.122906 -0.248079 0.374011 0.306891 0.027480 0.494507 0.114492 0.000035 0.228025 -0.689442 -0.129425 -0.380174 0.108464 0.231270
-0.480724 -0.000054 -0.000229 0.000050 -0.000730 -0.000174 -0.393880 -0.062340 0.547199 -0.000032 0.330122 0.307539 -0.175724 0.400808 0.204393 -0.397286 0.043608 0.000157 0.075134 -0.213685 0.368277 0.464885 -0.422792 0.077519
0.338125 0.000031 0.000064 0.000165 0.000117 0.000010 -0.139569 0.016923 0.107849 -0.000111 0.415910 0.128695 -0.273277 0.026245 0.426534 -0.011226 0.046926 0.000021 0.094941 -0.180068 -0.359946 0.441336 0.151447 0.101742
-0.000531 0.000214 0.000029 0.000131 0.000314 0.000076 0.087664 0.255049 -0.064982 0.000161 -0.207789 0.178062 -0.287255 -0.148042 0.241230 0.337881 0.075035 -0.000102 0.150872 -0.056974 -0.374049 0.145602 0.145191 0.149529
-0.180433 0.000078 0.000178 0.000079 -0.000245 0.000033 -0.040503 0.094005 0.255652 0.000125 0.079104 0.312276 -0.009004 0.423067 -0.351064 0.148124 -0.003528 0.000033 -0.009571 0.382437 -0.440925 -0.410305 0.029715 -0.009507
-0.273333 0.000029 0.000137 -0.000020 -0.000146 -0.000097 -0.366398 -0.270557 0.005713 0.000114 -0.087211 -0.225039 0.571659 0.027114 -0.338823 0.510084 -0.033048 0.000090 -0.070369 -0.097742 0.251684 0.138828 0.159157 -0.072985
0.322243 -0.000287 0.000117 0.000051 0.000421 -0.000071 0.282291 -0.000721 -0.085453 -0.000215 -0.036576 -0.182692 -0.115936 -0.384588 0.239010 0.148225 0.001010 -0.000024 -0.024294 -0.087826 0.052745 -0.145535 0.220550 -0.026695
-0.649042 -0.000008 -0.000202 0.000122 -0.000088 0.000392 0.373277 -0.144879 -0.544716 0.000035 -0.176246 0.378909 0.394854 0.023080 -0.349745 0.460152 0.006211 0.000019 0.003914 0.053394 -0.341812 0.209843 -0.305598 0.003707
-0.403037 0.000017 0.000093 0.000097 -0.000276 0.000214 0.184085 0.315692 0.557092 0.000110 0.377618 -0.205267 0.192523 0.078973 -0.307526 -0.000850 -0.014909 0.000048 -0.035514 0.063555 0.166769 0.081994 -0.070403 -0.035054
0.766980 0.000130 0.000063 -0.000075 0.000787 0.000065 -0.019429 0.585827 0.160551 -0.000225 0.205462 0.092510 -0.623758 -0.088006 0.172983 -0.687820 0.084344 -0.000019 0.173258 -0.263282 -0.125998 0.759920 -0.077897 0.181522
-0.624362 -0.000145 -0.000008 -0.000060 -0.000000 -0.000040 0.593581 -0.374663 0.289546 0.000155 -0.341906 -0.474372 -0.141734 0.483128 -0.176456 -0.092838 0.024779 -0.000091 0.087957 0.442012 -0.514227 0.545165 -0.305442 0.096095
0.180330 0.000067 -0.000048 0.000213 -0.000076 -0.000095 -0.300855 -0.364382 0.343742 0.000236 -0.119208 0.205269 0.350345 -0.253390 0.372029 0.172710 0.003442 0.000229 0.003120 -0.168485 -0.081529 0.034681 -0.034801 0.002855
-0.046969 0.000116 -0.000063 0.000229 -0.000097 0.000070 -0.365652 -0.594686 0.121334 0.000230 0.007006 -0.299137 0.396459 -0.407992 -0.004394 0.104125 0.101603 0.000079 0.195731 -0.170391 0.501471 0.213010 0.543340 0.205454
0.276438 0.000061 -0.000213 0.000061 0.000149 -0.000196 -0.340830 0.042472 0.058327 0.000076 0.192496 -0.166005 0.226397 -0.104647 -0.050282 0.251282 0.087287 -0.000245 0.172474 0.482615 0.025261 0.026675 0.022089 0.178805
0.321998 0.000054 0.000070 -0.000094 -0.000206 -0.000198 0.703817 0.048923 -0.177322 -0.000033 -0.661312 -0.166447 -0.371387 -1.027173 0.124416 0.167666 0.070980 -0.000024 0.113353 0.530708 -0.480256 0.158665 -0.210115 0.111927
-0.545338 0.000048 0.000068 -0.000069 0.000710 -0.000074 0.180416 0.026682 0.240293 0.000020 -0.479284 0.135853 0.248152 0.083034 0.306098 0.162915 0.011447 -0.000140 0.020002 -0.001993 -0.253397 -0.028509 -0.233904 0.022516
0.129607 -0.000120 0.000001 0.000084 -0.000051 0.000122 -0.046281 0.261211 0.146798 0.000124 0.146758 0.174599 -0.245504 0.789680 0.135229 -0.319618 0.062878 -0.000127 0.128106 0.189461 -0.214072 0.036873 -0.210026 0.132941
0.829468 0.000238 -0.000146 -0.000075 -0.000083 0.000207 -0.352008 -0.473712 -0.442014 -0.000037 -0.367509 -0.071909 0.111141 -0.172039 0.152907 0.529398 0.176478 -0.000136 0.307988 -0.191710 -0.355610 0.399157 -0.243789 0.313912
0.276040 0.000188 0.000036 0.000138 0.000685 -0.000006 -0.227694 -0.216880 0.152148 0.000054 0.250264 -0.031777 -0.228487 0.169299 0.125982 -0.052299 0.152110 -0.000157 0.281748 -0.175975 0.015894 0.786497 0.234487 0.287885
0.298912 0.000034 -0.000042 -0.000035 0.000253 0.000165 -0.276505 0.405741 -0.304048 0.000022 -0.073227 -0.312211 -0.017270 0.150687 -0.085922 0.075019 0.162759 0.000104 0.266880 0.129330 0.192318 0.128285 -0.458719 0.279619
0.322455 0.000104 0.000188 -0.000293 0.000426 -0.000046 -0.136165 0.030266 -0.459707 0.000130 -0.609711 0.257553 0.015076 0.014332 0.206561 -0.036714 0.121929 -0.000043 0.186964 -0.148966 0.220908 -0.273135 0.233993 0.190086
-0.175913 0.000059 0.000048 0.000271 0.000317 -0.000019 0.651373 0.058333 -0.189769 0.000129 -0.053936 -0.446235 -0.454493 -0.159863 -0.006582 -0.011956 0.164022 0.000019 0.272122 -0.146740 -0.322069 0.376048 0.446302 0.285356
0.056193 -0.000115 -0.000352 0.000020 0.000325 -0.000003 0.081273 0.035679 -0.137364 -0.000250 0.225960 0.028199 -0.019088 -0.285606 0.059857 0.740198 0.008579 -0.000307 0.008301 -0.030621 0.019651 -0.110348 0.008740 0.008183
0.286443 -0.000094 -0.000050 0.000018 0.000116 -0.000035 -0.011333 -0.012969 -0.010742 -0.000108 -0.351098 -0.052488 -0.118434 0.090710 0.107809 0.099749 0.003356 -0.000084 0.015538 0.086667 0.018166 -0.273475 0.128766 0.017809
0.070778 0.000089 -0.000114 0.000034 -0.000647 -0.000191 -0.218796 -0.118341 -0.321532 -0.000018 0.034339 -0.022274 0.616237 0.248838 0.229053 0.967262 0.089160 -0.000406 0.151994 -0.141707 -0.430787 -0.157638 -0.296509 0.156492
0.046350 -0.000173 -0.000175 -0.000069 0.000436 -0.000212 0.141696 0.124696 -0.026980 -0.000079 -0.709777 0.209028 0.119577 0.096980 -0.499589 0.178894 0.042370 -0.000154 0.084918 -0.719005 -0.092841 -0.230589 -0.180014 0.084540
0.054065 -0.000000 -0.000081 -0.000018 -0.000137 -0.000029 -0.075737 -0.103139 0.044285 -0.000365 -0.375114 -0.090767 -0.206177 -0.049638 0.516119 0.115662 0.127556 0.000040 0.248084 -0.158597 0.051937 0.061613 -0.124232 0.253823
-0.498869 -0.000013 -0.000001 -0.000079 -0.000158 0.000157 -0.248886 -0.221970 0.338709 -0.000173 -0.204048 -0.317423 0.088044 -0.046357 -0.055268 0.223156 0.131401 0.000157 0.251980 0.252969 0.459146 -0.119215 0.272423 0.263859
-0.069357 0.000040 -0.000063 -0.000078 -0.000166 -0.000086 0.322370 -0.025038 0.193238 0.000025 -0.429119 0.356076 0.006870 -0.380203 -0.502010 0.520859 0.259455 0.000030 0.458801 -0.328540 -0.098041 0.096087 0.596413 0.472317
0.125738 0.000037 -0.000031 0.000063 -0.000189 0.000083 0.249754 0.430834 0.122800 -0.000176 0.476208 0.427737 -0.186065 -0.629788 -0.029457 -0.207465 0.035765 0.000001 0.072062 0.506825 0.028430 -0.501640 0.181539 0.076261
-0.447695 0.000003 -0.000045 0.000173 0.000665 -0.000095 -0.050271 -0.074765 0.428850 0.000243 -0.638062 0.085421 -0.093031 -0.322598 0.620886 0.107619 0.058219 0.000112 0.100541 0.234838 -0.326068 -0.430520 -0.475902 0.104087
-0.222394 -0.000201 0.000000 -0.000040 0.000100 0.000152 0.662832 0.159733 0.225101 -0.000094 0.027839 -0.375560 -0.060858 0.039783 0.174424 -0.380557 0.143267 -0.000131 0.234066 0.159805 0.185509 -0.135081 0.044611 0.240853
0.168652 -0.000101 0.000100 0.000300 0.000760 -0.000140 0.478141 -0.077297 0.085034 -0.000132 0.999278 -0.304871 -0.026398 0.384250 0.131785 0.303805 0.143537 0.000109 0.231922 0.023133 -0.321062 0.108160 0.071553 0.241483
0.351848 -0.000333 -0.000115 0.000006 0.000052 -0.000087 -0.557154 0.614272 0.357348 0.000108 -0.028447 0.038873 0.155301 0.141446 -0.362288 0.187041 0.171798 0.000114 0.346112 -0.133512 -0.188246 0.070475 -0.172264 0.360987
0.731021 -0.000070 0.000024 0.000095 0.000283 -0.000308 -0.054197 0.163811 -0.064290 0.000235 0.211185 -0.225814 -0.037517 0.194068 -0.464680 0.248138 0.155776 -0.000127 0.313043 -0.295033 -0.477760 0.284570 0.449000 0.326907
0.109744 -0.000150 -0.000072 0.000153 -0.000024 0.000222 0.515340 -0.239692 0.013571 -0.000363 0.697938 -0.125833 0.487785 0.179220 0.019327 -0.542687 0.075693 0.000067 0.157929 0.208556 -0.147532 0.220571 0.469571 0.164213
0.335965 -0.000118 -0.000031 -0.000073 0.000394 -0.000070 -0.075921 -0.139901 0.436893 0.000193 0.481789 0.442737 0.437691 -0.459337 0.268296 -0.374190 0.051852 0.000054 0.098223 0.237203 -0.276164 -0.156564 0.217218 0.101953
-0.046047 -0.000055 0.000076 0.000047 0.000361 0.000003 0.034609 0.068758 -0.024058 0.000140 -0.349953 -0.456407 0.865158 0.328656 -0.085396 -0.027164 0.010549 -0.000058 0.020637 -0.046051 0.117780 -0.575779 -0.403802 0.025381
0.085896 0.000148 0.000110 0.000185 0.000593 0.000209 0.142774 -0.136040 0.269365 0.000052 -0.096823 0.377255 -0.152900 -0.078018 -0.134971 0.057796 0.030466 0.000024 0.087518 -0.081090 -0.278085 0.194730 -0.051967 0.083785
-0.288534 0.000068 -0.000111 0.000135 0.000166 -0.000220 -0.249026 -0.256811 -0.204885 0.000154 -0.400922 0.294040 -0.047250 0.109626 0.457931 0.285189 0.026277 0.000340 0.090023 0.420077 -0.234715 -0.053452 -0.474788 0.092934
0.057242 -0.000164 0.000103 0.000099 0.000118 0.000076 0.432823 0.055945 -0.111927 0.000061 -0.616374 -0.206041 -0.191680 0.229897 -0.022055 0.085471 0.109001 0.000057 0.226506 0.233652 -0.291378 0.079741 -0.561487 0.233946
0.244025 0.000103 -0.000089 0.000002 0.000519 -0.000193 0.078735 -0.300525 0.236203 -0.000230 0.345864 -0.082749 -0.077609 0.287623 -0.136943 0.357997 0.025080 0.000041 0.091386 -0.589632 0.062443 -0.006811 0.073317 0.098358
-0.010795 0.000078 -0.000111 -0.000068 0.000206 -0.000051 -0.388197 0.616224 -0.100337 0.000048 0.210763 0.457832 0.796048 -0.773011 0.277911 -0.249495 0.097108 0.000277 0.223206 -0.620737 0.172877 0.046513 0.319741 0.226744
0.178989 0.000092 -0.000205 0.000057 0.000052 0.000316 0.519171 0.359977 0.447618 0.000080 0.008360 -0.235625 0.128304 0.189562 0.130511 -0.372744 0.127791 -0.000043 0.233498 -0.332468 -0.342656 -0.325371 -0.031186 0.241716
0.133092 0.000057 0.000269 -0.000130 0.000225 0.000079 -0.130134 -0.521286 0.584608 -0.000004 -0.225063 0.079437 0.440151 0.017306 -0.259778 -0.127592 0.025425 -0.000142 0.046109 0.127195 0.655912 -0.489290 -0.380688 0.054127
-0.251586 0.000043 -0.000087 0.000170 0.000199 -0.000002 -0.059475 -0.086122 -0.155375 -0.000001 0.019112 0.153121 0.284475 -0.283499 0.602463 -0.122051 0.098578 -0.000004 0.202096 -0.159801 0.046316 0.023402 -0.012380 0.208355
0.174078 0.000180 0.000203 0.000157 -0.000016 -0.000463 0.609522 0.057910 0.048695 -0.000402 0.085033 -0.193689 -0.386091 -0.242950 0.328044 0.466604 0.161308 0.000047 0.265444 0.242909 0.356597 -0.100321 -0.248181 0.273331
0.206054 0.000127 0.000113 -0.000148 -0.000151 -0.000209 -0.244705 0.211959 -0.107226 0.000123 -0.715094 0.516684 -0.227815 0.268388 -0.091359 -0.100875 0.113876 -0.000106 0.218274 -0.130839 -0.159925 -0.082945 -0.417211 0.220617
0.165086 0.000039 0.000252 -0.000022 -0.000105 0.000192 0.488437 -0.100002 0.433401 -0.000110 -0.254457 -0.613744 0.037949 0.144973 0.164664 0.414528 0.031314 0.000008 0.060540 -0.274086 -0.349266 0.112442 -0.410489 0.062156
0.147524 0.000197 0.000096 0.000102 0.000024 0.000168 -0.369273 0.650308 -0.501166 0.000092 -0.099474 -0.367492 -0.346154 0.451675 -0.221884 -0.111052 0.004789 -0.000112 0.007770 0.228852 -0.153542 0.274809 0.288109 0.012652
-0.518763 -0.000013 -0.000005 -0.000164 -0.000231 -0.000289 0.169896 0.153348 0.732414 -0.000105 -0.061788 -0.000314 0.088304 0.299714 -0.668967 0.092392 0.056385 0.000004 0.162900 -0.397175 -0.137502 0.084848 0.178354 0.173183
-0.254510 0.000023 0.000345 -0.000102 0.000355 -0.000190 -0.292387 -0.130194 0.172819 -0.000111 -0.259892 0.057348 0.029263 -0.268527 0.365392 -0.279436 0.008535 0.000118 0.035445 0.062057 0.524980 -0.216155 0.122990 0.031664
0.102080 0.000016 0.000125 -0.000019 0.000274 0.000193 -0.038310 -0.399006 -0.209537 -0.000014 -0.473824 0.195538 0.051417 0.206954 -0.413305 -0.313803 0.020385 -0.000135 0.050086 0.240538 0.697438 -0.042128 -0.035696 0.052164
0.393917 -0.000003 -0.000052 0.000127 -0.000300 -0.000298 0.670287 0.130862 -0.435686 0.000061 0.125613 -0.017570 0.340429 -0.038905 0.298824 -0.172047 0.118153 -0.000047 0.206207 0.057780 -0.316283 -0.216242 -0.357968 0.218369
0.397954 -0.000049 -0.000079 -0.000047 -0.000191 0.000153 0.419909 0.121444 0.187554 -0.000121 -0.162786 -0.425532 -0.268256 -0.061620 -0.399756 0.022267 0.139073 -0.000117 0.260971 0.222002 0.440437 -0.341569 -0.377076 0.277356
-0.211374 0.000081 0.000079 -0.000176 -0.000178 -0.000015 -0.248385 0.414243 0.254914 -0.000056 0.314728 0.768343 -0.632094 0.038583 0.230086 -0.076075 0.046540 -0.000163 0.095026 0.083489 -0.008144 0.126462 -0.169401 0.096422
0.108642 -0.000021 0.000105 0.000230 -0.000281 0.000043 -0.125968 0.198789 0.000543 0.000069 -0.443337 -0.401004 -0.000135 0.091296 0.254172 -0.033890 0.026790 0.000059 0.052108 -0.167278 0.337583 -0.276431 -0.314318 0.052713
-0.245984 -0.000150 -0.000203 0.000002 -0.000368 -0.000381 -0.119391 0.285204 -0.259855 0.000221 0.367287 -0.062738 0.173465 0.111194 -0.286459 0.708414 0.047576 0.000058 0.140328 -0.026971 -0.095780 0.070314 0.376093 0.148317
-0.329105 0.000173 -0.000204 -0.000231 -0.000100 0.000202 0.012593 0.180691 0.149197 0.000074 -0.298557 -0.538001 0.314573 -0.254176 0.192481 -0.132656 0.002243 -0.000084 0.002153 -0.233675 -0.292856 0.337728 0.489467 0.002324
-0.411109 -0.000020 -0.000047 -0.000136 0.000056 -0.000002 -0.269290 -0.291283 -0.239471 0.000028 0.045390 -0.278019 0.296823 0.388821 -0.249857 -0.056537 0.001509 0.000230 -0.001691 0.708117 -0.061423 -0.100496 0.495267 -0.002163
0.506997 -0.000392 -0.000016 0.000000 0.000222 0.000148 -0.324477 -0.108501 0.119362 -0.000169 0.405117 -0.293936 0.464610 0.018801 0.122269 -0.060565 0.078278 -0.000157 0.142794 -0.250082 0.267159 0.002582 0.184396 0.146807
-0.702389 -0.000068 -0.000100 -0.000065 0.000012 -0.000070 0.466363 -0.199626 0.386511 0.000236 -0.104132 -0.131239 0.425182 0.137792 -0.161799 -0.026725 -0.056815 0.000249 -0.162684 0.416804 -0.052356 -0.134887 -0.473869 -0.168777
-0.480559 -0.000153 -0.000057 -0.000029 0.000562 0.000383 -0.147909 0.335086 -0.003787 -0.000139 -0.061755 -0.017162 0.114142 -0.332396 0.083407 0.090035 0.005103 -0.000039 0.004493 0.586250 0.726948 -0.250306 -0.290017 0.004332
0.390411 0.000078 -0.000177 -0.000065 -0.000318 -0.000030 0.029036 0.019543 -0.225729 -0.000112 0.035964 -0.500056 -0.928316 0.441630 0.496354 0.127320 -0.004793 0.000052 -0.010120 0.145954 -0.017642 -0.038642 0.007818 -0.010877
0.399169 -0.000054 -0.000073 0.000051 -0.000069 -0.000026 -0.271572 0.385838 -0.104766 0.000119 -0.516102 -0.302122 -0.203331 -0.307858 0.442793 0.189496 0.079164 -0.000018 0.148011 0.257660 -0.343125 -0.388357 0.210181 0.153909
-0.070617 -0.000098 -0.000025 0.000102 -0.000112 0.000102 -0.218218 0.053667 0.199217 0.000046 0.308071 -0.346945 0.137796 0.181295 -0.084265 0.168711 -0.009786 -0.000097 -0.082020 -0.364913 0.039018 0.116703 0.171448 -0.077677
0.038429 0.000060 0.000109 0.000056 0.000206 0.000246 0.118451 0.402078 -0.410542 0.000114 0.442620 -0.457471 0.205908 0.105210 0.090198 0.320486 -0.002540 -0.000095 -0.026640 -0.442652 0.369959 -0.195985 0.362061 -0.028335
0.062089 -0.000079 0.000096 0.000048 0.000592 -0.000028 0.075329 -0.312630 -0.078053 0.000027 0.118303 0.561914 0.193981 0.370420 0.018119 -0.395647 0.042046 -0.000029 0.127703 -0.066795 -0.144046 -0.015699 0.014233 0.128839
0.332579 -0.000114 0.000161 0.000163 0.000516 -0.000098 0.553237 0.107289 0.664196 0.000076 0.292970 -0.317926 0.173563 0.120305 -0.481253 -0.300682 0.017450 0.000122 0.019423 0.089913 -0.001163 -0.919025 -0.177032 0.019233
0.576267 0.000112 0.000056 -0.000233 0.000470 -0.000171 -0.157035 0.289605 0.288646 0.000135 0.434170 0.205395 -0.078389 -0.186115 -0.175835 0.541827 -0.030538 -0.000015 -0.078681 -0.148933 -0.684044 -0.008867 0.164696 -0.082244
0.380337 0.000018 0.000127 0.000026 0.000693 0.000270 -0.703706 0.170003 0.308340 -0.000090 0.319941 -0.026698 -0.333196 0.691077 -0.459647 0.245105 -0.011842 -0.000242 -0.014220 -0.175530 0.853088 -0.186690 -0.405494 -0.011702
