0.000063 -0.000020 -0.000197 -0.000030 -0.000099 -0.000085 0.000020 -0.000014 0.000198 -0.000008 0.000645 -0.249262 -0.000377 -0.000021 0.000029 0.000011 -0.000012 0.169110 0.000009 -0.000015 0.000596 0.000005 0.125228 0.000595 -0.000094
0.000029 0.000002 -0.000043 0.000032 -0.000059 -0.000040 -0.000034 0.000000 0.000034 -0.000016 -0.048243 -0.162876 -0.000425 0.000016 -0.000012 -0.000061 0.000009 0.211328 -0.000008 -0.000048 -0.000909 -0.000022 0.172218 -0.001246 -0.000047
-0.000026 -0.000006 -0.000054 -0.000028 0.000044 -0.000072 -0.000082 0.000018 0.000097 0.000032 -0.238889 -0.206088 -0.000321 0.000063 0.000035 -0.000012 0.000013 0.170439 0.000027 0.000008 0.017818 -0.000006 0.154611 0.001406 -0.000009
-0.000048 -0.000036 -0.000044 0.000006 0.000006 -0.000003 0.000030 0.000027 0.000125 -0.000012 -0.036971 -0.139535 -0.000306 -0.000012 0.000019 -0.000087 0.000001 0.001537 -0.000016 -0.000021 0.002195 0.000028 0.293950 0.002194 -0.000018
-0.000027 0.000055 0.000096 -0.000111 -0.000132 0.000036 -0.000083 0.000020 -0.000033 -0.000004 -0.207112 -0.087879 -0.000299 -0.000004 -0.000003 -0.000018 -0.000031 -0.016730 -0.000014 0.000006 0.039282 -0.000024 0.239087 0.003333 -0.000098
0.000038 0.000017 -0.000096 0.000020 0.000049 -0.000009 -0.000002 0.000029 0.000024 0.000034 -0.137716 -0.018427 -0.000695 0.000018 0.000001 0.000012 -0.000007 0.046810 -0.000034 -0.000022 -0.001087 0.000011 0.169151 0.029647 -0.000015
-0.000103 -0.000049 0.000039 0.000005 0.000032 -0.000002 -0.000083 0.000047 0.000140 -0.000020 0.016560 0.158243 -0.000465 0.000035 0.000021 -0.000006 0.000031 0.000175 -0.000023 -0.000003 0.000018 -0.000011 0.127421 -0.000120 0.000136
0.000035 -0.000015 -0.000129 0.000038 -0.000001 -0.000037 0.000073 -0.000019 0.000163 0.000044 0.090969 0.192251 -0.000368 0.000062 -0.000020 -0.000025 0.000049 -0.006499 0.000010 -0.000012 0.076858 0.000016 -0.028742 0.052681 0.000017
0.000012 0.000017 -0.000101 -0.000021 -0.000160 0.000005 -0.000039 0.000029 0.000138 -0.000019 -0.143620 0.196347 -0.000257 -0.000042 0.000030 0.000008 -0.000008 0.038874 0.000014 0.000026 0.123073 -0.000020 -0.299266 0.124575 -0.000007
-0.000108 -0.000003 -0.000059 -0.000020 -0.000075 0.000030 0.000010 -0.000026 0.000095 -0.000010 -0.117414 0.314475 -0.000648 0.000058 -0.000000 -0.000012 -0.000002 0.122715 -0.000049 -0.000036 0.149057 -0.000010 -0.270027 0.120752 -0.000008
0.000212 -0.000062 -0.000122 -0.000016 -0.000158 -0.000002 -0.000022 -0.000025 0.000206 0.000022 -0.037580 0.527604 -0.000276 -0.000016 0.000029 0.000026 0.000019 0.041429 -0.000010 -0.000071 0.109787 0.000032 -0.424282 0.100929 0.000070
-0.000106 0.000003 -0.000064 0.000033 0.000004 -0.000085 -0.000010 -0.000031 0.000021 -0.000021 -0.081074 0.441282 -0.000277 0.000077 -0.000022 0.000054 -0.000013 0.280871 0.000023 -0.000058 0.088011 0.000007 -0.230500 0.072473 0.000069
-0.000048 -0.000027 -0.000086 0.000035 -0.000070 -0.000009 0.000038 0.000009 -0.000016 -0.000067 -0.213437 0.176838 -0.000325 0.000061 -0.000003 -0.000027 0.000005 0.108797 0.000028 0.000015 0.119358 0.000017 -0.297507 0.090014 0.000078
-0.000048 -0.000012 0.000019 0.000010 -0.000049 -0.000008 0.000028 -0.000016 0.000036 0.000015 -0.152196 0.186707 -0.000123 -0.000078 -0.000034 -0.000014 0.000014 0.253838 0.000028 0.000010 0.064304 0.000057 -0.228499 0.033758 0.000035
-0.000106 -0.000056 0.000045 0.000047 0.000036 -0.000009 -0.000007 -0.000067 0.000089 -0.000012 -0.017122 0.004774 -0.000279 -0.000022 0.000030 0.000026 0.000058 0.245652 0.000022 0.000047 0.046546 -0.000028 -0.183718 0.015827 0.000072
0.000065 0.000033 -0.000106 -0.000028 0.000054 -0.000036 -0.000072 -0.000036 0.000071 0.000009 -0.019878 -0.078900 -0.000790 -0.000039 -0.000038 -0.000090 -0.000003 0.221603 0.000026 0.000011 0.000167 -0.000054 -0.070177 0.000172 0.000067
0.000120 -0.000015 0.000012 0.000023 -0.000095 0.000023 -0.000086 -0.000018 0.000021 -0.000004 -0.071307 -0.112951 -0.000783 -0.000017 0.000032 -0.000028 0.000074 0.238557 -0.000018 -0.000027 0.038712 0.000093 0.032241 0.018914 0.000076
-0.000080 0.000019 -0.000111 0.000053 -0.000003 -0.000036 0.000082 -0.000049 0.000040 0.000068 -0.054771 -0.211564 -0.000236 0.000028 0.000015 -0.000091 0.000027 0.113424 0.000025 -0.000012 0.034992 0.000008 -0.067086 0.023541 -0.000087
-0.000277 0.000027 0.000011 -0.000001 0.000064 -0.000021 0.000049 -0.000001 0.000125 0.000008 0.085053 -0.266460 -0.000346 0.000017 0.000003 -0.000003 -0.000003 0.133919 0.000015 0.000041 0.021961 -0.000029 -0.209680 0.032329 0.000039
0.000051 0.000018 -0.000080 -0.000055 -0.000079 -0.000071 -0.000072 0.000010 -0.000065 -0.000011 0.082213 -0.218060 -0.000276 0.000007 -0.000014 0.000037 0.000102 0.110306 -0.000033 0.000051 0.006108 -0.000038 -0.065354 0.024315 -0.000066
0.000196 0.000033 -0.000122 -0.000043 0.000046 0.000008 0.000016 0.000028 0.000026 0.000031 0.425324 -0.114445 -0.000580 0.000045 0.000013 0.000038 -0.000006 0.143805 -0.000025 -0.000066 0.003997 -0.000016 0.014478 0.002186 0.000037
-0.000069 0.000008 0.000027 -0.000015 -0.000195 -0.000052 0.000027 0.000035 0.000088 0.000037 0.536472 -0.145255 -0.000479 0.000069 -0.000008 0.000031 -0.000021 0.099378 0.000014 -0.000046 0.022123 0.000012 -0.043622 0.023368 -0.000010
0.000038 -0.000017 -0.000076 -0.000016 -0.000091 -0.000040 -0.000038 -0.000064 0.000107 -0.000010 0.468790 -0.366944 -0.000365 0.000018 0.000004 -0.000032 0.000002 -0.040572 0.000025 0.000010 0.093714 -0.000018 0.013247 0.092512 -0.000077
-0.000136 -0.000027 -0.000081 -0.000116 -0.000021 -0.000014 0.000047 0.000008 0.000070 0.000016 0.452619 -0.679004 -0.000337 -0.000069 -0.000043 -0.000030 -0.000102 -0.182360 -0.000013 -0.000024 0.129741 -0.000028 -0.058153 0.142986 -0.000082
-0.000000 -0.000050 -0.000045 0.000008 -0.000075 -0.000059 0.000055 0.000043 -0.000034 -0.000010 0.561293 -0.787933 -0.000435 0.000026 0.000000 -0.000014 -0.000003 -0.142319 -0.000019 0.000012 0.034019 -0.000054 0.264436 0.062987 -0.000048
-0.000023 -0.000063 0.000061 -0.000021 0.000062 0.000061 0.000021 -0.000025 0.000021 -0.000023 0.514121 -0.584986 -0.000500 -0.000010 0.000018 -0.000028 -0.000071 -0.137859 0.000012 -0.000028 -0.059123 -0.000001 0.444226 -0.045633 0.000081
-0.000331 0.000051 -0.000112 -0.000067 -0.000197 0.000039 0.000030 0.000038 0.000194 0.000067 0.558229 -0.683472 -0.000454 0.000042 0.000020 -0.000029 -0.000032 -0.167907 -0.000009 -0.000013 -0.105584 0.000040 0.632530 -0.057687 -0.000015
-0.000168 -0.000034 0.000083 -0.000027 -0.000074 0.000027 -0.000080 0.000076 0.000002 -0.000012 0.459228 -0.711414 -0.000613 0.000031 -0.000022 -0.000023 0.000001 -0.122104 -0.000013 -0.000012 -0.062215 -0.000095 0.567806 -0.035889 0.000065
-0.000076 0.000007 -0.000088 0.000036 -0.000233 0.000000 -0.000053 -0.000065 0.000102 0.000026 0.336457 -0.426205 -0.000361 -0.000021 -0.000000 0.000018 -0.000004 -0.163108 0.000004 0.000015 0.012889 -0.000018 0.309292 0.022365 -0.000012
0.000097 0.000017 0.000047 -0.000017 0.000020 -0.000003 -0.000082 0.000021 0.000078 0.000016 0.249738 -0.408735 -0.000874 0.000023 -0.000007 0.000102 0.000062 -0.151836 -0.000023 0.000007 0.002555 -0.000015 0.126175 0.002888 -0.000111
0.000396 -0.000050 0.000154 -0.000024 -0.000183 0.000053 0.000039 0.000028 0.000106 0.000034 0.417881 -0.069285 -0.000419 -0.000028 -0.000015 0.000052 0.000018 -0.142485 0.000013 -0.000036 -0.003865 0.000009 0.022745 -0.003915 -0.000078
0.000000 0.000023 -0.000112 -0.000058 -0.000133 0.000016 -0.000007 0.000003 0.000008 0.000021 0.350998 0.148603 -0.000784 -0.000041 -0.000009 0.000009 0.000057 -0.072766 -0.000023 0.000050 -0.002929 0.000014 0.021450 -0.003151 -0.000162
0.000140 0.000033 -0.000083 0.000019 -0.000045 0.000059 -0.000040 -0.000016 0.000132 0.000010 0.181154 0.098591 -0.000713 0.000015 -0.000001 0.000043 0.000066 -0.283861 -0.000016 0.000049 0.052513 -0.000027 -0.182723 0.088486 0.000025
0.000012 0.000029 -0.000101 0.000027 -0.000037 0.000003 -0.000003 0.000012 0.000143 0.000005 0.035255 0.213375 -0.000992 -0.000031 -0.000009 -0.000004 0.000027 -0.470448 -0.000013 0.000015 0.102179 0.000000 -0.251481 0.079922 0.000063
-0.000001 -0.000033 -0.000179 0.000024 0.000026 0.000013 -0.000047 0.000021 0.000119 -0.000014 0.335331 0.250735 -0.000768 0.000024 -0.000015 -0.000087 -0.000020 -0.423167 0.000018 -0.000015 0.070804 0.000040 -0.330867 0.076988 -0.000012
-0.000195 0.000017 0.000036 -0.000088 -0.000009 0.000054 -0.000068 -0.000037 -0.000013 0.000017 0.373576 0.453807 -0.000678 0.000015 -0.000001 -0.000011 0.000007 -0.405880 0.000009 -0.000020 0.011393 -0.000019 -0.318570 0.057961 -0.000103
0.000083 -0.000029 -0.000155 0.000012 -0.000182 0.000002 0.000078 0.000041 0.000100 0.000039 0.365452 0.357445 -0.000889 -0.000028 -0.000016 -0.000013 -0.000014 -0.292949 0.000044 -0.000056 0.061757 0.000020 -0.205545 0.043062 0.000025
0.000102 -0.000033 -0.000094 -0.000057 -0.000075 0.000023 0.000042 0.000049 0.000108 -0.000012 0.250208 0.346286 -0.000772 0.000008 -0.000008 0.000036 0.000026 -0.263851 -0.000031 0.000074 0.104296 -0.000011 -0.316434 0.057773 -0.000002
-0.000064 -0.000003 -0.000044 0.000084 -0.000186 -0.000013 -0.000047 0.000071 0.000053 -0.000014 0.016706 0.403325 -0.001061 0.000052 -0.000016 0.000018 -0.000027 -0.243734 0.000042 -0.000026 0.176255 -0.000014 -0.257117 0.161016 -0.000005
0.000038 -0.000003 -0.000002 0.000019 -0.000110 -0.000060 -0.000035 -0.000046 -0.000009 -0.000010 -0.186260 0.450199 -0.000754 0.000017 0.000034 0.000018 -0.000017 -0.165013 -0.000029 0.000028 0.175612 -0.000003 -0.245848 0.200863 -0.000038
-0.000133 -0.000046 -0.000049 -0.000065 0.000050 0.000002 -0.000108 0.000018 0.000006 -0.000035 -0.348454 0.443995 -0.000708 -0.000018 -0.000015 -0.000006 0.000012 0.012540 -0.000013 -0.000024 0.185413 0.000022 -0.282508 0.144164 0.000004
0.000030 0.000050 -0.000073 0.000127 0.000077 -0.000031 -0.000015 0.000039 -0.000032 0.000002 -0.299940 0.782436 -0.000858 -0.000022 0.000011 0.000064 -0.000057 0.109666 0.000003 -0.000037 0.181572 -0.000043 -0.397224 0.142912 0.000146
-0.000167 -0.000073 0.000041 -0.000009 -0.000171 0.000019 0.000037 0.000064 0.000031 0.000009 -0.450248 0.702373 -0.000902 -0.000042 0.000002 0.000045 0.000017 0.131188 -0.000004 -0.000011 0.165822 -0.000013 -0.193588 0.150841 0.000146
-0.000006 0.000033 -0.000125 0.000035 -0.000088 0.000002 -0.000022 0.000027 0.000023 0.000019 -0.423989 0.774012 -0.000373 -0.000041 0.000013 0.000016 -0.000009 -0.000003 0.000025 0.000011 0.208340 0.000012 -0.094671 0.181884 -0.000026
-0.000042 0.000121 -0.000035 -0.000057 0.000010 -0.000011 -0.000016 0.000128 0.000110 -0.000035 -0.287018 0.657888 -0.000548 -0.000003 0.000009 0.000005 -0.000015 -0.112692 0.000013 -0.000024 0.197006 0.000021 -0.073189 0.215385 0.000007
0.000211 0.000055 0.000032 -0.000003 -0.000174 0.000004 0.000053 -0.000000 0.000040 -0.000007 -0.009221 0.532919 -0.000221 -0.000101 0.000022 -0.000011 -0.000058 -0.100413 0.000041 -0.000038 0.157965 -0.000075 -0.120445 0.177808 0.000007
-0.000107 -0.000026 -0.000149 -0.000033 -0.000053 -0.000021 0.000016 -0.000016 0.000139 0.000014 0.001970 0.440692 -0.000830 -0.000036 -0.000023 0.000007 -0.000013 -0.106457 -0.000023 -0.000029 0.115965 -0.000048 -0.243012 0.099001 -0.000011
0.000011 -0.000029 -0.000016 -0.000007 -0.000125 -0.000067 0.000030 0.000018 -0.000051 0.000025 0.053285 0.344979 -0.000916 -0.000079 0.000030 -0.000009 0.000006 -0.113328 0.000002 0.000018 0.060223 0.000070 -0.202640 0.038734 -0.000039
-0.000027 0.000015 -0.000006 0.000046 -0.000063 0.000014 -0.000044 0.000017 0.000027 -0.000003 0.063877 0.229828 -0.000760 0.000063 0.000009 0.000012 -0.000005 -0.036753 0.000011 -0.000023 -0.000380 -0.000005 -0.331788 0.005077 0.000061
-0.000190 0.000016 -0.000099 -0.000035 -0.000149 0.000014 0.000073 -0.000004 -0.000008 0.000039 -0.247597 0.156076 -0.000482 -0.000021 -0.000003 0.000028 -0.000013 0.014801 0.000011 0.000015 -0.000693 0.000022 -0.221922 0.003558 -0.000023
-0.000089 -0.000078 -0.000083 -0.000114 -0.000007 0.000018 0.000111 -0.000051 0.000195 0.000009 -0.180914 -0.233243 -0.000824 0.000070 0.000028 0.000029 0.000011 0.113464 -0.000039 -0.000029 -0.061763 0.000056 -0.118057 -0.026996 0.000049
-0.000216 0.000015 -0.000075 -0.000011 -0.000195 0.000016 0.000043 0.000022 0.000019 -0.000014 -0.088565 -0.214460 -0.000330 0.000020 0.000010 0.000039 -0.000001 0.075264 -0.000024 0.000054 -0.039843 -0.000069 0.119954 -0.096558 -0.000027
0.000072 -0.000046 -0.000095 0.000035 0.000034 -0.000068 -0.000018 0.000024 0.000065 -0.000005 -0.030556 -0.643818 -0.000513 0.000040 -0.000020 0.000032 -0.000015 0.221598 -0.000011 -0.000024 -0.075605 0.000003 0.487025 -0.054783 -0.000071
-0.000274 0.000016 -0.000071 -0.000016 -0.000093 -0.000068 -0.000073 0.000004 0.000037 0.000024 -0.173585 -0.766533 -0.000904 -0.000004 -0.000010 0.000010 0.000004 0.249845 0.000008 -0.000019 -0.016069 -0.000014 0.466444 -0.008480 0.000042
-0.000237 0.000006 -0.000051 -0.000044 -0.000090 -0.000049 -0.000043 0.000036 -0.000036 -0.000021 0.103866 -0.707830 -0.000619 -0.000085 -0.000022 -0.000024 0.000011 0.160630 0.000004 0.000013 -0.001724 0.000013 0.448769 -0.001774 -0.000008
-0.000234 -0.000013 0.000148 -0.000013 -0.000106 -0.000030 0.000025 0.000061 0.000127 0.000012 0.260024 -0.731098 -0.000701 -0.000004 -0.000003 0.000009 -0.000098 0.311817 0.000021 0.000001 -0.010782 -0.000023 0.212485 -0.001492 -0.000018
-0.000180 -0.000062 0.000280 -0.000016 -0.000160 0.000034 0.000023 -0.000012 0.000090 -0.000009 0.197887 -0.390056 -0.000726 0.000024 -0.000005 -0.000035 -0.000023 0.200955 0.000015 0.000011 -0.005623 0.000017 -0.033291 -0.006149 -0.000047
-0.000265 -0.000050 0.000220 -0.000034 -0.000120 0.000015 0.000054 0.000006 0.000177 0.000066 0.274652 -0.246530 -0.000594 -0.000015 0.000020 0.000011 0.000004 0.093703 0.000008 -0.000054 -0.067053 -0.000008 0.078708 -0.056720 0.000014
0.000066 0.000008 -0.000076 -0.000024 -0.000188 0.000011 0.000014 -0.000046 0.000108 -0.000002 0.074433 -0.265077 -0.000965 0.000041 0.000059 -0.000009 -0.000023 0.194035 -0.000041 -0.000011 -0.007605 0.000062 -0.226066 -0.019597 -0.000097
0.000202 -0.000047 0.000006 0.000016 -0.000140 0.000058 -0.000041 -0.000000 0.000168 0.000021 0.033840 -0.070132 -0.000900 -0.000027 0.000027 0.000010 -0.000008 -0.034414 0.000014 -0.000023 -0.049093 -0.000003 -0.386613 -0.007398 -0.000064
-0.000009 -0.000020 -0.000165 0.000034 0.000024 -0.000015 -0.000009 0.000014 0.000048 -0.000021 -0.304103 0.069613 -0.000614 -0.000008 -0.000025 -0.000009 -0.000004 0.079875 0.000003 0.000048 -0.029996 0.000092 -0.359701 -0.073372 -0.000014
-0.000087 0.000051 0.000314 0.000016 -0.000071 -0.000031 0.000003 -0.000044 0.000163 -0.000018 -0.293776 0.377585 -0.000455 -0.000070 0.000002 -0.000011 0.000011 0.142817 -0.000027 0.000014 -0.082963 -0.000030 -0.295313 -0.067293 0.000002
0.000003 -0.000002 0.000149 0.000023 -0.000215 0.000019 0.000020 0.000017 0.000041 -0.000009 -0.187900 0.463564 -0.000483 0.000025 -0.000005 0.000002 0.000019 0.140508 -0.000000 0.000036 -0.159154 -0.000014 -0.137955 -0.183929 -0.000176
-0.000016 -0.000033 -0.000029 -0.000034 -0.000035 -0.000012 -0.000030 -0.000004 0.000043 -0.000021 -0.417600 0.527631 -0.000719 -0.000060 -0.000009 -0.000090 0.000006 0.339455 -0.000020 0.000041 -0.184111 -0.000009 -0.088083 -0.139262 -0.000013
-0.000076 -0.000032 0.000129 -0.000034 -0.000151 0.000017 -0.000034 0.000004 0.000025 0.000068 -0.524394 0.524199 -0.000966 -0.000058 0.000012 0.000028 -0.000013 0.153625 0.000000 -0.000005 -0.019262 -0.000015 0.051941 -0.030856 0.000046
-0.000156 -0.000002 -0.000059 0.000023 -0.000086 0.000007 0.000064 -0.000013 0.000194 0.000014 -0.532878 0.557036 -0.000266 -0.000021 0.000020 -0.000033 0.000027 -0.002531 0.000009 -0.000013 0.020544 -0.000019 -0.143238 -0.002666 0.000060
0.000018 0.000033 0.000339 0.000024 -0.000080 0.000014 0.000022 0.000013 0.000009 0.000031 -0.494548 0.498320 -0.000491 0.000018 -0.000043 0.000029 0.000054 0.004684 0.000023 0.000026 0.071909 -0.000010 -0.032783 0.090063 -0.000046
-0.000144 -0.000023 0.000136 0.000065 -0.000186 -0.000054 0.000039 -0.000076 0.000112 0.000016 -0.240077 0.553681 -0.000356 0.000020 0.000008 -0.000010 -0.000023 0.004131 -0.000003 -0.000049 0.086940 -0.000031 -0.180649 0.111663 -0.000009
-0.000168 0.000010 -0.000077 0.000034 -0.000056 -0.000052 -0.000019 -0.000031 0.000169 -0.000027 -0.200982 0.657421 -0.000481 -0.000102 -0.000000 -0.000037 -0.000049 -0.176681 0.000011 0.000020 0.193877 0.000044 -0.196421 0.165579 -0.000015
-0.000148 0.000023 0.000194 0.000003 -0.000105 0.000002 -0.000046 0.000056 0.000045 -0.000046 -0.157746 0.586402 -0.000666 -0.000052 0.000006 -0.000019 -0.000025 -0.142199 -0.000025 -0.000029 0.171220 0.000012 -0.266373 0.160631 -0.000092
-0.000002 0.000034 -0.000054 -0.000027 0.000037 -0.000024 -0.000064 0.000037 0.000142 -0.000014 0.078497 0.576512 -0.000510 0.000004 -0.000002 -0.000038 0.000009 -0.086499 -0.000054 -0.000020 0.197168 0.000010 -0.213263 0.152627 -0.000064
-0.000253 -0.000113 0.000199 -0.000052 0.000036 0.000017 -0.000043 0.000069 -0.000034 -0.000021 0.173517 0.452857 -0.000334 0.000084 0.000014 -0.000013 -0.000028 -0.063790 -0.000006 0.000017 0.071144 0.000025 0.028698 0.150561 0.000046
-0.000027 0.000034 -0.000015 -0.000034 0.000038 -0.000014 -0.000082 0.000068 0.000054 0.000040 0.155898 0.619603 -0.000345 -0.000050 0.000017 0.000047 -0.000014 -0.208443 0.000016 -0.000017 0.065655 0.000014 0.010824 0.107403 -0.000023
-0.000139 0.000023 0.000124 -0.000037 -0.000113 0.000014 -0.000012 0.000049 0.000100 -0.000004 -0.002185 0.469986 -0.000375 0.000028 0.000017 0.000008 0.000019 -0.394021 0.000037 -0.000024 0.039493 0.000013 -0.220057 0.076036 0.000099
-0.000080 -0.000111 -0.000054 -0.000035 -0.000009 -0.000040 0.000079 0.000065 0.000137 0.000023 -0.150379 0.160361 -0.000565 -0.000083 0.000004 -0.000005 -0.000005 -0.609518 -0.000004 0.000038 0.130067 0.000009 -0.344299 0.081267 0.000061
-0.000197 0.000002 -0.000085 0.000002 -0.000083 0.000006 -0.000007 -0.000017 0.000017 0.000009 0.048935 0.038486 -0.000660 -0.000028 0.000006 0.000039 -0.000004 -0.675277 -0.000012 0.000029 0.087407 0.000029 -0.151693 0.118986 -0.000041
-0.000176 -0.000006 -0.000097 0.000036 -0.000039 0.000034 -0.000020 -0.000013 0.000043 -0.000008 0.031054 -0.105586 -0.000479 -0.000035 0.000016 0.000000 -0.000031 -0.327207 0.000028 0.000003 0.008283 -0.000031 0.096401 0.028137 -0.000006
-0.000030 0.000047 -0.000171 -0.000006 -0.000006 -0.000009 -0.000005 0.000022 0.000007 -0.000020 0.285934 -0.138589 -0.000329 0.000024 0.000008 -0.000011 0.000006 -0.215959 -0.000012 -0.000013 -0.018406 0.000018 0.174763 -0.042182 -0.000130
-0.000133 0.000057 -0.000184 0.000016 0.000026 0.000055 -0.000040 0.000044 0.000018 0.000027 0.277126 -0.320784 -0.000474 0.000003 0.000014 -0.000007 -0.000021 0.013003 -0.000022 0.000049 -0.048698 -0.000063 0.149998 -0.035465 -0.000011
0.000060 -0.000064 -0.000174 0.000084 0.000018 0.000091 -0.000015 0.000065 -0.000007 -0.000041 0.248143 -0.049578 -0.000613 0.000079 -0.000018 0.000047 -0.000033 -0.010328 0.000053 0.000029 -0.002154 -0.000011 0.228948 -0.004364 0.000029
0.000040 -0.000014 -0.000092 -0.000015 -0.000036 0.000035 -0.000032 -0.000015 0.000060 0.000010 -0.108647 -0.122756 -0.000471 0.000061 0.000006 -0.000029 -0.000070 -0.145928 -0.000012 -0.000015 0.088944 -0.000025 -0.120921 0.085655 -0.000044
0.000177 0.000076 -0.000099 0.000035 -0.000128 0.000028 0.000071 0.000033 -0.000050 -0.000017 -0.045121 -0.050086 -0.000685 0.000008 -0.000004 0.000021 -0.000002 -0.066349 0.000022 -0.000024 0.159604 -0.000006 -0.186261 0.146163 -0.000112
0.000026 0.000016 0.000201 0.000043 0.000015 -0.000008 0.000039 -0.000017 0.000027 -0.000028 -0.189251 -0.005574 -0.000739 0.000029 0.000019 -0.000009 -0.000001 -0.087530 0.000007 0.000020 0.126161 -0.000001 -0.074158 0.174962 0.000072
0.000258 0.000014 0.000213 -0.000036 -0.000078 -0.000017 -0.000065 -0.000018 0.000108 0.000011 -0.067453 0.001565 -0.000677 0.000037 0.000012 -0.000015 0.000011 -0.028069 0.000022 0.000028 0.112269 -0.000030 -0.103657 0.131723 -0.000041
-0.000055 -0.000013 -0.000069 0.000011 -0.000144 -0.000027 -0.000079 0.000018 0.000014 -0.000014 0.008093 -0.170534 -0.000303 0.000018 0.000003 0.000003 0.000019 0.181793 -0.000006 -0.000029 0.009075 -0.000026 -0.202555 0.024302 -0.000091
-0.000176 0.000012 -0.000175 0.000034 -0.000082 0.000059 -0.000070 0.000037 0.000169 0.000022 0.005530 -0.264452 -0.000583 0.000045 -0.000003 0.000029 -0.000060 0.405769 0.000003 0.000057 0.000065 -0.000029 0.046917 0.000072 0.000088
0.000127 0.000034 -0.000068 -0.000024 0.000040 -0.000005 0.000015 -0.000010 -0.000022 -0.000023 -0.169035 -0.243117 -0.000519 0.000101 0.000017 -0.000021 -0.000007 0.635747 0.000011 -0.000019 -0.040825 -0.000024 0.104262 -0.048304 -0.000025
-0.000235 0.000017 0.000012 -0.000127 -0.000173 -0.000034 0.000046 0.000010 0.000146 -0.000001 -0.295166 -0.464465 -0.000507 0.000029 -0.000020 0.000030 0.000014 0.662484 -0.000025 -0.000022 -0.004661 0.000012 0.233254 0.001959 -0.000050
-0.000029 -0.000024 -0.000080 -0.000014 -0.000056 0.000042 0.000045 0.000073 0.000137 -0.000029 -0.479829 -0.510643 -0.000806 0.000042 0.000003 0.000003 0.000004 0.709547 -0.000026 0.000029 0.007903 -0.000017 0.336716 -0.025235 -0.000050
0.000256 -0.000020 -0.000062 -0.000033 -0.000093 0.000042 0.000080 0.000008 0.000090 -0.000029 -0.402026 -0.344606 -0.000518 -0.000008 0.000010 -0.000012 -0.000002 0.541430 -0.000029 0.000049 0.027877 -0.000012 0.100085 0.028033 -0.000007
-0.000126 0.000023 -0.000057 0.000051 -0.000134 0.000032 -0.000079 0.000054 0.000032 0.000023 -0.307132 -0.376175 -0.000795 0.000024 0.000032 -0.000030 -0.000013 0.609935 0.000009 -0.000044 0.062796 -0.000029 0.257620 0.082587 -0.000070
-0.000166 0.000030 -0.000078 -0.000024 -0.000145 0.000118 -0.000059 0.000023 0.000011 0.000010 -0.253825 -0.352504 -0.000620 0.000007 -0.000018 0.000066 0.000047 0.575453 -0.000011 0.000012 0.047499 0.000016 0.116247 0.045382 0.000008
-0.000192 -0.000023 -0.000099 -0.000021 -0.000116 0.000020 -0.000066 0.000011 0.000044 -0.000002 -0.121511 -0.102512 -0.000389 -0.000001 -0.000003 -0.000042 -0.000074 0.318644 0.000013 -0.000034 0.106842 -0.000041 0.166765 0.117524 -0.000062
-0.000003 0.000065 -0.000048 -0.000017 -0.000174 -0.000014 0.000083 -0.000033 0.000046 0.000000 -0.132499 0.164829 -0.000528 -0.000019 0.000012 -0.000015 -0.000016 0.232295 0.000013 -0.000015 0.057382 -0.000025 0.165151 0.083317 0.000155
0.000052 -0.000023 -0.000074 -0.000017 -0.000114 0.000035 -0.000170 -0.000000 -0.000007 -0.000038 -0.083550 0.131021 -0.000712 0.000004 -0.000011 0.000002 0.000040 0.353266 0.000023 -0.000006 0.024255 -0.000047 0.435640 0.052762 0.000074
0.000043 0.000032 -0.000151 0.000023 -0.000072 -0.000085 -0.000019 0.000012 0.000130 -0.000001 -0.261453 0.118646 -0.000653 -0.000040 -0.000025 -0.000023 -0.000018 0.201588 -0.000016 0.000013 0.008242 0.000016 0.358058 0.034710 -0.000048
0.000053 0.000063 0.000184 0.000063 -0.000252 -0.000030 0.000040 -0.000029 -0.000013 -0.000023 -0.335323 0.096825 -0.000819 0.000063 -0.000023 -0.000059 0.000066 0.347105 -0.000005 -0.000020 0.035064 -0.000093 0.272562 0.019701 -0.000028
0.000081 -0.000047 -0.000036 -0.000003 -0.000090 -0.000038 -0.000017 -0.000047 -0.000008 -0.000017 -0.217109 -0.207436 -0.000602 -0.000049 0.000007 -0.000037 -0.000034 0.298948 0.000000 -0.000015 0.032912 0.000026 0.209079 0.033151 0.000032
-0.000040 0.000041 -0.000096 -0.000003 -0.000203 0.000042 -0.000022 0.000048 0.000136 -0.000027 -0.144445 -0.266637 -0.000576 -0.000020 -0.000005 -0.000009 -0.000002 0.304855 0.000006 0.000015 0.013211 -0.000017 0.053606 0.014039 -0.000050
0.000036 0.000108 -0.000080 -0.000008 0.000044 0.000048 -0.000057 -0.000062 0.000223 0.000023 -0.121395 -0.328282 -0.000715 0.000079 0.000002 0.000021 0.000050 0.316950 0.000001 -0.000020 0.001232 0.000009 0.052927 0.001779 -0.000072
-0.000249 -0.000019 -0.000050 -0.000063 -0.000017 0.000015 -0.000063 -0.000079 0.000165 0.000004 0.004199 -0.456118 -0.000532 -0.000042 0.000012 -0.000007 -0.000004 0.130273 -0.000005 0.000026 0.001180 -0.000063 -0.034822 -0.017945 -0.000093
-0.000190 -0.000110 0.000053 0.000008 -0.000029 0.000070 0.000055 -0.000057 0.000051 0.000021 0.250854 -0.443753 -0.000539 -0.000039 0.000015 0.000003 -0.000001 0.032733 -0.000045 -0.000039 0.001986 -0.000063 -0.068863 -0.017731 -0.000070
-0.000001 -0.000001 0.000008 0.000080 -0.000059 0.000000 0.000004 -0.000015 0.000126 -0.000025 0.493814 -0.460480 -0.000276 0.000041 0.000019 0.000014 0.000023 -0.046344 -0.000030 -0.000049 0.010163 -0.000014 0.153778 0.011361 -0.000072
-0.000100 0.000033 -0.000071 0.000041 -0.000149 -0.000001 0.000019 0.000055 0.000095 0.000017 0.494660 -0.329401 -0.000349 -0.000081 0.000057 0.000020 0.000087 -0.257844 -0.000058 -0.000007 0.025110 0.000073 0.051189 0.025198 -0.000012
0.000088 -0.000019 -0.000153 0.000008 -0.000079 -0.000051 0.000043 0.000001 0.000112 -0.000054 0.420178 -0.130715 -0.000279 0.000032 0.000001 -0.000028 0.000105 -0.242047 0.000020 -0.000005 0.031243 0.000023 -0.010963 0.041077 0.000075
-0.000233 -0.000017 -0.000068 0.000032 -0.000126 0.000030 0.000015 -0.000032 0.000124 0.000018 0.627229 -0.342285 -0.000262 -0.000045 0.000059 -0.000010 0.000003 -0.318834 -0.000023 0.000016 0.049866 0.000053 -0.025435 0.057845 0.000020
0.000090 0.000050 0.000155 0.000050 -0.000115 -0.000009 -0.000004 -0.000028 0.000092 0.000010 0.473471 -0.377015 -0.000239 0.000036 0.000015 0.000007 0.000025 -0.145666 0.000007 0.000011 0.065059 0.000009 -0.187730 0.049300 -0.000034
-0.000111 0.000018 -0.000100 0.000051 -0.000144 -0.000006 -0.000039 -0.000010 0.000075 0.000069 0.374582 -0.443596 -0.000115 0.000048 -0.000010 0.000036 0.000006 -0.033907 0.000012 -0.000038 0.025087 0.000037 -0.330618 0.033604 -0.000161
-0.000112 0.000013 -0.000066 0.000047 0.000050 -0.000033 0.000010 -0.000048 0.000066 -0.000041 0.357542 -0.205123 -0.000313 -0.000024 -0.000011 0.000036 0.000003 0.189489 0.000023 -0.000011 0.015507 0.000021 -0.389960 0.009187 0.000053
0.000106 -0.000034 0.000013 -0.000019 -0.000073 0.000003 -0.000001 0.000019 0.000010 0.000021 0.199800 -0.076856 -0.000378 0.000000 -0.000014 -0.000016 -0.000050 0.245370 0.000015 -0.000030 0.000979 0.000014 -0.304597 -0.008371 -0.000003
-0.000161 -0.000023 -0.000026 -0.000033 -0.000151 -0.000053 -0.000110 0.000116 0.000071 0.000011 0.073892 -0.199001 -0.000419 0.000091 -0.000007 0.000036 0.000086 0.353660 0.000012 -0.000022 0.000303 0.000056 -0.313941 0.001535 0.000071
-0.000173 -0.000035 -0.000120 0.000000 0.000044 0.000035 0.000004 -0.000006 0.000074 0.000028 -0.038656 -0.065680 -0.000385 0.000018 -0.000011 -0.000054 0.000022 0.539164 -0.000004 -0.000014 0.014293 0.000003 -0.318831 0.013250 -0.000138
0.000016 -0.000020 0.000071 0.000082 0.000064 -0.000066 -0.000029 -0.000024 0.000154 0.000014 0.079203 0.000510 -0.000667 0.000017 -0.000007 0.000057 0.000003 0.382412 0.000023 0.000049 0.042315 -0.000008 -0.200309 0.025538 0.000027
0.000019 0.000030 -0.000102 0.000124 -0.000068 -0.000001 -0.000061 0.000019 0.000162 0.000015 0.038767 -0.026400 -0.000597 -0.000021 -0.000003 0.000035 0.000027 0.328055 0.000008 -0.000142 0.065256 -0.000005 -0.340914 0.087001 -0.000107
-0.000006 -0.000034 0.000059 -0.000012 0.000031 -0.000064 -0.000071 -0.000007 -0.000058 -0.000010 -0.179486 0.042543 -0.000325 0.000064 -0.000010 0.000000 0.000057 0.191844 0.000008 0.000028 0.082863 0.000061 -0.087641 0.065557 0.000029
0.000092 0.000003 -0.000057 0.000013 -0.000081 -0.000014 0.000047 0.000034 0.000185 0.000011 0.019503 0.064094 -0.000517 -0.000030 -0.000012 -0.000026 0.000015 0.323336 -0.000027 0.000037 0.059165 -0.000030 -0.026041 0.045479 0.000042
-0.000237 -0.000034 -0.000134 0.000001 -0.000082 -0.000042 -0.000071 0.000019 0.000103 0.000069 -0.000578 0.198380 -0.000732 0.000012 0.000015 0.000002 -0.000074 0.305862 0.000023 0.000003 0.074764 0.000012 0.055046 0.103430 0.000018
0.000058 -0.000010 0.000068 -0.000033 0.000027 -0.000008 -0.000010 -0.000005 -0.000011 -0.000068 -0.175539 -0.072575 -0.000453 -0.000022 -0.000015 0.000000 -0.000034 0.096416 0.000010 0.000016 0.088781 0.000050 0.092602 0.076152 -0.000007
-0.000029 0.000124 -0.000105 0.000011 -0.000174 -0.000042 0.000064 -0.000031 0.000199 -0.000027 -0.257190 0.127918 -0.000301 -0.000084 -0.000009 -0.000065 -0.000036 0.020333 0.000005 -0.000039 0.150731 -0.000028 0.208617 0.110379 -0.000007
-0.000099 0.000015 -0.000020 0.000074 -0.000079 0.000037 0.000073 -0.000057 0.000094 0.000031 -0.173034 0.105104 -0.000518 0.000003 -0.000049 0.000025 -0.000023 0.083280 -0.000023 -0.000027 0.107530 0.000048 0.357291 0.124480 -0.000063
-0.000116 0.000010 -0.000112 0.000030 0.000044 0.000065 -0.000037 0.000085 0.000205 0.000050 -0.296816 0.205980 -0.000543 0.000021 0.000026 -0.000019 0.000000 0.016402 0.000033 0.000020 0.113142 0.000004 0.319288 0.126820 -0.000106
-0.000172 0.000017 -0.000099 0.000030 -0.000180 -0.000058 0.000029 -0.000068 -0.000004 -0.000040 -0.263211 0.309076 -0.000341 0.000063 -0.000000 -0.000051 0.000025 -0.237888 0.000002 -0.000030 0.156244 0.000028 0.422517 0.109356 0.000006
0.000050 -0.000006 -0.000127 -0.000019 -0.000074 -0.000019 -0.000081 -0.000018 -0.000021 0.000027 -0.340252 0.038750 -0.000380 -0.000020 -0.000013 -0.000015 -0.000010 -0.516328 -0.000010 0.000031 0.161213 0.000038 0.329363 0.190815 -0.000032
-0.000039 0.000055 -0.000085 -0.000017 0.000032 0.000060 0.000053 -0.000061 0.000068 -0.000021 -0.469324 0.126409 -0.000628 0.000003 0.000027 0.000003 0.000057 -0.737024 -0.000009 -0.000003 0.139803 -0.000043 0.451033 0.148002 0.000024
0.000043 -0.000040 -0.000102 -0.000001 -0.000212 -0.000036 -0.000050 0.000051 0.000069 0.000009 -0.310637 0.210703 -0.000366 0.000018 0.000006 0.000006 -0.000007 -0.873236 0.000009 -0.000028 0.220324 0.000002 0.575551 0.218875 -0.000062
0.000023 -0.000019 -0.000050 -0.000014 -0.000012 -0.000023 -0.000024 -0.000019 0.000064 -0.000041 -0.183172 -0.010541 -0.000737 0.000019 0.000018 -0.000043 -0.000015 -0.903651 0.000005 0.000056 0.186501 0.000016 0.742199 0.154389 0.000042
0.000022 0.000025 -0.000018 -0.000082 0.000068 -0.000029 -0.000103 -0.000015 0.000057 0.000009 -0.137659 0.229593 -0.000966 -0.000059 -0.000049 -0.000009 -0.000002 -0.797891 0.000019 0.000044 0.085871 -0.000013 0.662994 0.091256 0.000011
-0.000070 -0.000015 -0.000139 -0.000016 -0.000200 0.000090 0.000003 0.000065 0.000088 -0.000031 0.176641 0.359156 -0.000497 0.000071 -0.000025 0.000036 -0.000035 -0.672347 0.000010 0.000020 0.033973 0.000019 0.711390 0.035434 -0.000006
0.000157 0.000017 -0.000150 0.000051 -0.000051 -0.000036 -0.000044 -0.000048 0.000171 -0.000008 0.258990 0.353276 -0.000663 0.000047 0.000010 0.000002 -0.000048 -0.636070 -0.000023 -0.000008 0.012783 -0.000028 0.543518 0.007074 -0.000047
0.000052 0.000017 0.000112 0.000021 -0.000178 -0.000068 0.000023 -0.000002 0.000081 0.000016 0.131054 0.359777 -0.000704 0.000040 0.000030 -0.000011 0.000021 -0.502393 0.000046 0.000075 0.023582 0.000047 0.204157 0.011591 -0.000013
-0.000064 -0.000046 -0.000000 -0.000038 0.000034 -0.000032 -0.000043 0.000054 -0.000023 0.000020 0.019231 0.101616 -0.000371 0.000016 0.000009 0.000018 0.000011 -0.327170 0.000009 0.000057 0.030876 0.000040 0.006753 0.024054 -0.000002
-0.000058 -0.000014 0.000359 -0.000049 0.000086 -0.000016 -0.000023 0.000018 0.000145 0.000015 0.141018 0.051477 -0.000555 0.000016 -0.000005 -0.000024 0.000010 -0.286072 -0.000006 -0.000005 0.065414 -0.000019 -0.076760 0.030941 -0.000045
-0.000063 -0.000046 -0.000091 0.000029 -0.000070 -0.000003 -0.000060 -0.000016 0.000154 0.000003 0.093206 -0.021453 -0.001034 -0.000014 0.000014 -0.000013 0.000011 -0.212783 0.000043 -0.000026 0.063110 -0.000024 -0.292211 0.038242 0.000014
-0.000113 -0.000017 -0.000068 -0.000024 -0.000040 -0.000042 -0.000044 0.000012 0.000008 0.000004 0.002564 -0.089779 -0.000965 -0.000041 0.000003 0.000045 0.000027 -0.072104 -0.000021 -0.000011 0.024356 -0.000025 -0.169814 0.034628 -0.000021
-0.000000 0.000017 0.000236 0.000025 -0.000125 -0.000023 -0.000072 -0.000042 0.000185 0.000020 0.222388 -0.091145 -0.001036 0.000024 0.000029 -0.000028 -0.000001 0.088527 -0.000056 0.000005 0.018906 -0.000008 -0.325624 0.016638 -0.000101
0.000021 -0.000050 0.000143 0.000015 -0.000047 -0.000012 -0.000007 0.000115 0.000015 0.000011 0.274580 0.098155 -0.001136 -0.000041 0.000036 -0.000017 -0.000037 0.162305 -0.000005 0.000005 0.001957 -0.000011 -0.246937 -0.033159 0.000251
0.000022 0.000017 0.000284 -0.000034 -0.000092 -0.000015 -0.000043 -0.000018 0.000088 -0.000028 0.393161 0.088384 -0.000669 0.000013 -0.000023 -0.000015 0.000023 0.174088 -0.000000 0.000035 -0.028345 0.000013 -0.207912 0.002451 -0.000062
0.000074 -0.000061 0.000227 0.000016 0.000032 -0.000013 0.000026 -0.000033 0.000009 0.000020 0.357103 0.130244 -0.000672 0.000017 0.000017 -0.000018 -0.000009 0.289946 0.000009 0.000069 0.017283 -0.000042 -0.265371 0.017752 0.000167
-0.000016 0.000012 -0.000101 -0.000088 -0.000004 0.000006 0.000041 0.000027 0.000045 0.000032 0.454908 -0.200118 -0.000239 0.000035 0.000008 -0.000010 -0.000072 0.288712 -0.000014 -0.000015 0.122325 0.000029 -0.586811 0.124349 -0.000069
-0.000139 0.000038 -0.000146 -0.000088 -0.000013 -0.000065 -0.000015 -0.000016 0.000167 -0.000018 0.392073 -0.125656 -0.000983 -0.000057 -0.000020 0.000027 0.000013 0.106606 -0.000017 -0.000005 0.162323 -0.000003 -0.767499 0.168095 -0.000031
-0.000010 0.000017 0.000074 0.000020 -0.000151 0.000032 -0.000071 -0.000033 -0.000001 0.000039 0.177776 -0.189901 -0.000518 -0.000019 0.000033 -0.000014 0.000057 0.225694 -0.000016 0.000017 0.144746 -0.000014 -0.739148 0.161225 -0.000059
-0.000077 0.000017 -0.000066 -0.000053 -0.000077 -0.000047 -0.000064 -0.000018 0.000003 0.000004 0.249784 -0.115078 -0.000589 0.000031 -0.000013 -0.000012 -0.000107 0.424414 -0.000023 -0.000011 0.126630 -0.000011 -0.692610 0.134872 -0.000042
-0.000098 -0.000038 0.000076 -0.000066 0.000045 -0.000002 0.000016 -0.000064 0.000075 -0.000018 0.150004 -0.149893 -0.000964 -0.000103 0.000022 0.000002 -0.000050 0.407307 -0.000013 0.000020 0.037317 0.000052 -0.511488 0.032987 0.000034
-0.000041 -0.000107 0.000144 -0.000045 -0.000173 0.000040 -0.000024 0.000027 0.000104 -0.000077 -0.013694 -0.027697 -0.000626 0.000030 -0.000035 0.000036 -0.000018 0.607508 0.000002 0.000003 0.018947 -0.000010 -0.532637 0.023264 -0.000002
-0.000106 0.000045 0.000107 0.000025 -0.000185 0.000021 -0.000034 0.000003 0.000054 -0.000014 -0.258505 0.005427 -0.000920 -0.000049 -0.000000 -0.000015 -0.000033 0.579318 -0.000016 -0.000011 0.018955 -0.000020 -0.464445 0.017721 -0.000093
0.000221 0.000026 0.000292 0.000073 0.000002 -0.000008 -0.000040 0.000000 0.000057 0.000023 -0.369291 0.122312 -0.001304 -0.000046 -0.000005 -0.000043 -0.000101 0.379045 -0.000016 0.000014 0.003009 -0.000029 -0.234768 0.000920 -0.000062
-0.000028 -0.000023 0.000267 -0.000044 -0.000119 -0.000058 0.000048 -0.000030 0.000115 0.000007 -0.518142 0.327679 -0.001034 0.000003 -0.000017 0.000015 0.000017 0.110802 -0.000004 -0.000015 -0.001027 -0.000007 -0.033742 -0.001051 0.000019
-0.000058 -0.000004 -0.000001 0.000018 -0.000068 0.000007 -0.000043 0.000032 0.000186 0.000004 -0.570189 0.131523 -0.000905 -0.000062 -0.000019 0.000019 0.000023 0.039489 0.000032 0.000044 0.056186 0.000012 0.266336 0.072242 -0.000100
0.000093 0.000013 -0.000038 -0.000033 -0.000081 -0.000010 0.000066 -0.000001 0.000051 -0.000068 -0.509045 0.201783 -0.000612 0.000056 -0.000087 -0.000048 0.000032 -0.107323 -0.000015 -0.000108 0.050379 0.000025 0.603330 0.058082 0.000020
-0.000162 -0.000050 -0.000046 0.000012 0.000021 -0.000058 -0.000001 -0.000013 -0.000023 0.000017 -0.429893 0.170138 -0.000495 0.000010 -0.000036 0.000005 0.000009 -0.135671 -0.000022 0.000015 0.030075 -0.000063 0.793120 -0.001028 -0.000077
0.000039 -0.000006 -0.000080 0.000009 -0.000031 -0.000017 0.000020 0.000053 0.000002 -0.000038 -0.586966 0.177687 -0.000588 -0.000106 0.000013 -0.000037 -0.000008 -0.335032 -0.000020 -0.000011 0.034475 0.000010 0.695538 0.032829 0.000039
0.000013 0.000064 -0.000123 0.000018 -0.000097 -0.000001 -0.000038 -0.000032 -0.000021 -0.000017 -0.656253 0.134156 -0.000266 0.000024 0.000014 0.000004 -0.000035 -0.346199 0.000039 -0.000017 0.038281 0.000055 0.808616 0.093489 -0.000016
0.000033 0.000042 0.000019 -0.000035 -0.000057 0.000036 0.000065 -0.000023 0.000139 -0.000041 -0.555838 0.046844 -0.000296 0.000023 -0.000015 -0.000021 -0.000023 -0.293195 0.000023 0.000057 0.075196 -0.000024 0.623305 0.095237 -0.000026
0.000083 0.000081 -0.000089 -0.000015 -0.000087 -0.000020 -0.000021 0.000022 -0.000002 0.000021 -0.746733 -0.111655 -0.000613 0.000090 0.000015 -0.000047 0.000042 -0.459339 -0.000008 -0.000002 0.109096 0.000019 0.587644 0.146497 -0.000053
0.000124 -0.000019 0.000012 -0.000013 0.000005 0.000039 -0.000006 -0.000001 0.000137 -0.000005 -0.695447 -0.103432 -0.000870 0.000018 0.000030 -0.000011 0.000006 -0.352361 -0.000023 -0.000108 0.096586 0.000019 0.752231 0.107051 -0.000111
0.000216 0.000052 -0.000143 0.000111 0.000006 0.000067 0.000004 -0.000051 0.000174 -0.000007 -0.418752 -0.146700 -0.000419 0.000024 -0.000010 -0.000006 0.000047 -0.407178 0.000011 -0.000041 0.066079 0.000016 0.662082 0.069448 0.000091
0.000180 0.000052 -0.000034 -0.000002 0.000056 -0.000009 -0.000043 0.000115 0.000025 -0.000012 -0.028280 -0.157274 -0.000731 -0.000062 0.000014 -0.000028 -0.000057 -0.664339 -0.000010 -0.000056 0.049289 0.000005 0.732912 0.051115 -0.000033
-0.000253 -0.000029 -0.000070 -0.000038 0.000027 -0.000050 0.000048 -0.000049 0.000065 0.000008 0.163001 -0.022706 -0.000822 -0.000037 -0.000023 0.000032 -0.000008 -0.638974 -0.000016 0.000017 0.017469 -0.000085 0.655476 0.045569 -0.000006
0.000093 0.000016 -0.000079 -0.000030 0.000003 -0.000021 -0.000016 0.000067 -0.000002 -0.000023 0.355972 -0.281035 -0.000597 0.000063 -0.000016 0.000054 0.000085 -0.654923 -0.000035 0.000033 0.022720 0.000047 0.602455 0.050014 0.000249
-0.000102 0.000029 0.000034 0.000126 -0.000036 -0.000002 0.000141 -0.000007 0.000057 0.000039 0.648095 -0.238369 -0.000577 -0.000042 -0.000004 0.000006 0.000011 -0.463671 0.000018 0.000004 -0.000114 0.000015 0.239518 0.019839 0.000071
0.000001 -0.000049 -0.000053 0.000009 0.000046 -0.000029 -0.000035 0.000057 -0.000019 0.000008 0.829350 -0.130032 -0.000486 -0.000054 -0.000028 -0.000016 0.000001 -0.407041 -0.000019 -0.000042 0.000189 0.000009 0.260557 0.002567 0.000061
-0.000032 0.000033 0.000035 0.000025 0.000050 0.000067 -0.000022 -0.000044 0.000034 0.000015 0.580118 -0.063938 -0.001129 -0.000012 0.000003 0.000037 0.000022 -0.419632 0.000023 0.000033 0.054099 0.000005 0.060587 0.030668 0.000024
-0.000078 0.000015 -0.000105 0.000076 -0.000185 -0.000055 0.000044 -0.000044 0.000016 -0.000020 0.363654 -0.236251 -0.000988 -0.000008 -0.000011 -0.000001 0.000015 -0.526199 0.000055 0.000005 0.108788 -0.000024 0.003782 0.074759 -0.000010
0.000175 0.000029 -0.000060 -0.000048 0.000068 -0.000117 -0.000082 -0.000050 0.000189 0.000003 0.292308 -0.008533 -0.000790 -0.000021 0.000006 0.000028 -0.000039 -0.487935 -0.000010 0.000015 0.085322 0.000042 -0.130544 0.070504 -0.000027
-0.000012 -0.000080 0.000069 -0.000036 -0.000078 0.000013 -0.000016 -0.000047 -0.000036 0.000006 0.249807 -0.022501 -0.000834 0.000022 -0.000010 0.000046 -0.000032 -0.472928 -0.000011 -0.000011 0.051776 -0.000029 -0.131893 0.062455 0.000045
-0.000091 -0.000041 0.000085 0.000034 -0.000091 0.000052 0.000020 -0.000012 -0.000059 0.000008 0.409326 -0.176099 -0.001177 0.000058 -0.000018 -0.000015 -0.000017 -0.290579 -0.000005 -0.000030 -0.001063 0.000011 -0.088936 -0.001187 -0.000020
-0.000125 -0.000122 -0.000143 -0.000020 -0.000045 -0.000002 0.000141 -0.000016 0.000038 -0.000017 0.613395 -0.257363 -0.000969 -0.000042 0.000006 0.000000 0.000029 -0.035704 0.000012 -0.000022 -0.008588 0.000053 -0.063355 -0.006890 0.000054
0.000103 -0.000042 -0.000126 0.000054 -0.000115 -0.000092 0.000007 -0.000005 0.000029 -0.000013 0.365056 -0.212068 -0.000693 0.000032 -0.000005 0.000031 0.000051 0.102814 0.000002 -0.000011 -0.014158 -0.000029 -0.185430 -0.014274 -0.000006
0.000023 -0.000031 -0.000121 0.000014 -0.000152 0.000072 -0.000074 0.000008 0.000156 -0.000009 0.484992 -0.218917 -0.000751 -0.000015 -0.000009 -0.000060 -0.000033 0.215153 -0.000013 -0.000037 -0.041525 -0.000024 -0.530507 -0.027325 0.000133
0.000078 -0.000023 0.000001 -0.000023 0.000003 0.000002 -0.000109 -0.000022 0.000061 0.000021 0.475488 -0.328959 -0.000792 0.000015 -0.000031 -0.000062 -0.000000 0.387221 -0.000010 -0.000029 -0.025548 -0.000011 -0.520527 -0.030918 -0.000058
-0.000035 0.000023 -0.000080 0.000024 -0.000091 0.000011 -0.000022 -0.000024 0.000053 -0.000018 0.221932 -0.173566 -0.000934 0.000012 -0.000035 0.000011 -0.000018 0.389848 -0.000034 0.000020 -0.016330 -0.000095 -0.673669 -0.016418 -0.000009
0.000019 -0.000062 -0.000026 -0.000018 -0.000025 0.000171 0.000041 -0.000012 0.000043 -0.000018 0.160725 -0.375142 -0.000563 -0.000046 0.000025 0.000017 0.000032 0.410210 -0.000024 0.000107 -0.004610 -0.000009 -0.524892 -0.004680 0.000031
0.000080 -0.000012 -0.000030 -0.000008 0.000066 0.000024 0.000056 0.000034 0.000113 0.000031 0.026368 -0.202918 -0.000649 0.000048 0.000026 -0.000013 0.000007 0.436143 -0.000019 -0.000029 -0.001342 0.000015 -0.348290 -0.001175 -0.000113
0.000005 0.000017 -0.000169 -0.000053 0.000015 0.000028 -0.000020 0.000015 0.000156 0.000007 -0.319901 -0.119201 -0.000360 0.000150 0.000010 -0.000001 -0.000036 0.434148 0.000011 0.000036 -0.001892 0.000028 -0.153461 -0.001917 -0.000033
-0.000015 0.000050 -0.000057 -0.000003 -0.000034 -0.000068 0.000025 0.000118 -0.000044 -0.000004 -0.516149 -0.012105 -0.000549 0.000018 -0.000063 0.000050 -0.000041 0.374847 0.000023 0.000032 0.019283 -0.000032 -0.364997 0.008497 -0.000061
0.000072 -0.000063 -0.000060 0.000046 -0.000192 -0.000019 -0.000029 0.000073 0.000037 -0.000039 -0.691935 0.341060 -0.000373 0.000051 0.000044 0.000039 0.000015 0.259482 0.000023 -0.000015 0.001715 -0.000050 -0.330764 0.054347 -0.000080
-0.000028 -0.000006 -0.000118 -0.000020 -0.000069 0.000022 0.000013 -0.000029 -0.000069 -0.000049 -0.644488 0.406467 -0.000574 -0.000008 -0.000025 -0.000014 -0.000005 0.315233 0.000011 0.000035 0.047693 0.000016 -0.115606 0.000756 -0.000019
0.000122 -0.000023 -0.000007 -0.000059 -0.000080 -0.000067 0.000015 -0.000038 0.000105 0.000007 -0.713552 0.460740 -0.001002 -0.000005 -0.000031 0.000012 0.000051 0.057861 -0.000044 0.000046 0.002102 0.000001 -0.040888 0.062838 0.000008
