0.001467
0.021159
0.012414
0.047478
-0.047059
-0.043091
0.027066
-0.000259
-0.025463
-0.000588
-0.015137
-0.000201
0.003079
0.022249
0.021298
-0.018847
0.051108
0.000466
-0.000730
-0.007081
-0.011230
0.056744
0.000184
0.044112
0.019782
-0.000792
-0.000296
-0.012229
-0.042849
-0.000127
-0.000526
0.000205
-0.000774
-0.017027
-0.017569
-0.000605
-0.000445
0.046854
-0.000445
0.056099
-0.002401
-0.001278
-0.000202
-0.000923
0.001860
-0.000784
-0.002421
-0.028593
-0.003437
-0.000938
0.018460
-0.002650
-0.000241
-0.000467
-0.020658
0.054291
-0.000558
-0.000125
0.012103
-0.006799
0.047967
0.025174
0.003713
0.022998
-0.000754
-0.000232
0.014364
0.028496
-0.000478
-0.004451
-0.000836
-0.003305
-0.051145
-0.028573
-0.000048
-0.013464
-0.002010
-0.000334
-0.005848
-0.001620
0.042570
0.020618
0.060290
-0.003462
0.041807
0.013077
-0.000106
-0.004669
0.036482
-0.001516
-0.015143
-0.008456
-0.044056
-0.004171
-0.002132
-0.000245
0.014323
0.026953
