0.001366
-0.152652
-0.008337
-0.335684
0.002767
0.166155
-0.100696
-0.001179
-0.025862
-0.380698
-0.004417
-0.906272
-0.002924
-0.001601
0.082598
0.886320
-0.018152
0.307942
-0.011198
-0.002912
-0.441145
-0.298972
0.057460
-0.270078
1.122247
-0.000743
-0.420075
-0.243295
-0.001682
-0.001871
-0.014086
-0.016251
-0.002772
-1.132926
0.019571
-1.692924
-0.385437
-0.094450
-0.007519
-0.004496
-0.032152
-0.232972
0.005587
-0.017316
-0.067123
-0.000821
-0.540055
-0.002504
-0.197414
-0.014353
-0.001338
-0.000957
-0.009295
-0.001089
-0.635302
1.052171
0.001723
