0.000318
3.974795
0.009719
-2.432897
0.002138
-1.273329
2.855957
0.010863
-0.026320
-2.474761
0.000679
-3.003668
-0.005165
-0.007677
4.869025
-3.451497
0.022668
1.631602
-0.020479
0.000187
-2.509430
3.465391
2.701200
3.611215
-3.598133
-0.000466
-2.094615
4.658890
0.012159
0.027273
0.001302
0.004773
-0.000396
-3.535686
2.893271
-4.790004
4.916655
3.305480
0.000618
-0.022886
-0.006132
2.749704
2.362733
3.330724
-1.946997
-0.000737
-2.545603
-0.000673
3.292801
3.237849
-0.001657
-0.004955
-0.006630
0.003225
-1.655450
-2.158592
0.000330
