0.024462
-0.058561
-0.128343
-0.016224
-0.061163
-0.001404
-0.027056
0.077663
0.078428
-0.008919
0.061060
-0.021034
-0.013919
-0.014671
-0.030222
-0.028781
-0.003483
0.070567
-0.015021
0.035902
-0.004049
-0.027310
0.013866
0.078136
-0.008138
0.070386
-0.070722
-0.016925
0.000000
-0.030188
0.092462
0.009153
0.014329
-0.012145
-0.042757
-0.004548
-0.000819
-0.031245
0.110240
-0.031348
0.069035
0.096775
0.069942
-0.009757
0.073883
-0.018065
0.081085
0.066007
-0.007066
0.004187
0.008163
0.033591
0.046034
0.088375
-0.009902
0.086240
0.075233
-0.031632
0.012208
0.007727
-0.024772
0.077618
-0.031527
0.000000
0.080813
-0.008646
-0.052770
0.000000
-0.035698
-0.024475
0.046136
0.055987
-0.013994
-0.050919
0.098648
-0.006019
-0.024793
-0.018827
-0.011064
0.000000
-0.033685
0.105300
0.014556
-0.038895
0.000000
-0.041903
-0.030456
0.062207
-0.040491
-0.034223
-0.019607
-0.016238
-0.006701
0.082735
-0.021887
0.076010
-0.020392
0.070205
-0.024829
-0.027467
