-0.061550 0.024099 0.055324 0.217436 -0.077216 0.071826 -0.048523 -0.028983 0.143783 -0.063446 0.023222 0.195010 0.068092 0.418996 0.003571 -0.123161 -0.061405 -0.126003 0.000093 0.083466 0.078047 -0.146695 0.076553 0.052169 -0.020161 0.069440 0.093128 -0.044636 -0.093284 0.215639 0.105071 -0.055112 0.041866 0.014176 -0.029385 0.064921 0.050118 -0.080541 -0.043075 -0.092236
5.973790 4.049057 8.842131 2.080645 0.099125 4.602707 -0.098899 0.085433 -1.756216 0.075463 2.999363 3.485631 0.081722 5.823874 -0.006750 -0.123936 -0.241915 2.950081 -0.018548 5.424100 7.440030 2.897757 0.051104 0.085997 3.089116 11.978920 -0.004485 5.974142 -0.040290 0.846052 -0.060920 0.153775 -0.380637 13.060683 -0.108540 0.077424 -0.555629 -0.022246 -0.031566 -0.097387
0.326008 0.244938 0.039355 0.230751 0.041396 0.362301 -0.351986 -0.124843 0.057774 0.143051 -0.117747 0.142528 -0.070521 0.197808 -0.003769 -0.037470 -0.280585 0.521870 -0.146007 -0.071886 0.188256 0.159097 0.140496 -0.118448 0.101523 0.053879 0.034910 0.425403 -0.145547 -0.009195 0.032176 0.077995 -0.487032 0.833989 0.088444 0.054216 -0.073861 -0.143773 0.042682 0.120282
0.007111 -0.031690 0.014588 0.104668 -0.042395 -0.004068 -0.193225 0.103588 0.069468 0.147341 0.140162 -0.132302 0.151600 0.135328 -0.121795 0.115767 0.051196 0.085703 -0.101154 0.187872 0.043877 -0.122710 0.143930 0.115566 0.144026 -0.102442 0.148235 -0.118841 0.005333 -0.026664 0.129991 -0.056544 -0.022572 0.146266 -0.062529 -0.079251 0.066581 -0.136192 0.055212 0.086844
0.810144 1.186496 0.504448 0.747163 0.180421 0.997414 0.066133 -0.060356 -0.161218 -0.063760 0.400036 0.088923 0.068022 1.088105 -0.144040 -0.100705 0.716334 1.371156 -0.015224 0.526279 1.565085 0.434123 -0.032867 -0.138592 0.863906 0.457989 0.038921 1.154905 0.016103 -0.227086 -0.143174 0.038732 0.144044 1.302252 -0.123851 -0.106309 -0.531262 -0.245075 -0.053169 -0.153397
0.058108 -0.003740 -0.071583 0.131990 0.155393 -0.012057 0.075045 0.092140 0.040897 0.009850 0.039457 0.023905 0.047757 0.167173 -0.077297 -0.052756 0.179961 0.150934 0.159330 -0.065971 0.030370 -0.063151 -0.048427 0.043602 -0.043686 0.124292 0.032353 -0.024690 -0.120022 -0.040571 -0.132203 0.025342 -0.040444 0.058451 -0.141119 -0.137528 0.166773 -0.072108 -0.019671 -0.043492
0.040815 0.077284 0.053997 0.103362 0.112620 0.103783 0.027378 -0.003784 0.134286 0.117950 0.107846 0.073044 -0.138861 -0.107806 -0.014494 0.024907 0.038556 0.074888 -0.144098 0.080916 -0.013026 0.119699 0.135378 0.048473 -0.039967 0.159222 -0.038634 -0.109973 0.056444 0.027932 0.033059 -0.121221 0.018209 0.068530 -0.052418 0.065785 0.053348 0.160862 -0.133776 -0.148064
0.107195 -0.043857 -0.088893 -0.033360 0.053381 0.028622 -0.067814 0.039225 -0.173603 -0.092954 0.096060 -0.104667 -0.006349 -0.083298 -0.134948 0.095387 0.029279 0.105723 0.098134 -0.105504 -0.118881 -0.098534 0.018526 -0.097944 -0.075731 -0.039218 0.098214 0.146397 0.056440 0.043107 0.142487 0.065993 -0.007545 0.119120 -0.154199 0.119657 0.106650 0.034590 -0.139136 -0.012979
0.114647 0.152759 0.136228 0.081081 0.241317 0.048766 -0.076540 0.122116 0.090637 0.029531 -0.101807 -0.004889 -0.083925 0.206045 0.155891 -0.140758 -0.042769 0.007062 0.008053 0.074268 0.141742 0.092124 0.103024 0.006671 0.136260 0.141467 0.153081 0.099601 -0.131281 0.105564 0.065918 0.027985 0.211065 0.293101 0.087124 -0.028494 0.066092 0.144993 0.030280 0.022739
3.346952 1.700385 2.319579 1.594241 -0.351056 5.061570 0.200848 0.013870 0.319728 -0.154238 3.484314 2.621136 -0.018149 5.419615 0.084799 0.087100 0.173765 5.047396 -0.126855 4.965052 5.555716 3.888197 0.102610 0.021641 2.975917 5.643268 -0.048060 7.392220 0.073881 0.549961 -0.085290 -0.088665 -0.139463 8.780230 0.059730 0.083182 0.453826 0.488998 0.085879 0.071102
0.355074 1.556284 0.583109 0.249901 0.277157 0.960513 0.085866 0.013976 0.377264 0.070759 1.865619 -0.351247 0.047246 1.246007 -0.028293 0.111686 0.412301 1.700540 0.026155 1.024418 1.188226 1.589143 0.133665 -0.013280 2.389756 0.919591 -0.101593 1.241648 -0.034193 0.018734 0.077624 0.001631 0.048404 1.355036 0.072742 -0.053890 0.144293 -0.250217 -0.022753 0.024083
-0.027916 0.004873 0.059218 0.017624 0.032945 0.239600 0.088329 0.108756 0.077799 -0.108384 0.133544 0.141725 -0.006807 0.009170 -0.012429 0.100251 0.162589 0.112705 0.083213 0.028025 0.035342 0.074650 0.163953 -0.179905 0.036837 -0.040316 -0.077139 0.192193 -0.012452 0.182449 0.121489 -0.080959 0.109103 -0.129987 0.084156 -0.079228 0.196484 0.159480 0.013311 -0.067780
5.186750 0.725908 3.809894 2.737484 -0.029134 2.435936 -0.226069 -0.004917 -0.207773 0.057201 2.331532 8.317172 0.077703 6.904088 -0.153859 0.115221 -0.053880 3.687357 -0.197226 9.541301 6.423314 2.297226 0.169363 -0.009253 2.957648 9.494501 -0.134789 7.392753 0.133828 1.349370 -0.028189 -0.152172 0.084397 14.507402 -0.008586 0.096540 0.486385 -0.172029 0.033064 -0.037950
-0.077723 0.143923 -0.105751 -0.109265 0.132789 0.149569 0.076465 -0.125652 0.073879 0.053692 0.027642 0.070545 -0.061794 -0.128226 0.059257 -0.082797 0.149206 0.057555 -0.114237 0.015725 0.008041 0.099821 -0.129582 -0.019784 -0.058108 0.110192 0.050426 -0.084918 -0.087531 0.092114 -0.129474 -0.127003 0.129181 0.060277 0.144641 0.108126 0.092042 0.113781 -0.138292 -0.140344
0.019094 -0.059079 0.087215 0.087376 0.184496 -0.163288 0.090224 0.033705 0.060468 0.094256 0.110715 -0.133198 -0.126847 -0.008576 -0.181701 -0.105429 0.049929 0.082176 0.021020 -0.133065 -0.018099 -0.071444 0.194490 -0.065542 -0.175167 -0.081451 0.036758 -0.041901 -0.042330 0.115702 0.104378 -0.007539 0.069979 0.010357 -0.088740 -0.104607 -0.094881 0.005584 0.154270 -0.100245
2.756620 5.834246 2.902661 2.236974 0.136665 2.837201 0.136008 -0.122458 -0.236419 0.080810 3.718396 -0.166880 -0.145751 5.011331 -0.037056 -0.011872 0.293305 2.314266 -0.019875 6.643174 6.680294 4.075433 1.009433 0.053271 3.861243 4.710426 -0.038221 4.080082 0.059371 0.591098 0.044876 0.140177 0.392320 5.086345 -0.064246 -0.034455 0.337015 -0.103745 -0.030692 0.038003
0.691788 0.868281 0.408635 0.573476 0.018111 1.687633 -0.459536 -0.093438 -0.137340 -0.019071 0.136116 -0.022439 0.006722 0.689393 -0.046176 0.063130 0.114096 1.151447 0.041901 0.510715 0.793080 0.435832 -0.268259 0.045077 1.095167 0.258876 0.061439 0.329252 -0.083328 -0.207876 -0.146940 -0.169426 0.076058 0.910275 0.097415 -0.179994 0.200061 -0.453507 0.056544 -0.033641
1.151003 1.653377 0.814358 0.989554 0.232086 1.578919 -0.106137 -0.064289 0.106071 0.144571 1.644609 -0.200548 0.102904 1.348585 -0.109262 0.002912 0.581919 1.515180 0.072202 2.617321 1.210704 0.871329 0.394467 0.077093 1.459105 2.156338 0.075740 1.659161 0.004005 0.339045 -0.008046 -0.117392 0.301685 1.888624 -0.187821 0.061890 0.302130 0.045466 0.088114 -0.074952
0.853663 1.299653 0.272154 0.338184 0.014795 1.121547 0.173046 0.025415 -0.232446 0.165226 0.273358 0.012609 0.079585 0.426209 0.032163 0.130103 0.223516 1.718961 0.008605 -0.269027 0.768721 0.585772 -0.264948 -0.027452 0.768744 0.129548 -0.074185 0.697022 0.155350 -0.301190 0.035529 -0.088781 -0.011316 1.078035 0.081408 -0.157153 -0.293512 -0.334441 0.048431 0.110709
-0.006807 -0.024087 0.087100 0.092778 -0.118899 0.023792 0.037428 -0.044790 0.094521 -0.122228 -0.000842 0.087561 -0.181567 -0.127861 0.040914 -0.083293 0.080151 0.090187 0.045034 -0.125591 0.082138 0.227519 0.152001 0.093032 -0.048065 0.025106 0.072161 0.045819 0.072237 0.012621 -0.013573 -0.182378 -0.102418 -0.152756 -0.005815 -0.009380 0.040393 0.070593 -0.125714 0.093904
-0.126553 0.235857 0.042459 0.265514 -0.020664 0.110503 0.127476 -0.060269 0.085277 0.040010 0.355975 0.088058 -0.155311 0.290177 0.084014 0.052969 -0.066112 0.010289 -0.017661 -0.104936 0.349939 0.160422 -0.060521 0.080485 0.202382 0.192806 -0.132678 0.014024 -0.050077 -0.037385 -0.119292 0.027484 0.136434 -0.189167 0.132257 -0.040524 0.051484 -0.009770 -0.135547 0.147412
0.205097 0.218380 -0.036375 0.056505 0.020599 -0.248579 -0.085402 -0.155620 0.112486 0.046551 0.131011 -0.064503 -0.057926 0.386643 -0.012675 -0.106952 0.183462 0.076815 0.058183 0.190714 -0.043330 0.084380 0.114220 -0.009837 -0.107848 0.071038 0.017660 0.009781 0.092475 -0.158756 -0.000898 0.095327 0.146021 -0.062250 -0.017619 0.120028 -0.113662 -0.103333 -0.120104 0.153095
4.567614 5.162829 7.527946 1.525698 0.194768 8.079993 0.109637 -0.128163 -0.081351 -0.137697 5.417566 4.194384 0.130699 9.024055 -0.024553 0.011816 0.294671 4.028626 0.043212 10.589399 9.615265 4.443485 -0.227812 -0.111639 3.921394 12.131645 -0.053080 7.825306 0.138173 3.263021 0.035856 -0.055245 0.663560 12.548985 -0.046038 -0.118076 0.780222 -0.692359 -0.135029 0.080852
0.002107 -0.001963 0.007950 0.103796 -0.086740 -0.125940 0.097586 0.056066 0.170151 0.124411 -0.111093 -0.015024 -0.110277 0.047878 -0.042243 -0.015365 0.251451 -0.000533 -0.019779 0.061598 -0.063664 -0.069179 0.092957 -0.166156 0.121325 0.270612 -0.078114 -0.100499 0.090770 -0.044125 -0.149581 -0.139601 -0.061502 -0.065571 -0.005654 -0.086462 0.182230 -0.043323 -0.124485 0.058863
4.990339 -0.718361 7.337224 1.336902 -0.028761 4.701240 -0.004178 -0.000320 0.524625 0.166454 2.814190 4.480820 0.046134 7.909053 -0.101626 -0.180505 -0.225721 1.927056 -0.148364 8.905143 6.182590 3.141612 0.519460 0.033436 2.165233 12.344534 -0.075974 9.167363 -0.140658 1.066275 -0.109962 0.054961 -0.062501 14.185506 0.029271 -0.118697 0.406876 -0.227940 0.096888 0.020455
0.166017 0.178571 -0.071966 0.164513 0.095372 0.014147 -0.126537 -0.155522 -0.028758 -0.144694 0.182716 -0.044819 -0.149627 0.070934 -0.023502 -0.102223 0.242418 0.525090 0.046787 0.170411 0.296322 0.408145 0.259785 -0.126074 0.364830 0.104735 -0.038796 0.135304 -0.153812 -0.004590 -0.087012 -0.063366 -0.040989 0.159929 -0.129656 -0.092653 0.218119 0.143493 -0.026669 0.045217
-0.006786 0.134231 0.046087 -0.067977 -0.045425 0.126463 0.051803 0.023551 0.014692 -0.002181 0.110991 -0.013153 0.009559 0.011947 -0.169454 -0.159704 0.092464 -0.124054 0.101622 -0.097454 0.118172 0.037209 -0.098328 -0.002684 0.060291 -0.134098 0.085666 -0.053734 0.101413 0.024137 -0.065797 -0.056116 0.019800 -0.054255 0.101517 -0.139046 -0.023261 0.005071 0.054914 -0.045748
0.016879 0.237376 -0.111848 0.107875 0.035227 0.105119 0.007879 0.127703 0.002547 0.001868 -0.122401 -0.135743 -0.166988 -0.001957 -0.068370 -0.045909 -0.126421 0.531840 -0.096006 -0.136747 0.343514 -0.146455 -0.022726 -0.116097 0.034688 -0.053148 0.059561 0.005081 -0.157062 0.037775 -0.110241 -0.091229 -0.199203 0.239240 -0.128413 -0.110952 -0.023588 0.144228 -0.036036 -0.091813
0.110656 0.024077 -0.064014 -0.052924 -0.161895 0.159211 -0.149434 0.074543 -0.030646 0.027723 -0.128992 0.070701 -0.098474 0.123237 0.131816 -0.149329 -0.036011 -0.137870 0.127683 -0.001861 -0.127306 0.053892 -0.052111 0.140785 -0.125842 -0.016297 0.076127 -0.031783 0.060383 0.156465 0.066648 -0.125572 -0.146310 -0.068339 0.039731 -0.151727 0.130948 -0.021734 -0.029869 -0.000037
0.036424 -0.015709 -0.027529 -0.039413 -0.075930 -0.162713 0.076194 0.119537 -0.129431 -0.062332 0.149253 0.074732 0.065542 0.082761 0.155645 0.115932 0.035643 -0.073683 -0.023421 0.043484 -0.130959 -0.074306 -0.020351 -0.109531 0.101171 0.056147 0.067698 -0.088199 -0.072452 0.096092 -0.097242 -0.058268 -0.146378 0.155836 0.034316 0.057294 -0.091479 0.026282 0.068641 -0.020240
-0.133984 0.041690 -0.027666 0.063420 0.000088 -0.109099 -0.030519 -0.025555 0.067228 0.051350 -0.004471 0.070743 -0.141051 0.054723 0.042923 -0.146756 0.086555 -0.134912 -0.116885 0.094479 0.079314 0.031731 -0.199966 -0.025273 0.002587 0.034914 -0.038297 -0.118060 0.125070 0.045365 -0.140998 0.124140 -0.120420 0.020106 -0.119157 -0.130837 0.091456 0.050075 0.093239 -0.135708
4.267557 2.060127 5.973780 0.847240 0.090466 4.170106 0.239039 0.018918 -1.517531 0.027117 2.659248 1.799184 -0.056834 5.438432 -0.066551 -0.019416 0.794844 1.920568 0.036347 3.455315 6.072867 1.733054 -0.565429 -0.067023 1.438930 7.935400 -0.147459 5.373714 -0.086779 0.880148 -0.019606 0.021123 0.763986 9.189913 0.026139 0.128712 -0.731041 -0.824587 -0.102024 -0.122377
5.051783 3.733885 12.230094 -0.123990 -0.053337 2.722393 0.136097 0.040855 -1.562358 -0.012259 -0.141191 6.130938 -0.080506 9.757115 -0.152580 -0.190063 -0.168418 0.298569 -0.108875 7.768471 8.218568 0.819069 -1.159569 -0.071250 0.888728 14.180046 -0.146576 8.632408 0.022795 1.197146 -0.068840 0.027665 0.095144 17.477264 0.014223 0.125538 -0.669027 -0.464372 0.049545 0.058971
-0.058831 -0.057466 0.086358 0.323908 -0.062418 -0.112140 -0.310001 -0.113526 0.050782 -0.052579 0.059342 0.036546 -0.084352 0.007374 0.143290 -0.115111 0.112691 0.112370 -0.177497 -0.045259 0.103106 0.140024 0.138642 -0.077992 -0.100353 0.245239 -0.114487 -0.155057 0.081162 0.041398 -0.074995 0.020151 -0.248387 0.049751 -0.081079 0.100531 0.039382 0.064395 0.019237 0.017473
-0.088020 0.035453 0.156683 -0.037125 0.043120 -0.142855 0.087115 0.014140 0.063891 0.020688 0.076435 0.091527 0.032893 0.072642 -0.114353 -0.056004 -0.066964 0.015449 0.045952 -0.184133 0.071165 0.146663 0.121169 0.146531 0.014321 0.037521 -0.076744 -0.040819 -0.082155 0.197130 0.043084 -0.096917 0.118891 0.042905 -0.074460 -0.018669 0.183515 -0.094487 -0.063995 -0.093614
0.082389 0.080001 0.016903 0.038394 0.048441 -0.046704 -0.070404 0.110277 -0.001136 -0.051774 -0.122740 -0.072495 -0.061038 0.018049 -0.111340 -0.100999 -0.054013 -0.165037 -0.055247 0.144266 -0.108010 0.095993 0.036357 0.020956 -0.097862 -0.042258 -0.040046 -0.075790 -0.111452 -0.080563 -0.023005 0.120597 -0.086070 0.058612 -0.067503 -0.065893 0.077082 0.151298 0.026832 -0.134720
-0.067513 0.175940 -0.100173 -0.005138 -0.091727 -0.104353 -0.028509 0.065920 -0.008005 -0.087805 0.133473 0.078595 -0.027243 -0.146160 0.018487 0.081745 0.115458 0.043341 0.099424 -0.056999 -0.044652 0.129153 -0.106607 -0.031656 0.083944 0.090575 -0.082090 0.042579 -0.020468 0.061635 0.059630 -0.130570 0.023238 0.076734 -0.030706 0.114036 -0.080973 -0.005598 0.070974 -0.129204
0.037381 -0.136316 -0.170466 -0.077693 -0.139372 -0.028952 0.041928 0.087152 0.109968 -0.113588 -0.018159 -0.036503 0.015470 0.015845 -0.045428 0.027919 0.045690 -0.114966 0.021906 -0.123745 0.003136 -0.208021 0.054765 -0.130452 -0.155350 0.062513 -0.088783 0.085541 -0.185428 -0.051158 -0.101892 -0.118001 -0.078209 -0.046910 -0.136317 0.088260 -0.059915 -0.148364 0.010805 -0.096910
0.074766 0.150091 0.054656 -0.097629 0.096323 0.121352 0.099976 -0.065577 -0.003108 0.021344 0.041195 -0.033780 0.103574 0.018564 -0.063052 0.085546 0.046018 0.114474 -0.154001 0.085529 -0.021404 -0.065281 -0.084232 -0.039648 -0.095944 -0.107949 -0.144364 0.110465 -0.098544 0.042061 0.028727 -0.046630 0.071986 -0.027902 -0.110913 0.096010 -0.078244 -0.065999 -0.028825 0.090007
0.163988 0.173739 0.266780 0.206072 0.101557 0.194030 0.134635 -0.154983 0.155701 0.059995 0.126203 -0.138739 0.040371 0.301352 -0.077619 -0.129982 0.220478 0.243623 -0.120892 0.290150 0.088667 0.249202 -0.135801 -0.058279 0.248704 0.302815 0.135513 0.037911 -0.077484 -0.089760 0.008777 0.086165 0.155419 0.139433 0.077444 0.070604 -0.082671 -0.018900 -0.032927 0.081739
2.299382 4.163324 1.009116 1.460636 0.065033 5.472784 -0.051584 0.024013 -0.045850 -0.078362 2.759569 0.254416 0.033435 2.909821 -0.100145 -0.140789 0.338689 2.762985 -0.084053 3.054135 3.058609 0.978808 0.521828 0.104167 3.705087 2.663038 0.149352 2.413550 -0.006058 0.289747 -0.089797 0.064009 0.620938 2.105501 -0.030065 -0.118734 1.063616 0.338512 -0.131920 -0.056894
3.312860 6.093735 1.277899 2.847805 0.469305 4.247917 0.120000 -0.144731 0.245181 -0.052448 4.459962 0.936200 -0.033892 4.699937 -0.112766 0.018008 0.150156 5.272873 -0.136211 3.891773 3.753205 2.137292 0.435829 0.063714 3.231663 7.326420 -0.117905 5.202657 0.136619 0.354952 -0.057981 0.050903 0.621124 6.412537 0.081450 0.059500 0.392054 -0.101925 -0.005659 -0.101623
4.014538 -0.160027 9.420054 -0.262098 0.071630 5.172493 0.004872 0.003769 -8.136008 -0.130643 1.236688 12.021399 0.072068 12.146255 0.099329 0.017124 -0.146237 0.103787 -0.022171 7.714336 9.558816 0.750317 -1.433487 0.030966 0.854978 14.376075 0.113827 2.451462 0.050667 -0.487400 0.011781 -0.011116 0.242380 17.706810 0.022288 -0.126654 -1.809048 -0.789540 0.013442 0.081029
0.050600 -0.050152 -0.054360 0.102831 -0.090516 0.029446 0.117013 -0.067919 0.000986 0.112777 0.131402 0.130695 0.036824 -0.092962 -0.028913 0.016580 -0.157714 -0.066135 -0.152451 -0.011276 0.106793 0.093653 -0.165838 0.006489 0.073419 -0.097633 -0.021843 -0.089766 -0.064820 -0.008433 0.019605 -0.002607 -0.146720 0.004314 -0.079870 0.086181 -0.034713 -0.082396 0.031864 -0.115457
-0.121695 0.124561 0.088605 0.029940 -0.067356 -0.045739 0.003255 -0.075820 -0.133211 -0.052274 -0.079702 -0.036218 0.108810 0.033413 -0.035615 0.085157 -0.058419 0.045222 0.080292 0.127513 0.107485 -0.116349 0.121113 -0.010545 0.178993 0.058134 0.011845 0.206149 -0.011188 -0.009202 0.045859 -0.000656 0.019438 0.145158 0.112065 0.046827 -0.002929 0.103296 0.005851 0.094983
0.058750 0.126552 0.022214 0.018294 0.059912 0.146344 0.069662 -0.017056 0.082959 -0.017952 -0.178369 -0.138098 0.083653 0.080707 0.154641 -0.025434 -0.207314 0.024841 0.028327 -0.129070 -0.109559 -0.065845 0.040068 -0.119531 0.102593 0.029404 0.064995 0.135679 0.020001 0.100426 -0.085746 -0.070735 0.098321 -0.099505 0.037039 -0.139774 -0.070819 -0.082139 0.000775 -0.061181
-0.031935 -0.005383 0.088572 0.142750 0.095382 -0.079732 -0.012602 0.056982 0.124814 -0.041315 0.088222 -0.047114 -0.097639 -0.138567 -0.132942 0.088751 0.091497 0.115834 0.065589 -0.043468 -0.034118 -0.044505 0.073960 -0.063617 -0.068003 -0.126172 0.008477 -0.054288 -0.087246 0.112564 0.082527 -0.118022 0.010816 -0.079553 0.000607 -0.148927 -0.081607 0.062562 -0.020753 0.024380
8.378093 0.454106 10.318108 1.167467 -0.209856 15.429512 -0.395711 0.077304 -12.846109 0.001249 1.314831 4.322453 0.026778 12.911532 0.020789 -0.085259 0.177622 0.988312 0.015113 4.400043 23.301586 1.022055 -3.448371 -0.050506 0.451223 9.157524 -0.065326 7.536790 -0.164967 -7.566549 -0.162176 -0.199545 0.798795 6.450304 -0.007607 -0.185994 -3.760565 -2.946203 -0.112428 0.036731
-0.102373 0.215148 0.399998 -0.042630 -0.205143 -0.041813 -0.081036 0.007798 0.099148 0.020192 -0.054344 0.050911 -0.056110 -0.085259 0.134117 -0.113854 -0.265093 -0.190503 0.146263 0.014700 0.041315 0.168119 0.351153 -0.053165 -0.003185 0.216088 -0.116644 0.327814 -0.049608 0.372923 -0.006837 -0.054073 0.060142 0.489578 0.156820 -0.018469 0.127512 0.096770 0.050011 0.048327
6.126377 1.591584 7.898533 1.338635 0.015796 7.141831 0.049533 0.038865 3.620727 0.064755 2.522486 8.814855 -0.003723 6.029479 0.076012 0.094589 0.860965 2.661015 0.139942 6.568150 13.711057 2.702382 -0.575405 0.013249 2.240185 10.258494 -0.092372 7.677197 -0.151621 5.615540 0.027687 -0.030311 0.524727 9.893136 0.099898 0.098246 0.092273 -1.188598 0.065914 0.021246
0.059550 -0.004436 0.376760 0.083670 0.228097 0.304915 -0.003032 -0.122418 0.222171 -0.068795 0.066798 0.005475 0.028098 0.143524 0.008406 -0.009854 0.378139 0.083659 0.158817 0.257070 -0.040715 0.396666 0.094778 0.120742 0.150840 0.316187 -0.152456 0.120765 0.137603 0.102779 0.044613 0.129117 0.134367 0.104562 -0.032144 -0.014570 0.339016 0.288215 -0.132359 0.070511
0.123328 -0.103248 0.013792 -0.036071 0.158662 0.094800 0.153147 -0.142133 -0.059235 -0.087129 0.106350 0.080504 0.129060 -0.121980 -0.057291 -0.065643 0.012052 0.067607 0.026963 -0.015651 0.048525 -0.096651 -0.049212 -0.156581 -0.019205 0.117130 -0.073035 -0.113149 -0.076345 0.127954 -0.014498 -0.006310 -0.162697 0.081941 0.159124 0.057593 0.069346 0.091642 0.036995 -0.037391
0.205213 0.264987 0.191731 0.226026 0.203175 0.244782 -0.008012 0.028205 0.025071 -0.034040 0.149220 0.071683 0.056645 -0.024102 -0.068578 0.132259 -0.041821 0.317193 -0.043071 -0.018364 0.283882 0.059771 0.035647 0.027617 0.002209 0.098799 0.021603 0.066993 0.121463 0.154050 0.104220 -0.073376 -0.035342 0.030779 0.044720 0.108045 -0.115190 0.084179 0.050731 -0.160932
1.915627 4.076144 1.628608 1.179850 -0.141051 3.359643 0.053726 -0.048035 0.238919 -0.358210 3.170710 0.042081 -0.052340 1.434870 0.121902 0.065522 0.540528 1.940825 -0.047585 3.327311 1.825891 2.602219 0.989328 -0.020815 3.057899 3.595629 0.060379 3.058248 0.070235 0.560623 0.057312 -0.002255 0.360061 3.539461 -0.073277 -0.081282 0.575893 0.068242 0.014445 -0.153627
0.290372 1.144052 1.783918 0.915639 -0.005541 2.415809 -0.091871 0.136171 0.287714 0.169808 1.904681 -0.413844 0.038550 2.211696 0.057713 0.093736 0.074188 1.580802 -0.109989 3.027251 3.094932 2.346194 0.387294 -0.117684 1.749904 4.057593 -0.072679 4.102297 0.125099 0.388067 0.054480 0.086724 -0.100112 4.713199 0.034018 -0.147834 0.645898 -0.675567 -0.094189 -0.044210
-0.761224 -0.750008 -1.978856 -1.113317 -0.628458 -0.656014 -0.114399 -0.022570 1.130950 -0.064091 -1.691709 1.013307 0.025235 0.498068 -0.032611 0.019992 -0.977540 -1.568139 -0.069879 -0.965697 0.732584 -1.462949 -0.101100 0.011575 -1.424031 -1.396433 0.061148 -0.999614 -0.197078 -0.513514 -0.050740 -0.201807 -0.876985 -1.524327 -0.181263 -0.055725 -0.077751 -0.161174 -0.100014 -0.145492
-0.111227 -0.076047 -0.064991 0.050464 -0.107610 0.010680 0.098728 0.017242 -0.130037 -0.070653 -0.038126 -0.090548 -0.157026 -0.117323 0.025178 -0.021957 0.037568 -0.027106 -0.137569 -0.085114 -0.099553 0.041088 -0.034059 0.090955 0.094702 0.086784 0.053777 0.079271 0.093238 0.071114 0.147028 0.007501 -0.014206 0.029589 0.120032 0.046065 0.036675 -0.036187 -0.159530 0.006752
3.649498 -1.349960 10.648106 0.764812 -0.598400 0.607608 -0.050435 0.066240 -10.660057 -0.086546 0.224250 11.919105 -0.012085 13.102400 -0.102319 -0.262718 -0.246663 0.673539 0.069386 7.356730 7.968885 0.111783 -1.495868 0.027049 0.136398 13.423244 -0.142819 1.281109 0.101657 -2.863051 -0.093673 -0.112699 -0.322014 15.890962 -0.130836 -0.194653 -1.462284 -0.656673 -0.054521 0.060218
0.065844 0.207245 0.066053 0.024306 0.218825 0.123915 0.158674 -0.174456 0.083161 -0.048228 0.041591 0.120911 0.045906 0.094752 0.081643 -0.095573 0.412180 0.017661 -0.131112 -0.038316 -0.104038 -0.035263 0.167128 -0.050331 0.113074 0.130827 -0.113270 0.136129 0.058537 0.075039 -0.002594 -0.043185 -0.020658 -0.094872 -0.020396 -0.137353 0.074174 0.200984 0.027194 0.014932
0.058525 0.036744 0.156864 0.062764 0.057105 0.142988 0.016053 -0.197134 -0.018526 0.100230 0.020517 0.107534 -0.124155 0.246003 0.063134 0.089578 0.187098 0.367997 -0.063728 -0.049371 -0.062149 0.111321 0.246358 -0.156153 0.119162 0.099086 0.003140 -0.040382 0.138018 0.178530 -0.106423 -0.088764 0.142794 0.169590 0.088553 -0.021344 0.010689 0.079934 0.047661 0.115442
0.082758 0.000883 -0.030479 0.165692 -0.029301 -0.159229 0.062996 0.013993 0.097767 -0.126539 -0.029673 0.121049 -0.128374 0.023759 0.114456 -0.056198 -0.086932 -0.090043 0.010675 0.015256 0.069482 -0.120541 -0.167517 0.090793 -0.014980 -0.092306 -0.105761 -0.000736 0.035128 -0.023560 -0.044347 0.107590 0.082284 0.000534 -0.007134 0.087672 0.083685 0.069997 0.081974 -0.127036
5.249057 0.039424 10.485171 1.252883 -0.001391 1.165332 -0.006703 -0.061892 -4.531723 -0.048985 1.254308 5.356682 -0.079258 6.054854 -0.055768 0.083269 -0.068754 2.295093 0.073639 7.540351 6.207863 2.510442 -0.985640 0.039900 1.206125 12.236088 0.017048 7.128862 -0.101627 -0.756326 -0.007944 -0.053659 -0.105110 13.409141 0.125074 0.010899 -1.143920 -0.794763 -0.108624 0.020266
1.415427 5.092627 2.228231 2.553103 -0.046157 1.133852 -0.436201 -0.009569 -0.821688 0.070045 4.990111 0.192850 -0.073351 2.558237 0.068774 -0.089535 0.284587 5.158549 -0.057795 3.566771 2.398803 3.666326 0.567016 -0.046424 3.156368 4.158614 0.109426 3.897195 -0.007794 -0.246010 0.081119 -0.011894 0.339948 2.605451 -0.018889 0.014224 0.054068 -0.889531 -0.003389 0.067587
0.527750 1.470870 0.209577 0.294347 -0.063007 1.429604 0.140326 0.105475 -0.074647 0.059777 -0.121128 -0.048798 -0.143568 0.839749 -0.047820 0.064493 0.264407 0.777418 -0.081303 0.417017 0.478922 0.148816 0.102148 0.068676 0.709363 0.192204 0.052300 0.372334 0.026461 -0.002942 0.128166 -0.040690 0.031141 1.447638 -0.102459 -0.117778 0.093555 0.051572 -0.056384 0.130039
7.774322 0.136321 7.109398 2.142756 0.129307 9.837391 -0.047320 0.088962 0.745753 0.072357 4.634620 8.642779 -0.143870 11.030872 -0.100591 -0.144307 0.585264 4.899523 -0.030201 14.429626 9.552595 3.916891 1.061956 -0.069007 4.027798 12.490607 0.105858 13.172618 -0.011486 0.745622 0.094952 -0.145669 0.015240 18.659948 -0.012827 -0.131415 1.443571 0.030981 -0.096720 0.080330
0.209224 0.613882 0.269909 -0.221488 0.092786 0.253217 -0.169619 -0.159882 -0.387492 -0.027375 0.277542 0.078975 -0.073515 0.497218 -0.118816 0.072774 0.225690 0.467344 -0.145352 0.359317 0.376139 -0.397354 -0.134407 -0.105044 0.233344 0.244531 -0.010455 0.258922 -0.111033 -0.134189 -0.108652 0.020534 0.126375 0.687062 0.136036 -0.045689 -0.261457 -0.244824 -0.045430 -0.132931
0.203789 0.184500 0.059990 0.189184 -0.004431 0.117965 0.044953 0.074555 -0.137123 -0.121479 -0.066717 -0.066514 0.028245 -0.064473 0.043152 -0.105675 -0.017028 0.081113 0.028828 0.068445 0.177236 -0.050638 -0.125509 -0.047769 0.123536 -0.024599 -0.117027 0.032494 0.086240 -0.014745 -0.093680 0.150280 -0.107112 0.302207 0.081305 0.060699 0.151183 -0.069258 0.019084 0.130949
-0.608352 -0.699081 -2.060972 -0.821279 -0.338482 0.363827 -0.130302 -0.105783 0.513876 -0.009288 -1.653704 0.803592 -0.157281 0.610934 -0.123755 -0.132988 -0.830951 -1.467692 -0.021108 -1.038031 0.732079 -1.561784 -0.279052 -0.143104 -1.332345 -1.444578 -0.168578 -1.129876 -0.131276 -0.274011 -0.017210 -0.055027 -0.803979 -1.663734 -0.061015 -0.010221 -0.152838 -0.199304 -0.154512 -0.112645
0.020906 -0.119033 -0.084834 -0.077624 -0.087542 -0.149317 -0.130569 0.019165 0.076930 0.146216 0.058745 0.145726 0.091876 -0.043667 0.025220 -0.067004 -0.039201 -0.075956 0.115685 -0.040806 -0.116207 -0.015823 0.019298 0.087207 0.038425 0.097767 0.153091 -0.009157 -0.116166 -0.031631 -0.138868 0.067160 0.002136 0.133771 -0.090534 -0.004950 0.084594 -0.175133 -0.152648 -0.117006
1.541498 2.434513 1.499340 1.748925 0.243324 2.731095 0.131436 -0.075047 -1.289360 -0.039019 1.659496 0.724485 0.074892 2.921684 0.146643 -0.022330 1.584728 1.916359 -0.002753 1.900363 3.017459 0.785219 -0.973472 -0.094063 2.186632 1.864103 -0.007834 1.374677 0.075755 -1.280926 -0.057534 -0.128176 1.309210 0.715516 0.013045 0.060123 -0.842613 -1.174317 -0.117078 -0.116573
0.463909 0.114628 1.619172 -0.520369 0.364029 -0.619138 0.056805 -0.018848 -0.754275 -0.101869 0.039874 -2.357429 -0.107326 -2.000359 -0.108745 0.051211 0.053411 -0.763942 -0.150892 0.112288 -2.453032 -0.825911 0.147430 -0.153444 -0.591779 1.131915 -0.153942 0.395078 -0.043403 0.194780 -0.066622 -0.022867 0.391937 1.555847 0.007945 -0.196152 -0.204273 0.210920 0.107368 0.041506
5.629403 3.030883 8.852823 -0.968577 -0.053003 2.374314 -0.010068 -0.165903 -0.277806 0.121209 1.307494 2.668104 0.116792 9.209607 0.027265 -0.103930 -0.137905 0.952264 -0.028052 8.926402 7.542595 1.439348 0.210630 0.008607 1.205158 9.303265 -0.013418 6.594960 -0.117283 2.617642 0.121024 0.012704 -0.022186 13.942808 0.037139 -0.135398 -0.229754 -0.379311 -0.150779 0.062422
0.071031 0.057590 0.179741 0.068159 0.192803 0.058866 -0.037558 0.031398 0.159397 0.128704 -0.038296 -0.044387 0.134551 0.305796 -0.071409 -0.013134 0.016221 -0.083898 0.100675 -0.151943 0.111436 0.157513 0.105527 0.018133 -0.193915 0.031668 -0.060941 -0.051223 -0.067848 0.078006 -0.139620 -0.045393 0.080062 -0.139446 -0.055562 0.053233 0.048886 0.181919 0.032764 -0.110335
1.934875 0.467863 2.214193 0.058639 -0.106523 3.528227 0.042762 -0.111961 -0.076283 -0.134873 1.601506 -0.348027 0.119697 3.097231 -0.063313 0.015865 -0.054204 1.694934 0.069324 4.089131 3.508357 0.706471 0.105702 0.020252 1.131598 5.054371 0.072309 2.364806 -0.087706 1.055430 -0.143256 -0.009851 0.034586 5.008986 -0.087878 -0.051658 -0.041182 -0.223642 0.065380 -0.161663
2.010536 3.815747 0.305201 2.884716 -0.171468 3.538206 -0.037188 0.141288 -0.256932 -0.150653 2.088353 0.001839 -0.121146 0.978224 -0.083009 0.114941 -0.091773 3.723755 -0.082828 2.894439 1.322691 2.274208 0.104941 0.102156 2.437144 0.500765 0.027509 1.826665 0.074759 0.018288 -0.066206 -0.119821 0.306772 2.016854 -0.158951 -0.019402 0.889329 0.492819 0.032589 0.104799
0.111381 -0.018637 0.078009 -0.051758 -0.162897 0.060972 0.062891 0.041895 0.082666 0.085493 -0.110615 -0.026218 -0.024637 -0.106605 0.068489 0.049554 0.083751 -0.114721 -0.019581 -0.083208 0.049237 -0.079861 -0.132729 0.122214 -0.120680 0.212520 -0.009914 0.184311 -0.090668 0.087707 0.042808 -0.151721 0.052093 0.119819 -0.075798 -0.141759 -0.052171 0.005917 -0.025469 -0.119673
-0.153220 0.036041 -0.054715 -0.129917 -0.031700 -0.049439 -0.002343 -0.138340 0.126770 -0.053610 0.029757 -0.046897 0.091630 -0.131964 0.073468 0.036492 0.130845 -0.031937 -0.109254 -0.058822 0.131974 0.003615 -0.058281 -0.056095 0.111417 -0.053437 0.089688 -0.101001 0.107404 -0.099813 0.140672 -0.031499 0.023372 -0.005982 0.129874 -0.032654 -0.043873 0.045346 -0.052896 -0.102812
0.109229 0.156702 0.313672 -0.134340 0.057522 0.086321 -0.016012 -0.116488 0.267723 -0.030797 0.340169 -0.073507 -0.123699 0.039989 -0.053473 0.102696 0.281823 0.145420 -0.253772 0.231821 0.101380 0.060672 0.161509 -0.102560 0.461572 0.134427 -0.081627 -0.069026 -0.088226 0.183381 -0.042463 0.037944 0.111747 0.234297 -0.096534 -0.063651 0.102497 0.121314 0.001294 0.045662
5.250188 2.936059 8.834991 0.250500 -0.052193 1.411547 -0.073562 -0.127194 -2.004358 -0.204730 2.276026 4.237420 -0.047214 7.445807 -0.148332 -0.149790 -0.173365 3.389432 0.034778 5.358184 6.621248 2.348375 -0.576699 -0.126084 1.426687 11.474182 -0.108714 5.185498 0.007657 0.759062 0.048060 0.103053 -0.237192 11.423300 -0.152707 -0.088554 0.029229 -0.711504 -0.116987 0.150838
1.328358 1.671659 0.524375 0.501533 0.229966 1.790166 0.094666 -0.067404 -0.516869 0.100872 0.514479 -0.176979 -0.090619 0.933676 -0.074385 0.067380 0.713259 1.494101 0.034382 0.565331 1.424209 0.376812 -0.479961 -0.060824 1.281076 0.635578 -0.010276 1.114087 0.059512 -0.386678 0.132353 -0.076642 0.406735 1.147103 -0.096340 0.006801 -0.562684 -0.317802 0.115821 0.061912
1.569129 1.221338 2.701982 1.278810 -0.111314 -1.525902 -0.043979 0.036581 1.004083 0.092678 0.927997 -1.711836 -0.043381 1.864832 0.015061 0.065955 0.624227 0.718106 0.109062 2.752750 3.887977 1.463173 0.298020 -0.000188 1.096712 1.801165 -0.109910 3.250733 -0.141163 1.890385 0.128042 0.121776 -0.235102 5.608143 -0.132907 0.087967 0.260574 -0.329899 0.086438 -0.024255
0.037278 0.016233 0.060485 -0.099967 0.025580 0.007384 0.033025 -0.021097 -0.050559 -0.093114 -0.075335 -0.011688 -0.052962 -0.115280 0.107770 0.002963 0.009973 -0.033485 -0.053942 0.035247 -0.164258 0.181372 -0.048502 0.135193 0.181181 0.074542 -0.076415 -0.014183 0.040752 -0.047573 0.008347 -0.016129 -0.015127 0.162069 0.045062 -0.184046 -0.023215 0.139441 -0.079011 0.050386
0.028575 0.110376 0.158536 0.059689 -0.172723 -0.181990 0.207384 0.070714 0.139413 0.028085 0.207802 0.079302 -0.037234 0.168118 0.016822 0.107915 0.091898 0.269224 0.040128 0.001868 -0.005764 -0.084989 0.225954 0.093711 0.062326 0.026173 -0.022984 -0.126507 -0.100424 0.201832 0.034028 -0.040768 -0.038663 0.070875 -0.130001 -0.023555 -0.025840 -0.035816 -0.006680 -0.070181
0.187706 0.123879 0.065425 -0.122797 0.059840 -0.316766 0.016495 -0.069409 0.158536 0.068324 0.111922 -0.138559 -0.117462 0.191605 -0.063407 0.090299 0.041984 0.194930 -0.046311 0.005612 0.027398 -0.030246 0.041529 -0.080525 0.039745 -0.098926 -0.087143 -0.152501 0.018566 0.044005 0.061795 0.113973 0.078935 -0.017760 0.115070 0.032165 0.182276 0.119672 -0.023003 0.126470
0.265867 1.768698 1.441230 1.767718 -0.069884 1.194129 0.000788 -0.124183 -0.955662 -0.110958 3.321330 0.014524 0.098175 0.900513 -0.076395 -0.097460 -0.017758 2.314936 0.119172 2.884496 1.156657 4.982850 0.403220 -0.037825 2.561393 3.312180 0.095268 3.236114 -0.011228 -0.234624 -0.123974 0.091208 -0.076071 1.208423 -0.072117 0.109706 0.603316 -0.051690 0.099088 0.098712
-0.062069 0.378323 0.148350 -0.152561 0.001698 -0.055472 -0.047110 -0.092504 0.072682 0.112700 -0.146385 0.051881 -0.070260 -0.040057 -0.083919 -0.041778 -0.054447 -0.040125 0.102358 -0.017295 0.104482 0.138387 0.050082 0.123751 -0.047898 0.143572 -0.037306 0.200873 -0.050926 0.046574 0.046118 0.024618 -0.086171 0.062807 0.132305 -0.141011 0.069269 -0.064010 -0.015549 -0.146121
-0.044222 -0.005862 -0.095024 0.140666 -0.096728 0.140477 -0.008555 0.043380 -0.022040 0.114876 -0.057488 -0.125558 -0.059679 -0.144110 0.128067 0.068654 -0.013906 -0.085937 -0.062622 -0.085355 0.089592 0.042352 -0.077894 -0.130472 0.046658 -0.121550 0.062666 0.039221 0.027913 0.095857 0.063318 0.014840 0.096343 -0.076143 -0.007132 -0.030690 -0.161430 0.072850 0.051675 -0.086857
1.334223 2.879106 0.186666 0.789915 0.351553 2.809107 0.218418 -0.023811 -0.133223 0.076352 0.435370 -0.075208 -0.136252 1.891751 0.145365 -0.031328 0.430470 2.443712 -0.000198 1.070614 2.022392 0.985582 -0.080817 -0.079121 1.362374 1.008102 0.034967 1.713750 -0.034522 0.023850 -0.132603 -0.135180 0.434177 1.288027 -0.123320 -0.111246 0.331715 -0.033127 -0.056326 0.078267
4.843217 -0.427850 7.607915 0.129435 -0.489140 -5.031296 0.058722 -0.032646 -4.107569 -0.036266 -0.138482 -2.989949 -0.077323 1.937005 0.087546 -0.074014 -0.317236 0.181151 -0.006083 2.899001 4.268497 0.243772 -0.659752 -0.155917 -0.387156 7.005497 -0.007326 4.574013 0.028509 -2.451493 -0.111150 0.036037 -0.290216 8.474319 -0.000483 -0.047303 0.156802 -0.432570 0.001759 -0.005999
-0.025614 -0.002551 -0.143449 0.126460 -0.080884 -0.116563 -0.108253 -0.097745 0.036354 -0.100913 -0.044725 -0.056977 0.156029 0.146514 0.095793 -0.097039 0.051057 0.000507 -0.045690 -0.107382 -0.109936 0.013271 0.029384 0.093566 0.095925 -0.035895 0.040303 -0.142657 -0.013113 -0.001070 0.028671 -0.108884 -0.066775 -0.123474 0.156680 -0.139987 -0.086805 -0.012901 0.086318 0.050686
0.247753 0.201754 0.311763 -0.122149 0.010988 0.251787 0.016821 -0.141671 0.105026 -0.080591 0.132985 -0.071197 -0.095515 0.004699 0.000103 -0.154187 0.026609 0.148311 -0.077911 0.256084 -0.114548 0.475147 0.134451 0.031258 0.061907 0.258775 -0.096446 -0.176524 -0.020486 0.081689 0.095242 -0.108804 -0.156337 -0.037957 0.080301 0.074387 0.178829 0.225652 -0.074624 -0.181750
-0.114019 0.050740 0.141673 -0.033902 0.151288 0.071771 0.081053 0.142156 0.134027 -0.145962 0.097002 0.124788 0.137572 0.038964 -0.000363 0.110614 0.059042 0.164341 -0.140668 -0.117054 0.191184 0.170569 0.112392 0.146503 -0.128199 0.030337 0.031477 0.143114 -0.046952 0.119108 -0.118697 -0.064068 -0.076745 0.035335 -0.059154 -0.110056 -0.098888 -0.109913 0.045027 -0.013948
-0.000684 0.191743 0.086375 -0.160030 -0.103962 -0.283433 -0.040033 -0.130756 0.162287 -0.019556 0.099416 0.043958 -0.110415 -0.070665 -0.100800 -0.121120 0.124068 0.077081 -0.072660 0.119057 -0.157426 -0.203159 0.065106 -0.122303 -0.007367 0.217939 0.093595 -0.243975 -0.026216 -0.076815 -0.147132 0.131335 -0.135241 0.206536 -0.044061 -0.021157 -0.050626 0.149402 0.033110 0.052581
4.177944 -1.262418 9.867042 -0.568768 -0.061537 -3.637599 -0.240858 0.020557 -8.655269 0.038546 0.322985 7.661140 -0.102610 7.986416 0.121012 0.014594 -0.048896 -0.532462 -0.084705 5.477811 5.687438 -0.800036 -0.080307 -0.060117 -0.583841 9.683161 0.082792 0.855640 -0.001858 -2.175658 -0.060156 -0.103304 -0.212525 13.388504 0.027753 -0.105683 -0.291281 -0.445171 -0.087704 -0.006785
9.490451 1.328399 11.997271 1.301535 0.101901 12.587855 0.109123 -0.135252 -6.226462 -0.069850 -0.244394 4.297698 0.154010 9.923115 0.121785 -0.006282 -0.582938 1.390257 0.008634 4.655581 17.652685 0.701846 -0.378715 0.135857 0.497064 8.342412 -0.152698 8.088368 -0.077752 -4.351131 0.029699 -0.136826 -0.615039 8.428182 0.146649 -0.137390 -0.541986 -0.336049 0.108730 -0.141504
0.023547 -0.059690 0.178924 -0.012893 -0.069851 0.032063 -0.117637 -0.084396 0.130042 0.051530 0.034093 0.031959 -0.116712 -0.033900 -0.032865 -0.146302 -0.097382 -0.118724 0.071731 0.172431 0.121004 0.028577 -0.064285 -0.103213 0.011699 -0.106287 0.112717 -0.017544 0.105803 0.109684 0.073493 -0.102576 -0.033748 0.022065 0.105920 -0.138092 -0.128764 -0.065350 0.045190 -0.141592
1.801090 1.776524 0.484442 0.997878 -0.213152 2.834117 -0.101966 0.097351 0.182899 0.177620 1.287025 -0.060681 -0.070927 1.362868 0.081503 -0.021040 0.553661 1.014354 -0.030464 1.140301 1.948314 0.143637 -0.298907 0.043083 1.982904 1.368823 -0.051454 1.011444 -0.074829 0.399815 0.000008 -0.036758 0.227790 2.484398 0.088664 0.024252 0.439260 -0.223420 0.059359 0.009790
4.645836 0.880418 5.843967 1.828002 0.348030 4.290848 -0.093038 -0.008048 -0.408328 -0.070703 2.252439 1.243515 -0.146974 4.374350 -0.114895 -0.171017 0.167899 1.296273 0.047939 7.626985 5.449615 2.297890 -0.547870 -0.015406 3.774182 6.850282 0.102686 5.433357 -0.158194 1.032026 -0.021553 -0.028159 0.407832 10.425282 -0.047199 -0.081500 -0.168114 -0.614012 -0.111167 -0.109078
2.604232 3.327844 1.739210 0.604460 -0.131820 1.970167 0.093284 0.109895 0.406002 0.050595 0.400070 -2.260111 0.090032 2.501588 0.086663 -0.012289 0.490438 1.495304 0.175234 1.726738 2.722460 1.255245 0.214481 -0.015062 2.252346 2.464866 -0.038278 2.789160 -0.083737 -0.187012 0.020363 0.081325 0.387634 4.934660 -0.090941 0.122256 -0.160763 -0.326801 0.054769 -0.147905
0.740356 1.223856 0.566034 0.486081 -0.128535 0.819533 -0.220028 -0.072547 0.086598 -0.018477 0.340233 -0.072168 0.004563 1.003397 -0.043936 -0.135858 0.875145 2.392452 -0.035705 0.572306 0.445149 0.782000 0.026200 0.018829 0.716230 0.313307 0.047770 0.444746 -0.016636 -0.028433 -0.017628 0.077737 0.117877 1.292843 0.058463 -0.141799 -0.116218 -0.032484 -0.079506 -0.020960
2.205727 3.199477 1.517821 0.923949 0.036811 2.943777 -0.309558 -0.069421 0.201683 -0.115888 0.154057 -0.694587 -0.152874 1.613814 -0.096612 -0.032920 -0.150263 0.082876 -0.045998 3.828012 2.001574 1.199997 0.233033 0.080125 1.539415 2.389519 0.018177 1.550567 -0.070414 0.602242 0.045501 -0.042238 0.261994 2.746403 -0.130944 0.117974 0.009783 -0.221150 0.146294 -0.157295
0.163980 -0.087551 0.091063 -0.051959 -0.038940 0.091009 0.085079 -0.121525 -0.057625 -0.022609 0.014089 0.122977 0.134410 -0.040476 0.122804 -0.133758 -0.113719 0.134693 -0.078239 0.078984 0.273844 -0.083593 -0.052394 0.114557 -0.059757 -0.037827 0.031270 -0.022849 -0.151775 0.075445 -0.007938 -0.042854 -0.055196 0.200743 0.052590 0.110020 0.101262 0.135956 0.051928 -0.030243
0.135008 -0.139725 -0.100584 -0.148256 0.125574 0.139716 0.041910 -0.060572 0.062717 0.069834 0.137131 0.021428 -0.101238 0.105291 0.117139 -0.143768 -0.112893 -0.015939 0.027224 -0.015902 0.098449 0.145343 0.018380 0.079809 0.133989 0.124762 -0.151394 -0.042647 -0.096361 -0.009916 -0.034895 -0.100721 -0.044241 0.041643 0.029002 -0.141136 0.032545 -0.038722 0.025804 0.020440
0.096110 0.171776 0.065503 0.059582 0.325431 0.137332 0.028678 -0.029027 0.081737 0.118151 -0.123842 0.014845 0.113554 0.202832 -0.020428 0.027393 0.045760 0.060057 -0.008081 -0.072978 0.137037 -0.049590 0.192380 0.090060 0.020721 0.004006 0.093328 -0.053801 -0.062198 0.122838 -0.074396 -0.033578 0.074953 -0.054019 -0.130211 0.136326 0.047788 0.084472 -0.134790 -0.013620
3.725440 1.532406 7.835297 1.242648 -0.089259 2.006779 -0.000374 -0.015434 -0.971893 -0.006456 0.790478 3.725986 -0.140805 6.635529 -0.136203 -0.234968 0.020728 2.211470 0.150781 6.624950 5.793327 1.697336 -0.833710 -0.085166 1.305114 8.688317 0.006504 6.924104 0.045039 0.875520 0.051200 -0.019652 -0.151514 10.218575 -0.174195 -0.165109 -0.469266 -0.650985 0.056337 -0.140204
0.155195 0.096570 0.338215 0.113517 0.108554 0.252189 -0.071287 0.000504 0.103613 0.090413 0.170315 -0.088037 -0.080512 0.189993 -0.019106 -0.110307 0.114331 -0.219701 0.070142 0.139265 -0.007271 0.047807 0.229835 0.122027 0.410704 0.234959 0.077211 0.295173 -0.178336 0.115114 0.131322 -0.129260 0.269010 0.150893 -0.088916 0.111296 0.149662 0.306459 -0.187836 -0.169462
0.302573 1.851862 0.152517 0.700442 0.155313 1.811615 0.206660 -0.048644 -0.031360 -0.073673 0.086351 -0.162538 0.045625 0.886863 -0.107071 0.052191 0.084688 1.928403 -0.071160 -0.140822 1.321202 0.548533 0.171322 0.026455 0.653734 0.018740 0.008818 0.896882 -0.064825 -0.063312 -0.013968 -0.125650 0.172967 1.870052 0.116670 -0.075427 0.103446 0.180165 -0.016832 0.148331
2.079057 1.050625 3.388426 0.640138 0.251780 3.334827 -0.110635 0.030829 -0.429115 0.028587 1.894190 0.133507 -0.134613 3.398091 0.017582 0.200090 -0.063252 2.240077 0.099786 3.283128 3.988427 1.937019 -0.263630 0.145678 1.972395 7.056541 -0.194616 4.903745 0.066358 2.005254 -0.156690 -0.117341 0.866443 7.187559 0.009004 0.082681 -0.493092 -0.655450 -0.026874 -0.094766
2.845946 0.913773 5.706828 0.041589 -0.195293 3.996743 0.289184 -0.014846 -1.037355 -0.049026 1.444452 2.836916 -0.151842 5.747789 -0.123718 -0.177738 0.061352 2.278506 0.103520 5.088098 6.980002 1.444815 0.066920 -0.063258 1.487586 7.508255 0.017145 5.380451 -0.025972 -0.028706 -0.052401 0.043614 0.148841 12.842851 0.064323 -0.121559 -0.036576 -0.413731 -0.059156 -0.087872
-0.040389 -0.100703 -0.090251 -0.029195 0.073181 0.163834 0.055653 0.157794 -0.064674 0.109544 -0.096710 0.080564 0.053847 -0.088517 0.119266 0.063816 0.092438 -0.117296 -0.096763 -0.058000 -0.077233 0.056413 -0.067346 0.107499 0.073109 0.070930 -0.013921 0.153686 0.030734 -0.103641 -0.140477 -0.000219 -0.062311 -0.014131 0.135981 -0.000037 0.001193 -0.089358 -0.042156 -0.110676
-0.061747 0.226515 0.013106 -0.092986 -0.076180 0.130585 0.027944 -0.001905 0.073230 -0.102229 -0.158489 0.002346 -0.149529 -0.125139 0.095396 0.114926 -0.149986 0.090189 -0.090674 -0.101303 0.105331 0.178612 -0.124370 0.123681 0.123506 -0.022935 -0.088302 0.038241 -0.033995 -0.006616 0.154691 0.143990 0.114620 0.099289 0.071577 -0.080879 0.030003 0.027552 -0.077142 -0.103540
-0.166465 -0.009435 0.052855 -0.014010 0.097426 0.063132 -0.017550 -0.109636 -0.024424 -0.056032 0.021619 -0.150473 -0.042882 0.001297 -0.007992 -0.019766 -0.088175 -0.052900 0.094564 0.130680 -0.081136 -0.019506 0.045388 -0.126037 -0.023808 0.006314 0.143858 -0.178083 0.039949 -0.031651 0.137023 -0.012948 -0.053371 -0.034242 -0.148139 -0.134571 0.006768 0.054536 0.134427 0.116454
-0.357215 -0.519478 -0.185112 -0.248538 -0.245462 0.040692 0.042414 -0.206476 0.035178 0.116871 0.039449 0.050051 0.089848 -0.168446 0.015841 -0.034079 -0.160681 -0.507498 0.017213 -0.047418 -0.279031 -0.378946 -0.099936 0.016859 -0.030580 0.102551 -0.007082 -0.338924 -0.043825 -0.098462 0.059371 -0.145002 -0.161431 -0.398954 0.025693 0.085609 -0.243721 0.048129 -0.140367 -0.015887
4.568212 2.298750 8.353020 1.602703 0.159439 4.858387 -0.114717 -0.073805 -3.700919 -0.017837 3.100530 8.027920 -0.182379 7.605707 0.104199 0.032100 1.080693 4.368443 0.051928 8.562199 12.709127 3.129650 -0.121342 -0.009620 2.927526 11.434691 -0.124490 8.539478 -0.135521 7.385975 -0.198076 -0.083636 1.268816 14.376326 -0.065698 -0.014878 1.084806 -1.400065 -0.072568 0.058567
0.045413 0.227265 0.085946 0.197942 0.034282 0.030136 0.211105 -0.035834 0.059961 0.096034 0.085122 -0.033310 -0.135522 -0.032598 -0.087278 -0.005261 -0.004758 0.099567 0.063462 -0.113549 0.185686 0.216654 0.042529 0.058658 -0.106118 0.051800 -0.053739 -0.095491 0.002222 0.108475 -0.076345 -0.158374 0.071481 0.146244 -0.111403 0.078477 0.036311 -0.036303 -0.133863 -0.102438
0.185367 0.807162 0.020537 -0.224275 -0.075006 -0.034593 0.104011 -0.099166 -0.141617 0.152986 0.282328 -0.009414 -0.150300 0.359015 -0.051494 0.077198 0.152018 0.754280 0.085541 -0.004696 0.346695 -0.040511 0.125884 -0.030803 0.121266 0.110460 0.003028 0.122660 0.101849 0.079278 -0.059255 0.115726 0.177879 0.758612 -0.132482 -0.084435 0.013800 -0.007936 0.152813 -0.115525
8.422833 2.714958 4.055190 0.853119 0.206736 12.367737 0.194193 0.077658 1.094497 0.117179 4.211957 6.558952 0.033643 7.121234 -0.116294 -0.032391 2.316901 3.910379 -0.014024 7.077316 12.320638 2.222400 -1.531410 -0.094494 3.608604 6.938087 0.040556 7.667763 -0.103789 -2.051363 0.060153 -0.067446 2.280433 7.122195 -0.005422 -0.024335 -1.243767 -1.646536 -0.108466 -0.119253
0.873355 2.388350 1.657266 0.417905 0.025800 0.896796 -0.003816 -0.156297 0.160512 -0.118518 1.456900 -2.055088 -0.067575 2.200275 -0.147798 -0.058322 0.463839 1.461101 -0.082467 1.720528 1.197120 0.329167 -0.076470 -0.030347 0.649378 2.765763 0.098992 1.873982 -0.124726 -0.010234 -0.009674 -0.086133 0.348281 2.922395 -0.008517 0.124816 0.150426 -0.109562 -0.101629 -0.173426
-0.439907 -0.749937 -0.300573 -0.407575 -0.589513 -0.069375 -0.006161 0.079766 -0.044881 -0.085541 -0.139557 -0.021712 -0.124529 -0.362563 -0.032203 0.039107 -0.070537 -0.824409 -0.083581 -0.041097 -0.303904 -0.385090 -0.143609 -0.159535 0.015059 0.095506 -0.186738 -0.471325 0.116059 0.059024 -0.067595 0.099389 -0.136830 -0.758613 0.081479 -0.095414 -0.115957 0.004884 -0.202907 -0.057224
0.365818 0.507890 0.413673 -0.033911 -0.048270 0.072369 -0.017884 -0.172417 0.359917 -0.048688 0.227383 0.083652 -0.002174 0.323240 -0.004801 0.066594 -0.000800 0.111868 -0.036233 0.182881 0.342351 0.349727 0.100135 0.077423 0.057742 0.309796 -0.001602 -0.110372 -0.025216 0.200335 -0.009916 -0.079335 0.354877 0.279785 0.104572 -0.118595 0.269903 0.190346 0.015906 0.035683
2.055007 -0.087531 3.890736 -0.098577 -0.157963 -14.876407 -0.238780 -0.005612 0.798650 -0.179213 0.220076 1.611880 -0.037966 -0.573413 -0.153057 -0.112499 0.093005 -0.605688 0.054379 1.713836 0.572170 -0.616808 -0.275522 0.047304 -0.490547 4.487109 0.034949 0.825932 -0.144270 -2.781211 0.007686 0.008035 -0.092442 3.860564 -0.186304 0.012163 -0.211032 -0.187004 0.136062 -0.075028
1.785104 2.657696 0.533023 2.983319 0.009625 3.294385 -0.163375 -0.032822 -0.157644 -0.163161 2.181113 0.393035 0.136034 1.055356 -0.025864 0.007425 0.415313 4.227367 -0.123011 2.475012 1.807660 1.994771 0.411521 -0.147926 2.957808 1.646587 -0.120922 1.710642 0.109277 0.166585 -0.074507 -0.088194 0.152359 1.891891 0.096062 -0.172680 1.196687 -0.321478 0.114690 0.092258
0.164794 -0.041349 0.135141 0.039121 0.139083 0.036186 0.101950 -0.144206 0.071958 0.021258 0.197086 -0.205410 0.067044 0.032976 0.154619 -0.051473 -0.012014 -0.149942 0.042176 -0.076200 -0.070815 -0.096924 -0.074936 0.069001 0.084711 -0.121005 0.048869 -0.164410 0.065242 -0.093137 0.002331 -0.129308 -0.080272 -0.113161 0.069813 0.073043 0.063128 0.197317 -0.008433 0.065748
0.158056 -0.095943 0.144260 0.133703 0.206703 -0.158294 0.104563 -0.149208 -0.120511 0.033707 0.159153 -0.019800 0.111705 0.451783 -0.026975 0.023639 -0.036211 0.345887 0.118715 0.085947 -0.200920 0.199627 0.096431 0.036933 0.112264 0.267997 -0.163268 0.068413 0.093149 -0.042083 -0.114843 0.153382 0.091753 0.133981 0.153742 0.114953 0.072179 -0.076624 0.080913 -0.073364
-0.149003 0.139265 -0.059039 0.017127 0.083127 0.007366 0.010803 0.076040 -0.151163 -0.030373 0.136594 0.148152 -0.070370 0.157176 -0.114884 -0.058397 0.150504 -0.024277 -0.081358 -0.048906 -0.143214 0.023722 -0.046988 0.006811 0.095537 0.160659 0.077096 -0.125283 -0.038052 0.098025 0.126184 0.058262 0.018028 -0.126358 -0.090686 0.133898 0.010921 0.011712 0.051512 0.150109
7.117978 5.548794 9.108137 3.123773 0.536446 7.294248 -0.220899 0.084963 -0.996040 -0.003960 4.468182 1.282802 -0.098386 7.314359 0.112767 -0.085640 0.112961 3.715786 -0.199606 9.234501 11.824992 3.911497 0.549497 -0.073822 5.987526 11.894330 -0.113179 6.432059 0.095285 2.451675 0.136162 -0.079213 0.820266 12.410665 -0.188186 -0.091353 0.402636 -0.216268 -0.137341 -0.099462
-0.146030 0.103701 -0.094381 0.119522 0.089620 0.057774 0.109525 -0.093436 0.022340 -0.085733 -0.062316 -0.118867 -0.029750 0.008814 0.016901 0.061520 -0.007659 -0.095762 -0.115353 0.050897 0.064322 -0.015425 0.001555 0.039227 -0.111232 -0.133123 -0.010628 -0.071450 0.035937 -0.032365 -0.020576 0.061889 0.142524 -0.128544 0.147773 -0.155564 -0.146816 0.020447 -0.014204 0.114218
7.490369 2.610192 4.733570 1.187194 0.076706 10.230616 0.095738 -0.008610 5.558171 0.035921 3.627404 8.792744 -0.126317 8.176416 0.062700 0.098106 1.722562 3.317640 -0.002027 6.581771 11.972510 2.442445 0.077934 0.008089 3.483812 7.709877 0.037700 8.153853 -0.111962 0.216361 -0.033202 -0.115758 1.878461 9.342176 -0.049739 0.041191 -0.357802 -1.026180 0.125257 -0.051115
1.035490 0.871294 0.325319 0.276999 0.322918 1.172906 -0.004298 -0.000612 0.012449 -0.122856 0.248826 0.047581 0.124945 0.487221 -0.145684 -0.133002 0.000403 1.252302 -0.079592 0.032815 0.679739 0.531233 -0.009109 -0.094170 0.647897 0.317600 0.058139 0.475737 0.095410 -0.308841 -0.017042 0.034071 -0.171479 0.718921 -0.059241 0.116875 -0.245158 -0.217728 0.129446 0.056025
7.195223 0.289161 8.574431 0.926523 0.207922 5.505404 0.000492 0.052869 0.101928 -0.096572 2.421043 5.471420 -0.131663 9.507050 0.067505 0.045377 0.361404 2.859871 0.141988 11.187378 7.167245 3.745056 0.343664 0.132726 2.830609 13.052426 0.123645 9.755852 0.101700 0.318673 0.034446 0.127747 0.795700 14.893207 -0.119485 -0.108878 0.258121 -0.016619 -0.047061 -0.125540
0.073764 0.059867 0.080406 -0.006341 -0.158607 -0.148270 0.170536 -0.133049 -0.050679 -0.036938 0.012815 -0.130779 -0.048191 -0.146340 -0.122930 0.078818 0.038482 0.125515 0.125932 -0.040544 0.106953 0.035170 -0.055145 0.045747 0.096583 -0.020077 0.142428 -0.133941 -0.049781 0.084894 0.151955 -0.126995 -0.119570 -0.112012 0.024749 0.041517 -0.067796 -0.022000 0.061645 0.125503
0.991931 0.928321 0.314667 0.087841 0.144667 1.047971 -0.116972 0.112586 -0.046361 0.107961 0.133146 -0.071842 -0.082616 1.110467 -0.113889 0.035301 0.179730 1.350241 -0.153924 0.281619 0.800359 -0.305079 -0.302981 0.090443 0.713615 0.242147 0.047994 0.296484 -0.030166 -0.250027 0.016023 0.094507 0.424609 0.896413 -0.030257 0.065618 -0.376788 -0.200319 -0.176989 0.146429
3.606825 2.858669 4.761148 2.478446 0.535920 2.294434 -0.102822 0.130980 0.327758 0.259346 3.047932 0.300754 0.029226 4.083200 -0.085341 -0.001384 0.565622 1.985090 -0.079943 7.754209 5.496041 3.037773 0.544361 -0.112940 3.487694 7.079601 -0.010340 5.869050 0.064135 1.783441 -0.074913 0.114130 0.135812 7.960025 0.079182 0.084899 0.425005 -0.106718 -0.107173 0.000219
1.523793 4.338317 3.416938 0.013663 0.051968 2.764150 -0.067636 0.069322 -0.184843 -0.001972 2.476902 0.044441 0.068057 3.865928 0.053157 -0.050070 -0.247300 3.391713 0.023062 1.393823 2.812700 2.390985 -0.615921 -0.075544 1.644613 5.045006 -0.015537 3.987830 -0.136771 0.315965 -0.057142 -0.133584 -0.251425 4.262932 0.065212 -0.152011 -0.288574 -0.467261 0.080045 -0.022695
1.973161 0.366782 2.548546 1.278996 -0.037110 1.879236 -0.075562 0.116023 0.204338 0.051951 1.582984 -1.213772 -0.108077 2.420557 0.111989 0.003092 0.413667 1.245627 -0.027231 4.016506 3.630845 2.215564 0.173069 -0.072086 2.272207 4.268532 0.113435 4.031862 -0.035458 2.146712 -0.120029 -0.080723 0.162534 5.453748 -0.011615 0.117933 -0.120023 0.056109 -0.096979 0.091983
-1.131766 -1.320288 -0.516202 -0.184074 -0.419179 0.434690 -0.064333 -0.139417 -0.162125 0.007733 -1.156546 0.058139 -0.044837 0.061485 -0.180027 -0.190321 -0.637975 -0.901955 0.055411 -1.037686 0.113263 -0.824567 0.010764 -0.167024 -0.796719 -0.907908 0.058653 -0.757994 -0.126877 -0.105875 0.020080 0.080049 -0.446845 -1.156899 -0.184863 -0.102170 -0.093934 -0.038074 0.054856 -0.191296
0.007675 -0.172546 -0.004932 -0.046361 0.102747 -0.066359 0.056550 -0.171292 0.125363 -0.171777 0.073137 0.125342 0.031282 0.100909 0.066941 0.060430 -0.058513 -0.115886 -0.215110 -0.117049 -0.008333 0.226892 0.107398 -0.075907 0.163761 0.130137 -0.061857 -0.169603 -0.144638 0.005761 0.091701 -0.082768 0.223227 -0.122485 -0.008974 -0.122334 -0.017190 -0.060637 -0.046526 0.068119
-0.487674 -0.436594 0.046149 -0.420307 -0.421543 -0.025165 0.021390 -0.027290 -0.101385 -0.118436 0.047766 -0.084443 0.036636 -0.028672 0.111493 0.060121 0.110936 -0.157638 0.036900 -0.052069 -0.407879 -0.344910 0.082036 0.099537 -0.399101 -0.072926 -0.171091 -0.552879 -0.080547 0.076619 -0.082525 0.093267 -0.118818 -0.577255 -0.186615 0.113975 -0.052908 0.056783 -0.102445 -0.160401
1.620124 6.067822 1.665512 2.700290 0.090037 2.544724 -0.065937 -0.142508 0.001290 0.040043 4.197489 0.666362 -0.127926 3.145078 0.130186 -0.091821 0.740943 4.424463 -0.133383 5.556266 4.155064 3.879781 1.101871 0.084124 3.996250 4.452006 -0.109771 2.799867 0.047593 0.378563 0.062284 -0.023934 0.485738 3.678358 0.056219 0.044089 0.524122 -0.728414 -0.073694 -0.072344
0.014368 0.131418 -0.001957 -0.079856 0.120623 0.097905 -0.086814 -0.117766 -0.018397 0.129294 0.047055 0.045106 -0.051369 0.029615 0.061823 -0.122845 -0.086389 0.066015 0.050169 0.016683 0.090160 0.149531 -0.019734 -0.069705 -0.066634 0.006028 -0.052467 0.102742 -0.082561 -0.008638 0.157577 -0.048986 -0.071929 0.025954 0.091515 0.080644 -0.023696 -0.145564 0.057363 0.126600
0.131227 0.093530 -0.053933 -0.110297 0.039219 -0.083661 -0.015029 -0.155433 -0.041866 0.065115 -0.056769 0.131663 -0.036542 -0.006927 0.143954 -0.118892 -0.049742 -0.120429 0.013146 -0.113215 -0.022617 -0.010926 -0.022390 0.037895 0.113419 0.063814 -0.152110 0.130119 -0.064632 -0.160463 0.084858 -0.020388 -0.137320 -0.142440 0.084234 -0.050139 0.075604 0.107174 0.130467 -0.118660
0.042562 0.090301 0.007071 -0.090407 0.025171 0.056780 0.023436 0.077516 -0.030692 0.082868 0.205456 -0.108129 0.005902 0.240981 -0.001282 0.122066 0.164060 0.182499 0.103793 -0.035423 0.075850 0.025844 0.127160 -0.151857 0.082042 0.092148 0.070318 0.090997 -0.066143 0.055818 -0.041818 -0.075407 0.011627 0.182866 0.096696 -0.007489 0.200558 0.041175 0.015009 0.067109
0.590410 1.410307 0.275593 1.022681 0.034547 1.367091 -0.144423 -0.098320 0.121431 0.037561 0.191576 -0.064454 0.128452 1.192134 0.106302 -0.083807 0.116899 1.767974 0.050623 0.144771 0.767842 0.651700 0.011463 -0.133246 0.956059 0.180715 0.098028 1.142147 0.073355 -0.057009 0.098656 0.088868 0.150184 1.486583 -0.179683 -0.120406 -0.188492 -0.045058 0.098743 0.004422
6.579467 2.633138 6.587752 1.768397 0.177766 4.669363 0.050035 -0.147602 -2.290349 0.038791 1.891114 2.297517 -0.122142 6.246033 0.106693 -0.068747 1.076837 1.346347 -0.090864 6.367250 8.532228 1.306128 -0.343365 0.001745 1.656931 10.264299 0.038954 4.114132 0.071360 -0.154582 -0.021846 -0.059665 0.612357 11.652247 -0.110999 -0.012242 -0.398304 -0.261405 -0.036517 0.065219
0.319331 0.407439 0.191917 0.227830 0.280924 -0.124768 0.031234 -0.102431 -0.023015 0.127738 0.026050 0.077541 -0.092165 0.033027 -0.065032 -0.027991 -0.059201 0.472230 -0.146097 0.071849 0.089650 0.103751 0.125691 -0.137471 0.139293 -0.028012 -0.137917 -0.078310 -0.007149 0.085742 0.026916 0.049036 -0.010045 0.196979 0.009179 0.069786 -0.025368 -0.114484 -0.098702 -0.002417
6.040463 0.887318 12.485867 1.370727 0.064113 0.310865 -0.006763 -0.084419 -14.707047 0.056259 1.116503 3.308231 -0.070171 3.298353 -0.073994 -0.212496 0.086072 1.510983 0.090227 4.351651 5.929461 1.673436 -1.905452 -0.015767 1.022442 10.258663 0.139045 6.058856 0.050788 -1.918119 -0.000222 -0.007419 0.090556 10.284964 -0.095900 -0.016516 -2.356289 -1.324995 -0.017196 -0.002102
1.741194 1.608247 2.643864 0.987034 0.011113 3.037398 0.028710 -0.051380 -0.366474 -0.155132 1.493333 -0.131358 -0.150516 3.365980 0.158103 0.055664 0.021952 2.174269 0.110012 4.029438 3.453561 1.658520 0.307304 -0.013808 1.935361 4.765223 -0.073522 5.088894 0.126605 2.189961 -0.124090 -0.142296 0.636459 6.498838 0.120672 -0.078102 -0.322634 -0.477444 -0.001030 -0.079250
1.919753 5.025240 1.197020 1.236168 -0.215769 3.722996 0.099488 -0.107412 0.282479 -0.101376 3.415449 -0.102838 -0.093792 2.828633 0.076002 -0.113915 0.293507 4.824796 -0.072371 2.543164 3.586540 3.554413 0.372329 0.039385 3.263391 4.360680 -0.120044 4.198603 -0.051791 0.484824 -0.139796 -0.036961 0.228536 3.255446 0.060795 0.023216 0.700819 -0.054466 0.056286 -0.012924
1.220515 1.796507 0.524885 1.192644 -0.199284 2.430590 -0.087200 -0.143544 -0.205642 0.129748 0.842006 -0.057029 -0.019142 1.834630 -0.033722 0.036447 -0.140299 1.313079 0.062967 1.822540 1.644704 1.180137 -0.277891 -0.079347 1.108933 1.936301 -0.186902 2.508342 0.018687 -0.283738 0.025387 0.042120 0.271915 1.881401 -0.013137 0.038766 -0.111106 -0.437315 -0.045581 -0.070268
0.697857 1.852597 0.532271 1.260989 -0.101159 2.704324 0.078853 0.103992 0.168457 0.070822 0.319273 -0.061435 -0.072489 0.581842 0.054550 0.060974 0.048685 1.682396 0.159013 1.549212 1.685915 0.466008 -0.142291 -0.152348 2.133573 1.678485 0.090947 1.307328 -0.175249 0.358731 -0.037485 0.122988 0.008834 2.708031 -0.063703 -0.121249 -0.102699 -0.272640 0.007317 -0.017839
0.038493 -0.274452 -0.067558 -0.026788 0.084406 -0.328092 0.079409 -0.133717 -0.017171 -0.160757 -0.031991 -0.000702 0.015270 0.151141 0.074521 0.129004 0.023631 -0.109129 -0.150429 -0.120441 0.168949 0.077416 0.103479 0.039269 0.072200 -0.079489 0.134243 -0.061586 -0.106595 0.029370 -0.018836 -0.060236 0.245963 -0.054173 0.093718 -0.138636 0.034168 -0.003895 -0.048218 -0.002102
0.053757 0.017446 0.092159 0.025946 0.073255 0.219450 0.102275 -0.024220 0.196119 0.131939 0.022793 -0.064903 -0.136238 0.245037 -0.090836 0.147741 0.185055 0.280591 0.013173 0.195734 0.190715 0.096753 0.003620 0.007338 0.038552 0.213830 0.053092 0.043981 -0.127701 0.133142 0.071379 -0.155023 0.269921 0.058736 0.128442 0.130149 0.095072 -0.027659 -0.128186 0.096456
0.030695 0.043736 -0.026091 -0.041979 0.071172 0.062886 -0.002595 0.029716 -0.065956 -0.064433 -0.022783 -0.023739 -0.008471 0.149870 -0.090600 -0.129819 0.009925 0.102076 0.138641 0.068484 0.111697 0.168049 -0.144454 0.089535 0.013057 -0.057397 0.086936 -0.075877 0.102515 -0.008993 -0.020295 -0.027654 0.062946 0.090577 0.055186 0.118854 0.045053 0.137423 0.061229 0.002758
2.069104 1.840034 2.858823 0.936468 0.168633 3.391884 -0.068481 -0.091447 0.437974 -0.065445 1.052919 -0.865079 -0.135937 3.289646 -0.055558 -0.048205 0.663216 2.637094 -0.063920 3.659907 3.579924 0.902666 -0.063977 -0.056430 1.890378 4.186973 0.019518 4.419461 0.077981 1.007125 -0.132252 0.142798 0.611947 6.734738 -0.000277 -0.149294 -0.456684 -0.405961 -0.042221 -0.101513
0.048579 0.039414 0.040072 0.015347 0.091908 -0.034218 -0.069739 -0.124053 -0.105429 -0.015970 0.044904 0.083189 0.057530 -0.039603 -0.028727 -0.132308 0.065475 0.045029 -0.148806 -0.019117 -0.181342 0.215537 0.100731 0.132678 -0.017489 0.044567 0.034064 0.055665 0.015865 0.035503 0.122130 0.008799 -0.085247 -0.004122 0.023966 0.115073 -0.024731 0.094480 0.078330 -0.123012
0.094853 0.036417 0.038857 0.180105 0.099005 0.100102 -0.056484 0.106050 0.016863 -0.013777 0.001261 0.125731 -0.098308 -0.078209 -0.144524 0.119454 0.297990 0.052707 0.042427 -0.055930 0.148014 0.076817 0.142417 -0.047040 0.379308 0.045678 -0.059101 0.067448 -0.098788 -0.126206 0.116502 -0.089046 -0.111201 0.168821 0.080840 -0.102500 -0.023934 -0.014019 -0.134681 -0.119467
5.037083 1.396901 7.111564 2.127230 0.049000 3.973242 0.099600 -0.158857 -2.973143 -0.255869 0.803498 1.630151 -0.156499 5.025242 -0.089550 -0.072667 0.548334 1.763828 0.062950 5.062745 8.017550 1.823922 -0.134232 0.090679 1.731103 9.489799 0.103714 5.945847 -0.017034 -0.486011 0.020936 -0.153188 0.851963 11.894875 -0.083689 -0.140331 -1.064362 -0.460293 -0.139132 -0.159844
0.674636 1.489623 0.166681 0.116004 0.454422 1.829092 -0.104208 -0.180569 -0.151754 0.001243 -0.040050 -0.072507 0.025820 1.525563 -0.104654 -0.056317 0.217523 2.746009 -0.280619 -0.012733 0.501075 -0.058298 -0.214473 -0.092130 1.568345 0.113232 -0.074841 0.756411 0.020851 -0.008292 0.065475 -0.137456 0.596155 1.505598 -0.036550 -0.063346 -0.168369 -0.082607 0.045458 0.093539
-0.121328 -0.016959 0.039533 -0.055795 0.093331 -0.059047 -0.165281 -0.089855 0.042887 0.110092 -0.045099 -0.021154 0.013393 -0.001811 -0.111492 -0.099353 -0.096733 0.015804 -0.077387 -0.051467 0.070080 -0.129068 -0.040371 0.000970 -0.018322 -0.053933 0.105589 0.109246 -0.003113 0.099039 0.085194 0.050274 0.077069 -0.037208 -0.152557 -0.038794 -0.129650 -0.116898 -0.123217 -0.046815
3.751310 1.457055 4.782453 2.759082 -0.108203 1.468434 0.045714 -0.168796 1.076424 -0.027891 1.519921 -2.370099 0.004944 4.828349 -0.106731 -0.170903 0.217471 2.765597 -0.084144 5.195168 5.099224 1.153581 -0.135567 0.004845 2.063937 6.884400 -0.000886 3.038628 0.053725 1.761133 0.053066 -0.000336 0.207389 4.825946 -0.105836 -0.044377 0.151106 0.131292 -0.035312 -0.148304
-0.162285 0.521920 0.227850 0.042755 0.202769 -0.020373 0.119037 0.125545 -0.015444 0.004586 -0.085561 -0.119488 -0.000811 0.335776 0.108631 -0.136812 -0.011051 0.686734 -0.002868 -0.053796 0.499544 -0.236141 0.114539 0.067755 -0.125898 -0.059757 -0.076304 0.422127 0.062002 0.042254 -0.085445 -0.009964 0.191367 0.525072 -0.150047 0.043423 -0.003240 0.142654 -0.115430 0.040424
3.317052 0.529050 4.688834 1.118704 -0.063365 2.397755 -0.052598 0.010700 -1.153310 -0.026011 1.280021 -0.674629 -0.113866 3.309556 -0.005303 0.102270 -0.070702 0.612283 0.141158 2.444251 5.395339 1.187982 -0.374489 -0.012287 0.923288 5.142534 -0.157880 4.793244 -0.132180 0.330428 -0.052004 -0.111049 -0.096958 6.476747 0.108452 -0.128438 -0.474034 -0.504471 -0.014255 -0.019433
9.043054 0.779243 9.664878 2.310187 -0.163588 7.402937 -0.099430 0.118039 0.501558 -0.069057 3.481851 7.479949 -0.055947 10.796816 -0.054399 -0.102093 -0.115118 2.370733 0.108450 10.752433 7.225327 2.357662 0.265445 0.102201 2.561680 15.247165 -0.061742 11.148036 -0.166704 0.952407 -0.034247 -0.067806 -0.009755 17.987869 -0.048880 -0.020152 0.691214 0.062844 0.046213 -0.109329
0.441276 0.315843 0.034800 -0.125817 -0.102007 0.359181 0.062514 -0.144702 -0.054715 0.033480 -0.055648 -0.090249 -0.077901 0.086423 0.130188 -0.065852 0.054391 0.623271 -0.028932 -0.088426 0.172421 -0.501347 0.060126 -0.094032 0.156411 -0.025379 -0.006470 0.101117 0.139408 -0.165817 -0.066028 0.052751 0.086453 0.131706 -0.068895 -0.125037 -0.176467 -0.026221 -0.122555 0.152989
1.356279 3.185480 0.866942 2.046097 0.019127 1.621856 -0.320376 -0.086594 -0.533392 0.101098 0.564103 -0.133548 0.056773 1.549741 0.022046 -0.078721 0.288877 2.382713 -0.130710 1.439109 1.293806 1.494165 -0.424890 -0.153709 1.499830 1.385772 0.057729 1.079119 -0.132485 -0.062896 0.117976 0.017230 0.040596 0.333405 0.049377 -0.109592 0.222837 -0.024790 -0.090088 -0.075542
7.110951 0.742564 8.261371 0.654873 0.028225 11.919236 -0.041221 -0.086798 -3.212272 -0.091578 0.218282 2.576580 -0.134259 9.617912 -0.010536 -0.095928 0.445717 0.441442 -0.167270 2.203829 17.558498 0.286964 -0.269759 -0.117919 0.617249 4.791187 -0.110881 5.986154 0.092838 -0.405227 0.130675 -0.128388 -0.003246 2.391355 0.031178 -0.137805 0.250749 -0.087596 0.045157 -0.035190
0.051875 0.093898 -0.131777 -0.135371 0.011938 -0.109822 -0.007378 0.055929 0.004649 -0.110160 -0.024886 0.081100 0.035980 0.092403 -0.150163 0.123705 0.105398 -0.085536 0.083943 0.083782 0.118922 0.131464 0.053843 0.091182 0.090921 -0.055771 -0.049541 -0.122347 0.079382 0.104969 0.094642 0.090019 -0.006819 -0.057810 0.066952 0.136426 0.036351 -0.053933 -0.016709 -0.012769
0.011842 0.177370 0.040815 0.193611 -0.033118 0.123898 -0.128623 0.060518 0.054605 -0.017644 0.114131 -0.132714 0.019112 -0.122316 0.051495 0.111459 0.108165 -0.005148 -0.052894 0.071979 -0.144927 0.220352 0.086481 -0.126285 -0.000280 0.024802 -0.068070 0.148632 0.155148 0.076979 -0.026489 0.061147 0.045599 0.271602 0.070250 -0.056816 -0.019750 0.150206 0.014221 -0.075606
2.076502 1.490143 2.449598 2.146378 -0.127930 4.673374 -0.176088 0.074886 0.565832 0.030086 1.091755 -0.399679 0.083189 2.667005 -0.035876 -0.093771 0.542253 3.263174 0.183557 3.998652 3.486661 2.786505 0.476017 -0.126425 3.200482 5.644189 0.039734 4.795311 0.085253 0.911819 -0.155432 -0.099602 0.239106 5.244748 -0.164537 -0.124082 0.702536 -0.106270 -0.087313 -0.211032
2.443332 2.303315 0.818784 2.562242 0.013452 2.002019 -0.019550 0.032277 0.036853 -0.146584 0.434106 -0.066355 -0.139151 0.970884 -0.004339 0.030831 0.904915 2.952400 -0.115283 1.723573 1.161128 1.291063 0.052172 -0.092330 2.023914 1.299291 0.117318 2.031512 -0.140239 -0.091819 -0.019432 -0.113599 0.269649 0.794637 -0.064059 0.106129 0.523376 0.314502 0.135323 -0.076818
2.025006 2.196059 0.673063 1.389939 0.207459 4.348634 0.191507 0.007825 -0.027739 -0.112445 0.330140 0.049110 -0.032555 0.811300 -0.140609 0.026938 0.708172 1.754182 -0.061900 2.446144 1.681179 1.301076 0.082959 -0.044635 1.905636 1.992411 0.122178 1.861600 -0.035140 -0.321030 0.096291 -0.078770 0.898172 1.061298 0.083440 -0.075231 0.467548 -0.125056 -0.016574 0.114736
3.059799 -0.234000 4.244823 1.254355 0.249671 3.448185 0.006557 -0.081497 -0.952190 -0.011377 1.160709 -0.210272 -0.033349 3.193859 0.065125 -0.199047 0.558298 2.867500 -0.070498 3.559922 3.656584 1.370827 -0.069143 -0.024607 1.591522 6.360802 0.104833 6.338925 0.148901 0.405241 -0.154887 0.045723 0.513272 8.422488 -0.028027 0.089272 -0.311146 -0.334064 -0.105308 -0.094660
5.682865 1.783258 0.942211 0.347917 -0.356928 8.897482 -0.217339 -0.166376 -1.915392 -0.138511 1.893154 6.662138 -0.090662 5.156789 -0.053882 0.032150 -1.177190 1.766810 -0.177001 3.967097 12.898083 1.390157 -0.331847 0.006284 1.042599 5.503305 -0.116301 7.009198 -0.134807 2.048692 -0.159546 -0.012459 -0.500279 5.666678 0.111318 -0.087253 -0.808547 -1.176798 0.065200 -0.126896
1.179647 0.932918 0.255210 0.438095 0.385570 1.665179 0.078839 -0.111843 0.003997 -0.001424 0.023930 -0.023284 -0.012958 0.955463 -0.018489 0.080589 0.185312 1.069767 -0.059977 0.679231 1.217616 0.757012 -0.069879 0.093451 0.331130 0.114359 -0.080511 0.401330 -0.187190 -0.133667 -0.128112 -0.059662 0.380429 0.863086 -0.007509 -0.044074 -0.382391 -0.144300 0.010184 -0.035122
8.837790 4.495325 8.439983 2.751336 0.108886 10.564349 -0.204073 0.018828 0.893203 -0.060424 3.029263 11.907913 0.016428 9.838034 0.134055 -0.069293 0.487586 3.698709 -0.044708 14.555586 8.238997 3.747877 0.450730 -0.077645 4.952852 15.756193 0.043180 9.376131 0.127173 -3.378995 0.120186 0.135843 -0.111688 19.517582 -0.098370 0.077761 1.074292 0.185681 -0.154486 -0.094798
0.728732 1.548693 0.304887 0.127889 -0.068885 1.288764 -0.017240 -0.037028 -0.041917 0.028451 0.072144 -0.307297 -0.087627 0.973619 -0.091712 -0.074716 -0.014745 1.073035 0.059835 0.019090 1.165059 0.261089 -0.152186 -0.112932 0.634841 0.161319 -0.057220 0.319306 0.018077 -0.072213 -0.085831 -0.146111 -0.244533 1.354879 -0.079693 0.108207 -0.199755 -0.145227 -0.036133 -0.175220
0.091744 -0.249199 0.278996 -0.023755 0.141422 0.120846 0.263328 0.036706 0.106907 0.037455 -0.066069 -0.014868 -0.002707 0.427630 -0.140229 0.079792 -0.006017 0.007407 -0.110070 0.188632 0.327502 0.026438 0.101192 -0.136047 0.148770 0.092632 0.136662 -0.185949 -0.154721 0.047580 0.144734 0.006176 0.218533 0.033908 -0.037223 0.097375 0.208374 -0.028988 -0.079790 -0.104907
-0.053384 0.176915 0.103521 0.014979 0.046258 -0.012556 0.030531 0.080373 0.040305 -0.308643 0.064243 -0.131776 0.117010 0.056392 0.032952 0.112351 -0.012709 -0.001269 -0.009662 0.080447 0.119223 -0.063517 0.257437 0.042261 0.011881 0.203184 -0.049945 0.015648 -0.115516 -0.011774 -0.068817 -0.009906 -0.088162 0.072146 -0.012050 0.005831 0.219785 0.231982 -0.158628 0.037429
3.133925 6.596831 3.126188 2.693892 0.033924 3.073303 -0.145210 0.034354 -0.412222 -0.040904 4.087204 -0.659988 -0.027514 4.072830 -0.113428 0.122532 0.915034 1.886432 -0.010218 4.937580 3.750959 2.761754 0.983562 0.100439 3.141430 6.319000 0.062674 5.896929 0.043118 0.946219 -0.117969 -0.039213 0.573912 4.635405 -0.043288 0.141139 1.058645 0.463630 -0.008407 -0.102366
1.750339 3.073572 0.116013 1.335175 -0.129418 3.000318 0.114986 0.017397 -0.073583 -0.013410 0.823032 0.007719 0.148615 1.153649 -0.042331 0.062153 0.379400 1.388786 -0.015007 2.999451 1.407048 1.187697 -0.007804 -0.071148 2.069290 1.326845 0.015447 1.748034 -0.085930 0.237813 -0.099079 0.028625 0.011912 0.757039 -0.045217 0.014140 0.879223 0.006169 0.052152 -0.125823
-0.471584 -0.281877 0.001445 -0.358139 -0.318003 -0.226415 -0.139528 0.034696 -0.089828 0.022340 -0.258013 0.072014 -0.083058 -0.279675 -0.123755 -0.180554 0.021491 -0.464980 -0.145558 0.005321 -0.070514 -0.413715 -0.080854 -0.017744 -0.072836 -0.142149 0.040908 -0.489523 0.015750 0.078392 -0.042480 -0.188306 -0.198865 -0.456793 -0.076535 0.050944 -0.208995 0.045854 0.036538 -0.080732
-0.043121 -0.036809 -0.115597 -0.026663 0.079310 -0.093377 -0.051711 0.047561 -0.120336 -0.140549 0.124055 -0.155610 -0.092256 -0.046536 0.069449 -0.100235 -0.150758 -0.096058 0.102082 -0.128161 -0.102467 -0.064966 0.014965 0.013343 0.110863 -0.132600 -0.127200 0.102286 -0.117206 0.145520 0.070898 -0.029051 0.128400 -0.030824 -0.074814 0.117092 0.111729 -0.112193 -0.045045 -0.028582
2.765315 4.090904 0.414464 1.369820 0.100615 4.793598 -0.120936 0.097296 0.144844 -0.062839 2.077045 -0.034267 0.002543 2.443758 -0.079122 0.077750 0.589374 1.995937 -0.013483 2.892161 3.086842 1.982538 -0.068757 -0.004171 3.529977 1.894231 -0.139622 2.521308 -0.122896 0.274803 -0.041709 0.147121 0.153097 1.842656 0.033197 0.118877 1.200253 0.107480 0.091759 -0.038848
0.665525 0.698248 0.233025 0.475538 0.278417 1.190533 0.109556 -0.076763 -0.063252 -0.034091 0.050867 0.088243 0.018413 1.006508 0.027909 0.136488 0.008626 1.228364 -0.116318 0.195434 1.139591 0.525222 -0.077020 -0.094693 0.668858 0.359294 -0.102622 0.860468 -0.048835 0.125823 -0.124274 0.107317 -0.100296 1.088883 -0.094387 -0.111925 -0.060047 0.087028 -0.016405 0.121132
0.159058 0.214688 0.087640 0.247703 0.335706 -0.106852 -0.033953 -0.102603 0.105328 -0.015086 0.243886 -0.103710 0.115354 -0.070886 -0.062604 0.091627 0.197566 0.381540 -0.090876 0.226595 0.234845 0.216029 0.295007 0.092260 0.084746 0.081432 -0.051902 0.391992 -0.097960 0.196123 -0.104945 0.004733 0.219175 0.478018 0.018893 0.108185 0.051163 0.055689 -0.023967 -0.104960
-0.134459 -0.047702 0.086284 -0.004758 0.092482 -0.056918 0.131970 0.142488 0.106870 0.084219 -0.011405 0.113423 -0.058753 -0.140922 0.107333 -0.011231 -0.111772 -0.103562 -0.127977 -0.070410 0.019383 0.102210 0.061768 -0.049767 0.072982 -0.107473 -0.081018 0.026927 0.155536 0.009884 -0.141570 0.112152 0.073900 -0.166448 0.145585 0.119762 0.014986 0.102950 0.063210 0.054103
-0.124995 -0.068213 -0.003900 -0.065960 -0.099667 0.057092 0.040009 0.008955 -0.068012 0.070477 -0.045015 -0.085591 -0.133990 0.007134 -0.139851 -0.012535 0.114276 -0.053977 -0.122374 -0.118446 -0.018967 0.016329 0.125484 0.001149 -0.135506 -0.060442 -0.042453 0.018038 -0.126243 -0.029989 0.089995 -0.004512 0.145711 0.165417 0.018321 -0.088863 -0.147879 -0.111625 0.131609 0.074527
-0.032856 -0.174012 -0.046491 0.013780 0.106864 -0.052579 0.063377 -0.026680 0.197042 -0.145108 -0.106785 -0.147308 0.155077 0.131326 -0.094916 0.160006 -0.081449 -0.129265 0.016096 0.001989 0.003434 0.006393 0.102871 0.018151 0.110550 -0.088697 -0.107788 -0.117631 -0.000789 0.115328 0.123555 -0.082252 0.126556 0.070770 -0.100413 0.126155 -0.016880 0.023490 -0.133035 -0.117158
-0.033459 0.065090 0.272826 -0.185909 0.016138 0.057330 -0.150028 0.027935 0.071879 0.068605 0.100409 -0.057976 0.068395 0.042726 -0.065164 -0.071441 -0.011734 -0.160710 -0.002069 0.132778 0.331655 -0.096493 0.174338 -0.048719 0.097394 0.189722 0.012606 0.032440 -0.005086 0.230455 -0.097968 0.007546 0.107596 -0.149840 0.025491 0.012742 0.078830 0.195237 0.021970 -0.075144
4.012284 3.520197 11.397579 0.316227 0.068665 2.442195 -0.287374 -0.000053 -3.426172 -0.103740 0.881577 4.850188 -0.003624 6.805247 -0.083586 0.065697 0.249213 1.967432 -0.219599 5.092767 8.265928 1.852653 -1.176847 -0.088028 1.426579 10.162318 0.046976 4.271173 -0.120732 -1.144247 0.101615 0.131646 -0.325546 13.345834 0.091951 -0.141757 -1.426327 -1.280661 -0.096762 0.108820
2.215259 1.427324 2.595586 2.111166 0.204428 3.090950 0.076567 0.090048 0.278799 -0.061898 1.180963 -1.139583 -0.016372 1.829849 -0.144920 -0.126253 0.413808 2.167557 -0.075960 4.059968 2.374014 2.580683 0.246269 -0.111812 1.950652 3.819981 -0.018651 3.579889 -0.092547 2.211984 -0.066761 -0.057508 0.052551 4.612365 -0.075697 -0.091131 0.556250 0.281425 -0.132932 0.034481
0.074664 0.254995 0.310582 0.096172 0.344053 0.145059 0.054703 -0.015026 0.435975 -0.102313 0.339869 -0.138627 0.123924 -0.043515 -0.106797 -0.133176 0.320583 0.302628 -0.017136 0.487782 0.581441 0.167726 0.204372 0.028722 0.527515 0.477050 -0.152607 0.011919 0.059034 0.276230 -0.082574 -0.045052 0.368376 0.416639 0.143791 0.020620 0.025128 0.228992 0.004753 -0.039695
0.019271 0.198254 0.168771 0.005599 -0.001031 -0.144452 0.068565 -0.090307 -0.062109 -0.068090 -0.058811 0.102073 0.093262 0.031065 -0.071989 -0.122651 0.136341 0.028357 0.042613 -0.076519 -0.085676 0.056369 0.042040 0.056701 -0.037745 -0.041889 0.047538 -0.085847 -0.081775 0.176782 0.041445 0.074150 -0.096806 -0.009326 -0.149284 -0.005650 -0.058821 0.119733 0.100608 -0.074436
0.132619 0.061728 0.094957 -0.058641 0.020686 -0.111629 -0.069684 -0.004136 -0.089389 0.139320 0.043859 0.097120 0.025002 -0.152958 -0.108926 -0.119653 -0.055868 -0.145707 0.044117 0.087166 -0.115315 0.091956 0.107119 -0.121504 -0.069974 -0.043537 -0.102933 0.133003 0.153406 -0.021457 0.018995 -0.101834 -0.073487 -0.146603 -0.010359 -0.146331 -0.150191 0.086797 -0.139609 -0.130695
0.239070 -0.005819 0.356052 -0.172029 -0.211457 0.249674 0.023022 -0.074869 0.308570 -0.092910 0.320577 -0.134105 0.076879 -0.078272 -0.103897 0.138322 0.153828 0.078094 -0.088871 0.103862 0.121500 0.099948 0.164989 -0.145259 -0.051295 0.232387 -0.053863 0.142072 0.107756 0.217584 -0.150423 0.089623 0.030901 0.135155 -0.094524 0.063973 0.386678 0.428755 -0.179610 0.031344
0.099335 -0.031445 -0.119228 0.068372 0.093815 -0.146421 -0.091402 -0.062765 0.102180 0.133088 -0.015455 0.032796 0.028461 0.121609 0.065207 0.087149 0.158562 0.013692 -0.063303 0.033374 0.018749 -0.112996 0.017016 0.065875 -0.154634 0.060150 0.107139 0.103707 0.001171 0.114848 0.005638 0.026744 -0.124432 -0.122241 -0.119132 0.036018 -0.015339 -0.103097 -0.024432 -0.104699
-0.023541 -0.075012 0.023539 -0.028146 0.069067 0.036823 0.110122 -0.090656 0.051704 -0.000097 -0.002326 0.064747 0.099271 -0.118551 0.044505 -0.045700 0.018466 0.109371 -0.013291 -0.073948 0.086782 0.059868 0.022050 0.128366 0.056346 -0.002485 0.069140 0.017624 -0.011613 -0.016679 -0.014793 -0.024405 0.037992 -0.039578 0.064330 0.065346 0.137567 0.092296 0.112387 0.125361
1.241523 1.959524 0.851107 0.700449 0.151250 1.759398 0.081508 -0.055068 -0.563948 0.093763 1.598117 -0.021900 0.137976 1.259479 -0.060275 -0.157639 0.362692 2.009588 0.027341 1.520963 0.949569 1.517169 -0.747418 -0.094727 1.637729 1.626399 -0.117452 2.217404 0.049436 -0.827853 -0.141464 -0.093522 0.582883 1.561507 0.109372 -0.037692 -0.312559 -0.805866 -0.153384 0.150878
2.861792 5.090840 2.970573 1.206075 -0.082509 5.287817 0.037210 0.078047 0.539081 -0.093661 1.445135 -0.517858 -0.113482 3.121826 0.023858 -0.045516 0.670361 2.859455 -0.119351 4.623414 4.292444 2.481825 -0.030781 -0.009325 1.395261 4.540309 0.100178 4.492348 0.130535 0.576085 -0.107923 -0.026864 0.939697 4.806933 0.087867 0.128771 0.554014 -0.352169 -0.114031 0.074622
2.881029 -0.019717 5.668193 0.796886 -0.122988 3.727411 0.040651 0.090297 -0.586398 0.058748 0.996707 0.465248 -0.018620 4.402397 -0.108101 0.035495 0.496262 1.632960 -0.133836 5.834097 5.333296 1.066909 -0.461656 -0.062334 0.332380 6.767350 -0.150789 7.360956 -0.123993 1.244267 0.078652 -0.031236 -0.292260 9.364031 -0.094669 0.094387 -0.747636 -0.111674 -0.104787 -0.048667
