-0.075050 0.222699 0.035828 -0.000481 0.000045 0.036037 -0.266177 -0.229260 -0.218753 0.000035 0.065980 0.293749 -0.151106 -0.114431 -0.061112 -0.000098 0.071743 0.000173 -0.400870 0.203435 0.084752 0.394151 -0.200550 -0.322212 -0.000107 0.354309 0.233041
-0.264269 -0.168639 0.324826 0.000091 -0.000034 -0.002097 -0.536552 -0.162385 -0.062051 0.000091 -0.004381 -0.170402 -0.301859 0.484994 -0.171811 -0.000161 -0.004795 -0.000192 0.434822 -0.041579 -0.075277 0.014566 -0.058400 -0.506705 -0.000065 0.299368 0.077134
-0.527723 -0.024767 0.126112 -0.000091 0.000312 0.011181 0.276617 0.175001 -0.433781 -0.000146 0.025041 -0.181680 -0.164091 0.057361 0.000873 -0.000146 0.027285 -0.000053 -0.526749 -0.435021 0.532323 -0.189645 0.192393 -0.301031 -0.000102 -0.018810 -0.395780
0.225722 -0.225338 0.094501 -0.000495 0.000183 0.004827 -0.097237 0.198641 -0.472157 -0.000089 0.014447 0.739643 -0.014510 0.497014 0.192865 0.000099 0.017201 -0.000207 -0.122493 -0.263853 0.128875 0.137268 0.141868 -0.467025 0.000052 0.031251 -0.026451
0.130932 0.345920 0.922005 0.000354 0.000020 0.157735 0.300397 0.073511 -0.172413 0.000306 0.231516 -0.077880 -0.388621 0.207612 -0.053344 0.000084 0.245454 -0.000118 0.245590 0.099739 0.410051 0.309040 -0.095638 0.011107 0.000025 -0.399025 0.283306
-0.262043 0.384473 0.135644 0.000252 -0.000124 0.043312 0.056782 0.103884 0.210694 -0.000193 0.074103 0.321487 0.266086 0.291653 -0.143995 0.000036 0.080050 0.000559 0.049337 0.228478 0.493743 -0.382230 -0.932914 0.380231 -0.000023 -0.277673 -0.021387
-0.000723 -0.009957 -0.183879 0.000596 0.000097 0.036891 0.028054 0.142544 -0.221658 -0.000317 0.066357 -0.478733 0.026731 0.479845 0.044485 -0.000322 0.071470 -0.000201 0.114719 -0.034247 0.095995 -0.005317 0.115612 0.326284 0.000028 -0.089699 0.292623
-0.296966 -0.304769 0.519652 0.000118 0.000074 0.064656 -0.162672 0.011839 -0.050233 -0.000035 0.102016 0.313865 -0.224561 0.323966 0.378375 -0.000052 0.110210 -0.000088 0.158696 0.359096 0.060216 -0.009998 -0.294376 -0.343087 -0.000020 0.234385 -0.238487
-0.030621 0.126496 0.173900 -0.000255 0.000104 0.094430 0.243220 0.120244 0.070395 -0.000130 0.142715 0.194935 0.069990 -0.279641 0.275328 0.000152 0.152734 0.000161 -0.121240 0.227326 -0.217324 0.335159 0.506156 -0.408699 -0.000118 0.296745 -0.271123
0.026419 0.158450 -0.370812 -0.000202 -0.000112 0.010618 0.072426 -0.087167 -0.056885 0.000105 0.027716 0.312317 0.202448 -0.098880 0.249102 0.000001 0.030559 -0.000109 0.584095 0.175022 -0.386074 -0.031638 -0.139269 -0.300209 0.000159 -0.038228 -0.215911
-0.115209 0.348004 0.099807 0.000016 0.000061 -0.004466 -0.012205 -0.008369 0.180957 0.000066 -0.031235 0.159730 -0.055809 -0.167797 0.045053 0.000054 -0.037113 -0.000005 0.030348 0.210037 -0.200875 0.042503 0.298061 0.193196 0.000005 -0.112776 0.080333
-0.056037 0.142441 0.233770 0.000003 0.000026 -0.000345 -0.038881 0.010965 -0.160746 -0.000087 -0.002172 -0.004133 -0.382252 -0.273761 -0.430504 0.000046 -0.005002 0.000016 0.329147 0.052778 0.190835 0.362528 0.014770 0.020803 0.000039 0.089100 0.172744
0.362033 -0.374057 -0.128463 0.000047 0.000172 0.024945 -0.273603 0.040855 -0.334602 -0.000144 0.037903 0.049996 0.134131 -0.202428 0.175758 0.000151 0.039820 -0.000055 -0.003681 -0.396294 -0.648590 0.186610 -0.804691 0.863301 0.000141 0.040846 0.349309
0.115203 -0.095025 -0.246685 -0.000331 -0.000218 0.059388 -0.213200 -0.042134 0.261607 0.000084 0.098173 -0.135953 -0.072182 0.100880 0.195189 0.000005 0.106858 0.000061 0.181390 -0.365462 0.387222 -0.296402 -0.090729 0.077569 -0.000061 0.409665 -0.213324
-0.368089 -0.376672 -0.237725 0.000248 0.000167 0.094910 0.047764 -0.490436 -0.551365 -0.000077 0.148027 0.068698 -0.250594 -0.012668 -0.477823 -0.000117 0.158872 -0.000169 -0.643899 -0.374865 -0.066712 -0.469964 0.133565 0.447911 0.000054 0.280952 0.104494
0.066739 -0.271988 0.059856 -0.000117 0.000053 0.008177 0.261433 0.514269 0.151753 -0.000053 0.010038 0.088725 0.126011 -0.375206 0.049457 -0.000066 0.010374 0.000017 0.409099 -0.005306 -0.598873 0.257325 -0.182405 0.166792 0.000001 0.394041 0.746281
-0.365730 -0.243353 0.188159 0.000089 0.000076 0.013432 0.233563 -0.136468 -0.184490 0.000337 0.033248 -0.115455 0.134479 0.207787 0.217473 -0.000070 0.036552 -0.000035 -0.095111 0.079617 -0.448517 0.005429 -0.199792 0.229385 -0.000053 -0.172239 0.243427
-0.358064 0.373868 -0.018230 0.000031 0.000099 0.001521 0.011257 -0.508682 -0.426624 -0.000082 0.001245 0.004547 -0.233105 -0.148738 -0.350450 -0.000041 0.001207 -0.000011 0.074550 0.062373 -0.308198 -0.531080 -0.426260 0.037051 0.000043 -0.334204 -0.265766
0.111849 0.202692 -0.062596 0.000017 0.000267 0.018155 0.155625 0.116304 -0.540821 -0.000286 0.034191 0.010969 -0.118309 -0.126725 -0.457867 0.000099 0.036818 0.000182 0.318765 0.121841 0.235793 0.022294 0.496882 -0.117217 -0.000025 0.192668 -0.816623
0.128718 -0.197092 -0.027462 -0.000155 -0.000052 0.131728 0.372735 -0.233935 0.180698 0.000132 0.191292 0.117499 -0.143452 -0.076476 0.360328 0.000167 0.202257 0.000182 -0.021896 -0.140528 0.500299 0.202906 0.105341 0.089208 -0.000004 0.122242 -0.138601
-0.079238 -0.061517 -0.133445 -0.000155 -0.000197 0.081373 0.025263 -0.438608 -0.175036 0.000004 0.122091 -0.160539 -0.473348 -0.118783 0.078655 -0.000155 0.128717 -0.000057 -0.344448 -0.309326 0.654130 0.095575 0.058199 0.092283 -0.000037 0.017387 0.135817
0.359031 0.092230 0.556780 0.000147 0.000447 0.043768 -0.017722 -0.037461 -0.211677 -0.000194 0.072022 0.351704 0.302817 -0.378943 0.185290 -0.000164 0.076456 0.000216 -0.049941 0.170209 0.141743 0.018688 -0.499887 0.042408 -0.000130 -0.538206 -0.001612
-0.099611 0.689429 0.015723 0.000027 0.000055 0.049878 -0.079806 -0.307880 -0.284196 0.000024 0.088957 0.138841 -0.226283 -0.038476 0.188792 0.000025 0.096762 -0.000090 -0.436621 -0.220335 -0.360036 0.034167 0.020608 -0.466140 -0.000055 -0.054490 -0.276203
-0.316336 -0.439983 0.417736 0.000107 -0.000001 0.041275 0.159673 -0.383809 -0.203904 -0.000040 0.071236 0.337985 0.094442 0.565715 -0.516042 -0.000096 0.076588 0.000185 0.050220 -0.264416 0.087978 -0.034527 -0.080762 -0.409204 0.000231 0.093232 0.402714
-0.447238 -0.039897 -0.164808 -0.000042 -0.000029 0.035862 -0.260380 0.161926 -0.330977 0.000103 0.062770 -0.150551 0.137092 -0.010182 -0.026322 0.000086 0.067590 -0.000079 -0.105576 -0.104196 0.025806 -0.188544 -0.335013 -0.100770 0.000064 0.178350 0.242812
-0.123393 -0.522976 -0.008869 0.000091 0.000175 -0.001648 0.039688 -0.005608 -0.447655 -0.000097 -0.001569 0.080259 -0.173064 -0.412966 0.001591 -0.000102 -0.001595 0.000048 0.232540 0.203867 0.185900 0.300150 0.202159 0.052357 0.000079 0.149888 -0.288884
-0.612630 0.008415 -0.041395 0.000075 -0.000096 0.055297 0.137965 -0.093080 -0.093471 -0.000021 0.088055 0.161376 -0.183402 -0.006759 -0.199911 -0.000112 0.094600 -0.000057 0.414717 0.371542 -0.013111 -0.077603 0.090397 0.125495 -0.000119 -0.181619 -0.321496
-0.280504 -0.000942 -0.119191 0.000004 -0.000114 0.037276 0.131289 0.199276 -0.078843 0.000100 0.067870 0.376208 -0.398901 0.217923 0.260868 -0.000158 0.073245 0.000057 0.140870 -0.087206 0.055656 -0.284769 -0.046177 0.231102 0.000020 -0.234555 0.162399
-0.077353 0.197700 0.355612 0.000174 0.000282 0.128779 -0.026430 0.215456 0.154527 -0.000113 0.197361 -0.324062 -0.158637 -0.184022 0.228836 -0.000034 0.211084 -0.000146 0.290800 -0.077698 0.202267 0.314771 -0.133394 0.124755 -0.000025 -0.134683 0.081483
-0.722771 -0.150865 -0.187345 -0.000042 0.000013 0.016817 -0.366440 -0.095401 0.074246 -0.000120 0.037691 0.411341 -0.011535 -0.203991 -0.178101 -0.000063 0.040832 -0.000063 -0.692299 0.639383 0.039684 -0.046314 -0.210536 0.266624 -0.000072 0.493932 -0.431625
-0.144543 -0.434285 0.103815 0.000069 -0.000082 0.059313 0.442729 -0.335221 0.010027 0.000279 0.099432 -0.305128 0.378645 0.098819 0.204272 0.000169 0.107722 -0.000070 0.152520 0.064596 -0.214328 -0.393514 -0.047274 -0.272357 0.000209 -0.221030 0.742361
0.375824 -0.235800 0.248047 -0.000251 -0.000034 -0.001844 0.010004 -0.333008 0.539907 -0.000088 -0.001429 0.409061 -0.270743 -0.312532 -0.200592 0.000063 -0.001367 0.000417 0.096036 0.000876 -0.283058 -0.318621 -0.050298 0.097292 -0.000015 0.351543 0.161095
0.076093 0.678769 -0.172784 -0.000092 -0.000067 0.004033 -0.017246 -0.535409 -0.140800 0.000214 0.018502 0.366293 0.337200 0.492147 -0.333253 -0.000120 0.022005 -0.000067 -0.396143 -0.263363 -0.140361 0.053164 -0.183294 -0.044446 -0.000090 0.158628 -0.150766
0.005241 -0.230391 0.311862 0.000240 -0.000135 0.021128 -0.122862 0.206772 0.393824 0.000063 0.046036 0.018802 0.095970 0.606106 -0.192994 0.000033 0.051338 0.000023 0.112110 -0.069009 -0.290906 0.361420 0.163246 0.038286 -0.000005 0.510814 0.516569
0.327395 -0.102778 0.357145 -0.000126 -0.000053 0.002105 0.450639 0.047767 -0.163379 -0.000110 0.003177 0.117866 -0.156231 0.097215 0.101630 -0.000258 0.003332 0.000273 0.380319 -0.287521 -0.104021 0.069953 -0.025380 0.487830 0.000029 -0.110000 -0.317447
-0.116195 -0.194777 0.072621 -0.000365 0.000336 0.013940 -0.071629 -0.292003 -0.158430 -0.000125 0.020841 -0.036177 -0.524417 0.043364 -0.092788 0.000310 0.022479 0.000127 0.376412 -0.242564 0.168419 0.121172 0.140592 -0.016564 0.000010 -0.037701 -0.323749
-0.269819 -0.022503 0.024710 0.000145 -0.000155 0.006275 -0.018207 -0.132081 -0.019783 -0.000058 0.013951 -0.107368 0.009670 0.388901 -0.305516 -0.000041 0.016048 -0.000262 0.083802 -0.019338 0.611565 0.294789 -0.423711 0.062871 0.000030 0.494970 0.086316
-0.081994 -0.081536 -0.409211 0.000314 -0.000059 0.002272 0.155211 0.181103 0.034116 0.000038 0.003648 -0.140423 0.123927 -0.421795 -0.138970 -0.000084 0.004220 0.000116 -0.053051 0.311457 0.418267 0.166156 0.247592 0.076853 -0.000052 0.436864 -0.017456
-0.048369 0.257638 -0.038212 0.000169 0.000103 -0.006013 -0.020462 0.172715 -0.030678 0.000108 -0.015975 0.109545 -0.436584 0.095940 0.427725 0.000054 -0.018182 -0.000021 -0.174826 0.037343 0.033175 -0.143369 0.302750 0.217559 0.000116 0.007035 -0.248522
0.105273 -0.681668 -0.045858 -0.000325 0.000007 0.002298 -0.003403 -0.002512 0.488080 -0.000187 0.001687 0.159342 0.161272 -0.131290 0.183096 -0.000005 0.000937 0.000071 -0.214346 0.275082 0.119229 0.305753 0.231446 -0.044514 0.000181 0.594105 0.334367
-0.047412 0.102273 -0.065487 -0.000001 0.000168 -0.000761 -0.243372 0.389061 0.003263 -0.000214 -0.003534 -0.009593 0.798110 -0.320368 0.137398 -0.000266 -0.005741 0.000085 0.229898 0.177629 -0.403310 0.294037 -0.099765 -0.292654 0.000059 0.333897 0.043400
0.130387 -0.013143 -0.118804 0.000208 -0.000137 0.003155 -0.311028 0.155696 0.413109 0.000107 0.003027 0.002257 -0.362380 -0.081796 0.184666 -0.000100 0.003044 0.000047 0.162600 -0.170798 0.264422 -0.216626 0.106483 -0.395055 -0.000030 -0.154981 0.210321
-0.232600 0.129521 -0.355745 0.000047 -0.000115 0.100006 -0.423676 0.453127 -0.200942 0.000080 0.155542 -0.076041 0.202464 -0.203986 0.385776 -0.000268 0.166409 -0.000077 -0.121328 0.452697 0.439587 -0.134852 -0.092684 0.267510 -0.000133 -0.533191 0.019258
-0.083408 -0.551643 0.309923 0.000085 0.000207 0.092603 -0.024473 -0.012550 -0.015804 -0.000040 0.142462 0.100989 0.264580 -0.429658 -0.338123 -0.000073 0.151722 -0.000257 -0.175461 0.255660 0.120988 -0.045759 -0.092880 -0.011745 0.000022 0.222664 0.291178
0.622522 -0.056693 -0.338282 -0.000159 -0.000188 0.001949 -0.238961 0.175200 -0.211141 -0.000320 0.004447 -0.250649 0.149517 -0.152797 0.131358 -0.000021 0.004766 -0.000154 0.015565 -0.231082 0.239199 -0.528892 0.002547 0.224426 -0.000239 -0.002367 -0.380044
-0.279139 -0.298529 0.025044 0.000317 0.000375 0.000652 0.473519 -0.150345 0.149539 -0.000129 0.000173 -0.176630 -0.345746 0.599720 0.069260 0.000036 0.000088 -0.000292 -0.088898 -0.058508 0.443851 -0.003424 0.163403 0.064442 0.000033 0.457663 0.393723
0.422459 -0.471975 -0.061950 -0.000365 0.000030 0.024465 -0.390470 -0.297543 0.319144 0.000127 0.054087 -0.128606 0.246033 -0.318965 -0.221450 0.000052 0.059081 0.000167 0.241766 0.014405 -0.104681 0.031080 -0.018870 0.419302 -0.000069 0.248420 0.492236
0.213072 -0.099671 -0.283901 0.000050 0.000134 0.021300 -0.159841 -0.013944 -0.055404 0.000104 0.038996 0.057733 -0.083175 -0.381950 -0.215150 0.000046 0.042256 -0.000035 -0.173430 0.067228 -0.330898 -0.391462 0.195733 0.437727 -0.000127 0.078163 0.059719
0.157706 -0.164627 -0.212335 0.000020 -0.000069 0.005872 -0.160520 -0.339854 0.139358 -0.000229 0.010123 0.444412 -0.104850 -0.642457 -0.046091 0.000047 0.010971 0.000144 -0.659323 -0.551721 -0.466300 -0.096046 0.220939 -0.419252 -0.000051 0.369937 -0.000791
0.115334 0.077854 -0.001525 -0.000073 0.000101 0.009145 0.119677 -0.137800 0.515097 0.000008 0.021239 -0.024112 0.083677 -0.239931 0.047293 0.000125 0.023146 -0.000176 0.207054 0.051349 0.055301 -0.323861 0.029553 -0.515850 -0.000036 0.271124 0.144673
-0.273764 -0.264087 -0.517870 0.000227 -0.000176 0.089944 -0.404272 0.190485 -0.012615 0.000007 0.134613 0.310766 0.408491 -0.014620 -0.128808 0.000109 0.142796 -0.000393 0.171027 -0.265145 -0.152801 0.036809 0.213838 0.061224 0.000016 0.111932 -0.409451
-0.098343 0.030948 -0.102071 -0.000206 -0.000202 0.045784 0.178193 0.068991 -0.238762 -0.000036 0.074778 0.224850 0.243201 -0.025934 0.077231 -0.000007 0.079333 0.000092 0.416724 0.304586 0.150763 0.164544 0.121812 -0.139714 0.000118 -0.062922 -0.128304
0.292178 0.056331 0.103622 0.000137 -0.000022 0.017198 0.387171 0.105028 -0.017441 0.000075 0.032658 -0.060944 0.293576 -0.132054 -0.478023 0.000102 0.035206 0.000085 -0.163336 0.053365 0.387154 -0.293600 -0.247472 -0.194670 -0.000260 0.431474 -0.031148
0.028357 0.133731 0.378774 0.000434 -0.000021 0.005081 -0.255620 -0.046868 0.013150 0.000053 0.004511 -0.081426 0.383650 0.623818 -0.457405 0.000210 0.004451 0.000133 0.199622 -0.097310 -0.006686 -0.127812 -0.126989 -0.223283 0.000021 0.087953 -0.046312
0.120747 -0.267379 0.164230 -0.000215 -0.000182 0.002600 0.073326 -0.136739 -0.044678 -0.000154 0.004946 0.011349 0.114709 0.353085 -0.490866 -0.000170 0.005616 0.000123 -0.183353 -0.159081 0.231952 0.118302 0.583730 -0.052601 0.000037 -0.097696 0.309951
-0.160193 0.050860 -0.100423 -0.000238 -0.000134 -0.000387 -0.086701 -0.091417 -0.257839 0.000054 -0.000702 -0.297871 0.173196 0.025802 -0.403627 0.000044 -0.000845 -0.000168 -0.617336 -0.304841 0.018303 -0.241125 0.216962 -0.503158 -0.000048 0.220309 0.367557
0.043980 0.162397 0.095836 -0.000137 -0.000084 0.005364 0.011779 -0.437892 0.133911 0.000215 0.011488 0.122160 0.312253 0.337650 -0.104112 0.000168 0.012634 0.000164 -0.176581 -0.047914 -0.139591 -0.087721 0.271020 -0.410139 0.000093 0.057601 0.061555
0.251041 -0.139401 -0.574501 0.000115 -0.000139 0.032483 0.141758 -0.189449 -0.190649 -0.000509 0.060780 0.287268 0.034626 0.268585 -0.001447 0.000017 0.065752 0.000014 0.306672 -0.150890 0.149286 0.251505 0.305135 0.286421 0.000146 0.288571 -0.309579
0.125391 0.443972 -0.023907 0.000096 -0.000106 0.029295 0.219282 -0.249340 0.344202 0.000147 0.052870 0.337224 0.288855 0.004963 -0.247416 0.000012 0.056847 0.000030 -0.245802 -0.246969 -0.222412 0.129219 -0.357612 0.147779 -0.000173 0.391855 -0.053076
-0.456348 -0.145353 -0.061570 -0.000156 -0.000142 0.059892 0.000181 -0.216662 0.122138 -0.000062 0.103238 -0.222052 0.152408 0.001403 0.044331 -0.000001 0.112869 -0.000148 0.156657 0.198768 -0.190015 0.247186 -0.091570 0.569566 0.000007 0.310440 0.126781
-0.054268 0.565703 0.031251 -0.000166 0.000055 -0.002913 -0.252976 0.059874 0.111842 -0.000010 -0.002570 -0.150756 -0.346843 0.208654 -0.248380 -0.000238 0.000134 -0.000134 0.093908 -0.166802 0.365673 -0.000230 0.218000 -0.345759 -0.000107 -0.089527 0.195629
0.317802 0.035237 -0.173763 0.000034 -0.000036 0.017587 0.452250 -0.557571 -0.503871 -0.000226 0.045879 0.090916 0.556289 0.131687 -0.811191 -0.000011 0.052036 -0.000006 0.241724 0.091990 -0.091683 -0.316485 0.147958 0.203232 -0.000007 -0.067999 -0.415537
0.243896 -0.319122 0.032652 -0.000414 0.000107 0.000437 -0.039714 0.163910 -0.199705 0.000215 -0.000169 -0.298489 0.341885 -0.244263 -0.425416 0.000051 -0.000259 -0.000116 0.181330 -0.347995 0.057254 -0.173733 -0.005798 0.276016 -0.000203 -0.125208 -0.017707
-0.406199 0.180382 0.395569 0.000235 0.000271 0.003379 0.012244 -0.054147 0.291721 0.000160 0.004857 0.044609 -0.108052 -0.270544 -0.273326 -0.000228 0.005094 -0.000054 -0.525395 0.508673 0.211796 0.086182 0.132511 0.028283 -0.000020 0.418740 -0.332337
-0.101706 -0.001610 -0.001663 0.000009 0.000128 0.049924 0.152980 0.078599 -0.059574 0.000209 0.083895 0.094655 0.403727 0.130265 0.244784 -0.000120 0.090301 -0.000008 -0.056364 -0.229992 0.207901 0.098102 -0.040878 0.193185 0.000145 -0.430754 -0.180237
-0.437749 0.053831 -0.639962 0.000058 0.000004 0.042814 0.012010 -0.506676 0.216686 0.000001 0.080505 -0.164896 -0.208291 0.157606 0.341321 0.000076 0.086834 0.000043 0.167661 0.427056 0.161851 -0.073717 -0.301023 -0.178634 0.000032 0.491326 0.200389
-0.055628 0.046268 -0.381504 -0.000166 0.000150 0.094899 -0.113804 -0.194210 -0.228206 -0.000005 0.150653 -0.053576 0.055514 -0.441819 -0.257783 0.000036 0.161271 0.000402 0.075750 -0.048353 0.115283 -0.081412 -0.055693 0.353317 0.000091 -0.197672 0.095583
-0.170703 -0.177347 -0.393181 0.000017 0.000174 0.044050 -0.307940 -0.159297 0.662635 0.000013 0.079317 0.158778 0.507444 0.266475 0.426977 -0.000043 0.087112 0.000124 -0.061092 0.296655 0.015680 0.235599 -0.083150 0.043435 -0.000081 0.790157 -0.285364
-0.313645 -0.180831 0.525331 -0.000189 0.000212 0.001903 -0.113759 0.410902 -0.068678 -0.000243 0.001943 0.051682 -0.300709 0.077947 -0.299602 0.000094 0.001928 0.000410 -0.155981 0.038122 0.074498 0.184023 0.239185 0.328211 -0.000031 0.087688 0.353915
-0.026450 0.247351 0.247981 -0.000149 -0.000237 0.004532 -0.083561 -0.035842 -0.250325 -0.000349 0.004513 -0.263677 0.291480 0.140232 -0.270296 0.000105 0.004564 -0.000020 -0.524969 -0.097947 -0.188154 0.020318 0.217619 0.421520 -0.000001 -0.080818 -0.309241
-0.178608 0.093212 1.041161 0.000139 0.000065 0.001572 -0.268753 -0.369248 0.402297 -0.000017 0.008902 0.097442 -0.174967 0.175129 -0.065147 -0.000021 0.011075 0.000127 -0.252525 0.039357 -0.565349 0.003991 -0.378399 -0.029412 0.000078 -0.392768 0.581066
-0.053348 0.662724 0.137172 0.000255 0.000129 -0.000190 0.374123 0.376816 0.476105 -0.000068 0.000042 0.247128 0.299562 0.016391 0.054797 0.000032 0.000060 -0.000095 0.271454 -0.102533 -0.423537 -0.235653 -0.126259 0.103374 -0.000101 -0.080759 0.093149
-0.404675 0.110289 -0.072896 0.000181 -0.000034 -0.004605 0.060189 0.302396 0.481678 0.000281 -0.004918 0.333485 -0.064535 0.181180 0.262138 -0.000174 -0.005466 -0.000098 0.060655 0.303136 0.520218 -0.157121 0.151501 0.115264 -0.000123 -0.147215 -0.132083
0.000985 0.398144 0.054529 -0.000006 0.000327 0.002635 -0.005182 0.147030 0.283167 0.000082 0.012279 -0.131556 0.192692 -0.082867 0.121123 0.000028 0.013642 -0.000140 -0.051518 -0.148297 0.220933 0.378543 0.229717 -0.166563 -0.000007 -0.083000 0.084030
0.416955 0.798873 -0.113569 -0.000087 -0.000028 0.036595 -0.236811 0.352167 -0.276134 -0.000002 0.058197 -0.190213 0.120473 0.183316 -0.043414 0.000116 0.061805 -0.000054 -0.151300 0.034287 -0.210380 0.174500 0.396675 0.459324 -0.000199 -0.041291 -0.012268
0.437221 0.062774 -0.078544 0.000004 -0.000128 0.136695 -0.082554 -0.505830 0.095370 -0.000140 0.196718 -0.391916 -0.216619 -0.143263 0.362029 0.000051 0.208133 -0.000265 0.005259 -0.014914 -0.443155 0.056591 0.509594 0.340956 0.000128 0.157380 -0.353750
-0.071288 -0.085338 0.383875 -0.000007 -0.000111 0.010383 0.195765 0.167974 0.140443 0.000264 0.019369 0.347605 -0.063131 -0.311661 0.188274 -0.000029 0.020958 0.000005 -0.427051 -0.408414 -0.088377 -0.196947 -0.014893 0.038546 0.000038 0.117326 -0.296437
0.303226 -0.105688 0.402451 0.000004 0.000233 -0.000075 0.216358 -0.134087 0.475717 0.000063 0.000397 -0.162677 -0.227700 0.202886 -0.127573 -0.000035 0.000424 0.000073 0.287227 0.151354 0.107392 0.150054 0.053183 0.402110 0.000076 0.463279 -0.070891
0.208403 0.106191 0.007395 0.000058 0.000160 -0.003109 0.105619 0.452424 0.396443 0.000028 -0.003087 0.246865 0.562903 -0.642580 -0.149190 -0.000098 -0.003081 0.000536 0.322140 0.176208 0.302216 0.107686 -0.003150 0.411284 -0.000116 -0.453972 0.196925
0.026963 0.183538 0.110087 0.000335 -0.000015 0.033981 0.175359 -0.041933 -0.114622 -0.000221 0.060260 -0.018629 0.064352 0.202510 -0.311527 0.000175 0.064908 -0.000061 -0.033463 -0.220137 0.088966 0.009461 0.107696 -0.066226 0.000005 0.008861 0.091696
-0.035807 0.162196 0.107896 -0.000078 0.000241 0.065489 0.005737 -0.025826 -0.027249 0.000251 0.104082 -0.263633 0.217050 -0.557133 0.095235 -0.000160 0.112687 -0.000229 -0.007141 -0.065772 -0.598837 0.145866 -0.076589 -0.167154 -0.000001 0.059356 -0.191515
-0.160475 -0.344045 0.085858 -0.000136 -0.000067 0.035078 -0.008781 0.291738 0.031499 -0.000063 0.062971 0.454270 0.132414 -0.122750 -0.078772 0.000172 0.070285 -0.000122 0.061527 -0.330852 0.370073 -0.100557 -0.185849 -0.123728 -0.000023 0.074339 -0.073772
-0.085243 0.199482 -0.363897 -0.000229 -0.000007 0.066802 -0.078305 0.026357 0.084598 0.000217 0.106605 -0.121550 0.363457 -0.660884 -0.372792 -0.000068 0.115064 -0.000157 0.023187 -0.005239 0.276001 -0.267133 -0.085391 -0.306755 0.000122 -0.576470 0.010698
-0.041017 -0.166499 -0.417654 -0.000253 0.000024 0.008618 -0.250848 -0.157494 0.282261 -0.000110 0.010962 -0.257991 -0.368590 0.094169 0.227336 -0.000035 0.012801 0.000044 0.194405 -0.257638 0.185023 -0.211735 0.316406 0.759983 -0.000086 0.207678 -0.346663
0.076756 0.096191 0.198841 0.000078 0.000076 0.030458 0.242397 0.289585 0.197223 -0.000414 0.047619 -0.151114 -0.065704 -0.046139 0.459401 0.000204 0.050305 -0.000235 -0.344820 -0.318212 -0.069683 -0.607008 -0.212346 -0.323058 0.000041 0.113961 0.232057
0.101365 0.105101 0.037656 0.000159 -0.000381 0.007282 -0.377546 -0.073706 -0.197062 0.000263 0.016129 -0.192001 0.398328 -0.038271 -0.148739 0.000006 0.017644 -0.000119 0.230377 -0.025340 -0.039227 -0.167981 0.290499 -0.058190 -0.000041 -0.638004 0.315935
0.263106 0.488263 -0.098276 0.000089 -0.000034 -0.004445 -0.123991 -0.516573 0.181056 -0.000252 -0.012512 0.104249 0.371395 0.351378 0.054137 0.000145 -0.016769 0.000069 -0.159706 -0.214629 -0.284359 -0.206757 -0.490153 -0.131153 -0.000013 0.239328 0.001770
0.243449 -0.027355 0.026217 -0.000261 -0.000027 0.005728 -0.029078 -0.347591 -0.030689 0.000014 0.006016 0.133842 0.081718 0.199754 -0.322734 0.000034 0.006066 -0.000221 -0.146829 -0.025373 0.316566 -0.169517 -0.045447 -0.110633 -0.000161 0.044682 -0.205369
0.406873 0.442721 -0.075865 -0.000060 -0.000258 0.057086 -0.133109 0.105086 0.004727 0.000025 0.097717 -0.094412 -0.359232 0.098391 -0.160118 0.000035 0.105655 -0.000002 0.498542 -0.084412 0.459577 0.059831 -0.079669 -0.223778 0.000005 0.255486 0.412399
0.063609 0.159361 0.178275 -0.000344 -0.000012 0.090849 0.521298 -0.073234 0.170180 0.000079 0.138413 -0.117761 -0.700267 -0.459373 0.300558 -0.000106 0.146811 -0.000019 -0.057399 0.393741 0.007175 -0.152555 0.001439 0.163895 0.000033 0.262402 0.247034
-0.276199 -0.001694 0.247942 0.000185 -0.000121 -0.003100 0.473037 0.326551 -0.352550 -0.000050 -0.006656 0.205749 0.134922 0.002237 0.811971 -0.000260 -0.011408 0.000084 -0.225334 0.153859 0.027247 0.352150 -0.072472 0.221474 -0.000059 -0.166813 0.053074
-0.266885 -0.339965 -0.845845 -0.000040 0.000099 -0.003503 0.186791 0.284845 -0.089656 0.000281 -0.023016 0.074569 -0.108633 -0.048590 0.251420 0.000043 -0.027954 0.000106 0.074409 0.317264 -0.115977 0.049691 0.600867 0.010242 0.000094 0.370337 0.493141
-0.729671 0.000659 -0.000758 -0.000085 0.000189 -0.007256 -0.199947 -0.089448 -0.003298 -0.000169 -0.007452 -0.783374 0.321369 -0.385031 -0.350094 0.000016 -0.007457 0.000110 0.317307 0.129907 0.001554 0.261846 0.105281 -0.084862 0.000125 -0.323631 0.672196
-0.082352 -0.421550 0.195972 -0.000403 -0.000048 0.056979 0.076544 0.000244 -0.002919 -0.000015 0.091878 -0.208326 0.412550 -0.470267 0.340901 -0.000127 0.098152 -0.000027 0.136980 0.022858 -0.302004 0.211096 -0.163851 -0.420093 0.000069 -0.097936 0.335505
-0.151178 0.253652 -0.042564 0.000377 -0.000072 0.014347 -0.324802 -0.017545 0.001462 0.000204 0.038051 -0.107590 0.113988 0.033398 -0.425524 -0.000130 0.042579 -0.000189 -0.098496 -0.119886 -0.199480 0.103251 -0.325178 -0.083071 -0.000051 0.184397 0.270967
-0.221897 0.293305 0.292018 -0.000261 -0.000069 0.002021 -0.283015 0.388100 -0.759079 -0.000247 0.018447 -0.051938 -0.559590 -0.116802 0.037856 -0.000038 0.021938 0.000386 -0.242411 -0.084595 0.231635 -0.148066 -0.118290 -0.494797 -0.000149 0.129126 -0.297772
0.184902 0.539220 -0.075421 -0.000153 0.000003 0.000895 -0.068868 0.494542 -0.277092 -0.000230 0.000759 -0.077590 0.239666 -0.018500 0.295361 -0.000041 0.000660 -0.000169 0.367276 -0.414154 -0.078285 0.181049 -0.820195 -0.084362 -0.000076 -0.252059 0.281532
-0.411840 0.302627 -0.322341 0.000084 -0.000073 0.104388 -0.162189 0.071057 0.003101 -0.000072 0.154254 -0.188352 -0.247044 -0.026225 0.238639 0.000163 0.164746 -0.000267 0.363732 0.099522 0.057232 0.152987 -0.289674 -0.039458 -0.000009 0.526331 -0.228543
0.029853 0.163185 -0.120386 -0.000122 0.000176 0.062127 -0.871347 0.107186 -0.239999 0.000198 0.101070 -0.280213 -0.307435 -0.316765 0.244138 0.000013 0.109347 -0.000029 0.033304 0.271905 -0.329097 0.021976 0.145350 0.277823 -0.000014 0.175118 -0.021602
-0.003844 -0.103410 -0.119775 0.000037 -0.000046 0.050325 0.231329 0.211078 0.029215 0.000099 0.088451 0.192595 -0.345378 0.297288 0.240744 0.000221 0.094988 0.000807 0.307820 0.092801 -0.101271 -0.476468 0.210982 0.055207 -0.000006 0.087067 0.010305
0.019345 -0.166001 0.456259 0.000101 -0.000150 -0.007122 -0.000660 -0.158109 0.094881 0.000131 -0.007484 0.039597 0.254866 0.004612 0.336610 0.000038 -0.007524 0.000309 -0.390682 0.780600 0.279978 0.050701 0.350908 0.336654 0.000026 0.030662 -0.093014
0.619978 0.220167 0.201492 -0.000373 0.000015 -0.003281 0.200840 0.005314 0.291661 -0.000094 -0.004103 0.316417 -0.000638 -0.212434 0.201552 0.000038 -0.004269 0.000067 0.062685 -0.014899 0.321379 0.518336 -0.118884 0.123713 -0.000180 0.194380 -0.144970
0.335419 -0.223476 0.321535 0.000095 -0.000119 0.016324 -0.069077 -0.149450 -0.214021 -0.000090 0.030929 0.252360 0.348656 -0.113912 0.205248 -0.000077 0.033165 -0.000025 0.197054 -0.085538 0.170369 0.057748 -0.121295 -0.168734 -0.000111 -0.370823 -0.209186
-0.223031 -0.050508 -0.533005 0.000241 0.000009 0.010708 0.227020 0.009478 -0.096390 -0.000380 0.019925 0.182537 -0.597144 -0.942298 -0.156474 -0.000096 0.021408 -0.000219 0.077948 0.378740 -0.020379 -0.148313 0.108546 -0.100099 0.000030 0.258616 0.361503
0.674967 0.249892 0.116895 0.000135 0.000079 0.012101 0.128229 -0.419407 -0.165166 -0.000081 0.034539 0.361173 -0.486189 -0.094513 0.157071 -0.000026 0.038916 -0.000115 0.390179 -0.233885 0.020198 0.298950 -0.587898 0.220325 -0.000065 -0.110796 -0.003043
0.004222 -0.021713 0.107341 0.000050 0.000092 0.034828 -0.259623 -0.521762 -0.010726 0.000192 0.067386 -0.533862 -0.104185 -0.180710 0.407956 0.000014 0.074843 0.000072 0.111838 -0.163534 -0.138155 0.270374 0.013626 -0.006410 -0.000112 -0.115446 -0.024659
-0.187480 -0.529445 -0.385795 0.000224 -0.000052 0.010199 -0.355859 -0.435164 0.006414 0.000192 0.030133 0.153708 0.192516 -0.257704 0.184601 0.000242 0.034558 -0.000171 -0.297712 -0.020604 -0.481111 -0.340787 0.270823 0.043686 -0.000005 -0.147397 0.445422
-0.291302 0.245382 0.091439 -0.000170 0.000259 -0.000867 -0.092156 -0.373304 -0.021291 -0.000169 0.000640 -0.211028 -0.291454 0.290605 -0.002933 -0.000063 0.001029 0.000050 0.190040 -0.609780 0.037685 0.075636 0.034901 -0.057482 -0.000019 -0.156112 -0.197158
-0.439435 -0.407271 -0.086848 0.000049 -0.000012 -0.002053 -0.247302 -0.087857 -0.547086 0.000131 -0.001413 0.273673 0.258518 0.052523 0.011672 -0.000165 -0.001340 0.000086 -0.093645 0.075507 -0.192951 -0.009360 -0.387597 0.102986 0.000108 -0.425567 -0.153254
0.177904 0.295404 0.053373 -0.000195 -0.000057 0.074727 -0.289538 0.913866 0.313854 -0.000069 0.118829 0.356556 -0.373674 0.072883 0.498991 -0.000051 0.126673 0.000189 -0.222655 -0.456195 0.190028 0.093064 -0.050557 -0.144143 0.000030 0.050303 0.221032
-0.324632 0.325380 -0.294791 0.000166 0.000003 0.092224 0.103230 -0.054137 0.189771 -0.000015 0.142582 0.291984 0.177063 -0.558072 -0.274874 -0.000097 0.152480 -0.000012 -0.184422 -0.067718 0.004164 -0.459538 0.507076 -0.043411 0.000032 -0.113215 -0.107684
-0.365172 0.167809 0.217331 -0.000116 0.000101 0.018606 0.284494 -0.234697 0.519618 0.000070 0.036929 0.315029 0.121786 0.167527 0.092249 -0.000071 0.039690 0.000027 0.370006 -0.305669 -0.056302 0.346334 -0.800758 0.289588 -0.000062 -0.463104 -0.178187
0.028769 -0.316975 -0.287910 -0.000188 -0.000105 0.142583 -0.073713 0.055413 -0.364383 -0.000045 0.211205 0.274837 -0.261107 -0.067903 -0.014322 0.000131 0.223832 -0.000267 0.171976 0.298486 -0.275298 -0.212645 -0.084412 0.356083 -0.000052 0.433029 0.349290
0.439513 -0.261597 0.280449 -0.000151 -0.000204 0.002432 -0.051872 -0.330111 -0.008402 0.000005 0.001958 -0.149880 -0.470188 0.392941 0.475517 0.000095 0.001829 -0.000113 0.099828 -0.239233 0.579559 -0.390573 0.027597 0.182816 -0.000173 -0.183770 -0.360048
0.153444 -0.098304 0.237744 0.000224 -0.000014 0.053187 0.151735 -0.169225 -0.140871 -0.000265 0.082076 -0.199957 0.025593 -0.060835 0.016916 0.000005 0.087263 -0.000146 0.053216 0.212078 -0.030117 -0.126521 0.163230 -0.339327 0.000008 0.427935 0.025305
0.331632 -0.094034 0.003318 0.000463 0.000111 -0.000563 0.311943 -0.272697 -0.053630 0.000030 -0.000867 -0.086348 -0.148893 -0.083313 0.424889 -0.000078 -0.001018 -0.000024 -0.131164 0.338342 0.188641 -0.243649 0.257412 -0.209500 0.000071 0.264318 0.285327
-0.098386 0.425818 0.259038 0.000021 -0.000068 0.004777 -0.307988 -0.155506 -0.103111 -0.000126 0.007526 -1.104713 0.182766 0.239757 0.138863 0.000206 0.008556 0.000037 -0.095243 0.623042 -0.517649 -0.046733 -0.040745 -0.044062 0.000162 0.036791 0.246586
-0.460385 -0.041920 -0.003838 -0.000031 0.000070 -0.001266 -0.304805 -0.427721 0.272620 -0.000095 0.001452 0.024927 -0.369629 0.703944 0.103228 0.000066 0.001988 0.000045 0.421030 -0.063063 0.288079 -0.345051 0.123979 -0.130752 0.000041 0.112197 -0.232536
-0.200065 -0.198383 0.055968 -0.000322 0.000184 0.015182 0.211878 0.376067 -0.003876 0.000054 0.025048 0.225401 0.011498 0.184947 0.138113 -0.000112 0.026529 0.000131 0.005012 -0.086350 -0.001041 -0.275618 -0.020426 0.179720 -0.000059 -0.015219 0.252393
-0.010985 0.019129 0.231922 -0.000183 0.000081 0.048227 -0.428490 -0.231991 -0.073807 0.000083 0.084338 0.031886 -0.336373 0.266995 -0.150533 -0.000002 0.090689 -0.000049 -0.068644 0.308172 0.496289 -0.085058 -0.406106 0.055646 0.000043 -0.506908 0.522017
0.402922 0.154056 0.199549 -0.000209 0.000087 0.005886 0.322172 0.109531 0.064712 0.000105 0.007848 0.226187 -0.611331 -0.404178 -0.008581 -0.000240 0.008321 0.000057 0.517829 0.369578 -0.008267 0.061193 -0.165236 0.189995 0.000081 0.180795 0.191684
-0.022382 0.253776 0.267285 -0.000107 0.000261 0.122943 0.017960 0.172863 -0.295699 0.000114 0.184199 -0.309398 0.248249 0.338682 -0.108563 0.000099 0.195759 -0.000182 0.471877 0.017819 -0.098221 -0.061581 -0.792055 -0.686939 0.000085 -0.006801 0.256887
-0.130108 -0.496529 0.478720 -0.000148 -0.000137 0.062199 -0.105134 -0.055587 -0.494737 0.000010 0.104723 0.158199 0.197735 -0.355606 -0.013647 0.000020 0.112584 -0.000109 -0.436741 -0.030685 0.273727 -0.224731 -0.349672 0.291266 0.000021 -0.230476 -0.071362
-0.313179 0.338636 0.306980 -0.000281 0.000012 0.019015 0.108196 0.370071 0.100585 -0.000241 0.039201 -0.035743 0.550179 0.097931 0.613954 -0.000028 0.043292 0.000362 -0.005706 0.445987 -0.459052 0.116065 -0.118435 -0.003962 -0.000019 -0.076149 -0.555301
0.029324 -0.323137 -0.068073 0.000016 0.000225 0.057400 0.224646 0.349475 -0.316447 -0.000166 0.083963 0.352574 0.388447 -0.315005 0.196464 -0.000172 0.089719 -0.000099 0.098851 -0.266032 -0.372072 -0.062934 -0.284617 -0.065917 0.000032 -0.063100 0.167782
0.012606 0.113656 -0.131192 -0.000171 0.000106 0.012031 -0.525356 -0.093526 -0.082402 0.000094 0.025701 0.196019 0.219941 0.005434 0.002079 -0.000069 0.028334 -0.000006 0.061792 -0.421044 -0.251279 0.075594 0.019629 -0.239284 -0.000073 -0.408693 0.310768
-0.127368 -0.297981 0.367104 -0.000157 -0.000070 0.036120 -0.179899 -0.359316 -0.073136 0.000038 0.067741 -0.190357 -0.025861 -0.144761 0.276646 -0.000047 0.073662 0.000085 0.417253 -0.093057 0.394525 0.535150 0.051470 -0.437242 0.000107 -0.384871 0.012625
-0.258060 -0.078582 0.426609 0.000311 0.000022 0.081201 -0.452542 -0.444987 0.198778 -0.000305 0.126786 0.337714 0.173440 -0.015535 0.033998 0.000175 0.135573 0.000019 -0.375592 0.248630 0.010614 0.234729 0.043236 -0.069700 -0.000007 -0.713649 -0.207354
0.077345 0.080526 -0.228421 0.000085 0.000330 0.053467 0.033708 -0.015129 -0.117111 0.000337 0.090323 0.322369 0.037307 -0.159836 0.113109 0.000019 0.097985 -0.000112 0.231378 -0.317664 -0.179582 0.108099 -0.250617 -0.274971 0.000044 -0.064361 -0.169959
0.294817 -0.003295 -0.718002 -0.000112 -0.000060 0.017345 -0.436591 0.054636 0.425171 -0.000020 0.035629 -0.257441 0.082916 -0.074100 0.537407 -0.000102 0.039475 -0.000024 0.156462 -0.408092 0.215083 0.004663 -0.137005 -0.123564 -0.000016 0.209810 -0.051171
0.118630 -0.058418 0.155952 -0.000428 -0.000061 0.004590 0.009484 -0.274731 -0.035679 -0.000129 0.016704 0.134697 0.008520 -0.104566 0.362387 -0.000005 0.019402 0.000183 0.027220 -0.028570 0.068085 0.187017 0.484121 0.250867 0.000047 0.040446 -0.643202
-0.124331 0.050095 -0.153223 -0.000008 -0.000080 0.052153 0.477179 0.010082 0.215368 0.000022 0.092233 -0.251712 0.597413 0.144498 0.401005 0.000014 0.100921 0.000109 -0.449209 -0.148773 0.172094 -0.408266 -0.196986 0.239118 -0.000127 0.138609 -0.209727
-0.018392 -0.081539 -0.284405 0.000061 -0.000230 0.039789 0.195276 -0.299787 -0.352603 -0.000324 0.077382 -0.633514 0.001409 -0.439968 0.177685 -0.000152 0.085611 0.000324 -0.172082 -0.086012 -0.113017 -0.180479 0.132414 -0.154537 0.000019 0.016414 0.000279
0.278932 0.461599 -0.210377 0.000135 0.000044 0.050946 0.282659 0.283692 -0.233334 -0.000325 0.089105 0.076865 0.412571 0.004589 -0.068493 -0.000024 0.096929 -0.000285 -0.125523 -0.388656 -0.132510 0.342026 0.219778 0.017300 -0.000094 0.411866 -0.040170
-0.472288 -0.280793 -0.004953 0.000152 -0.000136 0.068951 -0.116251 -0.056386 -0.181956 -0.000095 0.111833 0.069497 -0.305879 -0.121717 -0.087649 0.000071 0.121035 -0.000038 0.442982 0.002136 0.185260 0.572174 0.099505 -0.069851 -0.000067 -0.249426 -0.007026
0.079058 -0.168990 0.079465 0.000683 0.000035 0.005344 0.338256 0.367617 0.387615 0.000503 0.006495 0.350655 0.293801 0.384893 -0.184023 0.000039 0.006764 -0.000096 0.548434 0.259408 -0.105370 -0.539097 -0.114611 0.063411 -0.000256 0.021418 0.312458
0.050602 -0.002491 -0.194886 0.000495 -0.000229 0.002612 -0.037804 0.043655 0.072843 -0.000132 0.003745 0.336871 0.513077 -0.030700 0.076415 0.000059 0.003963 -0.000101 0.277672 -0.607238 -0.262981 0.399532 -0.463147 -0.033925 0.000022 0.068686 -0.268990
0.127850 -0.229998 -0.007789 0.000199 0.000027 -0.002730 -0.559037 0.129454 0.509510 0.000061 -0.003285 0.193327 -0.023930 -0.285784 0.171414 -0.000088 -0.003343 -0.000335 0.316777 -0.210201 0.052438 0.389875 0.102380 0.314073 -0.000077 0.063872 -0.393840
0.051043 -0.129635 0.097539 0.000062 -0.000220 0.044100 0.228862 0.197235 0.151746 -0.000191 0.074081 -0.455000 0.062005 -0.188726 0.499196 0.000088 0.079037 -0.000155 -0.207803 -0.323851 0.143912 -0.020553 0.474491 0.057014 0.000073 0.116727 0.103244
-0.702337 0.200465 0.338824 0.000211 -0.000136 0.001263 -0.368317 -0.164452 0.157633 -0.000005 0.001603 0.018402 -0.206772 0.290479 0.120543 -0.000086 0.001640 0.000074 -0.037787 0.117137 -0.242974 -0.114168 0.412164 -0.102389 0.000028 -0.173797 -0.366166
0.136645 0.421419 -0.163292 -0.000105 0.000033 0.000507 0.159523 -0.344043 -0.261259 -0.000032 0.000770 -0.038736 -0.003393 0.219613 0.313679 -0.000043 0.000791 -0.000162 -0.050503 0.539570 0.260117 -0.096200 0.321447 -0.054944 0.000040 -0.318845 -0.232112
0.016900 0.047111 -0.302224 0.000019 -0.000227 0.027882 -0.018724 -0.217974 0.421561 -0.000355 0.057499 0.121340 -0.389166 0.262940 0.166906 -0.000021 0.061955 0.000160 -0.182853 0.538936 0.024259 -0.458632 -0.050027 0.077789 -0.000015 0.280170 0.689306
0.103593 -0.151964 0.590753 -0.000115 -0.000105 0.085224 -0.495513 -0.169729 0.081048 -0.000150 0.134923 -0.271959 -0.118389 0.184480 -0.242656 -0.000068 0.143623 0.000051 0.114181 0.322936 0.119167 -0.265981 0.245129 -0.124321 0.000051 -0.271857 0.165839
-0.357000 0.588085 -0.321472 0.000114 0.000081 0.016820 0.502028 0.443300 0.525238 0.000255 0.039529 0.400508 0.107167 -0.257917 0.262767 -0.000104 0.043123 0.000107 0.178494 -0.180728 -0.058564 -0.318496 -0.043515 0.020528 -0.000019 -0.417628 0.118478
0.064483 0.250681 0.044449 -0.000076 -0.000030 -0.003440 -0.197338 0.211845 0.192736 -0.000194 -0.004388 0.107306 0.396140 0.371645 0.342913 -0.000024 -0.004499 -0.000089 0.572455 0.732503 -0.102404 -0.058683 -0.211081 -0.068200 -0.000017 -0.144972 -0.100769
-0.177191 0.268609 -0.166097 0.000109 -0.000011 0.023196 0.268853 0.357570 -0.142338 0.000256 0.048309 -0.248510 0.301240 0.387021 0.135338 0.000084 0.054017 -0.000213 0.221124 -0.312263 -0.002938 -0.057002 0.372437 0.387728 -0.000040 -0.077474 -0.331835
0.035627 0.108715 0.029363 -0.000068 0.000157 0.017448 -0.139729 -0.091841 0.361873 0.000149 0.039335 -0.216331 -0.227921 -0.046881 -0.279114 -0.000012 0.043763 0.000027 0.578896 0.136954 0.371259 -0.026654 0.548554 -0.342126 0.000034 -0.062156 -0.126510
0.684917 0.401687 -0.087217 -0.000046 -0.000025 0.019190 -0.557116 0.173197 -0.032253 -0.000306 0.042900 -0.414216 -0.001144 0.336577 0.372841 -0.000103 0.047437 0.000124 0.133765 -0.468072 0.051088 0.147017 -0.054263 -0.110405 -0.000140 0.143619 0.150029
0.110029 -0.289276 -0.260501 -0.000225 -0.000075 -0.000748 -0.241447 0.443069 -0.231457 0.000247 -0.000541 -0.185246 0.609662 0.437848 -0.171118 0.000044 -0.000435 0.000052 0.214456 -0.416038 0.243104 -0.095800 -0.043898 -0.085709 -0.000033 0.066288 0.333166
-0.093861 -0.074344 0.335245 -0.000425 -0.000144 0.007852 -0.435296 0.027160 0.280250 -0.000169 0.008295 0.142583 -0.109448 -0.029147 0.022868 0.000115 0.008375 -0.000114 -0.311216 0.131663 -0.158195 -0.237389 0.156078 -0.065234 0.000099 -0.268071 0.210491
0.089573 0.365292 0.140331 0.000096 0.000138 -0.001229 -0.275982 -0.224259 0.118108 0.000069 -0.001772 -0.120729 -0.217125 0.090237 -0.432127 0.000044 -0.001899 -0.000100 0.053107 -0.106270 -0.094879 -0.714955 0.270885 0.384644 0.000059 -0.422676 -0.187989
0.853566 -0.017702 0.430841 -0.000432 0.000293 0.024380 -0.289377 0.262667 -0.423034 -0.000303 0.050680 0.295502 0.145142 0.253093 0.229854 -0.000274 0.054931 0.000264 -0.169611 0.047770 -0.156756 -0.215818 0.134898 -0.121290 -0.000030 0.145522 0.394846
0.318250 0.197383 -0.289521 -0.000024 0.000062 0.004658 0.019549 0.191448 -0.338756 -0.000208 0.017207 0.614023 0.080694 0.511568 0.169202 -0.000016 0.019336 -0.000031 0.026999 0.001155 -0.173300 0.117034 0.130450 0.349087 0.000008 0.201969 -0.337143
-0.268143 -0.109033 -0.043947 -0.000006 -0.000164 0.068816 -0.152973 0.104699 -0.166583 0.000046 0.110876 -0.230588 -0.158723 0.008794 -0.000427 -0.000007 0.119204 -0.000251 0.366218 0.519969 -0.022134 0.020490 0.008629 -0.170409 -0.000032 0.189194 0.180598
-0.016067 -0.714975 0.410797 0.000021 -0.000032 0.037856 -0.375150 0.002546 0.025506 -0.000000 0.063479 -0.420720 -0.034229 -0.308958 -0.455192 -0.000153 0.068601 0.000117 0.060842 -0.356958 0.028498 -0.338199 0.284017 -0.054575 0.000071 0.305757 0.019618
0.085593 0.330349 0.165140 -0.000147 0.000296 0.005288 0.414105 -0.063193 0.070857 -0.000315 0.007223 -0.128498 0.592861 -0.275695 0.314085 -0.000270 0.007632 0.000265 -0.091354 0.095466 -0.130038 -0.141013 -0.341049 0.010871 -0.000022 -0.924840 0.126049
0.484712 0.043172 0.237764 -0.000068 -0.000023 0.010102 0.024438 0.204267 -0.107777 0.000130 0.013644 -0.010168 -0.033566 0.142525 -0.038749 0.000115 0.014361 -0.000021 -0.187944 -0.156887 0.140745 -0.417330 0.343958 -0.135303 0.000109 -0.254585 0.182640
0.123959 0.105932 -0.001792 -0.000015 -0.000155 -0.002888 -0.198187 -0.051829 -0.171734 0.000041 -0.002089 0.010920 -0.236239 -0.164684 -0.306763 0.000097 -0.001949 0.000046 -0.361956 0.141487 0.111775 0.156148 -0.225441 0.716888 -0.000040 0.036155 0.229496
-0.025736 0.182730 -0.176427 -0.000242 0.000192 0.003483 -0.339708 -0.338627 -0.136665 -0.000346 0.007963 0.264375 0.080803 -0.239522 -0.199247 0.000058 0.010461 0.000122 0.005616 -0.077143 0.127190 0.125709 -0.313044 -0.028200 0.000100 -0.652100 0.009834
-0.088037 -0.064363 -0.269921 -0.000422 0.000094 0.097081 0.338611 0.136045 -0.349089 -0.000102 0.148401 0.463520 0.317302 0.134955 -0.014327 0.000080 0.157438 -0.000131 0.228690 -0.173195 0.030384 0.194950 0.107509 0.314500 0.000004 -0.058745 -0.324509
-0.163025 -0.128681 -0.164726 0.000040 -0.000091 0.039405 -0.734965 0.134153 -0.325405 0.000090 0.067285 -0.121281 -0.842618 -0.060720 0.053254 0.000165 0.072691 -0.000008 -0.070298 -0.067464 -0.212561 -0.245306 0.154875 0.489785 0.000059 0.037778 -0.109779
-0.157554 -0.249864 -0.314637 0.000117 0.000343 0.088516 0.135390 0.090827 -0.254552 0.000216 0.139032 0.078105 -0.123542 -0.235424 0.386822 -0.000136 0.148708 -0.000300 -0.030341 -0.089020 -0.215867 0.168111 0.454700 -0.100022 -0.000025 0.451840 -0.001441
0.471171 0.369849 0.248935 -0.000230 0.000058 0.002503 0.118288 0.365098 -0.450693 -0.000133 0.003662 -0.171534 -0.394973 0.142761 -0.377532 -0.000028 0.003891 0.000143 0.408410 -0.745729 0.208626 0.573418 0.403367 -0.465965 0.000001 0.121785 -0.062603
0.053389 0.042822 -0.245258 -0.000122 -0.000137 -0.005016 0.102223 -0.374192 -0.458838 0.000203 -0.038439 0.069690 0.127828 0.237934 -0.108651 -0.000086 -0.045141 -0.000319 -0.118611 -0.187160 0.067621 0.010000 0.442896 -0.153894 -0.000105 0.028866 -0.249539
-0.156351 0.110251 0.071725 0.000009 0.000075 0.000299 0.009544 0.182263 -0.107703 0.000044 0.000088 -0.615673 0.057974 -0.603853 -0.453187 -0.000242 0.000073 -0.000164 -0.127215 -0.091795 0.640305 -0.024602 -0.096269 -0.250637 0.000003 0.731709 -0.323369
-0.200714 -0.353753 -0.382312 0.000033 -0.000084 0.010053 -0.349514 -0.413297 0.157446 -0.000009 0.017019 0.593838 0.403035 0.155247 -0.143485 0.000002 0.018449 -0.000111 0.211754 0.217158 -0.240056 0.159541 -0.342760 -0.171958 -0.000069 -0.296590 0.016795
-0.178320 -0.345121 0.522367 -0.000263 0.000312 0.044075 -0.118836 -0.440440 0.080560 0.000115 0.072433 -0.010946 -0.346762 0.130168 0.108858 -0.000180 0.077351 0.000010 0.043988 0.270122 -0.003077 -0.069650 0.052083 -0.002742 0.000143 -0.242638 0.168495
-0.116648 -0.303483 -0.109675 0.000026 -0.000197 0.033610 0.394019 -0.004126 0.173638 -0.000169 0.059404 0.209521 -0.066631 -0.258916 0.087556 0.000145 0.064261 -0.000030 0.510222 -0.367150 -0.161071 0.060004 0.087758 -0.207840 0.000066 -0.016047 0.084361
-0.168699 0.137534 0.320190 -0.000145 0.000165 0.072662 0.815037 -0.215812 -0.352299 -0.000354 0.116086 0.030788 0.037290 -0.002809 -0.326731 -0.000018 0.126317 0.000488 0.365641 -0.302242 -0.419586 0.162079 0.343367 0.167311 -0.000093 -0.152827 -0.182950
-0.212924 0.453391 0.208671 0.000387 -0.000059 0.090089 0.677575 -0.125001 -0.018998 -0.000011 0.134764 -0.132407 0.121561 -0.291702 -0.103869 0.000306 0.145670 0.000196 -0.186729 -0.231775 -0.490705 0.009515 0.006949 0.148614 -0.000030 0.225857 0.084870
-0.204754 0.741012 -0.411808 0.000176 0.000017 0.004230 -0.034729 -0.057442 -0.058778 0.000003 0.007322 -0.570789 0.428880 0.139650 0.017279 -0.000018 0.007772 -0.000054 0.069936 0.224497 -0.081815 0.393633 0.718991 0.011055 -0.000060 -0.480679 0.149198
0.184854 0.032520 0.133800 0.000182 0.000141 0.009992 -0.008053 -0.165058 0.118565 -0.000087 0.026634 0.043760 -0.103314 -0.365185 0.427489 -0.000051 0.030247 -0.000339 0.187099 -0.006038 0.076923 -0.164020 0.274411 -0.056215 0.000060 -1.037721 -0.196508
0.154523 0.088936 0.277062 0.000033 -0.000218 -0.000689 0.060544 0.195321 0.318352 -0.000008 -0.001009 0.021718 0.170041 -0.133493 -0.830786 0.000311 -0.001085 0.000017 0.317472 0.093509 0.779890 0.147557 0.043396 0.032622 0.000033 0.114388 0.164214
