0.000040
-0.924796
-0.014681
0.000315
0.006745
0.020234
-2.819035
0.000048
0.003498
-0.010176
-0.000636
-0.016990
-2.208765
0.000729
0.026747
-0.002055
0.003276
-0.011645
0.000293
-0.040535
-0.000600
0.007330
-0.003788
-0.000342
0.015690
0.010099
4.823146
0.007813
0.007571
-0.000022
-0.006361
0.013413
-2.771279
-0.013358
-0.008534
-0.030663
-0.018738
-0.019503
0.024191
-3.078457
0.015110
-0.001825
-0.000168
0.003761
0.015125
5.876418
-0.016247
-2.853472
0.030548
-0.048866
-0.003375
-0.006020
-0.008438
0.000546
-1.585471
-0.032447
-0.041095
4.493667
4.329303
6.306233
-0.000063
0.031170
-0.010388
0.001271
-0.002065
-0.037542
-0.014871
-0.012296
4.415252
-0.000483
-0.023930
0.002966
-0.002756
-2.539052
0.005304
-0.005530
-1.805541
0.029951
0.026647
-1.629932
-0.009924
0.015999
0.009771
-0.002288
3.011846
-0.010586
0.175879
0.005213
-0.029324
6.334800
0.000924
-0.013808
-2.020442
0.000257
-0.012516
-0.022402
0.022087
0.017380
0.016880
0.038271
-0.002061
4.780857
-0.015504
-0.003653
5.374366
5.426486
