2.499267
0.018806
0.027505
0.005530
-0.000218
0.007912
-2.750103
0.026934
-0.015622
-0.013344
0.000029
0.013415
-0.032008
0.034778
0.022557
-0.034325
-0.011748
-0.003204
-0.011626
-1.333349
-2.200181
0.001880
-0.022643
-0.004495
0.015083
5.042778
0.002452
-0.000047
0.030030
0.000776
-0.000217
0.018728
-0.001344
-0.006629
0.000470
-0.018645
-0.035533
-0.000145
0.000117
0.000241
-0.002703
0.047178
-1.890358
0.000211
0.014612
-0.030151
0.010121
-2.360268
-0.001363
0.005797
-0.000041
-0.021343
0.022086
-0.008255
-0.000521
-0.028661
-0.008083
-0.015852
0.018541
4.229396
-0.027440
3.356548
0.012154
-0.001417
0.026013
-0.000192
-0.038654
0.011537
-1.335963
-0.013698
-0.015432
0.029888
5.219454
-0.000265
-0.000058
-0.009657
0.006721
0.017770
0.005261
0.007592
0.332830
-0.007454
0.001629
0.015990
-1.242612
-0.001877
-1.542817
0.004429
-0.000349
0.012902
3.645624
0.017556
0.004450
0.012234
-0.000333
0.000291
-0.014001
4.367997
-0.008773
-0.016512
6.041524
-0.000128
0.004286
-0.011672
-0.002509
0.021629
4.868920
-0.004768
-0.025608
0.006735
0.009958
0.000673
0.000638
-0.025026
-0.007479
-0.000521
0.001566
-0.035958
0.000086
0.024724
-0.002111
-0.001637
0.000070
0.013152
3.783443
0.008043
-0.003718
0.000078
-0.011235
-0.000391
-2.528924
-0.024497
0.051951
0.012253
0.019637
0.008679
-1.837904
-0.005620
-0.009381
-4.692909
-0.011362
0.004113
0.016667
0.001641
0.001989
0.000662
-0.039520
-0.019884
-0.021490
-0.005892
0.001667
-0.000088
-0.014607
-2.709148
0.022666
-0.004384
0.015870
-0.000815
0.005663
-0.000065
0.016182
0.008913
-0.011958
-0.009071
-0.008590
-2.943195
0.007053
0.001414
0.007038
-0.034753
-2.389842
0.032385
0.004723
-0.000540
-0.000280
-0.003121
-0.013468
-0.000052
0.014110
0.015379
0.008528
0.009924
0.028274
0.022264
0.024655
-0.001060
-0.021714
0.001878
