-7.120580
-6.474511
-0.011318
0.004736
0.000746
-0.002366
6.346140
0.031312
5.205080
0.009187
0.002680
-6.631613
0.001356
-0.015533
-4.542689
-5.902249
-8.166753
4.686324
4.753036
-7.378821
0.016188
5.287170
5.431028
0.024157
-6.208628
0.002551
-0.008462
0.023704
4.330116
-5.653496
6.038017
0.000242
-0.015082
-0.001982
0.010025
-7.135971
-6.184666
-9.803073
0.000320
-5.541691
5.884518
-5.762437
0.001591
-0.004181
0.684883
-7.255369
0.006842
-6.175048
-7.661674
-6.136610
-4.847485
-5.252635
-5.141830
0.003263
-9.622264
-6.470811
5.394009
5.235957
-0.002216
0.859302
-6.126504
-5.386371
-6.485038
-0.001471
-0.003027
0.013564
-0.003129
0.006080
0.001226
-6.854867
-4.973888
0.000554
-6.912996
0.021352
-5.476321
-6.526103
0.018723
0.002148
0.001365
-7.557464
-5.090972
6.022803
-5.805720
-8.001555
-0.003600
0.006434
-4.036885
-0.000862
5.642885
0.027984
1.089443
-0.002900
-0.005849
