-0.030584
-0.067656
1.379259
-1.447068
-0.007490
2.286480
2.046862
-0.011255
0.003404
0.000226
-0.430039
-0.536987
-1.449029
-0.000946
-0.013639
2.148763
0.011968
-0.008943
-2.982044
0.011043
0.001598
0.000438
-1.773882
-1.856468
-0.020030
0.960174
-0.471815
0.002811
0.017706
-0.763980
-0.014799
2.307028
0.007555
-1.092149
-0.001910
-0.779031
-0.000169
1.207717
-0.098871
0.000274
-0.015503
0.009805
0.000050
-2.736645
-2.791582
2.468840
2.081544
0.013866
2.132343
-1.218326
2.437364
2.196498
2.612646
-0.312158
0.000009
-2.037933
0.008493
-2.790786
-1.077932
-0.514951
2.170836
-0.727765
0.571186
-1.056179
-0.683459
0.052252
1.046518
-2.787154
-0.777486
-0.632726
0.541491
0.001506
2.603174
0.011266
0.009329
1.113526
-0.606245
