0.000527
0.029336
0.002568
0.004697
0.000140
-0.021146
-0.032224
0.004491
-0.002806
0.015740
-0.000051
0.014134
0.014914
-0.038656
-0.020944
0.003195
-0.008051
-0.002782
-0.018408
-0.032378
-0.000301
0.001005
-0.016753
0.004093
0.006945
0.033726
0.002957
5.541566
0.000068
-0.000036
0.007101
0.000159
-0.021977
0.013368
-0.003545
0.004804
0.015885
4.709722
0.011483
-0.017727
0.009768
-0.031488
0.000080
-0.009142
-0.007059
-0.027428
-0.007902
0.029078
-3.722773
0.007396
0.022459
-0.010774
0.000435
0.016321
-0.025832
-2.471773
-0.000223
0.004126
-0.000005
-0.002235
-0.006854
0.005494
-2.374814
-0.003553
-0.000016
0.023262
0.000645
0.008686
-0.000360
0.022041
-0.000019
-0.003503
-0.007529
-0.002520
-0.017300
0.020611
-0.001045
-0.023369
-0.000037
0.016336
0.000131
0.005418
-0.003228
0.012588
0.019371
0.001050
-1.214450
0.013525
0.015095
-0.007943
0.002686
3.507049
-0.000550
-0.938023
-0.026495
0.016426
-0.007121
0.000518
-0.013871
-0.021807
-0.013548
0.000756
0.002714
0.002963
0.003325
-0.000624
0.016459
0.005480
-0.000097
0.000017
-0.000494
-0.006002
-1.770207
-1.457850
-0.012108
-0.008464
-0.014237
0.015377
-1.572379
-0.023332
-0.011130
-3.037225
0.031977
-0.002309
-0.020335
-0.000341
0.003673
-0.000575
-0.014216
5.102195
3.185519
3.523596
-0.037256
-0.024068
0.007146
-0.000413
-0.000508
-0.004930
-1.660371
0.012466
-0.001863
0.013950
0.000313
0.011748
0.012758
-0.004282
-1.714676
-0.001239
0.012838
-0.004871
0.023023
0.006519
-2.343265
0.002384
0.033228
-0.018999
-0.011424
3.890252
0.016904
-0.016873
-0.002679
-0.011121
-0.003355
-0.002450
0.002286
0.017733
0.011800
0.006027
0.161584
-0.020786
0.010026
-1.542875
-2.955846
5.730308
-0.015324
-0.024883
-0.000362
0.009400
-0.032425
0.000128
-0.027067
-0.009611
0.006676
-0.000188
-0.003978
-0.007936
-2.372873
4.701645
-0.002262
-0.036565
0.018864
-0.005437
-0.000056
-0.000119
0.006874
