0.036193
-0.411401
-2.654100
-1.571582
2.354959
1.967627
-0.861278
0.019830
0.000185
-0.000057
-0.002372
0.017957
1.213273
0.006257
2.681409
-0.003322
-0.008033
3.223508
-0.744655
-0.339956
2.260675
-0.344166
0.001692
-0.032922
0.008306
1.066626
0.000112
-2.658807
0.004628
0.000054
-1.278754
-0.679512
-0.000341
-0.047010
-0.918368
-0.005823
-0.746316
1.267756
0.016560
-0.000531
1.974382
-0.276035
0.000240
2.073258
0.642975
2.689421
1.000271
0.001951
-2.428317
-0.968764
0.005708
0.109402
-0.685780
-2.880558
-0.002812
-0.413962
0.001129
2.395641
1.861175
-0.399443
-0.386188
-1.499858
1.313574
-1.165096
-0.010502
2.632090
-1.639375
0.009365
-0.000111
2.381642
-1.099420
0.006371
-1.286310
2.300042
0.609998
