-0.040145
-0.004220
-0.001699
-0.010093
-0.001844
-0.000474
0.352392
-0.283882
-0.002811
-0.268418
-0.003366
-0.009706
-0.006294
-0.630289
-0.003465
-0.001166
-0.006961
-0.008025
-0.352953
-0.007130
-0.393954
-0.005471
-0.001732
-0.428269
0.340449
-0.400698
-0.007198
-0.001736
-0.009243
-0.397773
-0.287253
0.004899
0.256104
-0.001319
-0.401334
-0.001059
-0.001219
-0.007505
-0.031486
-0.001904
-0.002815
-0.002303
0.414271
0.319105
0.172345
-0.357221
-0.456961
-0.019817
-0.000852
-0.023796
-0.018621
-0.019848
-0.360907
-0.010572
-0.154597
-0.001294
-0.018629
-0.405055
-0.292461
-0.004483
-0.024813
-0.300585
-0.010039
-0.317295
-0.317156
-0.001948
-0.009100
-0.002523
-0.004482
-0.004947
-0.014556
-0.365171
-0.000724
-0.001436
-0.365371
-0.016374
-0.003326
0.316442
-0.496424
-0.036320
0.145237
-0.001513
-0.004542
-0.319365
-0.007561
-0.468852
-0.000984
-0.002619
-0.004046
-0.017189
0.285969
-0.025541
-0.001840
-0.014976
-0.003108
-0.384610
0.000229
-0.015992
-0.327624
-0.002234
-0.214070
-0.019766
-0.007168
-0.009143
0.009288
-0.020543
0.360970
-0.001882
-0.270705
-0.007753
-0.506586
-0.008026
0.353472
-0.042872
-0.029724
0.082281
-0.003303
-0.002399
0.074675
0.131697
-0.479259
-0.004888
-0.007651
-0.001132
-0.323898
-0.002498
-0.015338
-0.259696
-0.005824
-0.005953
-0.003858
-0.316357
-0.001256
0.002837
-0.192423
-0.001489
-0.254959
-0.505095
-0.016036
-0.346880
-0.001147
-0.003604
-0.024257
-0.006695
-0.159944
-0.009703
0.389300
0.005607
-0.251622
0.234734
-0.002167
