-0.008540
-0.315286
-0.636166
-0.536289
-1.181088
-0.001403
-0.001701
-0.005793
-0.000859
-0.019075
-0.337047
-0.003495
0.000848
-0.017403
-0.006981
-0.007844
-0.012543
-0.147998
-0.021180
-0.003493
-0.214163
-0.748876
0.907325
-0.002112
-0.019067
-0.002097
-0.005889
-0.008945
0.296509
-0.001757
-0.540745
-0.314775
-0.003145
-0.022097
-0.006844
-0.000487
-0.005220
-0.001337
-0.000752
-0.005235
-0.498999
-0.002045
-0.002522
-0.001677
0.137913
-0.450067
-0.810688
-0.000845
0.000167
-0.001418
-0.230217
-0.002366
-0.416559
-0.004809
-0.021269
-0.000345
-0.002615
-0.002001
-0.003444
-0.003295
-0.000828
-0.004621
-0.072998
-0.006753
-0.001800
-0.003235
0.002683
-0.293817
-0.294571
-0.002403
-1.152253
-0.002071
-0.001009
-1.127649
-0.010485
-0.003514
-0.353848
-0.450629
-0.001827
-0.002744
-0.016617
0.199329
-0.012353
-0.406127
-0.003102
-0.003520
-0.010982
-0.006596
-0.004084
-0.006251
-0.003866
-0.004048
0.002074
-0.009862
-0.009847
-0.000727
-0.001401
-0.001393
-1.024875
-0.263505
0.071824
-0.016073
-0.002636
0.001579
-0.368025
-0.001543
-0.308685
-0.424789
-0.003691
-0.000571
-0.000628
-0.498261
-0.000735
-0.431630
-0.207692
0.000406
-0.476858
-0.001535
-0.000873
0.150656
-0.005315
-0.106167
-0.280852
-0.017472
0.001364
-0.002104
-0.159306
-0.002481
-0.001847
-0.260915
-0.184359
-0.001192
-0.008073
-0.067208
-0.002592
-0.001323
-0.362723
-0.119719
-0.024557
-0.000721
-0.156261
-0.005854
-0.005507
-0.002377
-0.287272
-0.001943
-0.009252
-0.808469
-0.001417
-0.008124
-0.042648
-0.007343
0.000776
