0.007855
-0.004076
0.008922
-0.004658
0.000247
0.000422
0.011192
-0.000294
-1.994433
0.001154
-0.028575
0.017474
0.000123
0.000921
4.708823
5.074434
0.028607
-0.028244
6.148079
0.006649
0.000005
0.009751
0.009362
0.001801
-0.023023
-0.000077
-0.000943
0.001542
0.015945
-2.516116
-0.030622
-2.811203
-0.005885
0.001074
-0.010362
0.003662
0.000325
-0.012374
0.000265
-0.000044
5.278585
0.000590
0.017069
-0.016350
0.022387
0.016256
-1.988738
-0.026179
-2.266223
-0.001211
-0.007793
4.329612
-0.008596
0.027483
-0.020528
-2.369059
0.000192
0.017017
0.002847
0.014223
4.755785
0.018831
-0.002762
0.019825
2.994874
-0.006587
-0.000097
-0.002655
0.028651
0.000212
0.017922
0.006365
0.019194
-0.000503
0.010292
-0.013508
0.001244
0.007874
0.001576
-0.025408
-0.000867
0.001078
0.000484
3.802432
0.005579
-0.028722
0.000015
0.017746
-0.017843
-0.000675
5.340380
0.011586
0.010321
-0.000401
-0.006354
-0.005761
-0.015838
-0.021946
-0.011012
-0.016078
-0.000802
0.000533
-0.003321
-0.033615
0.012556
-3.206572
-0.024700
0.000857
0.000762
-0.000008
0.002007
-0.008346
0.033294
0.024629
-0.000476
6.247510
-0.000071
0.003364
0.005041
-0.002374
0.037736
-0.001255
0.008270
0.025841
5.549147
-3.377726
-0.000511
0.008543
0.000705
-1.844766
-0.001706
-0.014199
-0.028726
