-1.697499
-2.061234
-0.490049
0.000001
1.728666
-0.025093
2.425492
-2.260171
-1.533474
2.502853
-0.037673
-1.850173
-0.011619
0.028957
0.512108
-0.000466
-0.884431
-0.127332
-1.552353
1.407786
-1.042957
2.168067
2.089609
-0.097358
0.015218
2.267776
-1.957626
-0.768600
-2.344187
-0.002979
-2.304360
-1.992316
-0.007770
-2.243227
2.305979
0.811791
0.016739
0.011338
0.000042
-0.004277
2.922370
-0.012736
0.479356
-0.000376
-0.017519
1.473181
-1.354057
0.009917
-2.130638
-0.758279
-0.205204
0.000006
-1.588786
-0.008147
2.144426
-2.100888
-0.787820
1.346074
-1.749596
-0.551171
0.000139
-0.738111
0.308577
2.292920
-1.411044
2.453621
-0.082160
1.540267
