0.457508 -0.036606 -0.048026 -0.009560 0.119609 0.001268 -0.340073 -0.064863 -0.000112 -0.184674 -0.000137
0.256763 0.150041 0.083234 -0.010580 0.218105 0.025174 -0.019696 0.179095 -0.000108 -0.431312 0.000008
0.121815 -0.059427 0.068785 -0.012328 -0.220410 -0.078495 -0.205439 0.300452 -0.000242 -0.067849 0.000045
0.474355 0.076183 0.031939 -0.010794 -0.462808 -0.011775 0.214885 0.228773 0.000018 -0.068206 -0.000016
-0.446922 -0.059968 0.271006 -0.004328 -0.230132 -0.025584 0.088969 0.298167 0.000029 -0.007157 0.000030
-0.264063 -0.261141 -0.107209 -0.007175 0.103822 0.018956 0.534887 0.050204 0.000056 0.237258 -0.000141
0.192169 0.007978 0.258546 -0.013226 -0.224642 0.090583 0.206014 -0.471789 0.000037 0.212277 0.000058
0.168936 0.022068 0.051827 -0.007574 0.414231 -0.069192 -0.076745 -0.562538 0.000068 0.094777 0.000042
0.238992 0.164122 0.120738 -0.010045 0.538050 0.058231 -0.383503 -0.036920 0.000021 -0.165433 0.000004
-0.235020 -0.098758 -0.590351 -0.005174 0.516292 -0.120913 -0.303980 0.692392 0.000006 -0.341434 0.000061
-0.204578 0.182409 -0.007214 -0.000106 0.221572 -0.162162 -0.090110 0.239044 0.000120 -0.300992 0.000038
-0.022152 -0.249614 0.310260 0.000946 0.021914 -0.271374 0.025988 -0.210800 0.000103 0.150080 -0.000110
-0.071008 -0.811084 0.130174 -0.004335 0.583816 -0.326881 0.055141 -0.114020 0.000012 -0.028001 -0.000067
0.289577 -0.018789 0.231147 -0.006326 -0.561847 -0.131795 0.451609 0.031307 -0.000100 -0.051797 -0.000033
-0.544156 0.263614 0.117829 -0.007310 0.129762 -0.133020 0.131599 -0.080829 -0.000137 0.121354 -0.000056
0.298289 -0.065655 -0.341639 -0.002653 0.217333 0.060043 -0.066868 -0.078144 0.000081 0.106372 -0.000125
-0.039833 -0.145999 0.020360 0.000260 -0.057448 0.261853 -0.099249 0.322065 -0.000048 0.347782 -0.000166
0.037143 -0.384801 -0.086593 -0.000924 0.350762 0.311668 -0.038998 0.050331 -0.000012 0.168162 -0.000027
0.602603 -0.026024 -0.075444 -0.003731 0.292645 0.331030 -0.056001 0.208670 0.000067 -0.097336 0.000067
-0.289175 -0.422043 0.032384 -0.005363 -0.200669 0.025299 0.318463 0.499070 -0.000022 -0.003167 -0.000025
-0.448679 0.089966 0.326700 -0.003417 -0.285844 0.018071 -0.051465 0.475966 0.000051 0.157374 -0.000062
-0.276367 -0.247828 0.097839 -0.000112 0.148191 0.032646 -0.205651 0.134466 0.000120 -0.065012 -0.000209
0.019542 -0.042242 0.220815 0.001696 0.119127 -0.060354 0.051297 0.026763 -0.000005 -0.261403 0.000077
-0.035793 0.048579 0.128861 0.001568 0.311273 -0.076574 0.259400 0.180889 0.000051 -0.427093 -0.000062
-0.017170 0.474228 -0.054525 -0.008420 0.391813 -0.184242 -0.875904 0.002910 0.000015 -0.083577 0.000044
-0.290864 0.026770 0.441058 -0.009559 0.042337 0.123904 -0.173123 -0.084792 -0.000103 0.117332 0.000021
0.670949 -0.655770 0.378484 -0.006113 0.064536 0.161911 -0.136673 -0.305154 0.000116 -0.176199 -0.000046
0.321676 -0.211316 -0.095478 0.001156 -0.144971 0.109222 0.129972 0.016530 0.000043 0.356538 -0.000020
-0.130969 0.457210 -0.170679 -0.005905 0.058780 0.355860 0.156673 0.056986 0.000171 -0.168755 0.000032
0.318868 0.235022 -0.101299 -0.004407 0.009133 0.564895 0.204617 -0.247371 -0.000046 -0.267971 0.000014
0.000926 0.130166 0.171771 -0.001751 0.612532 0.568018 0.530986 -0.511377 0.000042 -0.254786 -0.000025
-0.184234 0.018146 0.342856 0.000421 -0.350978 0.472924 -0.266584 0.408812 0.000195 -0.117396 -0.000029
0.020249 -0.423036 -0.100397 0.001216 0.842694 0.216527 -0.336398 0.246367 0.000021 -0.036050 -0.000030
-0.097813 -0.092326 -0.013560 0.000575 0.102517 0.273132 -0.023792 0.119104 -0.000130 0.076189 0.000120
0.398743 0.120273 0.472044 0.000303 -0.412709 0.252200 0.058112 -0.198858 -0.000180 0.075758 0.000001
0.257471 -0.219530 -0.444389 -0.000170 -0.207768 0.138749 0.085857 0.333158 0.000099 0.032629 0.000114
-0.305376 0.073270 -0.168714 -0.000420 -0.087814 0.085872 0.572585 0.296686 -0.000026 0.071580 0.000059
-0.107978 -0.194421 0.375641 0.000332 -0.011460 0.115421 0.190554 0.019637 0.000106 0.048239 -0.000007
0.398493 -0.028853 -0.262779 0.000183 -0.099081 0.073313 0.107641 0.090037 -0.000064 0.230161 0.000098
0.237872 -0.198083 0.549799 -0.000100 0.063049 0.118396 -0.458539 -0.018825 -0.000157 -0.528432 0.000060
0.068321 -0.177328 0.093185 0.000154 0.044723 0.068621 0.081782 0.217740 0.000068 -0.380512 0.000030
0.050887 -0.272367 0.203551 0.001158 -0.051772 0.123712 0.032451 0.417033 -0.000064 0.137232 -0.000038
-0.081020 -0.217481 -0.312579 -0.003403 -0.109522 0.229834 -0.126853 0.407878 -0.000038 0.317083 0.000056
-0.449112 0.302625 -0.092896 0.000879 0.711693 0.191483 -0.786883 0.201378 0.000023 0.051928 0.000034
0.023277 0.243144 0.106839 -0.000135 -0.028380 0.238582 0.102984 0.048458 -0.000026 0.311506 0.000016
0.260593 -0.054284 -0.376562 0.000142 0.169317 0.218156 -0.314311 -0.044683 0.000273 0.087092 0.000025
0.079890 -0.302298 -0.526947 -0.001250 0.708820 0.288517 -0.053437 -0.259973 -0.000046 0.222441 -0.000146
0.005272 0.030207 0.032026 -0.008141 -0.068830 0.121290 0.504114 0.134351 -0.000001 -0.113833 0.000104
0.037312 0.432451 0.118854 -0.006341 -0.278737 0.279291 0.154501 -0.371229 0.000092 -0.343605 -0.000028
0.283071 0.028994 0.104071 -0.006935 0.441627 0.088477 0.131622 -0.104470 0.000083 -0.539108 0.000043
-0.152398 -0.259182 0.088608 -0.000282 -0.035623 0.214370 0.196307 0.545387 0.000094 0.040081 0.000097
-0.131177 -0.190698 -0.402724 0.000230 0.334795 0.202040 0.183480 0.129143 -0.000019 0.256443 -0.000013
0.031719 0.120627 0.045367 0.000211 -0.309411 0.144519 0.136068 -0.121852 -0.000009 0.490334 -0.000115
0.140896 0.254584 -0.948035 0.000031 -0.433220 -0.046429 0.410549 0.234283 0.000080 0.333887 0.000037
0.062443 -0.098471 0.282199 0.000044 -0.131569 -0.142220 0.122896 0.087522 -0.000089 -0.045330 -0.000076
0.446521 -0.098783 -0.349502 0.000692 0.098940 -0.231615 0.138002 -0.073690 -0.000012 -0.826280 0.000027
0.182845 -0.252617 0.002719 0.000854 0.911188 0.285858 -0.496174 0.247929 0.000132 -0.410206 0.000033
-0.073089 -0.110769 0.639550 0.001061 -0.197476 0.272846 -0.244006 0.403418 -0.000051 0.194071 -0.000072
0.151412 -0.396816 0.202134 0.000066 -0.679504 0.144439 -0.240282 0.097757 -0.000018 0.637694 -0.000011
-0.887299 -0.150658 0.240871 -0.003258 -0.095521 -0.039027 0.246408 0.227576 0.000171 0.167725 -0.000030
-0.196831 -0.534535 0.060993 -0.000080 0.390590 -0.257369 -0.167143 0.195738 0.000087 0.713593 0.000073
-0.007969 0.488921 -0.721309 -0.000033 0.232579 -0.148207 0.174216 -0.198773 0.000056 0.097295 0.000033
0.224108 0.433624 -0.865376 0.000982 0.039564 -0.213550 0.043963 -0.379674 -0.000260 -0.226116 -0.000151
-0.167420 0.084388 -0.035687 -0.000203 0.549684 -0.281595 -0.353224 0.178219 0.000107 -0.657454 0.000143
0.192598 0.177826 0.083915 0.000544 0.091191 -0.133110 -0.094696 0.237903 0.000098 -0.516059 0.000052
0.025541 -0.334768 -0.024561 -0.000735 -0.008666 0.005539 0.040783 0.172386 0.000018 -0.051854 -0.000086
0.416136 -0.501597 -0.058900 -0.007442 0.065777 0.082085 0.026346 0.019522 0.000008 0.021040 -0.000046
0.201012 0.036660 -0.089186 -0.003204 0.169248 0.019381 -0.096283 -0.087827 -0.000062 0.327206 -0.000073
-0.020325 0.014053 -0.313568 0.001168 -0.102929 0.168984 0.460811 -0.117243 0.000143 0.480218 -0.000103
-0.014176 0.601872 -0.405522 -0.004919 -0.310728 0.434492 0.169284 -0.163298 -0.000113 0.448904 0.000034
0.261204 0.045589 -0.425306 0.000752 0.043547 0.361719 -0.010647 0.154991 -0.000141 -0.187214 0.000007
-0.075026 0.057310 -0.215769 0.000115 0.092620 -0.033985 0.113550 0.170859 0.000007 -0.187822 0.000012
-0.441736 0.486583 0.033962 0.000176 0.122995 0.006888 0.176552 -0.158117 -0.000060 -0.041588 -0.000118
0.161302 -0.248605 0.458526 0.000850 0.385587 -0.146066 -0.427024 0.053616 0.000055 -0.194947 -0.000062
0.397109 -0.250085 0.215965 -0.002196 0.092715 0.047947 -0.024322 -0.007765 0.000040 0.041920 0.000073
0.190244 -0.281738 -0.395990 0.000889 -0.305593 0.036337 0.230262 -0.150389 0.000047 0.698706 -0.000038
-0.118298 0.269894 -0.440573 0.001092 -0.194392 -0.023245 0.398705 -0.076493 -0.000044 0.300084 0.000008
-0.211734 0.144321 -0.132439 -0.000058 -0.171515 -0.066413 -0.210638 0.479947 -0.000014 0.136128 -0.000031
-0.245706 0.024781 0.335950 -0.000034 0.157601 -0.041781 -0.408348 0.297952 0.000062 -0.280306 0.000037
0.037892 0.263705 -0.129569 0.000876 0.195120 0.162696 -0.216322 0.060485 -0.000044 -0.082176 0.000096
-0.408446 0.236006 0.240107 -0.000107 0.176405 0.001550 -0.039427 -0.039947 -0.000002 -0.314604 0.000029
-0.106297 0.180977 -0.445869 -0.000599 0.207210 -0.123221 0.459962 -0.175593 -0.000099 -0.001580 0.000061
0.110905 -0.226845 0.313604 -0.000015 -0.323570 0.002844 0.298439 0.181777 -0.000001 0.291180 -0.000011
-0.284901 -0.214524 0.027494 0.000110 0.128699 -0.192957 -0.351534 0.071959 0.000105 -0.059430 0.000056
0.449576 -0.053601 -0.591148 -0.000112 0.115961 0.066972 -0.020341 -0.061452 -0.000088 0.327587 0.000070
0.068444 0.123215 -0.252962 0.000765 -0.102421 0.097871 0.363219 -0.224837 -0.000039 0.270159 -0.000050
0.384920 -0.030653 -0.265479 -0.005725 0.011546 0.037328 -0.110368 0.060453 -0.000040 -0.192607 0.000093
0.022669 0.422120 -0.337051 -0.000659 -0.077884 0.096308 -0.401976 -0.022638 -0.000123 0.293359 0.000032
-0.127227 0.311006 0.065401 -0.000525 -0.244947 0.022614 0.116195 0.006125 0.000144 0.092884 0.000031
-0.078852 0.529773 0.171185 -0.000144 0.209946 -0.008813 -0.024266 -0.441169 0.000015 0.243301 0.000032
0.143702 -0.536561 0.178325 -0.000468 0.425111 0.135090 -0.002107 -0.261375 -0.000010 -0.175590 0.000031
0.718835 -0.261726 -0.155529 -0.004246 -0.440636 0.263908 0.059295 0.457552 0.000004 -0.137363 -0.000012
-0.118976 0.320104 -0.269260 -0.003282 0.170361 0.184402 -0.095618 0.114328 0.000161 -0.187469 0.000036
-0.097859 -0.131630 0.086335 0.001186 -0.514742 -0.011798 -0.000334 0.532907 -0.000042 -0.007853 -0.000084
-0.193374 0.387190 -0.625239 -0.001058 0.232932 -0.028116 0.104060 0.216049 -0.000137 -0.004710 0.000043
-0.034859 0.046856 -0.213437 -0.001703 0.109104 -0.060405 -0.147768 0.362574 -0.000226 0.485524 0.000127
0.027869 -0.186712 0.286731 -0.001457 -0.069896 -0.007288 -0.202639 -0.036843 0.000190 -0.171210 -0.000070
-0.829875 0.238203 0.347557 0.000330 0.172238 0.030682 -0.213001 0.133840 -0.000099 0.414045 0.000027
0.260234 -0.047749 -0.145234 0.000173 0.106079 -0.006405 0.308248 -0.233135 0.000227 -0.219806 0.000007
0.247082 0.117914 0.011898 0.000297 0.033680 0.042261 0.102074 -0.221802 0.000050 0.094821 0.000094
0.275721 -0.273329 -0.114757 0.000317 0.176918 0.149715 0.368195 -0.129212 0.000078 -0.174336 0.000063
-0.412033 0.196852 -0.042118 -0.000448 -0.225016 0.116763 -0.169264 0.651930 -0.000054 0.242564 0.000038
0.062407 0.212115 0.121589 0.000731 0.139880 -0.015824 0.245167 -0.113356 0.000021 -0.290687 -0.000044
-0.027326 0.498717 0.247497 0.000775 -0.322844 -0.056110 -0.099617 -0.332239 0.000090 -0.090199 0.000057
-0.538138 -0.126802 -0.068292 -0.000256 0.196654 -0.099290 -0.407081 0.058866 0.000046 0.411232 -0.000005
0.477035 0.247252 0.142166 0.000389 0.091832 -0.024166 -0.478460 -0.076340 -0.000227 0.218871 -0.000126
-0.036997 0.143392 0.316410 -0.000422 -0.364371 -0.079611 -0.418747 -0.055809 -0.000043 0.124943 -0.000030
0.063046 -0.144858 0.190811 -0.000084 0.086089 -0.006834 0.073934 -0.436289 -0.000101 0.199059 -0.000070
-0.095198 0.442961 -0.331627 -0.000041 -0.013331 0.027253 0.487183 -0.349571 -0.000081 -0.001117 0.000061
-0.076445 -0.072189 -0.393733 0.000278 -0.016154 -0.000104 0.238516 0.076276 -0.000013 0.362015 0.000128
0.046201 -0.054699 -0.027947 -0.000325 -0.052062 0.026110 -0.185221 0.312733 -0.000209 -0.047938 0.000030
0.042854 0.440228 0.080272 -0.000165 0.142509 -0.162073 -0.077303 0.316766 -0.000030 -0.714700 -0.000032
-0.062919 -0.083084 -0.003861 -0.000527 -0.129754 -0.042713 0.124944 -0.049214 0.000019 -0.055280 -0.000093
-0.076306 0.033045 0.819828 -0.009629 -0.255832 0.042155 -0.042563 -0.014445 0.000021 0.071980 -0.000050
0.054354 -0.743612 0.097680 -0.003991 0.374633 -0.099562 -0.091206 -0.369749 0.000036 0.139855 0.000071
0.249749 -0.150324 -0.094335 -0.000959 -0.078270 -0.062089 0.120552 0.281612 -0.000018 0.307467 -0.000007
0.323074 -0.166525 0.003111 -0.006306 -0.183640 0.005371 0.331146 0.115765 0.000085 0.020372 0.000025
-0.656195 0.395548 0.110082 0.001172 -0.510600 -0.016634 0.258912 0.111109 -0.000093 0.119734 -0.000024
-0.217504 0.009990 0.136449 0.000464 -0.086103 0.054095 0.153808 0.172243 0.000091 -0.026399 0.000003
-0.422341 0.109772 -0.508100 -0.000447 0.257166 0.108033 -0.045514 0.228943 -0.000070 -0.353084 0.000085
-0.361989 0.239247 0.377622 0.000344 0.463740 -0.022792 -0.019803 0.028424 -0.000152 -0.472209 0.000114
-0.139255 0.021520 0.645840 -0.005525 0.076845 -0.031640 -0.058677 -0.170292 0.000029 0.195575 0.000031
0.192217 0.026184 0.030890 0.001550 -0.039296 -0.135478 -0.150733 -0.706421 -0.000102 0.330696 -0.000078
0.623381 0.024744 -0.405814 -0.000018 0.203804 0.022112 -0.366864 0.214230 -0.000076 0.356183 0.000000
0.612144 0.046456 0.732019 -0.000595 -0.866616 -0.030676 -0.201997 -0.193454 -0.000174 -0.146318 0.000060
-0.031129 0.307013 -0.202117 0.000594 -0.194774 0.203466 0.195538 0.052352 0.000005 -0.046757 -0.000033
-0.108090 0.059036 0.141400 0.001405 0.080508 0.260216 -0.301467 0.119787 0.000144 -0.096824 -0.000013
-0.540132 0.150356 0.512336 0.001394 -0.159982 0.367156 -0.156655 0.175064 0.000170 0.294772 0.000066
-0.107930 0.332993 0.024325 -0.002439 -0.118056 0.162437 0.299912 -0.123287 0.000055 -0.343747 -0.000026
0.260556 -0.006854 -0.307468 0.000613 -0.096103 0.111201 0.562839 0.119031 -0.000050 0.265585 0.000048
0.048556 -0.343184 0.355962 0.000490 0.022531 0.215710 0.226859 -0.305624 -0.000157 0.309388 0.000026
0.099969 -0.147008 -0.190604 0.001082 -0.235648 0.157221 0.320082 -0.194847 0.000207 -0.092039 -0.000064
0.416169 -0.336531 0.164629 0.000874 0.044935 0.231596 -0.052593 0.476601 -0.000095 -0.271366 0.000006
0.010238 0.237977 0.044726 -0.001545 -0.544756 0.045164 -0.257479 0.100230 0.000086 -0.170842 -0.000024
0.111844 0.309069 -0.081993 -0.000414 0.133023 0.155366 -0.595749 0.538536 0.000258 -0.045235 0.000022
-0.197478 -0.413959 0.122097 0.000160 0.212526 0.262418 -0.288989 -0.040679 -0.000014 0.870739 0.000042
-0.383558 0.571951 0.305520 0.000701 0.222592 0.124120 -0.103698 -0.468058 0.000141 -0.046494 0.000032
0.178300 0.322634 -0.234061 -0.000149 -0.244256 0.137169 0.008578 -0.323149 -0.000128 -0.014801 -0.000111
0.157901 0.070916 0.267724 -0.001083 0.250978 0.101219 -0.439587 -0.207392 -0.000025 -0.086824 -0.000102
0.545674 -0.115462 0.120421 -0.001061 -0.143536 -0.121639 0.136702 -0.203103 0.000177 -0.010963 0.000017
0.076601 0.129213 0.239750 -0.006121 -0.213615 0.142386 0.265739 0.145497 -0.000054 -0.325939 -0.000111
-0.121298 -0.186022 -0.168527 -0.003730 0.020361 0.334863 0.207670 0.625948 0.000245 -0.096111 -0.000012
-0.428713 -0.142567 0.277709 -0.005695 -0.077892 0.338208 0.257663 0.410083 -0.000092 0.122810 -0.000011
-0.576280 0.418157 0.132629 -0.002987 0.209073 0.075662 0.117076 -0.309664 0.000274 -0.052927 -0.000045
-0.011251 0.578219 0.503431 -0.002767 -0.349182 0.201832 -0.116555 -0.462912 0.000017 0.239940 -0.000033
-0.027574 0.385532 0.193453 -0.003988 -0.193108 0.003329 -0.358156 -0.474522 0.000073 0.049409 0.000099
-0.074756 -0.274168 -0.227797 -0.004551 0.178322 0.020527 0.074799 0.373865 -0.000001 0.435090 -0.000078
0.187260 0.350724 -0.068292 0.000428 -0.214604 0.083951 0.086984 -0.033530 -0.000109 -0.059392 0.000022
-0.176242 0.019409 0.260661 0.000486 0.067267 0.087486 0.114576 0.251604 -0.000094 -0.409038 0.000028
0.049293 0.303643 -0.147710 -0.000368 -0.583735 0.238334 0.128885 0.247041 0.000004 -0.264798 -0.000109
0.061135 0.489467 -0.244433 -0.000375 -0.228443 0.145552 0.035132 0.246581 0.000071 0.127513 -0.000030
0.560892 0.233086 -0.128119 0.000167 -0.248075 0.116193 -0.249383 -0.362889 -0.000076 -0.038445 -0.000051
-0.096656 0.044427 0.292234 -0.000010 -0.165971 0.061648 -0.165071 -0.152967 0.000059 0.420961 0.000086
-0.027950 -0.157780 -0.142371 0.001373 0.482660 0.076993 0.112624 -0.700137 0.000134 0.419160 0.000112
0.239165 -0.439564 0.265335 0.001240 0.408473 0.032065 0.686010 -0.102082 -0.000071 -0.079743 -0.000038
0.214526 -0.291124 0.220691 -0.006664 -0.093036 0.344996 0.289075 -0.101056 0.000003 -0.363043 -0.000095
0.171000 0.515524 0.127958 -0.001889 -0.348244 0.250825 0.294890 -0.161930 0.000064 -0.349352 -0.000012
0.140669 0.121049 -0.245767 0.001325 -0.549917 0.036757 0.460312 0.169541 0.000119 -0.107435 0.000078
-0.369654 -0.128682 0.199786 0.001511 0.561052 -0.010110 0.139433 -0.076891 -0.000075 -0.562442 0.000009
-0.125976 0.570648 -0.127081 0.001198 -0.058630 0.085697 0.186553 0.029428 -0.000057 0.327832 0.000035
-0.339682 -0.333784 0.280294 0.000880 0.291166 -0.001010 -0.139599 -0.342524 0.000167 0.304446 0.000117
-0.256231 -0.235849 0.064912 0.000535 -0.072073 -0.225179 -0.227012 -0.061863 0.000101 0.821481 0.000098
0.156702 -0.403346 0.054914 0.000109 0.279802 -0.371573 0.402942 -0.265415 -0.000000 -0.187610 0.000073
0.211242 0.382327 -0.119706 0.001346 -0.345134 -0.050954 0.283876 0.009277 0.000028 0.042125 0.000051
-0.082099 -0.364771 0.524340 0.000150 -0.311380 -0.050958 0.195882 0.437392 0.000004 -0.280194 0.000030
-0.425300 0.533811 -0.346933 -0.000284 -0.351090 0.094232 0.268691 0.510844 -0.000050 -0.031070 -0.000059
0.255994 0.201668 -0.008773 -0.000387 -0.180408 -0.116809 0.184517 -0.203685 -0.000096 -0.197040 0.000021
0.006096 0.122305 0.288673 0.001048 -0.106289 -0.410413 -0.139237 -0.465531 -0.000151 0.004393 0.000109
