-0.000986
0.968277
-0.271316
-0.393628
-0.005507
-0.008916
-0.015327
-0.000709
-1.257081
0.786553
-1.005075
-0.113936
-0.114325
-0.001455
-0.478761
-0.091783
0.135242
-0.002705
0.265467
-0.852823
-0.049810
-0.003359
-0.000623
-0.011706
-0.000855
-0.615726
-0.438171
-0.004818
-0.012207
-0.398393
-0.000954
-0.001105
-0.419202
0.006621
-0.007016
-0.012432
-0.003781
-0.003837
-0.594966
-0.002390
-0.001505
-0.014620
-0.001780
-1.056119
-0.257243
-0.185042
-0.281110
-0.006401
-0.002010
-0.121789
-0.003711
-1.057276
-0.001710
-0.002367
0.000992
-0.004437
-0.001125
-0.001564
-0.005239
0.000094
-0.008618
-0.000987
-0.001871
-0.223464
-0.029619
-0.120519
-0.003085
0.656718
-0.766752
-0.000820
0.000151
-0.285888
-0.000334
-0.304663
-0.001618
-0.018141
-0.006983
-0.003247
-0.014644
-0.002744
0.029785
-0.002093
-0.000510
-0.004748
-0.003253
-0.347316
0.059439
-0.002359
-0.001494
-0.002146
-0.001344
-0.481002
-0.000647
-0.003802
0.000201
-0.000070
-0.001878
-0.009099
-0.626709
-0.000304
-0.329784
-0.008648
-0.327636
0.040418
0.104650
-0.006201
-0.340284
0.061854
-0.009423
-0.002675
-0.001453
-0.002776
-0.009785
-0.010828
-0.133588
-0.011347
-0.000796
-0.490580
-0.460071
-0.001277
-0.940070
-0.010294
-0.001446
-0.000551
-0.004883
