0.004104
-5.809646
5.660671
-2.662606
-0.002508
0.003926
0.018143
0.000177
-4.105096
-4.148499
-3.655007
2.797762
2.649172
-0.006970
6.189263
2.524616
3.153261
0.013170
-1.863136
-2.575975
5.922791
-0.011833
-0.000171
-0.008964
0.001585
6.965867
-3.165733
-0.003514
-0.001431
3.580460
-0.010712
0.005112
-3.712533
2.231631
-0.000114
-0.016081
-0.036319
3.454069
3.027452
0.019932
-0.000852
-2.385715
-0.018914
-3.866982
-2.544903
3.968144
4.428784
0.010700
-0.003989
3.786531
-0.001950
-3.115369
0.006821
0.008522
-0.001128
-0.001694
-0.031370
0.000784
0.007809
-0.000592
-0.009342
-0.000701
0.014352
5.256465
-0.018372
4.261598
-0.011211
-2.815048
-2.849823
-0.000089
-0.000657
5.431198
0.000030
3.917446
-0.021874
-0.026814
-0.004261
-0.035838
6.980402
0.001550
3.356639
0.028653
0.005401
-0.002327
-0.027497
5.115005
-3.293585
-0.007546
-0.002149
0.008693
-0.000089
3.686594
0.000545
-0.004406
-0.003659
-0.000025
0.014768
-0.032954
4.686765
-0.000249
4.171769
3.171675
4.147789
5.368206
-2.789591
3.106564
-2.204072
0.295288
-0.009464
0.000372
-0.024906
0.005080
-0.015365
-0.002482
5.931364
-0.008294
0.004417
-1.856282
-2.123798
-0.000549
-3.202630
-0.006198
0.001388
0.000326
0.023230
