0.277598 0.116415 0.000115 0.000112 -0.182717 0.416343 -0.171580 0.113754 0.000005 -0.127283 0.000002 0.000160 -0.000028 -0.000193 -0.029953 -0.176491 0.201546 -0.176962 0.000030 0.000102 0.000058 0.321824 0.277188 -0.023712 -0.187931 0.000793 0.000140 -0.000220 0.000061 -0.066518 -0.000098 0.160216 0.000066 0.049745 -0.073276 0.000088 0.236226 0.503644 -0.000171 -0.000039 0.058846 0.011745 0.367115 -0.000108 -0.433326 0.398704 -0.051609 -0.068621 -0.551246
-0.078839 0.383320 -0.000251 0.000079 0.088323 -0.168931 0.261741 -0.158976 -0.000169 -0.139710 -0.000052 0.000076 0.000209 0.000022 -0.001546 -0.138326 -0.010979 0.103777 -0.000098 -0.000160 -0.000060 0.017354 -0.032434 -0.128630 -0.038943 0.000791 -0.000090 -0.000011 -0.000156 -0.488288 -0.000058 0.118380 0.000242 0.011483 0.057862 -0.000103 0.084013 -0.184441 0.000112 0.000081 -0.223479 -0.094128 0.419410 0.000079 0.208714 0.366861 -0.027605 0.106044 0.062018
-0.459982 -0.150113 0.000108 -0.000014 0.144690 0.380235 0.036853 0.068017 -0.000001 -0.189597 -0.000259 0.000240 -0.000037 0.000003 -0.119716 -0.001888 0.607598 0.350652 -0.000260 0.000116 -0.000072 -0.010984 0.244353 0.003852 0.268482 0.001074 -0.000028 0.000071 0.000053 -0.458720 -0.000038 0.002950 -0.000010 0.009281 0.175920 0.000053 0.234282 -0.002970 0.000331 -0.000105 -0.308001 -0.091684 -0.276309 -0.000094 -0.113725 -0.187745 -0.516174 0.119249 0.042778
0.112526 -0.256450 0.000134 0.000078 -0.331109 0.057257 -0.142843 -0.009963 0.000058 -0.250564 -0.000065 -0.000261 0.000020 -0.000004 -0.432949 -0.146753 0.331769 0.104051 0.000034 0.000102 -0.000025 0.305905 -0.045225 0.015490 0.209132 0.000221 -0.000268 0.000093 0.000030 0.178771 -0.000136 0.142084 0.000558 -0.004167 0.040615 0.000005 0.028084 0.196848 -0.000105 -0.000009 0.287324 0.520135 -0.236630 0.000173 -0.089177 0.004680 0.402767 -0.266131 0.564943
-0.002600 0.326064 0.000403 -0.000057 -0.052826 -0.117562 -0.612849 0.083497 0.000031 -0.176928 -0.000126 -0.000188 -0.000072 0.000057 0.049983 -0.207511 -0.098701 -0.271571 0.000052 0.000097 0.000083 -0.003410 -0.002983 -0.111135 -0.094140 0.000901 0.000034 0.000006 -0.000029 0.017406 -0.000080 -0.035513 -0.000040 -0.002035 -0.114203 -0.000041 -0.083282 0.072669 -0.000042 0.000049 -0.413846 -0.162883 -0.051654 -0.000185 0.166219 0.124329 -0.026666 -0.073327 0.430595
0.340767 0.266040 -0.000113 -0.000068 -0.351055 0.071790 -0.289311 -0.013260 -0.000165 -0.101168 0.000088 0.000119 -0.000020 -0.000297 0.011721 -0.004806 -0.796165 -0.078471 -0.000160 0.000058 -0.000058 -0.047144 0.312176 0.512514 0.021049 0.000614 0.000095 -0.000103 0.000092 -0.056546 0.000047 -0.200362 -0.000010 0.107603 -0.025913 -0.000060 0.564924 0.057547 0.000011 0.000040 0.115476 -0.094066 0.103416 0.000020 0.353192 -0.343256 0.234892 -0.442190 -0.339711
0.192327 -0.419727 -0.000007 0.000016 0.079074 -0.294757 0.268484 -0.008676 0.000124 0.325160 -0.000043 0.000126 -0.000070 -0.000162 0.021431 -0.300951 -0.179108 -0.483018 0.000069 0.000096 0.000005 0.076062 -0.317026 0.270048 0.186991 0.000515 -0.000058 -0.000072 -0.000221 -0.014022 -0.000174 -0.061942 -0.000315 0.170106 -0.167351 0.000161 0.018386 -0.101528 0.000201 -0.000214 0.114006 0.321497 -0.051558 -0.000127 -0.078847 -0.171779 0.344504 -0.282461 0.293999
-0.200990 0.059209 0.000038 0.000014 -0.274739 0.243821 0.209678 0.218354 0.000189 0.278900 -0.000155 0.000110 -0.000159 0.000047 0.010552 0.046897 -0.255597 0.066633 -0.000180 0.000088 0.000056 0.378079 -0.104019 -0.249062 0.151967 0.000341 -0.000005 0.000044 0.000038 0.409796 0.000058 -0.568185 -0.000078 0.175820 0.016764 -0.000119 -0.134901 0.215261 0.000055 0.000047 0.173160 0.242191 -0.057186 0.000077 -0.326761 -0.275918 -0.242788 0.131778 -0.291097
0.015080 0.130991 -0.000068 -0.000002 -0.057147 -0.027396 0.057484 -0.269329 -0.000175 -0.086572 0.000052 0.000046 0.000220 0.000271 0.303716 -0.032925 0.046837 0.252935 -0.000259 -0.000047 -0.000007 0.040373 -0.325748 -0.659638 -0.002318 0.000994 -0.000012 -0.000045 -0.000089 -0.163272 -0.000035 -0.427938 0.000043 0.310676 0.495796 -0.000052 -0.067400 -0.029401 0.000139 0.000043 0.283944 0.004311 0.174179 -0.000123 -0.442452 0.234407 0.023496 0.583307 0.013776
0.111016 0.625212 0.000053 -0.000031 -0.133669 -0.207316 0.094340 0.503192 -0.000029 -0.609485 -0.000006 -0.000132 0.000034 0.000118 0.324548 0.056080 0.105206 0.597766 0.000127 -0.000065 -0.000090 -0.367549 -0.238574 -0.447341 -0.093149 0.000487 -0.000120 0.000059 0.000242 0.220950 -0.000132 -0.321830 0.000165 0.323200 0.094582 -0.000068 -0.395828 0.405950 0.000151 -0.000150 -0.319665 -0.407584 0.222384 -0.000037 0.216609 -0.215964 -0.007329 0.419429 -0.176007
0.409242 0.107987 -0.000264 0.000094 -0.185908 0.188884 -0.144128 0.054151 0.000083 -0.188927 -0.000054 -0.000021 -0.000134 0.000287 -0.022342 0.090561 0.134056 0.061567 -0.000073 -0.000016 -0.000102 -0.501267 0.308434 0.093625 -0.475582 0.000689 -0.000280 -0.000140 -0.000172 -0.416474 -0.000267 -0.416033 0.000145 0.172192 0.303665 -0.000041 -0.039541 -0.081852 -0.000090 -0.000197 0.199616 -0.033084 0.172315 -0.000088 -0.263814 0.101433 0.138726 0.200802 0.270273
-0.201513 -0.436864 0.000011 0.000103 0.063392 -0.045539 -0.001550 0.082078 -0.000060 -0.355120 0.000081 0.000093 0.000040 0.000110 -0.022580 0.056520 -0.108577 0.071359 0.000131 0.000058 0.000018 -0.133210 0.278528 0.056623 0.320084 0.000755 0.000059 -0.000076 0.000048 -0.049904 -0.000165 0.448239 -0.000116 0.159825 0.377764 0.000006 -0.026569 -0.289995 -0.000048 -0.000142 -0.209636 -0.065997 -0.295443 -0.000016 -0.090378 0.415710 0.065161 0.283971 0.284496
-0.071678 -0.095276 0.000122 0.000110 -0.345189 0.108155 -0.111792 -0.115118 0.000023 -0.143387 -0.000076 0.000056 0.000195 0.000148 -0.100506 0.072850 -0.093044 0.077603 0.000059 -0.000162 -0.000157 -0.124550 0.001948 0.007701 0.025813 0.000424 0.000050 -0.000035 -0.000033 -0.027615 0.000164 -0.015001 0.000054 0.110504 0.201494 -0.000033 0.487459 -0.003212 0.000328 -0.000017 -0.214459 0.059707 0.099726 -0.000015 -0.132508 0.111735 0.029594 0.251458 0.115261
0.039084 -0.112031 -0.000166 0.000036 -0.736171 0.270004 -0.607096 0.195480 0.000003 -0.085408 0.000058 0.000052 -0.000008 -0.000068 0.044557 -0.333638 -0.340321 0.124900 0.000096 -0.000256 0.000115 0.127150 0.030504 0.066283 0.035335 0.000402 0.000005 -0.000195 0.000240 -0.284745 0.000040 -0.335796 0.000163 0.115601 -0.111393 0.000077 0.356107 -0.198169 -0.000125 0.000055 -0.275930 0.371270 0.157523 0.000257 -0.036282 -0.278390 -0.119815 -0.189061 0.011315
0.435400 -0.063551 -0.000068 -0.000236 -0.095770 -0.065462 0.513072 -0.461703 0.000045 0.404841 -0.000036 0.000045 0.000009 -0.000154 0.006151 -0.383886 0.090636 -0.077537 -0.000228 -0.000065 0.000196 0.098286 -0.326961 -0.535924 0.265512 0.000811 0.000051 -0.000126 0.000104 -0.513916 0.000044 -0.300154 0.000186 0.083100 -0.405527 -0.000020 0.254192 0.141208 -0.000049 0.000040 -0.194399 -0.425203 -0.127329 -0.000210 -0.005085 0.018946 -0.082543 -0.183467 0.107190
0.044385 -0.055760 -0.000187 -0.000085 -0.230564 -0.012693 -0.066991 0.083807 0.000022 -0.080447 -0.000019 0.000266 -0.000324 0.000075 0.095359 -0.070119 0.187625 -0.008635 0.000205 -0.000062 -0.000111 0.273946 -0.291801 -0.243960 0.309723 0.000494 0.000029 -0.000034 -0.000119 -0.342452 0.000015 0.441618 -0.000256 0.040469 -0.381717 -0.000154 0.035126 -0.270210 -0.000108 -0.000073 0.223261 -0.325909 0.061383 0.000031 0.001549 0.546602 0.427593 0.132884 0.130181
0.418559 0.063318 -0.000167 0.000141 -0.102821 0.102879 -0.182417 0.041896 -0.000040 -0.060051 -0.000115 0.000176 0.000111 0.000158 0.051043 0.363696 0.282547 0.070808 -0.000175 0.000180 -0.000051 0.148962 -0.099509 0.046909 -0.055049 -0.000251 -0.000004 0.000059 -0.000190 0.128826 0.000166 -0.080432 0.000237 0.124864 -0.437992 -0.000003 0.036244 -0.270448 0.000006 -0.000172 0.350800 -0.347224 -0.131162 -0.000042 -0.026010 -0.014795 0.146023 -0.076633 0.047024
0.663786 0.241949 -0.000044 -0.000077 -0.065886 0.098813 -0.181926 -0.144520 0.000027 0.081184 -0.000190 0.000145 0.000169 0.000093 -0.390652 0.040175 0.376643 -0.264483 -0.000265 -0.000049 -0.000036 0.069687 -0.145798 -0.426006 0.172429 -0.000024 0.000018 -0.000041 -0.000003 -0.220251 -0.000099 0.000794 0.000287 0.085773 0.369558 -0.000057 0.053033 0.102207 -0.000061 0.000212 -0.330397 0.038415 -0.146352 0.000075 -0.053043 0.166251 0.053878 0.118999 -0.260213
0.214939 0.076566 0.000110 -0.000045 -0.350445 -0.414855 -0.661622 0.184709 -0.000054 -0.327291 -0.000129 0.000174 -0.000021 0.000194 -0.372762 -0.130915 -0.206651 -0.259555 -0.000044 -0.000042 0.000094 0.039438 0.115745 -0.070502 -0.099424 0.000874 -0.000057 -0.000136 -0.000070 0.266206 -0.000046 0.515503 -0.000326 0.036895 0.248815 -0.000108 0.108388 -0.196334 0.000020 0.000028 0.020446 0.230778 0.601944 0.000159 0.232154 0.080621 0.395608 0.071968 0.423248
-0.099318 0.500443 -0.000077 -0.000031 0.100888 -0.057110 0.586131 0.025365 -0.000074 -0.364111 0.000097 -0.000069 -0.000073 0.000008 -0.560183 -0.317113 0.505962 0.163366 -0.000168 -0.000049 -0.000032 -0.615485 -0.021824 0.451135 -0.313674 -0.000187 -0.000096 0.000109 0.000059 -0.007127 0.000017 0.049716 -0.000212 0.255452 -0.039306 -0.000056 -0.292756 0.178820 -0.000018 0.000223 0.034582 0.148621 -0.083191 -0.000146 -0.106764 -0.133445 -0.222491 -0.098224 -0.038469
-0.273339 0.145833 -0.000057 -0.000072 -0.391615 0.021790 -0.043508 0.076188 -0.000070 -0.374528 -0.000127 0.000137 0.000200 0.000060 0.202658 0.147134 0.293160 -0.121833 -0.000108 -0.000004 -0.000028 -0.036055 0.390625 -0.065152 -0.023890 -0.000457 0.000070 -0.000016 0.000286 -0.245158 0.000139 -0.033443 -0.000133 0.062872 0.229570 0.000130 0.018506 -0.100401 -0.000087 0.000076 -0.245573 0.114520 -0.139403 -0.000002 0.274498 0.238854 -0.277282 -0.187567 0.218658
-0.065005 0.154687 0.000015 -0.000017 -0.038081 0.084548 -0.173385 0.221937 -0.000291 0.149900 0.000156 -0.000280 -0.000070 0.000068 -0.108336 -0.028917 -0.339177 -0.026363 -0.000073 0.000018 -0.000210 0.248289 -0.063380 -0.272218 -0.237057 -0.000218 0.000126 -0.000112 -0.000177 0.253098 0.000017 -0.145401 0.000027 0.143029 0.238795 0.000038 0.222110 -0.010551 -0.000049 0.000100 -0.268679 0.303109 -0.058710 -0.000087 0.251551 0.016810 0.246280 -0.217341 -0.159339
-0.135582 -0.358163 -0.000044 -0.000084 0.339841 0.183381 -0.105728 0.102051 0.000039 0.393999 0.000115 0.000242 0.000177 -0.000168 0.603701 -0.392183 -0.022911 0.590461 -0.000087 -0.000158 0.000079 -0.352055 -0.097085 -0.085920 0.111948 0.000245 -0.000181 0.000041 -0.000171 -0.464268 0.000112 -0.538876 0.000096 0.247413 -0.061723 -0.000038 -0.095968 0.114648 -0.000047 0.000097 -0.280731 0.094322 0.139998 0.000086 -0.362531 -0.218391 0.007139 0.212209 0.433094
0.107465 -0.109885 0.000062 -0.000130 0.006522 0.019270 0.434510 0.052694 -0.000044 -0.150226 0.000124 -0.000081 -0.000065 0.000011 0.368757 -0.370499 -0.137160 0.137004 -0.000078 0.000059 0.000036 -0.002227 -0.325033 -0.091752 0.331066 0.000278 -0.000026 -0.000104 -0.000246 -0.294729 -0.000097 -0.299605 0.000093 0.175768 0.057039 -0.000015 -0.185470 0.248699 0.000113 -0.000010 -0.033371 0.225049 0.314506 -0.000277 -0.152556 0.007109 0.180718 -0.042530 0.305305
0.096922 0.018378 -0.000036 -0.000103 -0.260855 -0.372245 -0.151991 0.001443 -0.000051 0.030690 -0.000070 -0.000372 0.000011 0.000207 0.078658 -0.883311 -0.245510 -0.049149 0.000031 0.000042 -0.000028 -0.191822 -0.183324 -0.266947 0.200393 0.000687 0.000104 0.000215 0.000069 -0.020826 0.000032 0.426671 -0.000568 0.246213 0.424763 -0.000030 0.003315 -0.126593 -0.000046 -0.000088 0.239735 0.087056 0.428276 0.000145 -0.280783 -0.560802 -0.152936 -0.142417 -0.331131
0.075312 -0.091038 -0.000152 -0.000087 0.300803 -0.078513 0.019291 -0.074254 0.000042 -0.027164 -0.000152 0.000179 -0.000147 0.000362 0.037863 0.233024 0.216296 -0.255788 0.000184 0.000125 -0.000006 -0.377044 0.255575 0.020932 0.267929 0.000121 -0.000032 -0.000008 0.000004 -0.000419 -0.000116 0.170768 0.000047 0.292296 0.394144 0.000023 0.159617 0.077371 -0.000084 -0.000143 0.167071 0.407169 -0.111445 -0.000014 -0.596552 -0.132682 0.048846 0.207859 -0.080780
-0.443332 -0.026026 -0.000169 -0.000069 0.448497 0.087963 -0.205389 -0.012922 -0.000024 -0.561462 -0.000089 0.000062 0.000058 0.000032 -0.029901 -0.031368 0.091807 -0.344718 -0.000046 0.000249 -0.000048 0.523861 0.133505 0.137104 0.088965 -0.000260 0.000073 -0.000067 0.000160 0.472178 0.000053 0.352889 -0.000171 0.281245 -0.045266 0.000168 0.547702 0.014852 -0.000063 -0.000145 0.217207 0.007694 0.011781 -0.000144 -0.410632 0.430538 -0.258102 -0.057355 -0.194167
-0.275855 0.266992 -0.000020 0.000055 0.112397 -0.144079 -0.211005 -0.648659 0.000125 -0.304565 -0.000089 0.000428 -0.000191 -0.000005 -0.262197 -0.006540 0.056451 0.206218 -0.000093 -0.000099 -0.000016 -0.058965 -0.021284 -0.116526 0.121154 0.000634 0.000086 -0.000054 0.000220 -0.112570 0.000014 0.146078 -0.000180 0.305261 -0.184401 -0.000112 0.019739 0.202680 -0.000115 0.000040 0.544798 -0.435560 -0.016200 0.000035 0.532207 0.215291 -0.009574 -0.140377 0.057501
-0.284647 0.138982 0.000066 -0.000027 0.214322 0.234861 -0.071346 -0.075220 0.000082 0.164761 0.000071 0.000225 0.000024 0.000211 0.633696 0.445106 -0.084465 -0.293406 0.000103 0.000006 -0.000028 -0.102788 0.120750 0.044782 0.224483 0.000607 0.000069 0.000122 0.000105 -0.096451 0.000102 0.049646 -0.000162 0.119784 0.286782 -0.000055 -0.248102 0.498250 0.000352 0.000082 0.549151 0.279122 -0.255445 -0.000421 0.360338 0.131149 -0.209773 0.065427 -0.027745
-0.173066 -0.343336 0.000052 -0.000189 -0.135620 -0.078143 0.170898 -0.013906 -0.000056 -0.061351 0.000071 0.000134 -0.000041 0.000014 -0.313055 0.447939 -0.130427 0.325884 0.000244 -0.000186 0.000074 -0.071558 0.011149 -0.128303 -0.083632 -0.000177 0.000137 -0.000137 0.000053 -0.237445 0.000054 0.536721 -0.000287 0.175167 -0.015029 -0.000001 -0.246560 0.412446 -0.000095 0.000091 0.568251 0.379652 0.292624 0.000087 0.095070 0.163814 -0.183551 0.239544 -0.011592
0.027611 -0.269751 0.000051 -0.000105 -0.008815 -0.025669 0.397026 0.136136 -0.000058 0.230414 -0.000210 -0.000245 -0.000062 0.000117 0.295648 -0.155299 -0.158039 0.342523 0.000041 0.000091 0.000067 -0.154054 -0.108419 -0.193044 -0.172645 0.000215 -0.000122 -0.000082 -0.000079 -0.306343 0.000081 0.150143 0.000175 0.176888 -0.007370 -0.000052 0.714679 -0.125631 -0.000138 0.000047 0.545307 -0.082462 0.306192 0.000072 -0.201906 0.156878 -0.014476 0.152515 -0.374337
0.171937 0.222042 0.000027 -0.000052 0.331523 0.069503 -0.160491 0.395149 0.000046 -0.173771 0.000090 -0.000044 -0.000168 -0.000152 0.212409 -0.108551 0.214911 -0.173144 0.000015 -0.000097 0.000020 0.030421 -0.290504 0.405890 -0.363426 0.000412 0.000043 0.000050 0.000078 0.084125 -0.000046 0.118713 0.000042 0.199597 0.042424 -0.000065 -0.005760 -0.392982 0.000136 0.000009 -0.469015 0.196091 0.110172 -0.000023 -0.427738 -0.174624 -0.423112 -0.050110 -0.082544
0.223965 0.317799 -0.000018 -0.000050 -0.026935 0.141610 0.140762 0.363939 0.000060 -0.049429 -0.000008 0.000151 0.000006 0.000164 0.294026 0.270861 -0.235872 0.328172 0.000226 -0.000010 0.000017 0.180287 0.280723 -0.507685 -0.039600 0.000642 -0.000046 -0.000008 0.000001 0.120643 -0.000068 -0.191968 -0.000149 0.128175 -0.115684 -0.000044 0.293985 -0.475000 -0.000056 -0.000103 -0.279392 -0.022280 0.151790 -0.000147 -0.398844 -0.088480 -0.170018 0.248828 0.055521
0.638128 0.104968 0.000291 0.000048 0.052472 -0.180066 0.375808 -0.284532 0.000045 0.017897 -0.000139 0.000111 0.000004 -0.000282 0.170995 0.177446 -0.022175 -0.257758 -0.000198 0.000246 -0.000078 0.005874 0.270350 -0.347187 -0.365568 0.000212 0.000100 -0.000044 -0.000045 0.102543 0.000156 0.183139 0.000127 0.148383 -0.026118 0.000047 0.016571 0.321543 -0.000053 0.000040 -0.015404 0.079137 -0.143674 -0.000065 -0.162319 0.047041 -0.280008 -0.401619 0.150405
0.042943 -0.026222 0.000030 -0.000042 -0.016267 0.043225 -0.614843 -0.023354 0.000079 0.029700 -0.000048 0.000031 -0.000018 0.000242 0.060326 0.029028 -0.224341 0.093193 -0.000133 0.000150 -0.000255 0.095557 -0.017785 0.002062 -0.309310 0.000675 0.000043 -0.000044 -0.000086 0.039244 -0.000037 -0.215135 -0.000023 0.230140 0.209066 0.000135 -0.060529 -0.205401 0.000069 0.000090 0.160850 -0.281216 -0.195398 0.000158 0.253537 0.232078 -0.183659 0.084103 0.012764
-0.030163 0.006504 -0.000179 -0.000097 -0.015128 -0.114517 -0.665743 -0.228265 -0.000036 -0.450250 -0.000036 0.000226 -0.000044 -0.000041 -0.133658 -0.425681 -0.040749 -0.213924 -0.000066 0.000036 -0.000022 -0.035767 0.027259 0.054413 -0.078298 0.000770 0.000052 -0.000134 0.000305 0.449827 -0.000054 -0.032203 0.000193 0.350004 -0.271603 -0.000038 -0.143901 -0.330675 0.000048 0.000391 0.072480 -0.682048 -0.111615 -0.000260 0.120439 -0.015556 0.161025 0.172728 0.104285
-0.074996 0.166528 -0.000007 0.000211 0.127140 0.071089 -0.004163 -0.276561 0.000020 -0.569198 -0.000168 0.000169 -0.000022 -0.000080 0.379672 -0.220529 0.022366 0.000295 -0.000048 -0.000096 0.000047 -0.140339 0.033676 0.223020 0.017359 0.000979 -0.000061 -0.000231 -0.000044 0.335066 0.000034 -0.099177 -0.000252 0.170420 0.088645 0.000009 0.001404 -0.147045 0.000108 0.000017 -0.025066 0.405688 -0.305206 -0.000328 0.352840 0.127088 0.072979 -0.197308 0.019405
-0.069172 -0.260211 0.000129 -0.000128 0.007256 0.015044 -0.140066 -0.189574 -0.000168 -0.335902 -0.000182 -0.000326 -0.000103 0.000202 0.133782 0.132154 0.052432 -0.135612 0.000078 0.000081 -0.000064 -0.062292 -0.025527 0.123255 0.578588 0.000027 0.000071 0.000137 -0.000059 -0.407206 0.000035 0.072845 0.000383 0.095231 -0.263559 0.000103 0.404357 0.155825 0.000036 -0.000130 -0.225761 0.198606 0.030708 -0.000049 0.098142 0.249792 0.185138 0.123871 0.031583
-0.102648 0.120250 0.000011 -0.000014 -0.157675 0.492020 0.100150 0.070727 0.000045 -0.008507 0.000050 -0.000062 0.000045 -0.000049 0.032406 0.096751 0.154378 -0.285600 0.000061 -0.000020 0.000085 0.171377 -0.426755 0.448708 0.043013 0.000475 0.000027 0.000068 0.000082 -0.183267 0.000197 0.160596 -0.000166 0.032555 -0.385997 0.000034 -0.274171 -0.165391 0.000053 0.000179 0.224209 0.228499 0.434088 0.000016 0.500390 0.442441 0.006634 -0.340823 0.256907
-0.070580 -0.277668 -0.000054 0.000018 -0.082588 0.377573 -0.240873 0.021163 0.000072 0.134011 -0.000024 0.000019 0.000127 -0.000076 0.049224 0.099885 0.147011 -0.007128 -0.000024 -0.000205 0.000060 0.025290 -0.771122 -0.026036 0.240144 -0.000228 0.000048 -0.000144 -0.000074 -0.326862 0.000004 -0.000439 -0.000038 0.116674 0.009390 -0.000012 0.126010 -0.321478 0.000177 -0.000086 0.066604 -0.063294 0.685718 0.000215 -0.475501 0.130951 -0.138935 -0.087117 -0.263043
0.000254 0.010746 -0.000054 0.000106 -0.460427 0.078939 0.074084 0.356909 -0.000039 -0.277097 0.000015 0.000177 -0.000052 0.000108 -0.052205 -0.074006 0.238004 0.298113 -0.000004 0.000047 -0.000001 0.148583 -0.211629 -0.102340 0.265073 0.000626 -0.000087 -0.000055 0.000340 -0.043682 -0.000030 0.007662 -0.000306 0.125098 -0.062851 0.000110 -0.011631 0.135916 0.000177 -0.000067 -0.336243 0.221347 0.234720 0.000024 -0.063921 -0.055698 0.251252 0.010608 -0.031789
-0.390770 0.131387 0.000099 0.000059 0.216086 0.430711 0.002022 0.226590 -0.000128 -0.002159 -0.000216 -0.000107 0.000160 -0.000057 -0.119856 0.062288 -0.001221 0.312188 -0.000093 0.000185 -0.000136 -0.048882 -0.092179 -0.051254 -0.264529 0.000427 -0.000006 -0.000212 0.000094 -0.122269 0.000081 -0.562637 -0.000042 0.034675 0.663273 0.000015 -0.190802 0.193091 0.000191 -0.000005 -0.137681 0.318339 0.252685 0.000045 0.128495 -0.068128 -0.053527 0.568324 0.434560
0.125257 0.075751 -0.000033 -0.000081 -0.000573 0.279959 0.241694 0.569783 0.000067 -0.298011 0.000097 -0.000097 0.000056 0.000249 -0.263332 0.374348 0.124102 0.372971 0.000285 -0.000027 -0.000012 0.025240 0.209506 0.033734 -0.094654 0.000653 -0.000094 -0.000126 -0.000179 0.305047 0.000052 -0.022619 -0.000560 0.080394 0.517038 0.000042 0.362105 0.572461 -0.000124 -0.000086 0.076365 -0.299359 -0.316687 -0.000165 0.155250 -0.222485 -0.047393 -0.175619 0.362819
0.077180 0.975011 0.000030 -0.000131 -0.371021 0.226607 0.266548 0.606744 0.000052 -0.033904 0.000084 0.000555 0.000100 -0.000054 -0.022842 0.111577 0.020426 -0.058557 -0.000080 0.000046 0.000036 -0.468777 0.406098 -0.181852 0.106681 0.000722 0.000025 0.000009 -0.000049 -0.219247 -0.000079 0.468642 0.000151 0.005121 0.835944 -0.000106 0.005337 0.174381 -0.000019 0.000115 0.083965 -0.208676 0.097047 -0.000024 -0.135770 -0.636392 -0.015343 -0.029305 -0.140390
-0.360434 -0.004435 0.000245 -0.000014 -0.126476 0.404855 -0.405128 0.183468 -0.000162 0.213878 0.000007 0.000121 -0.000114 -0.000087 -0.175756 0.394544 -0.070886 0.299660 0.000127 0.000035 -0.000113 0.134226 0.185076 0.364111 0.375570 0.000391 -0.000056 0.000083 0.000009 0.449614 -0.000075 -0.401792 0.000119 0.020726 0.120219 0.000035 0.349689 0.063151 -0.000089 0.000092 0.147042 0.332877 0.207161 -0.000007 -0.020268 0.080202 -0.234006 -0.162067 -0.613763
0.347247 -0.145790 0.000043 -0.000047 -0.130572 -0.116842 -0.030847 0.329669 -0.000077 -0.397286 -0.000225 0.000016 0.000148 0.000049 -0.128740 -0.391456 -0.431703 -0.119803 -0.000018 -0.000150 -0.000019 0.155519 0.104661 -0.333155 0.494673 0.000673 -0.000080 0.000095 0.000079 -0.252913 0.000033 0.125864 0.000141 0.089517 0.253519 -0.000152 -0.113378 -0.099355 -0.000003 -0.000036 -0.090041 0.207656 0.075454 0.000085 0.287430 0.284410 -0.242974 -0.286554 -0.482750
0.384559 0.216553 0.000146 -0.000015 0.053054 0.179937 0.536801 0.137700 0.000176 -0.079697 0.000087 0.000060 -0.000060 0.000168 0.084774 -0.322216 -0.077554 -0.233056 0.000153 -0.000013 0.000054 0.313068 0.050518 -0.169723 0.266199 0.000621 0.000091 -0.000049 -0.000156 -0.217908 0.000093 0.271356 0.000036 0.120371 0.023777 -0.000013 -0.041417 0.318528 0.000157 0.000071 -0.256837 -0.233833 -0.051121 -0.000039 -0.284813 0.010120 0.068534 0.499435 -0.563750
0.315167 0.060031 -0.000273 -0.000085 -0.037089 -0.026362 0.121195 -0.059149 -0.000111 -0.276531 -0.000073 0.000069 0.000060 -0.000052 0.172681 -0.057816 -0.099936 -0.295500 -0.000013 0.000002 0.000003 0.076699 0.172264 0.112109 -0.135644 0.000274 0.000032 -0.000023 -0.000024 -0.337452 0.000046 -0.360730 0.000006 0.003520 -0.354585 0.000002 -0.138706 0.265357 0.000176 0.000089 0.414581 0.196362 0.063226 0.000057 0.113164 0.003151 0.039746 0.238576 0.516785
-0.161314 0.022562 0.000366 0.000095 0.303990 0.090113 0.060285 0.313498 0.000127 0.234914 -0.000035 -0.000008 0.000214 0.000010 0.359386 0.258317 0.182184 0.228115 0.000027 0.000069 -0.000109 -0.306294 -0.061233 0.004883 -0.216427 0.000542 0.000038 0.000039 -0.000190 0.101313 -0.000040 0.252228 -0.000054 0.055578 -0.606716 0.000030 0.181454 -0.063495 -0.000011 0.000171 0.030043 0.239746 -0.004096 0.000074 -0.228162 -0.177572 -0.226084 0.191486 0.009635
0.064693 0.218069 -0.000025 0.000146 0.024327 -0.049829 0.427271 -0.166987 -0.000156 0.228918 0.000013 -0.000069 -0.000133 -0.000084 -0.182170 0.080087 -0.002852 0.127701 0.000033 -0.000015 -0.000029 0.286717 -0.173759 -0.278779 -0.312362 0.000795 0.000056 -0.000046 -0.000384 0.113901 -0.000040 0.237986 -0.000206 0.051487 -0.009811 0.000019 0.110069 0.264136 0.000104 0.000034 0.467684 -0.329650 0.687370 -0.000372 -0.544861 -0.265169 -0.012905 0.116568 0.146805
-0.002549 0.162043 -0.000040 0.000046 0.102075 -0.214241 -0.029195 0.106982 0.000049 -0.105879 -0.000114 -0.000044 0.000055 0.000081 -0.328373 -0.476715 0.191592 -0.031669 0.000011 0.000243 -0.000100 0.165868 -0.268613 -0.011513 -0.100523 0.000926 0.000007 0.000058 -0.000072 0.023433 0.000037 0.249194 0.000166 0.087394 0.281472 0.000012 0.135245 0.313406 0.000035 0.000146 0.278493 -0.066954 0.007782 -0.000064 -0.103485 -0.030930 0.049781 -0.202829 0.168883
0.487633 0.582655 -0.000043 -0.000046 0.035085 0.235525 -0.167275 -0.182635 -0.000106 -0.830176 0.000163 0.000030 -0.000075 0.000017 -0.297415 -0.545647 0.261078 -0.427730 -0.000111 0.000076 -0.000112 0.211469 0.420713 -0.318419 -0.267577 0.000241 -0.000050 -0.000041 -0.000062 0.357556 0.000016 0.285601 0.000186 0.196077 0.152753 -0.000028 0.211187 -0.016584 -0.000049 -0.000171 -0.112256 -0.189734 -0.268256 -0.000098 0.504517 -0.208242 0.106403 -0.355279 -0.189976
0.258210 -0.100478 -0.000069 0.000036 -0.153538 0.111844 -0.129857 -0.075009 0.000048 -0.130277 0.000217 -0.000008 0.000184 0.000010 0.263026 -0.494022 -0.257464 -0.056996 0.000235 -0.000093 -0.000195 0.138673 0.153315 -0.004841 -0.149079 0.000623 -0.000061 0.000050 -0.000046 0.203610 0.000001 0.492111 -0.000004 0.218241 -0.007506 0.000274 0.037398 0.157711 -0.000019 -0.000258 -0.041824 0.483871 -0.189433 0.000150 0.372918 0.366241 -0.324122 -0.356298 -0.298664
0.091514 0.147104 0.000092 0.000287 -0.230448 -0.577085 0.167048 -0.253377 0.000019 -0.191573 0.000055 -0.000119 0.000061 0.000125 -0.111330 -0.199344 -0.015564 0.296994 0.000015 -0.000051 0.000052 0.398079 -0.245674 -0.201008 -0.231197 0.000658 -0.000008 0.000037 0.000047 0.084011 0.000059 0.151210 0.000087 0.281926 -0.079389 0.000001 -0.661586 0.185624 0.000087 -0.000104 -0.079787 -0.070265 -0.006950 0.000044 0.690140 -0.047492 -0.059195 0.004721 0.071411
0.118718 -0.266777 0.000014 -0.000084 -0.164258 -0.198537 -0.390074 0.052811 -0.000082 -0.176773 -0.000006 0.000138 0.000032 -0.000122 0.047303 0.131171 -0.231770 -0.371166 0.000036 0.000081 -0.000065 0.366837 0.230348 0.227278 0.218085 0.000235 0.000046 -0.000030 0.000076 0.145484 0.000060 -0.018461 -0.000112 0.361486 -0.326247 -0.000273 0.120652 0.024586 0.000033 -0.000100 -0.589804 0.224393 -0.171232 -0.000042 0.169748 -0.227632 -0.390824 -0.080389 0.031524
-0.547949 -0.210434 -0.000014 -0.000057 -0.480867 -0.003982 -0.115969 -0.357806 0.000026 -0.309367 -0.000058 0.000058 0.000013 0.000084 0.065526 -0.137963 0.183881 0.278769 -0.000043 0.000034 -0.000006 0.065120 -0.056405 0.003111 0.092503 0.000395 0.000012 0.000126 0.000107 0.039103 0.000066 -0.243986 -0.000334 0.282992 -0.671095 0.000048 -0.090729 0.061112 -0.000019 0.000163 0.317939 -0.154260 0.269812 0.000035 -0.139006 -0.353967 -0.264763 0.260352 -0.086541
-0.282440 0.724675 0.000068 -0.000058 0.125731 0.055217 -0.506319 -0.675963 0.000057 -0.256453 0.000031 0.000103 0.000122 0.000027 0.012180 -0.390418 0.189537 0.035380 -0.000143 -0.000224 0.000153 0.025193 -0.046619 -0.317515 0.354300 0.000812 -0.000167 0.000023 0.000186 -0.071282 0.000057 -0.120280 0.000176 0.308699 -0.283023 0.000042 0.000483 -0.109136 0.000153 -0.000140 0.364597 -0.206509 0.005631 0.000084 -0.500699 -0.125761 0.327919 0.204132 0.019486
-0.015262 0.386561 -0.000040 -0.000095 0.005068 -0.162237 -0.002000 -0.322329 0.000178 -0.392578 0.000097 -0.000058 0.000104 0.000137 0.319965 0.429063 -0.064689 -0.022120 0.000086 -0.000039 0.000007 -0.190399 -0.207465 0.643916 0.012635 0.000552 0.000132 0.000088 -0.000041 0.505320 -0.000037 -0.254354 0.000105 0.247570 0.155590 -0.000097 0.285278 0.555055 0.000159 -0.000294 -0.093181 -0.202864 0.201640 0.000106 -0.427185 0.486114 0.176721 0.001441 -0.251658
-0.114730 -0.197110 0.000083 0.000163 0.418290 0.128686 -0.214842 0.023630 0.000044 -0.000581 -0.000222 -0.000195 -0.000121 0.000288 -0.252574 0.082662 0.003780 -0.249215 -0.000179 -0.000317 0.000046 0.407640 -0.026630 0.304975 0.292167 0.000654 -0.000149 -0.000014 0.000226 0.573270 0.000037 -0.007249 0.000160 0.194386 0.488753 0.000000 -0.128968 0.157258 -0.000055 -0.000106 -0.274166 -0.344828 0.007258 0.000106 -0.565297 0.186345 0.066603 -0.105518 -0.096951
0.263478 0.123401 0.000079 0.000167 0.101497 -0.102581 0.114733 -0.851001 -0.000060 0.176314 0.000109 -0.000240 -0.000052 -0.000222 -0.031538 0.090764 -0.005701 0.270323 0.000091 -0.000133 0.000163 -0.107054 -0.348169 0.244620 -0.468081 -0.000042 0.000045 0.000084 -0.000170 0.186220 -0.000162 -0.453109 -0.000109 0.065081 0.335330 0.000119 0.120197 -0.030009 0.000133 -0.000052 -0.194506 0.122423 -0.315125 -0.000289 -0.219425 -0.160908 -0.220946 -0.797653 -0.173849
0.388736 -0.200458 0.000152 -0.000038 0.151345 -0.215214 0.055393 -0.178027 -0.000046 -0.003168 -0.000172 0.000140 -0.000108 0.000197 -0.381182 0.211690 0.165017 0.174518 0.000001 0.000055 -0.000367 0.156223 -0.020803 -0.119450 0.381240 0.000868 0.000122 0.000055 -0.000135 0.040546 0.000158 -0.096801 -0.000188 -0.000479 0.338739 -0.000003 0.277520 -0.153591 0.000107 0.000039 0.001930 -0.051164 -0.360857 0.000248 0.210051 -0.151082 0.036358 -0.295112 0.060908
0.028584 0.105527 -0.000172 0.000138 -0.060413 -0.224553 0.471419 0.129415 0.000030 0.147879 -0.000138 0.000332 0.000125 0.000067 0.199188 0.002272 -0.079040 0.210640 -0.000103 -0.000056 -0.000081 -0.270916 0.014978 0.032019 0.085267 0.001070 -0.000123 -0.000073 -0.000389 -0.244227 -0.000148 -0.013261 0.000092 0.074922 -0.259537 -0.000103 -0.692403 -0.012328 0.000046 -0.000186 0.330027 -0.200626 -0.025112 -0.000160 0.780519 -0.154405 0.037374 -0.056279 -0.347833
0.070572 -0.317919 0.000181 0.000014 0.392765 -0.011808 0.237612 -0.004370 -0.000137 0.451212 0.000387 0.000124 0.000060 -0.000076 0.127054 0.224846 -0.374873 -0.231620 -0.000250 0.000058 0.000135 -0.057550 0.425490 -0.457265 0.133685 0.000309 -0.000115 -0.000137 0.000064 -0.397280 -0.000040 0.033117 -0.000024 0.094854 -0.169574 -0.000011 -0.597280 -0.420450 0.000038 -0.000240 0.270873 -0.256959 0.217879 -0.000059 0.256027 -0.028699 -0.206262 0.408547 0.058348
0.008076 0.361217 -0.000144 0.000055 -0.006268 -0.553532 0.548620 -0.306762 0.000091 -0.637936 -0.000381 0.000129 0.000008 0.000039 0.144541 0.272178 0.146817 0.182253 -0.000014 0.000027 0.000017 -0.801049 -0.236606 -0.369335 -0.034046 0.000289 0.000100 0.000022 0.000125 -0.285649 0.000049 -0.017701 0.000050 0.232782 0.176655 0.000002 -0.035660 0.052869 -0.000052 -0.000158 -0.075591 0.203675 0.344957 0.000091 -0.223718 -0.402745 0.550083 0.346606 0.152191
-0.050624 0.087426 0.000077 -0.000017 -0.283214 -0.063673 0.086930 -0.417982 -0.000043 -0.180078 -0.000035 -0.000030 0.000002 0.000118 0.004966 -0.141796 -0.040495 -0.163770 0.000117 -0.000049 -0.000074 0.010152 0.024586 0.046836 0.236526 0.000058 0.000039 -0.000003 0.000101 -0.217512 -0.000072 0.095678 -0.000087 0.241177 -0.247238 0.000047 0.071022 -0.515206 -0.000188 -0.000062 0.403211 0.085178 0.244354 -0.000003 -0.590217 -0.065757 0.337005 0.375164 0.410816
-0.026953 0.165279 -0.000019 0.000126 0.068994 0.048923 -0.667364 -0.143063 -0.000086 -0.249929 -0.000054 0.000196 -0.000121 0.000177 -0.024475 0.268634 0.059755 -0.094736 0.000064 -0.000053 -0.000017 0.677470 -0.020068 0.023771 -0.121545 0.000638 -0.000123 0.000045 -0.000041 0.522460 0.000040 0.139227 -0.000119 0.225523 -0.034595 0.000107 -0.055729 -0.490945 -0.000097 0.000225 -0.246039 -0.053632 -0.361815 -0.000041 -0.015878 -0.149469 0.249832 0.167533 0.170589
0.024050 -0.127983 0.000084 -0.000148 -0.425353 -0.185399 0.192112 0.186527 -0.000007 -0.221613 0.000102 -0.000121 0.000030 0.000125 -0.231795 -0.056230 0.256988 0.160555 -0.000023 -0.000081 -0.000018 0.244859 0.383460 0.032654 -0.193054 0.000272 -0.000112 -0.000038 0.000242 0.233321 0.000081 0.340406 0.000020 0.109215 -0.067736 0.000049 0.152855 0.257763 -0.000081 0.000042 0.190739 -0.096540 0.234121 -0.000012 -0.374984 0.271757 0.540427 0.020350 -0.404106
0.280933 -0.230416 0.000014 -0.000085 -0.353084 0.090268 0.324681 0.062756 0.000016 0.059130 -0.000072 -0.000018 -0.000059 0.000258 -0.410514 -0.325346 0.103129 0.239148 -0.000050 -0.000126 0.000087 0.220224 0.103271 -0.203646 -0.112350 0.000876 -0.000030 0.000204 -0.000410 0.205906 -0.000054 0.241280 0.000034 0.124519 0.382256 -0.000261 -0.087198 0.177236 0.000007 0.000062 0.145138 -0.293842 0.309705 0.000100 -0.100408 0.062019 -0.023149 -0.473439 -0.362327
0.092982 -0.136900 -0.000001 0.000184 -0.114407 -0.199146 -0.100900 0.039724 0.000041 0.383422 0.000073 -0.000032 -0.000401 0.000037 -0.004343 0.244134 0.040799 -0.056234 0.000267 -0.000059 0.000143 0.052162 0.091518 0.226071 0.014336 0.000289 -0.000146 0.000145 0.000141 0.474511 -0.000125 0.073224 -0.000100 0.049899 -0.135966 -0.000012 -0.175631 -0.248683 0.000111 -0.000079 0.049211 0.181501 0.181868 -0.000065 0.367829 -0.274434 0.401766 -0.175309 -0.220931
0.610047 -0.129314 -0.000086 -0.000036 0.332957 0.178778 0.252895 -0.267172 0.000025 0.559701 0.000074 0.000207 -0.000141 -0.000023 -0.335851 0.170434 -0.129519 -0.075718 -0.000037 0.000045 -0.000040 -0.045791 -0.086710 -0.054634 -0.157796 0.000683 0.000049 -0.000096 -0.000167 -0.143620 0.000007 0.311582 -0.000130 0.169610 0.059730 -0.000031 -0.501945 -0.523569 -0.000056 0.000174 0.146573 -0.079327 -0.233286 -0.000070 0.666252 -0.061217 0.430111 -0.276519 0.196583
0.108271 -0.341156 -0.000142 -0.000148 0.101848 -0.368224 0.352078 0.210560 0.000051 -0.208843 0.000024 0.000243 -0.000254 0.000216 -0.019770 0.524680 0.127171 -0.070527 0.000203 0.000081 -0.000266 -0.144786 0.244378 -0.670862 0.034009 0.000964 -0.000171 0.000183 0.000223 0.009237 0.000028 0.097074 -0.000313 0.167709 0.015894 -0.000043 -0.020111 0.321965 0.000129 -0.000074 0.388926 -0.045758 0.234761 0.000020 0.266943 0.180808 0.442701 0.216577 0.133557
-0.241828 0.366802 0.000045 0.000120 -0.365078 0.191537 0.420386 0.668698 0.000036 -0.551813 -0.000023 -0.000347 -0.000032 0.000392 0.391029 0.210504 0.157821 0.110717 -0.000152 0.000052 0.000212 -0.316393 0.004177 -0.220287 0.471140 0.000369 0.000039 0.000075 0.000051 0.209516 0.000026 0.231162 0.000136 0.002558 -0.133453 0.000007 -0.043574 0.593432 -0.000065 -0.000184 -0.013833 -0.022121 -0.079162 -0.000058 0.112752 0.268177 -0.358218 0.654098 0.422940
0.447838 0.240605 0.000157 0.000013 -0.134404 0.098309 0.191325 0.590170 0.000070 0.076605 0.000031 -0.000175 -0.000003 -0.000112 0.433271 0.035627 -0.044644 0.015248 0.000083 -0.000138 -0.000109 0.003850 -0.164638 0.011433 -0.009827 0.000848 0.000075 -0.000010 0.000114 -0.062187 0.000029 0.196054 0.000458 0.150916 -0.267285 -0.000020 0.151017 0.031384 0.000168 -0.000132 0.007733 -0.297917 -0.205634 -0.000167 0.355937 -0.100724 0.019663 -0.068162 0.150979
-0.423632 0.308515 0.000203 0.000034 -0.001648 -0.136327 0.024602 0.098138 0.000110 -0.218635 0.000091 -0.000117 0.000042 -0.000215 -0.130341 -0.014994 -0.132266 0.022106 -0.000023 -0.000097 0.000094 0.305116 -0.135910 -0.043441 -0.076110 0.000311 0.000043 -0.000095 0.000246 0.171220 0.000006 -0.354863 -0.000003 0.249222 0.518127 -0.000181 0.256367 0.269099 0.000039 -0.000119 0.053193 0.475010 -0.033398 -0.000005 -0.451617 0.051918 -0.109375 -0.126252 -0.120965
-0.214063 0.314315 0.000149 -0.000127 -0.187162 0.025572 0.182056 0.261019 0.000035 0.083114 -0.000096 -0.000069 0.000090 0.000067 -0.201672 0.274351 -0.401267 0.282346 -0.000197 0.000055 0.000048 0.689538 0.087022 -0.166689 0.043178 0.000111 0.000025 0.000016 0.000075 -0.178966 -0.000066 0.109245 -0.000141 0.291024 0.104719 0.000057 0.449517 -0.003866 0.000199 -0.000097 0.512187 0.101796 -0.068059 0.000070 -0.197369 -0.096779 -0.144097 -0.444440 0.038800
-0.097736 -0.282648 0.000087 0.000144 0.000466 0.396508 -0.311620 -0.177698 0.000035 0.462521 -0.000085 -0.000155 -0.000078 0.000063 -0.459907 -0.077489 0.108770 0.286047 0.000194 -0.000223 -0.000109 0.392868 0.047192 -0.018113 -0.122029 0.000716 0.000015 -0.000257 -0.000156 0.592448 -0.000079 0.117129 0.000319 0.263059 -0.062443 0.000026 -0.068614 0.062122 -0.000012 0.000002 -0.530707 -0.592761 0.254108 -0.000389 0.307433 -0.048987 -0.135144 -0.074007 -0.259826
0.072063 -0.217085 0.000239 -0.000049 0.002498 0.043515 0.477600 -0.101719 0.000072 0.350309 -0.000134 0.000133 -0.000128 -0.000102 -0.501933 -0.028333 0.042778 -0.362006 0.000049 0.000005 0.000060 0.137344 0.071337 0.107760 0.085145 -0.000160 0.000021 -0.000307 -0.000196 -0.016345 -0.000083 -0.196136 0.000159 0.273573 -0.081030 -0.000023 -0.766638 0.017965 -0.000019 -0.000129 0.185645 0.136912 0.003342 -0.000222 0.061496 0.283515 -0.118697 -0.018252 0.301681
0.241663 0.008695 -0.000137 -0.000120 -0.025078 -0.147785 -0.204371 -0.257085 0.000037 -0.246755 -0.000002 0.000097 0.000093 -0.000039 -0.044837 -0.124269 0.210390 -0.295234 0.000145 0.000246 -0.000023 0.005437 -0.120657 0.209931 0.155143 0.000547 0.000076 -0.000014 0.000006 -0.130118 -0.000100 0.024986 0.000134 0.317920 0.322169 0.000023 -0.511719 -0.007849 -0.000075 0.000081 -0.109265 0.370000 0.208081 0.000061 0.089165 -0.093993 -0.417208 -0.146269 -0.535673
-0.041236 0.113185 0.000087 -0.000049 -0.436588 -0.241726 -0.380168 0.066667 0.000056 -0.081189 -0.000052 -0.000097 0.000029 0.000066 0.620580 -0.054616 -0.014877 -0.247801 -0.000076 -0.000090 -0.000100 -0.404550 -0.122113 0.044055 -0.177601 0.000235 -0.000072 -0.000016 -0.000063 -0.221548 -0.000136 0.045199 0.000026 0.228629 0.310308 0.000032 -0.116573 0.011599 0.000128 -0.000070 -0.185168 0.033331 -0.100082 0.000032 -0.127521 -0.046425 0.012581 0.378891 0.111081
0.321247 0.222387 0.000129 0.000089 0.181061 0.260582 0.016889 0.208053 -0.000125 -0.495922 0.000111 -0.000092 -0.000037 0.000085 0.076611 0.239717 0.049993 0.016015 0.000037 -0.000140 -0.000047 0.044334 -0.232946 0.123135 0.052900 0.000446 0.000005 -0.000073 -0.000037 0.231513 0.000063 -0.045871 0.000039 0.244229 0.170906 0.000004 -0.286498 -0.022848 -0.000034 0.000050 0.402162 0.155445 0.144093 0.000089 0.091475 -0.047264 -0.295796 0.136740 -0.157377
-0.030899 -0.003760 0.000042 0.000044 -0.292864 0.361173 0.215746 -0.006158 -0.000042 0.191317 -0.000054 -0.000000 -0.000141 0.000233 0.049114 -0.004749 -0.142218 -0.040857 0.000085 0.000151 -0.000070 -0.565130 -0.208794 -0.005702 0.051908 0.000619 -0.000037 0.000010 0.000136 0.082762 0.000107 -0.267366 0.000236 0.249868 -0.011184 0.000072 0.003369 0.435044 -0.000129 -0.000020 0.034406 0.062769 0.048989 -0.000041 -0.127865 -0.040531 -0.063100 0.171522 0.227501
-0.240755 0.436983 0.000165 -0.000017 -0.174695 -0.012768 0.239407 -0.386797 0.000143 -0.023159 -0.000060 0.000169 0.000157 0.000166 0.268762 -0.056413 -0.206769 0.251923 -0.000119 -0.000024 -0.000149 -0.257947 0.102499 -0.198506 0.089330 0.000840 -0.000003 -0.000175 0.000119 0.182203 -0.000023 -0.140123 0.000635 0.264814 0.079514 0.000005 -0.248460 0.363660 -0.000142 0.000033 -0.126189 0.009999 -0.182388 -0.000016 0.315392 0.151787 -0.286736 0.011280 -0.088208
-0.103311 -0.440333 -0.000114 -0.000045 0.124682 -0.352213 -0.050625 -0.027612 0.000095 0.089847 -0.000103 -0.000279 -0.000066 -0.000072 -0.280046 0.108331 -0.065006 0.421397 0.000016 -0.000038 0.000001 0.195560 -0.125775 -0.059793 -0.287894 0.000759 0.000004 0.000018 0.000135 0.025475 -0.000036 0.241430 -0.000166 0.266872 -0.065775 -0.000004 0.035468 -0.268412 -0.000059 -0.000199 -0.328615 -0.001548 0.083934 -0.000012 0.371885 0.378848 -0.347435 -0.309324 0.007096
0.106039 0.103935 -0.000057 -0.000121 -0.260404 -0.057278 0.148971 -0.161792 0.000002 0.030920 0.000115 -0.000098 0.000006 -0.000008 0.174914 0.239710 0.230931 0.243251 -0.000078 -0.000076 0.000040 -0.041923 -0.039358 -0.250644 -0.022345 0.000890 0.000053 0.000013 0.000083 -0.031527 0.000080 -0.377265 0.000415 0.231369 -0.096723 -0.000015 -0.574881 0.001197 -0.000173 -0.000070 -0.362236 0.059255 0.286416 0.000050 -0.392379 -0.377344 -0.807732 -0.022761 -0.282018
0.612543 -0.248277 -0.000066 -0.000098 0.255305 -0.236091 -0.202758 -0.010868 -0.000073 0.141897 -0.000253 0.000082 -0.000078 0.000200 0.029740 0.244179 0.013304 0.204715 0.000050 -0.000010 -0.000037 0.061033 0.299856 -0.235772 0.052410 0.000141 0.000128 0.000107 0.000087 0.187317 -0.000021 0.248741 -0.000171 0.126009 -0.259488 0.000084 -0.472382 -0.283637 -0.000087 0.000109 -0.102478 -0.169339 -0.037720 -0.000024 -0.063736 0.140848 -0.351709 0.129879 0.062710
0.259917 -0.183351 -0.000062 0.000130 -0.125101 0.011881 0.225888 -0.257279 0.000095 0.264829 -0.000059 0.000146 0.000011 0.000049 -0.315673 0.342692 0.028939 -0.159377 -0.000024 -0.000356 -0.000093 0.232632 0.052458 0.117572 -0.187295 0.000958 0.000029 0.000131 0.000052 0.179876 -0.000003 -0.200518 -0.000083 0.156882 -0.233502 -0.000107 -0.086239 0.185067 -0.000114 -0.000138 0.600218 0.034292 0.051405 -0.000346 0.004403 -0.157716 -0.256689 -0.412646 -0.138557
-0.307997 -0.112743 -0.000063 0.000028 -0.060230 0.282614 -0.469867 0.000801 -0.000038 0.052070 0.000283 -0.000005 0.000044 -0.000001 -0.402162 0.032636 0.005723 -0.217534 -0.000060 0.000075 -0.000064 -0.047089 0.286340 -0.405181 0.351784 0.000567 0.000098 0.000091 -0.000163 0.193308 -0.000022 -0.213246 -0.000139 0.164442 0.111433 -0.000035 0.050435 -0.544086 0.000023 -0.000001 0.177288 -0.506859 0.202133 -0.000257 -0.033533 -0.023666 0.057580 0.335261 0.178494
-0.167928 0.060156 -0.000147 -0.000098 0.001435 0.431744 0.223150 0.221440 0.000131 0.134869 0.000228 0.000249 -0.000055 -0.000002 -0.056464 -0.011590 0.261831 -0.125247 0.000041 0.000113 -0.000217 -0.140729 0.002811 -0.062718 0.266057 0.000676 0.000085 -0.000098 -0.000140 0.310611 0.000081 0.139993 -0.000144 0.204699 0.132728 -0.000051 -0.086723 -0.198027 -0.000056 -0.000117 -0.046483 -0.196920 -0.227346 0.000081 0.013490 0.098131 -0.304931 -0.000997 0.016222
-0.037146 -0.168223 0.000129 0.000047 0.237861 0.110056 0.139113 0.091689 -0.000240 0.246875 -0.000011 0.000043 -0.000103 0.000168 0.089938 -0.658120 0.304801 -0.160412 0.000153 -0.000082 0.000056 -0.091204 0.000250 0.375404 -0.256346 0.000271 -0.000071 -0.000002 -0.000175 -0.003375 -0.000082 -0.081797 0.000026 0.253991 -0.014294 0.000000 -0.073698 0.223124 -0.000063 0.000034 0.334595 -0.299214 0.119652 0.000107 0.139216 -0.236959 -0.250403 0.117978 -0.446490
-0.105851 0.100774 -0.000065 0.000005 0.272944 0.250421 0.006104 -0.192242 -0.000008 0.518359 0.000060 -0.000202 0.000089 -0.000030 0.307406 0.005711 -0.402196 0.046213 -0.000076 0.000150 -0.000064 -0.279202 0.389219 -0.282260 0.005690 0.000843 -0.000113 -0.000032 0.000299 0.037370 -0.000091 0.203694 -0.000019 0.231837 0.183326 -0.000052 0.328213 -0.149538 -0.000031 -0.000106 -0.569574 -0.050450 -0.224552 -0.000081 0.612962 0.020129 -0.238509 0.545611 -0.388860
0.217441 -0.200731 -0.000016 -0.000051 0.061458 0.293898 0.210807 -0.242061 0.000081 -0.048733 -0.000055 -0.000060 -0.000135 0.000265 -0.074797 0.054999 -0.518915 0.023224 0.000019 0.000048 -0.000012 -0.108244 -0.278386 -0.155699 -0.099064 0.000322 0.000043 0.000005 0.000143 0.126643 -0.000006 -0.101250 -0.000268 0.263702 0.278345 0.000045 0.387965 -0.278135 -0.000033 -0.000076 -0.053499 0.071947 0.227969 0.000030 0.389912 -0.131165 -0.056453 -0.043057 -0.592354
-0.226244 -0.231967 0.000038 0.000042 0.287898 0.013650 -0.150882 0.385135 -0.000058 -0.311144 0.000205 0.000290 -0.000144 0.000054 -0.091659 0.170902 0.212632 0.314858 -0.000038 0.000091 -0.000016 0.226956 0.019094 0.565646 0.168663 0.000670 -0.000014 0.000110 0.000100 -0.095036 -0.000093 0.066397 -0.000143 0.163557 -0.265901 0.000022 0.208869 -0.572763 -0.000139 -0.000058 -0.098542 -0.070434 0.408902 0.000016 0.131128 -0.300677 -0.157810 -0.223069 -0.248254
-0.058619 -0.178275 0.000190 0.000058 0.191209 0.132248 -0.029628 -0.014963 -0.000061 0.056959 -0.000550 0.000069 0.000049 0.000195 0.008468 -0.268247 0.011359 0.366251 -0.000062 -0.000177 -0.000047 -0.012191 -0.023806 0.069750 -0.499143 0.000226 -0.000014 -0.000119 0.000029 -0.030657 0.000016 -0.014796 -0.000242 0.100297 -0.354705 -0.000039 -0.003128 -0.804441 0.000036 0.000057 0.179793 -0.469841 0.280693 -0.000242 0.169594 -0.142872 -0.428790 0.044377 0.168367
0.250728 -0.242663 0.000078 -0.000032 0.030848 -0.144772 -0.642591 -0.267704 -0.000162 -0.035296 -0.000050 -0.000048 0.000063 0.000131 0.033928 0.324808 -0.214041 -0.189958 -0.000193 0.000224 0.000084 -0.006935 -0.133132 0.072322 -0.163996 0.000355 0.000016 -0.000110 -0.000387 0.234722 0.000106 -0.251989 0.000236 0.131590 -0.092054 0.000017 -0.375340 -0.086781 -0.000109 -0.000070 -0.061341 0.005677 -0.096155 0.000037 0.153730 0.239099 0.263546 0.088771 0.573572
0.469458 0.162762 0.000218 -0.000167 0.090462 0.004637 0.342890 0.095598 -0.000084 0.056168 0.000001 -0.000080 0.000161 0.000128 -0.192040 -0.031344 -0.098028 -0.042696 0.000112 -0.000129 -0.000175 0.039739 -0.170582 0.296565 -0.315563 0.000682 -0.000022 -0.000098 0.000060 0.140874 -0.000051 -0.214341 -0.000073 0.219927 -0.192991 0.000039 -0.349248 -0.950000 -0.000042 -0.000007 0.451393 0.237527 0.030074 -0.000055 -0.181558 -0.317912 -0.006958 0.016456 -0.171723
0.023586 0.566012 -0.000044 0.000095 0.305934 -0.082669 -0.010076 0.201595 -0.000032 -0.056035 0.000083 0.000049 -0.000173 0.000030 -0.036175 -0.090211 0.120633 -0.006845 0.000071 -0.000045 0.000161 -0.100977 0.522180 0.093956 0.215103 0.000170 -0.000122 0.000014 -0.000391 -0.212635 0.000163 0.476696 0.000200 0.093779 -0.051321 0.000066 -0.392486 -0.492013 0.000156 0.000053 -0.382915 -0.060596 0.073208 -0.000108 0.362869 -0.151043 -0.226186 0.052983 0.038973
-0.358770 0.008552 -0.000164 -0.000053 -0.486782 0.043706 0.222707 -0.381491 0.000096 -0.038255 0.000045 0.000056 0.000091 0.000025 -0.130293 0.073126 0.263371 -0.142677 -0.000006 -0.000099 0.000097 0.077482 -0.406508 -0.020328 -0.159521 0.000705 -0.000039 0.000193 -0.000102 0.345000 0.000038 -0.040668 -0.000189 0.098264 0.082862 -0.000025 0.034829 -0.533580 -0.000010 0.000033 -0.445449 0.193333 -0.316341 0.000012 -0.071967 -0.142210 0.104829 0.130637 -0.294562
-0.043774 0.167745 0.000076 -0.000075 -0.023239 0.100325 0.252557 0.019602 0.000039 0.355673 -0.000135 -0.000155 0.000155 -0.000026 0.331682 0.005335 0.399278 -0.079790 -0.000010 -0.000358 0.000025 -0.156158 -0.170374 -0.029407 0.207550 0.000404 -0.000005 -0.000007 -0.000461 0.348358 0.000026 0.043530 -0.000138 0.116387 0.387147 -0.000119 -0.080530 -0.320566 -0.000034 -0.000035 -0.528892 0.007570 -0.269273 0.000079 -0.305384 -0.184908 0.204385 -0.158136 0.097364
0.346158 -0.051176 -0.000103 0.000025 0.324421 -0.484251 0.186493 -0.141117 -0.000005 -0.220570 0.000048 0.000202 0.000071 0.000064 -0.061917 0.324924 -0.111176 -0.362402 0.000238 0.000081 -0.000001 0.160829 0.125826 -0.373328 -0.033376 0.000531 0.000047 0.000143 -0.000185 0.120300 0.000004 0.022940 -0.000206 0.135916 -0.020208 -0.000120 0.192949 -0.650674 0.000101 0.000044 -0.098954 0.191948 0.092878 0.000108 0.090096 -0.113267 0.029966 0.066683 -0.092463
-0.024443 -0.355663 0.000045 0.000029 -0.053602 -0.124064 -0.017147 -0.213074 0.000225 -0.009055 -0.000002 -0.000020 0.000041 -0.000025 0.010088 -0.213158 -0.099912 0.036640 -0.000034 0.000058 0.000006 -0.197531 -0.006284 -0.167332 -0.111331 0.000928 -0.000057 -0.000024 0.000087 0.310805 -0.000039 0.084098 0.000431 0.085577 0.035949 -0.000170 0.070912 -0.458542 -0.000047 0.000053 0.196218 0.084293 -0.007141 -0.000069 0.087960 -0.315629 -0.002222 0.172879 -0.085312
0.287082 -0.022503 -0.000229 -0.000031 0.149513 -0.533175 -0.137353 0.148496 -0.000029 -0.403907 0.000223 0.000037 0.000203 0.000110 0.132065 -0.138617 -0.537808 -0.554956 -0.000088 -0.000073 0.000039 0.473124 0.161985 -0.254463 -0.375198 0.000324 -0.000169 0.000066 0.000020 0.114872 -0.000043 -0.025961 -0.000075 0.158120 0.058666 0.000053 0.163194 -0.012462 -0.000127 0.000054 0.266451 0.033542 -0.167146 -0.000370 0.046160 -0.112131 0.466154 0.040124 0.585491
-0.184240 -0.039401 0.000044 -0.000043 0.183541 -0.388145 -0.167425 0.088979 -0.000072 0.053804 -0.000059 0.000086 -0.000083 0.000104 0.088662 0.167056 0.295585 0.028522 -0.000128 -0.000139 0.000082 0.199796 0.092362 0.252436 -0.316793 0.000585 0.000020 0.000116 -0.000056 0.036179 0.000009 0.296735 -0.000298 0.066550 0.492623 -0.000001 -0.203731 -0.102222 0.000020 -0.000087 -0.293462 -0.166912 0.179348 -0.000115 0.068947 -0.246064 -0.101143 -0.052304 0.360825
-0.018245 0.165338 -0.000180 -0.000110 -0.568365 -0.800424 -0.352161 0.426716 0.000095 0.299513 0.000016 0.000309 -0.000052 0.000305 0.152115 -0.204091 0.036363 0.025387 0.000002 -0.000070 0.000176 -0.145535 -0.192530 0.070132 0.276943 -0.000323 -0.000071 -0.000279 0.000017 0.288537 -0.000180 0.174795 -0.000199 0.077369 -0.341446 -0.000098 -0.209637 0.340035 0.000090 0.000433 0.215987 -0.099462 -0.060417 0.000055 -0.140629 -0.121929 0.050120 0.224103 0.081136
-0.320863 0.359279 0.000005 0.000036 -0.371197 -0.247743 -0.187912 0.042409 -0.000146 0.504869 -0.000172 -0.000204 -0.000031 -0.000036 -0.303265 0.197501 -0.240105 0.032618 -0.000042 0.000146 -0.000112 -0.104953 0.047533 0.126622 -0.118173 0.000681 0.000073 0.000101 0.000032 -0.421421 -0.000054 -0.288920 0.000124 0.131408 0.028350 0.000015 0.323204 0.085207 0.000023 0.000109 0.244392 0.096879 -0.500855 0.000083 0.126823 0.109985 -0.205014 -0.135046 -0.306971
0.003243 -0.074601 0.000206 0.000165 -0.006214 -0.535331 -0.162384 -0.152108 -0.000042 0.206292 0.000025 -0.000109 -0.000051 0.000184 -0.089731 -0.023664 0.015103 0.461863 0.000001 -0.000182 0.000021 0.096335 -0.431781 -0.516575 0.212867 -0.000062 0.000016 0.000146 -0.000145 -0.067631 0.000137 -0.068026 -0.000071 0.183779 0.117847 -0.000049 0.146400 0.137037 -0.000146 -0.000056 -0.240029 -0.049285 -0.451287 -0.000068 -0.102844 -0.229398 0.212063 0.191286 0.032848
0.538770 0.088416 -0.000186 0.000075 0.434314 -0.620367 -0.183254 0.160854 0.000096 0.571582 -0.000026 0.000123 0.000249 0.000014 0.121416 0.220444 -0.128233 -0.130005 -0.000054 -0.000081 0.000005 0.128382 0.152128 -0.400389 0.273062 0.000736 0.000070 -0.000146 0.000098 -0.107182 -0.000048 0.009872 -0.000038 0.008452 0.071851 -0.000019 -0.032854 0.293839 0.000244 -0.000078 -0.127108 0.199756 0.241844 0.000010 0.041807 0.019575 -0.286895 -0.184625 -0.018377
-0.333858 -0.357211 0.000136 -0.000014 0.004782 -0.669488 -0.313709 -0.099529 -0.000234 0.396403 -0.000063 -0.000058 0.000086 0.000038 0.044899 -0.302701 0.030109 -0.239479 0.000135 -0.000177 -0.000075 -0.016120 -0.049912 -0.168565 -0.122752 -0.000216 0.000072 0.000055 -0.000243 -0.109509 -0.000005 0.073366 0.000095 0.029006 0.066298 -0.000008 -0.050415 -0.215205 -0.000062 -0.000139 -0.143035 -0.248729 -0.262235 0.000087 0.285923 -0.159156 -0.015578 0.086559 0.080055
0.037928 -0.144325 0.000205 -0.000072 -0.182165 -0.403287 0.104821 0.045491 -0.000043 0.077225 0.000017 0.000009 0.000031 0.000028 0.059516 -0.157486 0.090784 -0.241478 -0.000002 -0.000340 0.000446 0.504758 -0.407334 -0.056227 0.036908 -0.000141 0.000018 -0.000040 -0.000075 0.248767 -0.000044 0.287182 -0.000098 0.109474 0.105723 -0.000158 0.405440 -0.350883 0.000142 -0.000004 -0.127452 -0.591566 -0.161579 0.000070 -0.183772 -0.236295 0.062171 0.108274 -0.160352
-0.093775 -0.040710 0.000133 -0.000057 -0.255475 -0.349358 0.217633 0.257091 0.000090 0.151448 -0.000033 -0.000094 -0.000055 0.000138 0.287643 0.240977 0.469675 -0.269700 0.000132 0.000014 0.000049 0.157435 0.088198 0.077215 -0.374651 0.000215 0.000095 -0.000152 0.000202 0.353564 -0.000038 -0.033649 0.000410 0.008933 -0.174452 0.000112 -0.444394 0.444111 -0.000010 0.000173 0.255977 -0.362708 -0.247307 0.000120 0.081085 0.135312 0.142955 0.366684 0.209302
-0.332063 -0.045367 0.000030 -0.000064 0.198387 -0.658832 0.327421 -0.358448 -0.000041 0.232860 0.000388 -0.000097 0.000114 -0.000044 0.041998 0.177711 0.042526 0.154693 0.000009 -0.000018 -0.000061 -0.085477 0.353555 0.039859 0.140290 0.000719 0.000202 0.000045 0.000057 -0.054597 -0.000010 0.526810 -0.000157 0.001401 -0.227240 0.000061 -0.465522 0.110934 0.000042 0.000094 -0.051456 0.004391 0.214440 -0.000011 -0.009556 0.102954 0.095070 0.138684 -0.029121
-0.005265 0.319787 0.000113 -0.000120 0.077362 -0.633446 0.078972 -0.212209 -0.000050 -0.233061 -0.000178 0.000147 -0.000011 0.000074 0.313398 0.044158 -0.010704 0.028650 0.000004 -0.000046 0.000252 0.166893 -0.008859 -0.298419 -0.327372 0.000527 -0.000287 0.000147 0.000135 -0.180431 0.000165 -0.277164 0.000088 0.044163 0.169213 0.000056 -0.303746 0.399686 -0.000019 0.000031 -0.001847 -0.113770 0.227231 0.000116 0.034591 0.159718 0.399050 -0.154448 0.033354
-0.260432 1.041933 -0.000217 -0.000166 0.226804 -0.470201 -0.229465 0.200693 -0.000091 -0.157448 0.000047 0.000312 -0.000002 0.000033 0.170282 -0.070317 -0.381272 -0.393051 -0.000092 0.000012 -0.000014 -0.339077 -0.027134 0.229015 -0.229159 0.000602 0.000039 -0.000160 0.000079 -0.386887 0.000079 0.330945 0.000093 0.131019 -0.275845 0.000065 0.646303 -0.058180 0.000149 0.000030 0.311210 -0.090591 0.093641 0.000139 0.419706 0.179653 -0.352858 -0.226733 -0.158132
-0.106521 -0.084085 -0.000022 -0.000149 0.099047 -0.043691 0.149875 0.576974 -0.000126 -0.026530 0.000071 0.000266 0.000151 -0.000068 -0.274985 -0.056280 0.049466 -0.042118 -0.000127 -0.000069 -0.000115 -0.201206 -0.038924 0.434917 -0.031156 0.000629 0.000014 -0.000309 0.000127 0.118263 -0.000147 0.049772 0.000006 0.076835 0.140536 -0.000006 0.209997 0.179332 -0.000128 0.000152 0.017966 0.168183 0.012157 -0.000061 0.053325 0.215020 0.000323 -0.366588 -0.005409
-0.131057 -0.244675 0.000030 0.000082 -0.012512 0.448421 0.048919 0.159802 -0.000081 0.178327 0.000253 -0.000018 0.000034 0.000010 0.029197 0.223278 0.134388 0.115938 -0.000217 0.000006 -0.000048 0.170815 -0.317765 -0.220295 0.107843 0.000097 0.000151 -0.000212 -0.000001 -0.239444 -0.000132 0.031891 0.000461 0.025148 0.123834 -0.000016 0.466422 -0.022443 0.000019 0.000165 -0.020333 0.238582 -0.011197 -0.000028 -0.097316 -0.003751 -0.472324 0.138472 0.347992
-0.004086 -0.685330 0.000063 -0.000064 -0.000767 0.101385 -0.006570 0.529499 -0.000033 -0.226901 0.000163 -0.000100 0.000076 0.000020 0.081746 -0.026670 0.243085 0.088784 -0.000085 0.000031 -0.000007 0.156261 0.068646 -0.488665 0.357689 0.000806 0.000061 0.000045 -0.000104 -0.063970 -0.000051 0.011950 -0.000194 0.009738 0.413503 0.000027 0.000966 0.323460 -0.000108 -0.000071 -0.052100 -0.025933 0.110662 -0.000086 -0.459452 0.008886 -0.382366 0.605239 0.065662
0.000000 -0.239930 -0.000078 -0.000046 0.059374 -0.280495 -0.229130 -0.191163 0.000071 -0.290766 0.000099 0.000133 0.000075 0.000023 -0.535962 0.333994 0.207685 -0.363180 0.000037 0.000024 0.000016 0.103527 -0.067676 -0.127819 0.192692 0.000521 -0.000124 0.000107 -0.000289 0.412731 0.000206 -0.340781 0.000075 0.001260 -0.007647 -0.000019 -0.321203 -0.043931 0.000086 0.000103 -0.204374 0.076056 0.004227 0.000100 0.386025 0.128703 -0.534729 0.159139 0.217884
0.061138 -0.212519 -0.000103 0.000002 0.175806 -0.112600 -0.302783 -0.486765 0.000043 0.382204 -0.000252 -0.000061 -0.000084 -0.000011 -0.262675 0.041592 -0.010817 -0.105209 -0.000244 0.000026 0.000200 0.224963 0.351089 -0.019261 -0.075062 0.000201 0.000008 -0.000164 -0.000087 0.422833 0.000113 0.180001 -0.000137 0.066684 0.110335 -0.000011 -0.261582 0.052065 -0.000055 -0.000316 -0.286816 -0.178237 -0.239031 0.000079 0.004571 0.106321 -0.279417 -0.118765 0.322998
0.016937 -0.036389 -0.000249 0.000119 -0.046215 -0.299168 -0.118180 -0.152863 0.000087 -0.004080 -0.000109 -0.000148 0.000271 0.000182 0.250213 -0.238278 -0.213067 0.040478 0.000127 -0.000241 -0.000137 -0.645209 -0.282523 0.426950 -0.084625 0.000393 -0.000127 0.000078 -0.000216 0.152911 0.000209 -0.142854 0.000118 0.149827 -0.431863 0.000098 -0.075612 -0.115726 0.000047 0.000283 -0.245566 0.017963 -0.428910 0.000104 -0.042801 0.450421 0.171082 0.081947 0.163616
-0.003043 0.436902 -0.000161 0.000129 -0.596775 0.618485 -0.126670 0.270031 -0.000036 -0.216889 -0.000124 0.000074 -0.000104 0.000027 0.182469 -0.019390 -0.013733 0.009415 0.000046 -0.000007 0.000031 0.048826 -0.450145 -0.213533 0.003073 0.000435 0.000015 0.000005 0.000117 -0.267692 0.000001 -0.808454 0.000183 0.196793 -0.006855 0.000017 0.612342 0.164417 -0.000111 -0.000077 0.135632 -0.069866 -0.199698 -0.000139 0.370080 -0.229642 -0.119287 -0.152067 0.297613
0.147099 0.321304 0.000139 -0.000007 0.170031 0.133375 -0.012466 0.219995 0.000063 -0.165862 -0.000055 -0.000079 0.000059 0.000030 -0.032956 0.052484 -0.118609 0.686787 0.000144 0.000180 0.000093 -0.457370 0.059067 0.178290 0.172312 0.000574 0.000010 0.000110 0.000183 -0.268957 0.000102 -0.652499 0.000144 0.304668 -0.552621 0.000015 0.261600 0.411960 -0.000118 -0.000061 0.053912 -0.117414 -0.459489 0.000096 -0.134314 -0.237109 0.377490 0.154785 0.037072
-0.264194 0.927242 0.000043 0.000103 -0.035107 -0.132049 0.016076 -0.104383 -0.000037 -0.016888 -0.000287 -0.000067 -0.000056 -0.000013 0.045301 0.175750 0.323411 0.545507 0.000150 0.000128 0.000029 0.072048 -0.032522 0.107737 0.134300 0.000663 0.000085 -0.000067 0.000192 -0.200184 0.000016 -0.316634 -0.000084 0.281786 0.013036 -0.000007 0.108104 -0.475419 -0.000081 0.000110 0.186662 0.664411 -0.396011 -0.000076 -0.268480 -0.708482 0.468329 -0.486356 -0.247526
0.108262 -0.449305 0.000146 0.000037 -0.013883 0.001226 -0.001610 0.314388 0.000030 0.564794 -0.000047 -0.000128 -0.000101 -0.000039 0.340095 0.010229 0.165533 0.156506 0.000043 0.000166 0.000005 -0.119817 0.261490 -0.110073 -0.079429 0.000710 0.000073 0.000060 -0.000382 0.013744 0.000049 -0.012853 0.000016 0.208010 0.407794 -0.000019 0.383969 -0.484908 0.000153 -0.000272 -0.424981 0.021171 -0.024358 -0.000131 -0.238589 -0.374050 0.153509 0.201964 0.101071
0.251261 -0.484188 -0.000069 0.000010 0.026574 -0.189259 0.183396 0.012317 -0.000082 0.393333 0.000191 -0.000117 -0.000091 0.000156 -0.272752 -0.381235 -0.339162 -0.018645 0.000088 0.000056 -0.000094 0.041888 0.157571 -0.120760 0.075962 -0.000437 0.000140 0.000208 -0.000218 -0.105154 -0.000140 -0.305161 0.000000 0.314506 0.145199 0.000113 -0.026473 -0.534395 -0.000095 0.000114 -0.136045 0.017344 -0.063266 0.000060 -0.144212 0.223716 0.140807 0.027287 -0.481370
0.022107 0.079555 0.000117 0.000087 -0.285943 -0.147886 -0.234226 -0.110736 -0.000137 0.258630 -0.000055 -0.000254 -0.000224 -0.000123 -0.185835 0.094756 0.089115 -0.279398 0.000022 0.000188 -0.000277 -0.040574 0.434618 -0.024950 0.083587 0.000261 0.000037 0.000065 0.000179 -0.077987 0.000079 -0.566830 -0.000132 0.230491 -0.022755 -0.000007 -0.501297 -0.006211 0.000083 0.000061 0.180149 -0.148766 0.799917 -0.000149 -0.012250 0.339851 0.282293 -0.364171 -0.062861
-0.336061 -0.446619 -0.000072 0.000085 -0.086512 -0.182139 -0.833541 0.244436 0.000105 0.516507 0.000010 0.000270 -0.000168 0.000277 -0.079692 -0.405797 -0.036982 -0.112505 0.000096 0.000100 0.000153 -0.222054 0.112690 0.130854 -0.259011 0.000512 0.000107 0.000014 -0.000073 -0.460020 0.000065 -0.370513 -0.000155 0.100809 0.239064 0.000064 0.154075 -0.005625 0.000062 0.000008 -0.053011 0.202875 0.189647 0.000038 -0.109532 0.233521 -0.153560 0.140244 0.234408
-0.027142 0.002199 0.000007 -0.000023 0.002574 0.280372 -0.544239 0.199186 -0.000046 -0.509769 0.000041 0.000044 0.000117 0.000203 0.246616 -0.152009 -0.018701 -0.348159 0.000343 0.000032 0.000032 0.124786 -0.240990 0.513819 -0.315418 -0.000863 0.000031 -0.000128 -0.000016 0.028153 -0.000115 -0.336873 0.000194 0.134150 0.271716 -0.000060 -0.191988 -0.056330 0.000070 -0.000067 0.171538 0.277630 0.133400 -0.000022 0.143122 0.234949 -0.057574 -0.000504 -0.167076
-0.008784 0.228056 -0.000182 0.000126 -0.028699 0.116227 0.044983 0.320731 0.000162 -0.146865 -0.000038 0.000360 0.000064 0.000311 0.261299 -0.069813 0.128922 0.345261 0.000007 0.000042 0.000010 -0.296033 -0.212064 -0.275187 -0.109137 0.000902 -0.000029 -0.000098 -0.000030 -0.124967 -0.000197 0.140257 -0.000193 0.100499 0.011561 -0.000030 0.256594 -0.283053 0.000038 0.000119 0.374430 0.179032 -0.140484 -0.000111 0.177859 -0.224439 0.117622 -0.022481 -0.170674
0.097715 0.168043 -0.000020 0.000005 -0.057504 0.254786 -0.004846 -0.091230 -0.000076 0.096921 -0.000103 -0.000120 -0.000020 -0.000003 0.373440 -0.220405 0.331248 0.129551 0.000153 -0.000057 -0.000034 -0.316405 -0.146955 0.312668 0.015251 0.000359 -0.000039 -0.000003 -0.000045 -0.128641 0.000008 0.327784 -0.000007 0.084302 0.167749 0.000006 -0.041209 0.190531 -0.000045 -0.000190 -0.180029 0.100308 -0.272406 0.000081 0.237642 -0.242375 0.226851 -0.104311 0.113537
-0.098389 -0.019868 0.000092 0.000086 -0.006809 0.330553 0.282243 0.296500 -0.000111 0.229643 0.000398 -0.000282 0.000150 0.000092 0.043639 -0.001901 -0.160317 0.408479 0.000117 0.000477 -0.000198 -0.137081 0.089990 0.217561 -0.342500 0.000732 0.000023 -0.000001 -0.000017 -0.145172 0.000041 0.618071 -0.000230 0.084030 -0.232595 0.000015 0.016544 0.034278 -0.000045 0.000012 0.159140 0.093213 -0.087259 -0.000070 0.141874 0.389294 0.366178 0.051645 0.517767
-0.168515 0.046628 0.000163 -0.000101 -0.484197 0.289502 0.475984 0.498204 -0.000164 0.035464 -0.000088 0.000020 0.000069 0.000077 -0.226091 -0.242407 -0.118136 0.156092 -0.000101 -0.000152 0.000123 -0.030122 0.252806 0.076776 -0.323040 0.000401 -0.000153 -0.000034 0.000159 0.534271 -0.000034 -0.281444 -0.000031 0.029799 -0.078087 0.000043 0.153142 0.136945 -0.000064 -0.000136 0.124910 -0.113595 0.018301 -0.000111 0.386392 -0.218375 -0.053083 -0.236762 0.194981
-0.129449 -0.057977 -0.000043 -0.000021 0.237689 0.078238 0.253816 0.302192 0.000132 0.317360 -0.000048 -0.000327 -0.000128 -0.000126 -0.250653 -0.023860 0.000823 -0.001530 -0.000194 -0.000067 0.000035 0.198926 -0.062164 -0.224123 0.526520 0.000718 0.000083 -0.000094 -0.000135 -0.082300 0.000106 0.472302 -0.000146 0.111420 -0.254829 0.000010 0.672004 -0.206556 -0.000047 0.000075 -0.116280 -0.246865 0.274769 -0.000056 0.212353 0.130594 0.027048 0.053159 -0.335910
-0.072471 -0.219394 -0.000164 -0.000062 0.088843 -0.132148 -0.065122 0.676426 0.000043 -0.014097 0.000202 0.000125 0.000040 -0.000033 -0.203236 -0.191557 0.189315 -0.206316 0.000110 0.000096 0.000220 0.013714 -0.157589 -0.229510 0.323607 0.001059 -0.000131 -0.000006 0.000018 0.235460 0.000025 0.080252 -0.000172 0.091627 -0.204771 0.000002 0.106293 0.050259 -0.000291 0.000114 0.132562 0.176583 -0.068761 0.000056 0.386812 0.032681 -0.066022 -0.147174 -0.015299
0.116615 -0.109976 -0.000002 -0.000096 0.185379 0.221402 -0.568268 0.252264 0.000045 0.088941 -0.000115 -0.000161 -0.000016 0.000289 -0.099414 -0.076175 0.177564 0.018537 -0.000195 0.000019 0.000019 0.129150 -0.022329 -0.193848 0.111746 0.000826 0.000037 0.000054 0.000067 -0.040364 0.000061 0.223057 -0.000127 0.105678 0.228064 -0.000130 0.123168 0.356295 0.000084 -0.000064 0.007981 -0.069281 0.404769 -0.000073 0.433486 -0.121485 0.174484 -0.023445 0.510891
-0.448380 -0.186871 0.000080 -0.000058 -0.016272 -0.046547 -0.121463 -0.252424 0.000060 -0.138156 0.000037 0.000035 0.000023 0.000410 0.067673 -0.534761 -0.579150 -0.010517 0.000095 -0.000015 0.000042 -0.241028 0.034489 -0.105618 -0.670358 0.000285 -0.000033 -0.000099 -0.000063 -0.105185 -0.000074 -0.018223 -0.000234 0.331737 0.020410 0.000012 0.271411 -0.012751 -0.000165 -0.000239 -0.185352 0.012225 0.532364 0.000090 0.128421 0.058679 0.007426 -0.561329 0.617565
-0.185515 0.533897 -0.000012 0.000119 0.422641 0.023618 -0.303743 -0.218890 0.000124 0.499957 0.000029 0.000216 0.000115 -0.000047 -0.027948 -0.580212 0.088950 0.094956 -0.000128 -0.000030 0.000132 0.171726 0.455637 0.383200 -0.150351 -0.000087 0.000213 -0.000040 0.000045 -0.072173 0.000062 -0.184598 -0.000014 0.188936 0.062116 -0.000077 -0.369855 0.187665 0.000246 -0.000168 -0.235359 -0.211819 0.375603 -0.000260 -0.613789 -0.082016 0.163362 -0.065384 -0.285845
0.205924 -0.033732 -0.000071 -0.000088 -0.038358 0.271599 -0.066476 -0.202537 -0.000038 0.087885 -0.000076 0.000025 -0.000016 0.000075 0.020241 -0.172556 0.267750 0.072816 -0.000214 -0.000104 -0.000063 -0.324469 -0.084224 0.309906 0.034857 0.000139 0.000002 0.000113 -0.000167 -0.166418 0.000122 0.062653 -0.000235 0.265957 0.533629 0.000036 -0.158363 -0.135228 0.000009 -0.000147 -0.054800 -0.348103 -0.113880 -0.000070 0.272760 0.250042 0.003434 -0.292355 -0.283960
-0.388793 0.184487 0.000026 -0.000085 -0.015586 0.112573 0.102710 0.327808 -0.000080 0.218725 0.000002 0.000259 -0.000208 0.000013 0.349709 -0.682924 -0.276654 0.081167 -0.000051 0.000008 -0.000004 -0.003862 0.012579 -0.084622 0.188270 0.000978 0.000051 -0.000172 -0.000397 -0.008386 -0.000015 0.027362 0.000051 0.288341 0.224726 0.000122 0.054979 0.046210 0.000026 0.000205 0.045833 -0.003006 -0.526618 0.000045 -0.141474 -0.036972 -0.204443 0.066790 -0.039354
-0.123325 -0.007086 0.000113 -0.000120 0.330785 0.020680 -0.181483 -0.385235 -0.000141 -0.375754 0.000212 -0.000348 0.000012 0.000030 0.418124 0.019857 -0.142325 0.025534 0.000034 -0.000050 -0.000140 -0.032963 0.317709 -0.283333 0.099069 -0.000080 -0.000092 0.000004 0.000169 0.027200 0.000032 -0.141726 0.000009 0.301972 0.133785 -0.000145 -0.355923 -0.060087 -0.000037 0.000066 0.051879 0.032705 -0.449900 -0.000010 0.178013 -0.317353 0.157730 0.209943 0.141822
-0.124750 0.097995 -0.000161 0.000054 -0.344975 -0.174619 -0.025601 -0.015509 -0.000162 0.412684 -0.000077 -0.000132 -0.000008 0.000005 -0.304524 0.076488 -0.043645 -0.745988 -0.000337 0.000102 -0.000179 0.296512 0.270107 -0.178158 0.388414 0.000805 0.000082 -0.000125 -0.000223 -0.165109 0.000102 -0.257179 -0.000095 0.239298 -0.058793 -0.000011 -0.029635 0.101639 0.000175 -0.000055 0.085718 0.071591 -0.276300 -0.000070 0.028457 0.001239 -0.151816 0.142375 -0.086946
0.053916 -0.000583 0.000206 -0.000062 0.237906 -0.437295 -0.177481 -0.428537 0.000227 0.032344 -0.000052 -0.000027 -0.000023 -0.000144 -0.153608 -0.639730 0.153357 -0.263440 0.000350 -0.000083 -0.000097 0.338356 -0.152911 0.145081 0.201227 0.000113 -0.000027 -0.000101 -0.000034 0.440352 -0.000070 0.273148 0.000077 0.239033 -0.353552 -0.000088 -0.268370 -0.052445 -0.000212 0.000189 0.024421 -0.068997 -0.106736 -0.000056 -0.554762 0.026570 0.092344 0.440918 0.124426
0.121359 -0.216697 0.000040 0.000142 -0.046416 -0.012239 -0.400224 -0.188760 0.000089 0.416397 0.000021 0.000247 0.000101 -0.000136 -0.204923 0.013656 -0.052723 0.040437 -0.000239 -0.000079 -0.000117 0.024065 -0.005575 0.378401 -0.501220 0.000719 -0.000122 -0.000013 -0.000079 -0.011347 -0.000077 0.328464 -0.000087 0.228581 -0.413269 0.000036 0.104871 -0.060439 -0.000054 0.000030 -0.019420 0.724088 0.274962 -0.000076 -0.513418 0.000689 0.015030 -0.125083 0.061496
-0.139114 -0.141168 -0.000259 0.000127 -0.070879 0.404222 0.243215 -0.414335 -0.000095 0.003612 -0.000179 0.000022 -0.000097 0.000031 -0.074277 0.109175 -0.002028 0.005513 -0.000121 -0.000088 -0.000056 -0.040046 0.284357 0.365443 -0.370039 0.000179 -0.000013 -0.000023 -0.000393 0.236660 -0.000080 0.187304 0.000247 0.229068 -0.379709 0.000077 0.202254 0.083804 0.000099 -0.000224 -0.026236 0.341285 0.432293 -0.000447 0.263584 -0.319416 0.191404 -0.050151 -0.071252
0.101055 0.291005 -0.000248 -0.000032 0.278604 0.029480 -0.306310 -0.206305 -0.000096 -0.044790 -0.000001 -0.000075 0.000185 0.000004 -0.034825 0.343039 0.091777 0.492849 0.000062 0.000107 0.000143 -0.130536 -0.057222 0.535100 0.173179 0.000996 0.000090 0.000201 0.000160 0.043730 -0.000017 -0.103472 -0.000133 0.160474 -0.084956 -0.000173 0.314622 0.266676 -0.000041 0.000058 -0.179016 -0.140072 0.425563 -0.000008 0.011228 0.192482 -0.000780 -0.325593 0.046758
0.389623 0.005779 -0.000036 -0.000042 0.186557 -0.078797 -0.218600 -0.264502 -0.000033 0.284641 0.000169 -0.000036 0.000073 -0.000055 0.527460 0.068965 -0.175362 0.360474 0.000152 -0.000096 -0.000094 -0.382833 -0.213061 0.287238 -0.120094 0.000530 -0.000006 -0.000014 0.000174 0.154881 -0.000034 -0.131779 -0.000304 0.079837 -0.193966 -0.000047 0.000300 -0.133686 0.000093 -0.000253 0.052574 0.072077 -0.186744 0.000131 -0.448466 -0.129430 0.399083 0.078644 0.039027
-0.233084 0.012633 -0.000085 0.000084 0.107702 0.711981 0.085646 -0.459582 0.000055 0.609599 0.000109 0.000112 0.000201 -0.000155 0.179927 0.435642 0.055370 -0.142716 -0.000143 0.000051 -0.000114 0.359031 0.240610 0.179765 -0.153079 0.000615 -0.000167 -0.000186 0.000049 -0.188480 -0.000143 -0.195732 0.000110 0.037339 -0.052318 -0.000100 0.022109 -0.297832 -0.000062 0.000040 -0.052827 0.257236 -0.625823 0.000048 0.071693 0.338653 0.135228 0.219737 -0.035768
0.030265 -0.239539 -0.000173 0.000014 0.130642 0.096488 0.278192 -0.286158 -0.000041 0.345693 0.000091 0.000168 -0.000233 -0.000114 0.029782 -0.010338 -0.119571 -0.558006 -0.000027 -0.000183 -0.000012 -0.328878 0.002418 0.055512 0.153572 0.000553 0.000031 -0.000097 -0.000016 -0.380150 -0.000007 0.012356 0.000456 0.111312 0.102116 0.000052 -0.228118 0.201010 0.000060 -0.000255 -0.026923 -0.197832 -0.659532 -0.000198 0.130085 0.408058 -0.389806 0.165183 -0.094254
-0.231662 0.080754 0.000353 -0.000076 0.043530 0.163295 0.427604 -0.688891 -0.000093 -0.009977 -0.000220 0.000036 -0.000065 0.000165 -0.135202 -0.088672 0.129734 -0.280287 -0.000013 0.000461 0.000130 -0.025600 -0.178692 0.234428 0.144908 0.000728 0.000124 -0.000003 -0.000031 0.208301 0.000078 -0.314986 0.000044 0.096749 0.407785 -0.000000 0.212242 0.200206 -0.000053 -0.000065 -0.081535 -0.046492 -0.071552 0.000145 0.087276 0.065152 0.322408 0.006635 0.079142
-0.599041 0.049643 0.000151 0.000099 0.033772 -0.001108 -0.023589 -0.906179 -0.000045 0.026652 0.000163 0.000100 -0.000027 0.000144 -0.018664 -0.017058 -0.207806 0.340179 0.000129 -0.000042 0.000001 0.037159 0.080161 -0.010176 -0.105766 0.000245 0.000012 -0.000086 0.000108 0.313805 0.000116 -0.719976 0.000326 0.099444 -0.238869 0.000033 -0.046697 -0.302454 0.000074 -0.000095 0.104916 0.284551 -0.373832 0.000093 0.190632 -0.158032 0.200562 -0.248339 0.060658
0.224958 0.235520 0.000254 -0.000075 -0.280568 0.303679 -0.368068 -0.191670 0.000306 0.040143 -0.000040 -0.000121 -0.000080 0.000293 0.116775 0.483555 -0.198491 0.378330 0.000149 0.000045 -0.000071 0.148841 -0.348197 0.106372 -0.278164 0.000685 -0.000002 0.000046 0.000118 0.271212 0.000042 -0.050088 -0.000131 -0.000412 0.035106 0.000038 -0.287991 0.587493 0.000136 0.000095 0.395843 0.158552 0.348012 -0.000009 -0.444919 -0.404094 0.012337 0.052830 0.402799
0.111527 -0.084804 -0.000014 -0.000259 -0.023118 0.024371 -0.274230 -0.065530 0.000043 0.201614 0.000133 -0.000072 0.000150 0.000023 0.107588 0.370237 -0.334447 -0.486038 -0.000018 -0.000134 0.000028 0.051929 0.007605 0.497912 -0.240133 0.000841 0.000028 0.000028 -0.000107 -0.469913 -0.000128 -0.069956 -0.000207 0.089874 -0.261417 -0.000022 -0.435180 0.092667 0.000029 -0.000098 0.177012 -0.256832 0.280761 0.000055 0.334011 0.383586 -0.033903 -0.222645 0.488193
0.478115 -0.010147 -0.000002 0.000067 0.115352 0.157266 -0.120588 -0.474624 0.000045 -0.186147 0.000045 -0.000149 -0.000161 0.000143 0.005571 0.360092 -0.039113 -0.246349 0.000116 0.000043 0.000306 0.044769 0.069476 0.816781 0.101464 0.000462 -0.000048 0.000092 0.000143 -0.231342 -0.000048 -0.098573 0.000093 0.211566 0.064937 0.000004 -0.361206 -0.266542 -0.000251 -0.000270 -0.081475 -0.140838 0.294676 0.000006 0.050504 0.289179 -0.268946 -0.122466 -0.120593
-0.259225 0.008227 0.000057 0.000052 -0.615941 0.036389 0.009172 -0.002889 0.000085 0.179839 0.000006 0.000033 -0.000332 0.000323 -0.146432 0.212792 -0.029471 -0.549401 0.000085 0.000046 0.000096 0.332592 0.250003 0.288016 -0.058569 0.000643 0.000038 0.000130 -0.000381 -0.035200 0.000044 -0.406434 0.000089 0.233790 -0.239362 0.000065 -0.181477 0.668946 -0.000062 -0.000193 0.155025 -0.449982 -0.089445 0.000114 -0.149483 0.012805 0.116048 0.268519 -0.035688
-0.100020 -0.038774 0.000345 -0.000044 -0.132418 -0.185761 -0.395264 0.098962 -0.000029 -0.014831 0.000010 -0.000090 0.000120 -0.000063 0.089795 0.308908 0.052965 0.159470 -0.000294 -0.000245 0.000002 -0.281605 0.178753 0.175129 0.399350 0.000632 -0.000086 -0.000200 -0.000179 -0.097616 -0.000018 -0.032650 -0.000225 0.226009 0.219591 -0.000023 -0.036511 -0.032564 0.000057 0.000048 0.145496 -0.337852 -0.505252 -0.000040 0.287630 0.128799 0.194570 0.460819 0.060484
-0.003521 -0.485944 -0.000136 -0.000208 -0.282727 -0.143713 0.091333 -0.192217 -0.000137 0.123683 -0.000110 -0.000142 -0.000181 0.000070 0.105790 0.410506 -0.223048 0.247241 0.000009 0.000056 -0.000047 -0.349090 0.450637 -0.499058 0.097058 0.000969 0.000043 0.000172 -0.000077 0.035353 0.000183 -0.920323 -0.000129 0.343813 -0.077013 -0.000102 0.067557 0.011205 -0.000192 -0.000065 -0.189727 -0.324362 -0.005448 -0.000296 -0.059509 0.423733 -0.449807 0.478289 -0.507364
-0.151971 -0.680451 -0.000025 -0.000058 -0.016791 -0.219381 -0.181261 -0.092322 -0.000139 -0.057242 0.000284 -0.000019 0.000012 0.000215 -0.155810 0.170051 -0.120151 0.394827 -0.000166 -0.000035 -0.000070 0.341340 -0.085375 -0.259898 -0.264802 0.000461 -0.000087 0.000175 -0.000448 0.340187 0.000073 -0.533749 -0.000195 0.273190 -0.100753 0.000052 0.289553 -0.105325 0.000149 0.000086 -0.351473 0.685833 0.316046 0.000073 0.195229 0.297586 -0.012731 -0.018836 -0.087407
-0.001504 -0.320687 0.000134 -0.000042 0.393328 0.130634 0.212743 0.008639 -0.000101 -0.043026 0.000034 -0.000135 -0.000077 0.000269 -0.153012 0.277510 -0.526161 0.429079 0.000018 0.000012 -0.000035 0.408689 0.033905 -0.277732 -0.339292 0.000068 -0.000061 0.000062 -0.000000 -0.055068 -0.000110 -0.232554 -0.000106 0.263869 -0.048385 0.000172 0.245903 0.044027 -0.000096 -0.000091 0.148245 0.695604 -0.225378 -0.000003 0.108376 0.366340 0.329788 0.071552 0.043211
-0.013762 -0.272030 -0.000053 -0.000029 0.279703 0.133288 0.074880 -0.171921 0.000153 0.570105 0.000039 -0.000007 0.000220 0.000199 -0.188502 0.007536 -0.284099 0.439122 -0.000355 0.000046 0.000104 -0.028305 0.022070 0.174796 -0.697827 0.000776 0.000081 -0.000025 0.000002 -0.309688 0.000035 -0.356222 0.000088 0.088953 -0.154266 -0.000122 0.187018 0.225302 0.000060 0.000018 0.470972 0.133516 0.139277 -0.000170 0.006189 0.125576 -0.054727 -0.122899 0.105270
0.066646 0.133972 -0.000006 -0.000056 0.250125 0.136295 0.082360 0.027478 -0.000044 0.040753 -0.000140 0.000020 0.000204 0.000056 0.001498 -0.070166 0.204159 -0.208289 -0.000102 0.000168 0.000220 -0.221390 -0.219774 0.424582 -0.053635 0.000570 -0.000018 0.000002 -0.000041 0.438571 -0.000109 -0.691015 0.000102 0.234523 -0.559910 0.000044 -0.088108 -0.132143 -0.000058 -0.000256 0.053860 -0.471768 -0.002985 0.000149 -0.125741 -0.136326 0.020814 -0.088554 0.141010
0.301829 0.355785 0.000066 -0.000056 0.434163 -0.258220 0.391591 -0.314887 0.000003 -0.265923 -0.000055 -0.000085 0.000055 0.000178 0.173313 -0.180765 -0.122241 -0.075017 0.000128 -0.000145 0.000073 -0.201577 -0.250071 -0.199003 0.153727 0.000913 0.000069 0.000004 -0.000058 -0.156888 -0.000019 0.095134 -0.000107 0.158611 -0.034999 0.000016 0.390529 0.251330 0.000376 0.000056 -0.131476 0.337228 0.157450 -0.000060 -0.623457 0.147446 0.033193 0.004708 0.198333
0.041685 -0.611958 -0.000012 -0.000154 -0.012733 0.415373 0.433531 -0.006081 -0.000047 0.037656 0.000113 0.000096 0.000156 -0.000114 0.281409 0.263396 0.084464 -0.389549 0.000059 0.000062 -0.000258 -0.227605 0.329480 0.637205 0.072561 0.000642 0.000429 -0.000178 0.000013 0.020613 -0.000104 -0.366245 -0.000018 0.017650 0.258496 0.000037 -0.241976 0.010859 -0.000013 -0.000098 0.375444 0.536461 -0.182995 -0.000025 0.269672 -0.307686 -0.159513 -0.559028 0.245036
-0.028756 -0.162180 0.000265 -0.000008 0.196500 -0.043508 -0.074341 -0.004814 0.000136 0.056002 -0.000020 0.000290 0.000202 0.000185 0.444620 0.268934 0.178266 -0.110185 0.000176 -0.000085 -0.000138 -0.430279 0.397017 0.485218 0.093404 0.000496 -0.000047 -0.000096 0.000017 0.195135 -0.000105 0.021062 0.000196 0.099579 0.141126 -0.000097 0.136987 0.010315 0.000024 0.000043 -0.411756 0.020798 -0.418395 0.000220 0.174591 0.279212 0.027452 -0.038280 -0.755820
0.110761 0.024798 -0.000015 0.000047 -0.051535 0.108735 0.180198 -0.155922 -0.000082 -0.410858 0.000119 -0.000255 0.000077 -0.000012 0.006643 -0.796502 0.285853 0.089101 -0.000031 0.000005 -0.000221 -0.117597 -0.084265 0.227164 0.619067 -0.000078 0.000100 -0.000099 0.000033 0.089568 0.000003 0.177057 -0.000206 0.139113 0.159379 -0.000070 -0.132353 -0.609549 -0.000105 0.000028 -0.163023 -0.107347 -0.323449 -0.000058 -0.344589 0.046599 0.061004 0.002208 -0.801107
-0.021504 -0.577624 -0.000120 -0.000209 -0.455325 0.070565 0.204406 -0.146963 0.000200 -0.262097 -0.000028 -0.000062 0.000132 0.000366 0.007156 -0.095125 0.098742 0.188120 -0.000152 -0.000041 -0.000010 0.278757 -0.235298 -0.218984 0.203537 0.000486 0.000029 -0.000002 -0.000170 0.073838 0.000112 -0.006942 -0.000134 0.037586 0.025791 0.000001 0.147872 0.107196 0.000230 0.000385 -0.300955 0.137842 -0.253741 0.000072 -0.538942 0.343430 -0.117186 0.444625 0.214481
0.016364 0.061807 -0.000037 0.000084 -0.178683 -0.299852 0.119323 0.488063 0.000046 0.120308 -0.000061 0.000065 -0.000189 -0.000065 -0.355132 -0.428302 -0.112214 0.128031 -0.000059 0.000076 0.000481 0.383205 -0.373246 0.231818 -0.749521 0.000166 0.000115 0.000133 -0.000060 0.303163 0.000053 0.275198 0.000326 0.041497 -0.359371 0.000013 -0.658727 -0.213460 0.000058 -0.000132 0.158025 -0.078911 -0.038194 -0.000232 -0.205754 0.462393 -0.149760 0.092062 0.322776
-0.227318 0.214783 0.000017 -0.000034 -0.093143 -0.021901 -0.100733 -0.285313 -0.000031 -0.168454 0.000005 0.000097 -0.000054 0.000235 -0.295146 0.087142 0.167623 0.140264 0.000102 0.000098 0.000077 0.106859 -0.066905 0.185638 -0.120034 0.000259 -0.000099 -0.000118 -0.000054 -0.192259 -0.000005 0.322360 -0.000990 0.074489 -0.047924 0.000039 0.642412 -0.166433 -0.000041 0.000041 0.048098 -0.053229 -0.052641 -0.000030 -0.091858 -0.071172 -0.628587 -0.127783 -0.083659
0.173068 -0.336181 0.000225 -0.000098 -0.062375 -0.151310 0.489526 0.066832 0.000004 0.208144 -0.000059 0.000032 -0.000071 -0.000210 -0.151978 0.171928 0.415826 -0.048050 0.000071 -0.000041 -0.000037 -0.041812 -0.233687 0.258000 -0.057697 0.000703 -0.000080 -0.000145 0.000186 -0.346227 -0.000048 0.141965 -0.001050 0.141097 -0.037258 0.000018 -0.391374 -0.204062 -0.000088 0.000078 0.430051 0.036052 -0.612199 0.000155 0.501862 -0.156534 -0.076602 -0.385886 0.355760
0.200272 -0.314160 0.000049 0.000047 0.133849 -0.667683 0.099286 -0.191612 0.000235 -0.103963 -0.000113 -0.000017 -0.000089 0.000109 0.004616 -0.062027 0.004242 -0.073795 0.000114 -0.000104 -0.000119 0.099199 0.079562 0.390533 0.046888 0.000582 0.000119 -0.000219 0.000119 -0.289608 -0.000178 0.290874 0.000349 0.052377 0.023886 0.000010 -0.235784 -0.393323 -0.000022 -0.000157 -0.032536 0.185474 -0.196342 -0.000443 0.057965 0.075627 0.150342 -0.125700 0.033534
-0.288172 -0.261256 -0.000075 -0.000085 0.008541 -0.205139 0.101004 -0.296039 -0.000148 0.107317 -0.000171 -0.000180 0.000029 -0.000030 -0.012127 -0.698708 0.352685 -0.422663 0.000044 0.000088 0.000122 -0.153219 0.167611 -0.000014 0.288961 0.000736 -0.000064 0.000055 0.000218 -0.510251 -0.000153 -0.052037 0.000738 0.090252 -0.285164 -0.000027 0.158451 0.008792 -0.000057 0.000228 0.196261 -0.001682 -0.095421 -0.000124 -0.290087 -0.435931 -0.267894 -0.118927 0.299893
