0.005441
-0.001316
-0.000843
0.007839
-0.016220
-0.015794
-0.001347
0.000205
-0.015799
0.016620
-0.001899
-0.000516
-0.012861
-0.002180
-0.000113
-0.046792
0.002922
0.030312
-0.000837
-0.003562
-0.000159
-0.009172
-0.035914
-0.010164
-0.003094
0.002845
-0.000328
0.017014
-0.014775
-0.009414
-0.009595
-0.032150
0.004405
-0.013087
0.004931
-0.002802
-0.003371
-0.044666
-0.001412
-0.007002
0.032594
0.000345
-0.001848
-0.000829
-0.031479
0.002312
-0.001190
-0.000126
-0.017960
-0.004762
-0.001523
-0.000111
0.014882
0.002691
0.005155
0.018697
-0.004655
-0.031299
0.016611
0.000073
-0.001289
0.016392
-0.031503
0.034086
0.003349
-0.002424
0.005953
-0.002281
0.017825
0.000040
0.000016
-0.002084
-0.043803
-0.000426
-0.002654
-0.000759
-0.013791
0.008857
0.026046
-0.000110
0.008855
-0.011429
-0.000329
-0.000199
-0.000472
-0.000626
-0.011355
-0.000530
-0.015850
-0.001669
-0.000095
0.007851
-0.000572
-0.000423
-0.001713
0.007554
-0.003481
0.016818
-0.046397
-0.054191
-0.006576
-0.008005
-0.000933
0.002035
0.006777
