0.016370
-0.000869
-0.002743
-0.001843
-0.001782
-0.004400
-0.015255
-0.002004
0.013757
-0.000275
-0.000183
-0.006046
0.013389
-0.004429
0.021740
-0.000388
-0.002407
-0.000621
-0.001480
-0.004385
0.010906
0.000282
0.002090
-0.000466
0.035011
0.020641
0.000781
-0.000249
0.038174
-0.002718
-0.000103
-0.000202
-0.025610
-0.025483
0.019149
-0.000091
-0.000615
0.033377
-0.050931
-0.000056
-0.000076
0.011644
-0.000502
-0.010321
0.030169
-0.009938
-0.018113
0.017805
-0.007153
-0.008260
0.001866
0.002568
0.021948
0.023103
-0.002280
-0.000039
-0.017313
-0.025528
-0.003051
-0.000262
-0.000777
-0.000571
-0.000232
-0.001299
-0.001238
0.007160
-0.015585
0.016896
-0.003236
0.017255
-0.000533
-0.000230
0.024806
-0.062577
-0.000204
-0.000067
0.020342
-0.000309
-0.000867
0.020450
0.018551
0.047733
-0.000303
0.035330
-0.001865
0.018790
-0.003942
-0.002900
-0.000294
0.030369
0.000142
-0.004296
-0.002771
-0.001855
-0.000328
-0.000492
-0.000167
-0.047971
0.015025
0.002029
-0.000882
-0.003084
-0.043037
-0.002579
0.017378
0.001514
-0.000444
-0.012412
