0.015563
-0.005278
0.004880
3.161693
-0.013703
-0.023894
0.016394
0.037132
-0.001818
-0.014304
-2.456952
0.000066
5.356195
-2.665622
0.042289
0.000611
0.021335
-0.009648
0.011174
0.000520
0.003389
-2.206027
-0.022544
0.009519
0.000918
0.006575
0.029741
4.372730
5.876030
-0.000163
-0.002870
0.002167
0.001495
-0.002177
0.017858
-0.004871
0.029772
4.436936
-0.000796
3.857909
0.009120
0.042797
0.001653
-0.000056
-0.000123
0.000464
-0.003840
0.011992
-0.014123
3.825545
-1.173897
-0.022868
0.006403
-0.035510
0.022551
0.013512
5.514423
-1.774779
-0.042947
0.010757
-2.579206
0.000640
-0.030213
-0.007263
-0.020951
0.035649
0.001020
0.003324
-0.035493
-0.023953
-0.013095
0.000093
-0.017854
0.015060
-0.000151
-0.002757
-0.012019
0.016469
0.040375
0.003527
-2.987714
-0.006287
0.026263
0.008308
-0.003287
-2.928187
-3.763248
