-0.002082
0.212278
-0.388501
-0.004815
-0.713201
-0.472107
-0.006379
-0.005462
0.005678
-0.000430
-0.002611
-0.010843
-0.009414
-0.000746
0.000715
0.228304
-0.223477
-0.343996
-1.628810
-0.000431
-0.001325
-0.166916
-0.023240
-0.001558
-0.409537
-0.001886
-0.352664
-0.006997
-0.001308
-0.370562
-0.004655
-0.001379
-0.003906
0.027963
-0.001447
0.009017
-0.011589
-0.000952
-0.022981
-0.012148
0.000795
0.000191
-0.007270
-0.007100
-0.016183
0.080568
-0.001661
-0.696970
-0.000994
-0.002897
-0.122234
-0.002613
-0.001343
-0.001420
-0.000362
-0.011058
-0.090734
-0.258186
-0.012249
-0.003749
-0.001130
0.779115
-0.225873
-0.000404
-0.182222
-0.002207
-0.013390
-0.005650
-1.048704
-0.003150
-0.738772
-0.002572
-0.001279
-0.000914
-0.012806
-0.014956
-0.902178
-0.180652
-0.000135
-0.000965
-0.001678
-0.001738
-0.003569
-0.288001
-0.235619
-0.002687
-0.203000
-0.005329
-0.162226
-0.001324
-0.000127
-0.211129
-0.001648
-0.425874
-0.021242
-0.144975
-0.021875
-0.007968
-0.039841
0.001809
-0.003549
