0.000858
-0.001730
-0.002700
0.003403
0.074386
-0.001863
-0.001390
-0.001204
-0.000151
-0.002861
-0.006194
-0.006294
-0.000841
0.254561
-0.000572
-0.001639
-0.000874
-0.191435
-0.010030
-0.004215
-0.000683
0.001524
-0.406472
0.221556
0.187637
0.171191
0.147619
-0.000056
-0.002188
-0.000987
0.195567
-0.001780
-0.000927
0.000807
-0.250125
-0.000883
0.332934
0.006379
-0.000540
0.024495
-0.163045
-0.001087
0.267985
0.186247
-0.004691
0.114526
-0.005540
-0.276809
-0.001217
-0.002895
0.000819
-0.153490
-0.011811
0.216875
-0.038109
0.013167
-0.001122
-0.001038
-0.002807
-0.282840
0.187716
0.001004
-0.276472
-0.000064
-0.001283
0.319827
-0.006084
-0.479748
0.232447
-0.071886
-0.226188
-0.000153
-0.264675
-0.003934
-0.147429
-0.135941
-0.075442
-0.024308
-0.020075
0.226723
-0.465283
-0.343510
-0.001717
-0.003909
-0.185974
-0.000799
-0.114371
0.003167
-0.001271
-0.186856
-0.000929
0.308739
-0.248776
0.002512
-0.269414
-0.299681
0.279617
-0.118901
0.243630
0.099815
-0.000180
-0.003236
0.001379
-0.231947
0.225914
0.000801
-0.001836
-0.000021
0.003709
-0.001498
0.002585
0.000806
-0.003812
-0.003570
-0.004634
0.021732
-0.000462
-0.443268
-0.002486
-0.173047
-0.207613
-0.001655
-0.356739
0.000276
0.002760
-0.004884
-0.001023
0.003532
-0.000419
-0.003814
-0.000458
-0.013462
-0.415954
0.162837
0.005052
0.214472
0.193356
-0.000538
0.000602
-0.001215
-0.141988
-0.234785
0.360607
0.291263
