0.034750
-0.030950
0.058776
-0.058961
-0.001563
-0.011455
-0.014748
0.019763
0.054593
-0.001799
0.035414
-0.002742
-0.000453
0.012036
-0.018913
-0.000711
0.063979
-0.000254
-0.000769
-0.000202
-0.000061
-0.002478
-0.019770
0.046488
-0.000488
-0.022308
-0.000358
-0.000561
-0.000632
0.059018
-0.041879
-0.000786
-0.045186
0.000192
-0.054363
-0.031239
-0.000621
0.055675
0.064042
-0.000511
0.036253
-0.000589
0.014938
-0.002606
-0.006788
-0.048578
-0.002586
-0.000476
-0.001062
-0.000268
-0.026088
0.014039
0.003325
-0.000827
-0.001510
-0.078492
0.038804
-0.002671
-0.001035
-0.000088
0.057965
0.037944
-0.004399
-0.000357
-0.036126
0.055859
-0.014878
-0.004853
0.001094
-0.022049
-0.009361
0.000107
-0.054445
-0.000004
0.000163
0.000152
0.052193
-0.000137
0.074702
-0.000138
0.049973
-0.005853
-0.003999
-0.003872
-0.005700
-0.000896
-0.000386
