0.004960 0.000084 0.036889 -0.751421 -0.063607 0.409641 -0.000021 0.001856 0.000149 -0.261348 -0.000134 -0.101938 -0.176329 -0.005215 0.000068 -0.699189 -0.108267 -0.344038 0.000001 0.039914 0.074311 -0.000089 -0.114605 -0.000026 0.209806 -0.012544
0.043753 -0.000015 -0.182649 -0.371221 -0.294789 0.267653 0.000020 -0.090407 0.000065 -0.325091 -0.000133 0.040654 -0.312254 -0.001645 -0.000018 -0.326390 -0.167968 -0.004010 0.000036 -0.143801 0.010168 -0.000016 0.053094 -0.000071 0.214328 0.116035
-0.001040 0.000048 0.138213 -0.133893 -0.161472 -0.023234 0.000066 -0.250875 0.000065 0.563011 0.000021 -0.086308 -0.301109 -0.001747 0.000057 -0.192710 -0.346118 0.400579 0.000062 0.320838 -0.129900 -0.000045 0.294310 -0.000009 0.125806 0.069481
0.102222 -0.000022 0.107140 -0.021037 0.178781 0.290603 -0.000066 -0.343705 0.000088 0.162879 -0.000018 -0.046687 -0.221009 0.000458 0.000081 -0.065790 -0.123956 -0.284833 -0.000031 0.423441 -0.037710 -0.000044 0.242071 -0.000009 -0.334840 0.129675
0.150162 -0.000059 0.237386 0.360024 0.255422 0.164563 0.000002 0.011044 -0.000119 0.012377 0.000002 -0.290720 0.254159 0.000267 -0.000169 -0.254425 -0.109800 -0.292306 -0.000036 -0.090904 0.087765 0.000073 -0.172846 0.000016 -0.243982 0.566907
0.158428 -0.000105 0.020598 -0.026833 0.037194 0.166366 0.000018 -0.230040 -0.000022 -0.489023 0.000017 0.061841 -0.346083 -0.000738 -0.000022 -0.299712 -0.077357 -0.051190 0.000058 -0.381690 -0.036111 -0.000041 -0.114797 0.000023 0.088210 0.276471
0.043363 -0.000021 -0.290036 0.142120 -0.022823 -0.038500 0.000030 -0.052855 -0.000062 -0.106118 0.000019 0.128159 -0.378193 -0.003674 0.000021 -0.140336 -0.245944 0.541569 0.000048 0.007736 -0.119634 0.000030 0.274433 0.000019 -0.103437 0.000431
0.087626 0.000027 -0.080214 0.126843 -0.140068 0.513148 -0.000036 0.035386 0.000062 -0.159011 -0.000004 0.315577 -0.052910 -0.003042 0.000056 -0.094366 -0.133440 0.148354 0.000034 -0.275819 -0.018092 -0.000025 0.471771 0.000011 -0.274362 -0.251992
0.095328 -0.000039 -0.083111 0.289832 0.022941 0.298290 -0.000092 -0.104172 -0.000062 0.156429 0.000072 0.345635 -0.067673 -0.005303 0.000048 -0.080699 0.208707 0.058663 0.000034 -0.142219 0.061247 -0.000018 0.028452 0.000026 0.008797 -0.079231
0.143479 -0.000050 -0.341094 0.211029 -0.063037 0.418961 -0.000015 -0.082272 -0.000073 0.272615 -0.000045 -0.241189 0.363396 -0.006377 -0.000045 0.297190 0.537503 0.157523 0.000019 0.137810 0.269439 -0.000023 -0.475731 -0.000000 -0.446182 -0.017447
0.123054 0.000068 -0.082697 0.230721 0.074181 0.137921 0.000004 0.100875 -0.000090 -0.127573 0.000018 -0.244142 0.446497 -0.006066 -0.000007 0.229925 0.345573 -0.028447 0.000040 0.322176 -0.153167 0.000002 -0.530618 0.000018 -0.224850 -0.054130
-0.000265 -0.000059 0.230749 -0.211321 0.219184 0.321794 0.000065 0.073875 -0.000027 -0.223269 0.000015 -0.307993 0.241677 -0.009619 0.000045 -0.043897 0.340464 0.059655 -0.000015 0.528187 -0.140113 -0.000033 0.023714 -0.000034 -0.143222 -0.026468
0.000582 -0.000033 0.218091 -0.162420 -0.113746 0.413229 0.000034 0.329200 -0.000126 -0.265559 -0.000019 0.101664 0.074045 -0.012697 0.000017 -0.120055 0.166636 0.069472 -0.000044 0.386513 -0.198989 -0.000019 -0.062952 0.000033 -0.219298 -0.023154
-0.005648 -0.000076 0.354064 -0.089572 0.098322 0.320522 0.000057 -0.088368 0.000132 0.145082 -0.000003 -0.187326 -0.488703 -0.013493 -0.000014 -0.229367 0.018902 -0.343189 0.000049 0.166368 -0.058194 -0.000055 0.441206 0.000016 0.307454 -0.013104
0.044211 0.000020 -0.283483 0.012483 0.069646 0.361655 0.000028 0.133751 -0.000073 -0.186150 0.000030 0.096525 -0.247996 -0.010471 0.000025 -0.033456 -0.334106 0.224097 0.000097 -0.042669 0.071922 0.000022 0.523944 -0.000007 0.091237 -0.265980
0.127478 -0.000085 -0.318461 0.238625 0.098768 0.332812 0.000007 -0.065614 -0.000031 -0.005532 -0.000031 0.059735 0.136857 -0.011910 0.000040 -0.031154 -0.331920 0.159067 -0.000078 0.237862 0.200772 -0.000041 0.008951 0.000022 0.265690 0.029594
0.087878 0.000022 0.072458 0.208599 -0.140497 0.197500 0.000020 -0.477409 -0.000052 -0.391430 -0.000014 0.200150 0.237279 -0.008529 -0.000009 -0.263096 0.057649 0.083814 -0.000015 -0.017764 0.483649 -0.000105 -0.417326 -0.000007 0.295719 0.007069
0.129070 -0.000042 0.111869 0.009578 -0.242584 0.209444 -0.000017 -0.198734 0.000037 -0.045714 -0.000032 -0.324617 -0.073743 -0.005884 -0.000001 -0.062003 -0.183058 -0.094951 -0.000022 0.037044 -0.106265 0.000053 -0.338984 -0.000022 0.033295 -0.491872
0.002974 0.000065 -0.352401 0.008033 -0.352995 0.249713 -0.000008 0.129446 0.000032 0.329293 -0.000076 -0.146737 -0.097518 -0.005400 -0.000071 0.069286 0.130528 0.101619 0.000025 -0.022179 0.052315 0.000044 0.248929 0.000008 0.041741 0.154693
0.101636 -0.000039 0.131423 -0.032246 -0.069313 0.019661 0.000018 -0.044451 0.000042 0.180571 0.000048 -0.044136 0.250379 -0.004271 -0.000075 0.061756 0.092831 -0.127647 -0.000015 0.097732 -0.086350 0.000016 -0.229547 0.000009 -0.212352 0.395380
0.188598 -0.000096 -0.041904 0.078250 0.016242 0.091084 -0.000014 0.215985 -0.000118 -0.337805 0.000015 -0.184624 0.182493 -0.004347 -0.000002 0.173731 -0.093085 -0.114285 -0.000004 0.294796 0.193121 -0.000013 -0.184166 0.000003 -0.232145 -0.307409
0.073718 0.000034 0.272311 0.272451 -0.379001 0.047195 -0.000009 -0.074538 -0.000012 0.160528 -0.000002 -0.290874 0.183989 -0.010492 0.000006 -0.010549 0.071352 0.011133 -0.000060 0.182277 -0.077818 0.000022 0.149604 -0.000064 -0.273805 -0.082660
0.008228 0.000071 -0.235088 0.117890 -0.480503 -0.095579 0.000106 0.323304 0.000115 -0.141717 0.000012 0.021496 -0.035049 -0.010913 -0.000042 0.218676 -0.020717 0.096900 -0.000012 -0.183953 -0.484975 0.000027 0.241739 0.000001 -0.267832 0.347239
0.000514 -0.000040 0.070478 0.203835 -0.307604 0.378645 0.000047 0.411152 -0.000000 0.121758 -0.000028 0.080565 0.017058 -0.016935 -0.000025 -0.017124 -0.018590 0.338341 -0.000069 -0.334615 -0.588911 0.000091 0.168934 0.000042 -0.126698 0.048109
-0.005765 0.000021 0.432160 0.235041 0.035074 0.547807 -0.000034 -0.089007 0.000006 0.208211 -0.000083 0.004542 -0.077441 -0.016474 -0.000005 0.295656 0.422434 -0.175155 -0.000051 -0.486659 -0.386448 0.000076 0.153006 0.000004 0.097886 0.073730
-0.004379 0.000045 0.068217 0.089988 -0.130341 -0.034736 -0.000002 -0.167858 0.000084 -0.018034 0.000029 -0.465863 -0.160600 -0.012539 0.000051 0.003907 -0.018122 0.277629 -0.000081 -0.124807 -0.319144 -0.000036 0.339641 -0.000081 -0.048344 0.011975
0.006047 -0.000090 -0.229138 -0.219312 0.091669 0.131260 0.000034 0.104124 0.000060 0.186466 -0.000079 0.401337 -0.238599 -0.009816 -0.000019 -0.016860 -0.267011 0.499291 -0.000018 -0.362511 0.140007 -0.000039 0.069957 0.000018 0.265062 -0.160784
0.024498 0.000077 -0.437121 0.009229 0.230598 0.120723 0.000025 -0.236787 -0.000043 0.086391 0.000033 -0.169070 0.193703 -0.008347 -0.000045 0.146142 0.005990 0.037528 -0.000029 0.351619 0.017725 -0.000039 0.102684 -0.000019 -0.012845 -0.241042
0.197645 -0.000022 -0.155881 -0.073585 0.061023 0.368295 0.000044 -0.087193 0.000026 0.192943 -0.000056 -0.425284 0.032420 -0.006937 -0.000041 0.247855 -0.216048 -0.283323 -0.000087 -0.057075 -0.009058 -0.000021 -0.019334 0.000013 0.004937 -0.652905
0.091555 -0.000032 -0.275198 0.177807 -0.416786 -0.054539 0.000036 0.354436 0.000028 0.102113 0.000032 0.101522 -0.004592 -0.007523 -0.000038 -0.187465 -0.211780 -0.162140 0.000065 0.446008 -0.202629 -0.000046 -0.009291 0.000021 0.066562 0.008202
0.081262 -0.000040 -0.166667 -0.140595 -0.401734 0.460684 0.000032 0.074127 0.000032 0.192300 -0.000017 0.196911 -0.120293 -0.001103 0.000053 0.141888 0.500568 0.034920 -0.000049 0.315115 -0.016403 0.000013 -0.090418 -0.000020 -0.194451 -0.077961
0.106943 -0.000001 -0.060555 -0.064285 0.007410 0.283597 -0.000023 0.096411 -0.000064 -0.401477 -0.000027 0.429886 -0.053024 -0.002468 -0.000043 -0.009901 0.000653 -0.079994 -0.000002 -0.043422 0.338120 -0.000076 0.383601 0.000014 -0.130776 0.140657
0.058904 -0.000035 -0.315846 -0.072165 -0.063313 0.403843 -0.000025 0.174817 0.000076 -0.088833 0.000030 0.181126 0.269674 -0.007464 -0.000002 0.027019 0.410400 0.105889 0.000034 0.037746 0.339840 0.000017 -0.393458 -0.000018 0.085283 0.060286
0.053818 -0.000020 -0.400462 0.206771 -0.262113 0.160998 -0.000038 -0.004606 0.000060 -0.175521 0.000032 -0.340099 0.098638 -0.009243 -0.000027 0.156245 -0.087610 -0.162397 0.000007 -0.312534 0.223445 -0.000012 0.106764 0.000007 0.017055 0.301221
0.021130 0.000030 -0.066905 0.281088 -0.064903 -0.121135 0.000021 -0.215357 0.000001 -0.096509 -0.000059 -0.069526 -0.402402 -0.011337 -0.000060 0.303069 -0.018893 0.012858 0.000020 -0.207026 -0.028022 -0.000040 0.001993 0.000001 -0.223574 0.096305
-0.055829 -0.000016 -0.226722 -0.106575 -0.245330 0.162629 -0.000035 -0.393316 -0.000051 0.441544 -0.000016 -0.002807 0.072215 -0.010474 0.000026 0.265763 -0.016771 0.199862 0.000004 -0.076437 -0.039423 -0.000100 0.497265 -0.000015 -0.137800 -0.038479
0.011679 -0.000001 -0.178273 -0.098864 -0.378032 0.400414 0.000028 -0.031182 -0.000022 0.508016 0.000053 -0.151814 0.254173 -0.009582 0.000002 0.518379 0.014915 0.127366 -0.000024 -0.059211 0.277837 -0.000041 -0.068702 -0.000030 -0.331772 0.161382
0.075890 -0.000022 0.455386 0.103022 -0.314093 0.450205 0.000052 -0.102497 -0.000022 0.198435 0.000013 -0.235480 -0.041256 -0.005929 -0.000011 0.242066 0.083162 -0.310254 0.000042 0.047244 0.063272 0.000040 -0.058559 -0.000048 -0.205516 0.144913
0.046933 0.000077 -0.011239 0.293755 -0.144272 0.330840 0.000034 -0.269375 -0.000022 -0.127527 0.000026 -0.080121 0.294283 -0.003403 0.000064 -0.039136 -0.051949 -0.049821 -0.000028 0.421499 -0.084818 0.000100 -0.330364 0.000010 -0.269007 0.277863
0.082736 0.000068 0.162680 0.276311 0.196443 0.138327 0.000033 -0.455620 0.000056 -0.309785 -0.000044 -0.001207 -0.001842 -0.003583 -0.000005 0.267138 0.010466 -0.273801 0.000006 -0.085720 -0.115954 0.000034 0.296429 0.000002 0.237564 -0.221453
0.023666 0.000001 -0.036072 -0.221657 0.066436 -0.423295 0.000051 -0.032517 0.000145 -0.457191 0.000124 0.072270 0.186997 -0.002223 0.000003 -0.015105 -0.154667 0.515280 0.000108 0.304301 0.101614 0.000053 0.353054 -0.000025 -0.016126 -0.061799
0.015715 0.000055 -0.146265 -0.278146 -0.170228 0.072743 -0.000063 0.032991 -0.000029 -0.508397 0.000114 0.120786 0.098197 -0.001244 -0.000013 0.004028 0.158058 0.087242 -0.000031 -0.097327 -0.121725 0.000054 -0.091266 -0.000019 -0.143893 -0.246220
0.008124 -0.000051 -0.066961 -0.021116 0.051533 0.062620 0.000003 0.060094 0.000049 0.015912 -0.000056 0.360534 0.003247 -0.004657 0.000021 0.046948 0.123810 -0.031131 0.000025 -0.112589 -0.164618 -0.000060 0.028663 0.000011 0.253795 -0.070452
0.004782 0.000058 -0.002453 -0.306529 0.181863 0.314693 0.000100 0.121288 -0.000103 0.011623 -0.000092 0.073547 -0.110806 -0.003497 -0.000032 0.218722 -0.152307 -0.000545 -0.000031 -0.195574 -0.124488 0.000019 0.281562 -0.000019 0.310439 -0.124295
0.019516 -0.000034 0.212960 0.215430 0.005562 -0.019301 0.000018 -0.050481 0.000008 -0.083694 0.000019 0.140309 0.119950 -0.006903 -0.000028 0.040432 -0.208186 -0.231784 -0.000013 -0.056906 -0.154274 -0.000038 -0.210563 -0.000002 0.096865 -0.042083
0.027479 0.000038 0.304585 0.222345 0.031893 -0.194792 -0.000096 0.110628 -0.000089 0.092757 -0.000043 0.115684 0.013345 -0.010780 0.000019 0.253928 -0.266297 0.158412 -0.000045 0.234495 -0.506258 0.000030 -0.303604 0.000011 -0.013698 -0.021735
0.030290 -0.000021 0.263979 0.112375 -0.113051 -0.187101 -0.000007 -0.129045 0.000109 -0.012762 -0.000002 -0.033093 0.030754 -0.011056 -0.000016 0.329727 0.029348 -0.266759 -0.000039 0.394560 -0.234826 0.000022 0.308050 -0.000011 -0.148481 0.027483
0.047848 -0.000037 0.060513 -0.106253 0.161302 0.214921 -0.000009 0.016554 -0.000093 0.314692 -0.000035 0.073661 0.364074 -0.006552 -0.000034 0.206294 -0.103585 0.122436 0.000023 0.144276 -0.006837 0.000058 -0.044170 0.000004 -0.027874 -0.097303
0.147179 -0.000036 -0.121099 0.004086 0.138750 0.163108 0.000013 -0.468380 0.000083 0.417717 -0.000054 -0.472734 0.111065 -0.006550 0.000059 0.284013 -0.231736 -0.398011 -0.000003 0.160697 0.220853 -0.000061 -0.278419 0.000017 0.183649 -0.009498
0.162421 0.000023 -0.358974 0.576843 0.279428 0.206962 -0.000002 -0.734416 0.000069 0.477062 0.000042 -0.115254 -0.178865 -0.008907 -0.000017 -0.191812 0.140493 0.066385 0.000138 0.130917 -0.202141 0.000035 -0.298866 0.000030 0.054540 0.276111
0.297074 -0.000026 0.002160 -0.192092 0.204806 0.151583 0.000032 -0.164285 -0.000146 0.118929 -0.000027 -0.093102 -0.515235 -0.006784 -0.000082 0.000854 -0.029619 0.090716 0.000009 -0.274650 -0.326829 -0.000016 -0.303392 -0.000023 0.209322 0.114114
0.234068 0.000001 -0.308574 0.036301 0.173703 -0.126754 0.000032 -0.142228 0.000060 -0.125164 0.000035 -0.404611 -0.184019 -0.008700 -0.000009 0.399776 0.102940 -0.130700 -0.000030 -0.499483 -0.099792 0.000005 -0.162469 -0.000018 0.182094 0.234926
0.142243 -0.000039 0.201699 0.136277 0.216263 -0.238703 -0.000032 -0.396045 -0.000092 -0.105925 0.000031 0.002755 -0.161445 -0.006821 0.000029 0.083956 0.013387 0.399808 0.000014 -0.382142 -0.196274 -0.000021 0.135355 -0.000007 0.211725 -0.139371
0.170536 -0.000014 -0.292513 0.270377 -0.121926 -0.033107 0.000002 0.121745 0.000062 -0.004723 0.000017 0.230171 -0.155436 -0.006324 -0.000004 -0.060769 -0.257726 0.460884 -0.000005 -0.039980 0.090594 -0.000015 -0.310329 -0.000015 0.052429 -0.055481
0.132025 0.000017 -0.486874 -0.262621 0.029696 0.218906 -0.000027 0.117400 0.000040 -0.009302 -0.000066 0.103513 0.118053 -0.006359 0.000033 -0.038078 -0.182469 0.166289 0.000052 -0.074358 0.135146 -0.000020 -0.141447 -0.000018 -0.015617 -0.093031
0.020048 0.000045 -0.169186 -0.347693 0.160584 -0.194374 -0.000023 -0.166207 0.000104 0.499883 -0.000023 -0.180861 0.195635 -0.004706 0.000104 -0.135872 0.027817 -0.161805 0.000034 -0.118711 0.115703 0.000105 0.208163 0.000008 -0.602832 0.231711
-0.051776 0.000039 0.017807 -0.085789 0.051022 0.138603 0.000030 -0.406321 -0.000117 0.494121 -0.000034 -0.209790 0.298416 -0.005006 -0.000030 0.044143 -0.433763 -0.203234 -0.000010 -0.011562 0.138213 -0.000005 0.083202 -0.000032 -0.199393 0.014252
-0.080941 -0.000061 0.239281 0.300429 0.254015 0.013507 0.000023 -0.578721 0.000143 0.037951 0.000119 0.137627 0.073197 -0.007534 -0.000016 0.192146 -0.269233 -0.011199 -0.000006 0.173744 0.130433 -0.000053 0.029938 0.000040 0.044310 -0.167365
-0.084909 -0.000090 0.044664 0.258208 0.171318 0.214984 0.000005 -0.111465 -0.000080 -0.179355 0.000016 0.409521 -0.068633 -0.005518 -0.000123 0.372414 -0.794409 -0.038665 -0.000005 -0.016781 -0.215865 -0.000042 0.214602 0.000002 0.202840 0.031047
-0.126434 0.000023 -0.049965 0.011932 0.248297 0.092698 0.000018 0.077808 -0.000167 -0.064444 -0.000023 0.393200 -0.050925 -0.006916 0.000077 -0.010454 0.072613 -0.222193 -0.000011 -0.120782 -0.145291 0.000019 0.105209 0.000010 0.502871 -0.009162
-0.105284 -0.000050 0.059950 -0.114234 0.149465 -0.070755 0.000053 0.183316 0.000072 0.053371 0.000139 0.116145 -0.038865 -0.006048 0.000064 0.075897 0.124922 -0.340085 -0.000027 -0.363697 -0.210707 0.000071 -0.176238 -0.000013 0.261530 0.190917
-0.084658 -0.000020 -0.176271 -0.207435 0.004791 -0.135530 0.000049 -0.095737 -0.000007 -0.058182 -0.000028 -0.303082 0.165638 -0.009638 -0.000017 0.341056 0.446099 -0.079191 0.000010 0.000243 -0.008885 0.000001 -0.112316 0.000029 -0.076852 0.112410
-0.063267 -0.000007 -0.111773 0.045866 0.081828 -0.140740 -0.000017 -0.019288 0.000027 0.041554 0.000014 0.123065 0.178370 -0.009193 0.000036 0.739191 0.270990 -0.253795 0.000003 -0.153282 -0.306292 0.000021 -0.039912 -0.000009 0.089076 0.353315
-0.045709 0.000011 0.144045 -0.002222 0.020731 -0.124204 0.000020 0.045276 -0.000092 0.280775 -0.000064 0.006846 -0.076085 -0.010393 0.000018 0.610324 0.457958 0.037181 0.000017 -0.036212 -0.216313 -0.000045 -0.239889 -0.000024 0.012168 -0.327382
-0.066562 0.000030 -0.144451 0.101707 -0.157460 -0.223359 -0.000017 0.135667 -0.000052 0.174485 0.000031 -0.277107 -0.399233 -0.005255 0.000068 0.033572 0.112071 0.466279 0.000019 0.277352 0.354378 -0.000040 0.253279 -0.000073 0.364867 -0.261064
0.120166 -0.000020 -0.125769 0.155679 -0.221060 0.139657 -0.000034 -0.205936 0.000040 -0.043465 -0.000014 -0.158228 -0.164497 -0.005920 -0.000000 0.232645 -0.006419 0.011444 -0.000113 -0.017509 0.114309 0.000019 -0.181472 -0.000039 -0.235268 -0.042400
0.109481 -0.000074 -0.327165 -0.089156 0.074106 -0.008464 0.000051 -0.303643 -0.000384 0.116107 0.000038 -0.163696 -0.059619 -0.000840 0.000066 0.431827 0.234843 -0.131880 -0.000024 0.082602 0.019119 0.000030 -0.177596 -0.000003 -0.069323 -0.123080
0.043550 0.000036 -0.008345 0.126191 0.427129 -0.122109 -0.000038 0.091470 0.000034 0.178569 -0.000017 0.447743 0.349932 -0.002075 -0.000021 0.258763 0.202210 -0.166762 0.000058 -0.054970 -0.067532 -0.000012 -0.020078 -0.000010 -0.331807 0.147743
-0.007212 -0.000024 0.084824 -0.240091 0.299382 0.078569 0.000017 -0.180641 0.000026 -0.083246 0.000027 -0.224471 0.208647 -0.001466 -0.000008 0.151655 0.608525 -0.051987 -0.000064 -0.032398 0.075351 -0.000022 -0.013246 0.000008 0.167995 0.200853
-0.032061 0.000009 0.053452 -0.598279 0.390356 -0.300401 -0.000039 -0.029799 -0.000025 -0.058570 -0.000002 0.458002 0.144703 -0.000135 -0.000018 -0.019831 0.305478 0.246358 -0.000042 -0.276741 0.276450 -0.000035 0.218532 -0.000024 0.164975 0.298011
-0.053599 -0.000006 0.084019 -0.078478 0.180620 -0.116465 -0.000006 -0.134915 -0.000085 0.028297 0.000031 0.025798 -0.221750 -0.001894 0.000043 0.079969 -0.148839 0.252817 0.000013 -0.009549 0.417623 0.000032 -0.169606 -0.000022 -0.180261 -0.157064
-0.092951 0.000015 -0.158710 -0.692426 0.015712 -0.060104 0.000003 -0.728700 0.000017 -0.337030 -0.000044 0.466298 0.086887 -0.001917 0.000074 0.004642 -0.090955 0.127070 0.000021 0.027305 0.315595 0.000007 0.001149 0.000021 0.009494 -0.184075
0.032567 -0.000063 -0.052807 -0.724272 0.005775 0.234452 0.000015 -0.561808 -0.000029 -0.091285 -0.000044 0.141718 0.003586 -0.000551 -0.000016 0.042069 0.165568 0.211349 -0.000009 -0.344955 -0.034422 0.000023 -0.387046 0.000019 -0.030275 -0.454182
0.071847 0.000049 -0.132864 0.037071 0.310747 -0.240798 0.000013 -0.269464 -0.000029 -0.018282 0.000020 0.088709 0.115180 -0.000270 -0.000024 -0.128853 -0.019000 0.428684 -0.000010 -0.208659 -0.143596 0.000021 0.014681 0.000011 -0.146416 -0.222551
0.026290 0.000003 0.093115 0.540325 -0.268585 -0.077054 -0.000031 -0.085801 -0.000004 0.043692 0.000013 -0.449737 -0.047060 0.000001 0.000030 -0.037113 -0.117835 0.120789 0.000038 0.166009 0.094223 0.000069 -0.493669 0.000004 0.216478 -0.004141
0.037279 0.000008 -0.183320 0.292065 -0.009235 -0.061701 -0.000012 -0.087097 0.000053 -0.051433 -0.000064 -0.052599 -0.225936 0.000042 -0.000112 0.524359 -0.518357 -0.000573 -0.000070 0.146537 -0.087714 -0.000001 -0.163692 0.000012 0.525117 -0.294884
-0.019899 -0.000033 0.059497 0.148139 0.038416 -0.018384 0.000075 -0.156869 0.000058 0.050047 -0.000032 0.272429 -0.171146 -0.000128 -0.000018 0.251523 -0.381647 0.032317 0.000027 -0.405895 0.217234 0.000023 0.323848 -0.000025 0.397071 -0.145449
0.014298 -0.000065 0.055937 0.028117 0.130584 -0.347741 0.000016 -0.008028 0.000030 -0.009512 0.000033 0.310207 -0.033323 0.000469 -0.000003 0.257909 -0.161601 -0.427509 0.000024 0.160144 0.404301 0.000020 0.279339 0.000015 -0.107487 0.264246
-0.021897 0.000017 0.028304 -0.208993 -0.125115 -0.357750 -0.000007 0.437697 0.000047 0.257331 0.000007 0.449227 -0.202217 0.000367 0.000004 0.070578 0.268592 -0.106609 -0.000032 0.080480 0.152170 0.000030 -0.316770 0.000009 0.120638 -0.184281
-0.079410 0.000073 -0.127470 -0.145034 -0.135282 0.170138 -0.000031 -0.074317 0.000068 0.276512 0.000031 0.231662 0.340920 0.000502 -0.000003 0.280493 0.399592 0.063703 -0.000008 -0.008488 0.016219 0.000042 -0.198644 0.000008 0.321076 -0.243691
0.031132 0.000040 0.034330 -0.137435 -0.080257 0.354713 0.000016 0.140503 -0.000037 -0.077381 0.000003 -0.111971 0.172137 -0.000137 -0.000009 0.283609 0.153464 -0.060556 0.000027 0.178748 -0.018880 -0.000015 -0.440473 -0.000003 0.003684 -0.179503
-0.010939 -0.000024 0.222048 0.294111 0.049685 0.032509 0.000029 -0.155152 0.000031 -0.136571 -0.000023 -0.328253 -0.175046 -0.000868 0.000006 0.121970 -0.000318 0.213279 0.000005 0.178527 -0.245380 -0.000031 0.198472 0.000024 -0.117564 0.150672
-0.006375 -0.000005 0.456362 0.289372 0.185769 -0.319630 0.000031 0.002834 -0.000006 0.028909 0.000035 0.005177 0.264749 -0.000240 0.000054 0.119132 -0.004810 0.455872 -0.000135 -0.017762 -0.133154 -0.000003 -0.060721 -0.000009 -0.609988 0.092045
0.010378 0.000063 -0.021985 -0.048133 0.146602 -0.161569 0.000031 0.375557 -0.000025 0.080004 0.000039 0.201149 0.459848 -0.000182 -0.000077 -0.046130 -0.174785 0.214606 -0.000027 -0.033486 -0.049977 0.000011 -0.468617 0.000030 -0.393224 0.347712
-0.003665 0.000001 -0.291586 -0.233519 0.193700 -0.014571 -0.000012 0.218208 -0.000102 -0.323157 0.000008 -0.165239 0.096234 0.000062 0.000035 -0.024805 -0.185302 0.072500 -0.000013 0.034260 -0.038653 -0.000010 0.154152 0.000012 -0.236599 -0.185955
0.000428 0.000006 -0.242867 0.235904 0.154903 -0.058173 -0.000031 -0.146571 0.000117 -0.397630 -0.000037 0.147973 0.477468 0.000112 -0.000002 0.160178 -0.181582 -0.338556 0.000016 -0.074671 -0.174059 -0.000014 0.347490 0.000007 -0.127028 0.278139
-0.008905 -0.000110 -0.004293 -0.193867 0.133837 -0.109116 -0.000005 -0.149809 0.000027 0.264044 -0.000025 -0.043590 -0.383785 0.000178 -0.000107 -0.086651 -0.432208 0.066047 -0.000044 -0.585968 -0.203625 0.000019 0.345825 0.000001 0.037253 -0.065953
-0.002628 0.000064 0.044693 0.013901 0.060979 -0.471848 0.000014 0.028580 0.000085 -0.148761 0.000068 -0.052412 -0.075313 0.000181 -0.000032 -0.375347 -0.151566 0.027280 0.000001 0.084851 -0.196993 -0.000007 -0.036442 -0.000020 0.166390 -0.336559
-0.083041 -0.000048 -0.064725 -0.080384 0.177671 -0.323337 0.000011 0.132355 -0.000080 0.260671 0.000020 0.287873 0.065156 0.000300 0.000015 -0.058650 -0.079456 -0.272214 -0.000038 0.310808 -0.191425 -0.000032 -0.139824 -0.000009 -0.233870 0.035951
-0.053378 -0.000005 -0.486003 -0.396731 -0.047913 -0.214736 -0.000063 -0.146143 0.000043 -0.243280 0.000037 -0.112957 -0.381173 -0.000864 0.000028 0.017081 0.144469 -0.097693 -0.000029 -0.001296 0.285497 -0.000027 -0.488377 -0.000005 0.056570 0.143932
-0.062717 -0.000085 -0.225817 0.154528 0.451591 -0.244641 0.000016 -0.314844 -0.000031 -0.270869 -0.000023 0.183951 -0.180589 -0.001252 0.000008 0.102496 -0.265667 0.047568 -0.000024 -0.168823 0.324288 -0.000086 0.014989 -0.000010 -0.272379 0.185887
0.005155 -0.000023 -0.076612 0.454123 -0.000807 0.072525 0.000019 -0.209451 -0.000041 -0.027409 0.000002 0.103218 0.045593 -0.003232 -0.000082 -0.091149 -0.283558 -0.067958 -0.000045 -0.008886 0.084964 0.000071 0.049378 0.000007 0.064884 -0.032261
-0.033717 -0.000055 0.576741 0.344393 0.140323 -0.297777 -0.000062 0.129717 -0.000021 -0.101366 0.000042 -0.833167 -0.255977 -0.003177 -0.000045 -0.395509 -0.224410 0.191912 0.000023 -0.004371 0.225697 -0.000041 0.250408 0.000037 0.319454 -0.366537
0.086475 -0.000007 0.335434 -0.145568 0.021041 0.041154 0.000032 0.039231 0.000172 0.454511 -0.000004 -0.416199 0.111826 -0.005161 0.000074 0.006153 -0.034848 0.248667 0.000012 0.108047 0.156848 0.000058 -0.005451 0.000012 0.048869 -0.447290
0.158343 -0.000031 0.098650 -0.348925 0.080898 -0.171578 -0.000002 -0.026922 0.000131 0.084709 -0.000077 -0.306564 0.065095 -0.007900 -0.000052 -0.221272 0.265216 0.305668 0.000035 -0.020145 0.050041 -0.000010 0.192772 -0.000032 -0.147814 -0.073648
0.163122 -0.000074 -0.068570 -0.523795 0.124703 0.167268 -0.000033 0.046331 -0.000026 0.343328 0.000022 -0.056544 0.097994 -0.012533 -0.000029 0.182389 0.282756 0.127902 0.000049 0.301953 -0.204404 0.000009 0.304512 0.000014 -0.105961 0.112135
0.257274 0.000006 0.161878 -0.108807 0.381238 0.202312 -0.000058 0.093979 0.000112 -0.048048 0.000030 -0.200764 -0.197701 -0.012479 -0.000030 0.339408 0.277064 -0.443809 0.000016 -0.138498 -0.016282 -0.000076 0.427365 -0.000009 -0.010895 -0.316678
0.084759 -0.000002 -0.042522 0.066301 0.190248 -0.265907 -0.000016 -0.152185 0.000106 -0.343310 0.000012 0.201960 0.310220 -0.010328 0.000108 -0.170276 0.112310 -0.203229 -0.000057 -0.165178 -0.228260 -0.000003 0.098314 -0.000013 0.511394 -0.236542
0.182006 0.000035 -0.188919 -0.113177 -0.126404 -0.043089 -0.000059 -0.012012 0.000175 -0.283114 -0.000019 0.160370 0.053486 -0.010543 0.000031 0.032606 -0.230656 0.202395 -0.000038 -0.135203 0.002964 0.000046 -0.961514 0.000021 -0.001503 -0.447907
0.078527 -0.000042 0.063744 0.124373 -0.018491 -0.482674 0.000061 -0.122979 -0.000089 0.109689 0.000032 0.169440 0.107555 -0.008638 0.000017 0.125962 0.091106 0.107818 0.000018 -0.067380 -0.158870 -0.000008 -0.203792 -0.000002 -0.160491 0.181705
-0.000310 0.000006 -0.075165 0.026350 -0.196407 -0.044202 -0.000005 0.200539 0.000024 -0.195139 -0.000003 -0.068584 -0.118083 -0.006338 0.000009 0.233037 -0.063121 0.084931 -0.000029 0.154467 -0.361095 0.000064 -0.326575 -0.000050 0.510456 -0.089384
0.025502 -0.000040 0.039345 0.516807 0.029088 -0.178754 0.000024 0.118341 0.000199 0.402769 -0.000036 0.007102 0.019948 -0.006006 0.000007 0.163581 0.202306 -0.195188 -0.000010 0.220549 -0.404412 0.000029 -0.299496 -0.000022 0.239361 0.012059
0.002880 -0.000036 0.126876 0.144917 0.198584 0.175253 0.000019 0.355906 -0.000094 0.025152 -0.000008 -0.364288 -0.169523 -0.004535 -0.000020 0.508210 -0.292181 -0.079640 -0.000106 -0.357126 -0.479591 0.000019 0.240864 -0.000008 -0.022406 0.097698
-0.059637 -0.000003 -0.106646 0.096619 0.072592 -0.032052 -0.000050 0.480356 -0.000005 0.126216 -0.000036 0.238107 0.219676 -0.002438 -0.000054 -0.115353 -0.169667 0.417874 -0.000013 -0.170879 -0.391462 -0.000024 0.213581 0.000034 -0.263073 -0.009815
-0.017592 -0.000020 -0.262052 -0.471074 0.037125 0.000902 -0.000065 0.070397 -0.000040 -0.306225 -0.000015 0.292879 -0.130849 -0.001238 0.000003 -0.095822 -0.114570 -0.046613 -0.000012 0.098126 -0.142457 -0.000061 0.526286 -0.000032 -0.077082 0.089809
-0.029817 -0.000099 -0.018464 0.064713 0.018414 -0.036175 0.000024 0.107100 0.000066 -0.024501 -0.000013 0.013394 -0.349407 -0.001651 -0.000044 0.066450 0.170300 -0.488453 0.000003 0.017559 0.224761 -0.000005 0.214602 0.000001 0.183776 0.284761
-0.034350 -0.000031 0.011398 -0.214725 0.088970 0.384114 -0.000016 -0.000709 0.000040 -0.026883 -0.000013 -0.072478 -0.299752 -0.001532 -0.000073 0.066566 0.245383 -0.447567 0.000066 0.415081 -0.029193 0.000028 -0.053616 -0.000025 0.360813 -0.081750
0.000535 -0.000088 -0.028930 0.121678 0.196272 0.212167 0.000015 0.112236 0.000032 -0.274760 -0.000069 0.170687 -0.286912 -0.000425 -0.000138 -0.075538 0.164231 0.308527 -0.000029 0.419501 -0.044528 -0.000153 -0.504581 -0.000010 0.019783 -0.379951
-0.007969 -0.000033 0.036354 0.312659 0.219812 -0.290037 0.000045 0.129520 -0.000006 -0.151292 0.000024 0.066057 -0.073320 -0.000121 -0.000061 0.044535 -0.083727 0.157436 0.000015 -0.064048 -0.086356 0.000074 -0.019153 -0.000007 -0.024575 0.053140
-0.003524 -0.000016 0.175729 0.114158 0.010678 -0.361102 0.000012 0.181854 -0.000043 -0.338286 -0.000077 0.205375 -0.030428 -0.001297 0.000011 0.072061 -0.064181 0.263372 -0.000081 0.005101 0.199567 -0.000013 -0.055698 -0.000035 0.132969 -0.293617
0.006804 -0.000016 -0.121051 -0.147750 -0.020211 0.274145 -0.000003 0.041442 -0.000054 -0.143958 -0.000046 0.216464 -0.222821 -0.003090 0.000050 0.114482 -0.066804 0.063559 -0.000078 -0.108140 0.119470 -0.000077 0.137447 0.000006 0.281380 -0.426402
-0.028241 -0.000020 0.070491 0.032847 -0.160752 0.092185 -0.000007 -0.037027 0.000002 0.250220 -0.000030 -0.051030 0.311170 -0.001513 -0.000002 0.042906 -0.084557 0.289288 -0.000026 -0.257875 0.043094 -0.000019 0.129879 -0.000011 0.083080 0.023778
0.040131 0.000006 -0.287586 -0.160709 0.210657 0.332751 0.000100 0.032670 -0.000002 0.356434 -0.000082 0.356985 0.652026 -0.003838 -0.000034 0.292479 0.041022 -0.120448 0.000009 -0.581426 0.209106 -0.000020 -0.002978 0.000016 -0.288490 0.549412
0.005751 0.000001 -0.021008 -0.011803 0.410052 -0.143909 -0.000038 0.012339 -0.000034 0.088762 -0.000014 -0.222366 0.608417 -0.002811 0.000067 0.023069 0.128314 -0.371138 -0.000019 0.177242 0.404985 -0.000047 -0.131288 0.000013 -0.308857 0.302821
0.016808 0.000022 0.128161 -0.091591 0.078177 0.022135 0.000043 -0.004875 0.000030 -0.206244 -0.000070 0.267323 0.429058 -0.004041 -0.000112 -0.080525 0.308485 -0.252706 0.000061 0.130525 0.579341 0.000006 0.034137 -0.000031 -0.001540 0.429574
-0.087249 0.000014 0.181288 -0.353654 -0.040502 -0.241718 -0.000148 0.115997 0.000034 -0.067790 -0.000089 0.205197 -0.071822 -0.004739 0.000004 -0.004034 0.210595 0.068224 0.000020 0.373422 0.100874 -0.000037 0.253582 0.000017 -0.373301 0.177128
-0.054250 -0.000051 0.263559 -0.177031 0.183162 -0.018979 0.000011 0.147546 -0.000012 0.326104 -0.000060 0.078111 -0.333139 -0.006156 0.000048 0.307579 0.350069 0.067608 -0.000072 0.608061 0.135906 0.000060 0.046884 0.000029 -0.172758 0.066739
-0.056439 0.000089 0.001123 0.093304 0.001088 0.069120 -0.000012 0.268392 -0.000107 0.249973 -0.000021 0.325657 -0.044868 -0.009684 0.000018 0.284705 -0.011235 -0.071351 -0.000038 -0.070967 0.044204 -0.000029 -0.432319 -0.000009 0.160922 0.319845
0.030741 0.000008 -0.231862 0.604461 -0.023300 0.246781 0.000031 0.170603 0.000089 0.278629 0.000022 0.178399 -0.065181 -0.010853 0.000018 0.006935 0.131599 -0.060199 -0.000009 -0.157104 0.380994 0.000013 -0.402936 -0.000017 0.387050 -0.006195
0.148201 -0.000023 -0.126660 0.266669 -0.176938 -0.001185 -0.000015 0.142469 0.000092 -0.234319 -0.000085 0.157041 -0.272120 -0.005582 0.000033 0.202278 0.194798 -0.108850 -0.000025 -0.343442 0.221339 -0.000022 0.079378 0.000026 0.052739 -0.061968
0.094616 0.000004 -0.315564 0.441243 -0.082521 -0.233462 -0.000017 0.134736 -0.000033 -0.184998 0.000057 0.183129 -0.071416 -0.005413 0.000049 -0.247669 -0.282959 -0.558897 -0.000045 -0.289471 -0.203010 -0.000018 0.493204 -0.000015 0.097194 -0.020959
0.176351 -0.000081 -0.167801 0.025353 -0.037121 -0.252637 0.000016 0.306065 -0.000207 0.146331 -0.000051 -0.489769 -0.099938 -0.000374 -0.000045 -0.165575 -0.191979 -0.289417 0.000096 -0.161519 0.110224 0.000007 0.350417 -0.000014 0.033532 -0.541899
0.053364 0.000016 -0.272532 0.163029 -0.222882 -0.394340 0.000032 -0.038418 0.000038 -0.368180 -0.000019 0.031293 -0.557101 0.000484 0.000008 -0.241960 0.460977 -0.373681 0.000018 0.036831 0.045352 -0.000028 0.339095 0.000013 0.209474 -0.302290
0.124317 -0.000020 -0.229222 -0.665883 0.000579 0.091265 -0.000061 0.280301 0.000004 0.060803 -0.000133 -0.043008 -0.434685 -0.000014 -0.000017 0.131557 0.119575 -0.093099 -0.000145 -0.274087 0.163501 -0.000141 -0.084044 -0.000025 -0.296778 -0.070860
0.019767 -0.000020 -0.428961 0.133835 -0.253562 -0.221814 0.000033 0.291803 -0.000017 -0.002630 0.000028 -0.035224 -0.018844 -0.000154 -0.000036 -0.061038 0.086549 0.489031 0.000028 0.277290 -0.237534 0.000004 0.198708 0.000001 -0.245405 0.111684
0.048775 0.000008 -0.581122 -0.137595 -0.134403 0.238013 0.000016 0.228824 0.000035 0.144743 -0.000015 -0.407269 -0.205475 -0.001259 -0.000038 -0.001431 -0.039950 0.443773 0.000002 0.197531 -0.137345 -0.000016 -0.150815 0.000032 -0.042064 -0.305138
0.148286 -0.000026 0.201025 -0.182059 -0.206525 0.558712 -0.000026 0.365902 -0.000071 0.588843 -0.000006 -0.428899 0.152049 0.000318 -0.000036 0.036771 -0.191799 0.284856 -0.000015 0.040520 -0.044829 -0.000043 0.103159 -0.000010 -0.594447 -0.156745
0.072662 -0.000001 0.174540 -0.059624 -0.370796 -0.275298 -0.000033 -0.012926 0.000036 0.374700 -0.000017 0.055327 0.046786 -0.000162 0.000013 -0.349446 -0.284794 0.004715 -0.000038 0.015675 0.013246 0.000036 -0.009846 0.000019 -0.016138 -0.008235
0.133160 0.000070 -0.401198 -0.077172 -0.166828 -0.001324 0.000007 -0.079370 -0.000056 -0.452263 -0.000062 0.109449 -0.111918 -0.001175 -0.000057 -0.204622 0.047654 -0.657500 -0.000014 -0.144501 0.016192 -0.000005 -0.019154 0.000000 0.126472 -0.229889
0.020053 0.000030 -0.265587 -0.286232 0.295383 -0.332260 -0.000002 0.243435 -0.000043 -0.335025 -0.000071 0.110976 -0.092518 -0.004877 -0.000029 -0.389099 0.106590 -0.065318 -0.000065 -0.429113 0.146565 0.000057 0.207022 0.000038 0.104803 0.137033
-0.023582 0.000050 -0.513084 -0.236034 0.455836 -0.110292 -0.000018 0.025377 0.000067 -0.389601 -0.000020 0.028324 -0.152766 -0.005633 0.000022 -0.054405 0.098133 -0.162103 -0.000009 -0.037916 0.102570 -0.000034 0.314082 0.000003 0.132116 0.301864
-0.076266 -0.000002 0.260187 0.145885 0.283911 0.146695 -0.000014 -0.283386 -0.000062 -0.314442 0.000058 -0.109416 -0.215411 -0.007551 -0.000019 -0.315097 0.046838 -0.063509 0.000055 -0.401634 0.113675 -0.000029 0.059645 -0.000021 0.368582 0.114437
-0.131243 0.000029 0.159157 -0.161292 0.087691 0.134856 0.000008 -0.185724 0.000066 -0.126121 0.000018 -0.097505 -0.164132 -0.008536 0.000017 -0.227106 0.319528 0.264518 -0.000112 0.091710 0.002734 0.000081 -0.009681 -0.000004 0.110215 -0.118007
-0.111761 -0.000031 -0.156902 -0.002603 0.240024 0.160703 -0.000017 0.335247 -0.000127 -0.000943 -0.000046 -0.335340 -0.346823 -0.006808 -0.000017 0.006300 0.362866 0.178941 -0.000023 0.165229 -0.263584 -0.000056 -0.312321 0.000001 -0.162195 0.265983
-0.230897 -0.000057 -0.089298 -0.147916 -0.000931 -0.278858 -0.000012 0.358941 0.000026 0.153667 0.000038 -0.422742 -0.161025 -0.007988 -0.000033 -0.350276 0.261048 -0.267341 -0.000021 0.203700 -0.045639 -0.000003 -0.267064 -0.000029 -0.128610 0.360018
-0.209345 0.000082 0.414732 0.167331 -0.273074 -0.157254 0.000016 0.049508 -0.000064 0.018279 0.000005 -0.303132 0.151636 -0.006769 0.000024 -0.143271 0.027549 -0.064230 0.000012 0.195131 0.006890 -0.000035 -0.297014 0.000037 -0.317257 0.250232
-0.167275 0.000015 0.130180 0.189886 -0.296753 -0.124399 0.000033 0.110497 0.000127 -0.267932 -0.000031 0.182185 0.050106 -0.007919 -0.000017 0.234821 -0.133975 0.087106 -0.000006 -0.309891 0.502127 -0.000062 -0.338888 -0.000024 0.203654 -0.139245
-0.120687 0.000055 -0.180471 0.619442 -0.068982 -0.086528 -0.000118 0.212659 -0.000015 -0.217154 0.000033 0.357867 0.382904 -0.004846 0.000019 -0.047316 -0.292984 0.069370 0.000049 -0.096045 0.176421 -0.000019 -0.026887 0.000027 0.123041 0.280335
0.012453 -0.000016 -0.192553 -0.066057 0.161365 -0.008986 0.000012 0.495909 -0.000079 -0.295358 0.000104 0.070152 0.389069 0.000215 -0.000019 -0.176718 -0.053567 -0.365842 -0.000009 -0.600338 0.254706 0.000033 -0.004966 0.000011 0.079163 0.164667
0.002811 0.000047 0.172181 0.261460 0.120201 -0.307275 0.000034 0.279823 -0.000039 -0.050305 0.000002 0.095019 0.451721 0.000496 -0.000036 -0.468188 0.038268 -0.280429 0.000026 -0.355694 0.191729 0.000041 -0.051394 0.000005 0.340294 -0.270635
0.000166 -0.000017 -0.043611 -0.271994 0.270020 0.093674 0.000059 0.113619 0.000079 -0.081984 -0.000017 0.041883 0.260050 -0.000161 -0.000007 -0.110934 0.158458 -0.014453 0.000049 -0.200109 -0.053389 0.000060 0.596762 -0.000012 -0.043048 -0.021958
0.028181 -0.000061 0.200660 -0.556615 0.206185 0.129445 -0.000032 0.404406 0.000044 0.060414 0.000007 0.285069 0.124415 -0.000254 0.000053 -0.064341 -0.160611 0.028384 0.000005 -0.303580 0.082129 0.000023 0.238982 0.000018 -0.103017 -0.046536
0.066047 -0.000075 0.100975 -0.342480 -0.007188 -0.290146 -0.000031 0.292646 -0.000033 0.396401 0.000008 -0.165231 -0.017788 -0.000082 -0.000048 -0.081875 0.111806 -0.207290 0.000021 0.420403 0.170489 -0.000079 -0.350612 -0.000037 0.310361 0.071708
0.030239 -0.000009 -0.167873 -0.401807 0.077314 -0.474933 0.000016 0.155966 0.000078 0.195511 0.000019 -0.253356 0.072499 0.000072 0.000019 0.232539 -0.082950 0.236881 0.000111 0.338589 -0.127506 0.000015 -0.115700 0.000013 -0.012381 0.034111
0.212127 0.000025 0.000399 -0.243068 0.205743 0.171833 0.000009 0.349539 0.000034 -0.010599 -0.000089 0.026267 0.029480 0.000001 0.000011 0.191892 -0.059499 -0.229583 0.000058 -0.111912 -0.236902 0.000032 -0.209081 -0.000007 -0.182185 0.211812
-0.003431 -0.000080 -0.188316 0.636089 0.211735 -0.515771 -0.000018 -0.173083 -0.000112 0.153116 0.000001 0.066775 -0.129132 -0.000006 -0.000026 -0.222283 0.065886 -0.195167 -0.000053 0.112101 -0.325973 0.000025 -0.000232 0.000012 0.166383 0.156247
0.037320 0.000008 -0.106963 0.183079 0.334636 0.015915 0.000044 0.599479 -0.000102 0.170934 0.000015 -0.078657 0.113684 0.000021 0.000045 -0.165582 -0.262524 -0.725816 -0.000017 -0.357744 -0.318062 0.000049 0.042345 0.000030 0.086154 -0.091683
-0.082973 -0.000064 -0.149341 -0.232220 -0.052835 -0.051899 -0.000031 0.413427 0.000101 -0.082698 0.000044 -0.080615 0.253485 0.000586 0.000051 -0.423702 -0.170210 -0.298450 0.000064 0.065888 -0.610361 -0.000080 -0.046372 0.000003 -0.044191 0.010280
-0.081282 -0.000031 -0.086392 -0.248552 -0.037140 0.059763 -0.000018 0.055441 0.000017 -0.160653 0.000032 -0.152132 0.250854 -0.002811 -0.000015 0.019368 0.039487 -0.165678 0.000021 0.158204 -0.099159 -0.000028 -0.018635 -0.000019 -0.135880 -0.043707
-0.137668 -0.000013 0.161158 -0.345175 -0.261009 0.146883 0.000036 0.334303 0.000127 0.033967 0.000002 -0.187934 0.060645 -0.006599 -0.000060 -0.196588 0.266371 -0.012269 -0.000058 0.134314 0.335519 0.000017 -0.094034 -0.000008 0.198331 -0.314925
-0.126295 -0.000058 0.181877 0.479440 -0.214049 0.063683 0.000028 0.410973 -0.000050 -0.445243 0.000018 -0.207099 -0.057796 -0.006702 -0.000107 -0.258764 0.270749 -0.037403 0.000006 0.598314 0.081866 -0.000018 0.017605 -0.000005 0.111171 -0.159143
-0.129044 0.000032 0.110736 0.337438 -0.159546 0.282424 -0.000036 0.049034 0.000006 -0.407087 -0.000136 0.156129 0.064030 -0.003808 0.000027 -0.091677 -0.302292 -0.025050 -0.000000 0.280265 -0.241532 0.000040 -0.207593 0.000047 0.066513 0.076687
-0.233565 0.000042 0.080056 0.127536 0.116439 0.233971 0.000013 -0.101232 0.000060 0.016138 0.000012 0.015992 0.097618 -0.001498 0.000035 -0.265400 0.132674 0.062307 0.000014 -0.016563 -0.171189 -0.000051 -0.063402 0.000014 0.074840 0.218538
-0.214988 -0.000038 0.057959 0.287384 0.484039 0.358476 0.000064 0.068089 -0.000089 -0.213319 0.000022 -0.031267 -0.761103 -0.003826 -0.000007 -0.177572 -0.287961 0.108635 0.000014 -0.419702 0.017643 0.000009 0.148384 -0.000009 0.338798 -0.052406
-0.192283 -0.000035 0.011244 0.213078 0.031009 0.152994 0.000022 -0.014213 -0.000059 0.008390 0.000034 -0.038782 0.013880 -0.005389 0.000017 -0.298534 -0.071727 0.213834 0.000002 0.058134 -0.014289 0.000043 0.124126 -0.000015 0.218025 0.263014
-0.087831 0.000001 0.002013 0.213124 0.341805 0.062919 -0.000060 0.120615 0.000047 0.182697 -0.000033 -0.212373 0.102971 -0.004652 -0.000015 -0.142523 -0.374896 0.220415 0.000014 -0.050483 0.220819 0.000058 -0.071175 0.000015 -0.251878 0.334192
-0.036363 0.000030 -0.026754 -0.302166 0.107779 -0.196664 0.000008 0.077662 -0.000014 -0.052448 -0.000011 -0.119350 -0.108097 -0.005411 -0.000038 0.131468 0.072605 0.181185 -0.000131 0.171356 0.107224 0.000013 -0.142573 -0.000005 -0.237002 -0.030579
-0.057079 -0.000004 0.344154 -0.610591 -0.101503 -0.324638 -0.000036 -0.237024 0.000067 -0.066695 0.000013 0.161572 0.048775 -0.001384 0.000060 -0.164618 0.150706 -0.056679 0.000018 0.250630 0.294903 0.000020 0.218224 0.000017 0.068088 -0.194929
