-0.003880
0.271047
0.507626
-0.004405
-0.297368
-0.004712
-0.006303
-0.245068
-0.059507
-0.351102
-0.006246
0.000379
-0.001012
0.002266
-0.000861
0.292940
0.001108
-0.173689
0.238914
-0.000957
-0.001596
-0.000072
-0.011679
0.121278
-0.718984
-0.000183
-0.365327
-0.000121
0.000729
-0.066914
-0.001441
-0.001926
-0.263240
-0.416480
0.001399
-0.004533
0.553142
-0.226568
-0.002498
-0.002202
0.407976
-0.437059
0.001182
-0.000616
0.411572
-0.006330
-0.301588
-0.005035
0.414308
0.282471
-0.012857
-0.117888
-0.082658
0.353854
0.000080
-0.531829
-0.000538
-0.407419
0.314183
0.028041
-0.277953
0.011147
-0.003555
-0.005107
-0.045670
-0.002232
0.002757
0.000831
0.049614
-0.177921
-0.001576
-0.427341
0.249448
-0.001207
-0.207819
