-0.021865
-0.024271
-0.009444
-0.000754
-0.000043
-0.005504
-0.000804
-0.015588
-0.003018
-0.002208
-0.010024
-0.000559
0.075915
-0.001560
-0.009080
-0.004826
-0.001835
-0.007323
-0.001250
-0.001110
-0.016624
0.112860
-0.002810
-0.007635
-0.000350
-0.008468
0.000227
-0.001664
-0.022228
-0.013861
-0.000982
-0.003602
-0.011055
-0.001598
-0.000214
0.000122
-0.002961
-0.044822
-0.001327
-0.001064
-0.018799
-0.013404
-0.018773
-0.012064
-0.008547
0.007092
-0.002314
-0.022605
-0.005093
-0.000070
-0.008693
-0.001751
-0.014944
-0.000987
-0.023038
-0.038729
-0.015210
-0.001617
-0.000093
0.000613
-0.001955
-0.001309
-0.002246
-0.003235
-0.007340
-0.004019
-0.016328
-0.002725
-0.011186
-0.001457
-0.001016
-0.022175
-0.003137
-0.006169
0.122878
-0.016075
-0.000875
-0.001882
-0.012536
-0.014588
0.000322
-0.002203
-0.005019
-0.001454
-0.025790
-0.000824
-0.002348
0.102871
-0.007705
0.000348
-0.003823
-0.013659
-0.002060
-0.024049
-0.000344
-0.047251
-0.006580
0.000559
-0.003726
-0.004749
-0.002460
-0.000960
-0.038590
-0.014776
-0.001313
-0.019819
-0.020072
-0.011129
-0.006107
-0.001258
-0.000430
0.007197
-0.001680
-0.000870
-0.002304
-0.001430
-0.020572
-0.000583
-0.001692
0.097665
-0.008055
-0.004259
-0.001095
-0.000812
-0.029898
-0.000892
0.000192
-0.004136
-0.012159
-0.029938
-0.001156
-0.004237
-0.003796
0.002707
-0.001536
-0.001638
-0.006233
0.002602
-0.001433
-0.005983
-0.001296
-0.003448
0.001105
-0.001611
0.205980
-0.002351
-0.005055
-0.000895
-0.000067
-0.002617
0.113236
-0.002165
-0.021395
-0.007743
-0.040729
-0.003420
-0.001253
-0.001788
0.126116
-0.001922
-0.000121
-0.001069
-0.019741
-0.000503
-0.001789
-0.005849
-0.001585
-0.027677
-0.001698
-0.000554
-0.000391
0.000116
-0.017725
0.068009
-0.002548
-0.000468
-0.033587
-0.002211
-0.000599
-0.000779
