0.015328
0.000936
0.001148
-0.000055
-0.000617
-0.003218
0.000811
0.017400
3.968427
0.000160
-0.011334
0.000060
6.342832
0.000593
-0.002915
-0.007800
-0.007532
-0.520721
-0.000673
0.003046
-0.000036
5.285386
0.000180
0.000176
0.000293
-0.322279
-0.000165
0.000299
-0.028333
-0.007911
0.035249
0.004309
-0.000709
-0.000083
-0.000191
-0.000051
-0.000614
0.014910
0.002049
0.000122
0.001783
-0.003686
-0.006900
-0.000799
0.001797
-0.010093
0.026158
-0.005061
-0.002448
-0.000018
0.004233
0.000231
-0.001584
-0.015862
0.004585
-0.018428
0.005213
0.014231
-0.000059
-0.000543
-0.000829
0.000252
0.018670
-0.034927
-0.009146
-0.001057
2.425196
-0.001346
-0.001861
0.005862
-0.000082
0.003194
-0.000942
-0.005813
8.193384
-0.002697
-0.000267
-0.000123
-0.016674
-0.005619
0.000455
-0.002049
-0.001768
-0.000327
-0.012028
-0.003125
0.000431
7.061738
-0.000282
0.000124
-0.002022
0.000237
-0.011325
-0.000915
0.000092
0.008043
-0.001559
-0.000905
-0.012211
0.000244
-0.015654
-0.003146
0.021738
0.010148
-0.006314
-0.016047
-0.009445
0.015533
-0.010381
0.001082
-0.000705
0.010694
-0.000515
0.018787
-0.001133
-0.000705
-0.017948
0.000156
0.009737
7.523811
-0.464018
-0.003921
0.002381
-0.002406
0.018144
0.019109
-0.000362
-0.000927
-0.021667
-0.015011
-0.000083
-0.010290
-0.000844
0.000830
0.002089
-0.000224
-0.000786
-0.000567
0.000449
-0.001235
0.016043
0.018646
0.001728
0.000013
7.104156
0.013523
0.003228
0.000271
0.000087
-0.000391
7.665325
0.000373
-0.000129
-0.005198
-0.025334
-0.012215
0.005788
-0.024939
6.028403
-0.000384
0.000391
-0.001672
-0.001512
0.000200
-0.000333
-0.000802
-0.004138
0.006846
0.000101
-0.008554
-0.000059
0.000486
-0.019735
6.459795
-0.000903
-0.000149
0.019781
-0.001471
-0.006079
0.000118
