0.000000
0.000000
-0.001513
-0.009217
0.000000
-0.003735
-0.005206
0.000000
0.000000
0.000000
0.000000
-0.005904
0.000000
-0.012718
-0.001617
-0.004345
0.000000
-0.002768
0.000000
-0.001182
0.000000
0.000000
-0.004200
0.000000
-0.005990
0.000000
-0.004554
0.000000
-0.003378
-0.002412
0.000000
-0.002613
-0.005484
-0.005394
-0.004718
0.000000
-0.003914
-0.007108
-0.007447
-0.005096
-0.005319
-0.006005
-0.006845
-0.010285
-0.006004
-0.004446
-0.005460
0.000000
-0.003572
0.000000
-0.003123
-0.007805
-0.010775
-0.006820
0.000000
0.000000
-0.006014
0.000000
-0.006002
0.000000
-0.006117
-0.001314
-0.004455
0.000000
0.000000
-0.008219
-0.006004
0.000000
-0.002595
-0.005332
-0.003160
-0.007235
0.000000
0.047300
-0.003704
-0.005635
-0.002530
-0.007106
0.000000
-0.006004
-0.007402
-0.006003
0.000000
-0.006004
-0.005106
-0.009174
0.000000
-0.006198
0.000000
0.000000
0.000000
-0.001621
0.000000
0.000000
0.000000
-0.004337
0.000000
-0.005647
-0.004973
-0.007321
-0.006379
-0.001326
-0.006423
0.000000
0.000000
-0.006009
-0.006089
0.000000
-0.005111
0.000000
0.000000
-0.006924
-0.006125
-0.005457
-0.005219
-0.005342
0.000000
-0.007457
0.000000
-0.006081
-0.003623
-0.006003
0.000000
-0.000418
-0.004055
-0.003306
-0.006658
0.000000
-0.003188
-0.008789
-0.004058
-0.005485
0.002277
0.000000
0.000000
-0.009139
-0.003423
-0.003190
-0.005411
0.000000
-0.005330
-0.003550
-0.006005
-0.005097
-0.005783
-0.003201
-0.002318
-0.006444
-0.006221
-0.004989
-0.005076
-0.006063
0.000000
-0.002222
-0.008238
0.000000
-0.006003
-0.009384
-0.006325
-0.006002
0.000436
0.000000
-0.002750
0.000000
-0.006005
-0.006509
0.000000
0.000000
-0.006031
0.000000
-0.006569
-0.007384
-0.003516
-0.003155
0.000000
-0.005446
-0.005683
-0.003584
0.000000
-0.005344
0.000099
-0.006270
-0.005087
-0.006005
-0.007725
-0.005281
-0.006001
-0.005328
-0.005448
-0.006449
0.000000
-0.001659
0.000000
-0.008404
-0.003975
-0.005278
-0.005545
-0.006005
0.000000
0.000000
-0.002624
-0.006177
-0.001310
-0.005303
-0.002920
-0.003495
-0.008025
-0.006003
-0.002075
0.000000
-0.006606
-0.003476
0.000000
0.000000
0.000000
-0.007092
-0.004286
0.000000
0.000000
-0.006961
-0.005999
0.000000
-0.005486
0.000000
0.000000
-0.002440
-0.004157
-0.002138
-0.007075
-0.007039
0.000000
-0.006359
-0.006924
-0.006004
-0.004368
-0.000897
0.000000
0.000000
-0.005920
-0.009271
-0.009187
-0.003118
0.000000
0.000000
0.000000
-0.002625
0.000000
-0.006349
-0.006199
0.000000
-0.005110
-0.006102
0.000000
0.000000
0.000000
-0.006392
0.000000
-0.006412
-0.004946
-0.005544
-0.006288
0.000000
-0.003588
-0.004967
0.000000
-0.006691
-0.001889
-0.004752
-0.002005
-0.002166
0.000000
-0.005952
0.000000
-0.009181
-0.004056
0.000000
-0.002122
-0.006414
-0.003471
-0.004591
0.000000
0.000000
-0.004172
-0.005859
0.000000
-0.005521
-0.005707
-0.006453
-0.005357
-0.008877
-0.004360
-0.001831
-0.004235
-0.006002
-0.008009
-0.006001
0.000000
-0.005099
-0.007089
0.000000
-0.003063
-0.002845
0.000536
-0.005223
0.000000
0.000000
0.000000
-0.002874
-0.007043
-0.005888
0.000000
0.000000
0.000000
-0.003745
-0.005202
-0.002145
-0.006001
-0.006005
-0.003204
-0.002676
-0.002539
-0.006940
-0.006005
-0.008866
-0.001790
-0.006005
0.000000
-0.006004
-0.003007
-0.002649
0.000000
0.000000
0.000000
-0.005910
0.000000
-0.003002
-0.002637
0.000000
-0.005506
-0.005934
0.000000
-0.003085
-0.006005
-0.002817
-0.002245
-0.003643
0.000000
-0.002021
0.000000
0.000000
0.000000
-0.006502
-0.005539
-0.002527
-0.005432
0.000000
-0.008779
-0.006005
-0.003335
-0.005643
-0.006888
-0.010241
0.000000
-0.006532
-0.003084
0.000000
0.000000
-0.004379
-0.007444
0.000000
0.000000
-0.005012
-0.010267
-0.005074
-0.006601
-0.001240
-0.006448
-0.004578
-0.006001
-0.007383
-0.001756
-0.006002
-0.006001
-0.003611
0.000000
-0.006005
0.000000
-0.005343
-0.005470
-0.006005
0.000000
0.000000
-0.005351
-0.006124
-0.006003
-0.003497
0.000000
-0.007071
-0.001087
-0.001980
