-0.004117
0.006465
0.023023
-0.016123
-0.000283
-5.460754
-6.845844
-5.577364
0.001971
4.881793
0.006198
-0.014799
-9.430347
-6.414649
-6.437881
-6.472397
-0.002569
-0.001425
-5.418459
0.016155
-4.562642
-0.027949
-0.002105
-4.922506
0.012057
0.002220
5.664981
-0.002159
0.004133
2.987162
5.079685
-0.012806
0.025679
0.000072
6.431202
0.012897
-0.005119
0.011079
0.010178
-0.024289
0.001970
4.090323
-0.029721
-0.017935
-0.004708
0.036840
0.384509
0.008840
0.007322
-6.508336
-0.009203
-6.112664
0.012204
-5.487196
-0.005138
-6.326439
5.768776
-0.000293
0.004039
-0.004375
4.616709
-0.017050
0.015536
-0.001383
-0.003141
-6.305340
-7.716584
-5.015239
-0.002876
0.007401
-0.004440
-0.008586
0.000011
-6.948653
-6.181848
-0.034738
-3.745158
0.001575
-0.025964
2.882814
0.002548
-6.253102
-0.022578
-0.005248
-0.007077
0.000882
-0.005465
0.003540
0.013083
0.031718
-0.001046
0.006051
0.002277
0.008904
-4.562660
-0.001904
-0.024917
0.000093
0.011924
-7.037215
4.124276
4.832471
3.861845
5.306151
-0.005663
-0.005799
0.011561
-0.006925
-5.611084
0.003648
0.004868
4.950495
-0.027042
0.001673
-5.404573
0.524864
0.007877
4.247437
0.894542
-7.054058
0.441010
0.005596
-5.067547
0.023853
-6.312015
5.853471
0.000081
-6.118908
-7.973505
-6.280366
4.713096
-0.000564
5.986421
-7.031644
0.050513
-0.007266
-0.020139
0.000188
0.015684
-5.806651
0.006770
0.017457
0.004033
-0.027051
3.688439
0.000193
0.001306
-0.025337
-0.003810
4.037497
-6.603437
-5.307429
-5.227745
-7.195413
-5.916433
-6.186978
-0.001226
0.634589
-0.016709
-0.027427
0.008520
-6.697440
-0.002731
-0.010432
-7.213002
0.010201
0.000590
-0.000008
-0.002474
