-0.006090
0.000354
1.009791
-0.006321
-0.002801
-0.122214
0.103308
-0.052974
-0.002548
0.004569
-0.002069
0.002085
-0.019239
-0.110739
-0.000050
-0.412077
-0.002230
-0.470059
-0.029011
-0.271446
-0.074460
0.000154
-0.047295
-0.430027
0.010769
-0.002895
-0.131505
-0.007258
-0.012597
-0.001662
-0.011891
-0.009462
-0.017680
-0.000400
0.000605
-0.025885
0.005607
-0.264992
0.409965
-0.223301
-0.006203
0.500831
-0.012375
-0.000336
-0.267382
-0.847363
-0.000664
-0.011814
-0.002579
-0.552742
-0.426698
-0.000630
-0.429234
-0.001638
0.180842
-0.186210
-0.505200
-0.010576
-0.016203
-0.002138
0.000432
-0.586443
-0.013227
-0.002065
-0.001040
-0.003226
-0.001396
-0.000805
-0.001756
-0.001976
0.273012
-0.009136
-0.000621
-0.320740
-0.008808
-0.189961
-0.002026
-0.551159
-0.011379
-0.019266
0.131295
-0.002847
-0.003075
0.271584
-1.753533
