-0.000562
-0.006312
0.015821
-0.000194
-0.000417
-0.321017
5.994133
-0.023771
0.012539
5.802846
-0.003746
-0.000111
0.000207
0.019863
-0.005597
7.408226
5.435443
0.002672
0.008960
-0.001783
-0.000197
-0.001235
6.420046
-0.002380
0.003868
-0.000307
-0.012240
0.013085
0.008984
0.008907
0.018371
0.001453
-0.003890
-0.033461
-0.001058
-0.000181
0.002776
0.004220
-0.009798
0.011933
0.000377
-0.013586
0.009948
0.000448
0.008568
-0.005128
-0.000636
0.001650
0.000817
-0.002029
-0.000879
-0.001952
7.599485
-0.000416
-0.003866
0.014969
-0.013049
0.000290
5.133576
0.007183
0.006591
-0.000979
0.001172
-0.000059
0.004240
0.004048
-0.018652
-0.027866
-0.001040
4.575381
-0.013983
-0.015719
-0.000096
-0.002620
0.000109
-0.434143
-0.001127
-0.006843
0.022005
-0.000155
-0.005260
0.013202
6.448655
-0.016275
-0.006398
-0.000283
0.000652
-0.017639
-0.000198
-0.003151
0.020017
0.000679
-0.000126
-0.020074
0.001599
-0.015066
0.000167
-0.000093
0.003787
-0.011108
-0.000324
0.000001
-0.000186
0.005062
-0.000681
-0.000987
0.004381
0.013217
0.000021
0.001661
0.013472
-0.000082
-0.002648
0.000684
0.016675
0.001731
-0.429168
0.001128
0.000026
0.000603
8.098228
-0.001326
-0.000284
-0.000144
-0.243692
-0.000014
-0.011694
0.001835
0.007420
0.000886
-0.008381
0.013294
0.000157
-0.009546
-0.001886
0.032249
0.003558
-0.013677
-0.002008
-0.001130
0.000010
0.419113
7.386651
0.000163
0.001843
-0.008844
0.003612
0.001307
0.009433
-0.000477
-0.004764
-0.008910
0.000847
-0.002320
-0.000224
-0.004206
0.001717
-0.000329
-0.000270
-0.000103
-0.012954
-0.000328
3.485440
-0.008649
0.014718
0.002870
-0.002552
-0.000406
-0.000486
0.001953
0.006830
-0.000122
7.848351
0.012577
-0.000083
2.295034
-0.000966
-0.006627
0.009156
-0.000171
-0.004375
-0.000283
0.012082
-0.015697
