-0.001302
-0.011909
0.023060
-0.000663
0.035685
-0.001778
-0.015037
-0.024494
-0.002648
-0.001757
-0.019489
0.001227
-0.001273
0.035434
-0.000626
-0.000898
-0.000384
-0.001649
-0.000436
-0.000422
0.043796
-0.004668
-0.027570
-0.006108
-0.003995
-0.030531
-0.032984
-0.011765
-0.024742
-0.011127
-0.003747
0.030461
-0.006762
0.048135
0.029964
-0.036760
0.014934
0.044727
-0.004191
-0.002780
0.034439
-0.001251
-0.002850
-0.001098
-0.000736
-0.000118
0.028479
0.059874
-0.029367
-0.000609
0.057690
0.030343
-0.000438
-0.000462
0.033931
-0.004852
0.038394
-0.000454
-0.001789
0.019209
-0.002700
0.037762
-0.009331
-0.000197
0.003834
-0.004150
-0.000510
-0.000244
0.060916
-0.039735
-0.041373
0.001556
-0.001072
-0.000644
0.063599
-0.000132
-0.029400
-0.000590
0.000605
-0.050863
-0.000844
-0.002861
-0.012520
-0.004176
0.006013
0.048666
0.048370
-0.000102
0.058797
-0.000140
-0.006882
-0.000983
-0.002387
0.005121
-0.003506
-0.005039
0.039319
-0.002933
0.053454
-0.003156
-0.037427
0.003824
0.021291
-0.013218
-0.000584
-0.004180
-0.002211
-0.001599
-0.028393
-0.000445
-0.001103
-0.002475
-0.003044
0.040399
-0.000649
-0.001003
0.002093
-0.033315
-0.007071
-0.001599
-0.001010
-0.004754
-0.024203
-0.013802
-0.029270
-0.002000
-0.000508
-0.002625
-0.000591
-0.000172
-0.026397
-0.001779
0.000023
-0.000561
-0.015281
-0.001071
0.039693
-0.016101
-0.007997
0.031515
-0.029153
0.023761
-0.000322
-0.000178
-0.045122
-0.001628
0.048687
-0.004589
-0.001336
-0.000394
0.014759
-0.004985
-0.003169
-0.003170
0.000313
-0.000113
-0.000123
-0.000169
-0.003281
0.059283
-0.007139
0.056371
-0.002373
-0.000392
-0.001271
0.057745
-0.008182
-0.002534
-0.000468
0.003223
0.000117
