-0.033314
-0.016916
0.011919
-0.010176
-0.050215
-0.036680
0.000000
0.000000
-0.039611
0.000000
0.000000
0.000000
0.000000
-0.062643
0.023080
-0.031593
-0.036766
0.051151
-0.008077
-0.029769
-0.016810
-0.058207
-0.048494
-0.005795
-0.044488
-0.048881
0.000000
-0.056182
0.000000
-0.045389
0.000000
0.000000
0.025291
0.009650
-0.012563
-0.050366
0.000000
-0.005344
-0.016990
-0.058896
-0.046081
-0.042273
-0.028722
-0.011284
-0.071451
0.006660
-0.012767
0.000000
-0.024414
-0.053342
0.000000
-0.036789
-0.080582
-0.036796
-0.086556
0.000000
-0.061374
-0.007634
-0.045585
0.000000
-0.029413
0.000000
-0.013696
0.000000
