0.023317 -0.265137 0.009342 0.154845 -0.169279 -0.291635 0.306374 -0.096919 -0.167491 0.374055 0.096805 -0.099323 0.189862 -0.144688 -0.136599 0.075619 -0.096050 -0.161113 -0.284420 0.169114 0.184371 0.360866 -0.223209 0.456985 -0.364759 0.286115 0.163930 0.281314 -0.000347 -0.234899 -0.301620 -0.247555 0.113935 -0.205880 0.177770 -0.210899 -0.213374 0.339321 0.533692 0.236112 -0.015628 0.176310 0.102568 -0.330924 -0.327399 -0.075374 -0.105735 0.070180 -0.399091 0.223586
0.237971 -2.625764 -0.230104 1.785221 -0.011883 -0.108260 0.434838 1.213560 1.005166 -1.121115 -0.232994 -0.142412 0.144360 0.076265 0.610732 2.150878 -1.937112 -0.220757 -1.172079 0.161198 1.049778 1.468954 -0.067917 -2.806679 -2.661407 2.180053 -0.151289 0.275612 2.476050 0.109576 -2.910856 0.022882 0.015893 1.122269 -0.051660 2.098559 -0.264715 -0.193539 1.828004 -0.097387 0.156476 -0.290746 -2.181359 0.409680 -1.958976 -0.294457 -0.205244 -0.049579 2.520584 -0.164853
-0.025947 -1.001035 -0.139596 0.935522 0.094965 0.137453 0.655829 0.282688 0.936920 0.613843 -0.183663 0.083843 0.045264 -0.279113 -0.711871 -0.079211 0.272690 0.127469 0.241836 -0.098528 0.627886 0.703128 -0.144107 0.599400 -0.275754 0.413308 -0.231941 -0.102154 0.002219 -0.020821 0.006364 -0.175668 -0.278578 -0.684234 0.516443 0.814526 0.264354 0.687053 0.664744 -0.064386 -0.022203 -0.008324 0.431772 -0.238133 1.244329 -0.004181 -0.223492 0.272189 0.662776 0.241634
-0.188253 0.392128 -0.251362 -0.400200 -0.218414 -0.050030 0.150506 -0.259704 -0.025091 0.081690 -0.036265 -0.299054 -0.166680 -0.057689 0.286285 -0.315900 -0.334109 -0.107223 -0.408455 -0.276656 -0.069144 -0.350149 -0.068422 0.151181 0.529874 -0.359111 -0.109037 0.012667 -0.401717 -0.007185 -0.087989 -0.171106 -0.305736 0.684251 -0.544346 -0.350118 -0.256851 0.326984 -0.552818 -0.192647 -0.092029 -0.197729 0.257697 0.442144 -0.196967 -0.273970 0.115062 -0.034941 0.399730 -0.079849
0.004609 0.483036 0.126981 0.423554 0.120152 0.069209 0.588128 -0.533751 1.177817 0.711506 0.118421 -0.094792 -0.247579 0.884513 1.023445 -0.194206 -0.585618 0.280270 -0.004774 0.229281 0.194577 -0.123359 -0.100746 0.135078 0.377682 -0.214398 0.055576 0.151343 0.515744 0.205494 -1.082513 0.130806 -0.043936 0.274350 -0.021541 -0.013135 0.227885 0.656999 0.823532 -0.201500 -0.072764 -0.131958 0.741135 0.757184 -0.292133 0.022279 0.086117 0.217309 -0.674471 -0.051527
-0.256833 -1.536818 0.161396 -2.768704 0.121545 -0.170612 -5.221587 -0.049374 -0.631379 2.846373 0.159077 0.298135 0.253581 -9.568102 -1.485752 2.182040 -0.252749 -0.269364 -3.373741 0.105130 0.613673 0.697107 0.245705 -3.359979 -2.116101 -0.420111 0.210869 -0.093685 -0.456745 -0.061647 -0.380640 0.290530 -0.281067 0.862976 -4.116031 -0.295040 -0.141681 -3.877805 2.615375 0.010971 -0.080825 -0.209579 -7.768010 1.685829 -3.257166 0.117013 -0.189922 -0.022152 -4.024044 0.137293
-0.064144 8.288441 -0.104800 -6.108923 -0.214687 0.227674 0.984054 -3.087031 -4.386838 -4.184877 0.293840 -0.275472 -0.037697 7.148893 1.956017 -6.129860 10.449650 -0.102702 -2.059527 0.054237 -1.943411 -4.351840 0.101391 3.189201 5.985260 -4.641854 0.124434 -0.005384 -5.367443 0.015453 7.236317 -0.209422 -0.163282 3.640034 -13.193912 -4.960755 -0.286177 1.595222 -4.905881 0.070632 0.023264 0.035169 7.525218 2.019810 -2.759779 0.218665 -0.072043 0.273849 5.964992 -0.288585
-0.188920 0.664561 -0.256105 -1.560298 -0.086500 -0.211586 1.248646 -0.600148 -3.977839 -3.481761 -0.296862 0.293479 -0.231999 0.952492 -0.771182 3.610436 -1.074589 -0.067529 -3.203466 -0.117986 -4.187549 -0.085426 0.054623 -0.138100 0.193916 -0.213224 0.240937 0.014366 -0.415373 0.159970 -2.545905 -0.213288 -0.085313 -0.445482 0.894683 -0.482929 -0.238701 -1.320053 -0.044273 -0.137252 0.181854 -0.074769 -0.099713 -1.655029 -6.559480 -0.177332 -0.183403 0.192956 -0.315077 -0.187630
0.123847 -1.131333 0.239172 0.292905 0.072633 0.172029 0.857487 -0.205658 2.554998 0.273705 0.244986 -0.277802 -0.043898 -0.577640 -0.221543 1.949166 -0.971591 -0.129911 1.676200 0.226029 -0.121584 0.435354 -0.160874 -1.567729 -2.573656 0.270002 0.116388 0.082704 1.148647 -0.097782 -0.883903 0.256859 -0.281154 -0.106860 -2.425718 -0.047442 -0.051122 0.691061 -0.398914 0.289635 0.281324 0.027091 -1.327696 -0.135579 -1.773127 -0.277480 0.112731 -0.124211 -1.343380 0.221540
0.164043 1.219220 -0.039847 -4.631338 0.273142 -0.256307 8.376238 -3.691116 5.758161 3.160594 0.257738 -0.025627 0.133196 -0.131819 4.689613 -6.043832 -4.194133 0.271751 0.258838 -0.237174 -0.521418 -6.620309 -0.114384 4.433441 2.067003 -7.081527 -0.145982 -0.178111 -3.999920 0.195211 -7.981039 -0.034636 -0.002120 7.659194 -12.875018 -6.922939 -0.030179 5.151526 9.901884 -0.060372 -0.110631 -0.215525 2.686086 8.578323 -1.103063 0.287473 -0.241063 -0.069738 2.973196 0.007008
0.150645 -2.524602 -0.125696 -1.667320 0.180370 -0.099747 -1.674263 0.027692 -2.534420 -1.990542 -0.185830 -0.225910 -0.114744 0.506290 -1.364873 2.993469 -2.189363 0.105093 4.186637 -0.031356 -2.397084 -0.533944 -0.104251 -2.110224 -2.323726 -0.639590 0.176944 -0.219197 -0.517965 0.075664 -1.735176 0.050897 -0.242102 -0.558953 1.593342 -0.802756 0.044665 -2.611479 -0.171594 0.162147 0.235658 -0.287639 0.870866 -1.567995 -2.114078 -0.047631 -0.147661 -0.067916 1.154161 -0.060906
0.017247 -0.099739 -0.028088 0.131999 -0.136792 -0.078751 -0.120078 -0.372479 0.680007 -0.340080 -0.009252 0.004244 -0.137496 -0.626506 0.763973 -0.469085 0.120208 0.041257 0.072011 0.123380 -0.125338 -0.528491 0.017225 -0.392430 0.198669 -0.278012 0.263977 0.273685 0.326102 -0.003596 0.693690 0.226226 0.000206 0.453685 0.407844 0.155046 -0.282859 0.791245 0.564509 0.246679 0.187375 0.125296 0.189150 0.531411 -0.311861 -0.111226 -0.217397 -0.239552 -1.171084 0.155544
-0.078521 -0.286335 -0.150778 0.401659 -0.296599 -0.136061 -0.387869 0.287609 -0.155634 -0.294701 -0.039563 -0.076745 -0.189573 0.183373 -0.210078 0.406231 0.628826 -0.068505 0.547464 -0.150955 0.090120 0.478691 -0.107225 -0.190174 -0.374697 0.476159 -0.231113 -0.204169 0.325291 -0.026932 0.450917 0.055876 0.152029 -0.434026 0.416719 0.466476 0.138968 -0.529139 0.094230 -0.199642 -0.217974 -0.020812 -0.181989 -0.340375 0.332032 -0.261978 -0.124831 0.006523 -0.136842 -0.181554
-0.033246 0.021467 -0.109125 0.680932 -0.183688 -0.246399 0.963908 -0.041096 0.045975 0.818257 0.300362 -0.169733 0.182926 1.696053 -0.531078 0.062616 -0.221396 -0.185913 -0.017917 0.188204 0.445819 0.964380 0.283605 1.833721 -0.173489 0.680684 0.023885 -0.145127 0.239860 -0.009741 -0.603243 0.074386 -0.091697 -1.138061 0.156013 0.149747 0.028446 0.022892 0.707120 -0.236400 -0.203822 -0.007675 0.183219 -0.443374 0.606020 -0.200862 0.207865 0.021402 0.351888 0.092544
-0.117461 -2.324199 -0.297344 -0.087700 -0.088105 0.129166 0.951321 0.025702 0.962693 0.557119 -0.022955 0.201297 0.114209 -1.209638 -0.807900 1.900659 -1.622320 -0.298647 0.929198 -0.165342 -2.345414 -0.183465 -0.300251 -0.034673 -2.594591 -0.526194 0.269854 -0.300706 0.287860 -0.046551 0.008198 0.017491 0.038617 -1.115982 -1.048352 -0.471257 0.287868 0.625839 -0.544092 0.182120 0.014962 0.017576 -2.140158 -1.317177 -2.141623 -0.294578 0.122785 0.204864 -1.771012 0.182783
0.192547 -0.176867 0.069993 0.510533 -0.188866 -0.019953 0.144737 0.108029 0.818547 0.408929 -0.264960 0.282852 -0.203701 -0.217417 0.463901 -0.021000 -0.385109 -0.242045 0.430944 -0.033457 0.733488 -0.261576 0.125586 -0.082328 -0.587646 0.058937 0.151130 -0.160474 0.643318 0.128512 -0.216772 0.199558 0.154001 0.259761 -0.169672 0.410040 -0.141319 0.339174 0.907939 -0.064143 -0.171087 -0.025641 -0.048377 0.450606 0.240639 0.244807 -0.311673 -0.274753 -0.193527 -0.222874
