-0.033562
-0.006318
0.080340
-0.018631
-0.003443
-0.003154
0.155872
-0.004765
-0.012306
0.001141
-0.001299
-0.005398
-0.016651
-0.004878
-0.005995
0.008339
-0.007107
-0.000769
-0.007330
-0.002185
-0.000689
-0.010727
0.126519
-0.027837
-0.023467
-0.027702
0.007528
-0.000554
-0.001138
0.004536
-0.000388
-0.013325
-0.002042
-0.001420
-0.012746
-0.002239
-0.009890
-0.001363
-0.018368
-0.005232
-0.015893
-0.006105
-0.023154
-0.002542
-0.003166
-0.015457
-0.001496
-0.011678
-0.009698
0.156313
-0.000498
-0.001452
-0.001544
-0.003234
-0.010694
0.001262
-0.006182
-0.030171
-0.000884
-0.001322
-0.005285
-0.012144
-0.027975
-0.005174
0.109723
-0.014745
-0.000840
-0.001119
-0.023928
0.131941
-0.016735
-0.001501
-0.006164
-0.003447
-0.000961
-0.011057
-0.018898
-0.001501
-0.000946
-0.010495
-0.020227
-0.009058
-0.009239
-0.001646
-0.003133
-0.002261
-0.020080
-0.018955
0.139915
-0.003213
-0.002132
-0.000593
-0.000688
-0.003801
-0.002836
-0.010466
-0.001882
-0.000441
-0.018044
-0.003567
-0.004435
-0.019161
-0.001461
-0.001419
-0.001861
-0.003633
-0.001025
-0.001297
-0.005230
-0.007949
0.130326
-0.018357
-0.003438
-0.009729
-0.003338
-0.011757
-0.002295
-0.001112
0.006012
-0.005692
-0.016335
-0.009187
-0.001192
-0.000542
-0.004317
-0.003333
-0.002517
-0.021827
-0.002409
-0.000870
-0.001456
-0.002492
-0.009570
-0.001794
-0.002533
-0.000272
-0.009450
-0.025164
-0.019442
-0.000990
-0.020075
-0.004394
-0.007235
0.085019
-0.006952
-0.002927
-0.006763
