-0.011637
-0.014352
0.807603
-0.007313
-0.002386
0.141663
-0.030336
-0.005415
-0.535314
-0.008538
0.001411
-0.007291
-0.000681
-0.005425
-0.005858
-1.491694
-0.002710
-0.021505
-0.001405
-0.021100
-0.003735
-0.003559
-0.002234
-0.000222
-0.009092
-0.010853
-0.018385
-0.017883
-0.180583
-0.001449
-0.006667
-0.004473
-0.001725
-0.012916
-0.016598
-0.001650
0.556963
0.013669
-0.007042
-0.019512
-0.000607
-0.002051
-0.005672
-0.001312
-0.006069
-0.012778
-0.010918
-0.001910
-0.013494
-0.004342
-0.003735
0.684348
-0.017310
-0.003145
-0.016697
-0.014821
-0.004509
-0.002181
-0.002457
-0.002142
-0.002250
-0.003590
-0.004664
-0.001965
-0.013453
-0.001550
-0.003841
-0.015293
-0.002359
-0.003892
-0.003007
-0.002119
-0.010383
-0.003109
-0.007843
-0.001975
-0.002173
-0.000918
-0.003565
-0.001613
-0.011461
-0.001072
-0.000857
-0.007506
-0.001503
0.767858
-0.005530
-1.099685
-0.004762
-0.011211
-0.002791
-0.040719
1.065732
0.941181
-0.001105
-0.003773
-0.003988
-0.001961
-0.003804
-0.005645
-0.023232
-0.004507
-0.005820
-0.008923
-0.001034
-0.002373
-0.000717
-0.012926
-0.005915
-0.002087
-0.006859
-0.002472
-0.001355
-0.023549
-0.003252
-0.001676
-1.491770
0.001601
-0.021294
-0.002861
-0.004584
-0.021969
-0.019866
-0.000928
-0.001164
-0.023857
0.000204
-0.006974
-0.943065
-0.002967
0.000953
-0.002977
-0.003737
-0.004862
0.001688
-0.003994
-0.002356
-0.010337
-0.001222
1.100540
-0.001654
-0.009633
0.430375
-0.473060
-0.000997
-0.001457
0.908289
-0.001123
-0.002633
-0.003409
-0.007911
-0.006466
0.000044
-0.002072
-1.044801
-0.000793
0.033342
-0.005617
-0.006893
-0.000123
-0.016187
-0.001434
-0.009550
-0.004619
-0.002225
-0.000576
-0.013842
-0.000866
-0.009036
-0.000995
-0.002139
-0.017070
0.000001
-0.003990
-0.017429
-0.027534
0.364207
-0.002571
-0.014071
-0.007054
0.082301
-0.115828
-0.001761
-0.005482
0.010607
-0.029688
-0.002667
-0.031720
-0.006573
-0.018506
-0.006222
-0.000454
0.316403
