-0.008270
0.021677
-0.000888
-0.014577
-0.025103
0.003969
0.017599
0.017406
-0.014951
-0.000102
-0.007152
0.001858
-0.008171
0.002633
-0.000572
0.031818
-0.000072
-0.042483
-0.008312
-0.000876
-0.002365
0.015817
-0.006814
0.000081
-0.001055
-0.003367
0.022201
0.017307
-0.002871
0.014892
0.021507
-0.005236
-0.000273
-0.002680
-0.034238
-0.002899
-0.006879
-0.002114
-0.024772
0.033674
0.018845
0.017116
0.025458
-0.002474
-0.000050
-0.000249
0.000011
-0.003850
-0.004572
-0.000081
-0.001703
0.018659
0.060851
0.048054
0.017371
-0.003813
-0.000299
-0.000141
-0.006016
-0.000278
-0.023444
0.006064
0.010721
-0.003261
-0.003888
0.038564
-0.000568
-0.000389
0.026929
-0.001968
0.001568
-0.000170
-0.005580
0.039983
-0.013103
-0.005176
-0.000037
-0.002260
-0.000862
-0.000512
-0.003594
-0.000175
-0.000162
-0.000161
0.005230
-0.001154
0.045861
-0.004039
0.019892
0.018717
0.006043
-0.025417
-0.004417
-0.014291
-0.000344
-0.038744
-0.000361
-0.013753
0.014456
0.020414
0.006523
0.002582
-0.011225
-0.008479
0.009322
0.000035
-0.000449
-0.026578
0.020024
-0.003309
-0.003423
-0.000332
-0.037708
0.020268
0.023259
-0.001623
-0.032529
-0.000378
-0.039749
0.018309
-0.009254
-0.003491
-0.001571
0.002269
0.014077
-0.001841
-0.000463
0.015635
-0.014660
-0.007788
0.030747
0.019799
0.015193
-0.021448
-0.001170
-0.000083
-0.006428
-0.011686
0.006186
-0.005702
-0.000080
-0.000144
-0.000156
-0.001388
0.017651
-0.000385
-0.000228
-0.000601
