0.279601 0.160449 0.136486 0.023032 -0.000059 -0.180017 0.000030 0.046577 0.000133 -0.000086 0.000031 0.056740 -0.457327 -0.157509 0.000065 0.000008 -0.000004 -0.300054 0.253649 -0.000073 0.333766 0.088559 -0.000024 -0.061261 0.126759 -0.210942
-0.489732 0.082870 0.170063 0.095631 -0.000253 -0.809895 0.000124 -0.293396 -0.000129 0.000136 0.000040 -0.151361 0.424299 0.083407 -0.000042 0.000021 0.000050 -0.225575 0.418983 0.000060 0.284018 0.079284 0.000044 -0.247870 0.025324 -0.117911
0.125843 -0.349747 -0.258135 0.052559 -0.000166 -0.201154 0.000066 -0.023455 -0.000129 -0.000786 0.000041 -0.265393 0.143310 0.268783 -0.000011 0.000086 -0.000100 -0.306818 -0.203589 0.000006 -0.345233 0.127389 0.000090 -0.174418 0.377392 0.120139
-0.142476 -0.349840 0.057384 0.269167 -0.000083 -0.032508 -0.000032 -0.308121 0.000132 -0.000372 -0.000108 0.274527 0.537334 0.426594 0.000065 -0.000007 0.000058 -0.264960 -0.402492 0.000030 0.177564 0.213238 0.000028 0.185519 -0.170246 -0.042772
-0.018478 -0.200732 0.050576 -0.471395 0.000011 0.130734 0.000040 -0.036735 0.000010 -0.000958 0.000039 -0.231769 0.189451 -0.059008 0.000068 0.000133 0.000051 -0.142411 0.221396 -0.000102 0.197781 -0.291105 -0.000147 0.098706 -0.176682 0.339484
0.141638 -0.215385 0.096866 -0.213059 0.000088 -0.066560 -0.000043 0.299619 -0.000058 -0.000851 0.000174 0.268213 0.032687 -0.138003 0.000022 -0.000009 0.000153 -0.081882 0.547393 0.000022 -0.382509 -0.165253 0.000067 0.356557 0.076268 -0.125367
0.116394 -0.015595 0.225353 0.406259 -0.000110 0.650082 -0.000022 -0.291579 0.000004 -0.000918 0.000010 -0.151101 0.051964 -0.474258 0.000003 0.000073 0.000050 -0.152351 -0.068281 0.000030 -0.417847 0.175869 -0.000063 0.154805 0.125719 0.214751
-0.374301 0.317997 0.289515 -0.347335 -0.000047 0.128686 0.000006 0.036530 0.000005 -0.000317 0.000122 0.015466 0.000971 0.305600 -0.000063 0.000058 -0.000059 -0.324654 0.284298 0.000084 0.066105 -0.321612 -0.000057 -0.300531 -0.232211 0.020499
-0.090519 0.193786 -0.054340 0.141863 -0.000122 -0.338794 -0.000039 -0.249810 -0.000035 -0.001057 0.000122 -0.077694 0.213387 0.324609 -0.000072 0.000231 -0.000059 -0.055608 0.186374 -0.000069 0.562541 0.076652 -0.000166 -0.404711 -0.330744 0.434072
0.172234 0.372052 0.059612 0.073373 0.000021 -0.731117 -0.000027 0.456979 0.000060 -0.000173 0.000098 -0.372475 -0.553029 0.503866 -0.000064 -0.000105 0.000052 -0.442390 0.113305 0.000005 -0.207716 -0.324622 -0.000027 -0.017857 0.078918 0.061108
-0.004373 0.080605 -0.167270 -0.511649 -0.000011 0.055519 0.000008 0.312841 -0.000054 -0.000367 -0.000064 0.533921 -0.008449 -0.000135 -0.000083 -0.000050 0.000007 -0.374122 0.351202 0.000044 0.017426 0.112089 0.000056 0.102401 -0.441063 0.304819
-0.329764 0.056635 0.386736 0.208035 0.000110 -0.081115 -0.000037 0.242676 -0.000076 -0.000172 0.000027 0.398795 0.177445 -0.700643 0.000080 0.000035 0.000026 -0.183190 0.325243 -0.000001 -0.092324 0.421560 -0.000031 -0.375737 -0.104465 -0.151647
0.105206 0.150312 -0.047796 0.005669 0.000118 -0.297405 0.000024 -0.122435 -0.000030 0.000109 -0.000063 -0.170858 0.322199 -0.181339 -0.000022 -0.000037 -0.000007 -0.278785 0.363164 0.000121 -0.578140 0.085310 -0.000074 -0.632132 -0.562771 0.398093
0.135632 -0.124379 -0.003470 -0.083893 -0.000101 0.180405 -0.000024 -0.859235 0.000106 0.000018 -0.000066 0.073787 0.391757 0.068871 -0.000019 -0.000000 -0.000109 -0.386572 0.141404 -0.000105 0.122492 -0.253925 0.000076 0.040683 -0.563441 -0.062877
-0.250431 0.533847 0.041150 -0.169149 -0.000073 0.263682 -0.000026 -0.343815 0.000139 0.000130 -0.000071 -0.462892 0.268319 0.052320 -0.000049 -0.000063 -0.000005 -0.276817 -0.230496 -0.000004 -0.125289 -0.210174 0.000027 -0.351608 -0.220127 0.090800
-0.493740 0.486438 0.199708 -0.059952 0.000198 -0.404761 -0.000034 -0.190173 0.000004 0.000133 0.000078 0.203878 0.003189 0.037951 0.000044 -0.000029 0.000148 0.042947 -0.459713 0.000041 0.383720 0.084915 -0.000057 -0.083739 -0.377073 -0.129048
0.025122 0.238468 0.144017 -0.255914 -0.000187 -0.142704 0.000002 0.354421 -0.000097 -0.000269 -0.000101 0.426817 0.187705 -0.310436 0.000003 -0.000083 0.000046 0.164008 -0.565584 0.000046 0.183602 0.070827 0.000131 0.088735 -0.638921 -0.138764
-0.295896 0.552306 -0.544386 -0.360525 0.000117 0.221928 -0.000030 0.014148 0.000077 -0.000281 0.000036 0.200847 -0.055618 -0.209786 0.000009 -0.000026 -0.000025 0.012441 -0.193942 0.000068 0.107329 0.246550 0.000025 -0.339805 0.058045 0.176378
-0.567963 -0.165760 0.333178 -0.474855 -0.000041 -0.294496 0.000015 0.236146 -0.000019 -0.000573 0.000077 -0.040206 0.214808 0.060988 -0.000103 0.000078 -0.000005 0.031051 0.419799 0.000096 0.107232 0.316211 -0.000046 0.314123 0.130762 -0.186838
-0.030623 -0.491456 0.398721 0.655011 -0.000138 -0.578128 -0.000092 0.373516 0.000073 0.000006 -0.000179 -0.607105 -0.069159 0.358402 0.000023 0.000011 -0.000080 0.081272 0.033573 0.000004 -0.396073 0.052897 -0.000084 0.212525 0.366318 0.206452
0.060630 -0.138425 0.195561 0.165977 0.000019 -0.319438 -0.000110 0.223208 -0.000131 -0.000035 -0.000157 -0.175859 0.234484 0.032298 0.000113 -0.000065 -0.000003 -0.107644 0.221481 -0.000042 -0.216944 -0.042228 -0.000214 0.117834 -0.095651 0.194813
0.045067 0.166076 0.021081 -0.264866 0.000185 0.100521 -0.000039 0.025235 -0.000064 -0.000539 -0.000071 0.354685 -0.062343 -0.148590 0.000078 -0.000025 0.000056 -0.353213 0.059052 0.000027 -0.409353 -0.233593 0.000157 0.337271 -0.050615 -0.149738
0.096064 -0.509121 -0.077411 -0.207828 0.000038 0.325257 -0.000021 0.179911 -0.000070 0.000094 0.000041 -0.471349 0.367127 0.183745 0.000131 0.000006 0.000116 -0.287464 0.219747 0.000033 -0.328853 -0.030881 0.000013 -0.347255 0.551990 -0.277330
0.187881 -0.117027 0.048921 -0.139876 -0.000032 -0.062286 -0.000081 0.339500 -0.000050 0.000017 0.000054 0.254623 0.187474 0.321616 -0.000069 0.000246 -0.000042 -0.334321 0.171555 -0.000062 0.236316 -0.169494 0.000105 -0.103795 0.000540 -0.154594
-0.528022 -0.180998 0.375424 -0.305302 -0.000127 0.182867 0.000015 -0.091810 -0.000094 -0.000006 0.000019 -0.726658 -0.421043 0.245449 -0.000006 0.000055 -0.000024 -0.060444 0.302167 -0.000070 -0.553036 0.229170 -0.000045 -0.470252 -0.213767 -0.304296
0.241409 -0.043098 0.000613 0.160697 0.000115 0.010781 0.000096 0.518652 0.000024 -0.000005 0.000030 0.166335 0.195194 0.217066 -0.000030 0.000035 0.000023 -0.054813 -0.224580 0.000141 0.185723 0.340894 -0.000261 -0.475804 0.348362 -0.001674
0.156220 -0.500492 0.138384 -0.000990 -0.000026 -0.315260 0.000014 -0.012140 -0.000188 0.000023 0.000149 0.029747 0.380156 0.050302 -0.000043 0.000042 -0.000014 0.217338 -0.028240 0.000043 0.050072 0.301096 0.000046 0.242841 0.557421 0.037867
-0.033450 0.284004 0.019794 0.414172 -0.000102 -0.533360 0.000038 -0.352078 0.000084 -0.000190 -0.000040 -0.522762 0.110864 0.378741 0.000083 0.000013 -0.000000 0.295785 0.436362 -0.000034 0.124337 0.064468 -0.000049 -0.005727 0.394184 0.316769
0.306626 -0.480638 -0.006972 0.278911 0.000161 -0.082579 -0.000015 0.323038 -0.000105 0.000104 0.000081 -0.013640 0.057066 0.099470 0.000010 -0.000172 0.000078 0.215331 0.271690 0.000050 -0.117066 -0.016079 0.000249 0.188762 0.127178 0.106025
-0.542659 -0.039082 -0.531390 0.185347 0.000037 0.295400 -0.000001 -0.586735 -0.000032 0.000005 -0.000052 0.346748 0.178857 -0.158484 -0.000016 -0.000040 0.000014 0.109931 0.380802 -0.000030 0.171616 -0.105710 -0.000078 -0.163402 0.572899 0.189316
-0.000210 -0.116217 0.184447 -0.308232 -0.000079 0.122031 -0.000032 0.273021 0.000012 0.000016 0.000063 -0.353622 0.556194 0.283148 0.000102 -0.000061 0.000012 -0.143566 0.351988 0.000071 0.093177 -0.153928 -0.000146 -0.601291 0.299739 0.226314
0.132758 -0.223994 0.035946 -0.372955 0.000235 0.188109 -0.000007 0.531700 -0.000066 -0.000488 0.000033 -0.142679 -0.325933 0.119346 -0.000013 -0.000035 -0.000056 0.200250 -0.252650 -0.000020 -0.447372 0.356479 -0.000165 0.178418 -0.052851 -0.043747
0.250187 0.734629 -0.142849 -0.397228 0.000062 -0.247203 0.000044 0.036857 0.000011 -0.000093 -0.000077 0.288814 0.039508 0.152547 -0.000026 -0.000070 0.000144 -0.114556 -0.195998 0.000090 0.217124 0.089089 -0.000030 -0.015092 0.001401 -0.629106
-0.297567 0.230308 -0.729272 -0.389547 -0.000007 -0.053848 0.000007 0.288522 -0.000078 -0.000582 0.000046 -0.209141 -0.212030 -0.017552 -0.000106 -0.000105 -0.000016 -0.018760 -0.263717 -0.000129 0.564822 -0.347829 -0.000005 0.173015 0.758763 0.514647
0.119571 -0.359723 -0.124397 0.130316 0.000216 0.104403 0.000067 -0.636986 0.000119 -0.001100 -0.000231 0.024854 -0.079666 0.179863 -0.000053 -0.000099 0.000121 0.386509 0.263587 0.000143 0.432650 0.359463 -0.000086 0.237774 -0.116811 0.285347
0.089784 -0.390676 -0.425404 0.206986 0.000045 -0.421420 0.000015 0.128000 -0.000194 -0.000815 -0.000125 -0.215464 -0.359240 -0.435869 -0.000023 -0.000023 0.000050 0.181259 0.047383 -0.000079 0.301377 -0.471615 0.000023 0.294883 -0.174693 -0.151700
0.158936 0.144342 -0.283316 -0.016146 0.000013 -0.248679 -0.000111 0.373096 -0.000101 -0.001003 0.000048 -0.002308 0.337186 -0.109573 0.000053 0.000033 -0.000001 -0.028475 0.172632 0.000066 0.091820 -0.228929 0.000093 0.007813 -0.332195 -0.270368
0.415303 -0.427115 -0.299078 0.245228 0.000173 -0.081393 0.000020 0.363633 0.000060 0.000111 -0.000121 0.367901 0.531149 -0.485634 0.000020 0.000106 0.000090 -0.089810 -0.049716 -0.000017 0.189789 -0.026554 -0.000061 -0.425707 -0.116209 -0.087065
0.304872 -0.522875 0.373316 0.316075 0.000063 -0.244292 -0.000099 0.428547 -0.000260 0.000068 0.000078 -0.093872 0.117761 -0.206400 0.000026 0.000075 0.000091 -0.171785 0.060617 0.000028 -0.184020 0.310039 -0.000025 0.757556 -0.295765 0.561882
-0.253610 -0.124416 -0.165404 -0.913820 -0.000164 0.080994 0.000016 0.208723 -0.000054 -0.000201 0.000001 0.036948 0.113109 -0.059777 -0.000042 -0.000037 -0.000127 -0.246418 -0.039882 0.000038 0.039867 0.158123 -0.000026 -0.210513 0.179484 -0.132559
0.065795 -0.119614 0.383925 -0.036131 0.000023 0.031597 -0.000075 0.385049 -0.000144 0.000228 -0.000013 0.167091 0.288013 0.025247 -0.000055 0.000029 0.000121 -0.253473 -0.333893 -0.000073 -0.275426 -0.061944 0.000080 0.218323 -0.253649 0.199413
0.229445 0.338193 -0.081783 0.195880 -0.000018 -0.176409 0.000038 -0.057350 -0.000059 0.000366 -0.000022 0.369035 0.349118 -0.167377 0.000164 0.000075 0.000162 -0.329755 0.417079 0.000069 -0.156379 0.215181 -0.000169 -0.024618 0.523401 0.016625
0.013585 0.264337 0.586539 0.480757 -0.000120 -0.194659 0.000016 -0.127385 0.000092 -0.000286 -0.000081 0.035395 0.009102 -0.267823 -0.000026 -0.000027 0.000039 -0.563118 0.374385 0.000029 -0.353935 0.110005 0.000008 0.142224 0.044953 0.271439
0.264090 0.286311 0.307561 0.085999 -0.000002 -0.147309 -0.000026 0.418939 -0.000031 -0.000144 0.000116 0.482307 -1.327625 0.627192 0.000121 -0.000071 0.000035 -0.382510 0.686412 -0.000006 -0.532519 0.438991 -0.000101 -0.245503 0.311723 -0.305786
0.208704 -0.173091 -0.092529 0.150628 -0.000097 0.170855 -0.000132 0.068130 0.000087 -0.000366 0.000035 0.267895 -0.049148 0.035647 0.000099 -0.000145 -0.000025 -0.331345 0.080280 0.000024 0.199408 0.356274 0.000035 0.064205 -0.196288 -0.502323
-0.091590 0.312570 0.277643 -0.038672 -0.000103 -0.420555 0.000052 0.138312 -0.000054 -0.000759 0.000112 -0.068466 0.289633 -0.371544 0.000074 -0.000080 -0.000052 -0.089962 0.326241 -0.000070 0.153363 -0.507206 -0.000046 -0.557985 -0.123217 -0.152684
-0.106314 0.642573 0.157007 -0.482634 -0.000018 -0.335455 -0.000028 0.055510 -0.000053 -0.001018 -0.000003 -0.307734 -0.039902 -0.003265 0.000044 0.000141 -0.000112 0.073338 -0.096054 0.000105 0.345523 -0.339592 -0.000018 -0.508869 -0.081599 -0.141040
-0.092534 -0.383928 0.107801 -0.310857 -0.000114 0.047932 -0.000014 0.138486 -0.000081 -0.000271 0.000045 -0.179853 0.368405 0.113082 -0.000058 -0.000057 -0.000056 -0.058515 -0.112383 -0.000037 0.235766 -0.088252 -0.000135 0.664698 0.314389 -0.015576
0.305205 -0.034543 0.016543 -0.314707 0.000071 0.435971 -0.000120 0.165707 -0.000007 -0.000498 -0.000014 0.045473 0.016404 0.484706 0.000032 0.000139 0.000022 0.363687 -0.248917 0.000045 -0.087517 0.345251 -0.000147 0.085637 0.702576 0.371376
0.392481 0.435118 -0.011734 -0.509753 0.000047 0.211186 -0.000184 -0.145071 -0.000057 -0.000769 -0.000031 0.322505 0.166923 0.922032 -0.000100 -0.000115 -0.000007 0.341154 -0.027742 0.000125 -0.044009 0.334308 0.000177 0.244521 0.266688 -0.096045
-0.538631 0.145317 0.222777 0.228398 0.000216 -0.309045 0.000157 0.014484 -0.000002 -0.000576 0.000014 -0.129524 0.212234 -0.015567 0.000086 -0.000188 0.000030 0.272277 -0.249899 0.000021 -0.164736 0.298409 -0.000043 -0.226740 0.056429 -0.426126
0.035105 0.571068 0.099580 0.129545 0.000054 -0.577120 0.000068 0.117220 0.000001 -0.000473 -0.000142 -0.602320 -0.143090 -0.436215 -0.000085 0.000048 -0.000010 0.168420 0.135124 0.000053 -0.430574 -0.183339 0.000043 0.593344 0.187757 -0.154271
-0.449887 -0.087818 0.123789 0.256103 0.000125 0.005070 -0.000057 0.000293 -0.000071 -0.000357 -0.000119 -0.155432 -0.152522 -0.282533 0.000009 -0.000032 -0.000076 0.000880 -0.038096 -0.000070 0.489010 -0.419461 0.000003 0.184946 0.008274 0.126677
-0.567205 0.416990 -0.137474 0.010819 0.000055 -0.027767 0.000103 -0.248000 -0.000047 -0.000426 -0.000113 -0.161770 -0.425300 0.049489 0.000038 0.000075 -0.000014 -0.117629 0.025387 0.000135 -0.036067 -0.467700 -0.000069 0.564527 -0.122237 0.149915
-0.648713 -0.088569 0.101742 0.141784 0.000005 -0.038605 -0.000019 0.061963 0.000025 -0.000113 0.000048 -0.092778 0.039495 -0.096912 0.000050 0.000064 0.000074 -0.089065 -0.016493 0.000035 -0.041400 -0.172511 -0.000044 0.271336 0.435248 0.096074
-0.465999 -0.205743 -0.141914 0.196026 0.000009 -0.623317 -0.000002 -0.037517 -0.000026 -0.000867 -0.000166 0.242643 0.101254 0.401993 0.000085 -0.000243 -0.000016 0.003442 -0.594251 -0.000003 -0.400878 0.107690 0.000133 0.200282 -0.062911 -0.232545
-0.293545 0.033603 -0.192872 -0.215857 -0.000097 -0.578184 0.000027 0.409330 0.000007 -0.000831 0.000025 -0.656821 0.033228 0.253682 -0.000045 -0.000069 -0.000037 0.291735 -0.068325 -0.000208 -0.473039 1.072462 0.000035 -0.194008 0.315030 0.383641
-0.279890 -0.392666 -0.191751 -0.196150 0.000084 -0.373115 0.000002 0.400938 -0.000056 -0.001433 0.000113 0.184074 -0.282883 0.168170 0.000116 -0.000064 0.000079 -0.098615 0.365880 0.000026 -0.141542 -0.112419 -0.000049 0.382407 0.060774 0.066749
-0.010260 -0.210062 0.105658 0.153445 -0.000176 -0.139552 -0.000039 0.080422 -0.000058 -0.000571 0.000040 0.274045 0.181493 -0.763650 -0.000047 0.000107 0.000046 -0.004481 -0.093118 0.000041 0.086558 0.118003 -0.000050 0.134970 -0.250611 -0.170211
-0.232517 -0.338568 -0.475107 0.015676 -0.000005 0.576936 0.000050 0.207253 0.000001 -0.000155 -0.000013 -0.343417 -0.317750 -0.003636 0.000025 -0.000063 -0.000025 0.189001 0.099881 0.000066 -0.219978 -0.434717 0.000071 -0.089210 0.209728 -0.012726
-0.045616 0.428504 -0.487612 0.131592 0.000035 0.056992 -0.000016 0.096054 -0.000067 0.000049 0.000008 0.137523 0.046381 -0.294942 -0.000024 -0.000107 0.000018 0.211206 0.085032 0.000113 -0.576422 0.399974 -0.000017 -0.328408 -0.057325 -0.173949
-0.049666 0.515811 -0.018452 0.376532 0.000190 -0.019674 0.000019 0.077002 0.000082 -0.000712 -0.000076 0.314683 -0.107237 0.288720 -0.000036 0.000032 -0.000042 0.469544 -0.227613 0.000018 -0.069959 -0.323208 -0.000012 0.359151 0.022346 -0.049684
-0.003169 0.351534 -0.255271 -0.026068 -0.000231 0.200259 -0.000028 -0.251609 0.000058 -0.000255 0.000075 0.094545 0.037071 -0.328291 0.000002 0.000043 -0.000038 0.243500 -0.133514 0.000069 -0.055719 -0.198107 -0.000010 -0.238155 -0.205273 -0.264575
-0.592671 -0.036060 -0.426301 -0.156807 0.000023 -0.672984 0.000004 0.390095 0.000120 -0.000522 0.000071 -0.023550 -0.015959 0.538369 -0.000068 -0.000238 -0.000066 0.231519 -0.138046 -0.000062 -0.119086 -0.068370 -0.000162 -0.366331 -0.272840 0.270405
-0.199861 0.010590 -0.062227 -0.166417 -0.000080 -0.327283 0.000046 -0.112696 0.000070 -0.000301 -0.000037 -0.253347 -0.013047 0.192753 -0.000025 -0.000045 0.000017 0.333968 -0.198369 0.000228 -0.012049 0.927790 0.000085 -0.420990 -0.527674 -0.081602
-0.156500 0.192007 -0.212600 -0.477944 0.000036 -0.207717 -0.000053 -0.056729 0.000042 -0.000140 0.000024 0.224703 -0.087559 -0.025607 0.000017 0.000031 -0.000038 0.156790 -0.108015 -0.000041 0.062201 0.025613 0.000151 0.322596 -0.411511 0.083707
0.069249 0.367045 0.472703 -0.220424 0.000156 -0.267632 -0.000025 -0.032707 0.000126 0.000091 0.000139 0.480979 -0.165996 -0.043816 -0.000100 -0.000032 0.000005 0.045728 0.140716 -0.000151 0.783129 -0.050110 0.000085 0.123224 0.109828 -0.093322
0.519417 0.319750 -0.047830 0.168401 0.000010 -0.099166 -0.000018 -0.030991 0.000023 -0.000306 -0.000103 -0.326265 0.136677 -0.278872 -0.000023 0.000059 0.000000 0.305198 0.546430 0.000092 0.001627 0.092244 0.000025 0.064035 -0.013016 0.068036
0.002822 0.343991 0.069495 0.284958 0.000121 0.348805 -0.000070 0.026876 0.000068 0.000155 0.000045 0.263550 -0.160391 -0.029745 -0.000073 0.000111 -0.000071 0.111048 0.012133 -0.000032 -0.180938 -0.427149 -0.000000 0.488517 -0.192499 0.035553
-0.194258 0.608960 0.266024 -0.017407 -0.000125 1.016149 0.000108 -0.002813 0.000038 -0.000314 0.000030 0.116308 -0.251835 -0.408199 0.000074 -0.000150 0.000062 0.206913 -0.284279 0.000045 -0.440123 -0.286663 0.000055 0.228057 -0.157969 0.042457
0.148141 0.498157 0.029419 -0.187441 -0.000122 -0.169911 0.000055 0.000067 -0.000076 0.000111 0.000056 0.399064 0.166404 0.126492 0.000044 -0.000058 0.000005 0.025310 -0.312909 0.000005 0.633823 -0.159857 -0.000153 -0.136059 -0.021825 0.357113
0.467762 0.084519 0.252585 0.317116 -0.000013 -0.605742 0.000101 0.557810 0.000133 -0.000117 -0.000075 -0.098712 0.090521 0.057802 -0.000029 0.000062 -0.000041 -0.512478 0.036108 -0.000058 -0.024746 -0.489147 0.000041 0.059767 0.168717 -0.375369
0.338178 0.126034 0.461257 0.227269 -0.000086 0.089862 -0.000089 0.147754 -0.000102 0.000171 -0.000019 -0.176837 0.054552 0.763682 -0.000006 0.000011 -0.000004 -0.188649 -0.363311 -0.000150 0.220293 -0.399091 -0.000108 -0.224433 -0.045293 -0.232689
-0.218615 -0.089836 0.029627 0.249738 0.000000 -0.071890 0.000084 -0.066494 -0.000040 -0.000005 -0.000025 0.038730 0.097566 -0.045141 -0.000074 -0.000051 -0.000059 -0.035162 0.012540 0.000043 -0.308320 0.521028 0.000081 -0.195584 0.097763 -0.109072
-0.001048 0.073852 0.361924 -0.100536 -0.000039 0.129605 -0.000146 -0.307366 0.000109 0.000003 0.000052 0.175894 0.174367 0.274578 0.000004 0.000138 -0.000039 0.131159 0.535247 0.000055 -0.212588 0.450397 -0.000132 -0.152743 -0.057105 -0.068914
0.390953 0.508426 -0.354579 0.009952 -0.000166 0.066626 0.000060 -0.467221 0.000053 -0.000146 -0.000100 0.136979 -0.254230 0.005930 0.000132 0.000011 0.000104 0.345720 0.291805 0.000035 -0.494138 -0.048788 0.000127 0.710428 0.276995 0.308741
-0.023918 0.334456 0.284433 -0.033261 -0.000054 0.594966 -0.000012 0.152754 -0.000202 -0.001323 0.000116 -0.151480 0.066992 -0.307046 -0.000003 -0.000034 0.000172 0.301583 -0.090532 0.000023 -0.076589 -0.155159 -0.000113 0.250340 -0.025058 -0.144895
0.094081 -0.137524 -0.414634 -0.216553 0.000241 0.071656 -0.000043 0.672538 0.000077 -0.001216 0.000109 -0.252336 -0.515074 -0.277367 -0.000103 0.000043 0.000043 0.235241 0.134371 -0.000031 -0.145962 -0.209348 0.000037 0.150592 0.337406 -0.139303
-0.021167 -0.166097 0.275691 -0.398059 -0.000046 -0.006551 0.000026 0.134591 -0.000008 -0.000712 -0.000123 -0.042582 -0.051465 -0.096925 0.000060 -0.000060 0.000124 0.224432 0.268981 -0.000075 0.498476 0.527448 0.000061 -0.270081 0.310765 -0.070796
0.397334 0.271681 0.088260 -0.055970 -0.000118 -0.314657 -0.000062 0.348688 -0.000098 -0.000293 -0.000019 0.027251 -0.155985 0.288697 -0.000000 -0.000092 0.000029 0.083081 0.200202 -0.000099 0.200219 0.390910 0.000198 0.021632 -0.047432 0.197372
-0.143090 -0.242941 -0.277929 0.006662 -0.000040 0.011478 -0.000256 -0.087398 -0.000252 -0.000674 -0.000038 0.233754 0.069024 0.079348 -0.000114 0.000062 0.000022 -0.005268 0.419177 -0.000030 0.198638 -0.236504 0.000031 -0.117872 0.118200 0.308583
-0.577757 0.210106 -0.094973 0.203742 -0.000028 -0.078748 0.000355 0.350504 -0.000179 -0.001025 0.000165 0.108269 -0.147488 0.052935 0.000001 -0.000034 0.000038 0.204394 -0.208027 0.000060 -0.132526 -0.691732 -0.000202 0.206255 0.141704 -0.037881
-0.192235 0.001851 -0.032300 -0.169553 -0.000106 0.147019 0.000454 -0.201409 -0.000047 -0.000229 -0.000200 -0.176976 0.612379 -0.462574 0.000033 0.000100 -0.000044 0.321519 0.277583 -0.000086 0.266396 -0.373719 0.000060 0.233402 0.131643 0.068162
-0.188838 0.192110 -0.227666 -0.652661 -0.000045 -0.102928 -0.000079 0.431423 -0.000315 -0.000534 -0.000087 -0.696754 -0.493673 0.309563 0.000011 -0.000087 0.000014 0.214987 -0.228955 -0.000217 -0.169855 -0.118516 -0.000022 -0.361811 0.210618 -0.260240
0.259729 0.317685 0.045970 0.041684 -0.000007 0.053811 -0.000007 0.160472 -0.000040 -0.000870 0.000081 -0.050267 -0.012791 0.027114 -0.000048 -0.000074 0.000005 0.037452 -0.416271 0.000116 0.026486 0.017409 -0.000082 0.041097 -0.184779 -0.104977
-0.335302 0.302801 -0.238559 -0.065986 0.000152 0.399472 0.000046 -0.296011 -0.000157 -0.000473 0.000059 0.260936 -0.178886 0.052697 -0.000121 0.000005 -0.000016 0.165990 -0.389126 0.000079 0.090979 0.112238 0.000003 0.289290 0.105818 0.096189
0.074503 0.640026 -0.066146 0.133445 -0.000086 -0.228564 -0.000005 -0.478938 -0.000108 -0.000296 0.000045 0.022323 -0.163954 -0.544177 -0.000233 -0.000120 -0.000015 0.416929 0.207159 -0.000059 -0.023603 0.314854 -0.000039 0.242892 0.090833 -0.039961
-0.049305 0.301623 0.077961 0.499545 0.000000 -0.023096 0.000039 -0.063072 -0.000172 -0.000135 0.000075 0.024246 -0.368539 -0.074323 -0.000063 0.000034 0.000001 0.232165 -0.276553 0.000030 0.223926 0.224265 -0.000164 -0.313812 -0.202173 -0.111872
-0.133913 -0.005320 0.306242 0.529688 -0.000102 0.222400 0.000032 -0.128871 -0.000129 0.000112 0.000076 -0.022419 -0.518940 0.232745 -0.000056 0.000044 0.000037 0.388707 -0.081490 -0.000047 0.144497 0.026247 0.000079 -0.104249 -0.457548 -0.091384
0.215083 0.254203 0.043591 0.197386 -0.000093 0.565231 -0.000001 -0.317710 0.000150 -0.000229 -0.000054 0.046354 0.028786 0.192588 0.000052 0.000028 -0.000040 0.402998 0.495653 0.000049 0.269890 -0.349741 0.000215 -0.169835 0.281383 0.087034
0.315489 -0.368206 -0.094579 0.145764 -0.000012 -0.063147 0.000006 0.004357 -0.000156 -0.000109 -0.000085 -0.247824 0.157189 -0.357340 -0.000090 0.000028 0.000027 0.449807 0.437747 -0.000061 -0.199718 -0.483920 -0.000046 0.057069 -0.196611 -0.107952
0.304577 -0.006017 0.038905 0.026034 -0.000051 -0.312514 0.000011 -0.174978 -0.000132 0.000112 -0.000026 -0.152654 -0.086978 0.122949 0.000116 0.000090 -0.000033 0.369005 0.165583 -0.000051 0.152702 0.142854 -0.000067 0.424798 0.035320 0.016939
0.145323 -0.043269 -0.288762 0.116196 0.000131 0.089762 0.000046 -0.098412 0.000026 -0.000050 -0.000108 -0.192663 0.021988 0.125480 0.000114 0.000025 -0.000018 0.477466 0.209957 -0.000037 -0.061345 -0.410332 0.000044 0.151769 0.092564 -0.425296
0.355705 -0.466706 -0.460449 -0.031446 -0.000085 -0.369492 0.000006 -0.134849 0.000050 -0.000208 -0.000013 -0.109927 0.025809 -0.245348 0.000000 0.000156 -0.000156 0.395403 0.057369 -0.000012 0.070906 0.139763 0.000005 0.490897 -0.079721 -0.087251
0.379381 -0.042900 0.105865 -0.247782 0.000001 0.146752 0.000055 0.227976 0.000053 0.000035 0.000051 -0.119795 -0.560411 0.425253 -0.000072 0.000067 0.000026 0.552230 -0.006764 0.000014 0.147709 0.187188 -0.000014 0.378484 -0.682086 -0.169298
0.052769 0.417566 0.189707 -0.079902 0.000010 0.138701 0.000047 0.054842 0.000014 -0.000064 -0.000003 -0.076909 -0.355790 0.108026 0.000095 0.000062 -0.000060 0.442982 -0.162804 0.000073 0.206663 -0.165660 0.000036 0.147824 0.205095 -0.791378
-0.161649 -0.026529 -0.768136 0.073576 0.000111 0.161799 -0.000049 -0.127023 -0.000065 0.000016 -0.000135 0.178396 0.075143 0.032256 0.000028 -0.000082 -0.000053 0.548862 -0.098924 0.000075 -0.237050 -0.034356 0.000039 -0.257490 -0.207710 -0.188808
-0.514651 0.038610 0.049111 -0.281034 -0.000121 0.339476 -0.000063 0.493793 0.000011 0.000078 0.000085 -0.086037 -0.214533 0.406988 -0.000059 0.000076 0.000062 0.538766 -0.263755 -0.000026 -0.017492 0.093182 0.000108 -0.353892 -0.526299 0.256707
0.236638 0.065271 -0.166252 0.091843 -0.000250 0.074126 0.000048 0.412223 0.000001 0.000110 0.000136 0.169296 0.059065 -0.266226 -0.000026 -0.000104 -0.000044 0.374963 0.068053 0.000038 -0.320221 -0.697199 -0.000066 0.094242 -0.189165 -0.589554
-0.152741 0.182848 -0.007048 0.204143 0.000235 0.252748 0.000020 -0.246803 -0.000066 -0.000357 -0.000046 -0.173754 -0.068212 0.201242 0.000023 0.000050 0.000005 0.273535 -0.061933 0.000076 -0.015724 -0.057928 0.000033 0.010121 0.097141 0.028683
-0.209714 0.076001 0.026517 -0.270275 -0.000106 -0.627807 0.000082 -0.643126 0.000087 0.000018 0.000007 -0.332193 0.668596 0.049161 0.000041 0.000106 -0.000013 0.232889 0.182502 0.000029 0.371780 -0.407802 -0.000010 0.116723 -0.480694 0.351339
-0.220376 0.187938 0.173237 0.318313 0.000089 -0.012461 -0.000052 -0.016699 0.000166 -0.000824 -0.000105 0.018339 -0.266008 -0.272876 0.000075 -0.000038 0.000034 0.350430 0.074418 0.000083 -0.073134 0.179398 -0.000119 0.410556 -0.216317 0.098761
-0.061492 -0.093349 0.379053 0.367030 -0.000186 -0.029745 -0.000002 0.034439 0.000197 -0.000641 0.000026 0.058157 -0.031700 0.263137 0.000050 0.000043 -0.000031 -0.073748 0.072127 -0.000096 0.158664 -0.003404 -0.000008 -0.085719 0.169122 -0.578842
-0.326016 -0.286129 -0.128387 -0.066721 -0.000021 0.528409 -0.000010 -0.944771 0.000123 -0.000681 0.000095 0.155725 -0.273684 0.325725 -0.000037 0.000057 -0.000122 -0.158369 0.053436 -0.000061 -0.124977 0.406601 0.000078 -0.106670 0.004523 0.070267
-0.128946 0.177737 -0.157553 0.074008 0.000021 0.234659 -0.000007 0.085195 -0.000071 -0.000815 -0.000140 -0.070668 -0.424271 0.160816 0.000027 -0.000073 0.000140 -0.033003 -0.184165 -0.000028 0.077856 0.075939 -0.000107 -0.784039 0.129121 0.133523
-0.020952 0.696093 0.294876 -0.330723 0.000080 0.321808 -0.000002 0.565123 0.000057 -0.000754 0.000005 0.467185 0.354088 0.142294 0.000060 0.000017 0.000060 -0.061670 0.041594 0.000003 -0.043456 -0.304602 -0.000039 0.422830 0.330910 0.176020
-0.193063 -0.285947 -0.220897 0.199609 -0.000163 0.384882 -0.000029 -0.423235 -0.000027 -0.000646 -0.000013 -0.214301 -0.230826 -0.502370 -0.000045 -0.000032 0.000028 -0.165854 0.089538 -0.000009 -0.309951 0.313119 0.000049 -0.194378 0.471107 -0.239198
-0.270731 0.206468 0.102189 0.174572 -0.000118 0.146590 -0.000021 -0.249195 0.000057 -0.000241 0.000098 0.331158 0.000838 -0.055088 -0.000076 -0.000073 0.000034 0.004473 0.207704 -0.000065 -0.451052 -0.156213 -0.000083 -0.138924 -0.369988 -0.278995
-0.246498 0.452844 0.423523 0.376235 0.000041 -0.084489 -0.000062 -0.206828 0.000007 0.000149 0.000038 0.269205 -0.672005 0.252359 0.000010 -0.000197 0.000075 -0.180649 -0.039453 -0.000027 0.060231 0.224430 -0.000007 0.226759 -0.044086 -0.117214
-0.613469 0.127026 0.119819 -0.151693 -0.000149 -0.215681 -0.000053 0.036098 -0.000089 0.000047 0.000063 -0.013203 0.124617 -0.286066 -0.000021 -0.000018 0.000018 -0.030859 0.166038 -0.000233 -0.078167 0.042286 0.000065 0.022799 0.329148 -0.007564
0.259067 -0.149788 -0.200201 0.275118 -0.000048 -0.378942 -0.000049 0.069721 0.000078 0.000008 -0.000148 0.155880 -0.227607 0.209926 -0.000102 0.000110 -0.000117 0.240700 0.116591 -0.000007 0.050698 -0.111177 -0.000145 0.035166 0.045501 0.107993
-0.050487 -0.552107 -0.063780 -0.004418 -0.000030 -0.451715 0.000032 0.308398 -0.000087 0.000021 0.000031 -0.456260 0.000568 0.464904 0.000093 0.000236 -0.000081 0.101154 -0.111861 -0.000116 0.267433 -0.064026 -0.000046 0.339718 0.066552 -0.319896
0.012398 -0.280475 0.551534 0.137836 0.000076 0.229039 0.000019 -0.204213 -0.000020 0.000015 -0.000276 -0.150671 -0.086657 -0.296865 -0.000054 -0.000107 -0.000000 0.059308 0.414702 0.000091 0.399632 0.026175 0.000085 -0.101193 0.381984 -0.076752
0.736789 0.192779 -0.561607 0.009514 -0.000240 0.231119 0.000006 -0.511460 -0.000189 0.000099 -0.000006 0.256535 0.429828 0.204504 -0.000007 -0.000061 -0.000021 -0.038305 -0.155447 0.000089 -0.109809 0.239979 -0.000139 -0.409319 0.000618 -0.736141
0.269344 0.483441 0.499084 -0.047476 0.000162 -0.140874 -0.000031 0.138575 -0.000138 -0.000427 -0.000015 -0.126189 0.234671 -0.598354 -0.000028 -0.000092 0.000028 -0.119479 0.044790 -0.000036 -0.026622 0.296629 0.000032 -0.681964 0.216195 -0.242918
0.219233 0.162523 -0.216509 0.102266 0.000128 -0.248905 -0.000054 0.126952 -0.000065 0.000054 0.000140 0.302146 0.560883 -0.698359 0.000286 0.000036 0.000067 -0.057812 -0.106860 0.000027 0.056892 0.417275 -0.000005 0.577472 -0.064223 0.098923
0.026429 0.127187 -0.020979 -0.171015 0.000015 0.339587 0.000016 -0.266348 0.000131 0.000000 0.000056 0.173516 -0.135143 -0.282564 -0.000073 0.000080 0.000064 -0.262415 0.317410 -0.000065 0.047696 -0.016672 0.000080 0.296353 0.275181 -0.036694
-0.373639 -0.158413 0.094395 -0.274705 0.000106 0.278409 -0.000022 0.156818 -0.000001 0.000085 0.000012 -0.233214 -0.034171 -0.120958 0.000006 0.000118 -0.000083 -0.182084 -0.431725 0.000032 0.464840 -0.403431 -0.000031 -0.065168 0.040373 -0.193024
0.488463 -0.106303 -0.381845 0.585101 -0.000080 -0.238662 0.000027 -0.183433 0.000099 0.000010 0.000017 0.023619 0.398050 0.368230 -0.000088 0.000044 0.000038 -0.161476 -0.085373 0.000087 -0.638659 -0.197125 0.000066 -0.064943 -0.160709 -0.206992
0.538108 -0.106999 0.184436 0.366707 -0.000111 -0.017794 -0.000072 0.164138 0.000065 -0.000157 -0.000118 0.225185 -0.008339 0.698033 -0.000046 -0.000060 0.000043 -0.024204 -0.477088 0.000052 -0.213838 -0.394720 0.000081 0.082824 0.122710 -0.003751
-0.020076 -0.382768 -0.853937 -0.167861 -0.000032 0.204875 0.000037 0.476303 0.000011 -0.000204 -0.000061 0.500954 -0.161868 0.545657 -0.000023 -0.000072 -0.000026 0.161798 0.036679 -0.000099 -0.353103 -0.099620 0.000066 -0.088782 -0.737674 0.267700
0.137231 0.174283 0.137084 -0.557742 -0.000018 0.743992 0.000026 -0.031251 0.000067 -0.000049 0.000170 -0.134124 0.464510 0.024122 -0.000034 -0.000136 0.000054 0.259819 -0.134189 0.000008 -0.006127 0.079273 0.000048 -0.588984 -0.566713 -0.166202
-0.215583 0.099742 0.493385 -0.055559 -0.000028 0.173209 -0.000017 -0.440192 -0.000197 -0.000480 0.000178 -0.644244 -0.290838 -0.395508 0.000047 -0.000044 0.000035 0.367184 0.018846 -0.000016 0.278073 0.260355 0.000038 -0.455965 -0.852963 -0.194809
0.112887 -0.011022 -0.345521 0.019773 -0.000077 -0.125818 -0.000097 -0.016575 0.000081 -0.000455 0.000037 0.642714 -0.254315 -0.212213 -0.000026 -0.000035 0.000012 0.053589 0.403604 0.000174 0.203238 0.388195 0.000280 0.531232 -0.071479 0.083117
0.223433 -0.374285 0.273965 0.062802 -0.000140 0.417358 0.000023 -0.684807 -0.000037 -0.000341 0.000065 -0.660335 -0.241630 -0.182720 -0.000025 -0.000006 0.000025 0.012195 0.172008 -0.000165 0.145062 0.533870 0.000035 0.038093 -0.005068 0.086111
0.247071 -0.342212 -0.114852 0.037447 0.000089 0.000720 0.000076 0.066495 -0.000184 -0.000584 -0.000014 0.126032 -0.031502 -0.133572 -0.000020 0.000036 -0.000097 0.093720 0.566473 -0.000044 0.037624 -0.208978 -0.000146 0.008679 -0.038179 -0.055014
0.288774 -0.269742 0.257423 0.259021 0.000062 -0.082754 -0.000041 0.490327 0.000108 -0.000186 0.000035 -0.002963 -0.167835 0.283716 0.000076 0.000026 0.000007 0.170310 -0.024270 0.000114 -0.162628 -0.297103 -0.000025 -0.001530 -0.288449 -0.510385
-0.554460 -0.395073 0.142515 -0.140567 0.000020 0.436126 0.000019 -0.015484 0.000033 -0.000878 -0.000089 0.280011 -0.375226 0.384275 -0.000035 0.000077 -0.000143 0.131612 0.101279 -0.000096 0.212815 0.322425 0.000017 -0.232395 -0.091149 0.392515
0.045410 0.021088 0.518335 0.546496 0.000054 -0.014158 -0.000003 -0.028595 0.000064 -0.000443 0.000060 0.387375 0.521490 -0.064903 -0.000040 -0.000112 0.000068 0.225927 -0.320182 -0.000113 0.235915 -0.126572 0.000088 -0.092425 0.107634 -0.309843
-0.112398 0.339290 0.460872 0.210256 -0.000194 -0.303929 0.000035 0.014167 0.000126 0.000135 -0.000291 -0.259423 0.110493 -0.020442 -0.000013 0.000047 -0.000036 0.140858 0.215660 0.000102 -0.179770 0.069520 0.000025 0.450795 0.085968 -0.325212
0.024425 -0.346620 0.087869 0.729914 -0.000025 -0.096945 0.000041 -0.197778 -0.000081 -0.000563 0.000040 -0.327822 0.412807 0.249381 0.000011 -0.000051 0.000026 0.207607 0.150462 -0.000032 -0.392537 -0.265257 -0.000217 -0.266620 -0.154248 0.224610
0.108551 0.106683 0.445978 -0.126494 -0.000151 0.203781 -0.000022 0.189104 -0.000075 -0.000409 -0.000020 0.047860 0.245068 -0.400909 0.000067 -0.000079 0.000100 -0.020598 -0.379225 0.000013 -0.245284 -0.055906 -0.000019 0.234628 -0.003278 -0.007881
0.112175 -0.318057 0.036813 -0.031919 0.000174 -0.073113 0.000042 -0.378888 -0.000088 -0.000545 0.000013 0.044177 0.438726 0.256813 -0.000025 -0.000144 0.000020 -0.128479 0.449169 -0.000039 -0.153662 -0.058192 -0.000106 0.093407 -0.060320 0.215455
-0.577526 -0.288962 -0.050800 -0.178600 -0.000036 -0.031358 0.000023 -0.333991 -0.000074 0.000003 -0.000044 -0.510833 0.004277 -0.348639 -0.000027 -0.000064 0.000118 0.047923 0.219323 0.000064 -0.369650 -0.417483 -0.000006 0.322029 0.276870 -0.016789
0.300398 -0.056589 0.227048 -0.602974 -0.000016 0.440939 -0.000057 0.253213 0.000182 -0.000342 0.000033 -0.255027 -0.471972 -0.022645 0.000098 -0.000077 -0.000127 0.201666 0.480425 0.000023 -0.053119 0.661502 0.000031 0.311023 -0.310858 0.088230
0.064968 0.415291 -0.053684 -0.077820 0.000002 -0.016463 0.000064 0.592363 -0.000026 -0.000053 -0.000039 -0.469906 -0.413691 -0.262078 -0.000027 0.000016 0.000012 0.327956 0.487040 0.000074 0.006239 0.143888 -0.000067 -0.144279 0.117650 0.450047
0.416650 -0.081960 0.360257 -0.045040 0.000007 0.534191 0.000003 -0.076309 0.000089 0.000142 -0.000038 -0.642111 0.062813 0.256323 -0.000110 -0.000005 -0.000073 0.289758 0.305731 -0.000066 -0.012130 -0.117134 0.000067 -0.410030 -0.077863 0.032040
0.188570 -0.003742 0.016967 -0.117579 0.000026 -0.154744 -0.000015 0.079506 -0.000173 -0.000281 -0.000005 0.019113 -0.049833 -0.048602 0.000043 -0.000077 -0.000158 0.293460 -0.446318 -0.000028 0.451156 0.029933 0.000076 0.062230 -0.089119 0.269997
-0.038760 -0.028753 -0.451520 -0.015281 0.000095 0.438049 -0.000007 -0.379913 0.000098 -0.000232 0.000061 0.122633 -0.141617 0.167535 -0.000061 -0.000010 -0.000075 0.165816 -0.033251 0.000026 0.110749 0.119916 0.000009 0.112654 -0.352944 0.234814
-0.240545 -0.217911 0.045170 0.016641 0.000017 -0.054941 0.000016 -0.029932 0.000062 0.000031 -0.000092 -0.812306 -0.342550 -0.401351 -0.000010 0.000005 -0.000062 0.209251 -0.187284 0.000147 -0.145819 0.623172 0.000037 0.328588 -0.057907 0.370272
0.120998 -0.335327 -0.430187 -0.349905 0.000122 0.531169 0.000082 -0.122556 -0.000065 0.000061 -0.000021 -0.076331 0.512788 0.020892 0.000011 -0.000166 -0.000004 -0.022228 -0.230584 -0.000041 0.260278 0.247301 -0.000068 -0.217658 0.366992 0.148616
0.235749 -0.192530 0.116495 -0.531614 -0.000003 0.198471 0.000040 0.152007 0.000019 0.000056 -0.000075 -0.119786 0.208751 0.411616 0.000119 0.000233 0.000087 0.047042 0.060498 0.000013 0.176310 -0.227014 0.000006 0.484367 0.051787 0.506966
0.028492 -0.025191 -0.042054 -0.162626 0.000027 0.292781 0.000076 0.065102 0.000083 0.000011 -0.000076 -0.118129 -0.018802 -0.089123 -0.000005 -0.000050 -0.000022 -0.020725 0.472135 0.000012 -0.053747 -0.160076 -0.000005 0.292154 0.057209 0.597435
0.031140 -0.280795 -0.332965 -0.218435 -0.000039 0.764817 0.000040 0.097561 0.000030 0.000224 0.000039 -0.159981 -0.102622 0.178460 -0.000046 0.000075 -0.000025 -0.201442 -0.124212 -0.000067 0.532046 -0.626213 0.000007 -0.483198 0.147431 0.148802
0.339555 -0.329289 -0.466280 0.247219 0.000036 0.694104 -0.000020 -0.301114 0.000039 -0.000016 0.000107 0.574021 -0.185176 0.083610 -0.000037 -0.000111 -0.000082 -0.485066 -0.242915 -0.000063 0.101497 0.207470 -0.000031 -0.413246 -0.727791 0.352298
-0.002945 -0.221422 -0.396954 0.541437 0.000077 0.112003 -0.000001 -0.137647 -0.000054 -0.000365 0.000007 -0.071465 -0.267020 -0.353237 0.000024 0.000061 0.000088 -0.438933 -0.579580 -0.000041 0.002826 -0.163573 -0.000002 -0.449621 0.317781 -0.140719
0.126827 0.169715 -0.577139 0.821178 0.000124 -0.023906 -0.000001 0.250940 -0.000112 -0.000111 0.000176 0.002605 -0.072802 -0.156060 -0.000057 -0.000068 -0.000036 -0.240709 -0.074365 -0.000004 -0.338283 0.085955 0.000010 0.424168 0.212995 0.423099
-0.002181 -0.482831 -0.866662 0.194818 0.000054 0.000620 0.000044 -0.043704 -0.000144 0.000072 -0.000065 0.043222 0.212707 0.379097 0.000011 0.000058 -0.000045 0.154365 -0.117192 0.000024 -0.113298 -0.045028 -0.000043 0.212286 -0.244895 0.167648
0.190350 -0.381899 -0.383042 -0.515963 0.000051 0.085832 0.000025 -0.047658 -0.000128 -0.000077 -0.000328 0.572787 0.318124 0.530203 -0.000045 -0.000113 -0.000065 0.039649 0.005788 0.000062 0.434139 0.384274 0.000198 -0.072019 0.106725 0.232920
-0.013334 -0.347105 0.056566 -0.009955 0.000163 0.196399 0.000039 -0.515173 -0.000035 0.000088 -0.000064 0.162677 -0.138207 0.192616 -0.000018 0.000137 -0.000012 -0.034040 0.026170 0.000032 0.570769 -0.224051 0.000036 0.405371 0.108585 0.137899
-0.061482 -0.114728 -0.848748 0.318359 -0.000159 0.222189 0.000039 0.357866 -0.000121 0.000065 0.000014 0.015815 -0.100215 -0.556021 -0.000044 -0.000037 -0.000083 0.058460 -0.198330 -0.000024 0.333357 0.002824 0.000047 0.042193 0.230948 -0.036977
-0.157514 -0.187813 -0.082826 0.286315 -0.000126 -0.193517 -0.000014 -0.345004 -0.000089 -0.000215 0.000018 0.668962 -0.530033 -0.316896 -0.000005 0.000248 0.000024 -0.112342 0.031038 0.000037 0.339653 0.092548 0.000057 0.165370 0.012929 -0.299588
-0.351273 -0.100823 -0.008559 0.063713 -0.000074 0.199976 -0.000137 0.297351 0.000049 -0.000080 -0.000271 0.087411 -0.019436 0.116351 0.000116 -0.000003 -0.000015 0.072754 -0.028882 -0.000003 0.041253 0.532474 -0.000061 -0.505176 0.228207 0.106906
-0.289944 0.024571 -0.384691 0.226370 -0.000037 -0.032469 -0.000007 -0.061489 -0.000287 -0.000421 -0.000125 0.102835 0.047334 -0.582833 0.000101 0.000043 -0.000039 0.009839 0.076451 -0.000130 0.381225 -0.153313 0.000040 -0.306137 0.386126 -0.095288
-0.072075 0.301613 -0.276585 0.124281 0.000044 -0.096189 0.000026 0.034577 0.000055 -0.000087 -0.000093 -0.010619 0.522675 -0.540777 -0.000019 0.000026 0.000086 0.084848 -0.032968 -0.000015 -0.075407 -0.222309 -0.000052 -0.001596 -0.442771 -0.172501
0.203131 -0.133904 0.288290 -0.175002 0.000020 -0.256614 -0.000019 -0.519649 0.000107 -0.000266 -0.000078 0.221565 0.934985 0.066781 -0.000023 -0.000098 0.000048 0.355647 0.373067 0.000104 0.149774 -0.288847 -0.000112 0.116695 -0.321881 0.177309
-0.247301 0.030599 -0.331764 -0.047358 -0.000084 0.389388 -0.000031 -0.926510 -0.000163 -0.000112 -0.000023 0.208366 -0.109892 0.199525 0.000017 -0.000204 -0.000027 0.340987 -0.044420 0.000079 0.292696 -0.233330 0.000050 0.192778 -0.097685 -0.247310
0.132089 -0.050099 -0.047786 0.049549 0.000057 0.018276 -0.000049 -0.057449 0.000055 -0.000093 0.000014 -0.047412 -0.176640 0.359445 0.000050 -0.000041 -0.000019 0.189949 -0.677280 0.000044 -0.086286 -0.204579 -0.000083 0.446605 -0.376241 -0.206651
-0.628112 -0.189540 0.106205 -0.461581 0.000055 -0.196670 0.000034 0.316309 -0.000116 -0.000167 -0.000003 0.087742 0.425861 0.478232 0.000025 -0.000079 0.000027 0.045293 -0.288587 -0.000051 0.136381 0.194710 0.000026 -0.464285 -0.011736 -0.002873
0.077059 0.227914 -0.167931 0.495374 -0.000027 0.450327 0.000037 0.504018 -0.000122 -0.000033 -0.000073 0.364818 -0.146570 -0.229382 0.000158 -0.000048 -0.000068 -0.003009 -0.225841 0.000024 0.171548 -0.092765 0.000036 -0.276408 -0.163972 0.247120
-0.109092 -0.441874 0.191165 0.386767 0.000029 -0.237694 0.000040 0.387271 -0.000006 -0.000213 0.000076 0.092667 -0.076866 -0.710012 -0.000023 0.000083 0.000019 -0.099949 0.056171 -0.000134 0.500344 -0.525496 -0.000046 -0.398319 -0.273101 0.109601
-0.092123 0.087378 0.127668 0.243767 -0.000149 -0.142967 -0.000029 0.349693 0.000111 -0.000230 0.000093 -0.600282 -0.379490 -0.119270 0.000033 0.000016 -0.000090 -0.248517 -0.270918 0.000030 -0.125475 0.106708 0.000210 -0.174294 0.027589 -0.376941
-0.179391 0.043584 -0.229487 -0.339088 -0.000056 -0.221409 0.000002 -0.099195 -0.000127 0.000046 0.000039 -0.088991 0.279560 -0.362311 0.000039 0.000034 -0.000079 -0.310352 -0.618363 0.000099 0.529832 0.216547 0.000015 -0.142960 0.001041 -0.148654
-0.194386 -0.169742 0.493473 0.180159 -0.000038 0.060311 -0.000047 -0.384157 -0.000064 -0.000053 -0.000032 -0.223587 -0.174883 -0.150279 -0.000094 0.000048 -0.000090 -0.243413 0.002383 -0.000070 0.189591 0.106997 0.000011 0.245517 -0.085770 -0.353579
-0.015382 -0.455283 -0.322480 0.124819 -0.000064 -0.283360 0.000020 -0.025380 -0.000173 -0.000270 -0.000027 -0.265800 0.353686 0.319862 0.000041 0.000011 -0.000062 0.073465 0.206685 -0.000131 -0.244862 0.192956 -0.000175 0.104266 -0.120142 0.351259
-0.049969 -0.043608 0.040234 0.449916 -0.000038 0.457545 -0.000015 -0.217347 0.000001 -0.000031 0.000183 -0.455219 0.313622 -0.005441 0.000057 0.000041 -0.000020 0.248854 -0.976553 -0.000051 -0.349316 0.010667 -0.000044 0.088630 0.314957 -0.001476
0.067308 -0.040797 -0.052280 0.290384 -0.000087 0.120289 0.000007 0.074511 0.000008 -0.000241 -0.000050 -0.297582 -0.079916 -0.062474 0.000038 -0.000012 -0.000164 0.123399 -0.188744 0.000037 0.187328 -0.405396 -0.000091 0.188376 0.094857 -0.286169
-0.015069 -0.541272 -0.352114 -0.073502 -0.000103 0.122825 0.000045 0.045343 0.000014 0.000143 -0.000044 -0.307146 0.145644 0.061475 0.000029 0.000005 0.000024 -0.045841 -0.663804 0.000003 -0.366299 0.296244 -0.000048 -0.436104 -0.309267 -0.286878
