-0.002629
-0.023902
-0.001520
-0.837074
0.001000
-0.012571
-0.002208
-0.010364
-0.000239
-0.014872
-0.001385
-0.381731
-0.449953
-0.430293
-0.096717
-0.023559
-0.006386
-0.006988
-0.004109
-0.002160
-0.004058
-0.021767
-0.002471
-0.007965
-0.001831
-0.558553
-0.006459
-0.014205
-0.006922
-0.020731
-0.001987
-0.162329
0.000020
-0.116207
-0.009472
-0.001803
-0.027534
0.000196
-0.023283
-0.003044
-0.000861
-0.237344
-0.000468
-0.528584
-0.440125
-0.000775
-0.336618
-0.004710
-0.416105
-0.419865
-0.058770
-0.001038
-0.005896
-0.010179
-0.876608
-0.011468
-0.011549
-0.002589
-0.000927
-0.003791
-0.001027
-0.014995
0.167109
-0.016231
-0.004076
-0.001308
-0.506678
-0.178565
0.138080
-0.013869
0.002921
-0.013619
-0.021795
-0.164338
-0.031224
-0.004721
-0.001346
-0.001924
-0.002843
-0.001324
-0.004679
-0.335512
-0.000529
-0.419581
-0.006378
-0.103278
-0.001385
-0.397016
-0.004010
-0.009986
-0.420668
-0.001334
-0.003079
-0.002855
-0.002136
-0.020724
-0.000325
-0.002042
-0.005521
-1.467325
-0.830277
-0.028266
-0.001567
-0.171261
-0.001098
-0.079847
-0.000803
-0.008873
-0.001450
-1.028000
-0.012798
-0.005906
-0.003695
-0.291911
-0.194831
-0.007184
1.088799
-0.023670
-0.586396
-0.002566
-0.003243
0.000543
-0.027154
-0.001635
-0.002174
0.005967
-0.001692
-0.010815
-0.095206
0.167493
-0.000676
-0.045223
-0.011996
-0.444220
-0.001655
-0.013157
-0.002922
-0.000568
-0.002723
-0.003307
-0.000837
-0.001465
-0.091177
0.072637
-0.463313
-0.174913
-0.008163
-0.251688
-0.000975
-0.000619
-0.007246
-0.002905
-0.001255
-0.243838
-0.000935
-0.538824
-1.080305
-0.004012
-0.457117
-0.019646
-0.004728
-0.611878
-0.411868
-0.002628
-0.189259
-0.001876
-0.009915
