0.002041
0.015284
0.000741
-4.360514
0.001143
0.012007
0.000846
-0.008775
0.000035
-0.028204
-0.003693
4.862374
-2.508616
-2.811240
5.810266
-0.009077
0.008437
-0.005849
0.012897
-0.025136
-0.018785
-0.037356
-0.012913
-0.024168
-0.000926
-2.395876
-0.010240
-0.022203
-0.031773
0.024212
-0.021478
2.921901
-0.000043
3.237493
-0.027528
-0.012702
-0.020583
0.000885
0.009594
-0.009151
0.000717
-3.165328
0.000057
3.657212
-2.949990
-0.000425
3.402611
0.002747
4.130620
-3.143784
3.028699
-0.000710
0.007112
-0.006510
-2.771029
-0.006043
0.003898
-0.000096
-0.000619
-0.010617
-0.005571
-0.022567
-2.468686
-0.031109
-0.025789
-0.001344
3.310069
4.075584
-2.744551
-0.030057
-0.000108
0.016857
-0.022858
3.615004
0.019951
-0.026883
-0.000122
0.000714
-0.000315
0.029898
0.012156
3.898863
-0.000034
3.450252
-0.005667
5.513594
-0.019071
-1.421390
0.023356
0.021000
5.723387
0.006207
-0.002033
-0.002901
-0.001777
-0.008857
-0.000034
0.001196
-0.007092
-4.094520
-3.177066
0.005346
0.012129
3.504048
-0.012676
-1.966996
-0.000044
0.005281
-0.011555
-3.069748
0.015835
-0.001907
0.011162
4.619923
3.495530
0.017425
-3.817757
0.007175
-4.301649
-0.000043
-0.004615
0.000310
0.251980
0.004452
-0.001235
0.000825
-0.000789
0.037652
2.516135
-2.251132
0.004074
5.568934
-0.000884
-1.933644
-0.010635
-0.022999
-0.002650
0.000157
-0.009210
0.003624
0.000705
0.000102
-2.744925
3.621981
6.439414
3.030959
0.036671
2.996535
-0.015090
-0.000127
0.000755
-0.000141
-0.017354
-5.690948
0.000385
4.717926
-3.438968
0.015551
4.283626
0.010949
0.006216
-3.315500
-3.019568
-0.000262
1.940762
0.006685
-0.001542
