-0.000972
-0.001278
-1.875771
-0.005016
0.339216
0.003218
-0.003537
-0.009118
-0.001654
-0.020057
-0.006312
-0.001408
0.967438
1.020529
-0.001140
-0.243276
0.533711
-0.002397
-0.408451
-0.000970
0.003032
-0.001059
-0.541583
0.518079
-0.005523
-0.017909
-0.000267
-0.002392
-0.003703
-0.009667
-0.000679
-0.005329
-0.001407
-0.006833
0.158892
-0.000531
-0.004324
-0.001670
-0.005378
0.044046
-0.000394
-0.001786
-0.001345
-0.002589
-0.025322
-0.002481
0.447416
-0.004420
-0.612897
-0.005406
-0.013604
-0.001470
-0.017358
-0.015413
-0.001767
-0.006819
0.002277
-0.006835
-0.001440
-0.000750
0.442687
-0.001919
-0.006053
-1.182485
-0.002578
-0.000948
-0.012733
-0.004213
-0.003645
0.911284
0.415624
0.338364
-0.024524
-0.002138
-0.000813
-0.009923
-0.006549
-0.002490
-0.002303
-0.000151
-0.013483
-0.001929
-0.008891
0.400406
-0.001693
-0.213863
0.400038
-0.002465
-1.298612
-0.015213
-0.013080
-1.109132
-0.000961
-0.000765
-0.009903
-0.007895
-0.010083
