0.115947
-0.003513
-0.016105
-0.007903
-0.008331
-0.007391
-0.003237
0.047613
0.411282
-0.011206
-0.005192
-0.012097
-0.134622
-0.121819
-0.000422
-0.003853
-0.002977
-0.285777
-0.293263
-0.013144
0.003929
0.294179
-0.314075
-0.045377
-0.411493
-0.001919
0.335820
-0.020007
-0.566656
-0.000415
-0.212769
-0.021340
-0.194708
-0.004214
-0.000963
-0.000924
-0.001159
-0.077076
-0.236931
-0.000084
-0.010850
-0.158659
-0.190013
-0.010065
-0.251395
-0.231436
-0.006732
-0.003470
0.157742
-0.001521
-0.001516
-0.009481
-0.015146
-0.021517
0.021149
0.377134
-0.000696
0.378590
-0.011011
-0.190647
-0.185574
-0.113300
-0.023609
-0.093061
-0.023335
-0.001774
-0.008959
-0.009005
-0.358478
0.059474
-0.250093
-0.002580
-0.329236
-0.030424
-0.009148
-0.001912
-0.008972
0.311253
-0.007232
-0.025258
0.060815
-0.000797
0.243848
-0.145193
-0.031410
0.338469
-0.114791
0.402618
-0.002057
-0.059946
-0.003971
0.347270
-0.001225
-0.005946
-0.078751
-0.016287
-0.003103
-0.009554
-0.001112
-0.001598
-0.169464
-0.468779
-0.009441
-0.002720
-0.006246
-0.013517
0.296630
-0.294509
-0.369342
-0.227580
-0.206787
-0.093457
0.389823
-0.000481
-0.008643
-0.595203
-0.038423
-0.005936
-0.000578
-0.182947
-0.001873
-0.001287
-0.277612
0.481153
0.007491
-0.015489
-0.206800
-0.001931
