-0.001532
-0.002314
-0.001454
0.166141
1.256283
-0.519661
-0.001023
-0.007647
0.000840
-0.008455
-0.003853
-0.027576
-0.031316
-0.006014
-0.000050
-0.000668
0.583456
-0.001117
-0.015456
-0.008232
-0.008390
-0.001933
1.279925
0.134860
-0.003944
0.019062
-0.000968
-0.030401
-0.001745
-0.006392
-0.009578
-0.001329
-0.002288
-0.005003
0.528307
-0.003097
-0.007474
-0.001347
-0.002163
-0.000985
-0.007840
-0.000339
-0.001277
-0.038903
-0.003432
-0.001107
-0.003285
-0.483166
-0.014279
-0.074034
-0.001335
-0.011571
-0.012311
0.956393
0.414905
-0.002401
-0.027133
-0.003379
-0.013818
-0.007381
-0.005639
-0.003892
-1.428667
-0.002171
0.000659
-0.018058
-0.002313
-0.018034
-0.004713
-0.281373
-0.003320
-0.009857
0.520230
-0.004016
0.448793
-0.001619
-0.011127
-0.012733
-0.000723
-1.690379
-0.001217
0.352993
-0.004424
-0.007046
-0.022001
-0.005714
-0.006899
-0.007974
-1.321025
-0.013276
-0.000908
-0.001336
-0.012104
-0.013967
