-0.000275
0.027480
0.000646
4.858081
-3.003277
2.616125
-0.000207
-0.002560
-0.000155
-0.033537
-0.003064
0.020953
0.031551
0.000199
0.000021
-0.023850
5.503648
0.019389
0.011409
0.034399
0.036130
0.001012
-3.238047
5.521291
0.000841
5.379788
-0.000524
3.302609
-0.015436
0.011229
0.028439
-0.000590
-0.039543
-0.015117
-2.460545
0.000517
0.018084
-0.001865
0.009712
0.016515
0.022103
0.000233
0.000977
0.030255
0.026640
-0.003921
0.008089
5.869661
0.023274
-1.691947
-0.001788
0.002251
-0.005977
-2.491151
0.341293
0.001183
-0.004411
-0.014573
0.019402
0.007295
-0.004242
0.018271
-2.039123
0.016145
0.000184
-0.011011
0.016937
0.044866
-0.004834
-1.566117
-0.006916
0.006651
-3.005370
0.025260
5.761630
0.000288
-0.020964
0.024603
0.000200
-2.055174
-0.033677
-2.127286
-0.001237
-0.016375
-0.010424
-0.005428
0.004731
0.027290
-1.329291
0.017581
0.004355
-0.001934
-0.016552
-0.017510
