0.005922 0.119637 0.019246 -0.000077 0.125635 -0.000599 -0.000023 -0.093724 -0.000082 0.392782 0.003466 0.026312 0.303803 -0.054560 0.107698 -0.000578 0.000048 0.102305 -0.179778 -0.000197 0.240472 0.275179 0.000029 0.010458 -0.167432 -0.000042 -0.138635 -0.000066 0.000042 0.169087 -0.032113 0.167073 -0.038906 -0.163227 -0.000119 -0.035161 0.056916 0.015478 -0.324049 0.149130 -0.530370 -0.185828 0.000092 -0.000060 0.001807 0.013517 -0.000306
0.351438 -0.019918 0.083607 0.000004 0.012001 0.022001 -0.000012 0.062348 0.000106 0.089189 0.046451 0.022550 0.095155 0.056200 -0.101971 -0.002071 -0.000047 0.036386 0.030780 0.000025 0.054810 0.155750 -0.000145 0.065438 -0.108912 0.000121 0.152313 -0.000062 -0.000046 -0.101879 -0.153535 -0.170963 -0.071417 0.085206 0.000018 0.053807 -0.313412 -0.351657 0.028671 -0.077419 0.194531 -0.262306 -0.000083 0.000054 -0.010866 0.353148 0.000838
0.002249 -0.091058 0.113751 -0.000131 -0.175132 0.036995 0.000153 0.051218 -0.000058 -0.018466 0.067525 -0.440362 0.104850 0.120670 -0.070950 -0.001535 0.000059 -0.382140 0.186465 0.000088 0.131889 0.223632 -0.000060 0.091486 -0.077213 -0.000126 0.008174 -0.000104 -0.000057 0.104335 0.072690 -0.172898 -0.166016 -0.220724 0.000252 0.254550 -0.036160 -0.328279 -0.109214 -0.244570 0.328215 -0.195446 0.000146 -0.000106 0.481441 0.161990 0.000514
-0.144508 -0.011579 0.126735 -0.000001 -0.359278 0.041540 0.000073 -0.146399 0.000038 0.076371 0.073701 -0.100822 -0.127954 0.158688 -0.017631 0.000195 0.000006 -0.010791 0.050351 0.000020 -0.038322 0.026900 0.000013 0.100724 -0.009878 -0.000124 0.505013 -0.000083 0.000009 0.427887 -0.063450 0.003082 -0.102991 0.134338 0.000314 0.054133 -0.193465 0.020973 0.079898 -0.022994 -0.005549 -0.294382 -0.000102 -0.000027 0.002321 0.169493 -0.000192
0.058877 -0.069372 0.058443 0.000018 -0.398008 0.013353 -0.000166 0.153552 0.000053 0.145419 0.031188 0.013353 -0.065108 0.185438 0.048326 -0.004780 -0.000059 -0.003669 0.325435 -0.000220 0.153549 0.205008 0.000024 0.045177 0.394511 0.000005 -0.000670 -0.000011 -0.000113 0.229223 -0.008183 -0.032763 -0.139472 0.178479 0.000081 -0.261777 -0.017278 -0.123992 -0.084891 -0.099155 0.134164 -0.023372 -0.000048 -0.000121 -0.030391 -0.087143 0.000090
-0.041820 -0.386275 -0.001839 -0.000179 -0.078884 -0.001086 -0.000078 -0.004788 0.000005 0.023887 -0.001265 0.589962 0.132277 0.078211 0.164802 -0.003611 0.000067 0.196866 0.216721 0.000066 0.016331 0.174175 0.000069 -0.001585 -0.116620 0.000040 -0.171180 -0.000054 -0.000114 -0.131806 -0.047425 -0.115123 0.195160 0.134757 0.000009 -0.092727 -0.245551 0.288140 0.100020 0.227512 -0.250787 -0.025530 0.000101 -0.000109 0.070266 -0.304469 0.000311
-0.035058 -0.165248 0.028697 -0.000010 0.063743 0.003079 0.000114 -0.049633 -0.000023 -0.036766 0.009119 0.001512 0.037649 0.194095 -0.358491 -0.001980 -0.000096 -0.077677 -0.142489 -0.000078 0.144727 -0.148552 -0.000072 0.018827 0.002909 -0.000037 -0.329121 -0.000001 -0.000110 0.037918 -0.186359 -0.270320 -0.028629 -0.054201 0.000100 -0.001786 0.044986 0.435223 0.084694 -0.144524 0.220272 -0.331045 -0.000106 0.000007 0.119146 0.062864 -0.000124
0.058121 0.104954 0.127494 0.000019 -0.090688 0.043423 -0.000024 0.020239 -0.000063 0.353296 0.075189 -0.194834 -0.062850 -0.000487 -0.087967 -0.000227 0.000128 -0.177554 -0.187942 -0.000105 0.296998 -0.049333 -0.000104 0.101354 -0.036352 0.000126 -0.020570 -0.000051 0.000250 -0.207589 -0.034724 0.152133 0.073770 0.260145 0.000113 -0.121994 -0.040430 -0.125120 0.021904 -0.071347 0.020902 0.129995 -0.000212 0.000165 -0.148951 0.420411 0.000540
0.217642 0.217422 0.145079 0.000010 0.009262 0.052762 0.000104 0.069821 0.000008 0.168091 0.087785 0.057847 0.121508 -0.013004 -0.145382 -0.000631 0.000010 -0.006359 -0.094828 -0.000098 -0.149813 0.006876 -0.000017 0.116763 0.137348 0.000017 0.268871 -0.000075 0.000135 -0.311515 0.221858 -0.002851 0.124067 -0.095389 0.000074 0.356119 0.062164 -0.032434 -0.342172 -0.084955 0.003157 0.020145 -0.000105 -0.000162 -0.110165 -0.066733 0.000110
0.015413 0.290792 0.084236 0.000075 0.113996 0.021915 -0.000003 -0.232653 0.000034 0.137145 0.046070 0.359030 0.161286 0.042411 0.092623 -0.000744 -0.000090 -0.067310 0.028990 -0.000096 0.155370 -0.327125 -0.000134 0.065455 -0.102324 0.000048 -0.184215 0.000136 0.000171 0.030584 -0.247025 -0.003738 0.202513 -0.379388 0.000042 0.267256 0.215674 -0.018095 -0.467655 0.390326 -0.133122 0.130888 0.000054 -0.000029 -0.078209 -0.027699 0.000087
-0.129688 -0.136914 0.044003 -0.000066 -0.053161 0.010863 0.000053 0.302703 0.000015 0.092567 0.024945 0.180997 0.152050 0.047150 0.009186 -0.000856 0.000207 0.017571 0.236309 -0.000020 -0.003873 0.052123 -0.000194 0.034903 -0.228723 -0.000057 -0.016389 -0.000310 0.000223 -0.021255 0.060116 -0.096171 -0.104229 0.118276 0.000075 -0.005612 -0.028929 -0.498801 0.481822 0.099839 -0.030134 0.267151 -0.000165 0.000068 0.022068 0.003975 0.000154
-0.158799 -0.143307 0.078983 0.000028 -0.247573 0.020389 0.000109 -0.198095 0.000025 -0.030374 0.044269 -0.084116 0.157823 0.010361 0.173050 -0.000785 0.000040 0.206218 -0.028753 0.000009 0.391386 0.234104 -0.000012 0.062050 -0.015812 -0.000302 -0.172545 0.000028 0.000214 -0.065839 -0.229949 -0.120732 -0.055291 -0.047472 -0.000154 0.244111 -0.205485 0.016661 0.303723 0.021933 -0.149994 -0.117914 -0.000346 0.000146 0.165614 -0.081194 0.000727
-0.377548 -0.066314 0.079981 -0.000007 -0.030928 0.022238 -0.000040 -0.059402 -0.000041 -0.190220 0.045514 -0.128078 -0.452923 0.027238 0.001233 -0.001090 0.000057 0.002671 0.055381 0.000136 -0.260477 -0.081740 -0.000016 0.063435 -0.319613 -0.000066 0.205968 -0.000020 -0.000120 -0.096036 0.148429 -0.110388 -0.033382 0.336776 0.000153 -0.230573 0.003140 0.134360 0.383245 0.203332 0.275171 -0.146229 -0.000080 0.000194 -0.126383 0.008276 0.000493
-0.171612 -0.026548 0.076769 0.000030 0.038063 0.022483 0.000159 -0.074576 -0.000005 -0.062601 0.043764 0.137103 -0.112307 -0.039884 -0.534212 0.000183 0.000015 0.305991 0.005542 0.000077 0.177836 0.087483 0.000032 0.060405 -0.196991 0.000125 0.020354 0.000172 -0.000006 0.004328 0.029580 0.200891 0.022032 0.086731 0.000106 0.009845 0.008284 0.018589 0.404028 0.104917 0.124526 -0.111303 0.000359 0.000006 -0.068708 0.127724 0.000336
0.012333 0.085980 0.048480 -0.000070 0.051615 0.013518 -0.000063 -0.074356 0.000013 -0.061669 0.027750 -0.024783 -0.134707 0.118433 -0.269455 -0.000486 -0.000078 -0.403238 -0.350105 0.000193 0.075421 -0.082578 -0.000068 0.038394 0.021560 0.000034 0.106867 -0.000120 0.000109 0.010166 -0.104682 -0.140196 -0.063262 0.184787 -0.000058 -0.235235 0.020873 0.357914 0.050751 0.024830 0.027686 -0.507264 0.000204 -0.000103 -0.073439 -0.127771 -0.000231
-0.232811 -0.199839 0.079139 -0.000065 0.125719 0.020035 0.000106 -0.155402 -0.000029 0.125050 0.043752 0.014647 -0.132470 0.085683 -0.002754 0.000403 -0.000091 -0.017519 -0.072088 0.000022 0.198611 -0.437122 -0.000004 0.062487 -0.235896 0.000100 0.161248 -0.000076 -0.000165 0.172097 0.043755 0.203630 -0.020567 0.032296 0.000093 -0.143432 0.178308 0.337025 0.016541 0.128317 0.031105 -0.062681 0.000058 0.000056 -0.054742 0.133398 -0.000085
-0.150266 -0.199176 0.106037 0.000061 -0.077726 0.039122 0.000107 -0.154980 -0.000016 -0.165826 0.065986 0.019323 -0.267245 0.025117 0.140953 -0.000785 -0.000183 -0.252414 -0.018424 -0.000115 -0.323892 -0.151439 0.000039 0.086967 -0.053231 0.000037 -0.072623 0.000042 0.000125 -0.000244 0.121607 0.021118 0.174329 0.013548 -0.000113 0.334891 0.101105 -0.015341 0.217914 -0.011915 0.028430 -0.051818 0.000063 0.000116 -0.212610 0.358219 0.000875
-0.066757 -0.008378 0.080062 -0.000046 -0.147488 0.020501 -0.000375 -0.065117 -0.000019 0.154624 0.043774 -0.001861 0.229051 -0.034872 0.072282 -0.000670 -0.000067 -0.253411 -0.000578 -0.000218 -0.037245 0.010270 0.000015 0.061992 -0.128088 0.000026 0.258302 0.000104 0.000078 -0.147227 -0.142842 -0.140005 0.035816 -0.402684 -0.000550 -0.021253 -0.016650 -0.207271 0.208143 0.007751 -0.054279 0.006868 -0.000182 0.000009 0.114637 -0.059990 0.000934
-0.013252 0.208102 0.073013 0.000023 -0.221201 0.016634 0.000259 0.243632 -0.000110 -0.112585 0.039927 0.015687 0.216647 -0.112394 -0.000161 0.000166 0.000052 -0.322012 0.012542 -0.000120 0.001755 -0.063509 -0.000007 0.057718 -0.153036 0.000077 0.062167 0.000104 0.000045 0.009616 -0.025971 0.074144 0.103963 -0.372142 -0.000002 0.338753 -0.033094 -0.099959 -0.013661 0.275588 -0.322307 -0.025287 0.000163 0.000148 -0.015323 -0.180839 0.001331
-0.206677 0.025127 0.103675 0.000026 -0.023381 0.029404 0.000188 0.039633 0.000056 0.020019 0.056867 -0.157976 0.289558 -0.012035 -0.485104 -0.000282 -0.000086 -0.222758 -0.076902 -0.000013 0.150889 0.490542 -0.000153 0.079858 0.015534 -0.000085 -0.018985 -0.000291 0.000151 -0.087624 -0.076075 -0.237551 0.251729 0.140873 0.000150 -0.082966 -0.251274 0.071629 0.192129 0.126851 -0.001068 0.111628 -0.000077 -0.000324 -0.074100 -0.044645 -0.000043
-0.236503 -0.020253 0.103583 0.000143 0.008410 0.032725 0.000049 -0.043888 0.000090 -0.053959 0.061092 -0.037282 0.149500 -0.040202 0.006401 -0.001067 -0.000216 -0.327617 0.151677 -0.000169 -0.176469 0.254714 -0.000034 0.083381 -0.287881 -0.000062 -0.010492 -0.000230 0.000094 -0.069600 -0.074585 -0.274160 -0.075367 0.483052 0.000154 -0.151771 0.013618 -0.009058 -0.039109 -0.327661 -0.048072 -0.053100 0.000106 0.000005 0.199849 -0.115556 0.000160
-0.165619 0.072913 0.032766 0.000025 0.031253 0.003403 0.000098 -0.060202 -0.000094 0.149889 0.014400 0.075500 -0.075863 -0.153023 0.275302 -0.001200 -0.000092 0.154358 -0.011754 0.000099 0.034538 -0.342629 -0.000004 0.023434 -0.003274 -0.000036 0.369764 -0.000206 0.000147 0.092219 -0.235830 0.339169 0.136809 0.008807 0.000088 -0.365137 -0.272479 0.055957 0.015455 0.203463 -0.015213 0.077641 -0.000019 0.000105 0.006996 0.060796 0.000219
-0.105520 0.053204 0.098513 0.000016 0.120513 0.032186 0.000058 0.358527 0.000046 -0.207895 0.058922 0.250376 -0.088999 -0.099902 0.206419 -0.000306 -0.000026 0.019116 0.284031 0.000034 -0.238005 -0.757251 0.000037 0.079224 0.115349 0.000117 0.188754 -0.000159 0.000065 -0.136120 -0.063591 -0.236165 0.096287 0.116965 -0.000024 -0.293525 0.006443 -0.310325 0.102986 -0.007450 -0.118068 -0.097890 -0.000126 -0.000047 -0.110905 0.159019 -0.000393
-0.023868 -0.201248 0.103552 0.000030 -0.033416 0.027970 -0.000003 -0.510556 -0.000045 0.362010 0.057970 0.077390 -0.001222 0.007481 0.276477 -0.000623 -0.000005 -0.274866 0.147281 -0.000251 0.040798 -0.034852 0.000035 0.082393 0.103468 0.000131 0.272585 0.000259 0.000036 -0.006820 0.088522 0.035177 -0.077560 -0.287912 -0.000205 0.248257 -0.246780 0.218043 -0.012631 -0.540782 0.002884 -0.189414 -0.000006 0.000223 -0.009740 0.205287 -0.000220
-0.017958 0.054724 0.033581 0.000032 -0.087215 -0.000132 0.000076 -0.177540 0.000040 0.108566 0.010120 0.123498 0.013384 0.008724 -0.100225 -0.000126 0.000036 -0.092126 0.015299 0.000095 -0.002785 -0.202107 -0.000007 0.021248 0.064310 0.000013 0.252445 -0.000015 0.000032 -0.401246 0.377729 0.087234 -0.166895 -0.068641 0.000102 -0.170212 0.070365 0.136813 -0.168993 -0.116032 0.084620 -0.248701 0.000058 0.000050 0.154949 -0.061248 0.000198
-0.050577 0.010940 0.061339 0.000038 -0.301914 0.011982 0.000095 0.209999 0.000000 -0.054250 0.031655 -0.224314 0.119807 0.008777 -0.067632 -0.002090 -0.000086 0.067686 -0.212513 0.000053 0.324794 0.503422 -0.000034 0.046494 -0.363511 -0.000011 -0.369235 -0.000014 -0.000092 0.106780 0.106727 0.057322 -0.116678 0.030534 -0.000034 0.343069 0.155497 0.304363 -0.134915 -0.316365 0.118769 -0.011882 -0.000046 0.000178 0.095940 -0.019200 0.000106
0.315575 0.405675 0.067002 -0.000042 0.006832 0.011801 0.000062 -0.107400 -0.000013 -0.090297 0.033237 0.303232 -0.030116 0.045776 0.011460 -0.001938 -0.000051 -0.246823 0.046612 -0.000113 -0.023830 -0.125673 -0.000010 0.050050 0.110742 -0.000050 0.001635 0.000037 -0.000403 -0.094691 -0.031335 0.077565 0.013947 -0.005195 0.000397 -0.027640 0.007135 -0.130382 0.034747 0.017378 -0.154136 0.021193 -0.000092 -0.000230 -0.183763 -0.137181 0.000267
-0.076352 -0.052405 0.058563 -0.000058 -0.106562 0.006086 -0.000071 0.176169 0.000077 -0.172106 0.025180 -0.082549 0.079893 0.070623 0.131955 -0.000644 0.000108 -0.189301 0.170530 -0.000151 -0.069505 0.128761 0.000029 0.040569 -0.396748 -0.000037 0.188502 0.000117 -0.000182 0.019088 -0.175092 -0.402839 0.066440 0.097528 0.000146 -0.008621 -0.102804 -0.167676 0.455514 -0.183261 0.006964 -0.227413 -0.000103 -0.000090 -0.278399 0.042611 0.000044
0.033050 -0.079703 0.086532 0.000007 -0.330359 0.024194 -0.000018 0.144340 0.000036 0.105408 0.047599 -0.134553 0.051439 0.017177 0.023585 -0.002845 0.000047 -0.113394 0.119413 -0.000174 0.209080 0.102032 -0.000024 0.066243 0.102745 0.000081 0.233393 0.000194 -0.000066 0.089279 0.032796 0.219608 -0.293766 -0.263934 0.000109 -0.159485 -0.174346 0.067541 0.115601 -0.230419 0.258889 -0.050573 -0.000015 0.000358 0.087730 -0.012454 0.000612
0.335491 -0.151338 0.030801 0.000010 -0.232392 0.007173 -0.000009 0.247880 -0.000197 -0.081605 0.017095 0.120012 -0.037841 0.053035 0.186437 -0.000979 -0.000163 -0.086176 -0.173411 -0.000124 -0.366717 -0.290733 0.000022 0.023708 0.370789 -0.000088 0.152473 -0.000252 -0.000068 0.003631 -0.087476 -0.112346 -0.112766 0.229882 0.000213 -0.132700 0.045525 0.016942 0.005457 -0.193391 0.170229 0.256442 -0.000158 -0.000117 0.149973 0.209407 0.001488
0.102639 0.157212 0.057906 0.000063 0.292974 0.014198 -0.000000 -0.185946 -0.000039 -0.024911 0.031617 -0.182113 0.084003 -0.026553 -0.083711 -0.000917 -0.000123 -0.105428 0.285835 -0.000020 -0.203028 0.204015 0.000008 0.045080 0.254008 -0.000047 -0.160290 -0.000120 -0.000353 -0.083287 0.064342 -0.131977 -0.014529 -0.157314 0.000140 -0.373875 0.259561 0.213649 -0.162608 -0.072870 -0.001856 0.120122 -0.000107 0.000053 -0.196682 0.333748 0.000963
-0.177736 0.091319 0.029436 0.000002 -0.374808 0.006153 -0.000299 -0.102415 0.000049 -0.006081 0.013964 0.277071 -0.116240 -0.039418 -0.208089 -0.003747 -0.000209 0.158497 0.128791 0.000018 -0.006046 0.083913 -0.000159 0.021874 0.034056 0.000061 -0.266821 0.000008 0.000072 -0.186999 -0.163194 0.116068 0.282154 0.124995 -0.000586 0.069252 0.086107 -0.146369 -0.102670 0.231391 0.040966 0.090936 0.000087 0.000002 -0.013317 0.135904 -0.000079
-0.337800 -0.211356 0.094792 0.000034 -0.027473 0.023695 -0.000008 -0.095344 -0.000063 0.238182 0.051472 -0.076631 -0.191760 -0.054940 0.300237 -0.002183 -0.000112 -0.243702 -0.015105 -0.000012 -0.092293 -0.276953 -0.000062 0.073757 -0.034221 0.000038 0.177233 0.000048 -0.000089 -0.126670 -0.029035 -0.098731 -0.016003 -0.031434 -0.000077 0.077117 0.127013 0.023162 0.048726 0.095848 -0.397830 -0.105049 0.000272 -0.000004 0.277819 -0.107915 0.000471
0.176402 -0.184752 0.115366 -0.000069 0.433588 0.039240 0.000169 0.064285 0.000148 -0.058335 0.069159 0.159643 -0.250849 0.007607 0.003894 -0.002665 0.000351 0.253763 -0.111059 -0.000052 0.164479 0.054905 0.000046 0.093003 0.109493 0.000022 0.056536 -0.000093 0.000031 0.088270 -0.130498 0.161128 0.168486 -0.372699 -0.000018 0.187226 0.004771 0.217594 -0.298001 -0.138996 -0.204259 0.026658 -0.000022 0.000051 0.088394 0.212170 0.000341
-0.007317 0.317697 0.047398 0.000166 -0.203633 0.009659 -0.000014 0.197878 0.000099 -0.221520 0.026439 -0.050479 -0.185467 -0.034906 -0.146419 -0.002589 0.000039 0.088774 0.082071 -0.000272 0.303328 0.225814 -0.000017 0.036794 0.303014 -0.000185 -0.334385 0.000002 -0.000014 0.082654 0.177014 0.117222 0.016908 -0.174374 -0.000088 -0.147393 -0.197228 -0.028666 0.435938 0.129995 0.039842 0.059250 0.000006 0.000085 -0.042422 0.146744 -0.000179
-0.055036 0.108251 0.056063 -0.000046 0.093512 0.008428 -0.000048 0.147514 -0.000164 0.018784 0.026323 -0.112414 0.043709 0.130237 -0.283234 -0.003714 0.000016 -0.015377 0.095940 -0.000058 0.316606 0.122429 0.000050 0.040374 0.139080 -0.000045 -0.425000 -0.000066 0.000217 0.021284 0.123959 0.216101 0.022010 0.173070 0.000072 -0.179659 -0.136544 -0.050660 0.108261 0.050867 -0.000708 -0.039787 -0.000183 0.000052 -0.103880 -0.245429 0.000032
0.202521 -0.282388 0.045046 -0.000053 -0.139314 0.000169 0.000054 0.267080 0.000085 -0.031080 0.013922 0.136211 -0.048808 0.100913 -0.037144 -0.002039 -0.000248 -0.129591 0.015366 -0.000073 -0.199524 0.413251 0.000052 0.028861 -0.439000 0.000207 -0.106663 -0.000257 -0.000028 -0.053662 -0.001434 -0.035206 0.062882 0.272916 -0.000055 -0.242354 -0.051518 0.190371 0.248106 0.145305 0.017548 0.198173 0.000047 -0.000130 0.002631 0.262566 0.000515
-0.015312 -0.096627 0.040245 -0.000114 0.086921 0.003325 0.000078 0.130697 -0.000111 0.009644 0.015871 -0.313310 -0.103220 0.071651 0.134330 -0.002444 0.000006 0.098763 0.011438 0.000055 -0.293950 0.003168 -0.000118 0.028491 -0.064249 -0.000062 0.205048 0.000020 -0.000231 0.003124 -0.070762 -0.047470 0.147495 0.020475 0.000139 0.071971 0.105920 -0.056227 0.301405 -0.084131 0.155259 0.009160 0.000109 -0.000114 0.259381 0.058706 0.000200
0.135862 -0.016721 0.062309 0.000019 -0.028122 0.017422 -0.000065 0.317970 -0.000024 -0.105434 0.037058 -0.124349 -0.052847 0.009758 0.199559 -0.001208 -0.000023 0.318441 -0.561026 0.000054 0.314791 0.031565 -0.000023 0.050560 0.268277 0.000091 0.063466 0.000043 -0.000228 0.219859 -0.022691 -0.067884 0.072906 0.212189 0.000238 0.029611 -0.026823 0.255487 -0.100473 0.130579 -0.064112 -0.101128 -0.000109 -0.000043 0.009812 -0.102789 0.001279
0.133940 0.353480 0.059296 0.000008 -0.040595 0.011669 -0.000183 0.025376 0.000077 -0.017111 0.030265 0.049496 -0.071820 0.067265 -0.059277 0.000445 0.000063 0.278308 -0.105483 0.000121 -0.117715 0.066224 0.000035 0.044561 -0.413171 0.000048 0.390462 -0.000001 -0.000039 0.048162 0.076745 0.029379 0.214157 0.095441 -0.000011 0.382192 -0.061118 0.240615 -0.318659 -0.019283 0.022024 0.126444 0.000057 -0.000083 0.041918 0.441213 0.000328
0.082853 0.062539 -0.000042 -0.000042 0.094528 -0.000325 0.000054 -0.063195 0.000023 0.199826 -0.000376 0.054250 -0.136329 0.015246 0.199662 -0.000360 0.000067 0.156387 -0.224574 -0.000029 0.071128 -0.035842 -0.000109 -0.000260 -0.002201 -0.000097 0.246373 -0.000121 -0.000065 0.344111 0.037010 0.387150 -0.021131 -0.255621 0.000007 0.189057 0.041293 -0.118706 -0.124601 0.099864 0.082602 0.048705 -0.000044 -0.000138 0.073384 0.190147 0.000313
-0.051781 -0.063457 0.021034 -0.000103 -0.213448 0.000802 -0.000289 -0.124870 -0.000006 0.298527 0.006048 0.017348 0.218129 -0.216750 0.053138 -0.000945 0.000053 0.285186 0.147380 -0.000222 0.112474 0.005271 0.000066 0.012247 -0.172059 0.000040 0.212733 0.000050 -0.000007 -0.146051 0.161967 0.030920 -0.108861 -0.128287 -0.000009 0.029073 -0.241994 0.121508 0.142901 -0.126907 0.154528 0.098992 -0.000129 0.000132 -0.193369 0.034863 0.001516
0.447083 0.167882 0.036720 0.000154 0.010338 0.005569 0.000072 0.120338 -0.000008 -0.043376 0.017076 0.130684 0.151553 -0.131254 -0.010575 -0.000290 0.000148 0.076606 0.044998 -0.000054 -0.182538 0.163407 -0.000102 0.027030 0.028808 -0.000040 0.049296 0.000155 -0.000197 -0.050012 0.248642 -0.195350 0.013984 0.322715 0.000188 -0.152012 -0.015903 -0.107142 0.210110 -0.050608 -0.019940 -0.325496 -0.000118 -0.000122 0.139863 -0.108150 0.000821
0.017115 -0.221091 0.021873 0.000096 0.126305 0.003269 0.000136 -0.550112 0.000058 0.092939 0.007703 -0.067841 -0.150130 0.014562 0.096400 -0.001785 0.000005 -0.125261 0.164533 -0.000214 -0.064591 0.177687 -0.000034 0.013733 0.273428 0.000091 -0.121401 -0.000018 0.000058 -0.004710 -0.201539 -0.181049 0.176484 0.355957 -0.000086 0.121098 0.101327 -0.043362 -0.002000 -0.108111 0.071971 0.062345 -0.000038 0.000040 -0.086065 0.152382 -0.000090
-0.071692 -0.063240 0.073450 -0.000079 0.079600 0.022033 0.000153 0.142369 0.000023 -0.270366 0.043769 -0.433408 0.071071 -0.110166 0.021403 -0.002907 0.000022 -0.005879 -0.138211 -0.000236 -0.225514 0.131593 0.000056 0.059642 0.317963 0.000028 0.002887 -0.000081 -0.000135 -0.022473 -0.040621 0.161179 -0.165144 -0.055040 0.000125 -0.056365 -0.017554 -0.100731 0.109598 -0.017549 0.117322 -0.098086 -0.000202 -0.000035 0.014676 -0.044199 0.000008
-0.031097 0.386612 0.016551 0.000036 -0.322246 0.001016 -0.000007 -0.132257 0.000041 0.112427 0.003718 0.021177 -0.084250 -0.029740 -0.173426 -0.000499 0.000044 0.077140 0.119206 0.000024 0.051685 0.520530 0.000069 0.008776 -0.096587 -0.000066 -0.258044 -0.000057 0.000234 -0.053750 0.162899 -0.195281 0.289028 -0.001407 0.000002 0.183548 -0.000404 0.134622 0.019490 -0.349375 0.232217 0.276119 -0.000095 0.000097 0.257051 0.344369 -0.000306
0.165172 0.054886 0.034824 -0.000064 -0.014558 0.004819 -0.000013 -0.168228 0.000098 0.158972 0.015730 0.069809 0.018464 -0.298112 -0.058273 -0.001975 -0.000082 0.015281 0.063623 0.000181 0.233298 0.092701 -0.000007 0.025227 -0.171194 -0.000085 0.166276 0.000043 -0.000258 -0.128224 -0.078709 -0.073149 0.019435 -0.194630 0.000180 -0.324719 0.253872 0.433159 0.239626 0.021393 0.186965 0.182430 -0.000046 -0.000307 -0.235167 -0.012334 -0.000184
-0.028538 -0.148804 0.057648 -0.000067 0.081604 0.008331 -0.000138 0.032696 0.000022 0.181637 0.028467 -0.002483 -0.190831 -0.231878 -0.177961 -0.002782 -0.000060 -0.170127 -0.206723 0.000154 -0.014018 0.327562 -0.000139 0.043374 -0.139738 0.000174 0.156537 -0.000048 -0.000116 -0.473711 -0.189335 -0.445216 -0.132833 -0.003576 0.000009 0.150061 0.018849 0.073219 -0.133532 0.102694 0.017349 0.335996 -0.000007 -0.000095 -0.021536 -0.104567 -0.000513
-0.308032 -0.192932 0.004370 0.000073 0.004143 0.002841 -0.000085 -0.009737 -0.000040 0.369796 0.003958 0.083617 -0.232858 -0.194429 0.194051 -0.001215 0.000235 0.155599 -0.270119 -0.000138 -0.124645 -0.208743 -0.000062 0.004204 0.139681 0.000050 0.190607 -0.000119 0.000079 0.010205 -0.156453 -0.029961 -0.251361 0.159617 0.000164 0.154130 0.301733 -0.219716 -0.248005 0.177998 -0.278313 0.240103 -0.000110 -0.000093 0.244734 0.111758 0.000731
0.069796 0.054204 0.001573 0.000119 0.209567 0.002968 0.000082 -0.041788 0.000024 0.234267 0.002328 0.242179 0.118950 -0.257174 -0.252322 -0.002194 0.000092 -0.001468 0.018042 -0.000055 0.155255 0.281529 -0.000001 0.001860 0.205665 -0.000078 -0.077633 0.000269 -0.000090 -0.180426 0.149807 -0.304140 0.323914 0.236348 0.000325 -0.028064 -0.002248 -0.433525 -0.102051 -0.263350 -0.019669 0.157182 0.000031 0.000303 -0.032949 0.293081 0.000531
-0.012264 0.514458 0.038626 0.000080 -0.026770 0.010511 -0.000157 -0.265017 -0.000056 -0.146720 0.021285 -0.179252 -0.218786 0.011386 0.087966 -0.002360 -0.000054 0.108197 -0.196937 0.000044 0.119705 -0.055223 -0.000201 0.029380 0.533278 -0.000090 -0.063678 0.000066 -0.000452 0.116383 -0.148317 -0.050139 0.000627 0.180068 0.000125 0.419926 0.123665 -0.103584 0.050493 0.002196 -0.141151 0.000404 -0.000110 -0.000009 -0.066971 -0.086285 -0.000082
-0.154301 0.183201 0.064214 0.000058 0.259558 0.016317 0.000178 0.016054 -0.000027 -0.157515 0.036423 0.041205 -0.094514 -0.001150 -0.006539 -0.001770 -0.000077 0.138994 0.093455 0.000027 0.096835 0.069249 -0.000046 0.051081 0.077085 0.000062 -0.213410 0.000196 0.000046 -0.000485 -0.092000 -0.096538 -0.067868 0.071293 -0.000069 -0.349758 0.250142 0.053449 0.223279 0.071775 -0.213876 -0.132213 -0.000091 0.000121 -0.365477 -0.005438 0.000305
-0.210286 0.007809 0.026286 0.000154 -0.129409 0.005099 0.000022 -0.037612 -0.000016 -0.023646 0.014216 -0.012607 0.004636 -0.111157 -0.017939 -0.002335 -0.000177 0.017723 -0.117622 0.000035 -0.150191 0.099617 -0.000175 0.020692 -0.041139 -0.000092 0.020886 -0.000191 0.000121 0.015900 -0.088140 0.034442 -0.078767 0.030120 0.000122 0.001833 -0.199940 -0.290752 -0.347532 0.108416 0.321533 0.056033 0.000100 -0.000074 0.219319 0.142156 0.000472
0.187845 -0.010713 0.071289 0.000109 0.084907 0.013269 0.000026 -0.246929 -0.000098 -0.214983 0.035798 0.111987 0.116321 -0.096192 0.178538 -0.001706 0.000001 -0.157365 -0.136084 -0.000040 0.121280 0.072340 -0.000108 0.053210 0.053897 0.000114 -0.119932 -0.000163 -0.000031 -0.014513 0.201022 -0.081193 -0.256375 0.121572 -0.000053 -0.092561 -0.059315 -0.166402 -0.035323 0.722419 -0.132864 0.028010 0.000012 0.000041 0.032266 -0.073196 0.000515
0.148882 -0.078980 0.025743 0.000070 0.122284 0.004158 0.000238 -0.119142 -0.000054 -0.090174 0.011462 -0.058932 0.107933 -0.019052 -0.083719 -0.001880 0.000034 -0.159123 0.102052 -0.000126 0.014387 0.092189 -0.000145 0.018619 0.010247 0.000015 0.084081 -0.000036 0.000018 -0.141450 0.202177 -0.207087 -0.002169 -0.204662 0.000328 -0.031644 0.230017 0.256248 -0.036500 0.062780 0.393554 0.144845 -0.000534 -0.000170 -0.080911 0.031222 0.000436
-0.247333 0.015499 0.044482 -0.000004 0.260619 0.008770 0.000078 -0.332706 -0.000009 0.265424 0.024392 -0.166485 0.129827 0.221874 0.046881 0.000190 0.000292 -0.268894 -0.469206 0.000010 0.060159 -0.011440 0.000032 0.034930 0.033066 0.000047 -0.116769 0.000013 -0.000199 -0.026869 -0.012999 -0.262776 -0.007786 0.070806 0.000287 -0.145494 0.081340 0.137643 0.052148 -0.216020 0.048626 -0.083912 -0.000043 -0.000116 0.276056 0.246247 0.000402
-0.108647 0.087951 0.094941 -0.000020 -0.081380 0.029276 -0.000145 -0.128013 0.000017 -0.064748 0.055662 0.012637 -0.002447 0.139959 0.133571 -0.002219 -0.000066 -0.046480 0.049915 0.000116 0.239720 -0.315150 0.000038 0.075985 0.100907 -0.000040 0.063183 0.000139 -0.000045 -0.106739 -0.076114 -0.023643 -0.161900 -0.174688 0.000018 0.385167 0.143922 0.060985 -0.186030 -0.097755 -0.269421 0.126695 0.000109 -0.000063 0.090661 -0.020492 0.000202
-0.013216 0.000327 0.122375 0.000021 0.040812 0.041278 -0.000000 -0.033462 0.000030 0.020099 0.072931 -0.254268 -0.009639 0.029580 -0.181533 -0.001728 -0.000056 -0.310648 -0.178356 -0.000035 -0.068303 0.281901 -0.000001 0.098190 -0.078254 -0.000032 -0.095277 0.000020 -0.000119 -0.271859 0.254399 0.280165 0.010862 0.116197 0.000037 0.198844 0.129189 -0.183248 -0.028485 0.124516 0.053213 0.004432 0.000107 -0.000159 -0.205102 0.189124 0.000576
0.118402 -0.302958 0.054747 0.000088 0.028764 0.009768 -0.000089 0.153938 0.000044 0.068169 0.026929 0.104827 -0.318665 0.003473 0.089257 -0.002184 -0.000072 -0.090748 -0.008210 -0.000007 0.166720 0.102525 -0.000013 0.040154 0.150259 0.000084 0.189250 -0.000047 -0.000260 -0.014330 0.019850 0.100558 0.065442 0.161107 0.000256 -0.019988 0.294353 0.196297 -0.004225 0.308504 -0.578500 0.258407 0.000094 0.000018 0.070143 -0.298459 -0.000168
0.034571 0.103686 0.092666 0.000067 -0.036322 0.027601 -0.000112 0.087737 0.000055 -0.200609 0.051878 -0.109624 -0.294036 0.137794 -0.067471 -0.000442 -0.000028 -0.214363 0.102923 0.000112 0.089351 0.163140 0.000019 0.072093 -0.098323 0.000101 0.415038 -0.000053 -0.000027 -0.135931 0.297213 0.234585 0.057223 0.117139 -0.000071 -0.266150 0.227692 0.001279 -0.167937 0.222332 -0.114241 0.023938 0.000039 -0.000234 -0.192693 0.121121 0.000861
-0.022054 0.000634 0.101663 0.000011 0.102503 0.032561 -0.000023 -0.101335 -0.000083 0.041386 0.058861 -0.264554 0.366983 -0.004715 -0.209909 0.000640 0.000175 -0.023537 0.282185 -0.000149 0.092869 -0.025407 0.000081 0.080492 -0.256613 -0.000013 0.153089 -0.000080 -0.000019 -0.046678 -0.248446 -0.095685 -0.104557 -0.006673 0.000242 -0.206313 0.157543 -0.041744 0.075988 -0.168345 -0.178819 -0.389020 0.000197 0.000058 -0.047746 -0.138229 0.000976
-0.037454 0.124601 0.143523 -0.000128 0.003482 0.050625 -0.000078 -0.090176 -0.000056 -0.326805 0.085519 0.127810 0.081854 0.225401 0.191942 -0.001214 0.000046 0.112761 -0.170596 -0.000055 -0.171574 0.050762 -0.000026 0.115661 0.209231 0.000042 0.298547 0.000120 -0.000039 0.098950 -0.405236 -0.093178 -0.112715 -0.053342 0.000065 0.224257 -0.252483 -0.300003 -0.013727 0.266634 -0.063699 -0.413137 -0.000170 -0.000008 -0.049172 0.072028 0.001474
-0.260500 -0.392149 0.060075 -0.000146 0.215929 0.011095 -0.000323 -0.065628 0.000065 -0.688826 0.030334 0.288927 -0.041663 -0.037464 -0.181815 -0.001702 0.000235 -0.075566 0.247375 0.000139 0.014519 -0.003353 -0.000083 0.045467 0.082411 0.000044 0.045883 -0.000047 -0.000135 0.228283 -0.190739 -0.351841 -0.182082 -0.025802 -0.000073 0.023386 -0.121029 0.056364 -0.149714 0.084444 0.188499 0.085121 -0.000117 -0.000115 -0.025764 0.365896 0.000947
0.012293 0.033520 0.061621 -0.000047 -0.232821 0.016815 -0.000208 -0.144457 -0.000114 0.181691 0.034631 0.079153 -0.277063 -0.069423 -0.048468 -0.001002 -0.000124 0.133854 0.050666 0.000210 0.323898 0.249083 -0.000026 0.048430 -0.057127 -0.000174 0.052283 -0.000154 -0.000199 -0.080330 -0.164020 0.005356 0.027780 -0.190594 0.000052 -0.050104 -0.045370 -0.029927 -0.160449 0.278629 0.087069 0.143038 -0.000011 0.000015 0.093912 -0.007334 0.000777
-0.133412 0.234640 0.053834 -0.000115 0.062932 0.010716 -0.000073 -0.262960 0.000012 -0.010404 0.025920 -0.208980 0.001161 0.273519 0.112682 -0.001917 0.000276 0.164659 -0.055281 -0.000115 -0.113598 -0.249208 -0.000063 0.039431 0.175046 -0.000194 0.086624 -0.000230 -0.000049 0.080274 -0.062198 0.170361 -0.002469 0.110800 0.000071 -0.113191 0.204413 0.109702 -0.133965 -0.001250 0.251795 -0.031447 0.000168 0.000082 0.033594 -0.131929 0.000302
0.281994 -0.044453 0.050710 0.000018 -0.142651 0.004651 0.000079 0.120843 0.000080 0.086286 0.022247 -0.146956 0.137692 0.025526 -0.192843 -0.000289 -0.000197 0.022981 -0.201065 0.000020 0.035421 0.002118 -0.000037 0.035555 -0.168610 -0.000107 -0.078325 -0.000096 -0.000283 -0.064103 -0.245616 0.530259 -0.141756 0.141045 -0.000041 -0.238265 0.196069 0.282788 0.299872 -0.286518 -0.101029 -0.026170 -0.000057 0.000031 0.059295 -0.121407 0.000101
0.021702 0.184599 0.009041 -0.000124 -0.075924 -0.001331 0.000045 0.036273 0.000010 0.107701 0.000780 -0.121786 -0.116222 -0.020605 -0.219796 -0.000535 0.000267 0.153527 0.335859 0.000260 -0.174071 0.185864 0.000044 0.004198 0.102243 -0.000090 -0.159249 -0.000078 0.000014 0.226970 -0.298745 -0.144520 -0.111615 -0.167289 0.000113 0.001453 0.127705 -0.121446 0.138583 0.249121 -0.107813 -0.365504 0.000162 -0.000010 0.081351 -0.097393 0.000068
0.205875 0.080236 0.028478 -0.000006 0.179038 0.002270 0.000072 0.022741 0.000073 0.119597 0.009403 0.171400 0.016114 0.082778 0.160363 0.000124 0.000127 0.041074 -0.321428 0.000155 0.167039 0.356274 -0.000229 0.017638 0.171232 -0.000031 -0.122417 0.000051 0.000062 -0.133191 -0.136222 -0.045962 -0.049767 -0.026820 -0.000078 -0.227539 0.058372 -0.308472 0.011388 -0.473547 0.029080 0.126763 0.000057 -0.000142 -0.139784 0.145300 0.000951
0.012509 0.314570 0.040549 0.000039 0.326074 0.009194 -0.000124 -0.061564 -0.000087 -0.094664 0.019744 -0.132730 -0.200586 0.147153 0.171468 0.000235 -0.000021 -0.054355 -0.167580 -0.000129 0.128331 0.183283 -0.000017 0.029178 0.546475 -0.000043 -0.256129 0.000033 0.000284 0.100180 0.136281 -0.010307 0.033320 -0.043409 -0.000008 -0.284708 -0.184194 0.247410 0.001036 0.130066 0.072456 -0.062501 0.000184 -0.000051 -0.087445 -0.041387 0.000991
0.072593 -0.387599 0.089856 -0.000039 -0.000015 0.024503 0.000049 0.057618 0.000011 -0.316593 0.049834 0.046338 0.025522 0.015635 0.026370 -0.000235 -0.000033 0.006561 -0.154471 -0.000217 -0.026009 -0.065719 0.000015 0.069711 0.297705 -0.000044 0.370410 -0.000244 -0.000314 -0.167572 -0.012922 -0.401060 0.043132 -0.020869 -0.000064 0.041145 -0.040730 0.056711 -0.073076 0.396465 -0.040241 -0.340689 0.000011 0.000119 -0.146068 -0.064906 0.001104
0.168644 -0.264449 0.030309 -0.000167 -0.385038 0.001678 -0.000110 -0.062633 -0.000079 0.206950 0.011646 0.357702 0.306401 0.060590 0.052070 -0.001626 0.000041 0.163653 0.424557 0.000025 0.161070 -0.165330 -0.000112 0.021495 0.062083 -0.000005 0.046653 -0.000029 0.000065 -0.087894 -0.180055 -0.165634 -0.187037 -0.231714 -0.000054 -0.145783 -0.191292 0.330333 -0.271880 0.165084 -0.016081 0.028699 0.000163 -0.000062 -0.169345 -0.169173 0.000374
0.158694 0.085958 0.005746 -0.000232 0.046330 0.003319 0.000206 -0.188072 -0.000118 -0.023996 0.004584 0.129415 0.132327 0.077321 -0.012140 -0.001652 -0.000134 -0.014955 0.324842 -0.000020 0.116984 -0.233760 -0.000036 0.005318 0.046398 0.000089 0.194325 0.000118 0.000051 -0.004304 0.046208 0.268520 0.104853 -0.038626 0.000053 -0.098834 0.182656 -0.251303 -0.105165 0.301902 -0.154436 0.259207 -0.000140 0.000065 0.067507 0.091013 -0.000146
0.549228 0.034531 0.003045 -0.000000 0.076715 0.002975 0.000252 0.392237 -0.000003 0.134316 0.003203 -0.006122 -0.361125 -0.084296 -0.179368 -0.002178 -0.000093 0.085885 0.012291 -0.000047 -0.259502 0.213914 0.000011 0.003111 -0.026101 -0.000006 -0.039756 -0.000195 0.000129 0.010306 -0.088051 0.140426 0.057159 0.017067 -0.000009 0.361552 0.256145 0.042108 0.345276 0.190660 -0.061721 0.347052 -0.000049 -0.000149 -0.000131 -0.033717 -0.000175
-0.272343 0.008650 0.009201 -0.000125 0.124388 0.007233 0.000218 0.365541 -0.000005 0.308341 0.007932 -0.036024 0.403359 0.114888 -0.091576 -0.001910 -0.000104 0.338143 0.068899 -0.000205 -0.000891 0.023908 -0.000040 0.008553 -0.037001 0.000137 0.105484 -0.000084 0.000368 0.126008 0.030564 -0.123113 0.020725 0.016060 0.000075 -0.010090 -0.007672 -0.269955 -0.100036 -0.001333 0.014920 0.147222 0.000112 -0.000081 0.140406 -0.060371 0.000280
-0.056455 0.001375 0.049657 -0.000005 0.056264 0.013976 -0.000131 0.410599 0.000021 -0.251414 0.029191 0.100583 0.167379 0.013461 0.306696 -0.003392 0.000026 -0.060058 0.078995 0.000158 -0.194909 0.127649 -0.000044 0.039200 -0.097614 -0.000009 -0.092367 -0.000158 0.000214 -0.065806 0.315317 -0.055738 -0.149666 -0.166442 0.000168 -0.158523 0.445281 -0.019526 0.075384 0.059678 -0.094813 -0.003934 0.000195 -0.000037 -0.068443 -0.374947 0.000162
0.049602 0.255120 0.060128 -0.000100 0.024182 0.011531 0.000070 0.431295 -0.000037 -0.385629 0.032030 0.169573 0.055269 -0.124872 -0.044427 -0.000658 0.000079 0.082642 -0.418506 -0.000354 0.022636 -0.052909 0.000021 0.047123 0.119475 0.000037 -0.065901 0.000054 -0.000001 -0.156462 -0.033688 0.223601 0.060938 -0.151408 -0.000052 0.147177 0.005574 -0.010058 0.002167 0.021771 -0.316459 -0.055280 -0.000105 0.000041 -0.105644 0.014539 -0.000130
-0.095999 -0.047841 0.080295 0.000053 -0.212799 0.022589 0.000060 0.106690 0.000020 0.254758 0.046084 0.198555 -0.329716 -0.175012 -0.034541 -0.000103 0.000092 0.000525 -0.207390 -0.000213 -0.121786 0.155003 0.000049 0.064091 0.530985 0.000015 -0.167984 -0.000022 0.000075 0.078058 0.094837 0.169845 0.040096 -0.045830 0.000128 -0.037129 -0.035479 -0.052823 0.090024 -0.064379 0.003360 -0.066907 -0.000161 -0.000291 -0.196884 0.086140 -0.000073
0.028129 -0.263186 0.055308 -0.000060 -0.070999 0.012443 -0.000073 0.159836 -0.000016 -0.016210 0.028919 -0.041158 0.266121 -0.060079 -0.159553 -0.000822 0.000072 0.391886 -0.231584 -0.000156 0.227950 -0.088189 -0.000018 0.041138 0.313359 0.000008 0.149534 -0.000007 0.000031 0.037408 0.219782 -0.079142 0.102119 0.067883 0.000020 0.005597 -0.072363 -0.047456 0.465304 -0.050183 0.159345 0.272326 0.000348 -0.000090 -0.017434 0.367806 -0.000177
-0.042115 0.003168 0.021437 0.000046 -0.090737 0.005985 0.000289 -0.228650 0.000003 0.154250 0.011219 -0.210862 -0.241670 -0.002325 0.198661 -0.002606 0.000075 -0.063063 0.340825 -0.000026 -0.386418 0.281123 -0.000019 0.015208 0.300049 0.000003 0.003659 -0.000201 -0.000066 0.208325 -0.007248 0.331519 0.071272 -0.014631 -0.000003 0.149406 -0.075786 0.110505 -0.018362 0.204725 0.077631 0.117213 0.000054 0.000004 0.153318 -0.152110 -0.000085
0.130570 -0.144117 0.054053 0.000026 0.154426 0.014770 -0.000316 -0.209498 0.000038 0.025488 0.030413 -0.195242 0.039857 0.010375 -0.006362 -0.002036 -0.000010 -0.012943 0.052481 -0.000065 0.279841 -0.069797 -0.000039 0.042389 -0.183948 -0.000067 -0.030653 -0.000065 0.000049 -0.009906 0.028580 -0.025453 0.073703 0.037746 0.000127 0.153035 0.054582 0.324206 -0.007901 -0.065533 0.048760 0.149101 -0.000117 0.000070 0.104542 -0.011934 0.000320
-0.070248 -0.007871 0.101914 0.000068 0.010236 0.036813 0.000144 -0.002193 0.000154 -0.247112 0.062902 -0.040811 -0.063868 -0.129870 0.111024 -0.002688 0.000009 -0.005361 -0.227772 0.000006 0.072738 -0.118846 -0.000102 0.083190 0.157518 -0.000016 -0.236620 0.000024 -0.000073 -0.299964 0.169894 -0.101843 0.063083 -0.193848 0.000209 0.299642 0.067115 0.110691 -0.017853 -0.080667 0.033231 0.074319 0.000057 0.000016 0.135401 0.122373 -0.000140
-0.125981 0.161998 0.084044 -0.000098 0.052549 0.024168 0.000225 -0.106409 -0.000110 -0.008889 0.046935 0.145779 -0.260470 0.010949 0.296518 -0.000871 0.000081 -0.096062 0.058434 0.000092 0.082002 0.441678 -0.000025 0.065505 -0.508218 0.000042 -0.326161 0.000029 0.000074 -0.050727 0.197931 0.024918 -0.111484 0.044418 0.000202 -0.005315 -0.186735 0.115898 -0.076142 0.108968 0.092911 -0.260648 -0.000061 0.000105 -0.460738 -0.059233 0.001494
0.248179 -0.004976 0.090721 0.000022 0.184716 0.025729 0.000003 -0.376090 0.000038 -0.014043 0.052108 -0.213409 0.291263 -0.302959 0.259455 -0.002132 0.000003 -0.011830 0.078701 -0.000007 -0.257572 -0.190598 0.000121 0.072069 -0.149289 0.000141 -0.304473 0.000047 -0.000010 -0.273970 -0.024444 0.108028 -0.297254 0.056512 0.000309 -0.075611 0.215841 -0.224316 -0.017055 0.014534 0.010162 0.112883 -0.000024 -0.000018 -0.045951 0.167741 0.000698
-0.128441 0.132092 0.067427 0.000141 -0.017351 0.021876 0.000077 0.457829 -0.000112 -0.165443 0.042573 0.196980 -0.229622 -0.202659 -0.302578 -0.001778 0.000090 0.049158 -0.136932 -0.000025 -0.139066 0.387573 0.000077 0.056190 0.001771 0.000120 0.011767 -0.000082 -0.000117 -0.377270 0.005951 0.093640 -0.135450 0.002393 0.000028 -0.021287 -0.090421 0.019302 0.052349 -0.301649 0.237077 0.004601 -0.000169 0.000148 0.021817 -0.293133 -0.000282
-0.150816 0.148474 0.029471 -0.000050 -0.057630 0.009282 -0.000061 0.338182 0.000118 0.240203 0.016680 0.092258 -0.058077 -0.057730 0.100865 -0.001384 0.000003 0.171907 -0.342665 0.000010 -0.033455 -0.288374 0.000033 0.023144 0.169542 -0.000074 0.047991 -0.000100 -0.000021 -0.045812 -0.166690 0.083526 -0.261510 -0.101850 -0.000032 -0.354045 -0.175390 0.160386 -0.513469 0.161120 -0.052190 0.233267 -0.000095 -0.000036 0.207191 -0.005625 0.000045
-0.154840 -0.076227 0.090873 0.000002 0.185288 0.029408 0.000101 -0.253858 0.000004 0.091857 0.054249 0.041357 0.120976 0.046517 0.137285 -0.001231 -0.000182 0.169781 0.192678 0.000130 -0.346710 -0.085539 -0.000129 0.072901 0.213007 -0.000084 -0.054454 0.000019 0.000216 -0.069668 -0.173526 -0.049867 -0.138140 0.018316 0.000209 -0.276891 0.564963 -0.125117 0.141159 0.099477 0.077563 -0.078843 0.000010 -0.000011 -0.188838 0.166590 0.000223
-0.006316 -0.075416 0.101120 -0.000033 0.013037 0.033148 0.000002 -0.307147 -0.000043 0.269463 0.059957 0.051747 -0.058703 -0.072632 0.082632 -0.000931 -0.000023 0.091966 -0.203902 -0.000029 0.122846 -0.065343 0.000022 0.081346 -0.037755 0.000162 0.101314 0.000093 0.000115 -0.330168 -0.053282 0.236195 -0.046569 0.049523 -0.000052 -0.023297 0.214583 -0.233720 0.013748 -0.123858 -0.023717 0.208803 0.000162 0.000006 -0.013985 0.106808 0.001677
0.069946 -0.024669 0.080175 0.000155 -0.017823 0.020874 0.000068 -0.328830 -0.000105 0.092407 0.044503 -0.059336 -0.100207 -0.222327 0.238825 -0.000903 0.000118 0.197704 -0.052808 0.000034 0.109282 0.188530 -0.000022 0.062739 -0.192729 -0.000120 0.003747 0.000003 -0.000123 0.009947 -0.012503 0.125432 -0.016135 -0.068123 -0.000012 0.029843 -0.050171 -0.141223 -0.044734 0.138165 0.209051 -0.159571 0.000025 -0.000101 0.054003 0.058963 0.001253
-0.047512 0.113658 0.035032 -0.000029 -0.027745 0.006209 0.000008 -0.021670 -0.000035 0.202876 0.015404 -0.045292 0.319539 -0.036754 0.093543 -0.001162 0.000007 -0.207414 0.235991 0.000045 -0.023027 -0.005642 -0.000041 0.025377 -0.126050 -0.000114 0.155843 -0.000031 0.000095 0.150380 -0.013199 -0.004080 0.128619 -0.010955 0.000050 -0.129692 0.011007 0.253469 0.309506 0.024768 -0.321855 0.201812 0.000038 -0.000308 0.087307 -0.063429 0.001120
-0.048961 -0.011087 0.072070 0.000006 -0.311559 0.021513 -0.000067 0.149785 -0.000008 -0.061383 0.042194 0.161490 0.025558 -0.042123 -0.228930 -0.001727 -0.000128 0.033489 -0.017962 0.000136 0.191738 0.048505 0.000020 0.057325 -0.001601 -0.000080 -0.131805 0.000062 0.000119 -0.056550 -0.068206 0.228757 -0.052715 -0.019887 0.000055 -0.121352 -0.017204 0.087562 0.040366 -0.107569 0.060701 0.264724 0.000032 0.000174 -0.260880 0.007280 0.000954
-0.034971 0.225316 0.075388 0.000035 0.242593 0.019082 0.000013 0.084714 -0.000134 -0.052453 0.040872 0.128378 0.048847 -0.039026 -0.146655 -0.000715 0.000019 -0.186673 0.071678 -0.000182 0.020957 0.030119 -0.000219 0.057854 0.174966 -0.000205 0.162855 -0.000056 0.000091 0.430318 -0.115386 0.043051 0.156009 0.047019 -0.000088 -0.020837 -0.090233 -0.031644 -0.089171 0.059761 0.009898 -0.077657 -0.000150 0.000086 -0.057047 0.002421 0.001084
0.057660 0.454473 0.024173 0.000108 0.169396 0.004308 0.000242 0.073139 0.000042 0.006363 0.011944 -0.166817 -0.022089 0.012279 -0.148620 -0.002078 0.000064 -0.150903 0.034457 -0.000009 -0.592808 0.107145 0.000127 0.018463 0.001058 -0.000089 -0.058385 0.000007 -0.000105 0.223586 -0.057062 -0.136322 -0.035529 -0.089497 0.000051 0.136246 0.428487 0.009534 0.082836 -0.231706 0.177034 -0.012084 0.000045 0.000012 0.075753 -0.156426 0.000163
0.116079 -0.150924 0.034709 -0.000046 0.210535 0.007675 -0.000020 -0.348222 -0.000028 0.058500 0.020258 -0.067863 0.056562 0.033568 -0.087931 -0.002006 0.000119 -0.040627 0.115814 0.000115 0.075428 -0.047295 -0.000041 0.028400 -0.157335 -0.000058 0.077328 -0.000072 0.000064 0.308063 -0.230946 0.011595 0.055615 -0.065406 0.000207 -0.127589 0.255911 0.072140 0.480099 -0.029500 0.164798 -0.050351 0.000074 -0.000207 0.317119 0.043450 0.001196
0.009351 -0.073493 0.058296 -0.000051 -0.049580 0.015921 0.000185 -0.164716 -0.000056 -0.068470 0.033056 -0.016487 -0.143215 -0.025996 0.462162 -0.002298 -0.000068 -0.403905 -0.074220 0.000063 0.086027 -0.000604 -0.000090 0.045475 -0.011534 -0.000049 -0.184814 -0.000195 0.000184 0.031948 -0.013932 0.288782 -0.018327 -0.363357 -0.000046 -0.067518 -0.013490 0.019992 -0.237684 -0.215212 0.090513 -0.133101 0.000293 0.000109 -0.032857 0.157733 0.000681
0.083196 -0.274478 0.021531 0.000042 0.342572 0.002402 0.000062 -0.181519 0.000104 0.048859 0.004580 -0.117386 0.065417 -0.038740 0.119053 -0.001655 -0.000096 -0.157674 0.086743 0.000100 0.026392 0.070675 -0.000095 0.012893 -0.067397 0.000098 -0.312383 -0.000111 0.000094 0.058872 -0.000699 0.230175 -0.123669 0.299140 0.000069 -0.175198 0.153697 0.079290 -0.171754 0.004031 -0.449355 -0.161445 -0.000075 -0.000095 0.032203 -0.017473 0.001188
0.039908 -0.122083 0.054673 0.000069 -0.176874 0.014293 0.000126 0.043403 0.000019 0.435202 0.031479 0.062581 -0.003071 0.015961 -0.022656 -0.000221 -0.000016 -0.158044 -0.001817 -0.000112 0.053510 -0.078356 0.000031 0.043888 0.118422 -0.000063 -0.128816 0.000063 0.000028 0.307349 0.178207 -0.280368 -0.194288 0.071038 0.000059 0.005337 -0.271953 -0.352557 0.196510 0.034878 -0.096958 -0.646117 0.000093 0.000019 0.203918 0.114570 0.000187
-0.185059 0.126648 0.078864 0.000088 -0.082150 0.026028 0.000064 -0.045920 -0.000053 0.396942 0.048228 0.259474 -0.010004 0.001847 0.393957 0.000112 -0.000241 -0.245869 0.203233 -0.000044 0.080059 0.002343 0.000044 0.063966 -0.160851 -0.000062 -0.142537 0.000035 -0.000045 0.244647 -0.066810 -0.106957 -0.141795 -0.133824 0.000039 -0.070232 0.029384 -0.163162 -0.114211 -0.134657 -0.340586 -0.131564 -0.000021 0.000037 0.109091 -0.160464 0.001088
-0.033992 0.254985 0.129608 0.000082 0.052317 0.043368 0.000085 0.111787 0.000061 -0.179745 0.075431 -0.109436 0.054894 -0.005553 -0.051743 -0.001166 -0.000050 -0.040466 0.036441 -0.000016 0.218436 -0.140479 0.000000 0.102626 -0.273735 0.000035 -0.054114 0.000069 -0.000002 -0.175475 -0.193351 0.299303 0.166299 0.232830 0.000024 -0.253863 0.033139 -0.000420 0.143279 -0.201136 -0.119332 0.012080 0.000114 0.000041 -0.000726 0.020585 0.001290
0.082194 0.358372 0.023423 -0.000193 -0.024300 0.000775 -0.000255 0.391794 -0.000090 -0.233720 0.007126 0.285858 0.134084 -0.095526 -0.322576 -0.000600 -0.000036 -0.244743 -0.163256 0.000091 0.087606 -0.045425 -0.000140 0.015118 0.043860 0.000186 -0.138808 0.000021 0.000014 0.004863 -0.090714 -0.173845 -0.091799 -0.041348 0.000024 -0.125531 0.219922 0.088531 0.089228 0.011581 -0.265607 -0.140204 0.000109 0.000268 -0.010570 -0.080357 0.000273
0.148141 0.109611 0.010691 -0.000022 -0.243235 0.000476 -0.000092 0.200188 -0.000025 -0.082169 0.003796 0.085620 0.140324 0.028557 -0.083810 -0.001350 -0.000075 0.055116 -0.057436 -0.000080 0.206313 0.285147 0.000003 0.006342 0.170926 0.000039 -0.236809 -0.000138 -0.000119 -0.021944 -0.082136 -0.088433 -0.021424 -0.232698 0.000098 0.065842 -0.075967 -0.058597 0.140898 -0.090838 0.097707 0.123049 -0.000152 0.000212 0.001289 -0.096866 0.001003
0.192890 -0.315750 0.002139 0.000033 0.276771 0.003240 0.000031 0.138050 0.000004 -0.191485 0.003365 -0.008074 -0.209943 -0.032066 0.127854 0.000425 0.000247 0.106198 -0.120511 0.000020 -0.035197 0.001583 0.000025 0.002984 -0.003891 0.000081 0.225841 0.000135 -0.000209 0.180947 -0.096744 -0.050436 -0.057701 -0.006856 -0.000028 0.027960 0.251650 0.262557 0.064602 0.214823 0.170195 0.162314 -0.000193 -0.000030 0.123039 0.122207 0.000211
-0.253368 -0.189125 0.010314 0.000050 -0.059019 0.005666 -0.000096 -0.015247 -0.000053 0.149037 0.006711 -0.236902 0.226792 0.000868 -0.124091 -0.000883 -0.000016 0.099456 0.120412 -0.000047 0.105862 0.146328 -0.000024 0.007092 0.041477 0.000026 0.062057 -0.000104 -0.000031 0.178683 0.010631 -0.008516 0.039708 0.211107 0.000322 -0.087138 -0.212168 -0.190448 0.212308 0.171125 0.272037 0.347180 -0.000070 -0.000077 0.172821 -0.187068 0.000480
-0.114234 0.050458 0.019713 0.000078 -0.371722 -0.000089 0.000112 -0.169265 0.000019 0.104363 0.004700 0.344768 0.007148 -0.116282 0.010924 -0.001593 0.000074 0.050283 0.179323 0.000084 -0.210272 -0.160266 -0.000074 0.011554 0.215540 0.000086 -0.027814 -0.000117 0.000215 0.025081 -0.166919 0.312984 0.345610 0.195270 0.000123 0.199017 0.062141 -0.262041 -0.019704 -0.096664 0.192896 0.038167 -0.000069 0.000273 -0.031957 0.123000 -0.000321
-0.020587 0.313265 0.071918 0.000060 0.061544 0.014225 0.000081 -0.006708 -0.000049 -0.087778 0.036659 -0.158641 0.445118 -0.110821 -0.402648 -0.002427 0.000034 -0.335992 0.028920 0.000074 0.315610 -0.246633 -0.000088 0.054336 -0.077902 -0.000134 0.106285 -0.000113 -0.000091 0.064286 -0.122320 0.075499 0.271508 0.284653 0.000039 -0.242086 -0.005154 0.045758 0.084240 0.022171 -0.376750 -0.009959 -0.000125 -0.000114 0.013781 -0.249764 0.000401
-0.127624 0.164794 0.044701 -0.000015 -0.197012 0.006384 -0.000099 -0.024797 -0.000133 0.112396 0.022857 0.343630 -0.340584 0.031482 -0.002491 0.000136 0.000023 -0.326540 0.257503 0.000062 0.391865 -0.049559 0.000016 0.034015 0.229546 -0.000006 -0.031612 -0.000028 -0.000010 -0.009153 0.042431 -0.061414 0.155237 0.079619 -0.000003 -0.126875 -0.052759 -0.018449 0.140612 -0.230754 -0.290479 0.181000 -0.000066 -0.000118 -0.012896 -0.105136 -0.000133
-0.211989 0.043956 0.101677 0.000091 -0.055800 0.029401 0.000023 0.214426 0.000059 -0.017867 0.055244 0.019515 -0.373562 0.001416 0.072565 -0.001989 0.000155 0.059970 -0.111965 0.000255 -0.042531 0.179403 0.000044 0.077387 -0.087205 -0.000070 -0.074129 0.000083 -0.000130 0.084741 0.036737 0.073529 -0.051045 -0.185776 0.000202 0.320558 -0.015124 0.226661 -0.087850 -0.186175 0.163039 -0.116944 0.000115 0.000065 0.026327 -0.124100 -0.000164
-0.207770 0.075129 0.012548 0.000019 0.117705 0.008005 -0.000386 0.011115 0.000043 -0.137395 0.008871 0.074964 -0.028856 -0.105037 -0.283093 -0.001845 -0.000097 -0.000163 0.133114 -0.000015 -0.177484 0.082722 0.000086 0.009486 -0.034120 0.000030 -0.071060 -0.000002 -0.000121 -0.088232 0.052684 0.131299 0.018471 0.123330 0.000291 0.091956 -0.107938 -0.005516 -0.102516 -0.083445 0.305384 -0.087898 0.000048 0.000024 0.012978 -0.003436 0.001200
-0.262748 0.249702 0.006351 0.000148 0.187002 0.004104 0.000063 -0.123065 0.000063 -0.286157 0.005736 0.347949 0.332933 0.062397 -0.284153 0.000042 -0.000035 -0.297104 0.133841 0.000217 -0.328525 -0.121759 -0.000125 0.006108 -0.045461 -0.000040 0.173246 0.000151 -0.000024 -0.050502 0.030926 0.220176 -0.083202 -0.305187 0.000252 0.048194 -0.390008 0.077130 -0.221009 0.036428 0.120599 0.069517 -0.000172 -0.000090 -0.009975 0.052797 0.000433
0.005623 -0.211192 0.084105 -0.000034 0.058702 0.034881 0.000144 -0.056127 0.000109 0.046585 0.056603 0.166585 -0.155892 0.010219 -0.135031 -0.000279 -0.000042 -0.438236 -0.020270 -0.000159 -0.028383 0.100582 0.000033 0.071054 0.200155 0.000069 0.080713 0.000107 0.000059 -0.032110 -0.154966 0.239397 0.049554 -0.132603 -0.000099 -0.105485 0.020322 -0.057048 -0.023538 -0.284130 -0.035961 -0.389993 0.000100 -0.000073 -0.100893 -0.334624 0.001517
0.193752 0.148694 0.036278 -0.000063 -0.201948 0.005781 0.000029 -0.055507 -0.000005 0.077894 0.015594 -0.212685 -0.168974 -0.022871 0.086688 -0.001008 0.000153 0.263506 0.096823 -0.000160 0.305823 0.019853 -0.000157 0.025903 -0.025149 0.000089 0.074731 0.000067 0.000000 0.377925 0.303129 0.165730 -0.125448 0.415421 0.000088 -0.040322 0.090977 -0.331382 0.125282 0.200752 0.165700 0.114997 -0.000066 -0.000206 -0.079023 0.006793 0.001065
0.005530 0.007769 0.077869 -0.000024 -0.045070 0.019648 -0.000187 0.260899 -0.000000 0.208608 0.042585 -0.189594 0.004449 -0.009611 0.176984 -0.000618 -0.000143 -0.076631 0.084632 0.000083 0.076485 -0.119514 -0.000070 0.060856 -0.152644 -0.000100 0.316807 0.000011 0.000023 -0.036467 0.108921 -0.258950 -0.009196 -0.066138 -0.000078 0.271272 -0.238903 -0.093381 -0.014200 0.332408 0.104242 0.110611 0.000019 -0.000011 0.185572 -0.031186 -0.001010
-0.157404 -0.112333 0.051097 0.000058 0.007373 0.010031 0.000001 0.194303 0.000020 -0.018043 0.027508 0.387079 -0.326906 -0.000407 0.324637 -0.000778 -0.000131 -0.007501 0.218858 -0.000357 0.110699 -0.174053 -0.000065 0.039544 0.198208 -0.000005 0.141556 -0.000005 0.000191 0.040356 0.332235 -0.326917 0.030453 -0.019057 0.000034 0.165509 -0.169242 0.069370 0.278127 -0.055907 -0.111707 0.291779 -0.000076 -0.000016 -0.026452 -0.214812 0.000459
0.089901 -0.274624 0.090082 0.000036 0.071068 0.030233 -0.000104 0.141772 -0.000015 -0.029145 0.055832 0.187362 -0.137882 -0.145366 -0.127757 -0.001562 0.000048 0.043009 -0.078548 -0.000007 0.019991 -0.005461 -0.000071 0.074529 -0.282638 -0.000046 -0.425935 -0.000027 0.000155 -0.243661 -0.106681 0.222562 -0.187175 0.129779 -0.000029 0.211786 0.042019 0.281168 -0.237305 0.154380 -0.179594 -0.223260 0.000041 -0.000055 0.043929 -0.180713 0.001232
-0.103628 0.079075 0.047498 -0.000063 -0.139266 0.012253 0.000164 0.242327 0.000035 -0.197717 0.027710 0.219868 0.174970 0.046214 -0.044923 -0.001440 -0.000072 0.178337 -0.232880 -0.000340 0.012230 0.162696 0.000028 0.038258 -0.018707 -0.000098 0.037244 0.000079 -0.000030 -0.176735 0.093470 0.149217 -0.081212 0.032447 -0.000018 0.000383 -0.159009 0.126788 -0.022655 -0.349610 0.034001 -0.198573 -0.000025 -0.000082 -0.025719 0.002200 0.000906
-0.004982 -0.302193 0.114470 -0.000090 0.453357 0.037483 -0.000095 0.206630 -0.000037 0.419589 0.067555 0.163357 0.373469 0.143851 -0.465231 -0.001878 -0.000102 0.093929 -0.098240 0.000163 0.164455 0.149829 -0.000063 0.091965 -0.004380 0.000053 -0.103131 -0.000038 -0.000181 -0.064528 -0.069939 -0.088316 0.010284 -0.176000 0.000173 0.059277 0.082638 -0.225767 0.036682 -0.024752 -0.266645 0.006167 0.000183 -0.000054 -0.081186 0.168010 0.000302
0.070595 0.168382 0.044622 0.000030 0.043690 0.005747 0.000291 0.099621 -0.000022 -0.086278 0.021041 -0.520727 0.255953 -0.013755 0.057407 -0.000782 -0.000018 0.169125 0.240173 -0.000013 -0.173290 -0.216883 0.000078 0.032917 -0.259112 -0.000065 0.043870 0.000090 -0.000032 0.028257 -0.226396 0.098589 0.126280 0.200427 0.000067 -0.046887 0.025280 0.456067 -0.073601 -0.395832 0.237977 0.161271 -0.000058 0.000204 0.008387 0.238735 0.000803
0.334768 -0.777826 0.040028 0.000055 0.094036 0.003014 0.000167 0.099363 -0.000063 0.280460 0.015989 0.109484 -0.001757 -0.000303 0.033499 0.000009 0.000068 0.076588 -0.245794 -0.000078 -0.114087 -0.078018 -0.000117 0.027798 -0.098473 -0.000090 0.039023 -0.000118 0.000051 -0.303386 -0.255352 0.106245 0.204946 -0.149303 -0.000109 0.128232 0.189838 -0.119312 -0.128596 -0.086920 0.214423 -0.203078 0.000127 -0.000203 0.287293 -0.237175 0.000999
0.030556 0.068748 0.100354 0.000008 0.190709 0.034287 0.000161 0.313435 -0.000031 0.013140 0.060576 -0.091132 -0.160841 0.014015 0.067606 0.000119 0.000131 0.207345 -0.148053 -0.000130 0.019538 0.126629 0.000082 0.081014 -0.241267 -0.000049 -0.205736 -0.000157 -0.000156 -0.363868 -0.109062 0.111822 -0.134295 0.018839 0.000011 0.107327 -0.072719 -0.202839 0.197519 0.424892 -0.100548 0.078897 0.000047 0.000112 -0.107011 -0.162761 0.000229
0.005040 0.082091 0.083091 0.000077 -0.320359 0.026151 0.000006 -0.001713 0.000020 0.142054 0.050424 -0.036992 -0.114376 0.164360 0.203870 -0.001906 -0.000081 0.077422 0.192394 -0.000015 0.166316 0.129645 0.000003 0.067486 -0.019458 -0.000025 -0.175094 0.000052 -0.000080 0.032742 -0.029413 0.002001 -0.252293 0.322960 -0.000014 0.093443 0.190311 0.062020 -0.130246 -0.175717 0.001721 -0.329737 0.000139 0.000175 -0.116444 -0.342586 0.000014
0.183803 -0.253169 0.093328 -0.000040 -0.176676 0.027899 0.000109 -0.052934 -0.000185 0.044469 0.053956 0.008134 0.204008 0.083846 0.331498 -0.000240 0.000040 0.069401 0.431612 0.000055 0.088412 -0.035507 -0.000022 0.073822 -0.116004 -0.000086 -0.317562 -0.000113 0.000037 -0.074456 -0.141106 -0.052649 -0.079591 0.280907 0.000376 -0.145292 -0.180899 0.216285 0.041374 -0.233583 0.006663 -0.118096 -0.000173 -0.000159 -0.050184 -0.002005 0.000361
-0.117532 0.342539 0.098748 -0.000056 0.158937 0.027485 0.000057 0.120050 -0.000045 -0.035624 0.054724 0.353273 -0.358609 -0.009195 -0.155481 -0.001490 -0.000120 -0.043981 0.306695 -0.000059 0.014379 -0.147212 0.000019 0.077219 -0.180966 0.000098 -0.229498 0.000039 -0.000014 0.284774 0.277027 0.004652 -0.043512 0.161838 0.000081 0.030611 -0.163568 0.272273 0.058227 -0.242864 -0.105073 -0.009483 -0.000074 -0.000136 -0.072404 0.265920 0.000651
0.163043 -0.016453 0.149546 -0.000016 -0.032540 0.055495 0.000207 -0.255135 -0.000011 0.105405 0.090422 0.086347 -0.106116 0.044939 0.118941 0.000203 0.000290 -0.209499 0.405456 -0.000000 0.210553 -0.130964 -0.000137 0.120164 -0.008562 0.000072 0.145417 0.000094 -0.000033 0.175815 0.038964 -0.058812 0.008491 -0.066341 0.000083 -0.181062 -0.196813 -0.034561 -0.144227 0.049575 0.194790 -0.066508 -0.000061 0.000083 0.074993 0.099933 0.000036
0.262017 -0.272680 0.068812 0.000045 -0.083963 0.017982 -0.000041 0.112276 0.000030 -0.394373 0.037671 0.106172 -0.262830 -0.036217 0.083445 -0.000534 0.000087 -0.357353 -0.031269 -0.000010 0.126892 0.133366 0.000084 0.053222 0.249308 -0.000101 0.029864 0.000086 0.000095 -0.029340 -0.142913 0.294962 0.139959 0.140435 0.000032 -0.154229 -0.050861 0.191009 -0.026802 -0.125359 0.274576 -0.141638 -0.000117 -0.000022 -0.223595 -0.027028 0.000280
-0.017358 -0.275049 0.073740 0.000045 0.388882 0.019975 0.000067 0.170813 0.000039 0.029950 0.040894 0.470752 -0.162435 0.035086 0.009945 -0.002331 0.000036 0.016239 -0.301683 0.000153 0.057259 -0.346725 -0.000027 0.057459 0.030511 -0.000025 -0.238967 -0.000089 0.000104 0.006819 -0.087635 0.121907 -0.036439 -0.178480 -0.000028 0.164379 0.039810 -0.418848 -0.034646 0.047519 0.041430 0.199639 0.000237 -0.000009 0.001808 0.059662 -0.000145
-0.339723 -0.348714 0.045990 -0.000039 0.227129 0.009936 0.000060 -0.059190 -0.000020 -0.100573 0.023769 -0.045902 -0.093909 -0.069049 -0.146484 -0.000458 -0.000093 -0.134090 0.205941 0.000031 -0.002003 -0.166645 0.000056 0.034657 -0.037519 0.000058 0.008852 -0.000141 0.000001 0.146532 0.229937 0.366178 -0.062866 0.001282 -0.000063 0.083507 -0.033764 0.160578 0.182245 0.029894 -0.067236 -0.127312 -0.000010 -0.000066 -0.179123 0.262589 -0.000084
-0.012649 -0.093976 0.032363 0.000125 -0.172942 0.003329 0.000073 -0.293393 -0.000084 0.156371 0.015182 0.037457 0.015625 -0.022897 0.189387 -0.000412 0.000042 0.018666 0.133279 0.000080 0.227009 -0.059084 -0.000041 0.023928 -0.047300 -0.000101 0.020134 -0.000023 0.000071 -0.012725 -0.193780 -0.037065 -0.235695 -0.041749 0.000023 0.086199 0.229467 0.003672 -0.082809 0.093561 -0.005753 -0.174598 -0.000055 -0.000055 -0.185539 0.041302 -0.000219
-0.003104 0.181343 0.064788 0.000031 -0.227699 0.014528 0.000242 0.095267 -0.000003 0.067693 0.034363 -0.140524 0.175799 0.003603 -0.109458 0.000094 0.000111 -0.308480 0.094516 0.000113 -0.130746 -0.254343 0.000028 0.049533 0.185591 -0.000021 0.023023 -0.000113 -0.000026 -0.278562 0.144369 -0.079369 0.120945 0.058787 -0.000004 -0.153725 -0.269715 -0.049915 -0.090560 0.086471 0.344861 -0.182003 0.000145 -0.000247 -0.379646 0.211631 0.001063
-0.016921 0.037457 0.122213 -0.000230 -0.150312 0.039248 0.000192 0.060133 0.000015 -0.224059 0.071020 0.015680 0.041303 -0.036483 0.259082 0.000071 -0.000027 0.021138 0.348554 0.000064 -0.064312 -0.090719 0.000005 0.097186 0.010550 -0.000003 0.108049 -0.000115 0.000009 -0.332208 -0.193820 -0.057717 -0.038053 -0.037166 0.000062 -0.001880 -0.320951 -0.099817 -0.173575 -0.195099 0.077784 -0.057834 -0.000032 -0.000145 -0.096791 0.156629 -0.000192
-0.199405 -0.007758 0.103554 0.000148 0.050334 0.027974 0.000194 -0.090625 -0.000027 0.228305 0.056182 -0.117519 -0.033524 -0.027599 0.005480 -0.000873 0.000005 -0.247400 0.067751 0.000228 -0.179977 -0.311485 0.000037 0.080139 0.025978 0.000032 0.190866 0.000039 -0.000093 -0.088657 0.221686 0.532137 -0.052258 0.049241 -0.000090 0.071760 -0.027520 -0.130634 -0.075860 -0.153133 -0.415939 0.144372 -0.000118 0.000110 0.012502 0.040438 0.000534
-0.372023 0.307649 0.145249 -0.000148 0.106593 0.047041 -0.000272 0.146084 0.000131 0.006266 0.083351 0.120125 -0.015378 -0.026605 -0.359919 -0.001208 0.000045 0.002958 -0.010374 -0.000054 -0.022535 0.197985 0.000049 0.114275 -0.445711 -0.000076 -0.002757 -0.000352 -0.000110 -0.295873 0.048046 0.249800 -0.167321 -0.190787 -0.000003 -0.028896 0.277910 -0.221903 -0.048234 -0.057735 0.027020 0.253664 0.000019 -0.000034 -0.161858 0.125491 -0.000092
-0.444260 0.157472 0.155627 -0.000016 -0.013707 0.057142 -0.000328 0.364015 0.000018 -0.110433 0.093862 0.123658 0.001762 0.062459 -0.361129 -0.002986 0.000005 0.046595 -0.075684 -0.000001 0.053707 -0.001308 -0.000124 0.125176 0.047664 0.000070 0.155372 0.000012 0.000277 0.009404 -0.232647 -0.174697 -0.095495 -0.089715 -0.000250 0.449649 -0.113411 -0.040567 0.287165 -0.197197 0.009260 0.103677 -0.000012 0.000005 0.105233 -0.060343 0.000900
0.056926 -0.384437 0.145034 -0.000127 0.076181 0.055652 -0.000043 -0.008507 0.000154 0.111353 0.089572 -0.076705 0.027754 0.002811 0.162621 0.001668 0.000011 0.008854 -0.376170 -0.000047 0.036025 -0.375641 0.000044 0.117794 0.121706 0.000043 0.362258 -0.000301 -0.000022 0.113106 0.071681 -0.078453 -0.018609 0.126670 -0.000075 -0.059914 0.303851 0.074010 0.223723 -0.298814 0.279241 0.087473 -0.000071 0.000118 0.126333 0.075684 -0.000016
0.087083 -0.031655 0.073955 0.000070 0.295830 0.015359 0.000061 0.128047 0.000048 -0.121829 0.038532 -0.126370 0.007677 0.003692 -0.290899 -0.000731 -0.000094 -0.236295 -0.098344 0.000153 -0.110365 0.025189 -0.000067 0.056603 -0.212450 0.000041 0.043281 -0.000236 -0.000110 0.014518 -0.119261 0.234330 0.073884 -0.248064 0.000187 -0.137266 0.204815 -0.177288 -0.148589 -0.102908 0.097794 -0.106649 0.000087 -0.000212 0.411428 0.015645 0.000024
-0.174010 0.018562 0.076239 0.000137 0.028081 0.017355 0.000090 -0.070014 0.000014 0.482899 0.039386 -0.049893 0.008249 -0.006418 0.101552 -0.001049 -0.000076 -0.090555 -0.117364 -0.000205 0.087016 0.147854 0.000051 0.056930 -0.132827 0.000037 0.042126 -0.000222 -0.000290 0.070943 0.184649 -0.145889 0.042846 0.213268 -0.000013 0.149336 0.117828 -0.303239 -0.128777 0.102828 0.026526 -0.172633 -0.000003 -0.000031 0.244597 -0.189195 -0.000125
-0.170174 0.138306 0.071077 0.000041 -0.036832 0.020270 0.000056 -0.050112 -0.000041 0.005425 0.040003 -0.155411 -0.080695 0.164600 -0.054863 -0.000859 -0.000039 -0.035937 0.300686 0.000105 0.126918 0.169033 -0.000099 0.054629 0.031666 -0.000003 -0.304654 -0.000112 0.000094 0.300396 0.062513 0.227220 0.031347 -0.075915 0.000173 0.193367 -0.195470 0.018687 -0.217728 0.195322 0.136136 -0.067294 0.000024 -0.000037 -0.000707 -0.244880 0.000650
0.259489 0.186347 0.038074 -0.000071 0.215451 0.006445 0.000026 -0.290366 0.000008 -0.004707 0.015829 0.199486 -0.127062 0.053731 -0.017938 -0.000716 0.000074 0.248730 0.114459 0.000154 -0.058160 -0.089291 0.000039 0.026234 -0.187655 0.000020 0.340866 -0.000104 0.000074 0.247515 -0.117568 0.304458 -0.049558 0.259574 -0.000091 0.093328 -0.065738 0.334711 0.205066 -0.124354 -0.121041 0.495116 0.000060 -0.000109 -0.157999 0.101130 0.000292
-0.067424 0.203971 0.099419 0.000153 0.161541 0.033497 0.000004 0.019946 -0.000002 -0.008407 0.058399 0.007779 -0.084984 0.104784 0.145968 0.000113 0.000038 0.124693 0.079667 0.000020 -0.112523 -0.293749 -0.000021 0.078193 -0.031941 -0.000023 0.041899 -0.000048 0.000044 0.210756 0.204003 0.353709 -0.061213 0.196228 0.000126 -0.144821 -0.035350 -0.031324 0.199429 0.044715 -0.413178 0.000943 0.000033 0.000365 -0.176359 0.473002 0.000924
-0.115666 0.129716 0.019627 0.000018 0.129467 0.003391 -0.000037 0.291966 -0.000009 -0.105804 0.010161 0.063446 -0.030252 -0.055983 0.093175 -0.001832 0.000200 0.162259 -0.081290 0.000117 0.008379 0.072528 0.000068 0.015504 0.000083 0.000042 -0.227408 0.000099 -0.000095 0.145135 0.048477 -0.294536 0.226228 0.204637 -0.000051 0.066306 0.291417 0.043911 0.035456 0.023253 -0.017992 0.081115 -0.000061 -0.000105 -0.040994 0.101964 0.000487
0.122276 -0.210504 0.058774 0.000012 0.101684 0.013638 -0.000133 0.254781 -0.000084 -0.092874 0.032577 -0.061726 0.464081 -0.094174 0.021704 -0.002308 -0.000044 0.281012 -0.027358 -0.000071 0.066589 0.092710 -0.000054 0.046226 -0.093044 -0.000007 -0.065677 -0.000004 -0.000037 0.195299 0.303332 -0.120913 -0.046399 0.161406 0.000042 0.119928 0.139776 0.112522 0.130210 -0.301769 0.480646 0.205563 -0.000079 0.000078 -0.224829 0.320052 -0.000146
0.313749 -0.140656 0.097301 -0.000082 -0.020522 0.027136 -0.000030 0.092104 -0.000015 0.033895 0.053455 -0.251854 0.513581 0.153985 0.309162 -0.002340 -0.000056 -0.345686 -0.307585 -0.000045 -0.229369 -0.127217 -0.000203 0.075541 -0.033632 -0.000133 -0.163400 0.000009 0.000140 -0.503445 -0.087788 0.341668 0.116274 -0.000417 -0.000065 0.046744 0.036448 -0.146606 -0.023980 0.387832 -0.033270 -0.116602 -0.000111 0.000033 -0.187167 -0.004756 -0.000238
0.512642 0.174565 0.033651 -0.000109 -0.047449 0.002955 -0.000053 0.211143 -0.000172 0.045850 0.013448 -0.206038 0.013536 -0.012845 0.154824 -0.003147 0.000089 -0.048514 0.117996 0.000050 0.125071 0.281347 -0.000115 0.023508 -0.218295 0.000149 0.018069 -0.000040 0.000097 -0.068971 -0.138303 -0.303869 0.174468 0.259551 -0.000087 0.087845 -0.025546 -0.178257 0.050899 0.143902 -0.068123 0.205056 0.000152 -0.000100 0.004976 -0.229211 0.000143
0.330776 0.072280 0.065440 -0.000030 0.128137 0.018709 0.000125 -0.196484 0.000005 0.219262 0.037589 -0.414351 0.021180 -0.225220 -0.022918 -0.002209 -0.000057 0.088271 0.043832 -0.000007 -0.127223 -0.025922 -0.000079 0.051639 -0.114844 0.000255 0.051521 -0.000045 -0.000133 -0.319817 -0.242598 0.300563 -0.082769 -0.117512 -0.000011 -0.083088 -0.056052 0.239432 0.187306 0.027909 -0.051227 0.253824 0.000260 -0.000058 0.078490 -0.087694 0.001402
0.170445 0.015935 0.115717 0.000016 0.055634 0.036873 0.000098 0.058639 -0.000014 -0.029304 0.067584 -0.237407 -0.076573 -0.058412 0.202836 -0.001157 -0.000096 -0.045542 0.067644 0.000117 -0.084806 -0.266548 -0.000012 0.092261 0.151329 -0.000054 -0.232912 -0.000078 0.000003 -0.299443 -0.095055 0.027061 -0.124474 0.366821 -0.000090 -0.088513 -0.166279 0.238717 -0.189083 0.209035 0.215832 -0.022327 -0.000088 0.000157 0.126835 -0.111989 0.000287
-0.212079 0.289995 0.054834 -0.000029 -0.062995 0.010163 0.000068 0.214819 0.000098 -0.016726 0.025670 -0.006678 -0.160684 0.008488 0.365459 -0.000548 0.000078 0.220842 0.377974 -0.000046 0.205607 0.110294 0.000051 0.040277 -0.015768 -0.000089 0.173663 -0.000050 0.000003 -0.024406 -0.114712 0.014758 -0.004393 0.076497 0.000010 0.071203 -0.042775 -0.460126 -0.061614 -0.174505 -0.210551 0.469625 0.000072 0.000074 -0.239994 -0.049577 0.001102
0.246550 -0.182561 0.056614 -0.000145 0.181362 0.008151 -0.000078 0.001598 0.000018 0.027478 0.025509 0.535155 0.132888 0.123634 0.019608 -0.000877 -0.000090 0.309752 0.208059 -0.000186 -0.224017 -0.302861 -0.000150 0.041144 -0.225181 -0.000047 0.264061 0.000265 0.000304 0.006678 -0.025345 -0.451147 -0.053669 0.129868 0.000011 -0.178691 0.240995 -0.243931 0.411265 -0.094868 0.325120 0.178903 0.000078 0.000049 -0.363075 0.329887 0.001165
0.093040 0.132367 0.030315 -0.000108 -0.155048 0.002589 0.000181 0.103943 -0.000003 -0.269990 0.010672 0.152365 0.159679 -0.008953 0.026331 -0.001162 -0.000043 -0.117780 0.029793 -0.000083 0.004401 -0.145111 -0.000049 0.019725 0.180140 -0.000043 0.050914 -0.000066 -0.000114 -0.016678 -0.186100 -0.001553 -0.236778 0.048150 0.000151 0.034772 0.180216 -0.330809 -0.062844 0.148746 0.079415 0.075379 0.000022 -0.000160 0.166962 -0.337389 0.000225
0.128598 0.267800 0.040982 0.000040 0.184177 0.007272 -0.000125 0.211008 0.000135 -0.098398 0.020296 -0.365191 0.247038 -0.049495 0.003311 -0.000577 0.000051 0.128575 0.137681 0.000004 0.009446 -0.027220 -0.000025 0.030068 -0.191541 0.000005 -0.141565 -0.000107 0.000079 -0.304054 0.208282 -0.294130 0.227826 -0.426853 -0.000076 0.400800 0.061708 -0.020586 -0.177212 0.271901 0.286298 -0.037070 -0.000130 0.000161 0.039168 0.327367 0.000228
0.027738 -0.045095 0.047301 0.000056 0.246888 0.010549 0.000071 -0.081374 -0.000009 0.109698 0.026050 -0.003060 0.248565 0.024307 -0.006436 0.000254 -0.000062 0.155379 0.070697 0.000209 -0.038880 -0.076785 -0.000013 0.036836 0.013841 -0.000077 -0.044002 0.000017 0.000182 -0.005118 0.115536 0.308446 0.154960 -0.127261 -0.000086 -0.243670 0.102321 -0.255030 0.068996 -0.133603 0.214225 -0.071996 0.000077 -0.000144 -0.017206 -0.059116 0.000019
-0.014860 -0.060960 0.064153 0.000106 0.424565 0.015910 0.000133 0.291880 -0.000074 -0.158347 0.035734 -0.294223 -0.100305 0.021709 0.198789 -0.001465 -0.000108 0.276574 0.267064 -0.000014 0.111318 0.028492 -0.000078 0.049616 0.086199 0.000186 0.020022 -0.000007 -0.000213 0.115293 0.178025 0.098840 -0.022908 0.009904 -0.000087 -0.115498 0.268752 -0.037493 -0.245097 -0.082161 0.049242 -0.158804 -0.000033 -0.000146 0.261152 0.079927 0.000258
-0.095544 -0.009734 0.121208 0.000011 -0.261717 0.038976 0.000001 -0.104513 -0.000030 -0.071368 0.069927 -0.097891 0.016068 0.031793 0.087153 -0.000525 -0.000085 0.117004 0.317099 -0.000085 0.210146 -0.032051 -0.000052 0.095483 0.392105 0.000013 -0.050483 -0.000150 -0.000007 -0.327260 0.022751 -0.003457 0.083207 -0.011120 0.000016 0.030955 -0.118031 0.010698 -0.056091 -0.219839 0.034001 -0.067201 -0.000055 0.000066 -0.106885 0.045198 -0.000360
0.018776 0.082598 0.037847 0.000201 -0.189779 0.005016 0.000030 0.079413 -0.000128 -0.031098 0.018302 -0.117509 0.170481 -0.147454 0.036711 -0.001528 0.000079 -0.002340 0.097681 -0.000051 -0.125644 -0.200276 0.000007 0.028324 0.127853 -0.000049 -0.192742 -0.000063 -0.000029 -0.439796 -0.218271 0.091803 -0.038236 -0.271420 0.000070 -0.039010 0.025092 -0.008813 -0.076154 0.376198 -0.020206 -0.042055 -0.000173 0.000166 0.191951 -0.238062 -0.000039
-0.006278 -0.033854 0.056970 -0.000164 -0.207404 0.011981 0.000107 -0.021004 -0.000021 0.226417 0.030946 0.056316 -0.264942 -0.155837 0.187446 -0.000100 0.000066 -0.034278 -0.004967 -0.000167 0.123269 0.056188 -0.000089 0.043933 0.032055 0.000041 -0.140770 -0.000311 -0.000061 -0.007380 0.312521 0.081115 0.237556 0.032675 0.000116 -0.038034 -0.083064 0.272230 0.076391 0.072120 -0.052223 -0.318636 0.000057 -0.000255 -0.013261 0.000130 0.000083
0.208526 0.305342 0.062592 -0.000052 -0.037809 0.010032 -0.000136 0.001753 -0.000036 0.087628 0.029967 0.207044 0.005824 -0.083304 -0.109951 -0.000465 0.000042 0.108691 0.095397 0.000059 0.108257 -0.168190 -0.000040 0.046102 -0.144312 0.000043 0.417375 0.000036 -0.000218 0.176639 0.277533 0.213947 0.178934 0.013789 0.000105 0.128760 0.208795 -0.214572 -0.025249 -0.056278 -0.352616 -0.462703 0.000006 -0.000050 -0.039650 0.085751 -0.000158
0.226326 0.092237 0.097074 -0.000071 0.162732 0.029181 -0.000018 -0.085975 -0.000066 -0.178151 0.055777 0.097017 0.164748 -0.019511 -0.463876 -0.001335 -0.000118 0.156157 0.176155 -0.000202 0.047233 -0.202388 0.000079 0.077312 0.141372 -0.000085 -0.225972 -0.000312 0.000001 -0.206520 -0.111273 -0.089430 -0.251348 -0.090985 -0.000053 0.173383 -0.080452 -0.056701 0.013434 -0.039805 -0.039019 -0.109780 -0.000047 0.000071 -0.055340 0.294314 0.000529
0.054664 -0.086552 0.106048 -0.000018 0.240806 0.034730 -0.000128 -0.052821 0.000025 -0.134569 0.063670 -0.013323 0.236344 -0.096902 -0.008933 -0.001022 0.000005 -0.052671 0.098083 -0.000154 0.083702 0.172642 0.000008 0.086269 0.041246 -0.000058 -0.095721 -0.000035 0.000002 -0.142736 0.016498 -0.466060 -0.052417 -0.019619 0.000139 -0.006757 -0.071146 0.185714 -0.115452 0.158204 0.041598 0.133119 -0.000183 0.000099 0.003774 0.219164 0.000107
-0.118958 -0.184207 0.068949 0.000049 0.338197 0.017144 0.000048 -0.052517 -0.000117 -0.280670 0.039155 0.010412 0.303667 -0.037473 0.541592 -0.001183 -0.000033 0.071409 -0.126243 -0.000070 -0.059206 -0.113338 -0.000008 0.055249 -0.021422 0.000051 0.004557 -0.000029 -0.000099 -0.045233 -0.062306 0.024170 0.041422 0.221506 -0.000024 -0.320858 0.160631 -0.006708 -0.074872 0.025605 0.053331 0.168317 0.000077 -0.000064 0.010547 -0.311756 0.000280
0.131727 -0.133910 0.052911 0.000029 0.010796 0.012697 0.000108 -0.005811 0.000070 0.113907 0.027901 -0.094293 0.011650 0.136948 0.214492 -0.001027 0.000021 0.002368 -0.018735 0.000030 0.091140 -0.165720 -0.000109 0.040229 0.188586 0.000123 -0.003141 0.000039 0.000027 0.091536 0.109901 -0.049600 -0.044459 -0.150200 0.000226 0.117891 -0.153656 0.265499 -0.096614 0.134701 0.056554 0.030179 -0.000066 0.000012 0.300713 -0.272457 0.000193
0.197125 0.028397 0.100488 -0.000126 0.012975 0.038608 -0.000516 -0.512701 -0.000175 0.089550 0.064982 -0.045351 -0.198297 -0.006630 -0.034810 -0.003008 -0.000009 -0.026559 -0.119643 0.000051 0.117427 0.129055 0.000023 0.083934 0.098346 0.000127 0.316179 0.000013 0.000207 -0.052449 0.092663 -0.100854 -0.163629 0.116256 0.000147 -0.073537 -0.326325 0.014361 0.249293 0.304877 -0.041609 -0.047917 -0.000021 -0.000014 0.087708 -0.269865 0.001136
-0.037053 -0.071011 0.047151 0.000049 0.167870 0.010597 -0.000379 -0.187436 0.000002 -0.019223 0.026916 0.032134 0.021200 -0.115186 0.219546 -0.006718 -0.000038 -0.117599 0.056219 -0.000012 -0.077527 -0.092855 -0.000065 0.036950 0.392171 -0.000285 -0.180856 0.000075 0.000204 0.024827 0.145534 -0.203621 -0.050015 -0.067157 -0.000117 -0.002092 -0.310535 -0.063705 0.365828 0.156051 -0.041790 -0.209291 0.000054 -0.000027 0.041525 -0.115216 0.000159
-0.021498 0.292271 0.077468 -0.000069 0.117574 0.020381 0.000118 -0.249365 -0.000071 -0.032333 0.042456 0.074295 -0.116381 0.030367 -0.019351 -0.000071 -0.000005 -0.195610 -0.034656 -0.000150 -0.390064 0.087888 -0.000015 0.059437 -0.131639 0.000104 0.227112 -0.000199 -0.000055 0.122514 0.076849 -0.024531 0.070592 0.008554 0.000185 0.306411 -0.165893 -0.066782 0.133516 0.108501 -0.040696 -0.221495 -0.000009 -0.000094 -0.163778 0.094761 0.001033
0.221989 -0.044004 0.078914 0.000024 -0.389157 0.019986 0.000301 0.194109 -0.000028 0.192865 0.044361 0.122893 0.110799 -0.050479 -0.207595 -0.004200 0.000078 -0.159955 -0.146558 0.000022 -0.114149 0.393126 -0.000192 0.062275 0.070466 -0.000035 -0.124178 -0.000191 0.000224 0.042113 0.018891 -0.003205 -0.233621 -0.005092 0.000018 0.362711 -0.025972 0.232737 -0.221272 -0.003584 -0.223671 -0.335264 -0.000019 0.000084 -0.017018 -0.295925 0.000127
0.067553 0.111179 0.041487 -0.000127 0.235536 0.008157 0.000037 -0.013021 -0.000115 0.199563 0.021234 -0.045856 0.011156 -0.034284 -0.324112 -0.003326 -0.000064 -0.123848 -0.327909 -0.000059 -0.366407 0.055440 -0.000162 0.031770 -0.228312 -0.000052 -0.112277 0.000115 -0.000107 0.333044 -0.094981 0.005240 -0.079451 0.463650 0.000011 0.072609 0.272746 0.312861 -0.122618 0.125950 0.030758 -0.129063 -0.000101 -0.000108 -0.291397 0.207233 0.000946
-0.601770 -0.198619 0.052001 -0.000016 -0.142826 0.011941 -0.000065 0.144840 -0.000044 0.113528 0.029188 0.247919 0.317962 -0.067835 0.026241 -0.000598 -0.000018 0.083960 0.094593 -0.000275 0.066840 -0.154360 -0.000004 0.041412 0.196606 -0.000006 -0.065962 0.000136 0.000098 0.529258 0.131937 -0.159970 -0.022462 -0.024085 -0.000044 0.078808 0.130633 0.033768 -0.020676 -0.173211 0.026527 -0.308129 -0.000042 0.000305 -0.132987 -0.309845 0.000083
-0.244435 0.217298 0.045704 0.000085 0.047403 0.011905 -0.000125 0.302707 0.000066 -0.036173 0.028291 -0.556121 -0.248712 -0.083201 -0.189816 -0.000818 -0.000091 -0.099659 -0.118835 -0.000008 -0.271354 0.225773 0.000032 0.038081 -0.311923 0.000085 -0.134060 -0.000066 0.000013 -0.004751 -0.259885 -0.096924 0.140219 0.246565 0.000069 0.228576 0.190063 0.213486 -0.490090 0.219772 0.066575 -0.367448 0.000005 0.000195 0.121392 -0.114086 0.001484
0.171670 -0.137795 0.067985 0.000156 0.168731 0.013816 0.000088 0.044932 -0.000158 -0.080654 0.034630 0.118269 0.180636 0.069084 0.147141 -0.000732 0.000068 -0.141548 -0.504880 -0.000042 0.157194 -0.072447 0.000022 0.051083 -0.065909 0.000291 0.315570 -0.000146 0.000031 0.048744 0.046996 0.114399 0.124008 -0.088056 0.000031 -0.016059 0.025412 -0.100444 0.024692 -0.268774 0.182480 0.017783 0.000050 0.000018 0.376073 0.318348 0.000314
0.070850 0.011203 0.058374 0.000053 -0.020662 0.016796 -0.000338 0.028342 0.000055 -0.009098 0.035296 -0.038551 -0.833464 -0.052502 0.325510 -0.002104 -0.000054 0.030008 -0.044379 0.000358 -0.009407 -0.114688 -0.000051 0.047426 0.084506 -0.000082 -0.129849 -0.000229 -0.000112 -0.189317 -0.005770 0.054436 -0.004559 0.072005 0.000114 -0.060595 -0.060052 0.133481 0.038746 -0.064111 0.073378 0.026186 0.000293 0.000016 0.159706 -0.029518 0.000633
-0.023171 -0.192566 0.104560 0.000028 -0.060156 0.035049 -0.000224 -0.201091 -0.000004 -0.049745 0.062644 -0.159566 0.380698 0.028403 -0.193332 -0.003328 0.000052 0.155255 -0.003349 -0.000142 0.018094 -0.126323 -0.000007 0.084169 0.140056 0.000002 0.034277 -0.000026 -0.000165 -0.290046 0.006583 0.227177 0.003085 0.140537 0.000241 -0.017958 -0.031422 0.110092 -0.098092 -0.001335 -0.050413 0.043203 -0.000036 0.000032 0.178967 0.131223 0.000640
-0.385083 0.073162 0.094268 0.000062 -0.129964 0.032558 -0.000108 -0.211686 -0.000142 0.185385 0.057198 0.110095 -0.259024 0.203359 -0.161290 0.000177 -0.000048 0.148977 -0.100971 -0.000011 -0.111569 0.066480 -0.000115 0.075947 -0.055827 -0.000123 -0.123337 -0.000196 0.000005 -0.005805 -0.198137 0.401719 -0.002549 -0.132370 -0.000049 0.184144 -0.115711 0.218288 0.133840 0.197414 0.001390 0.084742 0.000115 0.000136 -0.328995 -0.168153 -0.000137
-0.208828 -0.152423 0.132444 -0.000039 0.047302 0.046486 0.000095 0.048824 -0.000006 0.015317 0.078189 0.281808 -0.106425 0.199108 0.051291 0.000145 0.000134 -0.342625 -0.011922 -0.000053 -0.063137 -0.184813 0.000053 0.105673 0.071487 0.000003 -0.048579 -0.000112 -0.000029 0.422406 0.085777 0.112782 0.130740 -0.278405 0.000201 0.213664 -0.008320 -0.104756 0.090142 0.364699 0.099698 -0.176108 0.000050 -0.000118 -0.278989 0.230194 0.001524
-0.314739 -0.060590 0.050757 -0.000029 0.005985 0.007098 -0.000096 0.029765 0.000004 -0.157049 0.023365 0.045318 0.106606 0.023421 -0.030951 -0.000446 0.000022 -0.227337 0.272375 0.000200 0.061477 -0.045507 -0.000042 0.036934 0.168611 -0.000025 0.038811 0.000124 0.000069 -0.000195 0.163156 -0.197869 0.006437 -0.087060 0.000136 -0.252653 0.192315 -0.109218 -0.032768 0.120605 -0.413651 -0.095366 -0.000349 -0.000033 -0.013389 0.063665 -0.000293
-0.001103 0.142551 0.061278 -0.000059 0.381238 0.010194 0.000079 -0.066044 -0.000029 -0.117128 0.029261 -0.097505 0.217118 0.077411 0.395974 -0.000865 -0.000022 0.073574 -0.095260 -0.000226 -0.091753 -0.326066 -0.000003 0.045158 0.084681 0.000076 0.229130 -0.000164 0.000166 0.081380 0.172707 -0.232931 0.059965 -0.237436 0.000163 0.163103 0.374703 0.056640 0.059046 -0.027865 0.206935 -0.003774 -0.000150 0.000139 0.234260 -0.373695 0.000678
-0.261458 0.002215 0.005162 0.000076 0.006170 0.002445 -0.000096 0.105069 0.000148 -0.144881 0.003257 0.027667 0.373491 -0.101302 0.139964 0.000329 0.000027 0.081297 -0.295885 -0.000017 0.058846 0.142357 0.000115 0.004105 0.317735 -0.000007 0.077672 -0.000064 0.000187 0.114712 0.083104 0.167011 0.137157 0.097597 -0.000159 0.030427 -0.221360 -0.102339 -0.045644 -0.251787 0.086419 -0.001069 -0.000021 0.000198 -0.023468 -0.502225 0.000895
0.116728 0.189602 0.030457 0.000056 0.181135 0.004374 0.000158 -0.593073 -0.000088 0.175022 0.015210 0.139254 0.242085 -0.107007 -0.123791 -0.000672 0.000069 0.323547 0.273828 -0.000239 -0.071028 0.051148 -0.000131 0.023174 0.085506 0.000031 0.124011 -0.000022 0.000018 0.033642 -0.270491 0.131506 0.004691 -0.101628 -0.000105 0.252505 -0.291583 0.246034 0.019638 -0.043644 0.024099 0.285850 -0.000231 -0.000116 0.226964 -0.212067 0.001514
