-0.811922 0.000061 -0.741544 0.440671 -0.000124 0.277775 -0.084167 -1.071038 0.000022 -0.304931 -0.609146 0.000005 -0.747673 -0.000058 -0.001611 -0.025385 -0.782716 -0.487077 0.000338 -0.000030 0.303364 -0.000123 -0.352299 0.417330 -0.761013 -0.656359 0.000005 -0.647060 0.363090 0.001083
0.715212 0.000007 0.870224 -0.026689 0.000006 0.020769 0.544085 0.844939 -0.000009 0.633117 1.124634 -0.000004 0.742679 -0.000009 -0.008542 -0.027911 0.606142 0.574797 0.000460 -0.000058 -0.001095 -0.000043 0.213516 -0.019151 0.569722 0.646926 0.000002 0.640675 -0.391558 0.000864
0.220726 0.000002 -0.102507 -0.099933 0.000043 0.013720 0.318955 0.096746 -0.000037 0.143556 -0.382965 0.000004 0.105728 -0.000069 -0.006464 -0.027523 0.448684 -0.516661 0.000103 -0.000029 0.309779 -0.000006 0.070287 0.178886 0.260256 0.129601 0.000006 0.137087 0.248519 0.001085
-0.324590 -0.000006 -0.459507 0.082567 -0.000006 0.468738 -0.437749 -0.127790 -0.000013 -0.153493 -0.486770 0.000006 -0.509375 0.000152 -0.004455 -0.026645 -0.883079 0.261571 0.000297 -0.000036 0.343711 0.000015 -0.075800 0.489226 -0.317426 -0.445960 0.000010 -0.440402 0.387598 0.001022
-0.345981 0.000032 -0.328453 0.653397 -0.000053 0.499251 -0.585281 -0.249108 0.000010 -0.459125 0.091087 -0.000000 -0.308052 -0.000001 -0.008051 -0.027261 0.096680 0.255767 0.000506 -0.000040 0.196536 -0.000017 -0.183515 0.216383 -0.271389 -0.326321 0.000023 -0.339142 0.243970 0.001993
0.359119 0.000046 0.413340 0.063751 -0.000019 -0.178671 0.454223 0.530634 0.000012 0.536939 0.596530 -0.000003 0.633882 -0.000005 -0.006550 -0.027668 0.356228 -0.003271 0.000224 -0.000056 -0.220251 -0.000009 0.465176 -0.277677 0.750334 0.579924 0.000056 0.583204 -0.012324 0.001020
0.317756 -0.000050 0.363855 0.124307 -0.000033 -0.057736 0.465451 0.061878 0.000012 0.407280 0.069142 0.000001 0.134285 0.000058 -0.005544 -0.026764 0.093440 -0.083615 0.000554 -0.000039 0.168865 0.000009 0.220634 -0.070962 -0.090275 0.163289 -0.000015 0.171811 0.091527 0.000994
-0.995969 -0.000053 -0.675213 0.806702 0.000044 0.537064 -0.674054 -0.582206 0.000016 -0.741206 -0.778230 -0.000000 -0.816757 0.000002 -0.007008 -0.027368 -0.851026 -0.058954 0.000209 -0.000033 0.852467 0.000012 -0.462292 1.018800 -1.046171 -0.779690 -0.000041 -0.790525 0.467606 0.006951
0.463550 -0.000040 0.497184 0.022747 0.000041 0.169156 -0.056598 0.690472 0.000029 0.403530 0.259931 0.000004 0.537247 0.000022 -0.007214 -0.027372 0.351542 0.204286 0.000328 -0.000029 0.042971 0.000077 0.202191 0.093622 0.488306 0.480530 -0.000049 0.483309 0.113481 0.001082
-0.073891 0.000045 -0.318040 -0.011709 -0.000044 0.254085 -0.027635 -0.434767 -0.000010 -0.274970 -0.328097 0.000005 -0.137801 -0.000107 -0.005804 -0.027243 0.004580 -0.288178 0.000323 -0.000050 0.339865 0.000010 -0.108754 0.409435 0.211657 -0.116726 0.000012 -0.114823 0.208885 0.000986
0.370810 -0.000029 0.281136 0.054654 0.000050 0.083166 0.089312 -0.132982 0.000015 -0.115320 0.110141 -0.000000 0.137787 0.000103 -0.006637 -0.027236 0.182119 0.025525 0.000380 -0.000015 0.084141 0.000050 0.075297 -0.026327 0.064416 0.130843 0.000092 0.128855 0.279776 0.001050
