-0.088361 -0.054115 0.000046 0.000023 0.000010 -0.000019 0.000129 -0.005757 -0.263151 -0.000121 0.000021 0.600958 -0.129160 0.052661 -0.071655 -0.383431 -0.000032 -0.048742 0.000038 0.000030 -0.000037 -0.385357 0.136784 -0.388810 0.508797 -0.000033 -0.157223 0.000057 -0.299408 0.000009 0.010458 0.000129 -0.055672 -0.000075 0.009979 -0.000042 -0.095466 -0.217393 -0.131483 0.000089 -0.675660
-0.154271 -0.109812 -0.000023 0.000052 -0.000033 0.000022 0.000166 -0.003808 -0.184298 -0.000026 0.000019 0.408304 -0.338113 0.074303 0.027008 -0.314849 -0.000023 0.008004 0.000059 -0.000080 -0.000035 -0.027651 0.328072 0.239878 0.251436 -0.000023 -0.374720 -0.000084 -0.266518 0.000067 0.006827 0.000038 -0.190892 -0.000054 -0.162620 0.000039 -0.313511 -0.115654 -0.064611 0.000008 -0.566000
-0.319070 0.335318 -0.000010 0.000019 -0.000058 -0.000012 -0.000068 -0.004296 -0.135215 0.000111 0.000018 -0.060661 -0.523188 -0.051204 0.112700 -0.126640 -0.000027 -0.021631 0.000050 -0.000184 0.000003 -0.054846 0.165430 0.485020 -0.122294 0.000109 -0.251519 0.000033 0.004713 0.000009 0.003202 0.000128 -0.576298 -0.000012 0.111844 0.000110 0.005877 -0.285106 -0.088534 0.000049 0.123052
-0.086233 0.054144 -0.000091 0.000004 -0.000021 -0.000003 -0.000176 -0.006316 0.111871 -0.000026 0.000019 0.107860 0.118841 0.120972 0.288651 -0.136176 -0.000001 -0.025919 -0.000082 0.000298 -0.000005 -0.217293 -0.047959 0.363065 -0.258827 -0.000013 -0.011393 0.000025 -0.020211 0.000032 -0.000805 0.000039 -0.002239 0.000011 0.286280 -0.000003 0.323491 0.056395 0.061570 0.000040 -0.174069
0.165629 0.017843 -0.000092 0.000023 -0.000004 -0.000022 0.000013 -0.008643 0.110606 -0.000036 0.000002 -0.070950 0.224763 0.343912 0.048220 -0.196070 -0.000017 -0.156271 -0.000033 -0.000175 0.000056 -0.057416 0.190039 0.450993 -0.354730 0.000034 0.150548 0.000046 0.208002 0.000064 -0.001099 0.000105 -0.358333 0.000163 -0.060923 0.000069 0.429024 0.206637 -0.128684 0.000060 0.270921
0.483361 -0.127135 0.000029 -0.000024 -0.000108 -0.000019 0.000244 -0.010536 -0.088515 -0.000117 -0.000018 0.108354 -0.136562 0.218441 -0.092639 -0.242832 0.000069 0.284934 0.000038 0.000312 -0.000024 -0.140218 0.114369 0.001482 -0.036518 -0.000027 -0.051331 -0.000102 -0.134241 -0.000057 -0.000037 -0.000035 0.250764 -0.000023 -0.075032 0.000005 0.207497 0.224536 -0.234930 -0.000070 0.040127
0.014038 -0.008805 0.000015 -0.000079 0.000039 0.000042 -0.000109 -0.006194 -0.278188 -0.000144 0.000008 0.043875 0.077121 0.169268 0.115683 -0.031668 -0.000006 0.008975 -0.000039 0.000112 0.000057 0.024748 0.047416 0.101421 0.008225 -0.000032 -0.176587 0.000011 -0.012938 -0.000019 -0.000903 0.000079 0.246107 -0.000027 0.130274 -0.000035 -0.021131 -0.134784 0.664821 0.000050 0.266987
-0.009691 -0.123812 -0.000005 0.000048 -0.000058 0.000095 0.000014 0.000812 -0.136962 -0.000049 -0.000051 0.509770 0.097727 0.098217 -0.193493 0.028622 -0.000077 -0.057086 -0.000029 0.000046 -0.000022 0.168976 0.481044 0.312804 -0.110644 -0.000031 -0.114140 -0.000013 0.224598 0.000048 -0.003170 -0.000042 0.233521 0.000018 0.220212 0.000029 0.054993 -0.000353 0.590934 -0.000060 0.112302
0.075796 0.340872 0.000037 0.000023 -0.000039 -0.000100 -0.000083 -0.000131 -0.128739 -0.000101 -0.000008 0.085978 -0.002776 0.233792 -0.082430 -0.380115 0.000022 0.043230 0.000024 -0.000033 0.000018 -0.224276 0.455820 0.018405 0.377016 0.000111 0.016727 -0.000089 -0.011362 0.000035 -0.003152 -0.000289 0.059866 0.000033 -0.131742 0.000026 0.046087 -0.064502 0.039145 0.000082 0.332899
0.015282 -0.129637 -0.000028 0.000048 0.000131 -0.000037 0.000031 0.000085 0.154855 0.000036 -0.000013 0.170983 0.068970 -0.062711 -0.101996 -0.158544 0.000007 0.075134 -0.000019 -0.000013 0.000044 -0.032479 0.150394 -0.465028 -0.015611 -0.000089 -0.071649 -0.000019 0.562272 0.000126 -0.006780 0.000013 -0.041018 -0.000095 0.251797 -0.000033 0.054959 -0.143414 0.116142 0.000132 0.169743
0.106058 -0.107934 -0.000010 -0.000006 -0.000034 -0.000044 -0.000043 0.000422 0.137338 -0.000019 -0.000004 0.102940 0.537757 0.090833 0.087255 0.159287 -0.000002 0.374879 0.000022 0.000014 -0.000027 -0.061628 0.029743 -0.418681 -0.445267 0.000004 -0.089122 -0.000012 0.302308 0.000032 -0.007396 -0.000055 -0.026850 0.000049 0.149857 -0.000001 0.252106 0.223257 0.206843 -0.000042 0.173979
-0.104180 0.053273 -0.000024 0.000063 0.000056 0.000045 0.000026 0.000650 0.070015 -0.000028 0.000024 0.029839 0.188460 0.004205 0.578392 0.247595 -0.000053 0.421517 -0.000041 -0.000115 -0.000044 -0.464121 0.268482 -0.134421 -0.377069 0.000006 -0.010923 0.000110 0.244351 -0.000047 -0.012206 -0.000075 -0.249203 0.000045 -0.153736 -0.000067 0.288463 0.073438 -0.291885 0.000142 -0.088854
-0.024199 0.075212 0.000029 -0.000030 -0.000034 -0.000043 -0.000089 0.000764 -0.132498 -0.000006 0.000008 -0.007025 -0.046221 0.356723 0.557039 0.449975 0.000036 -0.114678 0.000005 -0.000101 0.000017 -0.215685 0.456641 -0.204646 0.031998 0.000057 -0.084155 0.000084 0.249926 -0.000050 -0.014520 0.000014 -0.012622 0.000099 -0.273980 0.000067 0.128593 0.049700 0.059584 -0.000053 -0.095190
0.000736 -0.139423 -0.000014 -0.000002 0.000025 0.000015 0.000028 -0.000123 -0.048338 0.000140 0.000020 0.126316 0.064523 -0.039025 0.406114 -0.047770 -0.000058 0.166216 -0.000162 0.000005 -0.000021 0.070884 0.034877 0.189486 -0.143639 0.000105 -0.240565 0.000023 -0.798975 -0.000092 -0.017841 0.000005 -0.132142 0.000024 -0.229505 -0.000006 0.250199 0.261316 0.090378 -0.000014 -0.137878
-0.016502 -0.256858 -0.000003 -0.000017 -0.000022 -0.000133 -0.000003 -0.005201 0.208749 -0.000044 -0.000026 0.181258 -0.251846 -0.217909 0.073958 0.001797 0.000095 -0.194922 -0.000020 -0.000000 0.000016 0.312218 0.153672 0.173494 0.045900 -0.000050 -0.437591 0.000002 -0.550197 0.000028 -0.012978 0.000108 0.036293 0.000030 -0.252094 0.000049 0.090000 0.162523 0.366244 0.000021 0.026280
0.015408 -0.051711 -0.000005 -0.000001 0.000040 0.000028 0.000096 -0.005568 0.189825 0.000021 0.000002 0.144022 0.083192 -0.263761 0.393572 -0.219691 -0.000068 -0.367934 0.000034 0.000020 -0.000010 0.240186 0.252325 -0.132803 0.098786 0.000027 -0.440497 0.000039 -0.304546 0.000038 -0.010440 0.000005 0.215780 0.000027 -0.036765 0.000019 0.143255 0.011766 0.028527 0.000052 0.091937
0.096755 0.668783 0.000030 0.000016 0.000088 -0.000034 0.000042 -0.010517 -0.454707 -0.000002 -0.000025 0.007571 0.127202 -0.112338 0.076475 -0.203083 0.000076 -0.364861 -0.000010 -0.000017 -0.000037 -0.303763 0.256314 -0.435709 0.171600 0.000024 -0.245413 -0.000053 -0.024230 -0.000071 -0.009438 -0.000027 0.099789 0.000052 -0.245288 0.000018 -0.001715 0.249535 -0.050325 -0.000053 0.235837
-0.150573 0.084878 0.000003 0.000001 -0.000013 0.000039 -0.000089 -0.014488 -0.379931 0.000106 0.000023 -0.156348 -0.090028 -0.312584 0.121181 -0.145960 0.000025 -0.377424 -0.000017 -0.000017 0.000035 -0.344622 0.262465 -0.412504 -0.139147 0.000030 -0.062262 -0.000041 -0.247174 -0.000021 -0.014914 -0.000115 0.125197 0.000029 0.379732 -0.000084 -0.106507 0.258153 -0.248429 0.000163 0.218667
-0.211636 -0.279076 -0.000015 0.000029 -0.000040 0.000052 -0.000050 -0.020969 -0.415023 -0.000042 0.000020 0.396206 -0.021301 -0.097577 -0.063586 0.239219 -0.000086 0.021076 -0.000012 0.000054 -0.000012 0.217693 0.020396 0.056263 -0.128230 0.000103 -0.468301 0.000024 0.006118 0.000099 -0.014976 0.000026 -0.015438 -0.000079 0.267474 -0.000099 0.004901 -0.003806 0.251603 -0.000035 0.366135
-0.035820 -0.056527 0.000013 -0.000022 -0.000012 -0.000014 -0.000012 -0.020793 -0.067776 0.000002 -0.000023 0.267570 0.410274 -0.232785 -0.052870 0.100736 -0.000031 0.062527 -0.000044 -0.000169 0.000117 0.003167 0.227703 -0.064125 -0.022168 0.000024 0.026809 -0.000089 0.213161 0.000039 -0.020390 0.000081 0.046625 0.000092 -0.284928 0.000020 -0.225735 0.125499 -0.115619 -0.000039 0.167872
-0.107084 0.366858 0.000009 -0.000024 0.000091 -0.000042 -0.000050 -0.020373 0.261556 -0.000100 -0.000002 0.153425 0.287392 0.004690 0.229735 0.042748 -0.000069 -0.223748 -0.000050 -0.000149 0.000051 -0.391172 0.327545 0.000570 -0.644445 -0.000060 0.385419 0.000011 0.193522 -0.000035 -0.021642 -0.000036 0.481897 -0.000091 -0.089337 0.000112 0.010193 -0.187816 -0.219068 -0.000053 -0.004415
-0.268353 -0.209491 0.000029 0.000012 -0.000002 -0.000132 -0.000052 -0.018220 -0.149413 -0.000104 0.000012 0.122364 0.211067 -0.264599 -0.210024 -0.360872 -0.000014 -0.267189 0.000081 -0.000022 0.000004 0.096501 0.281350 0.060647 -0.451500 0.000085 0.133941 -0.000089 0.345051 -0.000047 -0.023307 0.000048 0.018991 -0.000099 -0.110786 -0.000007 -0.287248 -0.015227 0.240431 -0.000015 0.121676
-0.282548 -0.066690 0.000012 0.000009 -0.000027 0.000017 0.000022 -0.019586 -0.083794 -0.000001 0.000006 -0.302287 -0.207763 -0.175256 -0.189138 -0.166786 -0.000030 -0.065736 0.000020 0.000001 0.000013 0.155017 0.281259 0.148479 0.055577 -0.000091 0.053482 -0.000038 0.309743 -0.000034 -0.023468 0.000056 0.401155 0.000019 0.134896 0.000091 -0.177892 0.136048 0.380613 0.000019 -0.051773
-0.274022 0.147131 -0.000019 0.000025 0.000196 0.000033 -0.000031 -0.023289 0.009371 -0.000010 -0.000006 -0.092265 0.009344 0.110814 -0.160778 -0.099491 -0.000032 0.133184 0.000028 0.000047 0.000018 0.439070 0.356376 0.082682 0.150359 -0.000167 -0.036779 0.000123 0.119407 0.000017 -0.020166 0.000054 0.184933 0.000032 0.161353 0.000009 0.169624 0.091792 0.396740 -0.000015 0.133323
-0.108362 0.169651 -0.000065 0.000016 -0.000043 0.000053 0.000029 -0.022255 0.453188 0.000003 -0.000020 0.016138 -0.208738 0.004045 -0.220423 0.154888 0.000055 0.534041 0.000077 -0.000019 -0.000002 0.291157 0.135394 0.257310 0.021445 0.000100 -0.319487 -0.000028 -0.115794 -0.000044 -0.012909 0.000007 0.091701 0.000108 0.428930 0.000029 0.372059 -0.062785 0.054363 -0.000023 0.177037
-0.249864 -0.408063 -0.000020 -0.000058 0.000081 0.000020 0.000011 -0.021350 -0.045143 0.000089 0.000007 -0.317907 -0.193217 -0.016995 -0.220143 0.258734 0.000020 -0.125555 -0.000068 -0.000023 -0.000014 0.197708 0.008482 0.189993 0.030873 -0.000053 -0.002240 0.000021 -0.047292 0.000058 -0.005146 -0.000049 -0.045791 0.000217 0.018845 -0.000064 -0.226379 -0.071026 0.237798 0.000049 -0.026920
0.128247 0.039500 -0.000025 0.000009 -0.000008 0.000024 -0.000000 -0.015966 -0.137497 0.000125 -0.000020 -0.034720 -0.477778 0.280024 -0.039267 0.015617 0.000159 0.118763 0.000184 0.000051 -0.000031 0.415306 0.232563 -0.080231 0.374012 0.000095 -0.074432 0.000153 -0.093547 0.000136 -0.002883 -0.000027 0.071475 -0.000114 0.037349 0.000026 0.088546 0.021668 -0.004316 0.000094 -0.189105
0.151298 0.042178 0.000013 0.000021 -0.000015 0.000004 -0.000054 -0.015337 0.006005 -0.000117 0.000016 0.013149 -0.081889 -0.202888 0.421443 0.368667 0.000022 0.054893 -0.000031 0.000142 -0.000015 0.010433 -0.157907 0.134469 0.212039 -0.000022 -0.327620 0.000091 0.077412 0.000004 -0.001238 0.000041 0.092405 -0.000113 0.107898 -0.000038 0.379513 -0.284116 0.155352 0.000147 0.111400
0.333849 0.047176 -0.000003 0.000024 0.000039 0.000141 -0.000007 -0.015348 -0.092902 -0.000089 0.000021 0.361077 0.045465 -0.031497 0.270115 0.283746 0.000019 -0.321492 -0.000048 0.000087 -0.000009 0.267855 -0.221840 -0.255243 -0.015950 0.000043 -0.255244 -0.000056 -0.191262 0.000099 0.001707 0.000038 0.012645 0.000071 0.067576 0.000001 0.508120 0.000682 -0.015738 0.000116 -0.267426
-0.032908 0.555089 0.000016 0.000016 0.000139 0.000025 -0.000144 -0.018174 -0.322856 -0.000054 0.000004 -0.069140 -0.017261 0.340674 0.390699 0.242014 0.000019 -0.198875 -0.000155 0.000045 0.000034 -0.101502 -0.202647 0.144776 -0.310107 0.000005 0.070107 0.000055 -0.035203 -0.000000 -0.000910 0.000138 0.103543 -0.000031 -0.137146 -0.000039 -0.170229 -0.185906 -0.215431 0.000034 0.134762
0.224153 0.666385 0.000012 0.000025 0.000142 0.000062 -0.000135 -0.027204 -0.165399 -0.000151 -0.000023 0.564587 0.018815 -0.105143 -0.117001 0.002055 -0.000033 0.602696 -0.000016 0.000009 -0.000022 0.128925 0.101534 0.008961 -0.373533 -0.000076 -0.428731 -0.000078 0.501661 0.000018 -0.001087 0.000118 0.165809 0.000098 0.224559 -0.000076 0.112497 -0.051706 -0.284945 -0.000024 -0.091010
-0.031201 0.217258 -0.000045 -0.000009 -0.000060 -0.000045 -0.000072 -0.032770 -0.141876 0.000229 0.000004 0.354506 -0.343917 -0.125568 0.019358 0.339335 0.000073 0.454163 0.000125 0.000023 -0.000018 0.051657 0.005762 0.215386 -0.314304 0.000037 -0.124615 0.000077 0.103536 -0.000153 -0.004114 -0.000030 0.544595 -0.000126 -0.037826 -0.000022 -0.097557 0.276577 -0.336880 0.000029 0.089845
-0.071656 0.293100 0.000040 -0.000029 0.000070 -0.000045 0.000038 -0.031951 -0.182036 -0.000109 0.000027 0.506134 0.134778 -0.045514 -0.010162 0.558058 -0.000012 0.413586 0.000008 0.000012 -0.000035 0.150045 0.211125 -0.067976 -0.008854 0.000075 -0.517536 -0.000044 0.248187 0.000012 -0.012015 0.000056 0.485208 0.000105 -0.168720 0.000042 -0.208848 0.126235 -0.406325 -0.000010 0.515097
-0.176762 -0.006691 0.000045 -0.000010 0.000035 -0.000039 0.000026 -0.034010 -0.083500 -0.000018 -0.000036 0.143651 -0.289607 -0.374343 -0.192510 0.281640 0.000037 -0.200852 0.000084 -0.000020 0.000026 -0.238367 0.152290 0.251232 0.202150 0.000063 -0.128658 -0.000055 0.138031 -0.000033 -0.016051 0.000115 0.420985 0.000028 0.146845 -0.000218 -0.013937 -0.307396 -0.374605 0.000096 0.522227
0.164972 0.190458 0.000024 0.000002 -0.000058 -0.000090 0.000076 -0.020746 0.073301 -0.000060 0.000000 -0.148048 -0.307045 -0.132113 0.005573 0.010918 -0.000040 -0.584734 -0.000017 0.000005 0.000051 -0.496308 -0.474513 0.183534 0.121672 0.000053 -0.217110 0.000100 -0.195646 0.000070 -0.009620 -0.000045 0.177943 -0.000055 0.260222 0.000065 -0.037137 -0.105628 0.288287 0.000060 0.192513
0.267989 -0.281119 -0.000005 0.000011 -0.000059 0.000029 -0.000010 -0.021600 0.110409 0.000051 -0.000005 0.215828 0.020676 -0.111897 0.108048 -0.181716 0.000098 -0.337254 -0.000016 0.000035 -0.000004 0.104058 -0.281683 0.151308 0.272301 -0.000082 -0.291842 0.000054 -0.003616 -0.000029 -0.005076 0.000015 -0.181422 0.000065 0.203729 -0.000044 -0.028732 -0.583348 0.344082 -0.000124 -0.058845
0.107376 -0.385668 -0.000085 0.000006 0.000045 -0.000004 -0.000035 -0.016622 0.007915 0.000072 0.000010 0.502919 0.077753 -0.404919 -0.277433 -0.037061 -0.000060 -0.055448 -0.000006 -0.000028 0.000005 0.160382 0.234374 0.048628 0.198637 0.000030 0.098387 0.000115 0.279339 -0.000024 -0.005326 -0.000073 0.169133 0.000097 0.010849 -0.000056 0.131257 -0.312822 -0.336565 -0.000046 0.216232
-0.025475 -0.335080 0.000014 -0.000032 0.000022 0.000076 -0.000066 -0.014696 -0.239397 -0.000186 0.000032 0.156469 -0.289677 -0.223004 -0.060154 -0.032662 0.000020 0.091528 0.000174 -0.000064 0.000007 -0.324977 0.067244 0.218411 -0.319296 0.000049 0.087794 -0.000098 0.032918 0.000023 -0.006027 -0.000001 0.177534 0.000048 0.235107 0.000063 -0.052919 0.269092 -0.007891 -0.000148 0.344388
0.153019 -0.049561 0.000025 0.000005 -0.000084 -0.000031 0.000008 -0.017971 -0.320635 0.000085 -0.000006 0.144257 0.150075 -0.137322 0.079318 -0.417638 -0.000007 -0.131596 -0.000124 0.000063 -0.000030 -0.452352 0.130650 -0.329252 0.229389 0.000058 -0.045246 0.000059 0.415024 0.000041 -0.005094 -0.000146 -0.071157 0.000245 0.140233 0.000021 0.212179 0.255158 0.015807 -0.000149 0.187427
-0.096438 -0.052424 -0.000033 0.000033 0.000028 -0.000037 -0.000075 -0.011091 0.023427 -0.000008 0.000019 -0.192921 0.274076 -0.181168 -0.005925 -0.053053 -0.000017 -0.006570 0.000056 -0.000067 0.000049 -0.264092 -0.219752 -0.023105 0.103195 -0.000029 -0.089624 0.000001 -0.150912 -0.000047 -0.006596 -0.000021 -0.169948 0.000119 0.301917 -0.000178 0.484375 0.087395 0.019804 -0.000066 0.115776
0.012093 -0.000937 0.000041 0.000025 -0.000026 -0.000040 0.000057 -0.007295 0.090887 0.000099 0.000012 -0.181596 -0.062752 0.015933 0.332887 0.205410 0.000009 0.018344 0.000015 0.000036 0.000008 0.151144 -0.166592 -0.045889 -0.047082 0.000058 0.092261 0.000052 0.040201 -0.000110 -0.002560 0.000061 -0.523053 -0.000014 0.069037 -0.000074 -0.012151 -0.146595 -0.043132 0.000079 -0.395608
-0.140155 -0.237903 -0.000027 -0.000087 -0.000033 0.000008 -0.000044 -0.008053 0.020212 -0.000007 -0.000002 -0.006157 0.060681 0.013867 -0.039988 0.429889 0.000044 0.645959 -0.000023 -0.000010 -0.000024 0.120551 0.113722 -0.021131 -0.147119 0.000010 -0.083492 0.000047 -0.066089 -0.000087 -0.001810 0.000040 -0.288950 -0.000066 0.265868 -0.000026 -0.113584 -0.306413 -0.157678 -0.000066 -0.331238
-0.165872 0.014173 0.000027 0.000027 -0.000062 0.000013 0.000109 -0.005037 0.368008 -0.000018 0.000047 -0.142287 0.303433 0.261163 -0.220714 0.008886 -0.000037 0.417250 0.000062 -0.000010 -0.000004 0.071858 0.028552 -0.084202 0.392360 -0.000024 -0.196113 -0.000077 -0.698864 -0.000123 0.000591 -0.000081 -0.410887 0.000044 -0.105197 0.000116 -0.022014 -0.324492 -0.394745 0.000088 -0.248269
-0.367272 -0.165753 0.000011 0.000007 -0.000048 0.000126 0.000077 -0.006825 0.202469 -0.000123 0.000035 0.351447 -0.238081 0.146677 0.019412 0.110593 0.000043 -0.178836 -0.000051 0.000045 -0.000091 0.300156 -0.039476 0.308185 0.161751 0.000038 -0.289071 -0.000010 -0.431909 -0.000010 -0.000837 0.000036 -0.169304 -0.000054 0.206486 -0.000014 -0.061913 0.008481 0.039115 0.000005 -0.211117
-0.185145 0.373052 0.000044 0.000037 0.000040 0.000025 -0.000106 -0.007260 0.208763 0.000084 0.000002 0.011785 -0.138916 -0.138009 0.204155 0.011150 0.000043 -0.346692 -0.000002 0.000020 -0.000013 -0.301412 -0.163280 -0.254383 0.139557 0.000004 0.022621 0.000088 -0.051198 -0.000038 -0.000792 0.000067 -0.281427 -0.000037 0.305523 -0.000036 -0.090014 0.004245 -0.588523 0.000077 0.290678
-0.138447 0.432490 0.000029 0.000008 0.000092 -0.000095 -0.000185 -0.006821 0.353018 -0.000137 0.000007 -0.044258 -0.150551 -0.175552 0.131152 -0.019160 -0.000017 -0.239006 -0.000099 -0.000026 0.000063 0.037078 -0.327965 -0.304462 -0.000114 -0.000106 -0.114191 -0.000138 0.149460 0.000066 -0.000675 -0.000005 -0.256267 -0.000084 0.474432 0.000033 0.058131 0.069577 -0.132388 0.000118 0.166658
-0.079823 -0.211951 0.000014 0.000018 0.000113 0.000014 -0.000130 -0.005242 0.141113 -0.000052 0.000001 0.265138 0.325008 -0.508749 0.207485 0.342095 0.000044 0.236198 -0.000041 0.000159 -0.000016 -0.010093 -0.245346 0.194835 -0.265334 0.000033 -0.344969 0.000079 0.168648 0.000019 -0.001287 0.000037 0.218727 -0.000141 0.025962 0.000049 -0.063202 0.181532 0.271207 -0.000137 0.024656
-0.037550 -0.042943 -0.000006 0.000041 -0.000004 0.000045 0.000079 -0.008613 0.117478 0.000187 0.000002 0.219517 0.235338 0.043670 0.086141 0.148781 0.000023 -0.185620 0.000022 -0.000045 0.000052 0.087676 -0.020492 -0.056532 -0.133380 -0.000095 -0.098072 0.000059 0.248035 0.000028 -0.001169 -0.000056 0.086754 -0.000239 -0.057818 0.000003 0.309285 0.021281 -0.053688 0.000116 0.048677
0.203826 -0.023347 -0.000024 0.000015 -0.000098 0.000118 -0.000110 -0.011593 0.392834 0.000046 0.000001 0.448165 0.167889 -0.162494 0.017610 -0.092007 -0.000022 -0.106210 -0.000177 0.000315 0.000006 0.073327 -0.147665 0.327520 -0.034786 -0.000013 0.079011 -0.000035 -0.101792 0.000045 -0.001457 0.000015 0.189298 -0.000245 -0.248863 0.000041 0.442180 -0.269235 -0.185199 -0.000157 0.275772
0.024664 0.234516 0.000000 0.000057 0.000022 0.000057 0.000000 -0.015753 0.183992 0.000248 0.000015 0.018086 -0.033528 -0.257093 -0.327219 -0.230693 0.000035 -0.028425 -0.000164 -0.000173 0.000054 0.136000 0.088673 0.135847 -0.013819 -0.000059 -0.810129 -0.000077 0.095541 0.000014 -0.000775 -0.000114 0.114017 0.000107 -0.180512 0.000032 0.069649 -0.159454 0.183486 0.000163 0.689169
0.184266 0.099620 -0.000048 -0.000097 -0.000002 0.000030 -0.000103 -0.020937 0.146306 -0.000138 0.000018 -0.171753 -0.498708 -0.004499 -0.456774 -0.006757 -0.000090 0.021674 0.000072 -0.000077 -0.000037 -0.203068 0.265127 -0.146052 -0.265010 -0.000013 -0.326465 -0.000028 -0.195472 0.000031 -0.002317 0.000013 0.251518 -0.000001 0.065957 0.000014 -0.235877 -0.063303 0.002047 0.000026 0.160307
0.231697 0.018561 0.000031 -0.000064 0.000088 0.000058 -0.000093 -0.020632 0.116150 -0.000104 0.000015 -0.251372 -0.455426 -0.008860 -0.513220 0.198406 -0.000032 -0.015124 0.000020 0.000091 -0.000025 -0.272227 -0.036997 0.074283 0.068415 0.000210 -0.065917 0.000083 -0.047921 -0.000072 -0.005297 0.000184 0.271514 0.000061 0.186756 -0.000113 -0.217303 -0.307582 -0.052450 0.000028 0.298047
0.024878 0.155861 0.000028 0.000012 -0.000042 0.000006 -0.000074 -0.014364 0.221604 -0.000019 0.000010 -0.006255 -0.538263 -0.100438 -0.172564 -0.220419 0.000007 0.137695 -0.000017 0.000141 -0.000017 0.000975 -0.604763 0.231575 0.071592 -0.000021 -0.014857 0.000056 0.159759 0.000024 -0.009477 -0.000005 -0.113099 0.000028 0.105952 -0.000036 -0.014814 -0.196824 0.077453 -0.000148 -0.125858
0.078682 -0.032110 -0.000023 0.000003 -0.000058 0.000002 0.000006 -0.010489 -0.052003 -0.000024 -0.000008 0.101418 -0.263206 -0.009968 0.048058 0.178921 -0.000015 -0.163723 -0.000054 0.000202 0.000032 0.062549 -0.472938 -0.354417 0.412918 -0.000025 -0.397045 -0.000066 0.164163 0.000015 -0.017022 0.000138 0.072286 -0.000043 -0.177532 0.000029 -0.268622 -0.184952 0.119503 -0.000035 -0.077918
0.159120 0.044097 -0.000025 -0.000027 0.000029 -0.000018 0.000039 -0.010437 0.353143 0.000009 0.000039 0.236208 -0.154734 0.017696 -0.342541 0.185830 0.000027 -0.363201 -0.000024 0.000169 0.000027 0.283001 -0.138385 -0.465934 0.383882 0.000003 -0.490397 -0.000151 0.067883 -0.000020 -0.019758 0.000074 0.111016 -0.000037 -0.162208 0.000206 0.275339 -0.195097 0.047688 -0.000062 -0.093988
0.079348 -0.256322 0.000006 0.000009 -0.000038 0.000002 0.000141 -0.011318 0.168294 0.000171 -0.000057 -0.001017 -0.260053 0.023950 0.018434 -0.012607 -0.000002 -0.529464 0.000025 -0.000254 0.000032 -0.029629 -0.358305 0.125685 0.208606 -0.000038 -0.036651 -0.000093 0.279622 -0.000029 -0.021739 -0.000087 0.038080 0.000136 -0.236591 -0.000101 0.003381 -0.139339 -0.249529 -0.000011 -0.003071
0.119772 0.050703 0.000008 -0.000004 -0.000027 -0.000040 -0.000030 -0.011893 0.148615 -0.000096 0.000036 -0.093743 -0.043939 -0.215563 0.007428 -0.103699 -0.000018 -0.371809 0.000053 0.000083 -0.000017 0.213904 0.170785 0.273332 0.041057 0.000056 -0.326203 -0.000050 0.035908 0.000015 -0.025676 -0.000013 0.159726 -0.000048 -0.056662 0.000006 -0.258901 -0.004181 -0.043207 0.000102 -0.117046
0.254819 0.336588 0.000023 0.000013 -0.000078 -0.000010 -0.000028 -0.008256 0.444114 -0.000151 -0.000029 -0.048714 -0.070078 -0.156478 0.318224 -0.135699 -0.000046 -0.169459 0.000009 -0.000142 -0.000058 0.201114 0.177305 0.247809 -0.414236 -0.000056 -0.059471 0.000082 -0.022912 0.000016 -0.026298 -0.000038 0.107593 -0.000092 0.191822 0.000123 0.306331 0.093677 0.114928 -0.000070 0.131531
0.128281 0.049043 0.000000 0.000046 0.000119 0.000035 -0.000008 -0.004161 0.175171 0.000331 -0.000002 -0.196164 0.177375 -0.169684 0.005816 0.062616 0.000054 -0.160648 -0.000003 -0.000150 0.000033 0.120501 0.431538 0.540169 0.119795 -0.000019 -0.452134 -0.000029 -0.477340 -0.000062 -0.026443 0.000069 0.314414 0.000036 0.293188 0.000029 0.257607 -0.052893 0.220549 -0.000045 0.312152
0.092114 0.369347 0.000134 0.000007 -0.000020 0.000022 -0.000030 -0.005372 0.122617 0.000167 0.000010 0.045114 0.114966 -0.022687 -0.256349 0.050097 -0.000023 0.401456 -0.000046 -0.000151 0.000031 0.089249 0.429022 0.384491 0.305792 -0.000029 0.162521 0.000069 -0.529011 0.000016 -0.018887 -0.000036 0.082204 0.000063 -0.097647 0.000028 -0.103516 0.113746 -0.056657 0.000080 0.112152
0.129720 0.023582 -0.000012 0.000017 0.000087 0.000007 0.000052 -0.007458 0.072851 0.000056 0.000025 -0.042075 -0.012389 -0.310234 -0.191783 0.293439 -0.000022 0.139476 -0.000029 0.000168 -0.000111 -0.013473 0.193527 -0.041175 0.195173 0.000046 -0.191872 -0.000011 -0.326080 -0.000032 -0.023371 -0.000034 0.012469 0.000214 0.116224 0.000002 -0.023121 0.150081 -0.201954 -0.000137 0.172031
0.268262 -0.010089 0.000048 0.000011 0.000059 -0.000062 -0.000060 -0.009274 0.007359 0.000147 -0.000022 -0.078512 0.137649 -0.382302 0.061149 0.006263 0.000030 0.238185 0.000069 -0.000853 -0.000018 0.090165 0.074256 -0.016026 -0.288979 -0.000027 -0.114022 0.000117 0.224979 -0.000022 -0.021643 0.000030 -0.219809 -0.000019 0.433777 -0.000043 0.017922 0.001988 -0.461794 -0.000053 0.054762
0.102864 -0.020016 0.000030 0.000007 -0.000001 -0.000014 -0.000038 -0.008101 0.229012 0.000008 -0.000034 -0.371652 -0.145158 -0.402325 -0.229906 0.004280 -0.000054 0.126327 -0.000070 0.000025 0.000035 0.197040 0.190431 -0.183722 0.295990 0.000005 -0.046655 0.000071 0.109239 -0.000142 -0.025815 0.000072 -0.153027 0.000040 0.377725 0.000039 0.139174 -0.186227 -0.343465 -0.000051 0.398694
0.033773 0.024580 0.000044 -0.000057 -0.000060 -0.000078 0.000003 -0.008192 0.188401 -0.000051 0.000001 -0.295897 -0.109402 -0.046206 0.076880 0.246876 0.000043 0.171445 -0.000011 -0.000110 -0.000050 0.152988 -0.056136 -0.530767 0.057256 -0.000090 0.015739 -0.000011 0.036829 0.000096 -0.029636 0.000199 -0.253008 0.000059 0.341009 0.000074 0.162435 -0.189076 0.075730 -0.000074 0.020727
0.002708 -0.233258 -0.000006 -0.000037 0.000013 -0.000014 -0.000070 -0.008777 0.020674 -0.000086 0.000021 -0.322296 -0.456834 0.021103 0.176229 0.027685 -0.000019 0.284624 0.000034 -0.000140 0.000030 0.050702 -0.286288 0.059797 -0.070376 -0.000031 -0.204936 0.000000 -0.056107 -0.000026 -0.027227 0.000054 -0.155346 -0.000028 -0.205340 0.000064 0.148650 -0.253829 0.274209 0.000008 -0.202782
0.123439 -0.437843 -0.000028 -0.000021 0.000032 -0.000036 -0.000020 -0.008176 0.016286 0.000135 0.000032 0.004930 -0.118848 0.068336 -0.070760 -0.066229 0.000027 0.025567 0.000040 0.000327 0.000027 -0.134609 -0.525572 -0.051676 0.071081 0.000104 -0.002575 -0.000127 0.116456 -0.000036 -0.024698 -0.000013 0.075745 -0.000032 0.034163 0.000158 0.051654 0.030083 0.096955 0.000021 -0.159161
0.066851 -0.281378 0.000037 -0.000023 0.000072 0.000002 0.000043 -0.007524 0.183607 -0.000001 -0.000006 -0.206487 0.161636 -0.271425 -0.144485 0.264766 -0.000004 -0.064109 -0.000076 -0.001795 0.000015 -0.041704 -0.310129 -0.303345 -0.002373 0.000030 0.335435 -0.000042 0.142990 0.000055 -0.021045 0.000240 0.022769 0.000069 0.181116 -0.000092 -0.060590 -0.095094 0.101204 0.000032 -0.158894
-0.233957 0.018849 -0.000013 0.000012 0.000020 -0.000034 0.000002 -0.008808 0.444567 -0.000031 0.000044 -0.129000 0.463478 0.065482 -0.301012 0.177316 -0.000028 -0.193749 0.000134 -0.002589 0.000019 0.021198 -0.065648 -0.109843 0.258801 0.000031 0.024895 -0.000054 0.133615 -0.000049 -0.019560 -0.000015 -0.146793 0.000021 -0.011022 0.000073 0.041863 -0.304256 -0.051623 0.000107 0.030520
-0.231866 -0.144013 -0.000014 0.000063 -0.000204 0.000019 0.000231 -0.006675 0.193433 0.000115 -0.000016 0.093541 0.272622 -0.276690 -0.169698 0.183652 0.000021 0.243562 0.000113 -0.000090 -0.000022 -0.037739 -0.190451 0.016170 -0.261657 -0.000066 -0.087814 -0.000135 0.024685 -0.000045 -0.014778 0.000124 -0.158565 0.000128 -0.197027 -0.000097 0.143917 -0.016396 0.079900 0.000023 -0.315318
-0.026683 0.304437 -0.000023 0.000000 -0.000062 0.000082 0.000041 -0.002082 0.068155 -0.000004 0.000032 0.082388 -0.127906 -0.072562 -0.321882 0.015422 -0.000040 0.164305 0.000107 -0.000010 -0.000056 0.163353 -0.389207 0.181527 0.066527 0.000035 0.026018 0.000142 0.128304 0.000069 -0.016622 -0.000033 0.121767 -0.000100 -0.415644 -0.000034 0.272362 0.260772 -0.239627 0.000184 -0.370720
-0.026198 0.351045 -0.000037 -0.000012 -0.000110 0.000042 -0.000113 -0.009056 0.111946 0.000032 0.000024 0.080338 -0.438762 -0.247011 0.117687 -0.020065 -0.000014 0.173564 -0.000030 -0.000013 0.000069 0.082690 0.019634 -0.159432 -0.039400 0.000123 0.231096 -0.000002 0.162283 0.000015 -0.015074 0.000111 0.297258 0.000027 -0.222834 -0.000021 0.285046 0.174573 0.060385 0.000102 -0.381876
0.014693 0.309978 -0.000035 -0.000037 0.000029 -0.000037 -0.000004 -0.008991 0.021102 0.000092 0.000003 -0.123293 -0.048050 -0.721827 0.356399 -0.228909 0.000028 0.276032 0.000113 0.000000 0.000085 0.001007 -0.250383 -0.351785 0.143590 0.000038 0.005851 -0.000014 0.173189 0.000038 -0.015566 -0.000174 0.523884 -0.000034 -0.327812 -0.000050 0.381086 -0.055241 -0.053851 -0.000015 -0.420142
0.025757 -0.061421 -0.000013 0.000005 -0.000063 0.000071 -0.000036 -0.010787 -0.020807 -0.000034 0.000051 0.164872 0.150789 -0.536694 -0.165899 -0.373195 0.000016 0.141385 0.000017 0.000021 0.000003 0.094790 0.015020 -0.700857 -0.054636 -0.000092 -0.197527 0.000036 0.074470 -0.000024 -0.014036 0.000031 0.467566 -0.000039 0.048692 -0.000022 0.216683 0.123427 0.198200 0.000193 -0.255632
-0.457157 0.040078 0.000022 0.000030 0.000005 -0.000029 -0.000005 -0.004937 -0.313830 0.000088 -0.000011 -0.203888 -0.132402 -0.125328 -0.131555 -0.036877 0.000040 -0.234872 -0.000011 0.000051 0.000035 0.101633 -0.113860 -0.205243 -0.276935 0.000059 0.462023 -0.000072 0.263388 -0.000019 -0.012000 0.000092 0.111095 0.000117 -0.140832 -0.000068 -0.140066 -0.050000 0.402282 0.000027 0.140025
-0.089944 0.202804 -0.000067 -0.000040 0.000057 0.000110 0.000289 0.000045 -0.271609 -0.000050 0.000042 0.109457 -0.152516 -0.202893 0.119178 -0.459973 0.000040 -0.300355 0.000023 0.000121 0.000027 -0.147911 0.132370 -0.412705 -0.342633 -0.000060 0.153864 0.000014 0.023476 -0.000043 -0.007887 0.000036 0.227853 -0.000009 -0.030227 0.000070 -0.218203 -0.086493 0.307390 0.000081 0.189955
-0.129210 0.248893 -0.000029 -0.000043 0.000178 0.000020 -0.000072 -0.001361 0.062251 -0.000180 0.000018 0.062183 -0.255195 -0.278563 0.225831 -0.301666 -0.000039 -0.206176 0.000022 0.000068 -0.000018 0.056607 0.235612 -0.104592 -0.156745 0.000026 0.012491 -0.000012 -0.601004 0.000019 -0.002654 -0.000051 0.152304 -0.000082 0.513351 0.000035 0.061163 -0.186859 0.427362 0.000148 0.137250
0.121221 0.261375 -0.000024 0.000015 -0.000143 0.000024 0.000065 0.000055 0.062860 -0.000141 -0.000023 0.117637 -0.172779 -0.289097 -0.202460 -0.141472 -0.000023 -0.021721 -0.000063 0.000060 0.000099 0.173098 -0.084599 0.333712 0.087464 -0.000034 0.096055 -0.000012 -0.637695 -0.000065 -0.007844 0.000003 -0.174339 0.000073 0.064471 -0.000033 0.146516 -0.026206 0.061999 0.000070 0.003945
-0.335835 -0.083771 -0.000031 0.000040 0.000189 0.000054 -0.000039 0.000513 0.199163 -0.000062 0.000018 0.217220 0.037979 -0.266752 0.014571 0.191210 -0.000023 0.029354 0.000042 0.000035 -0.000015 0.017814 -0.316165 0.489364 0.001885 -0.000056 0.100564 -0.000054 -0.166976 0.000029 -0.008450 -0.000024 0.007355 0.000028 0.141513 0.000040 0.258541 -0.119820 -0.463292 -0.000096 0.013477
-0.259393 0.613645 0.000005 -0.000025 -0.000064 -0.000007 -0.000006 -0.001061 -0.187258 -0.000025 0.000000 -0.229880 0.169615 0.088702 -0.170095 0.369312 0.000007 0.350530 0.000023 -0.000060 -0.000009 -0.022924 0.002383 0.121976 0.011608 0.000048 0.582942 0.000072 0.203466 -0.000147 -0.007135 -0.000024 -0.129256 -0.000104 0.254656 0.000022 -0.191331 -0.010806 -0.379053 0.000037 -0.219491
0.035564 0.063349 -0.000001 0.000029 -0.000065 0.000004 0.000024 -0.004203 0.080282 -0.000079 0.000012 -0.043194 0.421047 -0.308267 0.035934 0.089446 -0.000041 0.166314 -0.000006 0.000017 -0.000004 0.226643 -0.392884 -0.604071 0.225848 -0.000030 -0.147374 -0.000065 0.051605 -0.000029 -0.005253 0.000040 -0.148554 0.000037 0.234421 0.000062 0.004439 -0.089058 -0.223500 -0.000001 -0.134097
0.114407 0.185027 -0.000004 -0.000018 -0.000055 -0.000022 0.000074 -0.009599 -0.044467 -0.000150 -0.000009 0.421545 0.277002 -0.064526 0.083218 0.006168 0.000069 -0.145201 -0.000056 0.000040 -0.000051 -0.063622 -0.233928 -0.798179 -0.003608 -0.000028 -0.113020 -0.000023 0.005642 0.000084 -0.003331 0.000039 0.207561 -0.000035 0.348779 -0.000076 0.004985 0.270038 -0.088405 -0.000053 -0.048278
-0.119705 -0.114212 0.000015 0.000060 0.000005 -0.000038 -0.000015 -0.012702 0.056927 0.000107 0.000010 0.031375 -0.244803 -0.191496 0.009083 0.025481 -0.000044 -0.171735 -0.000030 0.000015 0.000019 -0.125769 -0.379378 0.013320 0.097822 0.000102 -0.202526 0.000008 0.235968 0.000054 -0.005401 -0.000078 -0.104518 0.000031 0.246609 0.000063 -0.025837 0.239198 0.123556 -0.000045 0.145503
0.005732 -0.036836 -0.000061 -0.000050 -0.000064 0.000033 -0.000042 -0.011332 0.198635 0.000011 -0.000007 -0.462939 -0.188156 -0.040491 0.056414 0.048202 -0.000072 -0.513670 0.000097 0.000122 -0.000018 -0.046611 -0.030834 -0.036809 0.293158 -0.000093 0.124723 -0.000050 0.335755 0.000174 -0.003725 0.000073 -0.125968 -0.000045 0.023729 0.000046 -0.116438 0.298703 -0.055871 -0.000121 -0.067328
-0.012037 -0.073005 0.000091 0.000006 0.000021 0.000009 0.000062 -0.011060 -0.013543 -0.000043 0.000030 -0.246499 -0.127559 0.130973 -0.004826 0.322178 -0.000021 -0.493760 0.000131 0.000348 0.000065 0.306690 0.101295 -0.048400 0.383931 0.000038 0.203509 -0.000007 0.353997 0.000034 -0.008056 0.000057 0.237303 0.000033 -0.118946 -0.000030 -0.192111 0.079046 -0.278941 -0.000017 0.180572
0.363965 -0.417839 0.000041 -0.000013 0.000032 0.000025 0.000033 -0.009266 -0.027231 0.000012 0.000014 -0.040006 0.138729 0.148172 0.076000 0.193413 -0.000011 -0.381308 -0.000048 -0.001542 -0.000071 0.036178 0.134001 0.149016 0.017372 0.000036 -0.102409 0.000153 0.196375 0.000101 -0.008216 -0.000107 0.312851 -0.000039 0.196532 -0.000026 -0.200287 -0.026253 0.005380 0.000143 -0.264748
0.106458 -0.046991 0.000010 0.000007 -0.000066 -0.000025 0.000173 -0.007071 0.071248 -0.000027 0.000000 -0.212689 0.560304 0.046352 -0.140038 -0.223068 -0.000039 -0.325125 -0.000056 -0.003334 -0.000009 0.052318 -0.029750 0.224407 -0.039977 0.000184 -0.094165 0.000012 0.003028 0.000036 -0.009616 -0.000003 0.160560 -0.000168 0.044833 -0.000100 -0.007482 -0.189924 0.007296 -0.000016 0.284407
0.002709 0.084822 0.000051 -0.000043 0.000028 -0.000013 -0.000014 -0.007085 0.018937 0.000041 -0.000021 -0.018829 -0.489315 0.011963 -0.363393 -0.116462 -0.000039 -0.013187 -0.000002 -0.003699 0.000044 0.286784 0.033498 0.561092 -0.292786 -0.000029 0.042080 -0.000001 -0.008718 0.000022 -0.012953 0.000115 0.041170 -0.000002 0.062203 0.000049 0.140409 0.103930 -0.006995 -0.000062 -0.308432
0.034766 -0.146875 -0.000016 0.000009 0.000083 -0.000096 0.000071 -0.004363 -0.174973 0.000036 -0.000003 -0.259939 0.086475 0.048651 0.432854 -0.150591 -0.000002 -0.468990 0.000101 0.000097 0.000000 0.128746 -0.013260 -0.174605 -0.150597 0.000059 0.169985 0.000031 -0.005127 -0.000038 -0.015332 0.000042 -0.094196 -0.000013 -0.102177 -0.000032 -0.192605 0.235094 0.332576 0.000064 0.005325
-0.002309 0.262213 0.000010 -0.000003 0.000024 0.000021 -0.000042 -0.005375 0.314404 0.000104 0.000011 -0.145990 0.294095 0.220043 0.400077 0.054611 0.000020 -0.126835 -0.000075 0.000011 0.000016 -0.204639 -0.232754 -0.021219 -0.058432 -0.000085 0.088688 -0.000185 0.188263 -0.000029 -0.016240 0.000041 -0.227099 -0.000122 -0.228958 -0.000053 0.087969 0.046198 -0.104735 -0.000017 -0.092053
0.044594 0.023909 -0.000027 0.000039 -0.000030 0.000016 0.000036 -0.011397 0.335003 -0.000116 -0.000010 0.179088 0.142358 0.020905 -0.002697 0.137101 0.000020 0.099732 0.000137 0.000105 0.000016 -0.521570 -0.000416 -0.089056 -0.044691 -0.000054 0.228991 -0.000051 -0.201690 -0.000049 -0.008990 0.000035 -0.049299 -0.000026 -0.286431 0.000054 -0.045435 -0.239958 -0.087167 0.000073 0.003087
-0.054793 -0.072880 -0.000006 0.000024 -0.000028 0.000022 0.000025 -0.011630 0.638567 0.000041 -0.000008 0.333729 -0.162651 0.002017 -0.057734 0.223697 -0.000016 0.048657 0.000093 -0.000182 -0.000014 -0.390867 -0.158575 0.246199 0.174735 -0.000062 -0.165124 0.000034 -0.007544 0.000024 -0.010513 0.000050 0.003039 -0.000005 -0.371655 0.000046 0.347790 -0.314614 0.272157 0.000021 0.170016
0.097805 -0.251977 -0.000074 -0.000002 0.000032 -0.000062 -0.000006 -0.008453 0.300359 -0.000173 0.000008 -0.058962 -0.329998 -0.168028 -0.138643 -0.294960 -0.000068 0.180581 -0.000063 0.000023 0.000036 -0.107385 -0.187162 0.004151 0.007867 -0.000021 -0.172098 -0.000047 -0.213407 0.000009 -0.012754 -0.000118 0.156484 0.000072 -0.574651 0.000119 0.313331 -0.052620 0.385426 -0.000009 0.113884
-0.111974 -0.088063 0.000010 -0.000010 0.000047 -0.000009 0.000148 -0.006856 -0.018630 0.000170 0.000009 -0.398240 -0.706420 -0.000987 -0.112621 -0.265341 -0.000068 -0.177260 -0.000117 -0.000017 0.000028 -0.103302 -0.194877 0.228954 -0.461529 -0.000032 0.447387 -0.000021 -0.455126 0.000034 -0.015671 -0.000008 -0.384030 -0.000117 -0.610543 0.000007 -0.000163 0.070594 0.364240 0.000047 0.137726
0.039261 -0.195247 -0.000012 0.000015 0.000030 -0.000037 -0.000079 0.000411 0.123643 0.000147 0.000004 -0.077119 -0.401997 -0.111919 -0.056050 -0.158672 -0.000018 -0.062817 0.000126 0.000038 0.000079 0.349711 0.021237 -0.126034 -0.699579 -0.000062 0.236785 -0.000026 0.064800 0.000011 -0.014273 -0.000080 -0.126634 -0.000044 -0.344922 0.000007 -0.291410 -0.078707 -0.098192 -0.000005 -0.202059
0.071500 -0.717715 0.000071 -0.000024 0.000076 -0.000040 0.000062 -0.000970 0.103095 0.000349 0.000002 -0.089134 0.115170 -0.070628 -0.267024 -0.246730 0.000010 0.120325 -0.000131 0.000356 -0.000012 0.573143 -0.183123 -0.006374 -0.410971 0.000114 0.074522 -0.000286 -0.095813 0.000061 -0.010133 0.000039 -0.169762 0.000065 0.108641 0.000019 -0.408678 -0.037952 -0.173798 0.000060 -0.313210
-0.232677 -0.152163 -0.000026 0.000074 0.000020 0.000038 0.000071 -0.006470 -0.001624 0.000110 0.000027 -0.245715 0.527976 -0.026860 -0.097071 -0.093132 0.000028 -0.172138 0.000024 -0.000060 -0.000013 0.368349 -0.193007 0.273019 -0.015346 -0.000060 0.014887 -0.000037 0.097847 0.000001 -0.012913 0.000063 -0.148786 -0.000034 0.385098 0.000019 0.003651 -0.060049 0.009272 0.000047 -0.429669
-0.405341 -0.132242 0.000048 0.000036 0.000208 0.000144 -0.000046 -0.009140 0.226373 -0.000119 -0.000005 0.111790 -0.022538 0.152895 -0.103620 -0.191754 0.000051 0.020822 -0.000012 0.000411 -0.000101 -0.265705 -0.011982 -0.047723 -0.094653 0.000023 0.162103 -0.000146 -0.286291 -0.000025 -0.013189 -0.000115 -0.016398 0.000223 0.637711 0.000022 0.158470 -0.010282 0.030285 -0.000065 -0.442673
-0.305917 0.147383 -0.000026 0.000012 0.000063 -0.000023 0.000150 -0.009787 -0.108639 0.000018 0.000007 -0.214464 0.014610 0.288964 0.128313 -0.450392 0.000058 0.219519 -0.000058 -0.000045 -0.000038 -0.194207 -0.059963 -0.067534 0.439822 0.000013 0.305328 -0.000041 -0.047832 -0.000022 -0.009080 -0.000071 -0.336766 0.000033 -0.007760 0.000013 0.084982 -0.226774 0.216282 -0.000079 -0.121649
-0.238552 -0.060853 0.000020 0.000016 -0.000058 0.000023 0.000030 -0.007390 -0.194792 0.000082 -0.000040 0.108776 -0.094889 0.186454 0.220821 0.126769 -0.000085 -0.060468 -0.000079 0.000336 0.000032 0.120025 0.504504 -0.510934 0.217612 -0.000148 0.149297 -0.000054 -0.069613 0.000100 -0.013682 -0.000006 0.039626 0.000046 0.397015 -0.000062 -0.056162 -0.254777 -0.250322 0.000049 -0.352371
-0.057932 -0.186829 0.000049 0.000042 -0.000029 0.000004 -0.000048 -0.000549 -0.197141 0.000145 0.000015 -0.140135 0.122435 -0.154256 0.114341 -0.112411 0.000014 0.170462 -0.000045 -0.000066 0.000028 0.009502 0.151341 -0.138314 0.190504 0.000058 0.064287 -0.000054 0.255871 -0.000026 -0.012988 -0.000231 -0.249664 -0.000052 0.021785 0.000025 -0.308441 -0.218306 0.060811 0.000065 0.091238
-0.121229 0.268104 0.000056 0.000015 0.000013 0.000020 -0.000116 -0.002583 -0.034353 -0.000084 0.000029 -0.320341 -0.045747 -0.138677 -0.071804 0.055837 -0.000022 -0.005239 -0.000128 0.000038 -0.000030 -0.226781 0.236489 -0.232728 0.043939 0.000027 0.109485 0.000113 -0.350944 -0.000090 -0.021769 -0.000012 -0.149376 0.000062 0.331795 0.000040 0.150906 -0.420967 0.253927 -0.000111 0.124547
-0.138189 -0.160290 0.000024 0.000042 0.000020 -0.000021 0.000020 -0.003817 -0.038352 -0.000046 -0.000024 -0.352593 0.034329 0.005833 0.159826 -0.084838 -0.000026 0.024835 0.000139 -0.000027 0.000049 0.206697 0.016025 -0.134912 0.056687 -0.000056 0.117387 -0.000112 -0.178871 -0.000023 -0.022988 -0.000054 -0.086441 0.000031 -0.139770 0.000062 -0.016731 0.006082 0.025131 0.000028 0.427176
-0.264984 -0.231660 0.000024 0.000060 0.000029 -0.000023 0.000076 -0.008995 0.207077 -0.000061 -0.000030 -0.275988 -0.184532 0.125127 -0.345227 0.220250 -0.000068 0.018510 -0.000068 0.000306 0.000040 0.232906 0.141274 0.169064 -0.265875 0.000177 0.108555 -0.000135 -0.312953 0.000066 -0.007969 -0.000021 0.319137 -0.000016 0.248879 -0.000007 0.189745 -0.007813 -0.203169 0.000026 0.164778
-0.433745 -0.050689 -0.000017 0.000009 -0.000031 -0.000020 0.000017 -0.018491 -0.082048 0.000119 0.000008 -0.027804 0.069543 0.271603 -0.283461 0.174822 -0.000033 0.018213 0.000039 -0.000145 0.000006 0.273286 -0.176666 0.194251 -0.020045 -0.000009 0.089887 0.000038 0.374468 -0.000028 -0.007165 0.000248 -0.002809 -0.000117 -0.224164 -0.000155 -0.093484 0.115682 0.001665 0.000114 -0.228486
-0.350626 0.272752 0.000012 0.000007 -0.000078 -0.000075 0.000030 -0.012849 0.122003 0.000092 -0.000002 -0.034587 -0.003483 0.101643 0.111298 0.191968 0.000016 0.085614 0.000009 0.000121 -0.000026 -0.276096 -0.158433 0.471721 -0.042996 -0.000161 0.020890 0.000001 -0.090295 -0.000035 -0.006222 0.000074 0.029875 -0.000050 -0.254354 0.000135 -0.243706 -0.028363 0.084265 0.000019 -0.387917
-0.035179 0.113175 0.000028 -0.000011 -0.000141 -0.000064 0.000129 -0.014731 0.167642 0.000021 -0.000011 -0.029136 0.036242 0.060576 -0.202205 0.210855 -0.000065 0.167084 -0.000008 0.000053 -0.000020 -0.451734 -0.166354 0.139244 0.053654 -0.000034 -0.165683 0.000128 0.025352 -0.000010 -0.005487 -0.000011 -0.036178 0.000123 0.009891 -0.000008 0.157973 0.056252 -0.116944 0.000072 -0.188251
0.132685 0.121366 -0.000054 0.000015 -0.000033 -0.000053 0.000084 -0.017949 0.189655 -0.000004 0.000014 0.064643 0.105117 0.180554 0.245011 -0.252983 0.000003 0.247316 -0.000073 -0.000032 0.000074 -0.396338 0.424774 -0.028460 0.359192 0.000179 -0.261142 0.000083 -0.488777 0.000017 -0.005041 -0.000061 -0.093160 0.000073 0.238696 -0.000029 0.058723 -0.044813 -0.131215 -0.000015 -0.258580
0.151975 -0.058710 0.000061 -0.000041 -0.000041 -0.000010 0.000057 -0.013826 0.029753 -0.000011 0.000008 0.178161 0.010354 0.252419 0.571972 -0.027732 0.000024 0.168512 -0.000020 -0.000046 -0.000007 -0.221900 0.188751 -0.379605 0.109546 -0.000048 -0.151854 0.000029 -0.181792 0.000049 -0.006177 -0.000036 0.018070 0.000034 0.093681 0.000051 -0.084459 0.010171 0.224627 -0.000133 -0.122549
0.148563 -0.061867 0.000046 0.000041 -0.000124 -0.000032 -0.000030 -0.013346 0.157353 -0.000049 -0.000006 -0.287070 -0.328480 -0.271196 0.154143 -0.002572 -0.000033 -0.051047 0.000071 0.000041 -0.000022 0.115032 0.097358 0.004950 0.054271 0.000006 -0.040730 -0.000017 -0.021636 0.000103 -0.013811 -0.000220 -0.067193 -0.000042 -0.045875 0.000006 -0.091543 -0.134303 0.056992 0.000065 0.201984
0.191531 -0.129184 0.000027 -0.000002 0.000111 -0.000026 -0.000034 -0.011507 0.139708 -0.000010 0.000001 -0.047274 -0.372617 -0.257576 0.363658 -0.087223 -0.000063 -0.433264 -0.000027 0.000022 -0.000018 0.099860 0.008924 -0.303166 0.132329 -0.000094 0.270301 -0.000062 -0.071251 0.000016 -0.007160 -0.000217 -0.035567 -0.000058 -0.230526 0.000024 -0.349692 -0.117920 0.041640 0.000100 -0.007961
0.003885 -0.244921 -0.000045 0.000019 -0.000001 -0.000036 0.000027 -0.006512 0.206575 0.000033 -0.000002 -0.208172 -0.221792 -0.021097 0.159949 -0.030191 0.000022 0.069167 -0.000075 -0.000071 -0.000057 0.232072 0.080334 -0.099277 0.056592 0.000065 0.300729 -0.000055 -0.477028 0.000014 -0.001023 -0.000012 0.066916 -0.000030 0.122969 0.000028 -0.052119 -0.179614 0.202279 0.000023 -0.420403
0.037184 -0.244031 -0.000006 0.000001 0.000098 -0.000006 -0.000028 -0.003612 0.075150 0.000042 0.000042 -0.030540 0.058280 0.000527 -0.157714 -0.017176 -0.000012 -0.077073 0.000093 0.000014 0.000013 0.499498 -0.059270 0.078325 0.047422 0.000003 0.103976 0.000020 0.049472 -0.000046 -0.003100 -0.000069 -0.180886 0.000189 0.176289 0.000021 -0.144419 -0.437560 0.293387 -0.000084 0.117451
-0.016390 -0.262827 -0.000014 0.000006 0.000065 -0.000034 -0.000096 -0.001893 0.011795 0.000091 -0.000048 0.144849 0.371817 0.198889 -0.645540 0.123953 -0.000014 0.269247 0.000004 -0.000075 -0.000085 0.452298 0.142963 0.168078 0.485863 0.000054 0.011289 0.000069 0.373820 0.000027 -0.002000 0.000088 0.309953 0.000091 0.266608 0.000077 0.335354 0.085611 -0.153184 0.000064 0.069661
0.051914 -0.490560 0.000006 -0.000035 -0.000043 0.000003 0.000089 0.000248 0.342517 -0.000222 0.000018 -0.003096 0.346113 0.295139 -0.125672 0.140219 -0.000046 0.000666 0.000012 -0.000037 0.000131 0.279435 0.011042 0.148181 0.139529 -0.000055 0.285021 0.000054 0.237806 0.000155 -0.006155 -0.000042 0.046438 -0.000106 -0.403969 -0.000020 0.171863 0.140473 -0.352589 0.000038 0.037294
-0.217323 -0.190499 0.000012 -0.000035 -0.000004 -0.000037 -0.000053 -0.002340 0.144829 -0.000009 -0.000006 -0.070604 0.356136 0.103317 0.064643 -0.088968 -0.000007 0.429712 -0.000088 -0.000016 -0.000042 0.251959 0.146702 0.110287 0.096451 0.000086 0.499642 -0.000007 0.170218 0.000014 -0.007226 0.000158 0.159412 -0.000118 -0.373562 0.000046 0.085288 0.106917 -0.363976 0.000034 0.009841
-0.130680 0.334427 -0.000016 0.000025 0.000037 0.000012 0.000004 -0.006217 0.252696 -0.000121 0.000007 -0.049653 0.469218 0.166215 0.043029 -0.142753 0.000073 -0.099000 -0.000019 0.000010 -0.000034 0.004997 0.102283 0.170344 -0.377815 -0.000030 0.326769 0.000063 0.466558 -0.000026 -0.010455 0.000039 -0.039557 0.000041 -0.160496 -0.000030 0.097631 0.093401 -0.229881 0.000056 -0.021641
-0.044285 0.466877 0.000052 0.000081 -0.000005 -0.000010 -0.000120 -0.013107 0.004716 0.000101 -0.000001 -0.100343 0.435505 0.176520 0.159174 -0.050262 -0.000041 0.266763 0.000068 -0.000034 0.000012 -0.395203 0.312407 0.155565 -0.422220 0.000039 0.412287 0.000042 0.259358 0.000019 -0.007439 -0.000211 0.162078 0.000017 0.380486 0.000060 0.231459 0.135082 0.335636 -0.000144 0.197797
-0.222601 0.122333 0.000002 0.000030 -0.000028 0.000015 0.000111 -0.009321 0.096409 -0.000001 -0.000079 0.094367 0.161140 0.264659 0.042865 0.137851 0.000022 0.164040 0.000023 -0.000028 0.000013 -0.080542 0.410095 -0.059443 0.545038 -0.000027 0.017186 -0.000000 0.002893 0.000070 -0.009323 0.000030 -0.010482 -0.000096 0.288585 -0.000027 0.420179 -0.030133 0.032405 -0.000017 0.411195
0.013304 0.460878 -0.000028 0.000005 -0.000122 -0.000044 -0.000003 -0.008944 0.089767 -0.000143 -0.000015 0.390656 0.209549 0.343212 -0.218972 0.020078 -0.000041 0.155923 0.000034 0.000002 -0.000044 0.271332 0.376221 -0.230371 0.348832 -0.000078 0.165880 -0.000137 -0.479600 -0.000149 -0.005165 0.000017 -0.177994 -0.000103 -0.035516 0.000081 0.217236 -0.282307 0.464800 0.000066 0.442354
0.052592 -0.027682 0.000022 -0.000013 0.000060 -0.000010 0.000119 -0.011078 -0.003222 0.000091 0.000001 0.258090 0.080592 -0.005738 -0.056100 0.235357 -0.000007 0.294004 -0.000052 0.000009 -0.000016 0.060282 0.299863 -0.096996 -0.039159 0.000055 0.345958 0.000060 -0.375450 0.000021 0.000005 -0.000137 -0.188191 0.000003 0.193673 -0.000032 -0.111511 -0.081277 0.345639 -0.000014 -0.006782
-0.001150 -0.360532 -0.000044 0.000031 -0.000080 0.000013 0.000103 -0.009191 -0.142331 -0.000003 -0.000008 0.086207 0.239699 -0.009254 -0.136645 0.111171 -0.000058 0.070347 -0.000015 -0.000058 -0.000017 0.257249 -0.023307 0.345480 0.186680 0.000109 0.110861 -0.000067 -0.353002 -0.000027 0.000945 -0.000092 0.012725 -0.000015 0.024825 -0.000023 -0.020895 -0.287749 0.345450 0.000072 0.218615
0.068526 -0.352127 0.000005 0.000000 0.000029 -0.000014 -0.000142 -0.008825 -0.023180 -0.000099 0.000029 -0.001415 -0.157378 0.000100 -0.010384 0.115438 0.000014 -0.279580 0.000114 -0.000015 0.000032 -0.123418 0.127465 0.329657 -0.014211 0.000062 0.541067 -0.000027 -0.566982 -0.000016 -0.002303 -0.000211 0.197761 0.000200 -0.330136 0.000094 -0.158281 -0.210851 0.150677 -0.000156 0.243874
0.200634 0.013106 -0.000065 -0.000017 -0.000089 -0.000096 0.000103 -0.009923 0.183053 0.000120 -0.000017 -0.057740 0.103470 -0.167820 0.102047 0.129688 -0.000038 0.336749 -0.000065 0.000004 0.000017 -0.264443 0.035327 0.224507 0.259579 -0.000017 0.060135 0.000014 -0.139194 0.000016 -0.005239 0.000176 0.181736 0.000026 -0.589622 -0.000057 -0.084155 0.054768 0.554710 -0.000049 -0.181493
0.218075 0.242176 0.000074 -0.000000 0.000028 -0.000015 -0.000098 -0.012627 0.481965 0.000033 0.000040 0.103235 -0.102989 0.008009 0.067411 0.505758 0.000021 0.018156 0.000024 -0.000012 -0.000043 -0.036064 0.471932 0.375962 0.205836 -0.000028 0.085453 -0.000064 0.279232 -0.000012 -0.010560 -0.000039 0.229457 0.000050 -0.075544 -0.000040 0.041440 0.092035 -0.379013 0.000197 -0.474915
-0.119952 -0.050017 0.000008 -0.000028 0.000050 0.000017 -0.000051 -0.006584 -0.212313 -0.000033 0.000033 -0.411850 0.083297 0.129737 0.617617 0.301140 -0.000036 -0.047848 -0.000020 -0.000048 -0.000014 -0.053126 0.577568 0.498903 -0.041426 -0.000089 0.240290 -0.000124 0.704346 0.000017 -0.009714 -0.000054 0.110859 0.000030 0.002022 -0.000039 -0.111661 -0.373096 -0.119407 0.000093 0.046805
-0.056174 -0.066443 0.000033 0.000017 -0.000049 0.000103 -0.000087 -0.006965 -0.357784 0.000104 0.000023 -0.030756 -0.020816 0.286059 0.530632 0.376234 0.000022 0.099051 -0.000003 0.000021 -0.000100 0.230218 0.121799 0.243731 -0.301843 0.000036 0.107034 -0.000004 0.121156 -0.000010 -0.004963 -0.000034 0.229859 0.000049 0.140612 -0.000034 0.053485 0.057197 0.102940 -0.000196 -0.242088
0.002927 -0.162913 0.000016 0.000003 -0.000055 -0.000037 0.000039 -0.006830 -0.230312 0.000013 -0.000005 0.309564 0.020682 0.370472 -0.125529 -0.046397 0.000017 -0.058117 -0.000028 -0.000006 -0.000021 0.296796 0.136988 0.010478 -0.466083 0.000224 0.099498 -0.000007 0.239041 0.000017 -0.006890 -0.000190 0.295902 -0.000028 0.269192 0.000067 -0.153298 -0.143413 0.352485 0.000167 -0.319726
-0.065612 0.278479 0.000024 0.000018 -0.000095 0.000008 -0.000042 0.000192 -0.086240 -0.000016 0.000005 0.044824 0.236878 0.356580 -0.269943 -0.405470 0.000038 -0.028724 0.000017 0.000032 0.000012 0.444194 -0.121826 0.274483 -0.510081 0.000062 0.216285 0.000058 0.005700 0.000008 -0.005214 -0.000139 -0.099713 0.000081 0.099763 -0.000037 -0.452791 -0.245407 -0.045945 -0.000053 0.139015
0.149127 0.042431 0.000013 -0.000004 0.000059 0.000038 0.000118 -0.000559 -0.065518 0.000028 -0.000020 -0.192241 0.073067 0.263149 -0.104178 -0.417026 0.000025 0.217586 0.000002 -0.000005 0.000001 -0.196528 -0.067324 -0.098022 -0.286683 -0.000068 -0.026265 -0.000025 -0.277675 0.000024 -0.007515 0.000097 0.541204 -0.000051 -0.177111 -0.000039 -0.005255 -0.096588 -0.033210 0.000153 -0.108049
0.062515 -0.071626 -0.000015 0.000011 0.000091 0.000096 0.000012 -0.001452 -0.091927 0.000120 0.000086 -0.338016 0.163262 0.280084 -0.259490 -0.057379 0.000047 0.217382 -0.000013 -0.000020 0.000027 0.242597 -0.120602 -0.156389 -0.016671 -0.000079 0.016961 0.000081 -0.209714 -0.000034 -0.004090 0.000053 0.206448 -0.000003 -0.253038 0.000081 -0.161222 -0.072103 0.160753 -0.000017 -0.220451
-0.195981 -0.056197 0.000006 0.000018 0.000060 0.000067 -0.000058 -0.003494 -0.045992 -0.000063 0.000008 -0.138594 -0.089754 0.040798 -0.462437 -0.062719 0.000020 0.382041 -0.000013 -0.000024 -0.000041 0.037746 0.133240 -0.068640 -0.008627 -0.000064 -0.093885 0.000113 -0.043704 -0.000054 -0.001239 0.000035 0.276387 -0.000048 0.040541 -0.000010 0.178718 -0.392545 -0.173237 0.000030 -0.118875
-0.090584 0.268267 0.000015 -0.000001 0.000104 0.000015 0.000155 -0.006536 0.154181 -0.000036 -0.000009 -0.323747 -0.358729 0.129113 -0.208249 -0.110403 -0.000022 -0.114602 0.000106 0.000048 0.000002 0.252257 -0.123105 0.025325 -0.006703 -0.000044 -0.069852 0.000047 0.029813 0.000022 0.002149 -0.000005 -0.147853 0.000030 -0.024191 -0.000009 0.213432 0.190671 -0.048698 -0.000075 -0.003718
-0.024319 0.024693 -0.000006 -0.000026 0.000116 -0.000039 0.000193 -0.006941 -0.118731 0.000191 0.000000 -0.039126 0.035860 -0.168220 0.328183 -0.111504 -0.000018 0.329822 0.000029 -0.000011 -0.000030 -0.278606 -0.098873 -0.248934 -0.292235 -0.000006 -0.082406 0.000056 0.206674 0.000015 0.003654 -0.000014 0.140323 0.000003 0.062916 0.000013 0.154801 0.211790 -0.050585 0.000147 -0.207547
-0.179758 0.155446 -0.000030 0.000077 0.000041 -0.000022 0.000032 -0.008026 -0.214224 0.000164 -0.000032 -0.016776 0.113992 0.154136 -0.021931 0.363570 0.000046 0.016360 -0.000024 -0.000028 0.000019 -0.576367 -0.185126 -0.125249 -0.130220 0.000138 0.169179 0.000077 0.084354 0.000057 -0.000407 0.000005 0.325046 0.000039 -0.136488 -0.000085 -0.121302 0.013069 0.103827 0.000025 -0.053425
0.050340 -0.136431 -0.000026 -0.000023 0.000086 -0.000149 0.000115 -0.015148 -0.427593 -0.000087 -0.000009 0.114224 -0.052988 0.079239 -0.186418 -0.200342 -0.000019 -0.141848 0.000002 -0.000006 0.000033 -0.487262 -0.136338 0.018691 -0.061161 -0.000031 0.006793 0.000085 0.470158 0.000012 -0.001241 -0.000005 0.048531 -0.000048 -0.266215 -0.000119 -0.189884 0.068607 -0.015028 0.000022 0.010656
0.100297 0.066596 -0.000002 0.000023 0.000005 -0.000012 0.000054 -0.015160 -0.272342 -0.000049 0.000047 0.398547 -0.125874 0.023881 0.014460 -0.145476 -0.000074 -0.214669 -0.000027 -0.000052 -0.000013 -0.393252 -0.173556 0.098783 -0.210287 0.000094 -0.059947 -0.000001 0.276495 0.000074 -0.001492 0.000052 -0.305455 0.000117 0.116554 0.000005 -0.131246 0.028732 -0.224011 0.000077 -0.020775
0.346349 0.549945 -0.000004 -0.000004 0.000035 -0.000057 -0.000011 -0.016882 0.200256 0.000033 0.000006 0.413556 -0.130808 0.257266 -0.215358 0.169592 0.000046 -0.159042 0.000014 0.000013 -0.000045 -0.176507 -0.147864 -0.075083 0.066816 0.000055 0.078252 0.000085 -0.166468 0.000016 -0.001567 0.000112 -0.378141 -0.000010 -0.064189 0.000048 0.161649 -0.039451 0.224073 -0.000025 0.045910
0.201247 0.034199 0.000009 0.000026 -0.000088 -0.000017 -0.000019 -0.018699 -0.036935 -0.000054 -0.000011 -0.035747 0.454709 0.273436 -0.288243 -0.074874 0.000036 -0.180205 -0.000018 0.000072 0.000011 -0.135267 0.008383 -0.109574 0.504081 -0.000056 0.124566 0.000062 0.079741 -0.000117 -0.000665 0.000036 -0.070174 0.000003 -0.314108 -0.000055 -0.080419 -0.120583 0.612938 0.000126 0.434113
0.129981 -0.442535 0.000026 0.000057 0.000031 0.000023 -0.000131 -0.018346 0.177080 0.000153 0.000021 -0.054066 0.275398 0.255750 -0.449426 0.140758 -0.000022 0.006412 -0.000080 0.000053 0.000041 -0.216369 0.104420 -0.174688 0.444550 -0.000089 0.185397 0.000044 -0.163908 0.000018 -0.003259 -0.000076 0.388592 0.000052 -0.267038 0.000188 0.053880 0.071832 0.045417 0.000080 -0.055432
-0.011495 -0.407656 -0.000006 0.000080 -0.000100 -0.000021 -0.000036 -0.017861 -0.048797 0.000054 0.000020 -0.009466 0.173741 0.343681 -0.126227 -0.093084 -0.000003 0.351987 0.000209 -0.000745 0.000031 0.261156 -0.097222 -0.057616 0.363475 0.000001 0.469501 0.000049 -0.463909 0.000004 -0.005184 0.000251 -0.500175 0.000051 -0.530077 -0.000058 -0.138452 -0.171371 0.018500 -0.000002 -0.010087
-0.144432 -0.267141 0.000010 -0.000003 0.000014 -0.000024 0.000034 -0.017249 0.008523 0.000159 -0.000004 0.247739 -0.054556 0.232958 -0.254921 0.221863 -0.000036 0.056820 -0.000040 -0.001843 -0.000106 0.225124 0.209018 0.211772 0.128121 0.000108 -0.151723 0.000046 -0.013068 -0.000054 -0.002977 0.000039 -0.490291 0.000079 0.050606 -0.000050 -0.027712 -0.337103 0.074902 0.000034 -0.163466
-0.236750 -0.058023 0.000018 -0.000028 -0.000054 -0.000066 0.000072 -0.015270 0.017389 -0.000071 -0.000001 -0.001183 -0.250038 0.444326 -0.141179 0.189841 0.000044 0.071703 0.000037 -0.001377 -0.000062 0.100899 0.271715 0.203532 0.067427 -0.000034 0.000505 0.000061 -0.073519 -0.000026 -0.002154 -0.000089 -0.095306 -0.000012 -0.060118 0.000023 -0.048610 0.179724 -0.668287 0.000001 -0.479028
-0.305530 0.124250 0.000034 -0.000001 -0.000113 -0.000056 0.000011 -0.016689 -0.274024 0.000063 -0.000013 -0.230044 0.034652 0.166528 0.539742 0.247853 -0.000148 0.111694 0.000066 -0.001725 0.000003 -0.216793 -0.153902 -0.217388 0.211575 0.000109 0.085483 -0.000093 -0.064550 0.000038 -0.002251 0.000072 0.013949 0.000026 0.123184 -0.000029 -0.240621 0.227636 -1.003255 0.000088 0.102964
-0.343067 0.384158 0.000024 -0.000034 0.000034 0.000018 -0.000172 -0.009080 -0.133156 -0.000096 -0.000009 -0.331100 0.237626 -0.152988 0.450030 0.449420 0.000032 -0.018248 -0.000046 -0.000937 -0.000023 0.168779 -0.268084 -0.157877 -0.126764 0.000028 0.090388 0.000092 0.122509 -0.000026 -0.002096 0.000240 -0.006590 -0.000004 0.438005 0.000031 -0.256831 0.011323 -0.442206 0.000082 -0.313349
-0.088968 -0.461381 -0.000033 -0.000021 -0.000145 -0.000017 -0.000052 -0.004602 -0.044442 -0.000026 -0.000067 0.065079 0.018509 0.174753 -0.033472 0.511551 0.000031 -0.153827 -0.000019 -0.000432 -0.000004 0.055164 -0.107025 0.012623 -0.020652 -0.000121 -0.226578 -0.000060 -0.116265 -0.000049 -0.005093 0.000108 0.234542 0.000037 0.544613 0.000163 -0.291190 0.404938 -0.178386 -0.000005 -0.162189
-0.071634 -0.060671 0.000012 0.000032 0.000028 -0.000022 -0.000068 -0.002831 0.137473 0.000149 0.000027 -0.258456 0.173899 0.020847 0.001019 0.021891 0.000159 0.337511 -0.000030 -0.001903 -0.000013 0.237180 -0.334797 0.519882 -0.197472 0.000077 -0.283117 0.000027 0.165185 0.000011 -0.007942 -0.000070 -0.167534 -0.000065 -0.001043 -0.000010 -0.245684 0.217509 -0.143725 0.000001 0.321553
-0.229057 0.115624 0.000032 -0.000016 0.000100 0.000053 -0.000072 -0.000163 0.180498 -0.000124 -0.000007 -0.285278 0.223344 0.387937 -0.246502 0.022056 -0.000023 -0.041102 0.000084 -0.000307 -0.000085 0.002523 0.320776 -0.005307 -0.172443 0.000044 0.492521 -0.000088 -0.093250 0.000076 -0.010115 0.000076 0.339047 0.000006 -0.205425 0.000018 0.008160 0.197385 -0.505166 0.000053 0.416866
-0.555159 0.084658 -0.000025 0.000020 0.000035 0.000016 0.000107 0.000011 -0.327422 0.000035 -0.000026 -0.337436 0.339798 0.283463 -0.250291 0.289761 -0.000043 0.031812 0.000107 -0.000664 -0.000035 0.013420 0.090544 -0.033913 -0.057261 -0.000006 0.298322 -0.000115 0.046001 -0.000176 -0.016257 -0.000087 0.129076 0.000094 -0.147060 -0.000082 -0.162349 0.179748 -0.224441 0.000070 0.185013
-0.404317 0.146944 -0.000038 -0.000009 -0.000135 0.000012 0.000105 -0.000083 0.095111 -0.000024 -0.000033 0.205769 0.595786 0.041025 -0.137564 -0.148939 0.000032 -0.056782 -0.000047 -0.002812 0.000058 0.174657 0.071805 -0.154717 -0.047849 0.000061 0.000809 0.000037 -0.136574 -0.000000 -0.019189 -0.000048 0.108967 -0.000011 0.177661 0.000095 0.154643 -0.119641 -0.221673 -0.000013 -0.063433
-0.029548 0.225031 0.000028 -0.000002 0.000058 0.000037 -0.000062 0.000287 -0.387447 0.000001 0.000004 0.125173 0.104980 0.372281 -0.321508 -0.187377 -0.000042 -0.193621 0.000071 0.000169 -0.000029 0.028805 0.305617 -0.287602 -0.249619 0.000101 -0.318871 0.000027 0.278403 0.000078 -0.016226 0.000030 0.084197 -0.000045 -0.375423 -0.000038 -0.050082 -0.061348 0.198597 -0.000147 -0.290756
-0.006716 -0.069411 -0.000036 -0.000004 -0.000184 0.000082 0.000031 -0.003179 -0.501266 -0.000211 0.000011 -0.134272 0.142199 0.173306 0.249484 -0.063648 0.000050 -0.052156 0.000044 -0.000193 0.000017 -0.638205 -0.095800 -0.120881 -0.211879 0.000169 -0.309504 -0.000036 -0.039609 -0.000001 -0.014838 -0.000065 0.344893 0.000051 0.036923 0.000046 -0.454999 0.093404 0.269402 0.000052 0.150205
-0.055637 0.079195 -0.000017 0.000017 0.000057 -0.000036 -0.000030 -0.013346 -0.156170 0.000106 0.000009 0.030584 0.122159 0.105715 0.343446 0.266668 0.000041 -0.127604 -0.000009 -0.000102 -0.000020 -0.363878 0.005264 -0.151582 0.122005 -0.000006 -0.458550 0.000116 -0.280670 -0.000018 -0.015340 0.000030 0.068261 0.000047 0.014496 -0.000045 0.063656 0.006842 -0.008658 -0.000045 -0.004876
0.003034 0.310893 -0.000042 -0.000022 -0.000058 0.000020 -0.000029 -0.014555 -0.113564 0.000082 -0.000029 -0.108645 -0.210151 0.061773 0.180892 -0.122200 -0.000028 0.167834 -0.000028 0.000029 0.000059 -0.138828 -0.064936 0.039972 0.224903 0.000062 -0.077443 -0.000146 0.077650 0.000011 -0.014253 0.000237 -0.035583 0.000079 0.220674 -0.000023 0.251766 0.178470 -0.003547 -0.000004 0.170625
-0.095888 -0.112607 -0.000013 -0.000053 -0.000013 -0.000045 0.000045 -0.017954 0.095614 0.000102 -0.000017 0.229465 -0.458576 0.398501 -0.020176 0.402285 -0.000039 0.042332 0.000138 -0.000004 -0.000060 -0.003748 -0.210038 0.152852 -0.066315 0.000060 0.179195 -0.000042 -0.295409 -0.000037 -0.016049 -0.000003 -0.217264 0.000037 -0.148212 -0.000082 0.546099 0.233856 0.307914 -0.000053 0.236011
-0.121541 -0.408828 -0.000030 0.000037 -0.000022 0.000003 0.000074 -0.023859 -0.252562 -0.000063 -0.000001 0.164391 0.120178 0.093740 0.097476 0.318815 -0.000023 0.286414 -0.000047 -0.000015 0.000029 0.327245 -0.367758 0.088207 0.245415 -0.000120 -0.113481 0.000111 -0.196830 0.000037 -0.014783 0.000046 0.085280 -0.000105 -0.433825 -0.000038 0.433485 0.201727 0.232992 0.000003 0.277084
-0.129953 -0.129352 0.000014 -0.000008 0.000039 -0.000051 0.000063 -0.025832 0.105523 0.000098 -0.000018 -0.009877 -0.197390 0.203099 -0.044422 -0.058166 -0.000035 -0.527967 0.000079 -0.000167 -0.000007 -0.154402 -0.074307 -0.038803 -0.051747 0.000036 0.226022 0.000021 0.298986 -0.000013 -0.011346 -0.000045 -0.214459 0.000046 -0.234038 0.000018 0.406847 -0.055737 0.095394 0.000047 0.383410
0.234439 -0.125939 -0.000016 0.000030 0.000187 -0.000003 0.000076 -0.018185 -0.013887 -0.000073 -0.000069 -0.107286 -0.516079 0.123084 0.086506 -0.156792 -0.000063 -0.116866 -0.000083 -0.001894 -0.000082 -0.350784 -0.153530 -0.395283 -0.166900 -0.000026 -0.031365 0.000010 0.343614 0.000063 -0.006414 -0.000071 -0.317723 -0.000104 0.036520 0.000025 -0.037257 -0.148043 -0.295775 -0.000147 -0.249772
0.430033 -0.320727 0.000004 0.000043 0.000046 -0.000014 -0.000008 -0.016284 -0.067187 0.000008 -0.000019 0.410569 -0.126436 0.047663 0.303910 -0.147460 0.000073 0.421606 -0.000151 -0.000489 0.000020 -0.239252 -0.652952 0.100983 -0.155980 0.000094 -0.125606 0.000117 0.112563 0.000056 -0.009095 0.000118 -0.614837 -0.000157 -0.329874 0.000040 -0.100382 -0.062521 -0.296421 -0.000020 -0.524905
