0.001377
-0.000245
-0.000040
-0.000573
-0.000074
0.000798
-0.006868
0.001673
0.008235
0.015301
-0.000115
0.000269
-0.000298
0.000329
-0.012032
-0.003501
-0.002019
6.241658
-0.002888
-0.000027
-0.003672
0.008144
0.000065
0.038040
0.013330
0.011883
-0.004841
-0.000168
-0.000072
0.001949
4.387611
0.015652
-0.511856
0.001496
0.029447
-0.458858
-0.019187
0.013928
0.000462
-0.002607
-0.000158
0.000225
-0.000979
0.000189
-0.004669
-0.002143
-0.015881
-0.003764
-0.000632
-0.001111
-0.009060
0.000005
0.001887
-0.019026
-0.003103
0.007104
0.000541
0.044958
0.014897
0.005164
0.000271
-0.000075
0.000336
-0.003389
0.044651
-0.000012
0.008655
0.000966
-0.000952
-0.006359
-0.015045
0.013466
-0.005179
0.002024
0.009987
0.020040
7.282123
-0.003042
0.000055
-0.000126
4.480290
-0.005788
0.003848
-0.017109
0.013275
-0.005947
-0.000664
0.000160
9.722837
-0.000146
-0.014944
0.002085
0.000208
0.006146
0.030762
-0.023343
-0.000174
0.017767
0.002583
0.027010
-0.002856
-0.000525
0.025560
7.901131
0.002517
-0.057932
-0.002164
0.030421
0.009326
-0.006989
-0.008965
-0.000106
-0.000069
-0.007686
-0.014126
0.002121
0.000182
0.012902
-0.000893
0.012591
-0.002795
0.000046
0.000544
0.028624
0.014427
-0.009685
-0.361433
0.018554
0.003008
-0.008489
-0.001840
0.000677
0.006261
0.000590
-0.001532
-0.015031
0.000153
7.084873
6.147923
6.272966
0.000739
0.006342
4.401869
-0.000264
0.004440
0.000031
0.034832
0.003711
0.000215
0.004000
0.003804
-0.000251
0.000821
-0.014144
0.000125
0.009637
0.044669
-0.000022
-0.000464
0.005856
0.024826
-0.000054
-0.007207
0.000662
0.000114
-0.006504
0.013952
-0.010000
-0.000166
0.012049
0.005732
-0.000347
0.000146
0.012652
0.000115
-0.030757
-0.000705
0.007265
