-0.012007 0.071407 0.000003 0.057924 -0.088072 0.000030 -0.000017 0.000110 0.000046 0.000073 0.000055 0.000036 -0.000035 -0.275241 0.000005 0.057951 0.000013 0.000048 0.026730 -0.000252 0.012575 -0.000001 -0.000009 -0.241377 0.000219 -0.000048 0.035616 -0.000321 -0.064638 0.000032 -0.000131 0.000041 0.000197 0.000022 0.000010 0.001105 -0.000026 -0.000057 -0.009024 -0.000057 0.000005 -0.000125 0.000066 0.000050 0.000058 0.000001 0.000044 0.000019 -0.004916 0.000002 -0.010570 0.000008 -0.000084 0.000062 -0.005024
-0.011840 0.079693 0.000014 0.087643 -0.126143 0.000025 0.000016 0.000079 -0.000064 -0.000053 0.000082 0.000033 -0.000071 -0.202790 -0.000015 0.046675 0.000052 -0.000026 0.052424 -0.000220 -0.000634 -0.000012 0.000005 -0.102798 0.000039 -0.000026 -0.059060 -0.000297 -0.077945 -0.000047 0.000409 -0.000026 0.000195 0.000001 0.000135 0.000991 0.000005 0.000108 -0.008648 -0.000089 -0.000009 0.000104 0.000075 0.000169 0.000029 0.000203 -0.000026 0.000032 -0.004796 0.000010 -0.010660 -0.000062 -0.000000 -0.000142 -0.004172
-0.010975 0.052620 -0.000002 0.109862 -0.014862 -0.000035 -0.000032 0.000127 -0.000030 -0.000181 0.000129 -0.000010 0.000050 -0.112330 0.000008 0.043809 -0.000038 -0.000026 0.148334 -0.000123 -0.000988 -0.000028 0.000009 -0.147264 0.000251 -0.000243 0.111718 -0.000168 -0.191336 -0.000032 0.000204 -0.000086 0.000196 0.000040 0.000165 0.001124 0.000015 -0.000224 -0.009113 0.000092 -0.000008 0.000010 -0.000001 0.000033 -0.000047 -0.000037 0.000017 0.000038 -0.004595 0.000029 -0.010621 0.000075 -0.000011 0.000018 -0.004418
-0.009911 0.069675 0.000011 0.185715 0.196075 -0.000008 -0.000127 0.000174 0.000036 -0.000034 0.000055 -0.000016 -0.000069 -0.144259 -0.000000 0.049986 -0.000032 0.000077 -0.009354 0.000076 0.007920 -0.000012 0.000011 -0.092525 0.000100 -0.000046 0.149033 -0.000305 -0.275321 -0.000021 0.000533 -0.000028 0.000108 0.000125 0.000099 0.001129 -0.000016 0.000069 -0.009172 -0.000018 -0.000001 -0.000008 -0.000001 0.000086 0.000062 -0.000033 -0.000028 -0.000085 -0.003355 0.000160 -0.010969 0.000055 0.000095 0.000007 -0.004735
-0.008483 0.099404 -0.000010 0.092032 0.083964 -0.000005 -0.000070 -0.000030 -0.000064 0.000070 -0.000007 0.000010 -0.000072 -0.027548 0.000073 0.080258 0.000035 -0.000009 0.007005 -0.000111 0.009957 -0.000052 -0.000003 -0.172633 0.000211 -0.000271 0.017972 -0.000181 -0.240902 -0.000154 0.000082 -0.000069 0.000056 -0.000026 -0.000112 0.000989 0.000007 0.000107 -0.008593 -0.000066 0.000001 0.000002 -0.000000 0.000046 -0.000075 0.000275 0.000015 0.000059 -0.001789 0.000040 -0.010485 -0.000021 0.000081 -0.000026 -0.004048
-0.007386 0.096772 0.000013 0.142770 0.269038 -0.000023 -0.000018 0.000047 -0.000015 0.000056 0.000076 -0.000036 -0.000032 0.089858 -0.000015 0.079653 0.000037 -0.000051 -0.054957 -0.000088 0.017019 -0.000000 -0.000017 -0.074650 -0.000257 0.000004 0.165204 -0.000760 -0.194917 -0.000093 0.000068 0.000008 0.000018 0.000080 -0.000040 0.001179 -0.000003 0.000152 -0.008709 0.000053 0.000005 -0.000104 -0.000015 -0.000056 -0.000038 0.000197 0.000030 0.000015 -0.000340 0.000027 -0.009967 0.000031 0.000001 -0.000042 -0.004220
-0.006367 0.123213 0.000010 0.220969 0.061297 0.000026 -0.000001 0.000205 0.000043 -0.000011 0.000105 -0.000017 -0.000039 0.117003 -0.000004 0.107394 0.000005 -0.000008 -0.077509 -0.000170 0.031753 -0.000059 0.000002 0.012977 -0.000114 -0.000092 0.195924 -0.000542 -0.317310 0.000085 0.000687 -0.000019 0.000069 0.000066 -0.000034 0.001083 0.000006 -0.000058 -0.008778 -0.000017 0.000005 -0.000013 -0.000177 0.000114 -0.000077 -0.000091 -0.000029 -0.000028 0.000984 -0.000078 -0.010221 -0.000089 -0.000064 -0.000043 -0.003929
-0.005686 0.145817 0.000023 0.103317 0.182200 0.000008 -0.000127 0.000110 -0.000016 -0.000004 0.000028 -0.000018 0.000011 0.207285 0.000007 0.128776 -0.000004 -0.000008 -0.068834 -0.000120 0.041501 0.000001 0.000017 0.052343 0.000341 -0.000015 0.352361 -0.000883 -0.309382 0.000018 0.000188 -0.000055 0.000176 0.000126 -0.000029 0.000977 0.000011 -0.000129 -0.009369 0.000027 0.000006 0.000030 0.000070 0.000031 0.000013 0.000150 -0.000049 0.000033 0.001988 -0.000028 -0.009543 -0.000042 -0.000060 -0.000032 -0.002271
-0.005357 0.176788 0.000004 0.104538 -0.033780 0.000016 0.000012 0.000001 -0.000014 0.000026 0.000119 -0.000020 -0.000056 0.096260 -0.000030 0.143027 0.000046 0.000154 -0.222443 -0.000170 0.052210 -0.000005 -0.000040 -0.006228 -0.000167 -0.000057 0.211829 -0.000781 -0.260593 -0.000051 0.000665 0.000019 0.000065 0.000027 0.000010 0.001168 0.000021 0.000064 -0.008764 0.000059 -0.000008 0.000069 -0.000065 -0.000047 -0.000076 0.000210 0.000037 0.000000 0.002650 0.000029 -0.009281 0.000001 0.000048 -0.000076 -0.002342
-0.005403 0.159620 0.000010 0.176399 -0.155574 -0.000048 0.000031 0.000074 -0.000022 0.000026 -0.000004 0.000024 -0.000037 -0.156359 -0.000013 0.128448 0.000013 -0.000019 -0.136049 -0.000154 0.049856 0.000029 0.000048 -0.037271 -0.000290 -0.000126 0.231847 -0.000620 -0.243277 0.000047 0.000544 -0.000088 0.000047 0.000055 -0.000027 0.000830 -0.000004 -0.000049 -0.009152 -0.000056 -0.000001 0.000017 0.000046 0.000054 0.000008 0.000108 -0.000040 -0.000012 0.002716 -0.000034 -0.009481 0.000022 0.000008 -0.000033 -0.001675
-0.005666 0.146328 0.000011 0.245137 -0.212588 0.000028 0.000035 0.000113 -0.000035 -0.000127 0.000001 -0.000033 0.000003 -0.102778 0.000059 0.108128 -0.000021 -0.000070 -0.141109 -0.000153 0.034613 0.000014 -0.000009 0.175818 0.000517 0.000059 0.179448 -0.000703 -0.001054 0.000153 0.000190 0.000033 0.000178 0.000024 -0.000022 0.000785 0.000015 0.000068 -0.008936 0.000088 0.000004 0.000055 -0.000008 -0.000064 0.000074 0.000036 -0.000040 0.000080 0.002322 -0.000022 -0.008910 0.000043 -0.000012 0.000243 -0.002012
-0.005981 0.118967 -0.000012 0.333399 -0.347307 0.000059 -0.000126 0.000076 -0.000005 0.000026 0.000008 -0.000050 0.000019 -0.127803 0.000011 0.116025 -0.000000 0.000072 -0.194174 -0.000117 0.036794 -0.000023 0.000001 0.318139 0.000247 -0.000109 0.053984 -0.000737 -0.017592 0.000125 0.000226 -0.000042 0.000033 -0.000003 0.000151 0.001058 0.000015 0.000009 -0.008678 -0.000030 -0.000005 -0.000004 -0.000036 -0.000131 0.000176 0.000105 0.000094 -0.000046 0.002577 0.000012 -0.009045 0.000021 0.000040 -0.000075 -0.002831
-0.006231 0.093879 0.000006 0.177607 -0.504113 0.000013 -0.000044 0.000037 -0.000190 -0.000045 0.000108 0.000029 -0.000000 -0.041974 0.000066 0.094308 -0.000015 -0.000014 -0.020094 -0.000191 0.024363 0.000050 -0.000004 0.359459 0.000180 -0.000078 0.105026 -0.000577 0.074497 -0.000060 0.000598 0.000040 0.000247 0.000022 0.000104 0.001194 -0.000025 -0.000071 -0.008838 -0.000034 -0.000006 0.000057 -0.000062 -0.000095 -0.000023 0.000073 -0.000001 0.000024 0.001537 0.000062 -0.008931 -0.000058 0.000014 0.000108 -0.002588
-0.010120 0.068358 -0.000024 0.175099 -0.512744 0.000021 -0.000024 0.000244 -0.000038 0.000023 0.000119 -0.000003 0.000041 -0.209738 0.000013 0.055960 -0.000010 0.000034 0.250160 -0.000062 0.007805 0.000012 -0.000022 0.477391 0.000213 -0.000087 -0.078362 -0.000788 0.167683 0.000036 0.000218 -0.000067 0.000054 -0.000061 -0.000117 0.000969 0.000005 -0.000018 -0.008601 -0.000036 0.000001 0.000049 0.000046 -0.000086 -0.000000 0.000190 0.000028 -0.000077 0.001060 0.000032 -0.008676 -0.000055 -0.000113 -0.000004 -0.002677
-0.013730 0.037498 -0.000004 0.052130 -0.405818 -0.000015 0.000004 0.000020 0.000051 -0.000044 0.000211 -0.000038 -0.000063 -0.221619 0.000052 0.032816 -0.000030 0.000035 0.160667 -0.000037 -0.000747 0.000001 0.000020 0.418282 -0.000291 -0.000146 -0.209950 -0.000818 0.302252 0.000014 0.000268 -0.000113 0.000009 0.000027 -0.000045 0.000950 -0.000003 -0.000084 -0.008633 0.000025 0.000000 -0.000132 0.000051 -0.000052 -0.000016 0.000065 0.000015 -0.000068 0.000037 -0.000153 -0.008184 -0.000042 0.000028 0.000042 -0.003263
-0.023039 0.039245 -0.000039 -0.034753 -0.261991 -0.000051 -0.000060 0.000150 0.000001 -0.000093 0.000049 0.000006 0.000028 -0.262669 -0.000059 0.026746 0.000017 -0.000095 0.317350 -0.000020 -0.001356 0.000053 -0.000015 0.614991 0.000600 -0.000200 -0.223200 -0.000897 0.388170 0.000027 -0.000119 0.000041 0.000082 0.000029 -0.000011 0.000992 0.000008 0.000017 -0.008711 -0.000040 -0.000006 0.000017 -0.000023 -0.000176 0.000050 -0.000066 -0.000017 0.000027 0.000296 -0.000149 -0.008393 -0.000041 -0.000074 -0.000050 -0.002903
-0.017073 0.026261 0.000004 -0.017919 -0.035909 -0.000011 0.000007 0.000083 0.000020 -0.000029 -0.000050 0.000005 0.000058 -0.162079 -0.000012 0.019986 -0.000025 -0.000001 0.124095 0.000014 -0.001403 0.000034 0.000036 0.607739 0.000437 -0.000149 -0.466802 -0.001026 0.279811 -0.000061 0.000354 0.000054 0.000037 -0.000076 0.000062 0.001205 -0.000028 0.000090 -0.008786 -0.000058 0.000015 0.000010 0.000117 -0.000070 -0.000033 0.000110 -0.000015 -0.000090 0.001481 -0.000009 -0.008119 0.000114 -0.000054 -0.000076 -0.002860
-0.013404 0.037129 -0.000007 -0.022408 0.003264 -0.000059 0.000065 0.000197 0.000035 0.000121 0.000197 0.000019 0.000059 -0.336762 0.000021 0.043582 -0.000013 -0.000035 0.152018 -0.000030 0.000665 -0.000039 0.000005 0.472478 0.000333 -0.000135 -0.333397 -0.001047 0.189206 -0.000071 0.000462 0.000030 0.000010 0.000109 0.000031 0.001072 -0.000013 0.000155 -0.008695 -0.000034 0.000004 -0.000032 0.000044 -0.000115 0.000011 -0.000084 -0.000015 -0.000002 0.002754 0.000076 -0.007982 0.000051 -0.000047 0.000139 -0.002539
-0.024150 0.032725 0.000005 -0.015085 -0.033706 -0.000059 0.000021 0.000042 0.000001 0.000058 0.000030 0.000047 0.000025 -0.391524 0.000026 0.030928 0.000060 0.000083 0.286148 -0.000087 -0.000843 -0.000025 -0.000015 0.456912 0.000412 -0.000141 -0.203484 -0.000686 0.322715 0.000064 -0.000117 -0.000093 0.000002 0.000083 0.000055 0.001231 0.000006 -0.000071 -0.008961 -0.000072 0.000000 0.000026 0.000106 0.000045 -0.000014 0.000008 -0.000002 -0.000005 0.002927 -0.000112 -0.008500 -0.000034 0.000105 0.000108 -0.002381
-0.005994 0.010704 0.000005 -0.062294 0.148837 0.000014 0.000032 0.000026 0.000029 0.000086 0.000069 -0.000025 0.000219 -0.437231 -0.000028 0.003692 0.000032 -0.000014 0.311534 -0.000113 -0.001626 -0.000007 -0.000035 0.359956 0.000530 0.000007 -0.246552 -0.000223 0.226993 -0.000011 0.000255 0.000012 0.000044 0.000039 -0.000027 0.000960 -0.000031 0.000055 -0.008933 0.000097 -0.000003 0.000016 0.000133 -0.000006 -0.000061 0.000101 0.000026 -0.000048 0.002435 -0.000050 -0.008883 0.000031 -0.000033 0.000008 -0.002531
-0.006232 -0.001604 0.000026 -0.086494 0.374058 0.000034 0.000019 -0.000028 0.000005 0.000022 -0.000065 0.000002 -0.000014 -0.488249 -0.000001 -0.001760 -0.000039 0.000011 0.359944 -0.000100 -0.001796 -0.000015 0.000018 0.343927 -0.000010 -0.000283 -0.247078 -0.000161 0.148233 0.000072 0.000397 -0.000067 0.000118 -0.000016 -0.000062 0.001064 -0.000010 -0.000060 -0.009164 -0.000025 0.000003 -0.000007 0.000013 0.000115 -0.000007 0.000065 -0.000048 -0.000002 0.002436 0.000029 -0.008911 -0.000027 0.000027 -0.000148 -0.003234
-0.006611 0.001061 0.000013 -0.124091 0.340192 0.000058 0.000080 0.000018 -0.000055 -0.000052 0.000059 -0.000016 -0.000085 -0.493125 -0.000098 0.000270 -0.000043 0.000039 0.387342 -0.000066 -0.001218 -0.000097 -0.000010 0.272000 0.000353 -0.000108 -0.172786 0.000210 0.052826 0.000034 -0.000048 0.000050 0.000043 0.000018 0.000103 0.000881 0.000045 0.000086 -0.009158 -0.000010 0.000004 -0.000012 0.000100 0.000035 0.000054 0.000228 -0.000041 -0.000061 0.002940 -0.000022 -0.009320 0.000097 -0.000061 -0.000058 -0.002583
-0.006999 0.029402 0.000005 -0.292192 0.229433 -0.000016 -0.000012 0.000066 0.000006 -0.000035 0.000274 0.000003 -0.000034 -0.625967 -0.000008 0.027563 -0.000017 -0.000075 0.152752 -0.000124 -0.000434 0.000027 -0.000029 0.096136 0.000125 0.000057 -0.239290 0.000323 -0.011544 -0.000060 -0.000153 -0.000030 0.000131 0.000091 -0.000004 0.001200 0.000009 0.000016 -0.008813 -0.000012 0.000009 0.000007 0.000094 0.000077 0.000013 -0.000106 -0.000021 0.000001 0.004623 -0.000015 -0.009663 -0.000025 -0.000065 -0.000015 -0.001517
-0.007562 0.050131 -0.000016 -0.389088 0.117587 -0.000010 -0.000013 0.000019 -0.000068 0.000068 0.000183 -0.000031 -0.000093 -0.486248 -0.000036 0.056272 -0.000107 -0.000013 0.014989 -0.000015 -0.000135 0.000026 -0.000005 0.113569 0.000535 -0.000305 -0.271986 0.000138 0.196700 -0.000009 -0.000079 -0.000026 0.000026 0.000059 -0.000020 0.001188 0.000009 0.000083 -0.008943 0.000033 -0.000003 0.000039 -0.000029 0.000039 0.000043 0.000132 0.000011 -0.000084 0.005364 -0.000001 -0.009569 -0.000115 -0.000113 -0.000042 -0.001986
-0.008654 0.016156 -0.000012 -0.394222 0.019226 0.000060 0.000096 0.000105 -0.000058 0.000165 0.000240 0.000013 0.000043 -0.394499 0.000022 0.004630 0.000038 0.000161 0.100690 -0.000020 -0.000431 -0.000033 0.000049 0.145315 0.000371 0.000003 -0.100867 0.000050 0.248748 -0.000050 0.000375 -0.000023 0.000145 0.000112 0.000036 0.001183 -0.000035 -0.000175 -0.009274 0.000116 -0.000002 0.000007 0.000093 0.000064 -0.000072 0.000114 -0.000010 -0.000046 0.005477 0.000005 -0.010172 -0.000061 0.000032 -0.000050 -0.001705
-0.009714 -0.002494 0.000021 -0.200996 0.115659 0.000103 0.000038 0.000094 0.000073 0.000056 0.000215 -0.000011 -0.000063 -0.004996 0.000047 -0.001407 0.000069 -0.000050 0.046831 -0.000254 -0.001022 -0.000083 -0.000018 0.099413 0.000488 -0.000147 0.026750 0.000166 0.219087 -0.000007 -0.000154 -0.000072 0.000055 0.000096 0.000098 0.001139 -0.000028 -0.000046 -0.008809 -0.000029 -0.000003 -0.000103 0.000032 0.000069 -0.000055 -0.000104 -0.000029 -0.000063 0.005790 -0.000058 -0.010222 0.000062 -0.000075 -0.000050 -0.001542
-0.004497 -0.002471 0.000044 -0.065748 0.251171 -0.000054 0.000019 0.000082 -0.000033 -0.000029 0.000398 0.000000 0.000045 0.006968 0.000041 -0.001861 0.000057 -0.000020 0.218923 -0.000112 -0.000983 0.000029 0.000026 -0.026834 0.000096 -0.000125 0.126717 0.000254 0.240596 -0.000094 0.000396 -0.000060 0.000076 -0.000040 -0.000142 0.001416 0.000008 0.000008 -0.010243 -0.000034 0.000003 -0.000168 0.000030 -0.000047 0.000019 0.000084 -0.000002 0.000227 0.005843 0.000025 -0.010157 0.000062 -0.000043 0.000033 -0.001452
-0.008789 0.000476 -0.000030 -0.025366 0.243376 0.000102 0.000002 0.000040 -0.000030 -0.000028 0.000099 -0.000021 -0.000087 0.195960 0.000001 0.000222 0.000048 0.000009 0.128047 -0.000070 -0.000679 0.000014 0.000002 -0.214025 -0.000320 -0.000267 0.332801 0.000058 0.207389 -0.000120 0.000129 0.000047 0.000187 0.000005 -0.000023 0.001366 -0.000015 -0.000096 -0.008720 -0.000057 -0.000002 0.000176 -0.000040 -0.000008 0.000020 0.000073 0.000006 0.000048 0.005754 -0.000070 -0.009806 -0.000081 -0.000108 -0.000045 -0.001443
-0.009165 0.002034 0.000000 -0.050199 0.438562 0.000009 -0.000035 0.000113 0.000036 -0.000025 0.000134 -0.000021 0.000018 0.020197 0.000036 0.001620 0.000032 0.000034 -0.107319 -0.000111 -0.000343 0.000015 0.000065 -0.331697 0.000231 -0.000223 0.312366 0.000139 -0.005359 -0.000223 0.000346 0.000025 -0.000013 -0.000035 0.000078 0.001203 -0.000028 -0.000008 -0.010213 0.000093 0.000001 0.000006 0.000044 0.000069 0.000043 0.000142 -0.000011 0.000033 0.005059 0.000009 -0.010124 -0.000091 -0.000079 -0.000074 -0.001672
-0.008201 0.000856 -0.000037 -0.196137 0.427546 -0.000013 0.000063 0.000105 -0.000004 0.000063 0.000089 -0.000014 -0.000036 -0.103540 -0.000030 0.000660 0.000055 -0.000044 -0.178178 -0.000076 -0.000297 0.000003 -0.000043 -0.239741 0.000468 -0.000140 0.508349 0.000127 -0.054617 0.000061 -0.000161 -0.000061 0.000032 0.000047 -0.000082 0.000956 -0.000003 -0.000036 -0.008738 -0.000058 0.000004 0.000045 0.000072 0.000055 -0.000089 -0.000096 0.000029 -0.000084 0.004680 -0.000062 -0.010558 -0.000039 0.000005 -0.000183 -0.001682
-0.005850 0.008181 -0.000004 -0.104524 0.464566 0.000101 0.000037 0.000101 -0.000086 -0.000075 -0.000038 -0.000010 0.000041 -0.323714 -0.000023 0.013035 -0.000045 0.000103 -0.156915 -0.000099 -0.000059 0.000039 0.000019 -0.181584 0.000221 -0.000169 0.507154 0.000146 -0.061948 -0.000071 -0.000041 -0.000044 -0.000046 -0.000048 0.000004 0.001231 0.000027 0.000094 -0.008359 0.000046 -0.000009 0.000001 0.000066 0.000091 0.000119 0.000078 -0.000019 0.000039 0.004569 0.000052 -0.010711 0.000094 0.000020 0.000067 -0.001697
-0.005572 0.023934 0.000022 -0.172262 0.300815 0.000053 -0.000013 0.000158 0.000040 -0.000095 0.000038 0.000020 0.000108 -0.240249 -0.000010 0.013692 -0.000027 -0.000041 -0.384077 -0.000104 0.000242 0.000010 -0.000036 -0.078957 0.000491 0.000006 0.442209 0.000225 -0.218298 0.000068 0.000154 0.000058 0.000181 -0.000020 0.000122 0.001382 -0.000006 0.000077 -0.008824 -0.000024 0.000000 -0.000073 0.000067 0.000068 -0.000139 -0.000299 0.000015 -0.000057 0.005485 0.000010 -0.010356 0.000031 0.000032 0.000062 -0.001339
0.000000 0.039305 -0.000005 -0.225615 0.327737 0.000029 -0.000028 0.000130 -0.000032 0.000051 0.000070 -0.000007 -0.000111 -0.212663 0.000008 0.037207 0.000010 -0.000053 -0.423972 -0.000240 0.000844 0.000015 0.000062 -0.122697 0.000445 -0.000171 0.431551 -0.000533 -0.288556 -0.000062 -0.000195 0.000020 0.000087 -0.000023 0.000201 0.000604 0.000013 -0.000035 -0.008766 -0.000036 -0.000001 -0.000032 -0.000040 -0.000037 0.000019 -0.000085 -0.000048 0.000030 0.006334 0.000016 -0.010309 -0.000049 0.000045 -0.000032 -0.001082
-0.007719 0.038256 -0.000002 -0.279464 0.265215 -0.000080 -0.000010 0.000128 0.000025 -0.000008 0.000142 -0.000010 -0.000058 0.006441 -0.000030 0.025092 -0.000032 -0.000028 -0.408700 -0.000208 0.000917 -0.000066 -0.000003 -0.369065 0.000230 0.000004 0.331474 -0.000266 -0.165962 -0.000036 0.000394 0.000051 0.000164 -0.000004 0.000001 0.001205 -0.000013 0.000109 -0.008612 -0.000088 -0.000008 0.000030 -0.000050 -0.000031 0.000062 0.000155 0.000048 0.000016 0.005527 0.000036 -0.009645 0.000052 -0.000100 0.000271 -0.001603
-0.002297 0.008857 0.000006 -0.297476 0.255374 0.000030 0.000061 0.000162 -0.000081 -0.000030 0.000083 0.000001 0.000107 0.419224 -0.000017 0.005106 0.000008 0.000094 -0.166425 -0.000094 0.000451 -0.000035 0.000022 -0.274382 0.000040 -0.000237 0.296130 -0.000351 -0.130749 -0.000115 -0.000063 0.000050 -0.000003 0.000059 0.000020 0.001240 0.000043 -0.000051 -0.008793 0.000059 -0.000004 0.000094 -0.000057 -0.000250 -0.000078 0.000104 0.000073 0.000028 0.004787 0.000020 -0.009782 -0.000114 0.000047 -0.000032 -0.000803
-0.008085 0.003094 0.000040 -0.230483 0.144204 -0.000060 0.000056 0.000075 -0.000086 -0.000014 -0.000097 -0.000003 -0.000018 0.616165 0.000097 0.002444 0.000147 0.000068 -0.199840 -0.000222 0.000072 -0.000001 0.000041 -0.447191 0.000173 -0.000094 0.201277 -0.000308 -0.042430 -0.000003 0.000336 0.000025 -0.000003 -0.000039 0.000204 0.000831 -0.000014 0.000070 -0.008667 0.000027 0.000001 0.000064 0.000077 0.000068 -0.000048 0.000306 0.000048 -0.000048 0.002939 0.000028 -0.009997 -0.000042 -0.000107 -0.000040 -0.000767
-0.007968 0.001077 -0.000017 -0.259058 0.047023 0.000006 -0.000060 0.000163 -0.000012 0.000119 0.000146 0.000011 0.000044 0.738194 0.000001 0.000843 0.000002 0.000028 -0.132150 -0.000120 -0.000201 -0.000013 0.000007 -0.482308 -0.000183 -0.000077 0.251922 -0.000127 -0.081448 -0.000066 0.000547 0.000004 0.000152 -0.000032 0.000058 0.001035 0.000005 -0.000016 -0.008478 -0.000039 0.000005 -0.000006 0.000108 -0.000103 0.000008 0.000102 0.000094 0.000119 0.001513 -0.000078 -0.010257 0.000100 0.000121 0.000044 -0.000721
-0.007931 0.000347 -0.000009 -0.128671 -0.224378 -0.000046 0.000008 0.000125 0.000028 0.000024 0.000120 0.000020 -0.000049 0.665846 0.000027 0.000237 -0.000007 -0.000005 -0.239044 -0.000157 -0.000359 -0.000035 -0.000025 -0.601139 -0.000249 -0.000087 0.232969 -0.000728 -0.066295 0.000023 0.000242 -0.000055 0.000102 -0.000072 0.000074 0.001045 -0.000025 0.000070 -0.008692 0.000027 0.000009 0.000060 0.000072 0.000000 -0.000031 0.000114 -0.000016 0.000069 0.000377 -0.000009 -0.010275 -0.000099 -0.000086 -0.000045 -0.000857
-0.008117 0.009424 0.000027 -0.189130 -0.306921 -0.000045 0.000064 0.000099 -0.000005 0.000030 -0.000030 0.000018 0.000013 0.545316 0.000055 0.008793 0.000015 -0.000077 -0.212505 -0.000031 -0.000353 -0.000094 0.000007 -0.448959 0.000256 -0.000057 0.005189 -0.000686 0.042538 -0.000030 0.000046 -0.000031 -0.000038 -0.000013 -0.000081 0.000941 0.000012 -0.000162 -0.008778 -0.000128 0.000003 -0.000084 0.000034 -0.000104 -0.000023 -0.000139 0.000010 0.000025 -0.000101 -0.000056 -0.010103 -0.000089 -0.000007 -0.000010 -0.001027
-0.008382 0.039008 0.000001 -0.347199 -0.293455 -0.000022 0.000041 0.000061 -0.000022 0.000031 0.000038 -0.000023 0.000108 0.463387 0.000004 0.013014 -0.000041 -0.000031 -0.319020 -0.000252 -0.000397 0.000028 -0.000008 -0.570583 0.000294 0.000143 0.056406 -0.001157 0.017260 0.000046 -0.000201 -0.000000 0.000234 0.000139 -0.000055 0.000846 0.000015 -0.000056 -0.008308 -0.000014 -0.000009 0.000035 0.000035 0.000115 0.000031 0.000314 0.000029 -0.000063 0.000976 0.000040 -0.010413 0.000034 -0.000031 0.000076 -0.000596
-0.008625 0.012207 0.000003 -0.359022 -0.258719 -0.000008 0.000002 0.000130 -0.000078 -0.000033 0.000129 -0.000023 -0.000010 0.650737 0.000006 0.006520 0.000011 0.000185 -0.223208 -0.000246 -0.000524 0.000001 -0.000001 -0.456574 -0.000352 -0.000182 -0.060050 -0.000769 -0.013144 0.000010 0.000421 0.000060 0.000086 -0.000016 0.000001 0.000784 0.000028 -0.000012 -0.008995 -0.000022 -0.000001 -0.000095 0.000078 -0.000069 -0.000038 0.000248 0.000045 0.000118 0.001787 -0.000086 -0.011413 -0.000083 0.000022 0.000064 -0.000070
-0.008480 0.004848 -0.000028 -0.460117 -0.100472 0.000064 0.000064 0.000043 -0.000060 -0.000065 0.000002 -0.000031 -0.000040 0.552628 0.000001 0.000200 -0.000026 0.000128 -0.217296 -0.000143 -0.000651 -0.000030 0.000043 -0.235562 0.000258 -0.000261 -0.011673 -0.000267 0.141510 -0.000031 -0.000059 0.000048 0.000100 -0.000001 0.000059 0.001050 -0.000016 0.000005 -0.008054 0.000098 0.000002 0.000035 0.000044 -0.000047 0.000016 0.000115 0.000054 -0.000114 0.002876 -0.000005 -0.011338 0.000113 -0.000040 -0.000102 0.000282
0.000001 0.000540 0.000040 -0.514014 -0.069117 -0.000005 -0.000042 0.000032 -0.000038 0.000049 0.000070 -0.000037 0.000035 0.766570 0.000011 -0.000155 0.000030 -0.000011 -0.128930 0.000003 -0.000521 0.000034 0.000003 -0.020454 0.000589 -0.000163 -0.012135 -0.000245 0.021987 0.000011 0.000487 0.000036 0.000090 -0.000033 -0.000123 0.001322 -0.000014 -0.000122 -0.008248 -0.000083 0.000004 0.000032 0.000065 -0.000065 -0.000052 0.000069 -0.000015 -0.000018 0.003397 0.000021 -0.011463 0.000092 -0.000035 -0.000140 0.000311
-0.007836 0.010439 0.000014 -0.452113 -0.049326 0.000017 -0.000004 0.000162 -0.000021 0.000045 0.000144 -0.000007 0.000044 0.775288 -0.000005 0.007957 0.000000 -0.000111 -0.045712 -0.000191 -0.000258 0.000009 -0.000028 -0.024479 -0.000244 -0.000155 -0.237131 0.000273 -0.000229 0.000103 0.000018 0.000024 0.000164 -0.000019 -0.000095 0.001075 -0.000000 0.000141 -0.008090 -0.000112 -0.000001 0.000119 -0.000054 -0.000039 0.000086 0.000091 -0.000020 0.000011 0.003212 -0.000050 -0.011246 0.000060 -0.000021 -0.000042 -0.000117
-0.007209 0.012311 0.000001 -0.440168 0.103417 -0.000006 0.000036 0.000133 0.000014 -0.000019 0.000059 -0.000037 0.000056 0.703670 -0.000020 0.014579 0.000047 0.000023 0.070177 -0.000167 -0.000045 -0.000002 -0.000012 0.279584 0.000504 -0.000301 -0.092786 0.000442 0.143157 -0.000078 0.000543 -0.000044 -0.000021 0.000121 -0.000074 0.001018 -0.000019 0.000118 -0.007995 0.000022 0.000001 -0.000054 0.000063 0.000031 0.000030 0.000006 0.000073 0.000083 0.002203 -0.000114 -0.011073 -0.000006 -0.000077 -0.000112 -0.000735
-0.006556 0.028169 -0.000016 -0.403576 -0.015906 -0.000032 0.000020 0.000127 0.000079 0.000109 0.000130 -0.000047 0.000009 0.774704 0.000006 0.022909 0.000108 -0.000021 0.076157 -0.000141 -0.000018 -0.000016 0.000000 0.195820 0.000467 -0.000178 -0.207895 0.000359 0.038730 -0.000053 -0.000103 -0.000012 0.000091 0.000076 -0.000034 0.001187 -0.000005 -0.000013 -0.007637 -0.000097 -0.000002 0.000036 0.000025 0.000068 0.000112 0.000128 0.000025 0.000024 0.001823 0.000022 -0.010161 -0.000059 0.000107 -0.000041 -0.001076
-0.005877 0.035621 -0.000017 -0.358719 0.004885 -0.000006 -0.000028 0.000112 -0.000035 -0.000057 0.000098 -0.000006 -0.000048 0.593979 0.000000 0.029666 -0.000018 0.000099 0.033204 -0.000211 -0.000049 -0.000026 -0.000008 0.248092 0.000075 -0.000110 -0.318945 0.000365 -0.049990 -0.000023 0.000602 0.000045 0.000113 0.000004 0.000070 0.000960 0.000007 0.000098 -0.007662 -0.000032 -0.000013 -0.000041 0.000006 0.000068 0.000008 0.000214 -0.000028 0.000062 0.000963 0.000022 -0.010314 -0.000110 -0.000127 -0.000061 -0.000982
-0.005502 0.021617 -0.000018 -0.400320 -0.227566 -0.000015 0.000018 0.000059 -0.000008 -0.000043 -0.000014 -0.000007 -0.000024 0.519466 0.000026 0.016120 0.000029 0.000049 0.192903 -0.000214 -0.000514 0.000006 -0.000065 0.020077 0.000265 -0.000051 -0.319662 0.000192 -0.041556 -0.000197 0.000205 -0.000025 0.000059 0.000002 -0.000121 0.000870 0.000007 -0.000143 -0.007640 0.000030 0.000001 0.000032 -0.000007 0.000069 0.000132 0.000138 0.000074 0.000038 -0.000359 -0.000026 -0.010323 0.000109 -0.000053 0.000026 -0.001233
-0.005311 0.011482 0.000012 -0.302310 -0.170513 0.000007 -0.000063 0.000132 0.000038 -0.000017 0.000045 0.000005 0.000039 0.360611 -0.000006 0.018135 0.000014 -0.000094 0.143460 -0.000164 -0.001002 -0.000010 -0.000011 0.069378 0.000372 -0.000133 -0.442249 0.000318 0.028102 0.000035 0.000136 -0.000007 0.000257 -0.000062 -0.000057 0.001106 -0.000019 0.000068 -0.007649 -0.000012 0.000007 -0.000061 -0.000199 0.000026 0.000113 -0.000148 0.000029 0.000105 0.000088 -0.000092 -0.010306 0.000089 0.000002 -0.000048 -0.001432
-0.005140 -0.001364 0.000008 -0.289833 -0.154519 0.000018 -0.000009 0.000152 -0.000042 -0.000074 0.000012 -0.000030 0.000185 0.147492 0.000015 -0.001654 -0.000062 -0.000022 0.150417 -0.000138 -0.001378 0.000033 -0.000010 -0.062364 0.000327 -0.000136 -0.434413 0.000333 0.092172 -0.000061 -0.000047 -0.000024 0.000167 0.000034 0.000098 0.000713 -0.000025 -0.000031 -0.007795 -0.000013 0.000003 -0.000023 -0.000057 0.000012 -0.000042 -0.000077 0.000012 -0.000025 -0.000630 -0.000005 -0.010067 -0.000100 0.000060 -0.000082 -0.001975
-0.005069 -0.008897 -0.000024 -0.289904 -0.119267 -0.000007 -0.000026 -0.000020 0.000041 0.000025 0.000189 0.000023 -0.000056 0.036075 -0.000010 -0.007401 0.000014 0.000029 0.262713 -0.000046 -0.001844 -0.000017 -0.000010 -0.076916 0.000141 -0.000168 -0.401939 0.000502 0.128331 0.000083 -0.000246 -0.000026 0.000032 0.000002 0.000136 0.000819 0.000017 -0.000060 -0.007654 0.000025 0.000003 0.000006 0.000078 -0.000099 -0.000014 0.000218 -0.000022 -0.000115 -0.000731 0.000028 -0.010165 0.000052 0.000056 -0.000056 -0.002575
-0.005006 -0.022037 -0.000005 -0.287479 -0.036867 0.000017 0.000001 -0.000019 0.000039 0.000009 0.000051 0.000011 0.000026 -0.296889 -0.000011 -0.017877 0.000043 -0.000055 0.433852 -0.000019 -0.002051 -0.000051 0.000002 -0.059817 0.000470 -0.000155 -0.282518 0.000305 0.172742 0.000069 0.000064 -0.000025 0.000000 0.000059 0.000048 0.000906 -0.000012 -0.000120 -0.008303 -0.000013 0.000002 0.000045 -0.000040 -0.000113 -0.000087 0.000006 -0.000043 0.000131 -0.000021 -0.000025 -0.009724 0.000035 -0.000065 0.000243 -0.003067
-0.005165 -0.028487 -0.000011 -0.290088 -0.008809 -0.000067 -0.000035 0.000132 -0.000020 0.000049 -0.000065 0.000008 0.000058 -0.474696 -0.000022 -0.025321 0.000001 -0.000021 0.369908 0.000092 -0.002754 -0.000012 0.000028 -0.050487 0.000565 -0.000050 -0.106259 0.000466 0.167509 -0.000028 0.000295 0.000019 0.000154 -0.000086 -0.000050 0.001064 0.000006 0.000013 -0.008100 -0.000053 -0.000001 0.000021 -0.000038 0.000053 -0.000016 -0.000243 0.000008 -0.000029 0.000320 0.000047 -0.009462 0.000027 0.000034 0.000083 -0.003371
-0.005258 -0.025007 -0.000023 -0.306604 0.009717 -0.000014 0.000002 0.000116 -0.000017 0.000028 0.000137 0.000020 -0.000083 -0.573930 0.000011 -0.020640 0.000068 -0.000070 0.600553 -0.000030 -0.002365 0.000029 0.000006 0.022130 0.000541 -0.000153 0.024898 0.000392 0.054668 0.000039 0.000654 -0.000011 0.000059 -0.000002 -0.000019 0.000893 -0.000027 -0.000057 -0.008283 0.000069 0.000002 -0.000026 0.000065 0.000172 -0.000016 -0.000239 -0.000028 0.000023 -0.000195 -0.000023 -0.009854 0.000061 -0.000036 -0.000031 -0.002988
-0.005470 -0.015674 0.000006 -0.329105 0.053205 0.000032 0.000038 0.000051 -0.000102 -0.000030 0.000126 0.000003 -0.000009 -0.535999 0.000062 -0.013703 -0.000010 -0.000007 0.604562 -0.000119 -0.002066 -0.000028 -0.000016 -0.051222 0.000390 -0.000159 0.344711 0.000464 -0.048542 0.000067 -0.000110 0.000072 0.000164 -0.000008 -0.000042 0.001231 -0.000006 -0.000227 -0.008113 -0.000098 0.000007 -0.000075 -0.000028 0.000149 0.000087 0.000323 0.000002 -0.000102 -0.000632 -0.000007 -0.010517 0.000081 -0.000088 -0.000072 -0.003428
-0.005573 -0.010681 -0.000002 -0.211313 0.062976 -0.000001 -0.000019 0.000108 -0.000008 -0.000050 -0.000062 -0.000008 -0.000070 -0.518957 -0.000001 -0.008712 -0.000020 -0.000042 0.652401 -0.000063 -0.002091 0.000010 0.000013 -0.006378 0.000563 -0.000318 0.205691 0.000332 -0.099752 0.000058 0.000526 -0.000020 0.000081 -0.000063 -0.000060 0.000973 0.000034 0.000057 -0.008584 -0.000098 0.000001 -0.000035 0.000004 0.000163 -0.000023 -0.000006 -0.000034 0.000029 -0.001422 0.000114 -0.010409 -0.000011 -0.000066 0.000062 -0.003900
-0.010141 -0.005725 -0.000004 -0.165139 0.123703 0.000064 -0.000048 0.000127 0.000060 -0.000038 0.000030 -0.000028 0.000100 -0.386913 -0.000043 -0.005510 0.000038 0.000007 0.507208 -0.000131 -0.002077 -0.000022 0.000009 -0.144225 0.000046 -0.000030 0.343809 0.000435 -0.204363 0.000076 0.000343 -0.000043 -0.000036 -0.000136 -0.000011 0.000809 -0.000023 -0.000219 -0.008187 -0.000051 -0.000009 -0.000130 0.000023 0.000086 0.000049 -0.000008 -0.000042 -0.000032 -0.001031 0.000100 -0.010739 -0.000091 -0.000111 0.000092 -0.004527
-0.005852 -0.004041 -0.000011 -0.117394 0.140046 -0.000020 0.000014 0.000134 0.000040 -0.000021 0.000168 0.000018 0.000043 -0.277155 0.000045 -0.003686 -0.000004 -0.000003 0.336763 -0.000232 -0.001979 0.000039 -0.000037 -0.036547 0.000440 -0.000040 0.143754 0.000207 -0.340340 0.000004 0.000231 -0.000046 0.000255 0.000022 -0.000007 0.000576 -0.000009 -0.000086 -0.007798 -0.000090 -0.000003 0.000038 0.000026 0.000051 0.000009 0.000166 0.000054 0.000065 -0.000536 0.000039 -0.010252 -0.000100 -0.000049 0.000028 -0.003949
-0.014218 0.018044 0.000011 0.134205 0.226826 -0.000033 -0.000010 0.000072 -0.000003 0.000022 0.000165 0.000007 0.000025 -0.156739 0.000018 0.000735 -0.000024 0.000012 0.297884 0.000043 -0.001780 0.000049 0.000026 -0.207222 0.000064 -0.000034 0.180376 0.000467 -0.586724 0.000036 -0.000059 -0.000089 0.000055 0.000079 -0.000043 0.000905 0.000006 -0.000067 -0.008258 -0.000188 -0.000001 -0.000072 -0.000003 -0.000035 -0.000077 0.000132 0.000027 -0.000006 -0.000491 0.000062 -0.009599 0.000092 0.000087 -0.000052 -0.003002
-0.025962 0.043381 -0.000006 0.189534 0.244194 -0.000019 -0.000004 0.000182 -0.000054 0.000030 0.000063 0.000027 -0.000058 -0.091072 -0.000017 0.007777 -0.000027 -0.000033 0.083975 -0.000021 -0.001669 0.000082 -0.000016 -0.265301 0.000776 -0.000154 0.071981 0.000473 -0.609458 -0.000146 0.000452 0.000078 0.000139 0.000112 0.000117 0.000724 0.000045 0.000100 -0.007955 -0.000065 0.000000 0.000019 -0.000076 -0.000110 0.000050 0.000064 -0.000008 0.000038 -0.000688 0.000058 -0.009683 -0.000041 -0.000048 0.000240 -0.002033
-0.006438 0.016920 -0.000018 0.436383 0.106213 -0.000022 0.000038 -0.000015 0.000059 -0.000018 0.000121 0.000036 0.000110 -0.007213 -0.000034 0.008331 0.000008 -0.000035 -0.152344 0.000070 -0.001586 -0.000005 -0.000013 -0.418683 0.000326 -0.000164 -0.110279 0.000438 -0.637464 0.000063 0.000569 -0.000030 0.000206 0.000029 0.000086 0.000949 0.000013 -0.000072 -0.008016 -0.000108 0.000003 0.000001 -0.000039 0.000024 -0.000022 -0.000106 -0.000022 -0.000012 -0.001591 0.000000 -0.010380 0.000027 0.000072 0.000089 -0.001587
-0.006770 0.013252 0.000012 0.613899 0.188559 -0.000017 -0.000019 0.000130 -0.000019 0.000119 0.000110 -0.000019 -0.000158 -0.106216 0.000026 0.004971 -0.000048 0.000015 -0.177832 0.000114 -0.002053 -0.000029 -0.000036 -0.423941 0.000058 -0.000086 -0.046268 0.000466 -0.360589 0.000041 -0.000106 -0.000021 0.000109 -0.000025 -0.000089 0.000625 -0.000005 -0.000042 -0.007819 0.000065 0.000000 0.000013 -0.000078 -0.000213 -0.000034 0.000261 0.000009 -0.000007 -0.002118 -0.000049 -0.010277 0.000076 -0.000013 -0.000103 -0.000927
-0.006928 -0.001340 -0.000018 0.738910 0.130398 -0.000018 0.000034 0.000142 -0.000008 -0.000049 -0.000052 -0.000027 0.000032 0.128698 0.000025 -0.001716 0.000030 -0.000003 -0.247736 -0.000099 -0.001833 0.000006 0.000039 -0.386483 -0.000173 -0.000017 -0.024237 0.000176 -0.319225 -0.000010 0.000292 -0.000025 0.000074 0.000069 0.000095 0.000716 0.000009 -0.000124 -0.008265 0.000021 0.000002 -0.000006 0.000089 0.000012 -0.000007 0.000214 0.000005 0.000159 -0.001360 -0.000019 -0.010830 0.000153 -0.000032 0.000062 -0.002122
-0.006958 -0.001196 -0.000011 0.706735 0.101795 -0.000024 0.000051 0.000152 0.000099 -0.000019 0.000045 -0.000038 0.000027 0.104216 0.000031 -0.001518 -0.000030 0.000011 -0.386002 -0.000042 -0.001598 0.000018 0.000011 -0.107974 0.000640 -0.000041 0.064365 0.000240 -0.166175 0.000146 -0.000016 -0.000038 0.000056 0.000067 -0.000084 0.000807 -0.000004 0.000058 -0.008407 0.000014 -0.000002 -0.000014 0.000027 0.000158 -0.000032 0.000044 0.000014 -0.000095 -0.000402 -0.000060 -0.010753 0.000154 0.000043 0.000062 -0.001784
-0.007090 0.017867 -0.000003 0.603812 0.182046 0.000052 -0.000007 0.000127 -0.000024 0.000046 0.000110 0.000008 -0.000016 0.004599 0.000012 0.012528 -0.000013 -0.000017 -0.299787 -0.000122 -0.000842 -0.000007 0.000026 -0.035303 0.000428 -0.000158 0.098316 0.000151 -0.067591 0.000025 0.000241 -0.000003 0.000121 -0.000078 0.000090 0.000996 0.000025 0.000112 -0.008281 -0.000112 0.000013 -0.000034 0.000045 0.000047 -0.000053 0.000121 0.000005 0.000063 0.000727 -0.000047 -0.010618 0.000057 -0.000075 -0.000072 -0.002533
-0.007607 0.061607 -0.000013 0.639130 0.252099 -0.000003 0.000063 0.000059 -0.000006 -0.000083 0.000007 0.000033 -0.000037 0.204196 -0.000007 0.052946 0.000025 0.000077 -0.589889 -0.000125 -0.000165 0.000012 0.000018 0.002804 -0.000004 -0.000060 -0.088974 0.000397 -0.057685 0.000043 0.000335 -0.000037 0.000170 -0.000012 -0.000002 0.000812 0.000006 0.000016 -0.008408 0.000065 -0.000006 -0.000034 -0.000186 0.000044 -0.000008 0.000121 0.000015 0.000053 0.001013 -0.000009 -0.010089 -0.000096 -0.000040 -0.000043 -0.002278
-0.008028 0.087745 -0.000007 0.493960 0.194422 -0.000012 0.000066 0.000107 0.000033 -0.000083 0.000308 -0.000002 -0.000028 0.247225 0.000002 0.077642 -0.000014 0.000002 -0.809884 -0.000019 0.020103 -0.000000 0.000010 0.061114 0.000111 -0.000164 0.012362 0.000379 -0.151635 -0.000097 0.000697 0.000061 0.000026 0.000082 -0.000024 0.001240 -0.000008 -0.000015 -0.008711 -0.000040 0.000001 -0.000014 0.000025 -0.000082 -0.000021 0.000293 -0.000049 -0.000061 0.001265 -0.000015 -0.009506 0.000025 -0.000083 -0.000053 -0.002430
-0.008640 0.098709 0.000014 0.531360 0.432761 0.000021 -0.000040 0.000124 -0.000072 -0.000041 -0.000042 -0.000033 -0.000007 0.407393 -0.000029 0.080027 -0.000041 -0.000027 -0.911946 -0.000245 0.020118 -0.000011 0.000063 0.042717 0.000260 -0.000053 -0.117852 0.000441 -0.150044 -0.000034 -0.000080 0.000052 0.000025 -0.000004 -0.000044 0.000807 -0.000007 -0.000092 -0.008304 0.000040 0.000001 -0.000074 0.000037 -0.000066 0.000019 -0.000009 -0.000017 -0.000006 0.000665 0.000081 -0.009711 0.000044 -0.000007 -0.000035 -0.002276
-0.008773 0.076937 -0.000025 0.466446 0.459337 0.000016 -0.000098 0.000116 -0.000055 0.000060 0.000292 -0.000048 0.000036 0.467859 -0.000013 0.070278 -0.000077 0.000099 -0.879317 -0.000115 0.008784 0.000008 -0.000001 0.044043 0.000532 -0.000075 -0.112533 0.000379 -0.035762 0.000013 0.000609 -0.000024 0.000035 -0.000005 -0.000012 0.000774 0.000028 0.000183 -0.008295 0.000047 -0.000000 -0.000008 0.000070 0.000035 0.000020 0.000219 0.000007 0.000050 0.000711 0.000053 -0.009848 -0.000037 -0.000005 0.000074 -0.001881
-0.009015 0.031281 0.000008 0.275652 0.219480 -0.000025 -0.000004 0.000121 0.000029 -0.000092 0.000068 0.000013 0.000066 0.529930 -0.000016 0.035603 -0.000017 -0.000003 -0.914311 0.000026 -0.000331 0.000017 0.000043 -0.093168 0.000221 -0.000059 -0.023778 0.000303 0.019326 -0.000029 0.000654 0.000024 0.000131 -0.000020 0.000139 0.000968 0.000002 -0.000082 -0.009349 -0.000065 0.000001 -0.000059 -0.000131 0.000015 -0.000042 0.000072 -0.000029 -0.000034 0.000190 -0.000042 -0.009784 0.000004 -0.000091 0.000041 -0.002225
-0.009129 0.013413 -0.000016 0.142225 0.087170 0.000023 0.000063 0.000011 0.000058 0.000047 0.000134 -0.000013 0.000046 0.634497 -0.000016 0.012267 -0.000004 0.000050 -0.695394 -0.000200 -0.000833 -0.000032 0.000038 0.005099 0.000441 -0.000176 -0.043756 0.000340 0.052173 -0.000198 0.000363 0.000098 0.000175 0.000035 0.000059 0.001040 -0.000004 -0.000095 -0.008614 0.000044 0.000007 -0.000050 -0.000025 0.000003 -0.000014 -0.000033 0.000031 -0.000067 0.001334 0.000019 -0.009520 0.000012 0.000005 0.000102 -0.002119
-0.009346 0.017560 0.000022 0.013543 0.023655 -0.000011 -0.000123 0.000091 -0.000020 0.000018 0.000233 0.000018 0.000017 0.394841 0.000027 0.000238 -0.000002 0.000015 -0.629217 -0.000051 -0.001103 -0.000012 0.000008 0.228048 -0.000140 -0.000114 0.006940 0.000390 0.263422 -0.000073 0.000040 0.000025 -0.000028 0.000022 0.000039 0.001043 -0.000004 0.000050 -0.008871 -0.000091 0.000001 0.000067 -0.000038 -0.000054 0.000010 0.000125 0.000001 0.000119 0.002376 -0.000065 -0.009372 -0.000040 -0.000044 0.000030 -0.002486
-0.009205 0.000214 -0.000023 -0.044855 -0.183125 -0.000032 -0.000015 0.000003 0.000017 -0.000067 0.000095 0.000045 -0.000089 0.511708 0.000111 -0.000606 0.000000 0.000023 -0.494826 -0.000130 -0.001213 -0.000001 0.000011 0.290596 0.000465 -0.000126 0.082093 0.000192 0.342933 0.000194 0.000228 -0.000033 0.000202 0.000073 0.000078 0.001052 0.000044 -0.000064 -0.008926 0.000041 0.000002 0.000106 0.000038 -0.000009 0.000036 -0.000075 -0.000030 -0.000029 0.003699 -0.000115 -0.009367 -0.000100 0.000008 0.000006 -0.002502
-0.009001 0.014139 0.000005 -0.262492 -0.356087 -0.000019 0.000047 0.000065 -0.000020 -0.000059 -0.000022 -0.000047 -0.000016 0.435307 0.000100 0.027659 -0.000042 0.000134 -0.624806 -0.000039 -0.000971 0.000009 0.000001 0.178753 0.000111 -0.000247 -0.027526 0.000028 0.232310 -0.000058 -0.000074 0.000055 0.000186 0.000037 0.000014 0.000866 0.000045 -0.000017 -0.008948 0.000066 0.000000 -0.000040 -0.000024 -0.000055 0.000068 0.000267 0.000011 -0.000012 0.004195 0.000025 -0.009218 -0.000021 -0.000013 -0.000090 -0.003423
-0.008623 0.065035 0.000009 -0.358717 -0.569286 -0.000020 0.000003 0.000129 -0.000018 -0.000012 0.000211 -0.000011 0.000011 0.183197 0.000015 0.079346 0.000046 -0.000029 -0.685408 -0.000220 0.007212 -0.000026 0.000006 0.356290 0.000114 -0.000078 -0.194201 -0.000234 0.301739 0.000016 0.000716 -0.000002 0.000095 0.000030 0.000111 0.000987 -0.000016 0.000024 -0.008942 -0.000027 -0.000004 -0.000094 0.000022 -0.000074 -0.000009 0.000054 0.000028 -0.000021 0.003976 -0.000058 -0.009548 -0.000067 -0.000022 0.000063 -0.004034
-0.008340 0.109659 -0.000001 -0.479578 -0.571212 0.000018 -0.000005 0.000132 -0.000000 -0.000017 0.000236 -0.000010 -0.000016 0.146128 -0.000021 0.106751 -0.000002 0.000096 -0.543814 -0.000061 0.027491 0.000043 -0.000004 0.301338 0.000171 -0.000263 -0.224580 -0.000027 0.167644 0.000115 0.000234 -0.000022 0.000153 0.000008 0.000003 0.000867 -0.000007 -0.000140 -0.009210 -0.000020 0.000001 0.000004 -0.000036 -0.000011 0.000012 0.000027 -0.000007 0.000019 0.004009 -0.000010 -0.008901 -0.000013 -0.000095 -0.000051 -0.003523
-0.027292 0.104195 0.000011 -0.515531 -0.751174 -0.000011 0.000032 0.000105 -0.000015 0.000018 -0.000006 -0.000008 0.000033 0.130521 -0.000056 0.078128 -0.000029 -0.000029 -0.307308 0.000081 0.027464 -0.000001 -0.000035 0.456180 0.000743 -0.000222 -0.173777 -0.000118 0.276201 -0.000077 0.000368 0.000031 0.000015 -0.000019 -0.000061 0.001021 0.000015 0.000116 -0.008675 0.000026 0.000013 0.000012 0.000026 0.000069 0.000151 0.000000 -0.000058 0.000076 0.003502 -0.000043 -0.008643 -0.000060 -0.000013 0.000241 -0.003509
-0.007615 0.064440 0.000004 -0.325587 -0.503291 -0.000016 -0.000002 0.000064 0.000058 -0.000003 0.000044 0.000011 0.000033 -0.058499 -0.000005 0.045788 0.000050 -0.000034 -0.054139 0.000070 0.002081 -0.000013 -0.000027 0.530744 0.000509 -0.000159 -0.115523 0.000350 0.280701 -0.000067 0.000409 0.000048 -0.000045 -0.000004 -0.000023 0.001322 0.000003 -0.000095 -0.009204 0.000087 0.000002 -0.000038 0.000017 0.000035 0.000036 0.000036 -0.000029 -0.000025 0.001565 0.000093 -0.008899 -0.000023 0.000048 0.000267 -0.003686
-0.016909 0.021742 0.000012 -0.360988 -0.462001 -0.000015 -0.000124 0.000092 -0.000021 -0.000097 0.000089 -0.000019 0.000025 -0.084820 0.000053 0.015074 -0.000058 -0.000048 0.083078 -0.000046 -0.000574 -0.000057 0.000010 0.734099 0.000400 -0.000273 0.040142 0.000381 0.197679 -0.000064 0.000506 -0.000026 0.000018 -0.000025 0.000136 0.001096 0.000012 0.000024 -0.008906 -0.000014 -0.000000 0.000049 0.000092 0.000048 0.000124 0.000124 -0.000017 0.000058 -0.000093 -0.000033 -0.008540 0.000010 0.000015 -0.000054 -0.003822
-0.017644 0.036659 -0.000010 -0.342144 -0.499281 0.000019 0.000041 0.000032 -0.000019 -0.000018 -0.000147 0.000010 0.000174 -0.201913 -0.000051 0.028393 0.000003 -0.000014 0.253034 -0.000096 -0.000444 0.000000 -0.000035 0.639152 0.000361 -0.000068 -0.120341 0.000404 0.118003 -0.000047 0.000660 -0.000046 0.000046 0.000030 0.000022 0.000996 -0.000002 -0.000049 -0.008845 -0.000039 0.000002 0.000088 -0.000006 -0.000046 0.000050 0.000082 -0.000015 -0.000052 -0.000902 0.000065 -0.009431 -0.000043 -0.000000 -0.000041 -0.003909
-0.027636 0.087362 -0.000006 -0.357911 -0.513821 0.000101 0.000018 0.000039 0.000037 -0.000021 -0.000059 0.000015 0.000022 -0.135628 -0.000065 0.070562 -0.000013 -0.000021 0.223279 -0.000043 0.009387 0.000043 0.000018 0.738638 0.000869 -0.000098 -0.178598 0.000369 -0.228234 -0.000013 0.000264 -0.000003 -0.000082 0.000029 0.000067 0.000859 0.000002 0.000018 -0.008731 0.000065 -0.000005 0.000016 -0.000069 0.000049 -0.000089 -0.000065 -0.000013 -0.000045 0.000216 -0.000064 -0.009561 -0.000099 0.000031 0.000010 -0.003871
-0.007914 0.081231 0.000014 -0.322739 -0.360883 0.000016 0.000022 0.000093 -0.000027 -0.000082 0.000132 -0.000013 0.000050 -0.280950 0.000008 0.062859 -0.000018 -0.000052 0.402835 -0.000213 0.015625 -0.000095 0.000017 0.685087 0.000411 -0.000075 0.047856 0.000364 -0.540793 -0.000023 0.000745 0.000121 0.000046 -0.000009 0.000013 0.001138 -0.000019 -0.000073 -0.008564 0.000033 0.000005 -0.000043 0.000064 -0.000046 0.000094 0.000036 0.000015 -0.000062 0.001880 -0.000116 -0.009781 -0.000089 0.000038 -0.000087 -0.004232
-0.022779 0.112977 0.000005 -0.207084 -0.521340 0.000005 -0.000015 0.000092 -0.000020 0.000031 0.000250 -0.000003 0.000037 -0.123225 -0.000037 0.088436 0.000031 0.000024 0.413386 -0.000082 0.017656 -0.000083 0.000005 0.502598 0.000073 -0.000199 0.088468 0.000472 -0.714111 0.000023 0.000584 0.000049 0.000117 -0.000154 0.000030 0.001306 0.000014 -0.000141 -0.008524 0.000097 -0.000004 0.000031 -0.000026 0.000074 -0.000018 0.000059 0.000048 -0.000061 0.003870 0.000006 -0.009981 0.000043 0.000144 0.000092 -0.003308
-0.008837 0.095720 0.000000 -0.177346 -0.402796 -0.000004 -0.000052 0.000020 0.000060 0.000048 0.000037 0.000031 -0.000065 -0.052991 0.000010 0.059105 0.000052 -0.000020 0.310409 -0.000130 0.013675 -0.000027 -0.000004 0.171381 0.000424 -0.000172 0.147506 0.000345 -0.511817 0.000087 0.000341 0.000031 -0.000001 0.000074 0.000075 0.001083 0.000012 0.000064 -0.008355 0.000030 -0.000004 -0.000046 0.000005 -0.000069 0.000028 -0.000061 0.000007 0.000056 0.005699 -0.000031 -0.009741 -0.000010 0.000055 -0.000036 -0.003568
-0.016928 0.054003 0.000004 0.047473 -0.369144 -0.000102 0.000039 -0.000025 0.000026 0.000048 0.000018 -0.000039 -0.000022 -0.185173 -0.000027 0.045259 0.000013 0.000050 0.439449 -0.000012 0.002574 0.000012 -0.000010 0.071136 0.000183 -0.000097 0.289402 0.000175 -0.489021 0.000034 -0.000004 -0.000076 0.000014 0.000037 0.000080 0.000891 -0.000007 -0.000034 -0.008348 0.000043 -0.000006 -0.000046 0.000022 -0.000035 0.000020 0.000274 -0.000092 0.000080 0.006034 0.000028 -0.009730 0.000049 -0.000066 0.000136 -0.002897
-0.012206 0.029444 -0.000007 0.229439 -0.143386 -0.000015 -0.000127 0.000048 0.000018 0.000011 0.000021 -0.000028 -0.000022 -0.200238 -0.000021 0.022341 -0.000025 0.000019 0.554585 -0.000053 0.000043 0.000010 -0.000027 -0.035551 0.000228 -0.000208 0.268597 0.000405 -0.450030 0.000010 -0.000111 0.000056 0.000047 0.000024 -0.000079 0.001081 -0.000028 -0.000143 -0.008841 0.000033 -0.000003 0.000016 0.000019 -0.000026 -0.000056 0.000159 0.000022 -0.000041 0.005245 -0.000074 -0.009611 0.000014 -0.000001 -0.000026 -0.002462
-0.008622 0.016449 -0.000004 0.402341 -0.144808 0.000032 0.000019 0.000111 -0.000005 -0.000018 0.000078 0.000018 -0.000054 -0.267670 0.000007 0.010947 0.000040 0.000063 0.428110 -0.000139 -0.000137 -0.000040 -0.000035 -0.190279 0.000137 -0.000159 0.230518 0.000507 -0.149228 0.000079 0.000697 -0.000009 0.000045 -0.000051 -0.000127 0.000943 0.000033 -0.000033 -0.008786 -0.000128 0.000001 0.000051 -0.000159 0.000058 -0.000038 0.000093 0.000024 0.000004 0.005223 -0.000092 -0.010152 0.000059 -0.000094 0.000105 -0.002248
-0.008487 0.039425 -0.000010 0.379053 -0.041813 -0.000004 -0.000075 -0.000005 0.000036 0.000033 0.000082 0.000012 -0.000046 -0.256153 -0.000034 0.029032 0.000014 -0.000034 0.401627 -0.000127 0.000154 -0.000023 0.000004 -0.335049 0.000237 -0.000141 0.102757 0.000371 -0.257562 0.000003 0.000145 0.000005 0.000259 -0.000047 0.000018 0.001031 -0.000009 0.000028 -0.008460 -0.000028 0.000002 0.000004 0.000078 0.000068 -0.000114 0.000231 0.000005 0.000089 0.004098 -0.000016 -0.010196 -0.000031 -0.000008 -0.000029 -0.002854
-0.008032 0.042959 -0.000010 0.431596 0.015534 -0.000101 0.000095 0.000036 0.000019 0.000048 -0.000024 -0.000015 0.000014 -0.410298 0.000023 0.034133 0.000021 -0.000053 0.471465 0.000123 0.000194 0.000028 0.000049 -0.394120 0.000217 -0.000124 -0.056181 0.000484 -0.015459 0.000009 0.000404 0.000075 0.000050 -0.000093 -0.000074 0.001206 -0.000010 0.000022 -0.008328 0.000056 -0.000002 0.000000 0.000030 -0.000005 -0.000051 -0.000011 0.000020 0.000028 0.002540 -0.000062 -0.010516 0.000025 0.000045 0.000093 -0.002401
-0.007505 0.058616 0.000005 0.454796 0.209307 0.000046 0.000048 0.000155 -0.000020 -0.000074 0.000089 0.000005 -0.000044 -0.326306 -0.000036 0.047279 0.000045 0.000100 0.329638 -0.000082 0.000084 -0.000086 0.000001 -0.443544 0.000446 -0.000204 -0.044371 0.000389 0.048901 -0.000030 0.000071 0.000011 0.000194 -0.000008 0.000075 0.000977 -0.000009 -0.000019 -0.008374 -0.000027 0.000000 -0.000081 -0.000066 0.000041 0.000017 0.000067 0.000014 -0.000078 0.000383 -0.000008 -0.010858 0.000066 -0.000086 0.000066 -0.001368
0.000000 0.053809 0.000029 0.532197 0.376312 -0.000044 0.000035 0.000113 0.000035 -0.000015 0.000189 0.000010 0.000178 -0.414541 0.000007 0.040517 0.000012 -0.000054 0.315667 0.000055 -0.000192 0.000019 0.000003 -0.531916 0.000222 -0.000214 -0.208798 0.000398 -0.024552 0.000094 0.000349 0.000046 0.000165 0.000072 0.000001 0.000865 -0.000003 -0.000100 -0.008072 0.000064 -0.000003 -0.000017 -0.000064 0.000038 -0.000035 0.000274 -0.000018 -0.000092 -0.000376 -0.000048 -0.010038 -0.000077 -0.000177 0.000066 -0.002303
0.000000 0.018948 -0.000030 0.474643 0.372183 0.000039 -0.000021 -0.000016 0.000040 0.000028 0.000082 0.000067 0.000030 -0.358513 -0.000067 0.010622 -0.000017 0.000019 0.251656 0.000038 -0.000554 0.000026 -0.000000 -0.445874 0.000076 -0.000110 -0.165537 0.000506 0.069815 -0.000043 0.000565 0.000030 0.000186 -0.000010 -0.000046 0.000988 0.000024 0.000172 -0.008165 -0.000058 0.000001 0.000026 0.000042 0.000267 -0.000032 0.000039 -0.000025 0.000004 -0.000576 -0.000022 -0.009722 0.000100 -0.000047 -0.000140 -0.001676
0.011162 0.029627 -0.000005 0.477931 0.434751 -0.000013 0.000009 0.000048 -0.000005 -0.000003 -0.000008 0.000034 -0.000031 -0.228976 0.000013 0.024613 -0.000008 -0.000042 -0.008632 0.000046 -0.000517 -0.000042 -0.000002 -0.427820 0.000510 -0.000049 -0.173954 0.000461 0.190037 -0.000135 -0.000146 0.000104 0.000033 0.000032 -0.000037 0.000983 0.000002 -0.000079 -0.008077 0.000116 0.000004 0.000007 -0.000002 0.000114 -0.000020 0.000100 -0.000010 -0.000031 0.000325 -0.000016 -0.008919 -0.000060 -0.000088 -0.000085 -0.001768
0.037289 0.003183 -0.000000 0.378725 0.742038 0.000021 -0.000079 0.000096 -0.000049 -0.000032 0.000083 0.000023 0.000022 -0.020365 0.000029 0.001010 -0.000006 0.000104 0.062736 -0.000151 -0.001082 -0.000010 0.000013 -0.490204 0.000223 -0.000122 -0.121220 0.000393 0.463558 0.000060 0.000009 -0.000066 0.000152 -0.000089 -0.000032 0.001028 -0.000001 0.000082 -0.007926 0.000048 -0.000004 -0.000065 -0.000100 0.000133 -0.000024 0.000187 -0.000014 -0.000030 0.001213 0.000085 -0.008424 -0.000035 0.000086 0.000076 -0.001881
0.040029 -0.000094 -0.000000 0.309281 0.614705 0.000022 -0.000008 0.000098 0.000001 0.000018 0.000102 0.000038 0.000025 0.080190 -0.000009 -0.000474 0.000073 -0.000048 -0.093512 -0.000023 -0.001156 -0.000027 -0.000002 -0.499970 0.000095 -0.000220 -0.257854 0.000314 0.697367 -0.000063 -0.000054 -0.000053 0.000046 0.000037 -0.000094 0.001208 0.000005 0.000050 -0.007752 0.000034 -0.000003 -0.000016 -0.000051 0.000061 -0.000030 -0.000111 0.000029 -0.000001 0.001836 0.000080 -0.008350 -0.000005 -0.000037 -0.000100 -0.002195
0.067172 0.007089 -0.000010 0.330857 0.483896 0.000014 -0.000013 0.000122 -0.000043 -0.000173 0.000242 -0.000002 0.000060 0.233931 -0.000006 -0.000626 0.000014 0.000008 -0.097775 0.000108 -0.001086 0.000004 -0.000016 -0.490011 0.000120 -0.000049 -0.391796 0.000297 0.651036 0.000086 0.000364 -0.000120 0.000045 0.000131 -0.000020 0.001310 -0.000009 0.000011 -0.007921 -0.000044 0.000001 0.000046 -0.000000 -0.000175 -0.000024 0.000130 -0.000094 -0.000017 0.002680 0.000013 -0.008636 0.000006 -0.000031 0.000161 -0.002362
0.036662 0.042801 -0.000007 0.231516 0.207700 -0.000006 -0.000037 0.000043 0.000052 0.000025 -0.000084 0.000012 0.000149 0.310720 0.000015 0.032993 -0.000011 0.000003 -0.297759 0.000084 -0.000304 0.000040 -0.000014 -0.633329 0.000524 -0.000147 -0.373031 0.000091 0.787419 0.000030 0.000207 0.000023 0.000154 -0.000043 0.000126 0.001196 -0.000020 -0.000133 -0.007802 0.000044 0.000001 -0.000067 0.000027 0.000104 0.000020 0.000095 0.000053 -0.000062 0.004292 -0.000028 -0.007324 0.000050 -0.000013 0.000017 -0.002383
0.028011 0.108942 -0.000023 0.135676 0.062110 -0.000061 -0.000040 0.000044 -0.000014 0.000027 0.000009 -0.000002 0.000002 0.240978 -0.000024 0.072362 -0.000068 0.000018 -0.374045 0.000058 0.014746 -0.000039 -0.000005 -0.587402 -0.000153 -0.000245 -0.476414 -0.000085 0.692212 -0.000003 0.000382 0.000026 0.000018 -0.000045 -0.000005 0.001304 -0.000028 -0.000128 -0.008225 -0.000041 0.000006 0.000028 0.000051 0.000110 -0.000065 -0.000022 0.000063 -0.000015 0.005902 -0.000093 -0.007480 0.000149 -0.000010 -0.000061 -0.001997
0.002930 0.156452 -0.000007 0.117812 -0.312983 0.000063 0.000038 0.000116 0.000038 -0.000042 0.000112 -0.000042 -0.000009 0.198582 0.000035 0.122434 0.000012 -0.000034 -0.531033 -0.000255 0.033385 -0.000001 -0.000023 -0.484172 0.000422 -0.000327 -0.252935 0.000263 0.630694 0.000148 0.000253 0.000107 0.000182 -0.000007 -0.000042 0.001230 -0.000012 0.000120 -0.007783 0.000079 0.000002 0.000068 0.000009 -0.000023 0.000088 0.000008 -0.000020 -0.000050 0.006502 -0.000071 -0.007361 0.000030 0.000042 -0.000022 -0.002452
-0.002850 0.127079 -0.000007 0.135541 -0.297414 -0.000037 -0.000012 0.000149 0.000006 -0.000094 0.000035 0.000029 -0.000085 0.018992 0.000039 0.115910 0.000031 -0.000040 -0.511357 -0.000091 0.041723 0.000028 -0.000040 -0.422875 0.000403 -0.000057 -0.167750 0.000177 0.651225 -0.000015 0.000182 0.000013 0.000034 0.000020 -0.000001 0.000998 0.000005 0.000005 -0.007923 0.000033 0.000002 -0.000045 -0.000016 -0.000026 -0.000041 0.000115 0.000029 0.000081 0.006455 0.000091 -0.007342 0.000040 -0.000044 -0.000074 -0.002232
-0.005537 0.149381 -0.000017 -0.011447 -0.348564 -0.000045 0.000032 0.000105 0.000006 0.000048 0.000039 0.000008 0.000026 -0.340010 -0.000017 0.118425 0.000146 0.000048 -0.227294 -0.000114 0.037111 0.000004 0.000025 -0.410155 0.000902 -0.000254 -0.036031 0.000192 0.633060 -0.000060 0.000566 0.000061 0.000171 -0.000038 -0.000044 0.001219 -0.000002 -0.000135 -0.008071 0.000034 -0.000001 -0.000028 -0.000051 0.000038 -0.000048 0.000237 -0.000020 0.000020 0.004920 0.000026 -0.007554 0.000017 0.000087 0.000037 -0.002179
-0.006374 0.111794 -0.000012 0.011606 -0.108820 0.000016 0.000035 0.000108 0.000030 -0.000020 0.000146 -0.000025 0.000047 -0.251180 0.000018 0.110355 -0.000031 0.000117 -0.034806 0.000116 0.030839 -0.000048 0.000004 -0.245387 0.000375 -0.000122 0.111059 -0.000302 0.787292 0.000086 0.000249 -0.000076 0.000053 0.000044 -0.000075 0.000862 -0.000010 -0.000096 -0.007900 -0.000001 0.000002 -0.000045 0.000008 -0.000129 0.000038 0.000146 -0.000054 0.000157 0.004669 -0.000038 -0.008635 0.000010 0.000039 0.000176 -0.001981
-0.007276 0.118739 -0.000031 -0.081623 0.066280 0.000064 -0.000037 0.000024 -0.000036 0.000027 0.000050 -0.000034 0.000105 -0.330860 0.000075 0.097708 -0.000027 0.000073 0.085665 -0.000075 0.039926 -0.000009 0.000019 -0.007101 0.000412 -0.000081 0.180304 -0.000538 0.688785 0.000093 -0.000150 0.000020 0.000062 -0.000047 0.000007 0.000958 -0.000000 0.000080 -0.007870 -0.000087 -0.000000 0.000097 -0.000088 -0.000034 0.000074 0.000042 -0.000005 0.000050 0.003901 0.000015 -0.008873 0.000030 -0.000030 -0.000074 -0.001981
-0.009286 0.130815 -0.000002 -0.142671 0.098362 0.000014 -0.000043 0.000037 -0.000033 0.000038 0.000249 -0.000000 0.000087 -0.098595 -0.000022 0.132517 -0.000088 -0.000021 0.157966 -0.000090 0.044141 -0.000019 0.000015 0.069072 -0.000269 -0.000130 0.082736 -0.000605 0.414339 -0.000300 0.000283 0.000024 -0.000019 -0.000036 -0.000080 0.000671 -0.000040 0.000010 -0.008434 -0.000041 -0.000001 0.000016 -0.000054 -0.000131 0.000058 -0.000143 0.000013 -0.000083 0.004004 0.000018 -0.008696 0.000029 0.000088 -0.000093 -0.002476
-0.031310 0.153216 0.000001 -0.240998 0.048377 -0.000062 0.000042 0.000055 0.000027 -0.000068 0.000163 0.000038 0.000012 -0.294808 -0.000016 0.146537 -0.000003 -0.000048 0.052138 -0.000099 0.049725 0.000025 -0.000001 0.075601 0.000089 -0.000078 0.242853 -0.000754 0.427824 0.000033 0.000068 -0.000017 0.000001 0.000109 -0.000040 0.000846 0.000014 -0.000227 -0.008255 0.000067 -0.000008 0.000043 -0.000035 0.000104 0.000015 0.000000 0.000045 0.000025 0.003796 -0.000066 -0.009300 0.000113 -0.000012 -0.000077 -0.002828
-0.040671 0.176488 0.000006 -0.339269 0.002926 0.000003 0.000062 -0.000017 0.000042 -0.000049 0.000033 -0.000022 0.000061 -0.326580 0.000006 0.171293 0.000008 0.000076 0.153400 -0.000021 0.065867 0.000025 -0.000012 0.141324 0.000351 -0.000212 0.206559 -0.000722 0.412896 -0.000092 -0.000275 -0.000031 0.000035 0.000028 0.000068 0.000899 0.000012 0.000034 -0.007860 0.000046 -0.000014 -0.000011 0.000003 0.000030 -0.000057 0.000029 0.000013 0.000115 0.003722 -0.000085 -0.009302 -0.000029 0.000004 0.000116 -0.002836
-0.025969 0.189063 0.000005 -0.439860 -0.213295 0.000031 -0.000018 0.000010 0.000039 0.000018 0.000148 0.000018 -0.000012 -0.160259 -0.000112 0.178044 0.000018 0.000079 0.073049 -0.000138 0.071327 -0.000026 -0.000025 0.108746 -0.000282 -0.000118 0.347247 -0.000522 0.240010 0.000017 -0.000168 0.000094 0.000170 -0.000096 -0.000035 0.001062 0.000015 0.000072 -0.007931 -0.000087 -0.000000 -0.000086 0.000076 -0.000057 -0.000057 0.000066 -0.000015 -0.000048 0.003605 -0.000004 -0.009729 0.000003 0.000001 -0.000082 -0.002567
-0.042835 0.186062 0.000013 -0.456843 -0.175460 0.000036 -0.000048 0.000039 -0.000057 0.000028 0.000317 0.000021 0.000051 -0.117827 0.000017 0.152891 0.000002 -0.000013 0.120774 -0.000054 0.065369 -0.000016 0.000018 -0.089370 0.000111 -0.000148 0.480438 -0.000334 0.241584 0.000200 0.000547 -0.000122 0.000164 0.000082 0.000139 0.000385 0.000018 -0.000093 -0.008063 -0.000024 0.000005 0.000018 -0.000066 0.000039 -0.000057 -0.000079 0.000055 0.000067 0.001672 -0.000068 -0.009799 -0.000034 0.000005 0.000076 -0.002443
-0.036093 0.180189 -0.000010 -0.390838 -0.176049 -0.000001 -0.000052 0.000005 0.000025 0.000047 -0.000006 -0.000019 -0.000009 -0.287721 0.000002 0.153399 0.000000 0.000003 0.012540 -0.000069 0.054497 -0.000008 0.000035 -0.028273 0.000040 -0.000191 0.607867 0.000189 0.082859 -0.000037 0.000616 0.000010 0.000016 -0.000048 -0.000046 0.000729 -0.000017 -0.000010 -0.007941 -0.000058 0.000004 -0.000027 -0.000063 -0.000219 -0.000042 -0.000025 0.000024 -0.000028 0.001308 -0.000027 -0.009915 0.000066 -0.000022 0.000144 -0.002304
-0.030802 0.138404 -0.000014 -0.272673 -0.155057 -0.000061 0.000077 0.000009 0.000052 0.000079 0.000137 -0.000027 0.000011 -0.128468 0.000013 0.111238 -0.000038 -0.000078 -0.039344 -0.000232 0.046068 -0.000015 -0.000007 -0.181353 0.000440 -0.000107 0.673496 0.000306 -0.114164 0.000081 0.000337 -0.000107 0.000022 -0.000031 -0.000154 0.001128 -0.000026 -0.000107 -0.007962 0.000062 0.000002 -0.000069 0.000030 -0.000008 -0.000035 0.000121 -0.000070 0.000059 0.001871 -0.000016 -0.009422 -0.000028 -0.000081 0.000116 -0.002640
-0.029497 0.121845 0.000011 -0.160988 -0.160793 -0.000077 0.000015 0.000110 -0.000023 -0.000008 0.000235 -0.000022 0.000006 -0.316769 0.000016 0.109645 0.000004 0.000000 0.082203 0.000142 0.031078 0.000009 0.000047 -0.269728 0.000494 -0.000109 0.739420 0.000308 -0.161898 -0.000060 0.000382 0.000024 0.000218 -0.000110 -0.000048 0.000643 -0.000027 -0.000067 -0.008412 -0.000030 -0.000002 0.000050 0.000005 -0.000023 0.000064 0.000099 0.000024 0.000022 0.002409 0.000076 -0.009906 0.000023 0.000013 -0.000038 -0.002483
-0.021610 0.114709 -0.000005 -0.176116 -0.320192 0.000026 -0.000004 0.000073 0.000004 -0.000120 -0.000040 -0.000014 0.000019 -0.322433 0.000029 0.090872 -0.000052 -0.000020 -0.054768 -0.000064 0.032110 -0.000024 0.000052 -0.081961 0.000372 -0.000180 0.659366 0.000410 -0.090394 -0.000030 0.000093 -0.000047 0.000046 -0.000034 -0.000052 0.000813 0.000051 -0.000147 -0.008951 0.000139 0.000002 0.000071 0.000109 0.000026 0.000030 -0.000243 -0.000001 -0.000027 0.002703 -0.000117 -0.009503 0.000058 -0.000003 -0.000132 -0.002606
-0.049096 0.085383 0.000002 -0.136855 -0.124297 0.000011 0.000021 0.000058 0.000008 -0.000051 -0.000074 -0.000018 -0.000033 -0.044644 -0.000005 0.077823 0.000006 0.000035 -0.061578 -0.000204 0.022872 0.000036 0.000004 -0.131312 0.000839 -0.000036 0.530001 0.000393 -0.197864 0.000048 0.000697 -0.000055 0.000163 -0.000070 -0.000057 0.000381 -0.000021 -0.000088 -0.007865 0.000001 -0.000007 0.000005 -0.000068 0.000067 0.000029 0.000212 -0.000015 0.000060 0.002374 0.000052 -0.010027 0.000052 -0.000057 0.000144 -0.002629
-0.063677 0.085050 -0.000018 -0.080424 -0.014654 -0.000006 -0.000126 0.000169 -0.000043 -0.000079 0.000108 -0.000001 -0.000187 -0.159278 -0.000050 0.086756 -0.000044 0.000035 0.000539 0.000067 0.025717 0.000027 0.000010 0.155253 0.000411 -0.000116 0.572645 0.000345 -0.384661 0.000001 0.000056 0.000063 0.000056 -0.000048 0.000096 0.000678 0.000003 0.000014 -0.007848 -0.000064 -0.000003 -0.000036 0.000019 -0.000040 0.000015 0.000013 0.000006 0.000096 0.001600 0.000045 -0.010111 -0.000100 -0.000130 -0.000058 -0.002759
-0.061604 0.080266 -0.000008 0.038068 0.055242 0.000001 -0.000020 -0.000018 0.000038 0.000039 -0.000031 -0.000010 0.000089 0.112656 0.000017 0.065282 0.000017 0.000056 -0.049527 -0.000012 0.016491 0.000014 -0.000037 0.189514 0.000184 -0.000126 0.404762 0.000259 -0.274645 0.000046 0.000377 0.000061 0.000107 -0.000106 -0.000012 0.000696 0.000006 0.000092 -0.008488 -0.000091 -0.000002 0.000090 -0.000013 -0.000008 0.000013 0.000204 0.000106 0.000015 0.001536 0.000005 -0.010401 0.000065 -0.000021 0.000060 -0.003029
-0.044581 0.069753 -0.000013 0.227082 0.047952 0.000040 0.000037 0.000136 -0.000016 -0.000048 0.000113 -0.000018 0.000001 0.114402 0.000055 0.075024 -0.000040 -0.000031 -0.224191 -0.000108 0.019349 -0.000009 -0.000019 0.332436 -0.000292 -0.000257 0.262939 -0.000146 -0.215144 -0.000054 0.000333 -0.000092 0.000024 -0.000028 0.000005 0.000981 0.000013 0.000021 -0.009180 0.000058 -0.000010 0.000089 0.000086 0.000074 0.000115 0.000034 0.000005 0.000062 0.001976 0.000086 -0.010312 0.000058 0.000060 -0.000141 -0.002364
-0.035426 0.062034 -0.000006 0.274078 0.021290 -0.000013 0.000046 0.000108 -0.000041 -0.000048 0.000063 -0.000020 -0.000028 0.018516 -0.000005 0.063968 0.000039 0.000062 -0.137532 0.000033 0.016468 -0.000017 0.000002 0.380268 0.000035 -0.000146 -0.052644 -0.000429 -0.375442 0.000200 0.000710 -0.000096 0.000034 0.000111 0.000134 0.000201 0.000000 -0.000034 -0.009178 -0.000048 -0.000005 0.000087 0.000006 0.000056 -0.000027 0.000134 -0.000016 -0.000073 0.002289 -0.000019 -0.010165 0.000095 -0.000020 -0.000024 -0.001524
-0.007328 0.064238 -0.000003 0.237999 0.033016 0.000031 0.000005 0.000108 0.000026 0.000054 0.000181 -0.000031 -0.000096 0.095287 0.000033 0.056085 0.000034 -0.000052 -0.070735 -0.000250 0.016429 0.000052 -0.000049 0.171201 -0.000076 -0.000128 -0.128599 -0.000518 -0.403785 0.000125 0.000543 -0.000031 0.000074 -0.000066 -0.000044 0.000779 0.000025 -0.000045 -0.007932 -0.000010 0.000002 -0.000016 0.000051 0.000102 -0.000007 0.000115 0.000002 0.000090 0.001762 0.000036 -0.010612 0.000116 0.000042 0.000108 -0.001546
-0.006514 0.075383 0.000023 0.270597 0.052534 -0.000044 -0.000061 0.000109 0.000028 -0.000092 0.000089 -0.000009 -0.000014 0.190940 -0.000023 0.047018 0.000017 0.000023 0.066166 -0.000247 0.008295 -0.000034 0.000025 0.003916 -0.000091 -0.000141 -0.351006 -0.000945 -0.297523 -0.000029 0.000574 -0.000052 0.000216 0.000149 0.000010 0.001027 0.000021 -0.000135 -0.008064 0.000071 -0.000003 0.000056 -0.000135 -0.000027 -0.000050 0.000183 -0.000018 -0.000028 0.002114 -0.000074 -0.010174 0.000094 0.000049 -0.000186 -0.001312
-0.006101 0.024652 0.000024 0.330162 0.363608 0.000017 0.000030 0.000110 -0.000015 -0.000092 0.000275 0.000012 -0.000004 0.233231 -0.000013 0.029126 0.000010 0.000022 0.168834 -0.000076 -0.000988 -0.000017 0.000027 -0.077112 0.000543 -0.000109 -0.334442 -0.000926 -0.284431 -0.000082 0.000386 0.000006 0.000048 -0.000028 -0.000167 0.000707 -0.000008 -0.000104 -0.008533 -0.000187 0.000006 -0.000043 -0.000141 0.000013 -0.000029 -0.000008 -0.000012 -0.000030 0.001598 0.000019 -0.010709 -0.000062 0.000017 -0.000029 -0.002315
-0.001148 0.005353 -0.000007 0.341296 0.358284 0.000040 -0.000004 0.000167 0.000049 -0.000072 -0.000006 0.000008 0.000116 0.295011 -0.000017 0.007158 0.000010 0.000003 0.031690 -0.000096 -0.001245 0.000012 -0.000019 -0.239325 -0.000101 -0.000291 -0.465178 -0.001217 -0.374711 0.000088 0.000413 0.000033 0.000088 -0.000067 0.000022 0.001078 0.000000 -0.000161 -0.008333 -0.000030 0.000012 0.000058 0.000001 -0.000036 -0.000005 0.000184 0.000024 -0.000025 0.002245 -0.000072 -0.010708 -0.000073 0.000060 0.000041 -0.001837
0.000001 0.002248 -0.000005 0.339498 0.391883 -0.000022 0.000063 0.000146 0.000054 0.000058 0.000111 0.000008 0.000001 0.254858 -0.000047 0.000876 0.000020 0.000084 0.115977 -0.000160 -0.001390 -0.000043 -0.000015 -0.158579 0.000607 -0.000260 -0.482879 -0.000932 -0.274798 -0.000051 0.000472 -0.000008 0.000055 -0.000005 0.000049 0.000998 0.000012 -0.000108 -0.008224 0.000039 0.000010 -0.000071 -0.000006 0.000038 0.000024 0.000162 -0.000016 -0.000105 0.001893 0.000061 -0.010945 0.000099 0.000105 0.000041 -0.002431
0.000001 0.027992 -0.000011 0.265371 0.285762 0.000003 0.000064 0.000122 -0.000054 -0.000066 0.000126 0.000030 0.000070 0.280951 0.000016 0.006423 0.000013 0.000029 -0.071375 -0.000147 -0.001225 0.000011 -0.000023 -0.226235 0.000721 -0.000181 -0.356721 -0.001005 -0.375457 0.000069 0.000537 0.000023 0.000112 0.000008 0.000070 0.000714 -0.000022 0.000081 -0.008687 0.000058 -0.000003 0.000056 0.000054 0.000031 -0.000016 -0.000020 0.000014 -0.000016 0.000721 -0.000041 -0.010621 0.000030 -0.000117 0.000068 -0.001876
-0.004769 0.061448 -0.000032 0.247756 0.036281 0.000055 0.000013 0.000147 -0.000058 -0.000028 0.000090 -0.000003 0.000061 0.253815 -0.000020 0.054558 0.000023 -0.000044 0.051947 -0.000202 -0.000789 -0.000038 0.000018 -0.085827 -0.000346 -0.000168 -0.405864 -0.001366 -0.429279 0.000019 0.000037 0.000036 0.000274 -0.000026 -0.000036 0.000924 -0.000021 0.000067 -0.008231 -0.000140 -0.000005 0.000057 0.000038 0.000034 0.000045 -0.000073 -0.000011 0.000012 -0.000519 -0.000030 -0.010911 -0.000029 -0.000082 -0.000074 -0.002424
-0.004593 0.049173 0.000039 0.227977 0.121496 0.000016 0.000063 0.000133 0.000077 0.000082 -0.000010 -0.000019 -0.000125 0.059897 -0.000008 0.037295 -0.000014 0.000043 0.046151 -0.000147 -0.000033 0.000066 0.000029 0.103150 0.000621 -0.000136 -0.592127 -0.001275 -0.411864 0.000062 0.000659 0.000010 0.000106 0.000014 0.000121 0.000772 -0.000004 0.000021 -0.008110 -0.000189 -0.000008 -0.000008 -0.000076 0.000028 -0.000050 0.000121 -0.000029 -0.000199 -0.001009 0.000013 -0.010891 0.000089 -0.000043 0.000245 -0.003188
-0.004703 0.041655 0.000005 0.230922 0.278133 -0.000045 0.000038 0.000074 -0.000018 -0.000003 0.000094 0.000000 -0.000049 0.159694 0.000012 0.016015 -0.000011 -0.000039 0.170125 -0.000115 -0.000766 -0.000019 -0.000022 0.226625 0.000108 -0.000251 -0.817304 -0.001198 -0.212351 -0.000079 0.000636 0.000027 -0.000060 -0.000062 0.000096 0.000248 0.000012 -0.000127 -0.008460 -0.000111 -0.000001 0.000065 -0.000075 -0.000061 -0.000094 0.000107 0.000015 -0.000033 -0.001109 -0.000057 -0.010114 -0.000029 -0.000138 0.000039 -0.003384
-0.004865 0.005413 -0.000007 0.176388 0.303944 -0.000078 -0.000025 0.000154 0.000008 0.000018 0.000102 0.000018 0.000043 0.138573 0.000013 0.002332 -0.000077 0.000030 0.347110 -0.000252 -0.001009 0.000026 0.000034 0.189261 0.000641 -0.000127 -0.703715 -0.001418 0.082828 0.000022 0.000295 -0.000008 0.000188 -0.000130 -0.000037 0.000772 -0.000035 -0.000021 -0.008328 0.000051 -0.000001 0.000003 -0.000035 0.000035 0.000018 0.000031 0.000019 -0.000085 -0.002068 -0.000008 -0.009462 0.000120 0.000053 0.000026 -0.003582
-0.005352 -0.002838 0.000008 0.143115 0.395610 -0.000003 -0.000098 0.000219 0.000065 -0.000021 0.000042 -0.000008 0.000003 0.331821 -0.000024 -0.001764 0.000029 0.000055 0.509445 -0.000233 -0.001598 0.000043 0.000009 0.221908 -0.000228 -0.000147 -0.763198 -0.001611 0.262856 0.000055 -0.000079 -0.000099 0.000045 0.000125 -0.000027 0.001045 0.000026 -0.000014 -0.008291 0.000041 -0.000001 -0.000052 0.000063 0.000077 0.000052 0.000243 0.000056 -0.000058 -0.003839 -0.000019 -0.009149 -0.000040 -0.000015 -0.000015 -0.002123
-0.006055 -0.000883 -0.000012 0.159375 0.303658 0.000032 -0.000073 0.000092 0.000016 0.000097 0.000178 -0.000019 -0.000029 0.186440 -0.000006 -0.001018 0.000012 0.000131 0.303745 -0.000078 -0.001540 -0.000022 -0.000005 0.283469 -0.000153 -0.000143 -0.774007 -0.001727 0.280843 -0.000061 0.000156 0.000042 0.000116 -0.000070 0.000007 0.000950 0.000011 0.000009 -0.008312 0.000035 -0.000010 0.000090 0.000057 0.000046 0.000073 -0.000074 -0.000021 -0.000091 -0.006104 -0.000022 -0.009103 0.000058 0.000009 -0.000085 -0.001874
-0.006629 0.002493 -0.000004 0.048956 0.112341 0.000036 0.000078 0.000218 -0.000023 -0.000011 0.000078 0.000021 0.000062 0.095220 -0.000018 0.001481 0.000002 -0.000050 0.387868 -0.000201 -0.001264 0.000016 0.000018 0.172781 0.000298 -0.000199 -0.695572 -0.001572 0.199324 0.000064 0.000580 0.000047 0.000096 -0.000001 -0.000070 0.000833 0.000019 0.000217 -0.008470 -0.000026 -0.000006 0.000011 -0.000001 0.000034 0.000028 0.000190 0.000013 -0.000026 -0.006713 0.000065 -0.009497 0.000065 0.000086 0.000084 -0.001860
-0.006737 0.053053 -0.000005 0.003985 0.105099 0.000032 0.000073 0.000040 -0.000019 0.000050 -0.000038 -0.000014 0.000039 0.064831 0.000024 0.021144 -0.000009 -0.000046 0.147914 -0.000061 -0.001098 0.000025 -0.000051 0.027333 0.000460 -0.000085 -0.416567 -0.000738 0.211365 -0.000043 0.000371 -0.000046 0.000058 0.000025 0.000091 0.000879 0.000008 0.000185 -0.008443 0.000083 0.000001 0.000066 -0.000069 0.000003 -0.000021 0.000174 0.000029 -0.000064 -0.006676 0.000058 -0.009249 0.000091 -0.000074 0.000107 -0.002057
-0.006543 0.080287 -0.000010 -0.012841 -0.058663 -0.000076 0.000078 0.000169 0.000020 -0.000069 0.000027 -0.000010 0.000105 0.006210 0.000062 0.070612 0.000000 0.000079 -0.008941 -0.000241 0.008560 -0.000030 0.000008 0.012096 0.000382 -0.000110 -0.259194 -0.000845 0.054472 -0.000052 -0.000102 -0.000011 0.000040 -0.000056 -0.000076 0.001123 0.000022 -0.000017 -0.008740 -0.000130 0.000005 -0.000004 0.000001 0.000088 0.000028 0.000132 0.000015 -0.000064 -0.006421 0.000009 -0.008929 0.000101 -0.000033 -0.000076 -0.002031
-0.006028 0.109319 -0.000011 -0.137520 -0.155990 0.000016 0.000016 0.000179 0.000017 -0.000069 0.000100 0.000006 0.000070 -0.241217 0.000039 0.112823 -0.000033 -0.000035 0.029748 -0.000203 0.033638 0.000014 0.000066 -0.089183 -0.000341 -0.000154 -0.154104 -0.000609 0.161095 0.000030 0.000386 -0.000002 0.000038 0.000103 0.000002 0.001052 0.000006 -0.000115 -0.008604 -0.000052 0.000004 0.000006 -0.000015 0.000050 -0.000044 -0.000215 0.000005 0.000093 -0.006060 0.000019 -0.009320 -0.000060 0.000059 0.000076 -0.001462
-0.005415 0.119101 -0.000013 -0.246062 -0.025848 0.000015 -0.000025 0.000059 0.000060 0.000094 0.000299 0.000048 0.000018 -0.277901 0.000006 0.084040 -0.000020 0.000058 0.126108 -0.000264 0.023029 -0.000005 0.000009 -0.007225 0.000037 -0.000289 0.041745 -0.001198 0.187313 0.000023 0.000147 -0.000030 -0.000002 0.000078 0.000026 0.000940 0.000012 0.000008 -0.008212 -0.000004 0.000005 0.000005 0.000093 0.000033 0.000063 0.000004 0.000011 -0.000046 -0.005337 0.000055 -0.009522 -0.000035 -0.000052 0.000057 -0.000861
-0.004632 0.046622 -0.000007 -0.255591 -0.080202 0.000021 -0.000049 0.000176 -0.000079 -0.000011 0.000125 0.000008 0.000223 -0.357643 -0.000006 0.037069 -0.000001 -0.000037 0.213802 -0.000147 0.005038 -0.000043 -0.000009 0.066628 0.000405 -0.000117 0.151471 -0.001275 0.250841 0.000058 0.000408 -0.000033 0.000079 -0.000043 -0.000067 0.001159 0.000006 0.000043 -0.008081 0.000047 -0.000010 0.000048 0.000010 0.000101 -0.000024 0.000122 0.000011 -0.000003 -0.004658 -0.000047 -0.009722 -0.000064 -0.000080 0.000043 -0.001065
-0.003915 0.011443 0.000012 -0.094786 0.178835 -0.000027 0.000030 0.000070 0.000036 -0.000046 -0.000017 0.000004 -0.000064 -0.303060 -0.000006 0.008524 -0.000004 0.000034 0.282682 -0.000196 -0.001805 0.000023 0.000024 0.052770 0.000305 -0.000067 0.278955 -0.001443 0.303850 0.000049 -0.000137 0.000052 0.000178 0.000028 0.000067 0.001123 -0.000031 0.000114 -0.007711 0.000055 0.000002 0.000022 -0.000030 -0.000162 0.000030 0.000134 0.000016 -0.000033 -0.003680 0.000038 -0.010266 0.000023 -0.000060 0.000032 -0.001742
-0.007429 0.009452 0.000005 -0.093030 0.240984 -0.000031 0.000051 0.000041 -0.000036 -0.000003 0.000103 -0.000012 0.000046 -0.363159 0.000019 0.006685 -0.000031 0.000075 0.144509 -0.000190 -0.001968 0.000011 0.000009 0.222453 0.000377 -0.000063 0.382185 -0.001048 0.250144 0.000023 0.000556 0.000024 0.000161 -0.000138 0.000003 0.001279 0.000013 0.000063 -0.007831 -0.000014 0.000002 0.000017 0.000044 0.000068 -0.000018 0.000174 0.000055 0.000152 -0.002950 -0.000060 -0.010627 0.000093 0.000061 0.000021 -0.000622
-0.020795 0.047090 -0.000004 -0.152019 -0.007036 -0.000052 0.000096 0.000031 0.000027 0.000053 0.000078 -0.000004 0.000070 -0.265777 -0.000007 0.025149 -0.000036 -0.000048 0.170030 -0.000016 -0.001346 0.000017 -0.000004 0.074702 0.000087 -0.000173 0.273299 -0.000599 -0.054382 0.000034 0.000105 -0.000011 0.000075 0.000030 0.000043 0.001222 0.000006 0.000008 -0.008242 -0.000025 -0.000002 0.000007 -0.000124 -0.000059 -0.000017 -0.000116 0.000005 0.000055 -0.002012 -0.000020 -0.011090 -0.000041 -0.000056 0.000103 -0.001259
-0.016964 0.087198 0.000028 -0.189582 0.041259 -0.000068 -0.000025 0.000104 -0.000048 -0.000046 0.000015 0.000015 0.000024 -0.363669 0.000012 0.060684 0.000059 -0.000030 -0.101888 -0.000187 0.019603 -0.000030 0.000018 0.109081 0.000408 -0.000149 0.144218 -0.000118 -0.020931 -0.000084 0.000284 0.000010 0.000176 0.000043 -0.000033 0.001040 -0.000004 0.000041 -0.008701 0.000007 -0.000001 0.000035 -0.000030 -0.000126 0.000060 0.000129 0.000023 0.000025 -0.000652 -0.000119 -0.010854 0.000013 0.000007 0.000034 -0.001163
-0.036708 0.087680 -0.000008 -0.154612 -0.224438 -0.000058 0.000065 0.000131 0.000001 -0.000156 0.000243 -0.000022 -0.000049 -0.262913 0.000024 0.054134 -0.000046 -0.000174 -0.044789 -0.000202 0.005489 0.000039 0.000003 0.080823 -0.000333 -0.000093 0.023461 0.000189 -0.066666 -0.000068 0.000212 -0.000045 0.000021 -0.000048 -0.000043 0.001333 0.000008 -0.000186 -0.008075 -0.000026 0.000001 -0.000078 -0.000060 0.000028 -0.000017 0.000090 -0.000012 0.000006 -0.000841 -0.000037 -0.011334 0.000132 -0.000052 0.000019 -0.001096
-0.038029 0.066032 0.000004 -0.199303 -0.212515 0.000007 0.000046 0.000106 -0.000028 -0.000043 0.000045 0.000029 -0.000002 -0.447921 0.000012 0.043284 -0.000015 -0.000046 0.012960 0.000023 0.000205 0.000009 0.000011 -0.161598 -0.000053 -0.000148 -0.116064 0.000437 -0.001682 0.000010 0.000052 0.000037 0.000124 0.000037 0.000220 0.000795 -0.000003 0.000033 -0.008553 -0.000033 -0.000002 -0.000139 0.000073 0.000032 -0.000016 -0.000030 0.000020 0.000114 -0.000988 -0.000113 -0.011383 0.000079 -0.000008 0.000018 -0.001667
-0.006184 0.006829 -0.000002 -0.078196 -0.265581 0.000058 0.000018 0.000154 -0.000006 0.000020 -0.000041 0.000007 -0.000030 -0.218030 0.000005 0.005265 -0.000002 0.000034 -0.014461 -0.000143 -0.001097 0.000011 -0.000017 -0.135277 -0.000066 -0.000160 0.017156 0.000293 0.023478 0.000091 0.000325 -0.000066 0.000068 -0.000076 0.000005 0.000781 -0.000006 0.000055 -0.008679 0.000012 0.000009 -0.000041 -0.000057 0.000056 0.000048 0.000226 -0.000010 -0.000084 -0.001063 -0.000002 -0.011574 -0.000021 -0.000063 0.000014 -0.001785
-0.004770 -0.000143 0.000011 0.019883 -0.092265 0.000010 -0.000042 0.000106 0.000026 0.000092 0.000160 0.000001 0.000037 -0.266624 -0.000002 -0.000633 0.000004 0.000087 0.032619 0.000092 -0.001369 0.000025 -0.000008 -0.131516 -0.000274 -0.000250 -0.008825 0.000330 0.130086 -0.000031 0.000325 -0.000029 0.000130 0.000062 -0.000006 0.000954 0.000021 0.000085 -0.008713 0.000010 0.000013 -0.000039 0.000047 -0.000132 -0.000034 0.000321 0.000020 -0.000057 -0.001461 0.000024 -0.011828 0.000039 0.000088 -0.000101 -0.002849
-0.005261 -0.000509 0.000026 0.025612 -0.099822 -0.000027 0.000012 0.000060 0.000037 0.000033 -0.000045 -0.000021 0.000024 -0.084475 0.000044 -0.000827 0.000025 0.000027 0.003472 0.000127 -0.001364 -0.000011 0.000012 -0.260600 -0.000182 -0.000136 0.024797 0.000402 0.107379 -0.000293 0.000341 -0.000016 0.000153 -0.000047 0.000095 0.000959 -0.000005 -0.000029 -0.008670 -0.000140 0.000003 -0.000033 -0.000020 -0.000007 -0.000075 0.000006 -0.000020 0.000035 -0.000723 0.000016 -0.011084 0.000039 0.000009 -0.000036 -0.003253
-0.006452 0.001099 0.000006 0.091211 -0.119460 -0.000021 0.000035 0.000145 0.000012 -0.000036 0.000080 -0.000037 0.000082 0.089743 -0.000081 0.000529 0.000003 0.000006 -0.207406 -0.000117 -0.001206 -0.000014 0.000029 -0.167448 -0.000255 -0.000091 0.074231 0.000251 0.061281 0.000027 0.000571 -0.000027 -0.000031 -0.000024 0.000091 0.000847 0.000018 -0.000055 -0.009001 0.000051 -0.000001 0.000060 -0.000132 -0.000040 -0.000035 -0.000105 0.000055 0.000028 0.000615 0.000014 -0.011205 -0.000041 -0.000054 -0.000084 -0.003890
-0.007429 0.018544 0.000013 0.117853 -0.129202 -0.000100 -0.000035 0.000132 0.000026 0.000066 0.000158 0.000009 0.000048 0.067132 -0.000012 0.012249 0.000019 0.000030 -0.273603 -0.000173 -0.000767 0.000021 0.000032 -0.039857 -0.000138 -0.000130 0.235957 0.000041 0.034960 -0.000034 0.000451 0.000074 -0.000070 0.000022 0.000004 0.000977 -0.000006 0.000009 -0.009607 -0.000141 -0.000001 0.000001 0.000047 -0.000129 0.000022 0.000149 -0.000033 -0.000075 0.000975 0.000008 -0.012139 -0.000068 0.000154 0.000058 -0.004424
-0.007867 0.066653 -0.000002 0.126427 -0.144976 -0.000015 -0.000053 0.000113 -0.000038 0.000025 0.000118 -0.000029 0.000031 0.173938 -0.000006 0.055630 -0.000047 0.000017 -0.350010 -0.000275 0.011340 -0.000031 -0.000008 -0.087033 -0.000010 -0.000182 0.178929 0.000091 -0.152591 0.000114 0.000114 0.000044 0.000127 0.000035 0.000019 0.001045 -0.000019 -0.000022 -0.008892 -0.000005 -0.000009 0.000021 -0.000063 -0.000084 -0.000142 -0.000195 -0.000015 0.000089 0.001415 -0.000047 -0.011663 0.000026 -0.000020 0.000037 -0.003788
-0.007654 0.113956 0.000001 0.146523 -0.091345 -0.000006 -0.000019 0.000176 -0.000011 0.000061 0.000166 -0.000015 0.000033 0.142246 0.000000 0.100443 -0.000038 0.000084 -0.177879 -0.000042 0.037804 0.000000 0.000009 0.100289 0.000040 -0.000054 0.125275 -0.000174 -0.276202 -0.000066 0.000303 0.000041 0.000165 0.000103 0.000142 0.000686 -0.000019 -0.000231 -0.008334 0.000031 -0.000001 -0.000010 0.000026 0.000068 0.000055 0.000146 0.000030 -0.000014 0.001570 0.000021 -0.011855 0.000054 -0.000076 0.000102 -0.003284
-0.007128 0.120624 -0.000019 0.128850 0.274967 0.000002 0.000002 0.000174 -0.000010 -0.000042 0.000074 -0.000038 -0.000065 0.110412 -0.000060 0.107448 -0.000026 -0.000009 -0.282543 -0.000028 0.046737 0.000097 -0.000005 0.048818 0.000252 -0.000009 0.021234 -0.000074 -0.336932 -0.000115 0.000499 -0.000008 0.000014 0.000057 0.000042 0.000726 0.000003 -0.000129 -0.008619 -0.000045 0.000005 0.000004 0.000090 0.000012 -0.000035 0.000282 -0.000020 -0.000050 0.001149 -0.000005 -0.011802 -0.000022 0.000009 -0.000038 -0.003314
-0.006606 0.095766 -0.000019 0.126886 0.489659 0.000003 0.000020 0.000049 -0.000035 -0.000164 0.000110 -0.000001 -0.000025 0.327429 -0.000021 0.077386 0.000054 -0.000035 -0.233989 -0.000128 0.020508 -0.000015 0.000040 0.142873 0.000099 -0.000170 0.049113 -0.000336 -0.259298 -0.000004 0.000076 -0.000034 -0.000143 0.000068 0.000128 0.000862 0.000007 -0.000066 -0.009386 -0.000059 -0.000008 0.000065 0.000172 0.000150 0.000088 0.000311 -0.000050 -0.000044 -0.000142 0.000030 -0.011698 -0.000040 0.000015 -0.000153 -0.002841
-0.006169 0.072764 -0.000002 0.148189 0.546184 -0.000039 0.000074 0.000033 0.000043 0.000069 -0.000003 0.000012 0.000000 0.334277 0.000083 0.065204 -0.000043 0.000012 -0.058576 -0.000180 0.004661 0.000051 0.000018 0.189599 0.000146 -0.000046 0.036183 -0.000024 -0.268201 0.000063 0.000228 -0.000070 0.000049 0.000073 -0.000039 0.000809 0.000019 -0.000126 -0.008276 -0.000033 -0.000007 0.000102 0.000021 0.000095 0.000092 0.000271 0.000005 0.000068 -0.001079 -0.000038 -0.011200 -0.000061 -0.000004 0.000022 -0.003322
-0.005962 0.064355 0.000013 0.086344 0.490407 0.000075 0.000006 0.000044 -0.000037 0.000092 0.000101 -0.000025 0.000059 0.402859 0.000007 0.061698 0.000040 0.000024 -0.182295 -0.000106 0.009988 -0.000003 -0.000005 0.070664 -0.000166 -0.000067 -0.176927 -0.000225 -0.336618 -0.000156 0.000485 0.000000 0.000055 -0.000007 0.000139 0.000917 -0.000024 -0.000023 -0.009094 -0.000030 0.000004 0.000057 0.000038 0.000036 0.000011 0.000154 0.000030 -0.000056 -0.000364 -0.000093 -0.010510 -0.000030 0.000068 0.000007 -0.003470
-0.005910 0.116019 0.000001 -0.077570 0.407287 0.000060 0.000006 -0.000024 0.000023 0.000018 -0.000000 0.000016 0.000067 0.287604 0.000006 0.080554 0.000011 0.000024 -0.206098 -0.000229 0.019283 0.000013 -0.000017 0.068327 0.000319 -0.000132 -0.426408 -0.000124 -0.181275 0.000055 0.000425 -0.000002 0.000203 0.000060 -0.000065 0.000705 -0.000010 0.000048 -0.008711 0.000030 -0.000008 0.000032 -0.000005 -0.000065 0.000174 0.000178 0.000036 -0.000090 0.000883 0.000077 -0.009893 -0.000057 0.000027 0.000048 -0.003926
-0.005809 0.104615 0.000009 0.013693 0.456519 -0.000036 0.000016 0.000034 -0.000014 0.000042 0.000047 -0.000001 0.000134 0.099329 0.000041 0.088800 -0.000037 -0.000018 -0.175202 -0.000254 0.032308 0.000006 0.000016 0.184895 0.000143 -0.000069 -0.663806 -0.000259 -0.183900 -0.000091 0.000214 0.000053 0.000003 0.000007 -0.000011 0.000561 -0.000012 0.000006 -0.008926 -0.000031 -0.000002 0.000070 -0.000082 -0.000086 -0.000007 0.000108 -0.000017 0.000027 0.002127 0.000025 -0.009717 0.000094 -0.000163 0.000003 -0.003145
-0.005759 0.077804 0.000001 0.119220 0.428936 -0.000018 -0.000029 -0.000025 -0.000023 0.000029 0.000098 -0.000031 -0.000189 0.101648 -0.000014 0.085224 0.000059 -0.000047 -0.113315 -0.000212 0.012524 0.000034 -0.000018 0.163249 0.000657 0.000066 -0.526083 -0.000298 -0.244054 -0.000015 0.000352 0.000074 0.000107 0.000032 0.000067 0.000570 0.000003 0.000017 -0.008533 0.000075 0.000002 0.000057 -0.000065 -0.000012 0.000104 0.000127 0.000016 -0.000023 0.002377 -0.000062 -0.010146 -0.000007 0.000104 -0.000167 -0.003302
-0.005627 0.062367 -0.000004 0.194518 0.330321 -0.000117 0.000021 0.000048 0.000029 0.000120 0.000310 0.000011 -0.000027 0.006845 -0.000002 0.045309 -0.000009 -0.000008 0.118692 0.000006 0.004953 0.000052 -0.000027 0.375947 0.000276 -0.000161 -0.565422 -0.000275 -0.323423 0.000005 0.000042 0.000055 0.000231 0.000056 -0.000019 0.000674 -0.000012 -0.000070 -0.008295 -0.000089 0.000003 -0.000011 -0.000067 -0.000041 0.000034 0.000036 -0.000011 -0.000039 0.000956 -0.000072 -0.010348 -0.000089 -0.000057 0.000139 -0.002970
-0.005511 0.059799 0.000009 0.278238 0.136268 -0.000047 -0.000016 0.000080 -0.000061 -0.000050 -0.000023 0.000001 -0.000072 -0.190751 0.000005 0.069986 -0.000012 0.000053 0.087612 0.000008 0.005646 -0.000015 0.000020 0.231775 0.000231 -0.000190 -0.332303 0.000066 -0.305952 0.000023 0.000381 -0.000069 0.000049 0.000181 0.000064 0.000687 0.000006 0.000064 -0.008916 -0.000097 0.000007 0.000033 0.000001 0.000047 -0.000003 -0.000103 -0.000035 0.000035 0.000419 -0.000076 -0.010497 -0.000027 0.000050 -0.000073 -0.002395
-0.005514 0.065074 -0.000009 0.121518 0.185973 0.000013 -0.000028 0.000036 -0.000001 -0.000040 0.000102 -0.000012 -0.000029 -0.121005 -0.000031 0.071313 -0.000017 0.000050 0.112753 -0.000135 0.016110 0.000007 0.000006 0.340123 -0.000199 0.000061 -0.254054 0.000079 -0.363530 -0.000095 0.000270 -0.000120 0.000008 0.000065 -0.000204 0.000951 -0.000007 0.000021 -0.008901 0.000111 0.000010 -0.000013 -0.000021 0.000035 -0.000003 0.000287 -0.000014 0.000135 -0.000560 -0.000003 -0.010738 0.000026 -0.000055 0.000040 -0.002256
-0.005330 0.065937 -0.000017 0.178205 0.122636 -0.000031 -0.000086 -0.000001 -0.000065 -0.000062 0.000011 -0.000007 -0.000029 -0.175077 0.000015 0.053919 -0.000065 -0.000030 0.365108 -0.000224 0.007606 0.000003 -0.000008 0.271152 0.000164 -0.000186 0.094050 -0.000040 -0.247566 0.000002 0.000171 0.000048 0.000061 0.000017 0.000099 0.000875 0.000020 0.000003 -0.008604 -0.000030 -0.000003 0.000018 0.000009 0.000006 -0.000033 -0.000060 -0.000016 0.000034 -0.000480 0.000008 -0.010650 -0.000061 -0.000112 0.000039 -0.001863
-0.006010 0.037226 0.000014 0.157740 0.070915 -0.000001 0.000076 0.000022 0.000072 0.000052 0.000061 -0.000010 -0.000041 -0.221615 -0.000019 0.020967 0.000025 -0.000006 0.325977 -0.000143 -0.001235 0.000010 -0.000021 0.257405 -0.000263 0.000163 0.327445 -0.000003 -0.129379 -0.000003 -0.000158 -0.000060 -0.000036 0.000009 -0.000115 0.000914 -0.000001 -0.000167 -0.008462 0.000048 -0.000003 0.000023 -0.000109 0.000041 -0.000025 0.000143 0.000028 0.000225 -0.000038 -0.000120 -0.010286 -0.000102 0.000001 -0.000015 -0.002041
-0.007353 0.000119 0.000006 0.048246 -0.076349 -0.000002 -0.000041 0.000039 -0.000038 0.000024 0.000317 -0.000024 -0.000054 -0.057180 -0.000002 -0.000442 0.000019 -0.000052 0.282426 -0.000244 -0.001521 0.000015 -0.000011 0.154270 0.000543 -0.000181 0.391033 0.000041 -0.001037 0.000032 -0.000121 0.000052 -0.000089 -0.000039 -0.000010 0.001049 0.000006 0.000122 -0.008296 0.000041 -0.000000 0.000020 -0.000131 -0.000222 -0.000039 0.000112 -0.000020 -0.000053 0.000846 -0.000075 -0.010711 -0.000042 -0.000038 0.000061 -0.002312
-0.008778 0.007650 -0.000022 -0.060670 0.096399 -0.000029 -0.000009 0.000164 0.000037 -0.000091 0.000190 -0.000011 0.000028 -0.108236 -0.000013 0.000072 0.000042 0.000050 0.271570 -0.000143 -0.001389 0.000026 -0.000021 0.058243 -0.000293 -0.000000 0.356795 0.000120 -0.046825 -0.000060 0.000330 0.000030 0.000257 -0.000077 -0.000163 0.000998 -0.000014 -0.000015 -0.008696 -0.000036 0.000005 0.000020 0.000004 -0.000011 0.000036 0.000020 0.000008 0.000087 0.001645 -0.000044 -0.010594 -0.000135 -0.000012 -0.000029 -0.002644
-0.009467 0.073227 -0.000040 -0.148031 0.003960 -0.000036 0.000042 0.000094 -0.000024 -0.000064 0.000041 -0.000014 -0.000002 -0.073011 0.000007 0.055000 -0.000014 0.000066 0.004916 -0.000234 -0.000848 -0.000032 0.000009 0.001605 0.000313 -0.000151 0.235374 0.000340 -0.133272 -0.000023 0.000098 -0.000011 0.000012 0.000020 -0.000054 0.000711 -0.000004 0.000104 -0.008454 -0.000041 0.000009 -0.000003 0.000021 -0.000026 -0.000090 -0.000054 -0.000021 -0.000091 0.003436 0.000007 -0.009946 -0.000031 -0.000033 -0.000033 -0.002056
-0.008973 0.092591 0.000005 -0.163641 0.067600 -0.000020 -0.000017 0.000237 0.000037 -0.000037 -0.000127 0.000009 -0.000062 -0.050782 -0.000015 0.071176 -0.000002 0.000011 -0.044732 -0.000190 0.012684 -0.000005 0.000027 -0.033253 0.000066 -0.000164 -0.031435 0.000060 -0.049041 0.000029 0.000175 0.000003 0.000018 0.000079 0.000007 0.000749 0.000027 -0.000089 -0.008358 0.000010 0.000003 -0.000122 0.000017 0.000086 -0.000070 -0.000247 -0.000015 0.000063 0.003358 -0.000018 -0.009960 0.000091 -0.000025 0.000117 -0.001977
-0.008107 0.049355 0.000001 -0.073204 -0.096392 0.000006 -0.000074 0.000032 -0.000027 0.000077 -0.000030 -0.000007 -0.000067 -0.070630 -0.000029 0.048245 0.000021 -0.000022 -0.152751 0.000083 -0.000627 0.000018 0.000022 0.037655 0.000519 -0.000100 -0.138718 0.000185 0.029347 -0.000033 0.000104 0.000017 0.000132 -0.000017 0.000138 0.000477 -0.000001 -0.000022 -0.008730 -0.000006 -0.000004 -0.000023 0.000083 -0.000130 0.000037 0.000100 -0.000016 -0.000199 0.003176 -0.000030 -0.009760 0.000017 -0.000065 0.000103 -0.001593
-0.007473 0.012020 0.000014 -0.033293 -0.166911 0.000053 0.000003 -0.000010 0.000027 0.000033 0.000088 0.000013 -0.000044 -0.202640 -0.000023 0.013441 -0.000066 0.000051 0.103210 -0.000263 -0.000980 0.000034 0.000002 0.265455 0.000770 -0.000141 -0.080398 0.000083 0.201802 0.000103 0.000142 -0.000048 0.000217 -0.000024 0.000090 0.000529 0.000009 0.000164 -0.008340 -0.000062 -0.000001 0.000085 -0.000012 0.000020 0.000013 0.000036 0.000009 0.000062 0.002830 0.000046 -0.009727 -0.000013 0.000069 0.000106 -0.001155
-0.007160 0.001357 -0.000010 0.066078 -0.164082 -0.000038 0.000033 -0.000032 0.000052 0.000021 0.000152 -0.000002 -0.000052 -0.320790 0.000022 0.000670 -0.000005 -0.000029 0.256395 -0.000228 -0.001235 0.000005 -0.000065 0.111290 0.000308 -0.000106 0.068959 0.000026 0.151623 0.000116 -0.000237 -0.000010 0.000086 -0.000007 -0.000001 0.001012 -0.000028 0.000005 -0.008710 -0.000020 -0.000006 0.000008 -0.000020 0.000012 0.000041 0.000062 0.000030 0.000006 0.002662 -0.000037 -0.009991 -0.000067 0.000044 -0.000073 -0.001313
-0.007096 0.004314 0.000007 -0.003920 -0.401993 -0.000029 0.000055 0.000091 -0.000054 -0.000022 0.000059 -0.000010 0.000022 -0.221724 0.000083 0.003590 0.000013 -0.000005 0.114595 -0.000247 -0.001124 -0.000015 0.000012 0.245389 -0.000125 -0.000118 0.221546 -0.000380 0.289976 0.000117 0.000494 -0.000032 0.000071 -0.000031 -0.000021 0.001272 0.000027 0.000010 -0.009134 -0.000005 0.000003 0.000113 -0.000000 -0.000165 0.000073 0.000228 0.000002 0.000039 0.002546 0.000011 -0.009538 0.000132 -0.000034 -0.000128 -0.000743
-0.007042 0.002173 -0.000000 0.068165 -0.401728 0.000050 0.000050 -0.000031 -0.000020 0.000093 0.000011 0.000016 0.000006 -0.125258 0.000014 0.001011 0.000066 -0.000050 0.115149 0.000085 -0.001276 -0.000050 -0.000016 0.075276 0.000267 -0.000062 0.314012 -0.000265 0.236906 0.000023 -0.000174 0.000051 -0.000031 -0.000062 0.000006 0.001131 -0.000003 0.000108 -0.009753 0.000008 0.000001 0.000068 -0.000009 -0.000037 -0.000042 -0.000069 0.000016 0.000027 0.002745 -0.000073 -0.009833 0.000007 -0.000121 -0.000042 -0.001276
-0.006983 0.006361 -0.000025 0.110138 -0.498925 0.000062 -0.000034 0.000091 0.000008 -0.000049 0.000146 0.000001 0.000044 0.081529 -0.000002 0.000375 -0.000019 -0.000053 0.184471 -0.000100 -0.001322 0.000011 -0.000006 0.077555 0.000089 -0.000139 0.339824 -0.000227 0.186612 0.000065 0.000554 0.000026 0.000040 0.000117 -0.000120 0.000921 0.000000 0.000028 -0.009728 0.000030 -0.000009 0.000025 0.000052 0.000024 -0.000071 0.000160 0.000003 -0.000066 0.002217 0.000079 -0.009946 0.000034 0.000011 -0.000044 -0.002511
-0.007004 0.037861 -0.000007 0.184847 -0.597031 -0.000003 0.000047 0.000089 0.000020 0.000060 0.000031 -0.000051 -0.000083 0.030518 -0.000036 0.018222 0.000012 -0.000021 0.167121 0.000076 -0.001070 -0.000012 -0.000031 -0.146452 0.000434 -0.000274 0.356468 -0.000338 0.011994 0.000113 0.000260 -0.000051 -0.000004 0.000005 0.000013 0.000559 0.000013 -0.000048 -0.010114 0.000013 -0.000007 -0.000024 0.000069 -0.000100 0.000001 0.000097 -0.000033 0.000038 0.001349 0.000017 -0.010259 -0.000008 0.000001 -0.000009 -0.001669
-0.007175 0.036481 -0.000007 0.040737 -0.528269 0.000059 -0.000081 0.000090 -0.000027 -0.000046 0.000002 0.000021 0.000095 0.135624 -0.000061 0.022301 -0.000006 -0.000021 0.119401 0.000049 -0.000950 -0.000086 0.000025 -0.183451 0.000136 -0.000226 0.353584 -0.000348 0.001035 0.000061 0.000335 0.000017 0.000132 -0.000012 0.000008 0.000787 0.000025 0.000053 -0.010140 0.000038 -0.000005 0.000032 0.000067 0.000050 -0.000048 -0.000218 0.000014 0.000028 0.001123 -0.000153 -0.010579 -0.000101 0.000064 -0.000043 -0.001822
-0.007239 0.084815 -0.000013 0.036560 -0.470108 -0.000027 0.000006 -0.000100 0.000021 -0.000004 -0.000071 -0.000016 0.000141 -0.036178 0.000025 0.056359 0.000045 -0.000010 -0.183051 0.000045 0.005960 -0.000022 -0.000028 -0.339129 0.000192 0.000044 0.293130 -0.000578 -0.029939 -0.000032 0.000659 -0.000117 0.000161 -0.000081 -0.000007 0.000755 -0.000001 -0.000115 -0.010133 -0.000087 0.000005 0.000002 0.000043 -0.000067 0.000024 0.000175 0.000030 -0.000056 0.001330 0.000005 -0.010336 -0.000003 -0.000013 -0.000015 -0.001470
-0.007165 0.077206 0.000014 0.067941 -0.448634 -0.000022 0.000068 0.000047 -0.000052 0.000002 0.000120 -0.000033 0.000109 0.081622 0.000000 0.048919 -0.000028 -0.000036 -0.151868 0.000079 0.002153 -0.000058 0.000034 -0.191802 -0.000151 -0.000258 0.116500 -0.000628 0.025417 -0.000086 0.000247 -0.000126 0.000246 -0.000046 0.000052 0.000815 -0.000011 0.000066 -0.010142 0.000062 -0.000002 0.000014 0.000060 0.000047 -0.000055 0.000249 0.000011 0.000045 0.001041 0.000027 -0.010335 -0.000035 -0.000034 -0.000026 -0.001556
-0.007032 0.058766 0.000019 -0.057291 -0.310162 -0.000004 -0.000017 0.000044 0.000009 0.000050 -0.000018 -0.000021 0.000007 0.069343 0.000033 0.054680 0.000012 0.000006 -0.010815 -0.000164 -0.000668 -0.000058 0.000029 -0.238672 0.000112 -0.000183 0.243603 -0.000552 0.122432 0.000015 0.000740 -0.000019 -0.000013 -0.000022 -0.000025 0.000597 0.000006 -0.000062 -0.009611 -0.000052 0.000001 0.000027 -0.000021 -0.000060 -0.000022 0.000314 0.000019 0.000050 0.002012 0.000099 -0.010698 0.000032 -0.000056 0.000102 -0.000880
-0.007386 0.086118 0.000014 -0.259556 -0.549523 -0.000026 0.000021 0.000037 -0.000108 -0.000049 0.000229 0.000010 0.000014 0.204938 0.000012 0.067320 -0.000014 0.000010 -0.053641 -0.000193 0.001458 -0.000051 -0.000011 -0.231912 0.000595 -0.000153 0.156948 -0.000782 -0.024629 0.000047 0.000730 -0.000032 0.000088 -0.000005 -0.000054 0.000798 0.000006 0.000019 -0.009336 0.000064 -0.000000 0.000054 -0.000046 -0.000069 0.000005 0.000243 -0.000049 0.000211 0.004406 0.000019 -0.010252 0.000132 0.000032 -0.000007 -0.000538
-0.008173 0.069349 0.000019 -0.293919 -0.417396 0.000049 -0.000018 -0.000032 -0.000025 0.000025 0.000145 0.000026 0.000037 0.218131 -0.000032 0.043913 0.000008 0.000096 -0.201192 -0.000111 -0.000056 0.000006 0.000049 -0.191798 -0.000002 -0.000140 0.028063 -0.000914 -0.177117 0.000032 0.000046 -0.000067 0.000073 0.000022 -0.000132 0.000948 -0.000014 0.000088 -0.009271 0.000035 0.000001 0.000012 0.000040 -0.000000 -0.000035 0.000002 -0.000017 0.000042 0.005615 -0.000056 -0.009709 -0.000060 0.000094 0.000042 -0.000761
-0.009298 0.077849 0.000004 -0.195147 -0.259474 0.000059 0.000034 0.000078 0.000056 -0.000074 0.000350 -0.000020 0.000034 0.180957 -0.000018 0.039862 0.000026 -0.000020 -0.171518 -0.000170 -0.000418 -0.000018 0.000010 0.104896 0.000068 0.000052 0.130327 -0.001589 -0.254196 -0.000048 0.000684 -0.000069 0.000010 0.000122 -0.000011 0.001202 -0.000009 0.000176 -0.009222 -0.000039 0.000006 0.000000 0.000128 -0.000173 -0.000032 -0.000039 0.000024 0.000060 0.006113 -0.000054 -0.009581 -0.000041 -0.000009 -0.000069 -0.000637
