5.820006
-0.588896
-0.018872
6.671015
7.799237
0.014481
-0.001165
0.000919
-0.000417
-0.009249
0.000264
-0.006236
0.000140
8.124058
0.035042
-0.496768
0.000919
0.018833
7.034378
0.000379
-0.137050
0.005551
-0.000331
6.233755
-0.001575
-0.000481
8.916449
0.013567
6.395042
0.002115
-0.000995
-0.000274
0.000334
0.000071
0.002267
0.000304
-0.002300
-0.000358
0.012933
0.018060
4.956472
-0.027959
0.007637
-0.009552
0.000071
0.000020
0.003934
0.004887
-0.019407
-0.001686
0.014920
-0.002417
-0.000323
0.007374
0.004153
