-0.001486
-0.000266
-0.282939
0.275630
-0.046931
-0.002725
-0.007280
0.273521
-0.351972
0.284501
-0.002683
0.053518
-0.000230
0.267796
0.223090
0.218283
-0.268394
-0.163769
-0.212308
-0.003406
0.381377
0.382475
-0.200259
-0.270841
0.230767
-0.381278
0.023389
-0.185727
-0.312796
-0.189476
-0.704167
0.257138
0.230333
-0.015322
0.081311
-0.000456
-0.001791
-0.440052
0.423439
0.180235
-0.229551
-0.001037
-0.000630
0.359516
-0.000184
-0.004088
-0.121923
-0.386299
-0.062653
-0.005359
-0.308842
-0.216990
0.209596
-0.000992
-0.414423
-0.000265
-0.156837
-0.004408
-0.443741
-0.001214
-0.302782
-0.004138
0.294828
-0.003526
