0.089355 -0.268851 0.000116 0.000041 -0.287148 -0.000058 0.000009 0.000602 -0.000013 0.146607 -0.000021 0.275329 0.353501 0.000063 0.005766 0.000033 0.000052 -0.000012 -0.000048 0.000072 0.000149 0.000149 -0.003782 0.047345 0.151683 0.207642 0.413414 -0.277970 0.000016 -0.005326 0.000005 0.317534 -0.000008 0.010413 -0.000010 0.000735 0.001056 0.199992 -0.082816 0.414570
0.005321 -0.222828 -0.000049 0.000022 0.015100 0.000117 -0.000008 0.000515 0.000017 0.045805 0.000042 0.149673 0.087613 -0.000035 0.156689 0.000004 -0.000010 -0.000131 0.000003 0.000058 0.000086 -0.000018 -0.003272 0.000569 -0.097699 0.187948 -0.093747 -0.312529 0.000077 -0.003875 -0.000002 0.273185 -0.000001 0.010231 -0.000001 0.027647 0.118264 0.073091 -0.071173 0.401982
-0.058553 -0.145572 0.000045 -0.000164 0.087137 0.000037 -0.000031 0.000636 -0.000087 0.069351 0.000051 0.213609 0.095938 0.000028 -0.193934 -0.000072 0.000032 -0.000059 -0.000054 0.000256 0.000090 -0.000073 -0.003078 0.084016 0.039057 0.212100 -0.074889 -0.119829 0.000019 -0.002688 -0.000011 0.134447 -0.000025 0.010470 -0.000019 0.035406 0.315555 -0.095191 0.090026 0.238191
-0.171602 -0.157050 -0.000048 -0.000007 -0.255242 -0.000040 -0.000089 0.000451 -0.000095 -0.171506 -0.000042 0.280072 0.325966 -0.000033 0.028920 -0.000032 0.000023 -0.000054 -0.000114 0.000295 0.000030 -0.000180 -0.003668 0.065888 0.103173 -0.274883 0.184545 0.190025 -0.000060 -0.003426 -0.000012 0.078174 -0.000032 0.009661 0.000024 0.002947 0.031836 -0.121152 0.097555 0.076246
-0.190109 -0.014640 -0.000060 -0.000079 0.118978 -0.000037 0.000031 0.000208 0.000036 -0.032412 0.000026 0.352093 0.059832 -0.000061 0.350158 0.000048 -0.000010 -0.000042 0.000012 0.000091 0.000111 0.000045 -0.001995 0.100861 -0.127123 -0.136457 -0.022309 0.161696 -0.000018 -0.002719 0.000013 0.106287 0.000013 0.010144 0.000061 0.003031 -0.013392 -0.150076 -0.013448 -0.060653
-0.171338 0.055023 -0.000033 -0.000032 0.382133 -0.000043 -0.000011 -0.000016 -0.000089 -0.052662 -0.000037 0.380890 -0.030365 -0.000074 -0.091628 -0.000049 0.000022 -0.000072 -0.000080 0.000047 -0.000033 -0.000026 -0.001934 0.135469 -0.183087 0.026043 0.067743 0.225779 0.000092 -0.005102 0.000002 0.094938 0.000027 0.010214 -0.000029 0.002474 0.074766 -0.205683 0.105483 0.017683
-0.041194 0.002445 0.000046 -0.000115 0.055967 0.000019 0.000047 0.000420 0.000230 -0.146035 0.000008 0.334991 -0.123738 0.000065 0.037172 -0.000034 -0.000025 -0.000055 0.000031 0.000028 -0.000168 0.000027 -0.003145 0.191407 -0.031557 -0.149783 0.118239 0.089695 0.000038 -0.008754 0.000007 -0.075173 0.000012 0.010135 0.000080 -0.041978 0.008388 0.083765 0.175258 -0.052985
-0.115732 0.150985 0.000072 -0.000117 0.177822 -0.000035 -0.000002 0.000547 0.000059 -0.241254 0.000002 0.290767 -0.059016 0.000067 -0.118667 -0.000050 0.000012 0.000051 -0.000054 0.000094 0.000079 -0.000051 -0.004474 0.063595 -0.026197 0.167435 0.070119 0.161952 0.000097 -0.011986 -0.000007 -0.186795 -0.000035 0.011000 -0.000045 -0.071981 0.236473 0.293049 0.431243 -0.252931
-0.241847 -0.012023 0.000150 -0.000087 0.038729 0.000026 0.000017 0.000271 0.000056 -0.134437 0.000034 0.086865 -0.092467 -0.000047 -0.363290 -0.000074 -0.000003 0.000073 -0.000090 0.000101 0.000034 -0.000005 -0.003235 0.150751 0.128757 0.050047 -0.284696 -0.031957 0.000146 -0.012971 0.000022 -0.212079 -0.000032 0.011533 -0.000006 -0.049949 0.384989 0.311310 0.550391 -0.307390
-0.113499 -0.088438 -0.000021 0.000035 -0.245043 0.000032 0.000016 0.000417 0.000033 -0.114317 -0.000010 -0.057926 -0.153655 -0.000116 -0.297067 -0.000025 0.000024 0.000025 0.000081 0.000134 -0.000078 0.000003 -0.003596 0.313173 0.000987 -0.100834 -0.286064 0.009785 -0.000169 -0.015242 -0.000003 0.083048 -0.000009 0.011417 0.000078 -0.002986 0.132641 0.247289 0.195447 -0.084448
-0.101550 0.047563 0.000061 -0.000161 -0.338127 -0.000023 0.000025 0.000843 -0.000077 -0.118442 -0.000042 0.008865 -0.045973 -0.000103 -0.164311 0.000027 -0.000022 -0.000118 -0.000046 0.000130 0.000073 0.000171 -0.002130 0.297771 -0.018471 -0.255946 -0.031772 -0.005435 -0.000023 -0.017232 -0.000008 0.268089 -0.000024 0.011930 0.000014 -0.009009 -0.131768 0.326246 -0.362238 -0.161296
0.024460 0.088980 0.000080 -0.000063 -0.225924 -0.000059 -0.000039 0.000827 0.000001 0.003524 0.000010 0.035766 -0.067744 0.000019 -0.261281 -0.000032 -0.000037 -0.000049 0.000038 0.000163 0.000053 -0.000057 -0.002981 0.362472 0.005385 -0.090052 0.168801 -0.213182 -0.000101 -0.015269 0.000013 0.162890 0.000028 0.012165 0.000004 -0.014779 -0.394992 0.317023 -0.563969 -0.279799
-0.035847 0.189950 -0.000009 0.000031 0.000144 -0.000055 -0.000025 0.000938 0.000075 0.025326 0.000015 -0.004935 -0.007009 0.000022 -0.290755 0.000040 0.000022 0.000045 0.000057 0.000099 0.000031 -0.000027 -0.002704 0.321979 0.170558 0.218815 0.209201 0.015579 0.000066 -0.011769 0.000013 -0.024465 0.000006 0.011686 -0.000011 -0.020423 -0.318435 0.572771 -0.700663 0.014901
-0.385288 -0.079546 0.000036 0.000078 0.026797 -0.000033 -0.000020 0.000755 -0.000062 0.222898 0.000060 -0.126076 -0.134721 -0.000100 -0.684503 -0.000100 0.000009 0.000029 -0.000070 0.000300 -0.000056 -0.000023 -0.001798 0.024634 0.269443 0.395984 0.051248 0.272673 -0.000013 -0.009968 0.000005 -0.096766 0.000034 0.011823 0.000044 0.004137 0.020388 0.511139 -0.416259 0.335293
-0.101372 -0.338291 -0.000104 -0.000110 0.123157 0.000014 0.000028 0.001031 -0.000023 0.111495 0.000054 -0.150565 -0.103003 0.000087 -0.458470 0.000030 -0.000008 -0.000055 -0.000076 0.000015 0.000093 -0.000036 -0.001847 -0.054640 0.277678 0.396195 0.043247 -0.063512 -0.000007 -0.009338 -0.000003 -0.089264 0.000005 0.011840 0.000000 0.014749 -0.014657 0.390350 -0.112120 0.409985
0.035528 -0.363768 0.000077 0.000041 0.037599 -0.000029 0.000002 0.000705 0.000056 0.228973 -0.000018 -0.126486 0.165814 -0.000055 -0.076062 0.000037 0.000046 0.000043 -0.000015 0.000300 -0.000124 0.000011 -0.000786 -0.060025 0.413934 0.019344 -0.061832 -0.023939 -0.000151 -0.009421 -0.000001 -0.112086 -0.000027 0.011740 0.000118 0.003023 -0.144331 0.550409 0.294328 0.275314
0.271585 -0.274281 -0.000039 -0.000006 0.181703 0.000069 -0.000015 0.000233 0.000032 0.288612 0.000022 0.074289 0.165416 -0.000086 -0.113496 0.000037 -0.000002 0.000054 0.000054 0.000323 -0.000007 -0.000009 0.000466 -0.213716 0.076509 -0.061507 -0.123015 -0.118555 0.000077 -0.009807 0.000009 -0.040877 0.000012 0.011063 -0.000018 0.004189 -0.096757 0.221848 0.310725 0.087263
0.409359 -0.050852 -0.000038 -0.000163 -0.035189 0.000034 0.000002 0.000393 -0.000083 -0.108556 0.000029 0.009179 0.059084 -0.000129 0.095528 0.000139 -0.000004 -0.000029 -0.000033 0.000032 0.000022 0.000052 0.000525 0.047704 -0.139131 0.198031 -0.230150 -0.254713 0.000039 -0.010226 -0.000009 -0.375258 -0.000028 0.011530 0.000060 0.014106 0.016433 0.070862 0.409418 -0.307187
0.498793 0.049968 0.000021 -0.000206 -0.272123 -0.000055 0.000006 0.000712 0.000023 -0.191850 0.000052 -0.018519 0.172341 0.000003 0.097855 -0.000022 0.000038 -0.000115 -0.000101 0.000285 0.000087 -0.000053 0.000763 0.205360 -0.136644 0.069651 -0.220324 0.087704 -0.000101 -0.012547 -0.000005 -0.358759 -0.000046 0.011922 0.000005 0.023828 0.190224 0.144849 0.017805 -0.243085
0.146346 -0.365667 0.000056 0.000075 0.093623 0.000015 0.000002 0.000755 0.000004 0.197924 0.000021 -0.290971 -0.022754 0.000148 -0.055979 -0.000007 0.000023 -0.000043 -0.000005 0.000117 0.000008 -0.000089 0.000131 -0.203144 -0.187918 0.047674 -0.152073 0.485679 -0.000178 -0.012825 -0.000013 -0.366375 -0.000004 0.011436 -0.000049 0.102990 0.266198 0.062784 -0.293890 -0.061583
0.061083 -0.210282 -0.000033 -0.000033 0.014688 -0.000062 0.000003 0.001182 0.000009 0.191790 -0.000003 -0.114939 0.339859 0.000024 -0.253457 0.000068 0.000012 0.000067 -0.000018 0.000050 0.000097 -0.000029 0.000057 -0.171509 -0.026016 0.108715 0.124518 0.522470 -0.000017 -0.011823 0.000035 -0.272425 -0.000004 0.010498 0.000027 0.045311 0.241931 -0.023681 -0.745756 -0.020968
0.141981 -0.213557 0.000023 0.000082 0.179551 0.000013 -0.000035 0.000803 -0.000078 0.005714 -0.000058 -0.089458 0.348734 -0.000184 -0.150183 -0.000008 0.000009 -0.000037 -0.000015 0.000019 -0.000081 -0.000009 -0.001372 -0.200299 0.025278 -0.150165 0.195888 0.184739 0.000041 -0.012662 0.000006 -0.265046 0.000009 0.011645 -0.000012 0.046195 0.052037 0.059618 -0.893525 -0.086768
0.304323 -0.220163 -0.000017 0.000030 0.195816 -0.000051 -0.000012 0.000318 0.000124 0.237297 0.000025 -0.120001 0.344065 -0.000059 -0.184827 0.000044 0.000004 0.000082 -0.000035 0.000368 0.000110 -0.000027 -0.001663 -0.274089 0.059759 -0.074838 0.260507 0.235546 -0.000063 -0.014883 0.000009 -0.343549 0.000003 0.011185 -0.000027 0.050763 -0.052630 0.018284 -0.682525 0.010426
0.309320 -0.314770 0.000124 -0.000121 0.219068 -0.000028 -0.000011 0.000267 -0.000041 0.225604 0.000033 -0.144266 0.268716 -0.000153 0.103036 -0.000045 0.000022 -0.000007 -0.000033 0.000036 0.000089 0.000053 -0.000859 -0.136235 -0.293931 0.033248 0.000222 -0.083314 0.000007 -0.017026 0.000004 -0.444526 -0.000025 0.011888 -0.000058 0.058866 -0.133761 -0.029039 -0.278405 -0.408919
-0.039859 -0.159535 0.000070 0.000039 0.624171 0.000005 -0.000079 0.000557 0.000026 0.112615 0.000003 -0.078820 0.198253 0.000028 0.260512 -0.000008 -0.000015 -0.000036 0.000015 -0.000009 0.000097 0.000078 -0.003285 -0.240637 -0.447778 0.387255 -0.212354 -0.167151 -0.000005 -0.015082 0.000010 -0.295193 -0.000009 0.011226 -0.000006 0.085957 -0.003292 -0.222318 -0.086405 -0.183375
0.047822 0.068794 -0.000053 -0.000074 0.202225 -0.000006 -0.000007 0.000603 -0.000061 -0.003528 -0.000061 0.012704 0.363340 0.000003 0.277985 0.000023 0.000021 -0.000106 0.000074 0.000015 -0.000203 0.000051 -0.005557 0.066636 -0.415928 0.184629 -0.160077 -0.039810 -0.000029 -0.012386 -0.000012 -0.376238 -0.000020 0.011705 0.000046 0.046816 -0.145602 -0.103057 0.015772 -0.171588
0.068751 0.174407 0.000026 -0.000051 0.262130 -0.000082 -0.000022 0.000699 -0.000068 -0.030442 0.000038 0.069294 0.414401 0.000040 0.077860 -0.000087 0.000041 0.000033 -0.000019 0.000234 -0.000116 -0.000023 -0.004903 0.009942 -0.330307 -0.029130 -0.123729 -0.159287 0.000029 -0.009296 0.000017 -0.169894 -0.000020 0.012010 0.000081 0.065440 -0.151426 -0.021274 0.261303 -0.137154
-0.030984 0.202346 -0.000042 -0.000221 0.202921 -0.000051 0.000023 0.000371 -0.000026 0.005956 -0.000002 0.103341 0.313043 -0.000050 -0.411883 0.000046 0.000010 -0.000062 -0.000034 0.000038 -0.000022 -0.000083 -0.003145 0.183640 -0.477589 -0.060958 -0.031808 -0.296045 -0.000080 -0.008852 -0.000007 -0.067617 0.000035 0.011735 -0.000044 0.115001 0.211632 -0.001985 0.303792 -0.182852
-0.290516 0.095564 0.000005 -0.000064 0.021621 -0.000038 0.000015 0.001270 -0.000074 0.253075 0.000009 -0.019374 0.213721 0.000034 -0.084073 0.000086 -0.000023 -0.000099 -0.000021 0.000048 0.000044 0.000019 -0.001914 0.261179 -0.239223 0.017832 -0.067288 -0.357020 0.000066 -0.008219 0.000006 0.010818 0.000005 0.011433 0.000001 0.092898 0.190608 -0.027073 0.112566 0.000814
-0.049992 0.050648 -0.000006 0.000050 -0.118950 0.000032 -0.000013 0.001154 -0.000105 0.099866 0.000009 0.025371 0.317639 0.000028 0.090102 -0.000008 -0.000011 -0.000055 0.000095 0.000091 0.000066 -0.000026 -0.003875 0.184085 -0.301666 0.036488 -0.186868 -0.238266 -0.000021 -0.008485 -0.000034 0.020467 -0.000021 0.011685 0.000012 0.076197 0.295576 0.086671 0.184895 0.258147
0.025557 0.054585 0.000027 -0.000130 -0.191676 0.000005 -0.000052 0.000887 0.000039 0.022532 -0.000025 0.185005 0.308758 -0.000025 0.158369 -0.000046 -0.000001 0.000010 0.000064 0.000048 0.000046 0.000020 -0.003226 0.196383 -0.253489 -0.332553 -0.096061 0.128109 -0.000010 -0.007922 -0.000004 0.049012 0.000008 0.011582 -0.000011 0.063379 -0.043054 0.157139 0.007979 0.299598
0.009685 -0.000272 0.000018 -0.000084 -0.202077 -0.000043 0.000008 0.000282 -0.000069 0.229182 0.000018 0.189938 0.061914 0.000057 -0.136124 -0.000033 -0.000005 -0.000005 0.000100 0.000025 0.000062 -0.000097 -0.003185 0.074589 -0.393624 -0.058926 0.309809 0.089426 -0.000079 -0.010386 0.000015 -0.232745 0.000006 0.011698 -0.000078 0.104423 -0.078512 -0.176383 0.081952 0.290452
-0.248960 -0.069314 -0.000122 0.000005 -0.254075 0.000054 0.000052 0.000356 -0.000040 0.072369 -0.000102 0.136769 -0.109820 -0.000020 -0.054251 -0.000024 0.000016 -0.000005 0.000032 0.000222 0.000007 -0.000071 -0.002965 0.121963 -0.509031 -0.020496 0.236689 0.075653 0.000042 -0.012474 0.000010 -0.468246 -0.000037 0.011311 0.000022 0.120306 -0.086835 0.011693 0.001525 0.239211
-0.185229 0.141605 0.000026 -0.000127 -0.123414 -0.000060 0.000024 0.000420 -0.000042 -0.227204 -0.000037 0.058980 -0.200613 -0.000002 0.104640 0.000078 -0.000012 0.000005 -0.000029 0.000014 -0.000024 -0.000027 -0.003162 0.005097 -0.273515 0.087597 0.179886 0.068836 0.000002 -0.013305 -0.000006 -0.138843 0.000008 0.010483 0.000063 0.100092 0.031025 0.161744 -0.247818 0.107990
-0.147227 0.067275 0.000023 -0.000188 -0.138100 -0.000020 -0.000022 0.000265 0.000033 -0.092149 0.000007 -0.014114 -0.482150 -0.000027 0.232475 -0.000023 0.000011 0.000034 0.000013 0.000203 0.000051 0.000042 -0.006599 -0.178523 -0.182656 0.002217 -0.005037 0.063371 0.000020 -0.014438 -0.000015 -0.156942 0.000003 0.011038 0.000077 0.145789 -0.048231 -0.000995 -0.169025 0.038912
0.020442 0.017635 0.000069 -0.000205 -0.161603 -0.000085 -0.000009 0.000505 0.000032 0.239292 0.000007 0.153050 -0.326833 0.000017 -0.001256 -0.000023 0.000018 0.000022 -0.000025 0.000059 0.000088 -0.000103 -0.006705 0.001294 -0.077871 -0.140882 0.130113 -0.011514 -0.000095 -0.012887 0.000003 0.014992 0.000018 0.011485 -0.000054 0.079730 -0.105212 0.054882 0.080194 -0.017800
-0.214048 0.025893 0.000036 0.000001 -0.128223 0.000090 0.000035 0.000486 0.000066 0.210764 -0.000034 0.150682 -0.268669 0.000060 -0.131186 -0.000023 -0.000015 0.000027 -0.000026 0.000331 0.000020 -0.000079 -0.007225 0.007458 -0.140132 0.063564 0.234747 -0.012665 -0.000008 -0.010465 0.000004 -0.091093 -0.000043 0.011409 -0.000054 0.047368 0.111470 0.155081 0.151518 -0.006980
-0.326768 0.012818 0.000190 0.000013 -0.359221 0.000031 -0.000013 0.000773 -0.000066 0.278406 -0.000052 0.078492 -0.336766 0.000000 -0.046246 0.000025 0.000022 0.000149 -0.000041 0.000080 -0.000181 -0.000058 -0.007391 -0.165936 -0.266604 0.386599 0.078011 -0.080612 -0.000045 -0.010870 -0.000005 -0.200798 -0.000017 0.011311 0.000027 0.060513 0.074983 0.099830 0.144777 -0.008379
0.029008 0.180757 -0.000010 0.000035 -0.337349 -0.000014 0.000010 0.000917 0.000116 0.056850 0.000023 0.387978 -0.032949 -0.000178 0.215721 -0.000044 -0.000011 0.000032 0.000083 0.000141 0.000000 0.000089 -0.008294 0.134768 0.045635 0.126007 0.229145 -0.028300 -0.000002 -0.008106 -0.000004 -0.238374 -0.000010 0.012140 0.000032 0.003434 -0.197362 0.590224 -0.046380 -0.108106
0.172720 -0.014138 -0.000044 -0.000230 -0.336618 0.000053 -0.000023 0.000875 0.000052 -0.186609 0.000003 0.259376 -0.133076 -0.000087 0.002642 0.000023 -0.000019 0.000019 -0.000054 0.000018 -0.000009 -0.000167 -0.009832 -0.001387 -0.175752 0.125557 -0.003877 0.127420 -0.000010 -0.008110 0.000010 -0.208916 -0.000019 0.012927 0.000034 0.020443 0.243434 0.288969 -0.110560 -0.179362
0.237970 0.110372 0.000172 -0.000193 -0.009395 0.000058 -0.000010 0.000307 0.000072 -0.050247 -0.000010 0.289832 -0.182588 -0.000060 -0.214671 0.000024 0.000022 -0.000036 0.000058 0.000023 -0.000006 0.000035 -0.009597 -0.074693 -0.336332 0.403233 0.069649 0.262507 -0.000047 -0.007056 -0.000008 -0.023162 0.000022 0.012363 0.000050 0.014921 0.142981 0.101134 0.039422 -0.301949
0.102813 0.024279 -0.000003 -0.000013 -0.061074 -0.000014 0.000010 0.000657 -0.000027 -0.069730 0.000023 0.146081 -0.201318 -0.000055 -0.369399 0.000059 -0.000013 0.000044 0.000064 0.000093 0.000057 0.000074 -0.009299 -0.025174 -0.316628 0.301852 -0.035398 0.056381 -0.000007 -0.008319 -0.000012 -0.190596 0.000007 0.013213 0.000025 0.016782 0.330447 -0.083483 0.241474 -0.088274
0.165867 0.206836 -0.000036 -0.000143 0.181785 -0.000005 0.000011 0.001299 0.000042 -0.138402 -0.000018 0.231572 0.072583 -0.000069 -0.363523 -0.000029 -0.000008 0.000015 0.000020 0.000310 0.000045 -0.000092 -0.010361 0.066010 -0.279630 0.082847 -0.050227 -0.059009 -0.000046 -0.010160 -0.000012 -0.293690 0.000032 0.013915 0.000073 0.002112 0.133300 -0.089316 0.142990 0.033775
-0.031542 0.178350 -0.000044 0.000046 0.162368 0.000069 -0.000020 0.000650 0.000050 0.378993 0.000015 -0.012044 -0.019052 0.000068 -0.338064 0.000046 -0.000010 -0.000046 -0.000062 0.000040 0.000017 -0.000031 -0.009589 -0.091829 0.071453 -0.187577 -0.011259 -0.050075 -0.000012 -0.010818 0.000005 -0.578295 -0.000024 0.012648 0.000039 0.005102 0.177112 -0.068173 -0.005207 0.251863
0.243708 0.283908 0.000112 -0.000003 0.043190 0.000059 -0.000041 0.001263 -0.000088 0.128540 -0.000028 0.055395 0.273699 0.000060 -0.124426 -0.000045 -0.000009 0.000157 0.000056 0.000119 -0.000167 0.000044 -0.009083 0.192168 0.453395 -0.155924 -0.037294 0.002229 0.000089 -0.011116 0.000005 -0.434919 -0.000005 0.013639 -0.000050 -0.000194 -0.104270 0.202652 -0.095220 0.250642
0.109434 0.184245 0.000058 -0.000179 0.395942 0.000004 -0.000002 0.000667 -0.000054 0.131934 -0.000058 0.053643 0.105948 0.000056 -0.098129 0.000016 -0.000043 0.000081 -0.000089 0.000026 -0.000056 0.000090 -0.008999 0.216209 0.152296 0.052190 -0.049041 0.101284 0.000061 -0.011875 0.000012 -0.343990 -0.000040 0.014091 -0.000057 0.001575 -0.113014 0.176457 0.186440 0.316263
0.111827 0.032890 0.000016 0.000043 0.113759 0.000044 0.000014 0.000762 -0.000001 0.063548 0.000009 -0.073016 0.024554 -0.000021 0.212643 0.000030 0.000002 -0.000026 0.000033 0.000137 0.000065 0.000021 -0.010265 0.410199 0.395507 -0.029360 -0.089664 0.286726 -0.000031 -0.009078 -0.000017 -0.064881 0.000033 0.012980 -0.000017 0.000978 0.025712 -0.090528 0.208679 0.150896
0.102854 -0.025336 -0.000043 0.000004 0.243880 -0.000006 -0.000005 0.000680 0.000095 0.037192 -0.000017 -0.058083 -0.051530 -0.000029 -0.118214 -0.000022 -0.000019 -0.000075 -0.000028 0.000032 0.000027 -0.000017 -0.008754 0.345723 -0.024225 0.053629 -0.073162 0.047157 0.000002 -0.006110 -0.000014 0.039510 0.000021 0.013646 -0.000066 0.058860 -0.012045 -0.229016 0.221799 -0.052728
0.072389 0.079182 -0.000004 -0.000121 -0.104812 -0.000020 -0.000016 0.000958 -0.000058 -0.259123 -0.000035 0.032263 0.086617 0.000059 -0.239984 0.000029 -0.000027 0.000033 -0.000003 0.000120 0.000054 0.000023 -0.008781 0.298101 0.075860 0.046467 -0.136973 -0.078197 0.000012 -0.006822 -0.000005 0.015610 -0.000048 0.013617 0.000028 0.085185 0.173528 -0.112978 0.334989 -0.237495
-0.020180 0.015930 0.000011 -0.000177 -0.044496 0.000045 0.000073 0.000712 0.000118 -0.172006 -0.000021 -0.007811 0.036274 -0.000031 -0.175238 -0.000023 0.000023 -0.000077 0.000058 -0.000007 -0.000028 -0.000088 -0.008538 0.382309 -0.052713 0.142374 -0.190227 -0.219673 -0.000059 -0.006574 -0.000006 -0.000071 -0.000024 0.013503 -0.000007 0.129857 0.183552 -0.008924 0.049882 -0.248549
0.115860 0.085234 -0.000090 -0.000160 0.126434 -0.000009 0.000016 0.000992 0.000057 -0.035575 0.000025 0.194407 0.129614 -0.000013 0.046104 0.000042 -0.000043 -0.000072 -0.000026 0.000203 -0.000018 0.000090 -0.007119 0.352141 0.149052 0.123565 0.090076 -0.122625 0.000040 -0.009286 0.000008 -0.043058 0.000027 0.013716 -0.000014 0.070432 -0.038326 -0.062029 0.135773 0.071335
0.018073 -0.063941 -0.000019 -0.000176 -0.049886 0.000009 0.000013 0.000520 0.000056 -0.016553 -0.000046 0.126908 0.161277 -0.000054 -0.034605 -0.000088 -0.000060 0.000080 0.000024 0.000005 0.000047 0.000113 -0.005513 0.356467 0.059722 0.092635 0.264923 -0.040125 -0.000019 -0.007546 -0.000007 0.065983 0.000001 0.014494 -0.000029 0.049524 -0.062259 -0.137903 0.277860 -0.048764
0.238360 -0.216526 0.000102 -0.000064 -0.257587 -0.000044 0.000018 0.000927 -0.000047 -0.079818 -0.000059 0.146642 0.232312 -0.000050 -0.244589 -0.000063 -0.000015 0.000059 -0.000101 0.000045 0.000031 -0.000046 -0.004256 -0.090309 -0.093825 0.085047 0.249222 0.051678 -0.000168 -0.005443 -0.000009 0.345838 0.000001 0.014181 -0.000046 0.054132 0.174198 -0.317359 0.361778 0.032402
0.320547 -0.249817 -0.000144 -0.000159 -0.283968 -0.000008 -0.000027 0.000912 0.000092 0.161125 -0.000104 0.301321 0.196780 0.000061 0.054313 0.000019 0.000012 0.000027 0.000013 0.000005 -0.000038 0.000089 -0.003629 -0.057807 -0.236327 -0.139667 0.098150 0.213077 -0.000092 -0.003553 0.000004 0.087995 -0.000026 0.013670 0.000034 0.019822 0.072706 -0.240951 0.366524 -0.050498
0.140702 -0.345229 0.000037 0.000037 -0.656983 -0.000051 0.000008 0.000721 0.000062 0.172895 -0.000000 0.099832 -0.088423 0.000035 0.126662 0.000069 -0.000002 0.000025 0.000032 -0.000001 0.000046 0.000029 -0.003467 -0.325326 -0.246148 -0.060655 -0.353639 0.168396 0.000025 0.000309 -0.000002 0.189855 0.000022 0.013133 0.000046 0.078504 0.043579 -0.311734 0.296203 0.100170
0.134354 -0.172784 -0.000036 -0.000087 -0.529773 -0.000088 -0.000030 0.000625 0.000062 -0.102384 0.000045 0.382745 -0.107068 0.000007 0.175591 0.000023 0.000008 0.000016 0.000096 0.000078 -0.000181 0.000020 -0.003172 -0.325385 -0.232508 -0.080002 -0.120163 0.363071 0.000055 0.000887 -0.000009 0.043910 -0.000005 0.013732 0.000050 0.033235 0.119105 -0.048842 0.275647 -0.228324
0.031980 0.004170 0.000025 -0.000022 -0.544823 -0.000023 -0.000031 0.000592 -0.000011 -0.161720 0.000031 0.397462 -0.042396 0.000032 0.122764 -0.000026 -0.000027 -0.000004 -0.000062 0.000280 -0.000025 0.000044 -0.003039 -0.314012 -0.131229 -0.145453 -0.235240 0.128839 -0.000016 -0.000411 0.000014 -0.114387 0.000014 0.013098 0.000034 0.034306 0.114525 0.081699 -0.255516 -0.013792
-0.043675 0.000793 0.000033 -0.000111 -0.688956 0.000096 0.000014 0.000638 0.000015 -0.202043 0.000018 0.345842 0.166633 0.000059 0.021948 0.000044 0.000056 0.000105 -0.000043 0.000109 0.000007 0.000023 -0.002971 -0.352037 -0.191841 -0.166424 -0.132961 0.037254 -0.000102 0.000496 -0.000002 -0.099558 0.000010 0.011814 0.000030 0.071120 0.189896 0.073012 -0.465729 -0.076223
-0.019743 -0.167822 -0.000069 -0.000127 -0.727029 0.000005 -0.000074 0.000727 0.000062 -0.134683 0.000043 0.241607 0.233898 -0.000018 0.107350 0.000040 -0.000020 -0.000071 0.000052 0.000141 -0.000216 -0.000048 -0.002768 -0.305568 -0.048627 0.122626 0.278722 0.152555 -0.000031 -0.000533 0.000017 -0.079195 -0.000028 0.010801 -0.000044 0.041908 0.173860 0.178941 -0.374226 -0.081394
0.086975 -0.404864 0.000040 0.000035 -0.223984 -0.000020 0.000021 0.000384 -0.000088 0.047447 -0.000052 0.062556 0.056885 0.000050 0.127802 -0.000003 0.000040 0.000003 0.000063 0.000004 0.000126 -0.000045 -0.002476 -0.501506 -0.440270 0.088495 0.160154 0.094770 -0.000037 0.000686 -0.000010 -0.103047 0.000021 0.011524 -0.000053 0.064579 0.134119 0.279870 -0.020817 -0.016600
-0.003362 -0.495957 -0.000071 0.000051 -0.119616 -0.000071 -0.000007 0.000937 -0.000019 -0.046433 -0.000002 0.109846 0.007415 0.000150 0.176223 -0.000158 -0.000004 0.000075 -0.000054 0.000070 -0.000028 -0.000017 -0.001441 -0.455737 -0.568320 -0.076327 0.369977 0.302325 0.000023 0.000615 -0.000004 0.065455 0.000027 0.010974 -0.000002 0.084415 0.044774 0.353064 -0.034874 0.084496
0.015893 -0.130009 -0.000045 0.000034 -0.015640 -0.000027 0.000075 0.000602 0.000154 0.000673 0.000008 -0.043432 -0.120796 0.000029 0.499817 0.000048 0.000050 -0.000023 -0.000019 0.000125 0.000064 0.000016 -0.001116 -0.198423 -0.440741 0.343202 0.109945 0.170940 0.000024 0.000795 0.000004 -0.104817 -0.000029 0.011080 0.000045 0.054384 -0.018157 0.330937 -0.049742 0.010753
0.118421 -0.027685 -0.000072 -0.000105 -0.554725 -0.000038 0.000023 0.000334 0.000032 0.099318 -0.000049 -0.085498 -0.157721 0.000061 0.176920 0.000010 0.000024 -0.000021 -0.000038 0.000034 0.000129 -0.000029 -0.000578 0.012403 -0.320498 0.174937 -0.113324 0.216146 -0.000017 0.000663 -0.000007 0.211921 0.000020 0.011912 -0.000018 0.080878 -0.236136 0.077368 -0.029785 0.082156
0.084330 0.097447 0.000013 -0.000220 -0.334441 0.000158 0.000086 0.000667 -0.000063 0.202312 0.000007 0.071257 -0.026204 -0.000006 0.019458 -0.000157 -0.000031 -0.000011 0.000122 -0.000000 0.000098 -0.000020 -0.000828 0.120204 -0.106497 0.150880 0.118198 -0.024352 -0.000120 -0.000091 0.000009 0.043669 0.000034 0.013040 0.000001 0.054017 -0.122384 -0.150101 -0.211423 0.086721
0.002957 0.258357 -0.000024 -0.000059 -0.128762 -0.000052 0.000021 0.000683 0.000101 0.049127 0.000034 0.302187 0.084009 -0.000004 0.023788 -0.000014 -0.000013 0.000068 -0.000002 0.000031 -0.000009 -0.000042 0.000184 0.170751 -0.292752 -0.058331 0.275218 -0.223945 0.000069 -0.000328 0.000006 0.274914 -0.000018 0.013160 0.000030 0.011623 -0.058960 -0.170209 -0.073317 -0.078381
-0.346338 0.146661 -0.000082 -0.000006 -0.112577 0.000020 0.000020 0.000921 0.000036 0.090240 -0.000033 0.099130 0.043021 0.000015 -0.004192 0.000066 0.000025 0.000035 -0.000062 0.000276 0.000035 0.000026 -0.000990 -0.201225 -0.460963 -0.142759 0.159800 -0.180246 0.000023 -0.000347 -0.000002 0.243376 -0.000011 0.013255 0.000003 0.053426 0.436510 -0.313540 0.384102 0.205852
-0.505192 0.265625 -0.000022 -0.000049 -0.326928 -0.000036 0.000016 0.000387 -0.000084 0.095255 -0.000074 0.064289 -0.183184 0.000065 0.183014 0.000008 -0.000021 0.000015 0.000003 0.000321 -0.000018 0.000006 -0.001292 -0.020058 -0.385950 -0.616279 0.071081 -0.093814 -0.000086 -0.000411 -0.000012 0.076092 0.000001 0.012983 0.000022 0.061688 -0.020074 -0.305110 0.328105 0.018264
-0.421320 0.289627 0.000036 0.000029 -0.633037 0.000052 -0.000030 0.000813 -0.000040 0.112185 -0.000092 0.124227 -0.237478 -0.000094 0.050212 -0.000004 0.000076 -0.000044 0.000054 0.000009 -0.000127 0.000011 -0.000405 0.055475 -0.168633 -0.983210 0.229520 -0.308003 -0.000179 -0.000103 -0.000002 -0.008415 -0.000029 0.013212 -0.000010 0.039446 -0.048968 -0.142563 0.346058 -0.046297
-0.447946 0.336491 0.000058 0.000046 -0.346273 0.000032 0.000023 0.000523 -0.000039 0.235718 -0.000026 -0.011970 -0.391479 0.000020 -0.035677 0.000075 -0.000014 -0.000023 -0.000081 0.000224 0.000001 -0.000119 -0.000378 0.092504 -0.303013 -1.171515 -0.032936 -0.206491 0.000014 -0.000186 -0.000011 -0.115587 -0.000018 0.012587 -0.000009 0.069689 -0.261649 -0.021466 0.115131 0.208849
-0.260502 0.325433 -0.000068 0.000018 -0.112432 0.000057 0.000022 0.000565 -0.000063 0.191021 0.000009 0.034633 -0.212227 -0.000063 -0.009588 -0.000086 -0.000014 -0.000093 0.000073 0.000242 -0.000047 0.000047 0.000604 0.180618 -0.181542 -1.011845 0.259297 -0.002801 0.000028 0.000072 -0.000005 0.048654 0.000052 0.012318 0.000074 0.006636 0.110382 -0.050448 0.166840 0.177023
-0.103647 0.417256 -0.000001 -0.000001 0.240072 -0.000018 0.000011 0.000801 -0.000090 -0.053331 -0.000010 0.189858 -0.179369 -0.000021 -0.087975 0.000032 -0.000079 0.000059 -0.000080 -0.000016 -0.000135 -0.000050 0.000874 0.299950 -0.341591 -0.619255 0.372631 0.021994 0.000041 0.000596 -0.000004 -0.018520 0.000021 0.012157 -0.000058 0.001719 0.194148 0.165818 0.114952 0.044413
-0.256265 0.307941 0.000080 -0.000210 0.316847 -0.000001 0.000026 0.000349 -0.000063 -0.040438 0.000033 -0.167657 -0.539055 0.000041 -0.307008 -0.000032 0.000014 -0.000003 0.000117 0.000124 -0.000003 -0.000065 0.000504 0.226135 -0.270980 -0.256803 0.101003 0.146197 0.000048 -0.000572 -0.000012 -0.006475 -0.000001 0.011660 0.000066 0.027839 -0.028949 -0.008621 -0.088531 -0.149949
-0.090575 0.501292 0.000006 -0.000189 0.161307 -0.000021 -0.000026 0.000452 0.000041 -0.172414 -0.000005 -0.203913 -0.419687 0.000001 -0.238392 0.000008 -0.000046 0.000045 0.000046 0.000097 0.000050 -0.000032 0.000499 0.406392 0.077178 -0.016821 0.173611 0.232531 -0.000063 -0.003788 -0.000005 -0.106750 -0.000014 0.011315 -0.000053 -0.000263 0.005831 -0.103475 -0.107328 -0.047475
-0.193334 0.518122 -0.000109 -0.000142 0.074518 0.000015 -0.000026 0.000193 -0.000042 -0.085752 0.000020 -0.190013 -0.240997 0.000117 -0.126928 0.000011 0.000012 0.000087 0.000029 0.000133 0.000143 0.000087 -0.000388 0.336377 0.134126 0.237046 0.170259 -0.064997 0.000045 -0.007096 -0.000009 -0.017977 0.000008 0.011058 0.000033 -0.010320 0.079401 0.090642 -0.026118 -0.017157
-0.195381 0.371284 0.000038 -0.000089 0.050922 0.000058 -0.000027 0.000373 -0.000134 0.173004 0.000047 -0.265422 -0.111206 0.000079 -0.184494 -0.000032 0.000027 -0.000068 -0.000129 0.000156 -0.000055 0.000028 0.000930 0.093336 0.217967 0.421013 0.096628 -0.137186 0.000058 -0.005853 -0.000004 0.276889 -0.000011 0.009187 -0.000028 -0.013198 0.222022 0.187346 0.018652 -0.021329
-0.213896 0.206185 0.000027 0.000014 0.004538 -0.000050 -0.000011 0.000497 0.000073 0.189159 0.000011 -0.328759 -0.136284 0.000008 0.034446 0.000044 -0.000011 0.000050 -0.000040 0.000100 -0.000051 0.000010 0.000877 0.003734 0.349339 -0.034901 0.341863 -0.295239 0.000040 -0.007927 0.000007 0.473108 -0.000014 0.010577 0.000067 -0.026352 0.156462 0.091781 0.206175 0.209611
0.040240 0.234357 -0.000060 -0.000136 0.321945 -0.000068 -0.000047 0.000348 -0.000090 0.177186 0.000074 -0.243291 -0.204939 0.000109 0.118337 -0.000050 0.000051 0.000056 0.000080 0.000192 0.000064 0.000024 0.000409 -0.237176 0.288708 -0.549050 0.227915 -0.433218 0.000008 -0.007745 0.000001 0.548241 0.000025 0.009197 0.000002 -0.019395 0.035844 0.003654 0.180616 0.197252
0.104144 0.270765 -0.000050 0.000003 0.500430 -0.000063 -0.000013 0.000610 -0.000011 0.118162 0.000031 -0.017141 -0.113291 -0.000064 -0.299596 -0.000075 0.000008 0.000027 -0.000008 0.000055 -0.000091 0.000002 0.000268 -0.287570 0.140195 -0.691979 0.213644 -0.146071 -0.000036 -0.003858 0.000007 0.236400 -0.000030 0.008870 0.000044 0.000548 -0.389218 0.111866 0.061338 0.277959
0.347573 0.153208 -0.000048 0.000005 0.478404 -0.000045 -0.000051 0.000346 0.000061 -0.016420 0.000021 -0.106926 -0.190571 0.000023 -0.070663 0.000004 -0.000011 0.000002 0.000032 0.000036 0.000100 0.000009 0.000091 -0.260469 -0.065686 -0.350367 -0.186758 -0.022037 0.000053 -0.004014 -0.000013 0.186848 -0.000004 0.010565 0.000044 0.003442 -0.181778 -0.250263 0.214246 0.029237
0.418008 -0.009181 -0.000062 -0.000070 0.160678 0.000024 0.000012 0.000768 0.000236 0.027170 0.000020 -0.159623 -0.037888 0.000011 -0.225735 0.000043 -0.000001 0.000026 -0.000022 -0.000004 0.000002 0.000032 -0.000906 -0.119228 -0.032042 -0.298215 -0.270007 0.001847 0.000031 -0.002675 -0.000003 -0.047852 0.000016 0.010515 0.000139 0.001335 -0.014090 -0.466316 0.064565 -0.093505
0.391484 -0.023337 -0.000148 -0.000155 -0.068750 0.000041 0.000013 0.000499 -0.000032 0.015891 0.000002 -0.122107 -0.041459 -0.000061 -0.003644 0.000044 0.000042 -0.000053 0.000037 0.000279 -0.000062 0.000093 -0.000443 -0.003715 0.033931 -0.058055 -0.058368 -0.089398 0.000021 -0.004116 -0.000005 -0.095649 0.000015 0.009153 0.000025 -0.005274 0.028859 -0.685139 -0.162689 -0.209846
0.682379 0.036704 -0.000044 -0.000097 -0.044679 0.000050 -0.000013 0.000307 -0.000139 0.186119 0.000017 -0.069152 0.054423 -0.000048 -0.095334 -0.000147 0.000010 0.000029 0.000021 0.000066 0.000038 -0.000082 -0.001081 0.037850 -0.045454 0.247683 -0.026940 0.002851 -0.000071 -0.003712 0.000010 0.009660 -0.000025 0.011479 -0.000041 -0.009505 -0.273150 -0.605602 -0.413089 -0.222924
0.637129 -0.128903 0.000005 0.000055 -0.275456 -0.000033 0.000009 0.000201 -0.000004 0.188668 0.000049 -0.276248 0.192669 0.000128 -0.118310 0.000050 -0.000010 -0.000014 -0.000037 0.000224 0.000056 -0.000014 -0.001506 0.110901 0.105089 -0.077076 -0.231644 0.154680 -0.000025 -0.002544 0.000004 0.111568 -0.000005 0.011299 0.000045 -0.007685 -0.467374 -0.507647 0.025218 -0.044668
0.481329 -0.126164 -0.000020 0.000053 0.016688 0.000005 -0.000013 0.000666 -0.000004 -0.032036 -0.000001 -0.071794 0.220403 -0.000059 -0.274988 -0.000066 -0.000022 -0.000028 -0.000036 0.000272 -0.000003 -0.000035 -0.000422 0.093430 -0.056948 0.038927 -0.023695 0.396752 0.000054 -0.002898 -0.000016 -0.077871 0.000021 0.010781 -0.000026 -0.005113 -0.561571 -0.576047 -0.075159 0.023300
0.250089 -0.107229 0.000009 0.000030 0.073178 -0.000089 -0.000046 0.000867 -0.000092 -0.350585 0.000018 0.036199 0.396538 0.000020 -0.077917 -0.000027 0.000019 0.000024 -0.000068 0.000090 -0.000034 -0.000088 -0.001639 0.176323 0.114732 0.008460 0.099221 0.225108 0.000111 -0.004593 0.000000 0.003664 0.000014 0.010318 -0.000027 -0.033707 -1.045841 -0.271239 -0.042125 -0.036243
0.132921 -0.091434 -0.000090 -0.000069 0.073626 -0.000023 -0.000009 0.000334 -0.000029 -0.363690 0.000023 0.113430 0.491084 -0.000092 -0.123176 0.000044 -0.000039 -0.000068 -0.000025 0.000082 0.000070 -0.000070 -0.001971 0.143838 0.183389 0.224777 0.058855 0.012987 -0.000070 -0.003194 -0.000005 0.148120 -0.000000 0.010102 -0.000055 -0.046786 -1.112385 -0.337039 0.191446 0.147137
-0.111102 -0.103789 0.000058 -0.000015 -0.137985 -0.000040 -0.000052 0.000997 0.000025 -0.135083 -0.000037 -0.042031 0.295638 0.000022 -0.088762 0.000142 0.000012 -0.000019 0.000032 -0.000003 0.000050 -0.000020 -0.001656 0.058787 0.129545 0.243441 -0.222112 -0.109457 -0.000083 -0.005295 -0.000002 -0.004877 0.000013 0.009953 0.000082 -0.000127 -1.210895 -0.597684 0.031481 0.082259
-0.182721 -0.110674 0.000089 0.000026 -0.025992 0.000019 -0.000044 0.000709 0.000034 -0.049203 0.000038 0.116848 0.291858 -0.000146 -0.164906 0.000008 -0.000007 0.000047 -0.000023 0.000050 -0.000045 -0.000079 -0.001540 0.236570 0.015115 0.203330 -0.101686 -0.358231 0.000041 -0.005385 -0.000010 -0.067370 -0.000052 0.010019 0.000057 -0.014082 -0.640536 -0.178444 0.113457 0.156878
-0.240916 -0.218881 0.000009 0.000041 0.066271 0.000005 0.000023 0.000381 -0.000015 -0.010683 -0.000019 0.001911 0.001696 -0.000024 0.002912 0.000042 -0.000016 -0.000048 0.000035 0.000213 0.000037 0.000046 -0.001122 0.038146 -0.144763 0.097638 -0.030989 -0.409790 0.000083 -0.005642 -0.000020 -0.090713 -0.000042 0.009895 -0.000011 -0.009125 -0.165222 -0.342709 -0.104976 0.080302
-0.146793 -0.189327 -0.000113 -0.000059 -0.089966 -0.000108 -0.000045 0.000645 -0.000028 -0.003631 -0.000040 -0.179850 0.103923 -0.000145 0.387618 0.000043 -0.000006 -0.000043 0.000085 0.000275 0.000059 -0.000128 -0.001309 -0.051392 0.134881 -0.150396 0.106102 -0.138539 -0.000061 -0.005700 0.000007 -0.001667 0.000051 0.010116 -0.000028 -0.038000 -0.078082 -0.279488 -0.251618 0.231546
-0.032468 -0.267064 0.000018 -0.000203 0.129460 0.000058 0.000014 0.000752 -0.000016 0.002642 0.000001 -0.173724 0.005614 -0.000008 0.020055 0.000043 0.000003 0.000051 -0.000023 0.000149 -0.000178 0.000196 -0.002713 0.188750 0.181809 -0.042019 0.393259 -0.151407 -0.000062 -0.003527 -0.000001 -0.161701 0.000008 0.009804 -0.000013 -0.004016 0.011754 -0.360547 -0.248376 0.163474
-0.020055 -0.319102 -0.000090 0.000005 0.428592 -0.000027 0.000007 0.000416 -0.000046 0.222428 0.000049 -0.094243 -0.111107 0.000025 0.037897 -0.000043 0.000011 -0.000053 0.000099 0.000105 -0.000073 0.000026 -0.003267 0.137057 0.289564 -0.013701 0.189730 -0.237714 0.000037 0.000725 0.000009 -0.043503 0.000031 0.008509 0.000063 0.001718 0.441992 -0.199590 -0.541423 0.197336
-0.087700 -0.472126 0.000044 -0.000014 0.421554 0.000017 -0.000034 0.000506 -0.000106 0.110976 0.000019 0.045483 -0.146902 -0.000017 0.008864 -0.000025 -0.000023 -0.000066 0.000009 0.000128 -0.000034 0.000028 -0.004152 -0.187629 0.180373 0.070454 -0.074851 -0.302055 -0.000080 -0.000239 0.000003 -0.119431 -0.000027 0.009484 -0.000001 0.045092 0.289692 -0.128120 -0.491925 0.122312
0.164251 -0.188140 0.000029 0.000035 0.270541 0.000001 -0.000031 0.000788 0.000162 0.211090 -0.000010 0.320741 -0.022775 0.000026 0.018479 -0.000019 -0.000056 -0.000010 0.000064 0.000038 0.000049 0.000092 -0.004620 -0.169299 0.237885 0.059437 0.109035 -0.540144 0.000030 0.000058 -0.000008 0.083168 -0.000008 0.009709 0.000046 0.005276 0.246053 -0.065257 -0.211089 0.123596
0.230941 -0.150366 -0.000075 -0.000170 0.089806 0.000021 0.000038 0.000506 -0.000039 -0.062089 0.000006 0.261992 -0.111683 -0.000047 0.114937 0.000064 0.000043 0.000023 0.000078 0.000222 -0.000138 -0.000024 -0.004711 -0.175692 0.242360 0.099195 0.081409 -0.637611 0.000023 -0.000207 -0.000001 -0.077679 0.000007 0.009606 0.000050 0.006628 0.079449 0.074169 -0.000033 0.077892
-0.088717 -0.188976 0.000023 -0.000031 0.185783 -0.000052 0.000012 0.000522 0.000079 -0.135531 0.000040 0.097133 -0.039682 0.000004 0.013958 0.000016 -0.000021 0.000028 -0.000125 0.000085 0.000002 -0.000002 -0.005531 -0.201449 0.020926 0.117208 0.011442 -0.472227 -0.000054 0.000051 -0.000002 -0.128087 -0.000019 0.009289 -0.000020 0.004846 -0.006806 0.267269 0.324536 -0.012507
-0.103845 -0.163238 -0.000056 -0.000040 0.014220 -0.000004 0.000096 0.000191 -0.000132 -0.189733 -0.000032 -0.079025 -0.174446 0.000063 0.187787 0.000008 -0.000016 -0.000020 0.000050 0.000048 0.000045 -0.000089 -0.004266 -0.030326 0.153609 -0.076704 0.121538 -0.372801 0.000075 -0.000311 0.000016 -0.293546 0.000046 0.009786 0.000047 0.002121 -0.029500 0.029346 0.367772 -0.116090
-0.025420 -0.195151 0.000093 -0.000013 -0.062317 0.000033 -0.000019 0.000931 -0.000111 -0.017997 0.000069 -0.123169 -0.049892 0.000083 0.223930 -0.000004 0.000029 -0.000034 -0.000099 0.000077 0.000142 -0.000025 -0.004766 -0.198487 0.155455 -0.035227 0.158222 -0.257613 0.000012 0.000103 0.000003 -0.120722 0.000073 0.009049 -0.000016 0.002066 0.045315 -0.047583 0.330540 -0.369170
-0.276767 -0.233966 -0.000040 -0.000090 -0.099902 -0.000068 0.000011 0.000537 0.000123 0.155037 -0.000046 0.017048 -0.076677 0.000116 -0.001632 -0.000054 -0.000021 -0.000091 0.000058 0.000069 -0.000079 0.000017 -0.004744 -0.248193 -0.059195 0.212175 0.149126 -0.151640 -0.000036 -0.000247 0.000001 0.209757 0.000005 0.008792 0.000034 0.012603 0.057181 0.018765 -0.145781 -0.074923
-0.239230 -0.169379 0.000074 0.000015 -0.060291 -0.000005 -0.000012 0.000528 -0.000078 0.203758 0.000016 -0.056810 -0.162837 -0.000028 0.033002 0.000035 -0.000012 0.000068 0.000162 0.000254 -0.000013 -0.000059 -0.004739 -0.153676 -0.142333 0.123206 0.182957 -0.340903 -0.000039 -0.000277 0.000014 0.127439 0.000019 0.009253 -0.000044 0.017718 -0.059541 0.105997 -0.264381 -0.034882
-0.358729 -0.072531 -0.000021 0.000061 -0.207652 0.000042 -0.000027 0.000220 0.000021 0.212757 0.000021 0.034322 0.003276 -0.000024 -0.050685 0.000044 -0.000012 -0.000049 -0.000056 -0.000028 0.000065 -0.000048 -0.004526 -0.138055 -0.176610 0.051419 0.414800 -0.369746 0.000027 -0.000110 0.000006 0.465985 0.000004 0.011067 0.000045 0.002218 -0.154987 0.281995 -0.397003 -0.127401
-0.360620 -0.343844 -0.000056 0.000045 -0.103781 0.000008 -0.000024 0.000391 0.000087 0.400710 -0.000010 -0.201293 -0.292440 -0.000083 0.100377 -0.000030 0.000060 0.000011 0.000045 0.000094 0.000035 -0.000024 -0.002986 -0.093708 -0.113967 0.041790 0.106068 -0.355370 -0.000040 -0.000059 0.000003 0.283755 0.000009 0.011411 -0.000026 0.011567 -0.033723 -0.072351 -0.625014 -0.116686
-0.110688 -0.361915 -0.000012 0.000043 -0.303510 -0.000012 0.000033 0.000829 -0.000006 -0.165682 -0.000065 -0.169681 -0.095027 -0.000115 0.070360 -0.000022 0.000006 0.000115 -0.000070 -0.000004 0.000017 0.000008 -0.004074 0.018897 -0.044462 0.020657 0.224617 -0.579378 -0.000001 0.000597 0.000012 0.377196 -0.000017 0.011720 -0.000019 -0.000950 0.052138 0.015942 -0.438545 -0.149982
-0.510370 -0.316734 0.000025 0.000016 -0.439418 -0.000016 -0.000025 0.000926 -0.000034 -0.861928 0.000033 -0.116506 -0.008660 -0.000005 -0.308564 0.000011 -0.000024 0.000033 -0.000051 -0.000009 -0.000072 0.000032 -0.003451 -0.168959 -0.104183 -0.035061 0.336455 -0.130874 -0.000076 -0.000316 0.000003 0.276999 0.000020 0.010988 -0.000075 0.008340 0.040235 0.146815 -0.302348 0.260282
-0.267064 -0.192722 -0.000046 -0.000006 -0.269405 -0.000005 -0.000010 0.000518 0.000006 -1.267154 0.000029 -0.136625 -0.106618 0.000038 0.098788 -0.000076 0.000022 0.000024 0.000131 0.000125 0.000073 -0.000173 -0.003230 -0.134810 0.221350 -0.224406 0.210785 -0.268685 -0.000065 0.000416 -0.000002 0.067413 0.000010 0.010843 -0.000004 0.000523 -0.013999 0.044508 -0.060937 0.274812
-0.176618 -0.052527 0.000035 0.000047 0.090045 0.000012 -0.000001 0.000484 0.000066 -1.633631 -0.000069 -0.259961 -0.054769 -0.000012 -0.155843 -0.000024 -0.000023 -0.000020 0.000015 0.000169 0.000080 -0.000152 -0.003012 -0.266263 0.200443 -0.056184 0.092269 -0.148318 -0.000012 0.000503 0.000000 0.240053 0.000009 0.011271 0.000044 0.001188 -0.005317 -0.122211 0.247819 0.305857
-0.261090 0.250542 0.000035 -0.000149 0.145414 0.000023 0.000024 0.000293 0.000041 -1.484409 0.000027 -0.147688 -0.038581 0.000038 0.098337 -0.000121 -0.000004 -0.000021 -0.000033 0.000073 -0.000177 -0.000032 -0.004552 -0.246920 0.266743 0.170807 0.316677 -0.402113 0.000009 -0.003507 -0.000012 0.015429 0.000001 0.011420 0.000026 -0.000483 -0.101872 0.012009 0.052302 0.135644
-0.078638 0.172303 -0.000024 -0.000025 0.263444 -0.000000 0.000015 0.000399 -0.000047 -0.879821 0.000005 -0.211389 -0.049715 -0.000187 0.107002 0.000081 0.000022 0.000024 -0.000012 0.000227 -0.000030 0.000022 -0.003352 -0.114098 0.136347 -0.002020 0.266794 -0.022451 -0.000059 -0.006725 0.000000 0.118394 0.000007 0.010785 -0.000008 0.000468 0.126937 -0.024720 0.334909 0.065572
-0.255372 -0.023522 -0.000100 -0.000056 0.360930 -0.000006 0.000035 0.000704 0.000118 -0.024217 -0.000001 -0.260268 -0.058546 0.000084 0.163105 0.000033 -0.000023 -0.000038 0.000037 0.000198 0.000042 0.000033 -0.002171 -0.181883 0.020940 0.266231 0.123158 0.404711 0.000002 -0.006783 -0.000013 0.108682 -0.000025 0.011258 0.000029 0.003054 0.190752 -0.225103 0.271876 -0.110085
-0.173243 0.020558 0.000052 -0.000018 0.103967 0.000084 -0.000002 0.000745 -0.000001 0.559405 0.000069 -0.145567 -0.016615 -0.000021 0.102776 -0.000048 0.000025 -0.000008 0.000022 0.000068 -0.000011 -0.000027 -0.003197 0.079750 0.228263 -0.004645 -0.021075 0.243121 -0.000167 -0.006298 0.000006 0.159692 -0.000002 0.011733 -0.000065 0.003742 0.030790 0.038166 -0.069689 -0.251351
0.196452 0.444622 0.000008 0.000030 0.077436 0.000080 0.000019 0.000832 0.000089 0.051552 -0.000033 0.237494 0.245027 0.000043 -0.187561 0.000072 0.000019 0.000006 -0.000052 -0.000003 -0.000162 -0.000032 -0.004189 0.281778 0.412114 0.178307 0.117590 0.067733 0.000022 -0.007705 -0.000008 0.154501 -0.000006 0.011686 0.000046 0.001406 -0.046799 0.186292 -0.193418 -0.469799
0.130456 0.193999 0.000023 0.000069 0.149207 -0.000019 0.000009 0.001028 -0.000090 0.024197 -0.000046 -0.017190 0.173883 0.000066 -0.382950 0.000024 -0.000037 0.000063 0.000020 -0.000032 0.000059 0.000020 -0.005094 -0.013050 0.309116 0.336699 0.065650 0.049247 0.000003 -0.008567 -0.000006 -0.153417 0.000017 0.011455 -0.000014 0.029060 0.165212 -0.105032 0.010289 -0.300010
-0.021631 0.136980 -0.000010 0.000035 0.165293 0.000070 -0.000044 0.000780 -0.000141 0.201351 -0.000009 -0.167353 -0.102364 0.000047 -0.231332 0.000071 0.000023 -0.000082 -0.000024 0.000254 0.000090 -0.000147 -0.004953 -0.053589 0.103580 0.410201 -0.206467 0.064664 0.000040 -0.008465 0.000004 0.079879 0.000030 0.011896 -0.000005 0.095397 0.190045 -0.001213 0.021502 -0.026978
0.224243 0.292969 -0.000078 -0.000017 0.047983 0.000110 -0.000004 0.000550 -0.000163 0.357050 -0.000001 0.072330 0.008311 -0.000017 0.052768 0.000047 0.000005 -0.000028 -0.000029 0.000123 -0.000009 -0.000039 -0.004035 0.095527 0.115454 0.174660 -0.038132 -0.004213 -0.000076 -0.006936 -0.000023 -0.005133 0.000010 0.011362 -0.000029 0.043548 0.238356 0.095111 -0.094162 -0.071752
0.269636 -0.119481 -0.000002 -0.000180 0.010359 -0.000009 0.000039 0.000696 0.000005 0.187731 0.000057 0.036203 -0.051732 0.000063 -0.025678 -0.000047 0.000010 0.000045 -0.000003 0.000048 -0.000008 -0.000035 -0.003202 -0.036579 -0.043919 -0.076647 -0.208708 -0.285912 0.000028 -0.005926 -0.000008 0.011140 -0.000009 0.011586 -0.000096 0.127134 0.139621 0.005151 0.119236 0.279857
0.346174 -0.018019 0.000032 0.000029 0.102794 0.000053 0.000011 0.001172 -0.000051 0.052818 0.000050 0.144098 -0.052998 -0.000014 -0.240917 -0.000067 -0.000032 -0.000003 0.000018 0.000326 -0.000050 -0.000076 -0.004204 -0.059222 0.054251 -0.196052 -0.091220 -0.237578 -0.000136 -0.006734 -0.000044 -0.051175 -0.000008 0.012984 -0.000055 0.123744 0.071373 -0.095556 0.083418 0.101689
0.391364 -0.056187 0.000045 0.000009 -0.055652 0.000062 -0.000023 0.000952 0.000084 -0.225996 -0.000033 -0.005223 -0.037129 -0.000097 -0.279850 -0.000079 0.000023 0.000071 0.000053 0.000098 0.000012 0.000054 -0.004735 -0.163377 0.285911 -0.335764 0.196979 -0.030485 0.000012 -0.007800 0.000002 -0.274018 0.000026 0.012391 -0.000009 0.106684 -0.126757 0.055818 0.056313 -0.105666
0.285905 -0.010896 -0.000032 -0.000040 -0.158335 -0.000056 0.000009 0.001153 -0.000037 0.021751 -0.000013 -0.080026 -0.139789 -0.000053 -0.329819 -0.000002 -0.000023 0.000042 0.000019 0.000096 -0.000058 0.000058 -0.004706 -0.169888 0.302636 -0.140384 0.101337 0.111376 -0.000031 -0.010100 0.000007 -0.523953 -0.000017 0.013309 -0.000050 0.116609 -0.111703 -0.026198 0.148838 -0.261422
0.195614 -0.022891 0.000032 -0.000123 -0.079543 0.000059 -0.000046 0.000673 0.000035 0.229601 -0.000002 -0.060176 -0.226648 0.000059 -0.362023 -0.000018 0.000057 0.000034 -0.000067 0.000129 -0.000070 0.000010 -0.004355 -0.161746 0.240697 -0.105803 0.253398 0.279924 0.000010 -0.008887 0.000001 -0.261098 0.000012 0.012600 -0.000012 0.119264 -0.063197 -0.336963 -0.073843 -0.367513
0.069178 -0.074100 -0.000101 -0.000010 -0.038491 -0.000031 -0.000018 0.000911 -0.000004 -0.021392 0.000009 -0.107620 -0.173105 0.000051 -0.119961 0.000058 0.000031 0.000028 0.000011 0.000264 0.000040 -0.000100 -0.003718 -0.291056 -0.033980 -0.057802 0.063808 0.083511 -0.000044 -0.009610 0.000012 -0.170478 0.000005 0.012407 -0.000008 0.159871 -0.000122 -0.254655 -0.191780 -0.335085
0.075193 -0.042388 0.000039 -0.000013 -0.047961 0.000024 0.000027 0.000436 0.000031 -0.031218 0.000009 -0.048502 0.068838 0.000048 -0.091367 -0.000033 -0.000016 -0.000043 -0.000016 0.000185 -0.000081 0.000027 -0.001429 -0.219270 0.127955 -0.018764 -0.002441 -0.143585 -0.000009 -0.008647 -0.000024 -0.211012 -0.000017 0.012330 0.000064 0.122348 -0.039517 -0.096721 -0.170045 -0.285971
-0.037650 0.118657 0.000021 0.000002 0.261009 -0.000024 -0.000024 0.000914 0.000001 -0.199674 0.000020 0.154598 0.230124 0.000221 0.072250 -0.000081 -0.000035 -0.000018 0.000101 0.000032 -0.000205 0.000020 -0.001171 -0.064790 -0.039171 0.126035 0.147012 -0.157962 -0.000013 -0.009193 0.000007 -0.112783 -0.000007 0.012124 -0.000063 0.065373 -0.168165 0.168954 -0.267298 -0.185641
-0.203463 0.013373 0.000026 -0.000015 0.349822 -0.000021 -0.000029 0.000741 0.000047 -0.181662 0.000041 0.098316 0.197978 -0.000070 -0.018850 -0.000024 0.000040 0.000055 -0.000042 0.000113 0.000020 0.000025 -0.001173 0.114015 0.086295 0.354588 -0.024703 -0.070496 -0.000088 -0.006025 0.000007 -0.091622 -0.000029 0.011865 0.000024 0.051413 0.347980 -0.099690 -0.047383 0.090138
-0.190560 0.032968 0.000052 -0.000177 0.312977 0.000059 -0.000046 0.000474 -0.000054 0.053731 0.000111 0.063148 0.291866 -0.000041 -0.002156 0.000080 0.000040 -0.000018 0.000018 0.000084 0.000137 0.000036 -0.002760 0.338886 0.284865 -0.122578 0.154840 0.063247 -0.000031 -0.005398 -0.000006 0.180240 0.000015 0.011000 0.000043 0.002551 0.472465 0.130008 0.125260 0.062443
0.057747 -0.219165 0.000091 0.000015 0.150049 -0.000038 0.000045 0.000873 0.000117 0.124532 0.000020 -0.038865 0.131417 0.000011 0.203908 0.000018 -0.000004 0.000050 0.000086 0.000087 0.000092 0.000161 -0.003815 0.195374 0.261652 -0.147293 -0.020629 0.004277 -0.000070 -0.003050 -0.000005 0.314218 0.000013 0.011079 0.000135 0.007330 0.310800 -0.036002 0.111562 0.046496
-0.137057 -0.237449 0.000031 -0.000135 -0.024254 0.000038 -0.000014 0.000477 0.000042 0.007226 -0.000064 -0.005373 -0.143722 0.000116 0.333938 0.000025 -0.000023 -0.000026 0.000056 0.000064 -0.000183 -0.000172 -0.005101 0.103366 0.103136 -0.046940 -0.050725 0.071661 -0.000099 -0.003681 -0.000001 0.018959 -0.000011 0.011587 -0.000031 0.040635 0.247978 0.022356 0.030098 -0.003446
-0.123601 -0.071493 0.000039 -0.000106 -0.009520 0.000041 -0.000012 0.000628 -0.000036 0.059663 0.000083 0.207790 0.026996 0.000059 -0.109583 -0.000080 0.000022 0.000022 0.000096 0.000099 -0.000136 0.000000 -0.003688 -0.096148 0.023620 -0.075754 0.090504 0.050496 -0.000044 -0.001759 0.000022 -0.008035 -0.000037 0.011864 -0.000017 0.055059 0.028987 0.096523 -0.214460 -0.101754
-0.361377 -0.125611 -0.000042 0.000059 -0.071625 -0.000026 0.000093 0.000653 0.000082 0.259704 0.000090 0.036030 0.090799 -0.000129 -0.167745 0.000055 0.000002 0.000025 0.000036 0.000145 -0.000059 -0.000003 -0.004478 -0.230475 0.169173 0.036573 -0.210379 0.028044 0.000019 -0.002763 -0.000009 0.016758 0.000042 0.012304 -0.000086 0.065741 0.026368 0.018184 -0.163638 -0.374236
-0.249437 0.087224 -0.000023 0.000018 -0.249806 -0.000002 0.000003 0.000686 -0.000024 -0.012808 -0.000036 0.128670 0.016461 -0.000144 0.067361 0.000113 -0.000046 0.000009 -0.000033 0.000029 0.000136 0.000151 -0.005772 -0.109014 0.166361 -0.074902 0.021515 -0.132153 -0.000109 -0.002419 0.000000 0.046042 0.000013 0.012241 0.000132 0.009266 -0.366744 -0.106246 -0.261906 -0.551937
-0.208279 0.198460 0.000007 0.000039 0.032955 -0.000006 -0.000007 0.000654 0.000055 -0.118454 0.000014 0.069400 -0.009766 -0.000023 0.129313 -0.000100 0.000048 0.000004 0.000213 0.000199 -0.000243 0.000031 -0.005521 -0.239573 0.097091 -0.305395 -0.159566 -0.075209 0.000095 -0.001241 -0.000008 0.185965 0.000000 0.013062 0.000007 0.025176 -0.529585 -0.044167 -0.238891 -0.507453
-0.139380 0.126162 -0.000044 0.000026 0.049387 -0.000052 0.000012 0.001023 0.000037 0.042916 0.000060 0.003649 0.013608 -0.000002 0.048290 0.000118 0.000011 -0.000016 -0.000058 0.000148 0.000099 0.000032 -0.006419 -0.383206 0.004629 -0.058310 -0.276657 0.064505 -0.000072 -0.001793 -0.000000 0.128726 0.000022 0.013355 0.000049 0.054774 -0.390928 -0.311775 0.192977 -0.575203
0.278602 0.138847 -0.000031 -0.000131 -0.179240 -0.000009 0.000022 0.000551 -0.000069 -0.211690 -0.000013 0.066109 -0.008848 -0.000101 -0.229539 0.000030 -0.000045 0.000014 0.000062 0.000083 -0.000013 0.000046 -0.007034 -0.105105 -0.122667 0.171845 -0.233649 -0.005768 -0.000069 -0.001209 -0.000003 0.097139 0.000025 0.014069 0.000036 0.054519 -0.209772 -0.419675 0.274407 -0.704767
0.100665 0.277734 0.000035 -0.000070 -0.107385 0.000043 0.000026 0.001192 0.000028 -0.240973 -0.000007 0.217078 0.051392 0.000126 -0.108469 -0.000035 0.000002 -0.000025 0.000057 0.000227 -0.000118 0.000167 -0.007770 -0.084032 0.042404 0.195694 -0.068934 0.048781 -0.000038 -0.001541 -0.000005 -0.041500 -0.000023 0.013289 0.000036 0.002151 -0.325888 -0.049432 0.011629 -0.921404
0.052395 0.299101 0.000058 -0.000046 -0.516166 0.000014 -0.000035 0.000822 -0.000014 0.092907 0.000103 -0.003835 0.295979 0.000013 -0.004033 0.000051 -0.000021 0.000087 0.000003 0.000125 -0.000304 0.000147 -0.008136 -0.163357 0.245810 0.214316 -0.010027 0.057645 0.000028 -0.003069 -0.000000 0.137182 0.000003 0.013694 0.000030 -0.000118 -0.284887 0.133925 0.234180 -0.657545
-0.087830 0.471507 0.000043 0.000027 -0.016375 0.000020 0.000004 0.000759 0.000019 0.095289 0.000042 -0.209909 0.331380 0.000029 -0.076224 0.000029 0.000025 -0.000043 -0.000041 0.000220 -0.000002 0.000017 -0.007396 -0.381248 0.134723 0.150343 -0.141470 0.038956 0.000053 -0.001416 -0.000004 0.049536 -0.000007 0.012636 0.000068 0.003537 -0.021816 -0.018071 0.448342 -0.363728
-0.296616 0.388312 0.000049 -0.000251 -0.133622 0.000011 0.000032 0.000754 -0.000086 0.177259 0.000060 -0.214886 0.190807 -0.000047 0.037998 -0.000011 -0.000011 0.000027 0.000139 0.000243 0.000042 -0.000020 -0.006720 -0.470525 0.066374 0.008090 0.078167 0.030287 -0.000010 -0.001500 0.000018 0.102970 -0.000007 0.012318 -0.000096 0.005181 0.104893 -0.060897 0.501354 -0.300469
-0.369261 0.262705 -0.000044 -0.000067 0.137635 -0.000016 -0.000015 0.000437 -0.000106 0.192853 -0.000067 -0.219961 0.328671 -0.000092 0.246847 0.000069 0.000050 0.000088 -0.000026 0.000031 0.000039 0.000032 -0.007745 -0.372182 0.262972 -0.049719 -0.014937 0.044100 -0.000048 -0.002203 0.000015 -0.002289 -0.000032 0.012461 0.000050 0.003512 0.063645 0.241949 -0.075841 -0.228098
-0.477488 0.164376 0.000174 0.000036 0.253750 -0.000035 -0.000010 0.000289 -0.000010 0.286580 0.000033 -0.277520 0.497878 -0.000005 0.027202 -0.000033 0.000010 -0.000003 0.000094 0.000146 0.000100 -0.000018 -0.007335 -0.465085 0.333914 -0.100971 0.024026 0.181384 -0.000019 -0.001648 -0.000016 0.205480 0.000008 0.011878 0.000137 0.001890 0.274483 0.512011 0.075606 -0.326467
