0.001147
-1.496554
1.635002
-0.003262
0.003980
0.006217
-0.061162
-0.203064
-0.606139
-0.001513
-0.201412
-0.267048
0.003921
-0.023035
-1.697210
-0.020058
-0.187869
-0.009256
1.119027
1.620052
-0.032502
0.001235
-1.301242
-0.232793
-0.000595
1.412246
-0.927404
-0.022891
-0.016744
-0.024792
-0.777349
0.000620
0.000543
-0.028258
0.020802
-0.388239
0.005376
0.867111
0.021621
-0.035894
-0.675976
-0.022577
0.006542
-0.021995
0.869301
-0.884175
0.338516
1.552076
1.386170
-1.964876
0.022467
-0.065455
-1.766519
-0.659908
0.000007
0.020669
-0.124567
-1.659939
-0.800888
-0.015463
0.001667
-0.661604
1.134185
-0.210195
-1.896817
-0.408342
0.002180
-1.565875
-0.003004
0.880234
0.009819
1.664649
0.017721
-0.009494
-0.003151
0.032332
-0.013630
3.555180
0.001525
-0.042160
0.000034
1.032873
0.447476
1.239914
1.572836
0.001155
-0.000018
-0.013100
0.015602
1.436351
-0.000352
1.990725
-0.030245
-1.634698
0.591420
1.352321
0.023248
1.703296
-0.029780
2.260236
1.188848
-0.000237
-0.011846
-0.001307
1.254482
-0.046028
0.037239
1.598961
1.561575
0.000004
1.723463
-1.739177
-0.326670
0.968528
1.554541
0.000701
-0.000077
0.011619
-0.002913
-0.040042
-1.419944
-0.000181
1.879664
1.303374
-1.876871
0.000008
0.078135
-1.874352
0.155800
-0.992802
-0.000532
-0.399866
-0.946600
0.011034
-0.203836
0.023171
-1.409129
-0.009923
0.000283
-0.727177
1.636559
0.000254
-0.000133
-0.437468
1.563938
3.304259
1.407467
1.628180
-0.004876
0.376222
-0.003127
-1.065212
-0.000064
