-0.002592
-0.001925
-0.018919
0.044697
0.020545
-0.000005
-0.007885
0.035429
-0.018251
-0.000078
0.000979
6.910879
6.345094
0.012457
-0.003302
0.000849
0.019363
-0.000290
-0.015199
6.227213
-0.019853
0.021172
-0.005257
-0.002773
0.003811
-0.005545
0.004078
0.000297
-0.012062
0.001665
-0.001898
0.000828
0.017102
-0.031303
0.004673
0.000368
0.018901
0.001214
0.000443
-0.000856
0.030105
0.004128
-0.000398
-0.002529
0.000456
0.000740
0.001730
-0.014566
-0.025656
0.005059
0.029546
0.000360
-0.000376
-0.020903
0.001107
0.002650
0.017595
-0.000218
0.000691
-0.247780
-0.002950
-0.007223
0.036775
-0.003374
-0.000568
-0.000016
-0.000414
-0.003366
-0.015612
0.005001
0.000037
-0.004625
-0.000317
-0.012172
0.006998
-0.023067
0.000059
7.799762
0.000676
0.017280
0.000274
0.000588
5.496747
-0.016897
-0.000180
0.000172
0.005871
-0.002229
-0.015847
-0.008252
0.000163
-0.000999
-0.435832
0.006742
-0.005692
0.000247
-0.004025
-0.022068
7.683710
0.001408
0.005932
0.001856
-0.006618
-0.003451
0.001497
-0.016331
0.000091
0.000966
-0.000560
0.000145
7.636981
0.012298
0.000145
0.024609
0.006626
0.028515
-0.014356
0.003043
-0.003309
0.001061
0.006402
-0.000295
-0.417985
0.009365
-0.016599
0.035562
-0.000583
-0.006847
0.007171
0.000340
-0.005147
-0.000733
-0.000907
-0.001594
-0.001083
0.032655
0.001732
0.025368
-0.001798
-0.002495
0.001645
-0.404777
5.427849
0.002308
-0.007049
0.000456
0.000875
8.933440
0.024541
-0.000742
0.005128
-0.000120
-0.004384
-0.003459
-0.001575
0.004451
0.028804
0.001071
-0.000130
0.000730
-0.019486
0.000028
0.022714
0.000092
-0.000363
0.005355
-0.002054
-0.020789
0.001633
-0.006399
-0.000507
-0.010513
-0.000616
