-0.051673
-0.001905
0.000087
-0.353386
0.426336
0.530419
-0.181596
0.324211
0.226359
-0.158098
0.414750
-0.003451
-0.483580
-0.001440
-0.012120
-0.288080
-0.001302
-0.341315
-0.000807
-0.000320
-0.284796
-0.489939
-0.003309
-0.001468
0.179721
-0.006644
0.451334
-0.419874
0.137263
-0.360646
-0.142639
-0.088083
0.113380
-0.307140
-0.005944
-0.000066
-0.000705
-0.001066
0.458753
-0.001099
-0.002482
0.220869
-0.375600
0.235041
-0.000389
-0.199490
0.055372
-0.000097
-0.452621
-0.003681
-0.347948
-0.165236
-0.309961
-0.004921
-0.006243
0.156315
-0.277645
-0.342683
0.000070
0.002521
-0.003597
0.204234
-0.172414
0.294977
0.146475
-0.001636
-0.000781
-0.144104
-0.003407
-0.002019
-0.195384
-0.011381
