-0.012324
0.001569
-0.001383
0.000114
-0.000316
-0.009513
-0.001260
-0.034907
-0.000776
0.132788
-0.026188
-0.004975
-0.012764
-0.004390
-0.000665
-0.002753
0.117178
-0.001988
0.123313
-0.006929
-0.007084
-0.001265
-0.005447
-0.000783
-0.005171
-0.001115
-0.028617
-0.033780
0.000599
-0.001187
-0.005703
0.180394
-0.002070
-0.009779
-0.002813
-0.000169
-0.000761
0.000018
-0.000277
-0.001666
0.000087
-0.001847
-0.001668
-0.003488
-0.008235
-0.000206
-0.003374
0.202651
-0.000763
-0.005724
-0.008575
-0.016151
-0.008000
-0.000322
-0.001253
-0.004889
-0.000207
-0.001682
-0.000778
-0.011017
-0.005842
0.000814
-0.004584
-0.000376
-0.009785
-0.019932
0.001662
-0.002767
0.093843
0.000470
-0.001715
-0.001653
-0.000887
-0.013068
-0.001820
-0.014260
-0.005369
-0.005208
0.000579
-0.009603
0.000886
-0.009010
-0.001933
0.147871
-0.004379
-0.007065
-0.001705
0.182027
-0.003453
-0.013390
-0.001459
-0.029133
-0.003866
-0.001232
0.158096
-0.002734
