0.606417 0.494629 -0.000007 -0.534569 -0.622219 0.727554 0.755929 0.974460 -0.000238 0.000124 0.691001 0.775204 0.608493 0.845162 0.752095 -0.450922 -0.193247 0.734236 -0.384176 0.000073 -0.000014 -0.000009
-0.728995 -0.753591 0.000003 0.648324 1.007473 -0.663342 -0.628561 -0.599142 -0.000287 0.000104 -0.625899 -0.705270 -0.454999 -0.945772 -0.805891 0.875063 0.562085 -0.745753 0.637503 0.000016 0.000028 0.000021
0.026585 0.136542 -0.000003 0.129298 0.307129 -0.056114 -0.002282 0.305679 0.000033 0.000161 -0.054288 -0.052621 0.003244 -0.022560 0.049232 0.320702 0.030649 -0.109970 0.453856 -0.000022 -0.000040 0.000010
0.409085 0.412299 -0.000002 -0.312805 -0.490806 0.433280 0.647375 0.229533 0.000030 0.000068 0.399252 0.477136 0.413094 0.631359 0.243914 -0.322501 -0.017180 0.401080 -1.015118 0.000016 -0.000126 -0.000066
0.417522 0.407447 -0.000004 -0.235100 -0.234054 0.377378 0.021730 -0.019541 -0.000047 0.000019 0.370637 0.372957 0.345040 -0.029384 0.574757 -0.493680 -0.222210 0.565032 0.095587 0.000016 -0.000046 0.000013
-0.746303 -0.425763 -0.000006 0.555482 0.628207 -0.545953 -0.753408 -0.656467 -0.000152 0.000024 -0.513890 -0.581415 -0.307491 -0.367517 -0.292422 0.815714 0.519836 -0.710464 0.361018 0.000014 -0.000048 0.000015
-0.059702 -0.039091 0.000002 0.216082 0.053020 -0.175668 -0.009326 0.030022 0.000102 0.000061 -0.179578 -0.162067 -0.020471 -0.185640 -0.465111 0.334101 0.185268 -0.524997 0.020299 0.000001 0.000023 0.000002
1.070251 0.353521 0.000003 -0.665259 -0.996394 0.854427 0.742553 0.896309 -0.000213 -0.000085 0.814647 0.889319 0.659495 1.091835 0.816123 -0.641698 -0.648447 0.936328 -0.693989 0.000050 0.000039 0.000030
-0.672234 -0.118343 -0.000007 0.464797 0.659119 -0.449244 -0.379012 -0.209088 -0.000031 -0.000098 -0.415186 -0.482264 -0.148307 -0.431351 -0.581318 0.172564 0.158198 -0.385386 0.775106 0.000001 -0.000074 -0.000001
0.309822 0.277793 0.000000 -0.033123 0.166863 0.115189 0.381391 0.321903 0.000038 -0.000072 0.102409 0.128776 -0.001942 0.465371 0.146904 -0.044621 0.143889 0.276995 -0.316039 -0.000009 0.000037 0.000012
0.083878 0.038383 -0.000003 0.168502 0.316015 -0.087909 0.041712 -0.418021 -0.000038 0.000021 -0.087270 -0.091008 -0.403614 -0.159857 0.175236 0.107689 0.318657 0.173403 -0.208633 0.000007 0.000041 -0.000105
