-0.016896
-0.128548
-0.169060
-0.091871
-0.000571
-0.003800
-0.000374
-0.007304
-0.227201
-0.008841
-0.003610
-0.001422
0.048130
-0.357776
-0.000367
-0.000798
-0.329227
-0.050648
0.007393
-0.009025
-0.003756
-0.001274
-0.008857
-0.014012
-0.218733
-0.088746
-0.000258
-0.454978
-0.000024
0.002221
-0.001015
0.001178
-0.001980
-0.014393
1.013900
0.002816
-0.000289
-1.643916
-0.001069
-0.000978
-0.445895
-0.472383
-0.294570
-0.003011
-0.000669
-0.000990
-0.002880
-0.322109
-0.634051
-0.009956
-0.001600
-0.040006
-0.000493
-0.001251
-0.001735
-0.053246
-0.003924
-0.007373
-0.107873
-0.722430
-0.005852
-0.002649
-0.021704
-0.000236
-0.014955
0.002884
-0.380281
-0.001634
-0.138170
-0.007475
-0.322617
0.006547
0.520983
-0.138374
-0.008779
-0.423546
-0.211662
-0.006654
-0.001641
-0.278210
-0.002295
-0.001553
-0.001660
-0.017659
-0.360559
-0.116387
-0.001215
-0.004294
-0.487544
0.182232
-0.316961
-0.001244
-1.019691
-0.019189
-0.000101
-0.001960
-0.000891
-0.035410
0.002852
-0.018754
-0.086175
-0.031060
-0.001329
-0.008860
-0.002224
-0.013526
-0.010393
-0.225338
-0.017284
0.025575
-0.005614
-0.000703
-0.139045
-0.003964
-0.001651
-0.003997
-0.076021
-0.000983
-0.599779
-0.037720
-0.007775
-0.003859
-0.349587
-0.002815
0.086815
-0.040435
-0.752612
-0.003792
-0.003963
-0.010539
-0.000811
-0.000102
-0.004529
0.000220
0.215242
-0.004575
-0.001156
-0.008294
-0.001737
-0.005156
-0.005491
-0.001461
-0.011264
-0.009999
-0.936177
