4.027217
-0.014218
-0.010512
0.000187
0.030868
0.000066
0.000019
-0.018563
3.945672
-0.019125
0.032629
-4.606674
0.039185
-1.564894
0.002469
0.003701
4.754453
-3.397367
0.013049
-0.000124
3.357559
-0.005746
-0.002379
0.000144
-0.017575
3.318168
-0.000423
0.010823
0.000294
0.026718
0.000618
0.000675
0.000864
-0.014171
-0.000064
0.000147
-2.418985
-0.008340
-2.626029
0.000763
-0.000102
0.001694
-0.010036
-0.014322
0.000550
6.919240
-0.006074
5.912576
-0.019781
-0.006752
5.064287
-0.032543
-0.010081
0.006625
-0.037070
-0.014905
0.001495
-0.041049
3.094652
0.005064
3.445930
-0.000015
-3.206569
0.028042
0.020279
0.024418
-0.014234
0.001601
0.000322
-4.488300
-2.329356
3.247026
3.045364
0.004551
0.000319
0.018473
-4.810993
-0.000828
-0.017225
-0.003214
-2.907314
3.204538
0.000769
0.011444
-0.019211
-0.010213
-0.000011
0.000349
-0.000587
6.377287
-0.024836
0.017168
0.026510
-2.188260
0.006505
-0.000385
0.022792
-0.000425
-2.344290
-0.020108
5.007787
0.012309
0.008044
0.029145
0.000169
-0.025420
0.016101
0.023100
0.004529
0.000054
0.000109
-0.000137
-3.464984
-0.033719
-0.024002
-0.001442
0.008647
-0.002859
-0.003110
0.180630
-0.002074
0.015671
0.000244
-4.886532
-0.023583
0.000373
-0.013841
0.005163
0.026480
0.030641
-0.000598
-0.004192
0.027456
-0.032926
-2.234434
-0.006995
0.004822
-0.000913
6.599751
0.019871
-2.957482
-0.025788
-0.009944
2.939514
-0.000126
-0.018102
0.022329
-4.692464
-0.001857
-0.003258
0.005519
-0.015419
0.028497
-0.002932
-1.346704
-0.000052
0.025178
0.007539
-0.006184
-0.026430
-0.003201
0.000228
-0.002027
-2.976060
-2.633122
4.324141
0.004178
0.004315
0.002114
0.000768
-0.005907
3.054783
3.495342
-3.302434
0.017300
3.253196
0.012360
-0.029275
1.511157
0.000052
-0.004556
5.879484
-0.006269
5.622530
-0.009282
0.026389
0.004541
4.603404
-0.018476
0.006439
-1.795785
0.009203
