-0.094180
0.217972
0.000812
-0.375854
-0.002887
-0.000548
-0.000526
0.002606
0.002376
-0.243344
-0.382008
-0.000083
-0.341687
-0.001498
0.000288
-0.002550
-0.370811
0.206141
-0.002450
-0.533034
-0.001672
-0.001980
-0.000939
-0.480707
-0.288085
-0.001277
-0.000665
-0.009084
-0.001424
0.241512
-0.020430
-0.211291
0.292812
-0.000788
-0.000016
-0.000522
-0.000249
-0.035296
-0.000630
-0.000007
0.000276
-0.001474
-0.289287
0.000463
-0.001544
-0.000692
-0.001843
-0.575951
-0.001780
-0.292140
-0.390264
-0.000697
-0.003773
0.000505
-0.006135
-0.196618
0.240059
-0.002820
0.002839
-0.227122
-0.000169
0.272874
-0.000235
-0.299185
-0.001072
0.092199
-0.131239
0.115643
0.000095
-0.000017
-0.001649
-0.025997
-0.001287
0.005247
-0.000263
-0.011925
-0.000811
0.000119
-0.080931
-0.001016
-0.066192
-0.477939
-0.001967
-0.367069
-0.000638
0.219229
0.002905
-0.000921
-0.002209
-0.376507
0.000076
0.002984
0.230913
-0.000330
-0.388558
0.000658
-0.416576
-0.388271
-0.469361
0.341175
0.345142
-0.001049
-0.090223
0.000181
-0.439723
0.323910
-0.004818
0.099859
-0.141687
-0.000644
-0.355182
-0.001804
-0.000468
0.127527
-0.134073
-0.001333
-0.155351
-0.014998
-0.334192
-0.007803
-0.003749
-0.019977
-0.376529
-0.363148
-0.000730
-0.001897
-0.006151
-0.001226
-0.000496
-0.310300
-0.004088
-0.007357
-0.521107
-0.485422
0.259259
-0.000907
0.281661
-0.000028
