0.015218
-0.000852
0.052832
0.001552
-0.000840
-0.002631
-0.000052
0.000541
-0.024978
0.028174
0.002450
-0.063300
-0.000599
-0.004944
0.021216
-0.001158
0.042494
0.045694
0.000925
-0.000543
0.020162
0.034914
-0.000570
-0.012995
-0.064869
-0.003848
-0.002539
-0.000267
0.016139
-0.020361
0.027374
0.015712
0.044425
-0.000623
0.026473
0.035632
-0.000336
-0.022511
-0.000176
-0.000778
0.001756
0.033070
0.002379
-0.017182
0.024141
-0.000325
0.021385
0.002655
-0.002189
0.014941
-0.002197
0.011589
-0.018496
-0.015037
0.044361
0.033981
0.047963
0.002345
-0.000351
-0.050857
-0.000291
-0.046284
-0.004678
-0.002029
-0.040141
-0.000130
0.034264
-0.057735
-0.002220
0.000632
0.023819
-0.000101
-0.046134
0.040707
-0.007125
0.018396
-0.002363
-0.015450
-0.000623
-0.003467
