0.000418
-0.021532
0.010346
-0.007428
0.001979
-0.002377
7.036076
0.008158
-0.000285
0.018689
-0.005395
-0.000257
5.518718
0.000099
-0.000108
0.015023
0.000348
0.000048
0.001009
-0.001739
6.965490
5.459305
0.004265
6.803302
-0.004899
0.004055
4.734801
0.014581
-0.001054
-0.000571
0.000611
4.150433
-0.002632
-0.001940
-0.001029
-0.010859
0.000056
0.003227
-0.001247
-0.009593
-0.467710
0.030840
0.004493
-0.000719
-0.000631
-0.000010
0.011335
6.616078
8.377443
-0.001772
7.049184
0.000640
-0.279250
-0.609250
8.336887
3.492609
