0.000067 0.001083 -0.000039 -0.000013 -0.509028 -0.272354 -0.213167 -0.003798 0.000013 -0.000003 -0.187579 0.000042 -0.344922 -0.000002 0.257768 0.000018 -0.000052
0.000017 -0.000002 -0.000038 -0.000053 -0.389278 -0.300030 -0.309239 -0.003851 0.000002 -0.000019 -0.328855 -0.000008 -0.343123 -0.000005 0.253226 0.000012 -0.000001
-0.000015 -0.000005 -0.000002 -0.000018 -0.348155 -0.232573 -0.276341 -0.003522 0.000013 0.000014 -0.105658 0.000009 -0.250486 -0.000006 0.154366 -0.000022 -0.000001
-0.000048 -0.000002 -0.000039 0.000034 -0.129897 -0.085925 -0.091213 -0.003446 0.000019 -0.000013 -0.092236 -0.000057 -0.083737 -0.000003 0.052938 -0.000002 -0.000067
0.000024 0.000005 -0.000039 -0.000028 -0.138557 -0.084188 -0.027211 -0.004147 0.000008 -0.000019 0.004284 0.000013 -0.070479 0.000000 -0.003066 0.000075 0.000082
-0.000045 0.000001 -0.000041 0.000007 0.005914 -0.031927 -0.139067 -0.004424 -0.000026 0.000012 -0.143103 -0.000052 -0.009173 0.000018 0.011122 0.000005 -0.000088
-0.000034 -0.000001 -0.000005 0.000086 0.107607 -0.041574 -0.016204 -0.004501 -0.000033 -0.000019 -0.136245 0.000024 -0.087880 0.000002 0.045838 0.000030 -0.000004
-0.000109 -0.000006 0.000021 -0.000025 0.153251 0.043018 -0.010763 -0.004588 -0.000028 -0.000017 -0.007361 -0.000022 0.082502 0.000007 0.004997 0.000046 0.000025
0.000017 -0.000004 -0.000017 -0.000018 0.264057 0.220792 0.178198 -0.004326 -0.000041 0.000008 0.229648 0.000025 0.166301 -0.000001 -0.048218 -0.000038 0.000026
0.000055 0.000003 -0.000015 0.000005 0.292917 0.185006 0.273598 -0.003562 -0.000033 0.000018 0.234915 0.000006 0.235967 0.000005 -0.083798 0.000007 -0.000027
-0.000017 0.000001 -0.000058 -0.000060 0.157071 0.146833 0.165836 -0.002837 0.000014 -0.000003 0.175063 0.000014 0.185354 0.000006 -0.047317 -0.000020 0.000105
0.000007 0.000003 0.000001 0.000161 0.007577 0.049165 0.056500 -0.002476 0.000017 0.000023 0.045018 0.000022 0.173695 0.000005 -0.013452 -0.000037 -0.000002
0.000052 -0.000004 0.000099 0.000009 0.125126 0.130016 0.003771 -0.002889 0.000015 0.000028 0.058402 -0.000027 0.102573 -0.000007 0.003165 0.000019 -0.000051
-0.000054 0.000000 0.000045 0.000033 -0.033355 0.060886 -0.052837 -0.003435 0.000009 -0.000007 0.053468 0.000036 0.026679 0.000005 0.026768 -0.000019 -0.000101
-0.000026 0.000003 0.000031 -0.000031 0.126642 -0.080676 0.053645 -0.004309 -0.000081 0.000007 -0.005851 -0.000023 -0.023487 0.000013 0.031869 0.000078 -0.000013
0.000006 -0.000005 -0.000024 0.000030 -0.076299 -0.005851 0.014980 -0.004572 0.000028 -0.000006 0.080445 -0.000081 0.016846 -0.000009 0.007285 0.000015 0.000034
-0.000016 -0.000004 -0.000135 -0.000040 0.038357 0.019464 -0.055888 -0.004406 -0.000047 0.000021 0.060079 0.000016 0.088321 -0.000006 -0.010267 0.000029 -0.000001
0.000029 -0.000882 0.000058 0.000029 0.229757 0.184601 0.191551 -0.004199 -0.000016 -0.000008 0.158984 -0.000038 0.128798 -0.000002 -0.067741 -0.000018 -0.000017
0.000038 0.000002 -0.000013 0.000048 0.111125 0.105389 0.080452 -0.003275 0.000014 0.000007 0.131898 -0.000059 0.070212 -0.000008 -0.044988 0.000020 -0.000082
-0.000004 -0.000003 -0.000003 -0.000026 0.228041 -0.090164 -0.074955 -0.003350 -0.000003 0.000044 0.057821 -0.000044 0.011845 -0.000002 -0.001372 -0.000004 0.000029
0.000006 -0.000003 -0.000027 -0.000060 0.054746 -0.091838 -0.012987 -0.003130 -0.000020 0.000007 0.038761 0.000100 -0.109984 -0.000015 0.040042 -0.000015 -0.000076
0.000040 0.000005 -0.000017 -0.000020 -0.002771 -0.095681 -0.049212 -0.003371 0.000034 0.000007 0.007489 0.000001 -0.074957 0.000003 0.052461 -0.000001 -0.000063
0.000017 0.000007 -0.000039 0.000001 -0.414563 0.011699 -0.170709 -0.003502 -0.000026 0.000010 0.006184 -0.000006 -0.018584 -0.000007 0.033432 -0.000044 -0.000062
-0.000014 0.000005 -0.000076 0.000004 -0.499226 -0.215713 -0.088424 -0.002997 -0.000034 -0.000016 -0.202544 -0.000040 -0.138564 0.000002 0.107878 0.000031 -0.000006
-0.000030 0.003969 0.000038 0.000013 -0.635301 -0.454439 -0.398344 -0.002394 0.000033 -0.000002 -0.316319 -0.000008 -0.381990 0.000006 0.243029 -0.000033 0.000033
0.000052 0.046295 0.000039 0.000041 -0.556416 -0.641906 -0.679349 -0.002313 -0.000063 0.000006 -0.596026 -0.000040 -0.600144 0.000007 0.399487 0.000051 -0.000025
0.000052 0.038300 -0.000075 -0.000029 -0.486048 -0.447482 -0.645218 -0.002364 0.000016 -0.000006 -0.459314 -0.000114 -0.542364 -0.000005 0.364748 0.000005 0.000090
0.000008 0.010470 -0.000046 0.000026 -0.399056 -0.398598 -0.292558 -0.002834 0.000023 -0.000003 -0.344152 0.000007 -0.312456 0.000004 0.253427 0.000056 -0.000018
-0.000023 -0.000017 -0.000076 0.000034 -0.122320 -0.135270 -0.131468 -0.003043 -0.000042 -0.000002 -0.263033 -0.000013 -0.136228 0.000006 0.138042 -0.000045 0.000079
-0.000006 -0.000003 -0.000014 0.000020 -0.062369 -0.041888 -0.182213 -0.003656 0.000034 0.000007 -0.036162 0.000031 -0.043457 -0.000001 0.061700 -0.000017 0.000086
0.000014 -0.000001 0.000066 -0.000033 -0.171754 -0.106164 0.026400 -0.004106 0.000006 -0.000012 0.074246 -0.000058 -0.009492 0.000002 0.045213 -0.000065 -0.000121
0.000017 0.000007 -0.000028 0.000001 -0.073187 -0.078157 -0.058741 -0.003595 -0.000008 -0.000024 -0.009190 0.000083 -0.004684 0.000001 0.031355 -0.000015 0.000070
0.000027 -0.000001 -0.000028 0.000009 -0.102782 0.062954 -0.085731 -0.003907 0.000042 -0.000021 0.018110 -0.000035 -0.003394 0.000012 0.012607 0.000062 -0.000051
0.000006 -0.000001 -0.000057 0.000011 0.142238 -0.050334 0.024790 -0.004141 -0.000032 -0.000036 -0.041851 -0.000033 -0.015755 0.000011 0.024777 0.000056 0.000075
0.000011 -0.000001 -0.000057 -0.000108 0.131272 -0.090990 0.003436 -0.003748 -0.000033 0.000002 0.002878 0.000009 -0.009607 -0.000002 0.024987 0.000031 0.000003
-0.000054 -0.000004 -0.000003 0.000064 0.349371 0.017887 0.089213 -0.003059 0.000108 0.000020 0.033262 0.000022 0.034784 -0.000002 -0.004650 -0.000029 0.000013
-0.000050 -0.001293 0.000012 -0.000065 0.105702 0.141493 0.132359 -0.001538 0.000050 0.000014 0.080208 -0.000053 0.215214 0.000007 -0.070612 -0.000011 -0.000004
-0.000020 -0.010245 -0.000028 -0.000008 0.218042 0.158240 0.290442 0.000306 -0.000055 -0.000014 0.154488 -0.000044 0.265417 0.000001 -0.097458 -0.000014 0.000092
-0.000051 -0.011183 0.000022 0.000027 0.226208 0.326261 0.303072 0.000433 -0.000014 -0.000013 0.293788 -0.000023 0.278864 -0.000007 -0.098241 -0.000004 0.000011
-0.000014 0.000007 0.000015 0.000011 0.191759 0.224125 0.210848 -0.000276 0.000016 0.000014 0.230831 -0.000027 0.158270 0.000018 -0.040415 -0.000016 -0.000009
-0.000013 0.000003 0.000153 -0.000012 0.041851 0.042733 0.092388 -0.001044 -0.000030 -0.000005 0.034194 0.000056 0.075449 -0.000002 -0.004973 -0.000060 0.000024
0.000013 0.000003 0.000005 -0.000128 -0.015812 -0.061239 0.055009 -0.001286 -0.000052 -0.000009 -0.026575 0.000057 -0.020617 -0.000012 0.062257 0.000032 0.000021
0.000056 0.000003 0.000069 0.000057 -0.151310 -0.058551 -0.093516 -0.001391 0.000046 -0.000011 -0.000757 0.000013 -0.003646 0.000007 0.080000 -0.000025 0.000041
0.000046 -0.000006 -0.000150 -0.000021 -0.098250 0.030110 -0.100594 -0.001900 0.000002 -0.000014 -0.042892 0.000008 -0.002276 0.000010 0.090087 0.000018 -0.000086
-0.000018 0.000001 -0.000007 0.000018 0.028909 -0.045581 -0.026318 -0.002211 -0.000035 0.000022 -0.112617 0.000006 -0.022375 0.000006 0.071722 -0.000019 0.000003
0.000036 -0.000004 0.000028 -0.000004 -0.064340 0.052500 -0.044354 -0.001976 0.000016 0.000007 -0.003727 0.000062 -0.010353 0.000009 0.043842 0.000001 -0.000070
-0.000014 -0.000003 -0.000003 0.000022 0.112634 0.076460 0.197334 -0.001846 -0.000071 0.000000 0.077048 0.000013 0.099170 -0.000001 0.006720 0.000021 0.000024
-0.000006 -0.000005 -0.000019 0.000100 0.011232 0.085823 0.039104 -0.001242 -0.000006 -0.000011 0.133916 -0.000006 0.107497 -0.000004 0.000547 0.000019 0.000092
0.000003 0.000003 -0.000047 0.000042 0.010916 -0.006530 0.050547 -0.001340 0.000006 -0.000014 0.028904 -0.000055 0.025201 0.000006 0.040832 0.000032 -0.000001
0.000015 0.000004 -0.000095 -0.000084 -0.119075 -0.016932 0.005237 -0.001474 0.000055 -0.000007 -0.028053 0.000031 -0.013892 0.000006 0.096230 -0.000038 0.000065
0.000013 0.000007 0.000143 0.000023 -0.166568 -0.171663 -0.177409 -0.001700 -0.000008 0.000009 -0.132827 0.000035 -0.205255 -0.000004 0.169160 0.000007 0.000164
-0.000034 -0.000003 -0.000028 -0.000005 -0.502099 -0.250660 -0.289717 -0.001975 0.000016 -0.000002 -0.136001 -0.000010 -0.188628 -0.000005 0.209550 0.000030 -0.000026
-0.000052 0.000006 -0.000044 0.000032 -0.513022 -0.235596 -0.135716 -0.002129 0.000117 0.000028 -0.271721 0.000005 -0.229204 0.000005 0.220913 -0.000007 -0.000005
-0.000017 0.000009 0.000040 0.000036 -0.325320 -0.168531 -0.198403 -0.002787 -0.000105 0.000003 -0.194084 -0.000032 -0.159317 -0.000000 0.179067 0.000019 0.000121
-0.000020 -0.000003 0.000003 -0.000037 -0.109526 0.006667 -0.015566 -0.002710 0.000048 -0.000016 -0.101501 0.000002 -0.073711 0.000014 0.071215 0.000041 0.000038
0.000053 0.000004 -0.000019 -0.000058 0.245756 -0.008724 0.085492 -0.002747 0.000032 0.000008 0.026556 0.000050 0.059017 -0.000001 -0.004685 -0.000150 -0.000054
0.000015 0.000007 -0.000022 -0.000016 0.498221 0.059687 0.124707 -0.002269 0.000019 0.000005 0.153670 0.000034 0.124768 0.000001 -0.043938 0.000058 -0.000050
0.000008 -0.003225 0.000028 0.000055 0.436448 0.248842 0.354918 -0.002371 -0.000015 0.000005 0.222584 0.000071 0.302628 -0.000005 -0.113357 -0.000005 0.000022
-0.000009 -0.017319 0.000070 0.000035 0.611169 0.503521 0.551801 -0.002090 -0.000012 -0.000002 0.543905 -0.000040 0.472989 -0.000006 -0.192793 -0.000015 -0.000004
-0.000047 -0.034101 -0.000042 0.000164 0.772081 0.679693 0.580961 -0.002114 -0.000022 -0.000009 0.578965 0.000014 0.676540 0.000000 -0.275254 0.000014 -0.000189
0.000032 -0.029951 0.000135 -0.000104 0.840449 0.646659 0.688168 -0.003048 -0.000022 -0.000016 0.725166 -0.000009 0.595106 -0.000002 -0.268250 0.000018 0.000025
0.000037 -0.015755 0.000022 0.000047 0.734169 0.578744 0.585720 -0.003443 -0.000015 0.000001 0.517818 0.000067 0.640513 0.000010 -0.213585 0.000023 -0.000051
-0.000065 -0.001420 0.000019 -0.000019 0.797623 0.509101 0.546779 -0.003678 -0.000010 -0.000006 0.365957 -0.000031 0.525912 0.000005 -0.151303 -0.000023 0.000051
0.000016 -0.000001 -0.000095 -0.000024 0.763175 0.511941 0.342970 -0.003649 0.000022 0.000002 0.371555 0.000002 0.473346 -0.000010 -0.127221 -0.000002 -0.000050
-0.000043 -0.003673 0.000002 -0.000051 0.614861 0.378176 0.449647 -0.003283 -0.000017 -0.000009 0.364145 0.000023 0.445867 0.000013 -0.154025 0.000065 -0.000014
0.000005 0.000003 -0.000140 0.000022 0.503605 0.418269 0.352519 -0.002953 0.000017 0.000026 0.371321 -0.000008 0.328378 -0.000006 -0.122033 0.000017 -0.000017
0.000009 -0.000007 -0.000021 -0.000048 0.302655 0.314678 0.287513 -0.002646 -0.000014 -0.000008 0.203125 -0.000032 0.287382 0.000004 -0.104769 -0.000036 0.000057
-0.000015 0.000002 -0.000041 -0.000020 0.225380 0.244682 0.189165 -0.002324 -0.000024 0.000007 0.165081 0.000001 0.211444 -0.000011 -0.067992 0.000018 0.000039
0.000028 0.000005 -0.000044 0.000007 0.253580 0.120147 0.148609 -0.001977 -0.000017 -0.000001 0.230369 0.000020 0.146575 0.000001 -0.038465 -0.000005 -0.000041
-0.000019 0.000006 -0.000078 0.000068 0.020976 0.066292 -0.037474 -0.001809 0.000059 0.000007 0.048252 -0.000029 -0.004713 0.000005 0.019982 -0.000024 -0.000017
-0.000003 0.000003 0.000028 0.000002 -0.047801 -0.133366 -0.175350 -0.001842 0.000039 0.000021 -0.214321 -0.000026 -0.185845 -0.000004 0.138559 0.000052 -0.000010
-0.000055 0.000008 -0.000021 -0.000114 -0.356944 -0.372841 -0.328686 -0.001740 -0.000014 -0.000009 -0.311407 0.000066 -0.270666 -0.000014 0.225307 -0.000034 -0.000031
-0.000018 0.004571 -0.000067 -0.000003 -0.516929 -0.299425 -0.336109 -0.001666 -0.000032 -0.000007 -0.311966 -0.000016 -0.327201 0.000012 0.263428 -0.000020 0.000053
0.000019 0.000006 -0.000044 -0.000014 -0.467997 -0.329498 -0.357662 -0.001623 0.000037 -0.000016 -0.220765 -0.000005 -0.392267 0.000021 0.231196 0.000033 0.000002
0.000036 -0.000001 0.000074 -0.000008 -0.665317 -0.405409 -0.262264 -0.001974 0.000012 0.000001 -0.151243 -0.000029 -0.389649 0.000005 0.210860 -0.000000 0.000069
-0.000084 0.000004 -0.000021 0.000050 -0.719891 -0.455079 -0.217324 -0.002322 0.000034 -0.000009 -0.261121 -0.000074 -0.334920 -0.000005 0.236867 0.000010 0.000159
0.000080 0.007828 0.000043 0.000070 -0.852589 -0.559431 -0.440412 -0.002157 -0.000008 -0.000007 -0.366705 -0.000001 -0.478913 -0.000002 0.299065 -0.000002 0.000006
-0.000001 0.026572 -0.000050 0.000085 -0.969530 -0.565402 -0.535676 -0.002451 0.000035 -0.000007 -0.495210 0.000025 -0.626815 0.000005 0.376906 0.000004 -0.000002
-0.000062 0.033444 0.000139 -0.000003 -0.927000 -0.783951 -0.663681 -0.003660 -0.000016 0.000008 -0.684044 0.000004 -0.687481 -0.000001 0.409854 0.000004 0.000018
-0.000003 0.029072 -0.000051 -0.000052 -0.771747 -0.648930 -0.613002 -0.004233 0.000064 -0.000008 -0.547758 -0.000040 -0.691003 0.000003 0.397163 0.000014 -0.000010
0.000025 0.002855 -0.000064 -0.000022 -0.605805 -0.483393 -0.497058 -0.004705 -0.000066 0.000008 -0.432649 -0.000013 -0.580221 0.000007 0.297963 -0.000058 0.000121
-0.000071 0.000006 -0.000079 0.000045 -0.674530 -0.472002 -0.249063 -0.005445 0.000017 0.000028 -0.281855 0.000024 -0.428500 -0.000012 0.231690 0.000056 -0.000027
-0.000014 -0.000006 -0.000024 -0.000065 -0.667236 -0.331634 -0.259377 -0.005674 -0.000049 0.000026 -0.106140 0.000012 -0.282504 -0.000002 0.150694 -0.000046 -0.000040
0.000032 0.000000 0.000019 0.000074 -0.220229 -0.128372 -0.079402 -0.004793 0.000019 -0.000014 -0.181727 0.000008 -0.229569 -0.000003 0.117419 0.000012 -0.000067
-0.000015 0.000004 -0.000018 0.000055 -0.025834 -0.072011 -0.013009 -0.005534 -0.000004 -0.000006 -0.016058 0.000011 -0.094999 -0.000007 0.025516 -0.000014 0.000049
0.000035 0.000004 0.000042 0.000027 -0.069752 0.110671 0.216835 -0.004870 0.000016 0.000016 0.147231 -0.000039 0.069315 -0.000003 -0.032384 -0.000039 -0.000068
-0.000019 -0.000003 -0.000017 0.000058 0.347514 0.051328 0.178905 -0.004709 -0.000002 0.000007 0.173955 0.000076 0.105312 -0.000008 -0.036143 -0.000002 -0.000017
0.000065 -0.004322 0.000033 -0.000124 0.413516 0.144635 0.218058 -0.003990 0.000022 0.000005 0.197998 0.000010 0.196138 0.000019 -0.083691 -0.000078 0.000056
-0.000016 -0.009965 -0.000018 -0.000084 0.392101 0.182159 0.233229 -0.003489 0.000081 0.000000 0.339062 -0.000033 0.199405 -0.000002 -0.110074 0.000048 -0.000090
-0.000008 -0.036815 0.000069 -0.000004 0.452787 0.392743 0.346101 -0.003712 -0.000105 -0.000006 0.443770 0.000018 0.357006 0.000014 -0.215521 -0.000055 -0.000010
0.000018 -0.053277 -0.000016 -0.000014 0.772298 0.463378 0.393310 -0.003079 0.000022 -0.000013 0.487796 -0.000015 0.445197 0.000003 -0.281821 -0.000042 0.000005
0.000021 -0.059292 0.000021 0.000001 0.634381 0.540439 0.525338 -0.003465 0.000009 -0.000000 0.388454 -0.000066 0.528542 0.000000 -0.305154 -0.000031 0.000046
-0.000044 -0.063164 -0.000079 -0.000046 0.700199 0.454630 0.548494 -0.003768 -0.000006 -0.000015 0.469936 -0.000053 0.530828 0.000003 -0.321951 -0.000034 -0.000020
-0.000015 -0.059789 0.000028 -0.000017 0.812940 0.474677 0.591891 -0.003929 -0.000064 0.000010 0.400945 -0.000015 0.470243 -0.000014 -0.312546 0.000003 0.000021
-0.000003 -0.050989 0.000024 -0.000085 0.963881 0.487708 0.379528 -0.004230 0.000063 -0.000012 0.417788 0.000012 0.447907 -0.000012 -0.286268 0.000020 -0.000031
0.000013 -0.044841 -0.000017 -0.000045 0.759450 0.436973 0.498757 -0.003740 0.000017 0.000016 0.402667 0.000052 0.424715 0.000004 -0.264674 -0.000041 0.000026
-0.000003 -0.031692 0.000040 -0.000121 0.678621 0.382401 0.296668 -0.003545 -0.000006 -0.000001 0.320601 0.000014 0.431116 0.000001 -0.213198 -0.000073 -0.000041
0.000057 -0.017230 0.000021 0.000116 0.288387 0.336255 0.330691 -0.003593 0.000032 0.000008 0.314738 0.000015 0.272337 0.000003 -0.157628 -0.000056 -0.000005
0.000044 0.000004 -0.000075 -0.000126 0.161293 0.127560 0.193661 -0.003352 -0.000007 0.000014 0.209909 -0.000032 0.190077 -0.000006 -0.082325 0.000015 0.000031
0.000000 -0.000006 0.000050 0.000048 -0.075227 0.180090 0.101215 -0.002878 -0.000018 -0.000001 0.161951 0.000012 0.099616 0.000003 0.001657 0.000058 -0.000032
0.000009 -0.000002 0.000027 0.000127 -0.055682 0.068847 0.069695 -0.003137 0.000032 0.000020 0.115463 -0.000026 0.001441 0.000001 0.027778 0.000035 0.000017
-0.000048 0.000009 -0.000035 -0.000041 -0.034384 -0.080089 0.010888 -0.003321 -0.000016 -0.000003 -0.131300 -0.000015 -0.093258 0.000004 0.081276 0.000010 0.000033
0.000057 0.000002 -0.000028 0.000002 -0.081455 -0.035077 -0.035754 -0.003136 -0.000049 0.000008 -0.188192 -0.000041 -0.059158 0.000004 0.095923 0.000010 0.000054
-0.000018 0.000005 0.000023 -0.000056 -0.070527 -0.099718 -0.231139 -0.003188 0.000003 0.000014 -0.078243 0.000016 -0.106662 0.000005 0.123843 -0.000018 -0.000005
-0.000047 0.000003 -0.000088 0.000008 -0.131908 -0.175773 -0.166220 -0.003477 -0.000001 0.000013 -0.128951 -0.000001 -0.164887 0.000000 0.173761 -0.000055 -0.000003
0.000034 0.000009 0.000021 -0.000045 -0.241781 -0.235496 -0.224065 -0.003289 0.000110 0.000006 -0.253111 -0.000055 -0.157734 -0.000006 0.199360 0.000011 -0.000014
-0.000018 0.002128 -0.000101 -0.000053 -0.548590 -0.246807 -0.154563 -0.003033 0.000033 0.000002 -0.241267 -0.000056 -0.285535 -0.000007 0.226081 0.000018 -0.000051
-0.000038 0.011035 0.000023 -0.000006 -0.573016 -0.284021 -0.236231 -0.002519 0.000019 0.000002 -0.279594 -0.000045 -0.359028 0.000006 0.271150 -0.000005 -0.000101
-0.000048 0.022862 -0.000018 -0.000170 -0.705243 -0.384789 -0.368019 -0.002778 -0.000029 0.000006 -0.436259 -0.000004 -0.330210 -0.000007 0.322661 -0.000014 -0.000113
-0.000069 0.025703 0.000007 0.000005 -0.715119 -0.348441 -0.316741 -0.002223 0.000017 -0.000019 -0.343255 -0.000049 -0.362318 0.000003 0.341938 -0.000040 -0.000097
0.000010 0.039710 0.000003 0.000050 -0.641390 -0.405511 -0.553301 -0.002244 0.000033 0.000008 -0.574514 -0.000000 -0.488423 0.000014 0.395551 0.000006 0.000031
-0.000020 0.035578 -0.000001 0.000007 -0.504857 -0.425101 -0.392798 -0.002828 -0.000002 -0.000007 -0.549118 -0.000006 -0.503785 0.000011 0.377213 -0.000018 -0.000012
-0.000035 0.020538 0.000024 -0.000040 -0.143835 -0.439322 -0.306744 -0.002561 0.000031 0.000012 -0.371565 -0.000023 -0.374360 0.000001 0.305778 0.000031 0.000016
-0.000002 0.000005 0.000067 -0.000007 -0.221118 -0.099796 -0.241781 -0.002558 0.000008 -0.000005 -0.161736 0.000059 -0.130798 0.000012 0.156179 -0.000015 -0.000029
0.000022 -0.000002 -0.000023 -0.000002 -0.036034 -0.005202 0.019791 -0.003032 0.000025 -0.000014 0.067562 -0.000062 -0.005668 0.000003 0.069659 0.000004 0.000017
0.000013 0.000001 0.000132 0.000044 -0.153285 0.181602 0.174750 -0.003917 -0.000062 0.000008 0.066215 0.000001 0.100554 -0.000004 0.036969 -0.000053 0.000063
0.000034 0.000002 0.000050 -0.000021 0.083041 0.223904 0.047724 -0.004560 0.000007 -0.000022 0.186719 -0.000010 0.129212 -0.000008 0.013616 -0.000050 -0.000012
-0.000019 0.000003 0.000077 0.000001 0.192919 0.196619 0.230966 -0.004929 -0.000012 0.000016 0.062380 -0.000018 0.209093 0.000002 0.002603 -0.000008 0.000160
0.000059 -0.000005 -0.000028 0.000056 0.327015 0.197086 0.090161 -0.004966 0.000020 0.000011 0.154194 -0.000057 0.125778 0.000003 0.004241 0.000000 0.000036
-0.000060 -0.000002 0.000077 0.000030 0.310458 -0.005227 -0.000031 -0.004740 0.000019 0.000010 0.030158 0.000005 0.033352 0.000001 0.013951 0.000015 0.000017
0.000018 -0.000009 -0.000058 -0.000019 0.181309 0.059731 -0.029970 -0.004100 0.000017 -0.000019 -0.041987 0.000009 0.076837 0.000004 0.019607 0.000016 -0.000047
0.000007 -0.000005 0.000076 -0.000020 0.158839 0.094598 0.019478 -0.003121 -0.000039 0.000014 0.032655 0.000029 0.069374 -0.000001 0.004221 -0.000001 0.000024
-0.000014 -0.000015 0.000077 0.000038 0.125889 0.215254 0.214251 -0.002915 -0.000025 -0.000010 0.345740 -0.000038 0.270896 0.000002 -0.036693 0.000019 -0.000086
-0.000034 -0.004800 -0.000021 -0.000041 0.342006 0.344831 0.334674 -0.002256 0.000019 0.000014 0.384859 0.000043 0.362402 0.000003 -0.119819 -0.000111 0.000047
0.000019 -0.000009 -0.000074 -0.000013 0.379028 0.429741 0.456936 -0.000912 0.000041 -0.000036 0.479514 -0.000039 0.364171 -0.000012 -0.098358 -0.000034 -0.000114
-0.000019 0.000005 0.000034 -0.000051 0.410414 0.267717 0.277736 -0.000866 -0.000026 -0.000008 0.237612 0.000038 0.283260 0.000003 -0.056279 0.000030 -0.000022
0.000056 -0.000004 -0.000021 -0.000046 0.465941 0.149774 0.309718 -0.000482 0.000106 0.000010 0.220964 0.000020 0.188074 0.000003 0.010816 -0.000057 -0.000036
0.000034 0.000004 0.000022 0.000048 0.299725 0.348179 0.301991 -0.001448 -0.000019 0.000012 0.173555 -0.000117 0.279346 -0.000015 0.000904 0.000025 0.000072
-0.000002 0.000001 0.000082 0.000013 0.337923 0.243896 0.165882 -0.001817 0.000017 -0.000015 0.160879 -0.000020 0.290092 0.000012 -0.035459 -0.000034 0.000057
0.000014 -0.000002 0.000025 -0.000011 0.296588 0.408346 0.247704 -0.002174 -0.000002 -0.000020 0.252879 -0.000042 0.303398 0.000007 -0.090519 -0.000042 -0.000058
-0.000077 0.000004 -0.000036 -0.000047 0.465181 0.231740 0.276650 -0.002906 0.000085 0.000036 0.240899 0.000002 0.279605 0.000004 -0.064681 0.000026 -0.000091
0.000032 0.000002 -0.000030 -0.000006 0.421750 0.240639 0.313897 -0.003094 -0.000074 -0.000002 0.255948 -0.000024 0.313140 -0.000003 -0.068879 0.000036 -0.000015
0.000029 -0.000649 0.000007 -0.000132 0.388331 0.413509 0.396291 -0.002469 0.000006 0.000000 0.235914 0.000035 0.322887 -0.000005 -0.097178 -0.000009 0.000004
-0.000049 0.000000 0.000029 -0.000069 0.259007 0.306711 0.232174 -0.001686 0.000023 0.000008 0.227902 -0.000101 0.257984 0.000015 -0.071780 0.000013 -0.000012
0.000019 0.000000 -0.000069 0.000067 0.260627 0.248886 0.068427 -0.001279 0.000023 -0.000016 0.073089 0.000067 0.181892 -0.000020 -0.000120 -0.000015 -0.000036
0.000003 -0.000006 0.000037 -0.000003 0.070851 -0.004065 -0.019004 -0.001425 -0.000049 0.000029 -0.120256 -0.000073 -0.001541 0.000009 0.111443 -0.000059 -0.000031
-0.000023 0.012311 -0.000024 0.000042 -0.235206 -0.261725 -0.349267 -0.002118 0.000077 -0.000008 -0.230469 -0.000014 -0.188638 -0.000006 0.248315 -0.000013 -0.000111
-0.000047 0.020875 -0.000029 -0.000007 -0.412039 -0.291413 -0.226645 -0.003237 -0.000014 0.000006 -0.275238 -0.000009 -0.279874 -0.000001 0.274703 0.000080 -0.000023
0.000006 0.016980 0.000065 0.000033 -0.704792 -0.215665 -0.221190 -0.003712 0.000014 -0.000013 -0.208002 0.000024 -0.146970 0.000003 0.253660 -0.000026 0.000009
0.000018 0.020201 -0.000042 -0.000002 -0.431770 -0.138104 -0.223637 -0.003892 0.000015 0.000014 -0.241897 -0.000028 -0.221135 -0.000001 0.261937 -0.000019 0.000035
0.000018 0.012769 0.000037 -0.000016 -0.347161 -0.166087 -0.284575 -0.003509 0.000073 -0.000006 -0.263787 -0.000027 -0.145950 -0.000002 0.233615 -0.000028 -0.000022
0.000023 0.007543 -0.000018 -0.000052 -0.175918 -0.220850 -0.237323 -0.002829 -0.000035 0.000002 -0.178954 0.000016 -0.112569 0.000000 0.212332 0.000030 0.000075
-0.000020 0.000007 -0.000035 -0.000017 -0.028920 0.028482 0.014098 -0.002417 -0.000113 0.000024 -0.080499 0.000007 -0.063302 -0.000012 0.149403 -0.000014 -0.000052
-0.000003 0.000011 0.000040 0.000115 0.053528 -0.027341 0.070134 -0.002535 0.000034 -0.000001 -0.069079 0.000018 0.039823 -0.000001 0.083493 -0.000011 -0.000006
0.000030 -0.000001 0.000051 0.000016 0.154869 0.175042 0.045317 -0.003775 0.000023 0.000008 0.090309 0.000027 0.103884 0.000011 0.059909 0.000004 0.000000
-0.000115 0.000002 -0.000047 0.000018 0.006306 0.148905 0.100067 -0.004307 -0.000046 0.000011 0.139112 0.000051 0.110115 -0.000005 0.048091 0.000028 -0.000026
-0.000034 0.000008 0.000061 0.000016 0.120626 0.042124 0.005617 -0.004929 0.000026 0.000006 -0.008550 -0.000034 0.110597 0.000012 0.038258 -0.000023 -0.000054
0.000035 -0.000007 -0.000020 0.000047 -0.027248 0.110481 0.100679 -0.005207 -0.000034 -0.000005 0.069119 0.000007 0.102875 -0.000006 0.007412 -0.000002 0.000023
0.000007 0.000002 -0.000042 0.000055 0.088460 0.224873 0.066855 -0.004996 -0.000057 -0.000011 0.095500 -0.000024 0.196341 -0.000005 -0.008772 0.000003 -0.000013
-0.000028 0.000003 -0.000026 0.000046 0.259411 0.121395 0.117747 -0.004431 0.000035 -0.000047 0.085180 0.000049 0.136503 -0.000005 -0.001829 0.000010 0.000095
0.000034 -0.000001 0.000015 0.000010 0.283220 0.112654 0.121125 -0.003920 0.000034 0.000015 0.025372 0.000014 0.146495 -0.000000 -0.001706 -0.000003 0.000037
0.000028 0.000003 0.000074 0.000087 0.291085 0.068527 0.075301 -0.002865 -0.000051 -0.000013 0.157572 -0.000028 0.135982 -0.000006 -0.000380 0.000072 -0.000094
0.000017 0.000002 0.000074 -0.000029 0.124846 0.156081 0.056258 -0.002092 0.000020 -0.000001 0.076720 0.000038 0.103375 -0.000002 0.007506 -0.000046 0.000009
0.000023 0.000002 0.000003 -0.000058 0.161281 0.190239 0.217317 -0.001692 -0.000057 0.000031 0.089399 0.000080 0.210910 -0.000000 -0.010555 -0.000014 0.000000
-0.000015 0.000001 0.000007 -0.000029 0.258861 0.299296 0.275424 -0.001609 -0.000036 -0.000002 0.255220 0.000041 0.257491 0.000001 -0.035013 0.000005 -0.000047
0.000018 0.000012 -0.000028 0.000014 0.136185 0.159460 0.214743 -0.001776 -0.000015 -0.000007 0.109328 -0.000029 0.262326 0.000013 -0.034388 -0.000017 0.000064
-0.000028 -0.000003 0.000038 -0.000048 0.348193 0.302919 0.148889 -0.001592 0.000017 -0.000019 0.120994 0.000001 0.251099 -0.000007 -0.009045 -0.000057 -0.000022
0.000024 -0.000006 0.000002 -0.000021 0.254693 0.187797 0.074283 -0.001957 -0.000018 -0.000013 -0.008958 0.000005 0.154827 0.000004 0.019319 -0.000019 0.000012
-0.000080 0.000008 0.000027 0.000067 0.293335 0.119600 0.103172 -0.003265 -0.000034 0.000007 0.060340 0.000080 0.078517 0.000002 0.011741 -0.000078 -0.000016
0.000016 0.000004 -0.000050 -0.000033 0.227639 0.140836 0.023995 -0.003983 -0.000001 -0.000005 0.065325 0.000006 0.124913 -0.000001 0.028529 0.000000 0.000050
-0.000080 0.000003 -0.000129 -0.000053 -0.019419 -0.005750 0.085191 -0.003924 0.000019 -0.000007 -0.119258 -0.000006 0.000734 -0.000001 0.058868 -0.000011 0.000026
0.000109 0.000005 -0.000012 0.000018 -0.033642 0.018494 -0.020335 -0.003451 0.000007 0.000047 -0.005700 0.000031 -0.037221 0.000003 0.080096 -0.000004 0.000023
-0.000049 -0.000002 -0.000004 0.000062 -0.370704 -0.156603 -0.081842 -0.002985 -0.000012 -0.000021 -0.141563 -0.000044 -0.039658 0.000001 0.113272 0.000024 -0.000023
-0.000044 -0.000003 0.000028 -0.000081 -0.303246 -0.004506 -0.151443 -0.002034 0.000001 -0.000031 -0.105741 -0.000010 -0.102311 0.000000 0.117538 -0.000054 0.000042
-0.000003 0.000005 -0.000024 0.000147 -0.295911 -0.222601 -0.116135 -0.002816 -0.000026 -0.000016 -0.195569 -0.000029 -0.182291 0.000003 0.132490 -0.000029 0.000036
0.000017 0.000001 -0.000018 0.000043 -0.166022 -0.157475 -0.215370 -0.003554 -0.000019 -0.000051 -0.134440 0.000025 -0.191686 0.000005 0.105994 0.000065 -0.000011
0.000120 -0.000003 -0.000066 0.000016 -0.013598 -0.096611 -0.086511 -0.003478 -0.000118 -0.000011 0.013617 -0.000024 -0.073121 0.000002 0.041004 -0.000020 0.000000
0.000021 -0.000009 -0.000032 0.000041 0.012086 -0.032124 0.001524 -0.002722 -0.000036 0.000036 0.078774 -0.000061 -0.010665 0.000006 -0.001948 -0.000033 0.000003
-0.000036 -0.000005 -0.000059 0.000010 -0.100772 -0.012573 -0.089577 -0.001720 0.000077 -0.000001 0.032253 0.000001 -0.051504 -0.000005 -0.000918 -0.000013 -0.000230
-0.000024 0.000003 -0.000088 0.000077 0.105515 -0.201144 -0.111984 -0.002395 -0.000022 0.000008 -0.103691 0.000041 -0.204458 0.000003 0.041629 0.000029 -0.000049
0.000065 -0.000006 -0.000129 -0.000021 -0.279684 -0.161873 -0.209813 -0.002561 -0.000031 -0.000007 -0.130203 0.000003 -0.229247 -0.000000 0.082553 0.000011 0.000076
0.000029 -0.000001 0.000007 0.000050 -0.315228 -0.203661 -0.164526 -0.003043 0.000017 0.000011 -0.184684 -0.000062 -0.255139 -0.000000 0.117376 -0.000072 0.000001
-0.000019 0.000006 -0.000017 -0.000015 -0.681973 -0.329210 -0.314103 -0.003431 0.000007 -0.000046 -0.063686 0.000041 -0.311999 0.000002 0.096661 0.000018 0.000079
-0.000002 -0.000003 -0.000055 0.000028 -0.465352 -0.274792 -0.371215 -0.003327 -0.000007 0.000014 -0.067777 0.000009 -0.402424 0.000007 0.122848 0.000015 -0.000001
-0.000033 0.000005 -0.000101 -0.000024 -0.536895 -0.406152 -0.261535 -0.003131 -0.000007 -0.000007 -0.152297 0.000043 -0.415750 0.000012 0.137688 -0.000006 0.000049
-0.000013 0.000004 -0.000023 -0.000031 -0.476248 -0.338549 -0.420987 -0.003597 -0.000016 0.000002 -0.143541 -0.000002 -0.380610 -0.000012 0.121278 -0.000037 0.000070
0.000063 -0.000002 -0.000014 -0.000049 -0.442556 -0.264743 -0.160305 -0.002428 0.000019 0.000014 -0.061291 -0.000032 -0.291871 -0.000011 0.051918 -0.000029 -0.000128
-0.000043 -0.009900 0.000036 -0.000027 -0.152241 -0.169371 -0.126595 -0.002040 -0.000011 0.000001 0.127310 0.000037 -0.168919 0.000002 -0.038724 -0.000018 -0.000043
