0.000050
-6.254319
-5.686836
-3.581190
-5.640281
-0.008367
-6.047443
-3.326622
-6.186619
0.260501
-0.011724
-3.762761
-0.042801
4.624548
-6.508379
0.000891
-5.447310
0.013921
0.000032
-4.561905
0.000408
-0.040912
-0.004116
-3.135310
-5.715651
-0.001401
-0.007842
-0.036058
-0.005009
0.007744
-6.018113
-0.000065
-7.065022
-7.114906
0.014204
-0.011912
-3.956392
0.000112
0.002532
-3.563740
-0.001413
-5.654168
-0.032887
-0.002664
-4.165654
-0.000613
-1.296381
-0.012264
-0.009326
0.008429
-0.005752
0.016166
-7.457542
4.297200
-6.397449
0.001021
0.005229
-0.013563
0.017863
0.001012
0.000098
-0.023177
-0.008560
0.532422
-0.019676
0.002653
0.000495
1.884907
-5.526821
-0.030053
4.386462
5.653997
-4.155791
1.576633
0.026299
-4.759482
-6.853551
-0.008348
-3.253150
-6.702085
-3.588272
0.037270
0.008682
-6.669852
-4.324686
0.001752
0.010690
0.005998
-6.667703
-6.759569
-6.840611
-0.013905
-5.487984
-0.000581
-3.079549
-4.820920
-4.646240
-0.008369
0.021446
-6.251141
-0.014751
-5.656164
-5.184567
0.009710
-0.033142
0.502498
-4.654915
-0.009047
-0.008969
0.000026
-0.000193
-0.003673
0.002760
0.000223
0.550820
-0.005533
0.000022
-0.002798
-0.000540
0.002968
-2.518409
-5.472271
0.001775
-7.091461
-2.244128
-0.000502
0.008376
0.007724
-0.005268
-0.002749
-0.000044
-6.537588
-4.967971
-1.787640
-6.068132
-6.916920
-6.427501
0.018253
-0.006373
-6.782764
-0.002713
-7.086934
0.002580
0.007692
4.430481
-6.437084
2.986273
0.375285
-0.000528
0.003427
4.544991
-3.418097
0.009510
-1.849453
5.574510
0.010355
-6.805872
-5.097996
-0.005553
0.000810
-0.002782
0.009103
-7.105625
-6.705008
-7.331639
5.353354
-0.009467
-0.011137
0.013343
0.002056
-6.708858
-3.133223
-0.034910
0.013285
0.001462
-4.462484
0.022939
-6.982621
0.145413
-5.393989
-0.000858
0.000325
-1.946873
-0.001838
0.000226
-5.094443
-4.856076
0.011026
-0.000195
-2.116104
-4.341275
-0.015769
5.096239
0.024661
0.002336
-6.504553
-2.122769
0.012096
0.006943
