0.001219
-0.000076
0.018701
-0.007692
0.000697
-0.000003
-7.761907
0.018415
-7.511163
-0.002493
-0.002744
4.271775
0.001479
0.001540
0.034630
-4.124282
-0.000544
-6.575502
0.000879
0.013379
-5.580410
-5.120004
0.004293
0.793576
5.311986
-0.003135
-0.015134
0.003118
0.001337
-0.016287
-4.660161
0.022120
0.027223
-5.253448
-6.121140
-6.737581
0.001732
-6.277625
0.003244
0.003798
5.318135
-0.000486
0.011482
0.014603
-5.997842
0.000905
-4.146869
0.043193
2.543919
-6.199743
0.000130
-0.019451
-0.000731
0.002664
-3.394019
0.000672
-5.209731
0.009791
-7.161378
-0.014365
0.000796
4.317502
-3.934082
-6.362837
0.000356
-0.000298
-0.029376
0.648730
4.322901
-0.001584
0.004994
-0.001912
0.011603
3.742424
-0.019245
0.004596
-4.796055
-0.001114
-3.452511
5.310865
-0.000316
-0.003674
-5.554965
-0.009292
-6.172140
-0.019060
-0.000214
-7.013542
-9.662240
-0.000136
-4.797794
-0.000341
0.018726
-7.053992
5.305619
-6.611906
0.000667
-0.002067
-0.002101
-0.000194
0.000003
-7.165831
-0.003563
0.000958
0.002217
-0.004885
0.000324
-0.000101
0.003248
-0.005526
-3.799846
-0.003375
-6.099929
-0.001806
-0.025841
0.007211
-0.000004
-0.011861
-0.002483
5.935390
-7.647758
-4.834645
0.006090
0.013404
-4.362316
-4.766394
0.000130
-7.310401
-0.010616
-0.009845
0.005129
-0.001049
0.011839
-0.000288
-0.000090
0.000044
-0.000817
0.000471
0.000451
-0.000441
0.012737
0.005244
0.023169
0.010778
-0.009017
-0.001852
-0.001146
7.084567
0.000547
-5.847704
4.663191
-4.496691
-7.822761
0.010155
-0.003854
0.007495
0.000801
0.022688
0.000366
5.081066
-5.511047
-8.851184
6.334666
-0.000222
-7.306100
4.444161
-7.154604
-6.738289
-3.640022
3.340021
-0.000070
0.978743
4.749070
3.296725
-8.444647
-0.000171
-4.787487
4.617169
-4.802662
0.001753
-5.238982
0.000523
-0.010713
0.006996
-5.524828
0.006073
-0.000363
-0.004749
-0.006240
-4.573916
-0.007169
-0.001173
3.908217
0.025196
4.604294
4.422747
