-0.728611
0.406874
-0.367949
-0.257158
0.447774
-0.029610
-0.002544
-0.008612
-0.535425
-0.378153
-0.451006
-0.001838
-0.008275
-0.389976
-0.002693
-0.009032
-0.678250
-0.240239
-0.304657
-0.019974
-0.182163
0.155614
0.406542
-0.006026
-0.017049
-0.233085
-0.005797
-0.402294
0.340325
-0.447254
-0.453530
-0.539709
0.419800
-0.349486
-0.021016
-0.402399
0.372429
-0.463822
-0.012765
-0.529618
-0.388456
0.458551
-0.003309
-0.049820
-0.664504
0.175371
0.425881
0.003129
0.443566
-0.466268
-0.503215
-0.026078
-0.006263
