0.001564
0.001899
-0.056534
-0.000578
-0.000604
-0.027828
-0.000210
-0.046004
0.052676
-0.001488
-0.025896
0.019646
0.042043
0.008779
-0.016057
0.003730
0.002302
-0.015536
0.019255
-0.001701
-0.059377
-0.001445
-0.041806
-0.007519
0.002609
0.022951
-0.000589
0.004667
-0.003297
0.030994
-0.065680
0.050125
-0.000304
-0.004473
-0.015694
0.044558
-0.000297
0.000046
-0.003296
-0.001568
-0.002266
0.026829
-0.006274
0.054521
-0.043001
0.045674
-0.066829
-0.000506
0.033796
0.016903
-0.002925
-0.000199
-0.014464
-0.003526
0.011787
-0.000886
-0.000856
-0.000795
0.013061
0.013063
-0.025780
-0.000899
-0.001677
-0.048034
0.013708
0.002799
-0.000468
0.009475
-0.000290
0.012456
0.035305
-0.025802
-0.000545
-0.007905
-0.005746
0.034748
-0.000225
-0.001842
-0.000296
-0.000897
-0.010062
-0.007753
