1.515409
0.001548
-0.001250
-0.269711
0.011567
-0.913224
0.018728
-0.000020
2.755384
0.019201
-2.291331
2.612418
0.000160
2.849373
-0.692035
-0.610162
0.005809
-2.589314
1.973451
-0.034066
0.018213
2.588468
0.000496
2.413214
-0.015585
0.619457
1.845628
2.180085
-0.751102
-0.045399
-0.411575
-2.892374
2.130763
-0.460054
1.098644
2.447258
-0.000489
-1.117405
-0.004632
0.016741
-0.612978
-2.668124
2.265209
-1.060757
3.056505
-2.788086
-0.771677
0.002352
-0.557431
-0.124818
2.076275
-0.008601
-0.002416
-1.108338
-1.548496
-0.000043
-0.007032
-0.000008
0.032595
2.509372
-1.033037
-0.000016
0.024326
0.018701
-0.000281
-0.013444
2.308403
