-0.024108
-0.001363
-0.003851
-0.000425
0.067277
-0.039295
-0.000337
-0.027457
-0.002863
0.020242
-0.001334
-0.003930
-0.017281
0.157876
-0.028526
-0.000249
-0.013110
0.072233
-0.022399
-0.001461
-0.012397
-0.003488
-0.007145
-0.000135
-0.015233
-0.005576
-0.007432
0.076599
0.017680
-0.007849
-0.042955
-0.024338
-0.020214
-0.002950
-0.037779
0.000679
-0.010228
-0.003172
-0.001587
0.003048
-0.002021
-0.034776
-0.018276
-0.003556
-0.000416
-0.000123
-0.001339
0.001468
-0.000327
0.057121
-0.004400
-0.000786
-0.001106
-0.002145
-0.009628
-0.042766
-0.001882
-0.004657
-0.004308
-0.002365
-0.002207
-0.001706
-0.013062
-0.008470
-0.001723
0.019499
-0.003696
0.000117
-0.023892
-0.008066
-0.007796
-0.012553
-0.012532
-0.002479
-0.000972
-0.030288
0.159874
-0.001250
-0.000150
-0.033711
0.185410
-0.015065
-0.035377
0.000251
-0.011892
0.000010
-0.002624
-0.008104
-0.000118
-0.005836
-0.002055
-0.002077
-0.001003
-0.001565
-0.005164
-0.005116
-0.010543
-0.003642
0.160162
-0.022184
-0.012855
-0.001167
-0.011946
-0.001430
-0.005463
0.090725
-0.004176
-0.009273
0.020824
-0.015087
-0.007958
-0.000360
