-0.001368
0.013617
0.002992
-1.593370
-0.000435
6.607390
0.005465
-0.016166
-3.274866
-0.019438
0.015805
3.264182
4.136395
-0.019569
-0.000927
0.010704
-0.000357
0.000079
-1.844113
-3.466144
0.013004
-0.010248
-0.023381
-0.035725
-0.035152
0.043265
-0.017961
0.010187
0.001515
-0.008488
0.008339
-0.023662
0.032446
0.000059
0.002872
0.020234
-0.000276
0.001369
-0.018225
-0.015886
-0.997890
0.000500
0.010314
0.000903
6.672251
0.020825
3.884892
-2.771822
-0.004031
3.933899
0.004021
0.005296
0.091897
0.003597
6.019019
0.015801
-2.807103
-0.016744
-0.009505
0.001940
0.001127
0.001077
0.011006
0.000055
-0.023521
-0.031756
-0.020231
-0.007201
-0.000162
-0.000484
-0.025618
0.012856
-0.001864
0.017774
0.008912
-0.019892
-0.023597
0.002054
-0.000461
0.017128
-3.446117
3.228249
5.228785
-0.002010
-0.000603
0.030621
-0.013818
6.226346
-0.020161
0.008529
0.005995
0.002599
-0.003111
0.000775
-0.000018
-0.021527
0.016034
-2.707493
-0.021157
-0.000120
0.000754
0.011723
-0.012683
-0.001357
0.003041
-0.039227
0.022217
5.674440
0.010663
-0.000359
-0.000113
-0.000160
0.003850
-0.005850
0.001094
0.004265
0.000321
0.034527
-1.773924
0.010648
-0.023528
0.025469
-0.030341
0.001558
-0.005295
0.000961
0.002313
0.000364
0.003294
-0.004220
0.001204
0.007283
-0.020086
-0.029933
-0.012475
0.009495
0.021742
-0.941071
0.000019
-0.012461
0.008440
0.037591
0.021916
-0.000013
0.000507
0.032326
-1.729986
0.007469
0.000498
-0.013760
0.002208
0.000004
0.028191
0.002387
-0.018944
0.008338
-0.024408
-1.788331
0.008729
0.000200
-0.026623
-2.688626
0.033372
-0.000430
-0.013689
0.002033
-0.000186
0.003099
0.005750
0.004243
