0.070824
-0.335793
-0.002790
-0.000738
-0.006543
-0.045265
-0.214063
-0.001817
0.002267
-0.010913
-0.001394
0.312226
0.001166
-0.007503
-0.002908
-0.139528
-0.001338
-0.045603
-0.000377
-0.001932
-0.000600
-0.022937
-0.006973
-0.157902
-0.294646
-0.014655
0.195326
-0.003608
-0.001028
0.000690
-0.000472
0.404988
-0.039713
-0.185470
-0.004666
-0.284747
0.199031
-0.026455
-0.016463
-0.497423
-0.256779
0.337188
-0.017615
-0.006906
-0.221233
-0.001732
-0.005502
-0.006111
-0.012389
-0.001525
-0.017685
-0.002714
-0.176780
-0.007939
-0.002219
-0.007997
0.152992
-0.000398
-0.374613
-0.004477
-0.000836
-0.008464
0.318155
-0.219099
-0.011608
-0.013227
-0.008521
-0.001107
0.277444
0.035065
-0.000616
-0.319667
-0.534857
-0.026632
0.001161
-0.006790
-0.005242
-0.017721
-0.010362
-0.044578
-0.082855
0.376095
-0.009520
-0.000284
-0.006131
-0.246734
-0.005265
-0.002533
-0.008077
-0.002713
-0.022753
-0.009337
0.121078
0.000776
-0.000722
-0.178150
-0.005633
-0.006469
-0.010354
-0.000540
0.003394
-0.000813
-0.131748
0.000495
0.000047
-0.000573
0.447301
-0.005751
-0.004652
0.461551
-0.384233
-0.000225
-0.000238
-0.001206
-0.000035
-0.012240
-0.062744
-0.000904
-0.001470
0.000116
-0.006627
-0.016880
0.289927
-0.165806
-0.008691
-0.369355
-0.016435
-0.000773
0.017254
0.000241
-0.058017
-0.002417
-0.013677
-0.004610
-0.206000
-0.230155
-0.452439
-0.000637
-0.000552
-0.000484
-0.106459
-0.007269
-0.000114
-0.005884
-0.022716
-0.000718
0.302467
-0.010670
-0.000842
-0.001797
-0.087401
-0.047521
-0.001229
-0.142468
-0.007384
-0.009731
-0.001116
0.339827
-0.001866
-0.007893
0.373800
-0.336474
-0.001311
-0.001398
-0.024142
-0.001232
-0.001104
-0.068311
0.366846
-0.002543
-0.002072
-0.008224
0.187704
-0.022230
-0.010076
-0.053117
-0.006751
-0.001890
-0.006472
-0.007956
-0.070013
-0.039252
-0.250591
