-0.102181 0.000010 0.421788 -0.024446 0.141009 -0.000038 0.633013 0.000019 -0.000064 -0.000045 0.000010 -0.000108 0.000080
-0.153735 0.000094 -0.165893 -0.180987 0.174902 0.000087 0.069908 -0.000047 0.000012 -0.000074 -0.000003 -0.000025 0.000064
-0.338331 0.000038 -0.150176 -0.074949 -0.016957 0.000058 0.121839 -0.000037 0.000104 0.000037 0.000012 -0.000085 -0.000045
-0.099339 0.000002 0.243467 0.051914 -0.009242 0.000065 0.161497 0.000019 -0.000023 -0.000027 0.000010 -0.000036 0.000046
0.105052 0.000150 -0.029638 0.149688 0.100146 0.000027 -0.013980 0.000029 0.000178 0.000004 0.000024 0.000017 0.000211
-0.320509 -0.000073 0.194253 0.109330 0.069693 -0.000013 0.002084 0.000067 -0.000153 0.000035 -0.000022 0.000043 -0.000068
-0.121767 0.000089 0.206629 0.024887 0.243014 0.000034 -0.064735 -0.000042 -0.000153 -0.000052 -0.000020 0.000109 0.000062
-0.088751 -0.000080 0.234773 -0.105305 0.189462 -0.000127 -0.086485 -0.000048 0.000183 -0.000064 -0.000038 0.000061 -0.000024
0.026342 -0.000056 0.190743 -0.438414 0.206057 -0.000131 -0.373730 0.000137 0.000027 -0.000007 0.000004 -0.000085 0.000023
-0.254204 -0.000082 -0.142235 -0.381959 0.363529 0.000014 -0.222485 0.000070 -0.000008 -0.000059 -0.000003 0.000067 -0.000032
-0.111329 0.000049 -0.056299 -0.022925 0.364443 0.000042 -0.015801 -0.000080 0.000031 0.000019 -0.000000 -0.000060 0.000019
0.004532 -0.000304 0.133572 -0.116164 0.414168 -0.000016 0.074433 -0.000101 -0.000103 -0.000029 0.000002 -0.000032 0.000091
0.138249 0.000001 0.261284 -0.167057 0.344223 -0.000029 0.051257 -0.000039 0.000161 -0.000056 -0.000000 0.000043 -0.000006
-0.038959 -0.000043 0.313506 -0.442293 0.129939 -0.000056 -0.095940 -0.000041 0.000043 -0.000007 0.000015 0.000004 -0.000066
-0.255551 -0.000018 0.064070 -0.506858 -0.254007 0.000053 -0.125914 -0.000016 0.000044 0.000020 -0.000006 0.000023 0.000060
0.125506 -0.000077 0.189027 -0.430957 -0.117164 0.000074 -0.306718 0.000003 -0.000228 0.000000 -0.000001 0.000063 0.000151
0.028806 -0.000055 0.095566 -0.171524 -0.107622 -0.000072 -0.014799 0.000044 -0.000049 -0.000063 0.000007 0.000019 -0.000032
0.087728 -0.000037 -0.208923 -0.121490 0.265469 0.000041 0.112018 0.000008 -0.000111 -0.000009 -0.000025 0.000070 -0.000021
0.071185 -0.000111 -0.042241 -0.020037 0.119998 0.000128 0.120301 -0.000042 0.000042 0.000001 0.000010 -0.000046 -0.000088
-0.097878 0.000110 -0.140094 -0.076118 -0.102725 0.000041 -0.211029 -0.000021 0.000156 0.000016 -0.000002 0.000047 0.000051
-0.188820 -0.000080 0.203928 0.011243 -0.206894 -0.000065 0.175372 0.000021 -0.000120 -0.000093 0.000018 -0.000021 -0.000069
-0.180493 0.000131 0.068271 0.139806 -0.216664 0.000019 0.318141 -0.000020 0.000133 0.000006 -0.000017 -0.000024 0.000022
-0.006056 -0.000159 0.267584 0.043140 -0.155156 0.000031 0.396325 0.000029 -0.000005 -0.000022 -0.000055 -0.000017 -0.000047
0.044796 -0.000047 -0.199344 0.101536 0.023678 -0.000015 0.091927 -0.000036 -0.000283 -0.000037 0.000021 0.000017 -0.000023
-0.083667 -0.000203 -0.250673 0.086748 -0.070439 0.000152 -0.053948 0.000019 0.000003 0.000009 -0.000030 -0.000163 -0.000026
0.020184 0.000163 -0.183108 0.116108 0.238325 0.000019 0.005051 -0.000014 -0.000042 -0.000043 0.000040 0.000057 -0.000064
-0.156654 0.000005 -0.100912 0.151940 0.475731 -0.000081 0.076896 -0.000048 -0.000089 0.000027 0.000016 0.000044 0.000050
-0.353635 -0.000039 0.090221 0.069553 0.420723 0.000003 0.020802 0.000033 -0.000182 0.000005 0.000007 0.000041 0.000025
-0.158914 0.000076 -0.137828 -0.047681 0.245794 -0.000005 -0.172651 0.000078 -0.000123 -0.000078 -0.000008 0.000071 -0.000029
-0.108514 -0.000032 0.010952 0.051113 0.120415 0.000049 0.102341 0.000129 -0.000139 -0.000031 0.000019 -0.000044 -0.000027
-0.158270 -0.000030 0.185865 0.009917 0.236499 -0.000138 0.018123 0.000009 -0.000178 -0.000021 0.000013 0.000045 -0.000057
-0.320395 0.000151 0.188561 0.213794 -0.039938 -0.000172 0.134058 0.000073 0.000052 -0.000001 0.000028 0.000015 0.000024
-0.174814 0.000091 0.030174 0.143487 0.065233 0.000016 -0.035180 0.000031 0.000050 -0.000011 0.000037 -0.000083 -0.000021
0.229815 0.000012 -0.100831 0.369092 -0.143108 0.000036 -0.157200 0.000069 -0.000014 0.000012 0.000032 -0.000010 0.000084
0.135904 -0.000014 -0.113882 0.195361 -0.256189 0.000048 -0.331195 -0.000042 0.000007 -0.000067 0.000008 0.000088 0.000036
-0.135085 -0.000038 0.048448 0.403877 -0.046011 0.000180 -0.105250 0.000024 -0.000004 -0.000059 0.000011 0.000056 0.000032
-0.139690 -0.000077 -0.110298 0.259086 -0.203456 -0.000049 -0.183463 -0.000034 0.000021 -0.000016 0.000054 0.000062 0.000010
-0.013498 -0.000067 0.020575 0.282756 -0.187793 0.000016 -0.206350 -0.000061 -0.000185 -0.000039 -0.000015 0.000034 -0.000004
0.419894 0.000206 0.241061 0.519031 0.247490 -0.000076 -0.031700 -0.000004 -0.000276 -0.000016 0.000017 -0.000031 0.000119
-0.081960 0.000014 0.107935 0.187376 0.091365 0.000003 -0.017040 0.000040 -0.000266 -0.000031 0.000000 0.000014 -0.000070
-0.334065 0.000047 0.192558 0.126772 0.042633 0.000077 -0.148443 0.000004 0.000025 -0.000004 -0.000012 0.000065 -0.000057
-0.337144 -0.000096 0.063162 0.041411 -0.022844 -0.000060 -0.196403 -0.000037 -0.000040 0.000018 0.000032 -0.000040 0.000022
-0.278886 -0.000061 0.189599 0.033230 -0.007623 -0.000043 -0.132157 0.000007 0.000021 -0.000003 -0.000008 -0.000042 -0.000091
-0.177209 0.000119 0.245327 -0.074194 -0.198472 0.000068 -0.173039 -0.000027 0.000099 -0.000003 0.000013 -0.000019 0.000094
0.062552 -0.000039 0.118811 -0.055809 -0.015728 -0.000058 0.067978 -0.000014 -0.000017 -0.000047 -0.000022 -0.000078 0.000023
0.090977 -0.000152 -0.007129 0.110107 0.141013 -0.000011 0.009385 0.000004 -0.000017 -0.000064 -0.000033 -0.000035 0.000020
0.407130 0.000032 -0.004430 -0.035593 0.194872 -0.000084 0.158876 0.000061 -0.000021 -0.000099 0.000006 0.000012 -0.000010
-0.196293 0.000114 -0.045205 -0.007721 0.070834 -0.000017 0.068448 0.000020 -0.000209 0.000024 0.000011 0.000029 0.000028
-0.297202 0.000047 -0.068920 0.000336 0.092823 -0.000028 0.213642 -0.000075 -0.000095 -0.000065 -0.000035 -0.000000 0.000077
-0.419435 -0.000082 -0.201653 -0.111161 0.312394 0.000098 -0.098243 0.000067 -0.000017 -0.000049 -0.000011 0.000037 0.000044
0.109539 -0.000029 0.154212 0.005555 0.235822 -0.000113 0.310005 -0.000056 -0.000260 -0.000041 0.000005 -0.000032 -0.000036
-0.287300 0.000123 0.084517 0.074938 0.193465 0.000061 0.381986 -0.000020 -0.000217 -0.000069 0.000003 0.000060 -0.000002
-0.419391 -0.000015 0.084933 0.001772 -0.129155 -0.000039 0.360317 0.000024 -0.000159 -0.000081 -0.000009 0.000079 0.000022
-0.140667 -0.000003 -0.075118 -0.004763 -0.070727 0.000005 0.392507 -0.000055 0.000015 -0.000022 -0.000013 0.000051 -0.000031
0.076427 -0.000143 -0.293723 -0.302209 -0.207420 -0.000060 0.041205 -0.000041 -0.000066 0.000028 -0.000011 -0.000030 -0.000037
-0.179958 -0.000129 -0.228710 -0.039179 -0.104729 0.000036 0.111973 -0.000019 -0.000102 -0.000017 0.000036 0.000010 -0.000028
0.013311 -0.000140 -0.159867 0.050509 0.074220 -0.000036 0.071577 -0.000027 -0.000283 -0.000001 0.000033 -0.000046 0.000055
-0.045754 -0.000077 -0.000667 0.088761 0.104130 -0.000043 0.118861 0.000067 -0.000280 -0.000058 -0.000005 -0.000037 0.000101
0.146304 0.000061 0.112753 0.205933 -0.059014 0.000015 0.319285 -0.000129 -0.000012 -0.000024 0.000041 0.000041 -0.000061
-0.055417 -0.000017 -0.070998 0.141061 -0.096749 0.000068 0.070374 0.000068 -0.000146 -0.000054 -0.000000 -0.000008 0.000029
-0.083644 -0.000032 -0.001948 0.180105 0.050657 0.000025 0.049166 0.000020 -0.000237 0.000002 0.000010 -0.000040 -0.000056
0.019749 -0.000012 -0.238982 0.210010 0.109856 -0.000101 0.018077 -0.000061 -0.000148 -0.000057 0.000005 0.000024 0.000033
-0.026099 0.000021 -0.303627 0.023740 0.162112 -0.000004 -0.092829 0.000032 -0.000030 -0.000006 0.000001 -0.000070 -0.000040
-0.017651 -0.000086 0.254295 -0.026796 -0.008979 -0.000066 0.026239 -0.000019 -0.000184 -0.000087 -0.000032 -0.000034 -0.000048
-0.188679 -0.000071 0.326521 0.052120 0.086079 -0.000050 0.073677 0.000007 -0.000044 0.000009 -0.000014 -0.000018 -0.000204
-0.158959 0.000073 0.145249 0.018528 -0.223293 0.000113 -0.187316 0.000041 0.000010 -0.000064 -0.000009 0.000012 0.000029
0.198262 0.000018 0.054254 0.032939 -0.127793 -0.000029 -0.212522 -0.000020 -0.000011 -0.000083 -0.000009 -0.000043 -0.000095
0.082933 -0.000056 0.267156 0.107555 -0.166257 -0.000029 -0.182065 0.000026 -0.000028 -0.000034 -0.000004 0.000020 -0.000039
0.055777 -0.000080 0.111004 0.064073 0.009447 -0.000082 -0.316881 0.000056 -0.000024 -0.000079 -0.000003 -0.000115 -0.000086
0.000064 0.000027 0.109894 0.305646 0.007480 0.000034 -0.264870 -0.000024 -0.000023 -0.000029 -0.000010 -0.000031 0.000032
-0.165610 0.000094 0.295767 0.510330 0.242381 0.000040 -0.097666 -0.000023 -0.000268 -0.000001 -0.000015 -0.000019 0.000023
-0.288340 0.000038 0.109859 0.220838 -0.127676 -0.000124 -0.380794 0.000019 0.000015 0.000005 -0.000013 -0.000171 0.000054
-0.000059 0.000044 0.120958 0.347818 -0.134659 0.000014 -0.221043 0.000010 -0.000106 -0.000030 -0.000007 -0.000008 0.000054
0.165538 -0.000087 0.063153 0.393918 -0.208588 -0.000063 -0.177602 0.000036 0.000065 -0.000035 0.000034 -0.000089 -0.000055
0.087985 -0.000079 0.076736 0.208021 -0.310831 -0.000041 -0.206196 -0.000003 -0.000086 -0.000080 0.000018 -0.000020 -0.000050
0.100602 0.000294 0.119565 0.225471 -0.278001 -0.000021 -0.278453 -0.000049 0.000038 -0.000093 0.000014 -0.000130 -0.000003
0.127243 0.000016 0.083322 0.248760 -0.393746 -0.000039 -0.121964 0.000003 -0.000137 -0.000055 0.000026 -0.000017 0.000021
0.060094 0.000015 0.250401 0.234513 -0.194798 0.000062 -0.061317 -0.000061 0.000136 0.000020 -0.000002 0.000026 0.000096
0.022587 -0.000098 -0.343235 0.159192 -0.274894 0.000081 -0.064220 0.000031 -0.000107 -0.000033 -0.000005 0.000024 -0.000060
-0.140086 -0.000043 -0.314996 -0.001689 -0.215516 0.000029 0.154625 0.000000 -0.000184 -0.000075 0.000018 0.000097 0.000031
-0.185324 0.000068 -0.223032 0.019009 0.046058 -0.000047 0.346698 -0.000071 -0.000003 -0.000074 0.000021 -0.000010 -0.000052
-0.252528 -0.000129 -0.230310 0.113104 0.208425 -0.000076 0.461968 0.000016 0.000056 -0.000033 -0.000003 -0.000069 0.000171
0.015868 -0.000044 -0.202110 -0.043868 0.214632 0.000105 0.547573 -0.000008 0.000002 -0.000004 -0.000008 0.000041 -0.000053
-0.209716 -0.000078 -0.071535 -0.001216 -0.090594 0.000001 0.450214 0.000032 0.000036 -0.000088 -0.000025 0.000050 -0.000002
-0.194004 -0.000017 0.065454 -0.032269 0.051236 0.000029 0.305871 0.000024 -0.000054 -0.000024 -0.000001 -0.000043 -0.000042
-0.227590 0.000076 0.093886 0.031678 0.004238 -0.000067 0.477206 -0.000016 0.000066 -0.000071 -0.000015 0.000029 0.000009
-0.039860 0.000036 -0.104703 -0.107247 0.017861 -0.000124 0.271755 -0.000118 -0.000158 -0.000003 0.000033 0.000019 -0.000035
-0.176373 -0.000056 -0.042379 -0.219301 0.071366 0.000053 0.238112 -0.000019 -0.000005 0.000005 0.000003 -0.000051 0.000025
-0.291011 -0.000029 -0.127220 -0.150820 -0.011495 -0.000097 0.199192 0.000018 -0.000092 -0.000024 0.000000 0.000039 -0.000019
0.357081 0.000017 0.005593 0.010226 -0.308275 -0.000042 0.261088 0.000068 -0.000177 -0.000050 -0.000005 -0.000020 0.000035
0.059180 -0.000138 0.075165 0.050161 -0.177028 0.000029 0.327645 -0.000005 -0.000041 0.000003 -0.000018 -0.000009 0.000101
-0.059696 0.000057 -0.177792 0.014800 0.128145 0.000031 0.170962 0.000036 -0.000017 0.000006 -0.000017 0.000019 -0.000023
-0.080648 -0.000125 -0.280305 -0.232735 -0.019682 -0.000046 -0.049112 -0.000027 -0.000029 0.000027 0.000019 -0.000017 -0.000016
-0.022877 -0.000058 0.053687 -0.070940 -0.092042 -0.000038 0.157168 0.000051 0.000040 -0.000062 0.000012 -0.000063 -0.000010
0.122689 -0.000046 0.286432 -0.017948 0.104761 0.000243 0.064996 -0.000094 -0.000103 0.000006 -0.000031 -0.000020 -0.000104
0.136983 -0.000031 0.177193 -0.033615 0.057804 -0.000084 -0.343661 -0.000043 -0.000145 -0.000060 0.000033 -0.000009 0.000028
0.318618 0.000092 0.081065 -0.025524 0.055498 -0.000086 -0.347310 -0.000031 0.000043 -0.000053 -0.000007 -0.000076 0.000175
0.196511 0.000127 0.156440 -0.005513 -0.274792 -0.000121 -0.230706 0.000095 -0.000006 -0.000054 0.000043 -0.000138 0.000048
-0.015941 0.000095 0.174948 -0.018371 -0.374266 0.000021 -0.401558 -0.000028 0.000162 -0.000040 -0.000025 -0.000039 0.000057
-0.142283 0.000020 0.052434 0.182680 -0.132015 -0.000003 -0.367417 0.000026 -0.000001 0.000005 -0.000033 0.000020 0.000028
-0.143861 0.000084 0.147468 0.191982 0.059138 -0.000150 -0.296870 0.000008 -0.000034 -0.000073 -0.000018 -0.000019 -0.000026
0.186056 0.000034 0.020312 0.004930 0.033508 0.000077 -0.187962 0.000009 0.000048 -0.000073 0.000008 -0.000116 0.000034
0.129799 -0.000095 0.160851 0.085487 0.027683 0.000026 -0.074676 0.000027 -0.000188 -0.000020 0.000030 -0.000039 -0.000001
-0.186824 -0.000009 0.174993 -0.010722 -0.028572 -0.000071 -0.309017 0.000017 0.000091 0.000009 -0.000008 -0.000033 0.000029
0.090667 -0.000086 0.303287 0.002096 0.019103 0.000060 -0.295027 -0.000040 -0.000088 0.000025 -0.000001 -0.000030 -0.000019
-0.112696 0.000012 0.183536 -0.047841 -0.260225 0.000072 -0.186067 -0.000060 0.000049 -0.000033 -0.000024 -0.000019 0.000053
0.159247 -0.000035 0.358516 0.018204 -0.234965 -0.000114 -0.064677 0.000015 0.000052 -0.000056 -0.000005 -0.000051 0.000072
0.099471 0.000085 0.142065 0.037345 -0.125168 0.000149 0.015409 -0.000015 0.000086 -0.000010 0.000047 -0.000051 -0.000068
0.088617 -0.000309 -0.038862 -0.001884 -0.345249 0.000074 -0.106371 0.000001 0.000175 -0.000012 -0.000029 -0.000080 -0.000041
0.119741 -0.000191 -0.000502 -0.055704 -0.009275 0.000126 -0.099768 -0.000062 0.000098 -0.000040 0.000022 -0.000008 0.000036
-0.128595 -0.000118 0.320767 0.046004 -0.013116 0.000038 0.341844 -0.000044 0.000015 -0.000073 0.000013 0.000084 0.000123
0.024608 -0.000069 0.077386 -0.010212 -0.385604 -0.000021 0.179977 0.000041 -0.000038 -0.000039 -0.000012 -0.000038 -0.000030
-0.085742 -0.000092 -0.271715 -0.062865 -0.556474 0.000032 -0.034395 -0.000019 -0.000118 -0.000028 -0.000025 0.000032 0.000037
0.143741 0.000143 0.009196 0.113134 -0.088842 -0.000033 0.367343 -0.000040 0.000067 0.000005 0.000042 0.000091 0.000029
-0.151377 0.000007 -0.412263 -0.003387 0.044317 0.000066 0.342122 -0.000076 0.000120 -0.000065 -0.000009 -0.000156 0.000065
-0.410924 0.000200 -0.228400 -0.045635 -0.073748 0.000014 0.499083 -0.000003 0.000017 0.000010 0.000018 0.000051 -0.000046
-0.007375 0.000127 -0.033976 -0.099002 0.098398 0.000023 0.590866 0.000077 0.000012 -0.000069 0.000024 -0.000048 0.000013
0.046000 -0.000047 0.038672 -0.197691 -0.241721 0.000066 0.338052 0.000023 -0.000129 -0.000047 -0.000001 -0.000031 0.000066
-0.139945 0.000035 0.050622 -0.033843 -0.602653 0.000062 0.212851 -0.000023 -0.000161 -0.000016 -0.000010 0.000051 -0.000030
-0.037961 0.000025 -0.272175 0.029140 -0.349394 0.000098 0.032383 0.000147 0.000030 -0.000043 0.000003 0.000086 0.000028
0.065567 0.000001 -0.065423 0.048110 -0.092282 0.000044 0.206414 0.000061 -0.000105 -0.000072 0.000010 0.000029 -0.000029
0.021258 0.000157 0.198203 -0.028203 0.331541 -0.000099 0.047462 -0.000053 -0.000042 -0.000083 0.000008 -0.000043 0.000064
0.000909 -0.000044 0.062505 -0.158634 0.007780 -0.000143 0.100255 -0.000035 0.000028 -0.000006 -0.000009 -0.000011 -0.000027
0.077047 -0.000078 0.243719 -0.090937 0.175487 -0.000027 -0.012211 0.000023 0.000081 -0.000004 -0.000020 0.000021 0.000191
-0.053845 0.000075 -0.101701 -0.060028 0.349232 -0.000256 0.228438 0.000051 -0.000332 -0.000045 0.000006 0.000023 -0.000027
0.342515 -0.000111 -0.165667 -0.150969 0.231781 -0.000087 -0.005897 -0.000063 -0.000096 -0.000054 0.000017 -0.000033 0.000036
-0.308206 0.000109 0.156589 -0.197752 0.095813 -0.000030 -0.113943 0.000029 0.000019 -0.000029 0.000009 -0.000041 -0.000041
-0.026552 0.000084 0.175809 -0.373978 -0.043427 0.000031 -0.203938 0.000124 -0.000106 -0.000077 -0.000007 -0.000012 0.000010
0.264036 0.000085 0.242729 -0.175811 -0.039676 -0.000064 -0.005529 0.000024 -0.000068 -0.000024 -0.000059 -0.000024 0.000036
0.217543 -0.000138 0.050481 -0.149164 -0.130365 0.000028 -0.165990 0.000059 0.000049 0.000016 -0.000006 0.000035 0.000096
-0.078174 -0.000124 -0.065540 -0.052940 -0.288459 -0.000090 -0.191452 0.000034 0.000054 -0.000037 -0.000001 -0.000017 -0.000084
-0.287895 -0.000024 -0.091231 -0.038725 -0.028577 0.000017 -0.082186 -0.000072 0.000063 -0.000034 0.000058 -0.000102 0.000005
0.032008 -0.000079 0.100576 0.026720 0.113916 0.000065 0.121208 -0.000001 -0.000073 -0.000055 0.000003 0.000001 0.000094
0.088557 -0.000151 0.203759 -0.064035 0.057527 -0.000072 -0.086238 -0.000064 0.000026 -0.000017 0.000007 -0.000032 -0.000085
-0.005285 -0.000017 0.069963 -0.170984 -0.198674 -0.000000 -0.268469 -0.000014 0.000081 -0.000039 0.000035 -0.000019 0.000040
0.201768 -0.000081 0.245002 -0.257935 -0.558542 0.000043 -0.200467 0.000016 -0.000053 -0.000089 0.000022 -0.000015 0.000023
0.482226 -0.000081 0.284357 -0.331754 -0.556990 -0.000039 -0.247065 -0.000017 -0.000128 -0.000103 0.000005 -0.000062 0.000012
0.491824 0.000044 0.286428 -0.359989 -0.507132 -0.000020 -0.123059 0.000033 -0.000155 -0.000060 0.000004 0.000136 -0.000064
