0.032811 -0.000003 -0.000029 0.000003 0.000051 0.000025 0.000003 0.000068 -0.000683 0.003967 -0.000020 0.185420 0.000145 -0.000595 -0.071375 -0.781961 0.024616 0.000074 -0.000010 0.150334 -0.000652 0.010347 -0.000159 0.000049 0.000079 -0.000031 -0.000003 -0.000067 -0.003492 -0.000021 -0.004785 0.000048 0.000238 -0.000034 -0.000897 0.000001 -0.000018 0.000029 -0.028202 0.006650 -0.005233
0.004598 -0.000045 -0.000030 -0.000001 -0.000068 -0.000363 -0.000035 -0.000003 -0.001018 0.003648 -0.000131 0.192236 0.000028 -0.000880 0.023999 -0.647383 0.004827 -0.000172 -0.000004 0.212760 -0.001888 0.003963 -0.000028 -0.000028 0.000126 -0.000051 0.000010 -0.000040 -0.003019 0.000054 -0.005069 0.000025 0.000199 0.000142 -0.000832 0.000023 0.000163 0.000060 0.009378 0.006936 -0.004537
0.004572 0.000115 -0.000102 -0.000000 -0.000087 -0.000669 -0.000000 0.000013 -0.000499 0.003788 0.000013 0.276643 -0.000156 -0.000272 0.054941 -0.607828 0.004940 -0.000016 0.000009 0.054911 -0.002024 0.003782 0.000000 -0.000046 -0.000034 0.000061 -0.000064 -0.000017 -0.002925 0.000031 -0.004733 -0.000048 -0.000128 0.000035 -0.000320 0.000047 0.000149 0.000085 0.026762 0.006182 -0.006320
0.005609 -0.000031 -0.000026 -0.000004 0.000053 0.000270 0.000011 -0.000006 -0.000491 0.003724 -0.000112 0.311020 -0.000073 0.000005 0.127860 -0.457186 0.007411 -0.000087 -0.000002 0.029451 -0.001016 0.004034 -0.000011 -0.000008 -0.000026 -0.000016 0.000084 -0.000096 -0.002510 -0.000007 -0.005050 -0.000002 0.000468 0.000165 0.000008 -0.000124 -0.000002 0.000047 0.147161 0.006534 -0.005722
0.024667 0.000014 -0.000017 0.000005 0.000113 -0.000014 -0.000009 0.000042 -0.000212 0.003289 -0.000171 0.331620 -0.000040 -0.000464 -0.026724 -0.296806 0.032966 0.000009 -0.000000 -0.178384 -0.002790 0.011217 -0.000197 0.000037 -0.000040 -0.000012 -0.000075 -0.000022 -0.002641 0.000057 -0.004069 -0.000005 0.000099 -0.000071 -0.000103 -0.000073 -0.000008 -0.000008 0.074294 0.006311 -0.006023
0.023508 0.000029 -0.000050 -0.000004 -0.000079 -0.000088 0.000043 0.000006 -0.000173 0.003493 -0.000028 0.196216 -0.000052 -0.000246 0.018981 -0.113999 0.031594 -0.000173 0.000011 -0.016088 -0.000950 0.013291 -0.000110 -0.000035 0.000040 0.000002 0.000067 -0.000039 -0.002635 0.000036 -0.004117 -0.000014 0.000485 -0.000043 -0.000225 -0.000058 -0.000159 0.000051 0.046182 0.006371 -0.004860
0.034447 0.000023 0.000014 0.000003 0.000056 -0.000019 -0.000019 -0.000027 -0.000069 0.003043 -0.000082 0.135882 -0.000069 -0.000909 0.198668 -0.096693 0.042713 -0.000167 0.000002 -0.121277 -0.001856 0.029255 0.000037 -0.000018 -0.000006 -0.000028 0.000015 0.000039 -0.002850 0.000024 -0.004052 -0.000018 -0.000164 0.000151 0.000066 0.000019 -0.000065 0.000034 0.173465 0.006240 -0.004374
0.072194 -0.000114 0.000021 -0.000002 -0.000024 -0.000203 -0.000011 0.000045 -0.000147 0.003717 -0.000018 -0.079633 -0.000037 -0.001793 0.178345 0.120529 0.056001 -0.000232 0.000009 -0.011364 -0.002616 0.050054 -0.000127 0.000000 0.000019 -0.000016 -0.000028 0.000030 -0.002942 0.000056 -0.004183 0.000003 0.000569 -0.000046 -0.000162 -0.000099 0.000145 -0.000007 0.112636 0.006628 -0.004520
0.087319 0.000017 0.000048 -0.000001 0.000057 -0.000057 -0.000014 0.000018 -0.000226 0.004003 -0.000068 -0.211576 0.000044 -0.001686 0.061737 -0.048820 0.086258 -0.000256 -0.000020 -0.056526 -0.002107 0.046097 -0.000012 -0.000011 0.000035 -0.000000 0.000043 -0.000059 -0.003056 -0.000002 -0.004205 0.000050 -0.000156 0.000023 -0.000139 -0.000042 0.000013 -0.000071 0.003976 0.006997 -0.004691
0.095171 -0.000033 0.000077 0.000007 -0.000077 -0.000447 -0.000021 0.000070 -0.000204 0.004578 -0.000059 -0.213774 0.000009 -0.001879 0.154512 -0.064916 0.094025 -0.000057 0.000004 0.178440 -0.002285 0.056966 -0.000105 0.000003 -0.000047 0.000022 0.000003 -0.000031 -0.003153 -0.000044 -0.004078 -0.000015 0.000187 -0.000073 0.000094 -0.000000 -0.000024 0.000070 -0.090035 0.007672 -0.005029
0.064983 0.000074 0.000043 0.000001 -0.000254 -0.000352 0.000022 -0.000024 -0.000106 0.005256 -0.000021 -0.142868 0.000115 -0.002345 0.073825 -0.111554 0.068338 -0.000061 -0.000000 0.383953 -0.002237 0.040381 -0.000227 -0.000002 -0.000054 -0.000017 -0.000060 0.000008 -0.003324 -0.000043 -0.004160 -0.000021 0.000433 0.000048 0.000173 0.000023 0.000133 0.000021 -0.147239 0.008195 -0.004834
0.052514 0.000073 -0.000058 -0.000005 0.000012 -0.000019 -0.000001 0.000053 -0.000185 0.005379 -0.000001 -0.201502 0.000064 -0.002229 0.142841 -0.169345 0.033574 -0.000025 0.000011 0.415962 -0.001681 0.010704 -0.000122 -0.000049 -0.000163 -0.000020 -0.000034 0.000065 -0.003432 0.000000 -0.004055 0.000012 0.000459 -0.000041 0.000218 0.000043 0.000133 0.000022 -0.274100 0.008427 -0.004702
0.032518 0.000009 -0.000040 -0.000001 -0.000094 -0.000483 0.000030 0.000090 -0.000292 0.005652 -0.000119 -0.183443 0.000007 -0.002513 0.074629 0.023636 0.028658 -0.000022 -0.000018 0.329029 -0.001735 0.001672 0.000036 0.000008 -0.000123 -0.000007 0.000003 0.000023 -0.003634 0.000067 -0.004260 -0.000002 0.000380 0.000026 0.000184 -0.000055 0.000056 -0.000070 -0.295412 0.009117 -0.004490
0.001081 -0.000025 0.000076 0.000010 0.000025 -0.000611 0.000013 -0.000021 -0.000224 0.005473 -0.000096 -0.145161 -0.000018 -0.002313 0.036846 0.001227 0.008616 -0.000256 0.000004 0.383175 -0.002286 0.000876 -0.000068 -0.000011 0.000152 -0.000047 -0.000060 -0.000031 -0.003315 0.000120 -0.004349 0.000042 0.000347 -0.000040 0.000134 -0.000135 0.000105 0.000010 -0.330993 0.008869 -0.002548
0.000395 -0.000157 0.000015 -0.000002 0.000010 -0.000369 -0.000010 -0.000019 -0.000120 0.004604 -0.000089 -0.025609 0.000117 -0.001550 0.033389 0.164265 0.000372 -0.000060 -0.000003 0.261020 -0.001243 0.000398 0.000063 -0.000018 -0.000265 0.000015 -0.000013 -0.000032 -0.002905 0.000030 -0.004276 -0.000083 0.000630 -0.000038 0.000142 -0.000053 -0.000063 0.000024 -0.245851 0.008615 -0.003233
-0.000272 -0.000068 -0.000039 0.000004 -0.000066 -0.000100 0.000025 0.000029 -0.000108 0.004477 -0.000129 -0.057769 -0.000184 -0.001190 -0.140511 0.274766 -0.000427 -0.000341 -0.000014 0.170682 -0.000810 -0.000120 -0.000202 -0.000061 0.000097 -0.000036 0.000039 0.000009 -0.003184 -0.000014 -0.004139 -0.000049 0.000223 -0.000009 0.000194 0.000020 -0.000212 -0.000080 -0.082965 0.007571 -0.003913
0.000093 -0.000030 -0.000002 0.000013 0.000182 -0.000086 0.000020 -0.000028 -0.000059 0.003990 -0.000058 -0.027090 0.000064 -0.000601 -0.206130 0.348932 0.000071 -0.000257 -0.000016 -0.010158 -0.000921 0.000112 -0.000083 0.000017 0.000038 0.000037 0.000068 0.000076 -0.003365 -0.000042 -0.004197 -0.000009 0.000376 0.000034 0.000210 0.000121 -0.000145 0.000040 -0.314696 0.006870 -0.003319
0.006824 -0.000031 -0.000027 0.000004 -0.000087 -0.000175 -0.000014 -0.000062 -0.000198 0.003603 -0.000029 -0.075946 0.000003 -0.000383 -0.332925 0.488495 0.004763 -0.000128 -0.000028 0.123659 -0.000491 0.001181 0.000102 -0.000001 -0.000267 -0.000032 -0.000070 0.000045 -0.003951 -0.000037 -0.004155 0.000015 0.000552 -0.000072 0.000176 0.000108 -0.000027 -0.000049 -0.318678 0.006016 -0.004496
0.007229 0.000107 0.000007 -0.000013 0.000023 0.000227 -0.000003 0.000047 -0.000152 0.003296 -0.000019 -0.027291 -0.000006 -0.000193 -0.264941 0.378718 0.012931 -0.000087 0.000016 0.042138 0.000214 0.001672 -0.000041 0.000031 -0.000266 -0.000008 0.000013 -0.000044 -0.004648 -0.000011 -0.004269 -0.000048 0.000209 0.000202 0.000147 0.000012 0.000035 -0.000042 -0.215650 0.006263 -0.003774
0.000622 0.000071 0.000041 -0.000003 -0.000183 -0.000134 -0.000001 0.000028 -0.000499 0.003802 -0.000097 -0.006618 -0.000182 -0.000304 -0.345066 0.296387 0.000671 0.000030 -0.000026 0.236413 -0.000454 0.000475 -0.000144 -0.000002 -0.000001 0.000048 -0.000000 0.000046 -0.004725 0.000051 -0.004331 -0.000016 0.000220 -0.000036 0.000187 -0.000062 0.000016 -0.000016 -0.158845 0.006100 -0.005248
-0.000626 0.000024 0.000002 -0.000002 -0.000080 -0.000258 -0.000011 -0.000024 -0.000050 0.004143 -0.000125 0.100786 0.000049 -0.000663 -0.480032 0.179366 -0.000830 0.000063 -0.000022 0.262962 -0.000967 -0.000372 0.000048 -0.000017 0.000195 0.000008 0.000020 0.000020 -0.004369 0.000071 -0.004252 0.000086 0.000427 -0.000073 0.000103 -0.000038 0.000050 0.000037 0.010194 0.006069 -0.004572
0.000455 -0.000023 -0.000017 -0.000010 0.000009 -0.000268 0.000001 0.000061 -0.000181 0.004116 -0.000093 0.158246 0.000015 -0.000061 -0.488819 -0.046367 0.000479 -0.000220 0.000019 0.395913 -0.000052 0.000431 -0.000202 0.000024 0.000000 0.000052 0.000022 0.000020 -0.004716 -0.000021 -0.004287 -0.000044 0.000198 -0.000058 0.000080 -0.000004 -0.000068 0.000003 0.153236 0.006374 -0.004347
0.032023 -0.000003 -0.000005 0.000003 0.000057 -0.000152 0.000016 -0.000032 -0.000293 0.003975 -0.000066 0.069392 -0.000221 -0.000981 -0.597333 -0.150716 0.037368 -0.000180 0.000008 0.257708 0.000210 0.014385 -0.000114 -0.000004 0.000008 -0.000006 -0.000010 -0.000015 -0.005577 -0.000008 -0.004210 0.000043 -0.000193 -0.000040 0.000211 0.000038 -0.000101 0.000056 0.151569 0.006828 -0.002912
0.069726 0.000002 -0.000059 -0.000013 0.000111 -0.000020 0.000014 0.000031 -0.000050 0.003387 0.000003 0.049999 -0.000058 -0.000388 -0.699396 -0.361137 0.071309 -0.000175 -0.000005 0.114260 0.000254 0.038284 -0.000001 -0.000024 -0.000018 0.000011 -0.000017 0.000050 -0.005456 -0.000012 -0.004393 0.000012 0.000394 0.000114 0.000204 -0.000007 0.000036 0.000041 0.267596 0.006613 -0.003914
0.039901 -0.000017 -0.000053 0.000000 -0.000124 -0.000530 -0.000018 -0.000003 -0.000119 0.002654 -0.000010 0.178251 0.000095 -0.000399 -0.641295 -0.471235 0.050714 -0.000240 -0.000004 0.199272 -0.000262 0.028223 -0.000051 0.000014 -0.000016 0.000011 -0.000014 0.000019 -0.005596 -0.000051 -0.004282 0.000036 0.000446 0.000094 0.000180 -0.000066 -0.000147 0.000064 0.494991 0.006880 -0.002657
0.002087 0.000043 0.000033 -0.000001 0.000095 -0.000574 -0.000006 0.000016 -0.000164 0.002422 -0.000092 0.287168 -0.000013 -0.000874 -0.498417 -0.367465 0.002443 0.000059 0.000001 0.008591 -0.000087 0.001667 -0.000051 0.000019 0.000136 0.000029 0.000026 -0.000020 -0.004545 0.000006 -0.004407 -0.000020 0.000255 -0.000053 0.000209 -0.000002 0.000154 -0.000066 0.847103 0.006041 -0.004546
0.003046 -0.000049 0.000070 -0.000009 -0.000097 -0.000216 -0.000003 -0.000022 -0.000025 0.002551 0.000004 0.362719 0.000075 -0.000720 -0.432820 -0.131156 0.004081 -0.000064 -0.000007 -0.110449 -0.000570 0.001978 0.000059 -0.000012 0.000096 -0.000011 -0.000017 -0.000020 -0.004333 -0.000034 -0.004356 0.000037 -0.000279 0.000002 0.000128 -0.000066 0.000082 -0.000068 0.745740 0.006397 -0.004366
0.015269 -0.000124 0.000016 0.000003 -0.000081 -0.000043 -0.000036 0.000006 -0.000113 0.003180 -0.000108 0.310473 0.000059 -0.000299 -0.409675 -0.059254 0.019395 0.000069 0.000016 -0.113133 -0.000556 0.006837 0.000152 -0.000024 -0.000012 -0.000061 0.000110 0.000039 -0.004559 0.000024 -0.004284 -0.000049 0.000435 -0.000106 0.000186 -0.000007 -0.000182 -0.000019 0.870784 0.006214 -0.003902
0.048190 -0.000052 -0.000024 0.000002 0.000109 -0.000107 0.000013 -0.000010 -0.000152 0.002879 -0.000015 0.204932 -0.000127 -0.000354 -0.304142 -0.183401 0.070856 0.000050 -0.000010 -0.313329 -0.000247 0.033257 -0.000167 -0.000013 -0.000009 -0.000012 0.000003 0.000074 -0.004680 -0.000019 -0.004527 -0.000001 0.000391 0.000012 0.000170 0.000034 -0.000137 -0.000053 0.602113 0.006016 -0.003811
0.050285 0.000031 -0.000024 -0.000013 0.000087 -0.000115 -0.000012 0.000004 -0.000166 0.002524 -0.000066 0.176377 -0.000111 -0.000231 -0.392043 -0.151793 0.078799 -0.000075 0.000028 -0.122836 -0.000036 0.049263 0.000089 0.000011 0.000106 -0.000020 -0.000028 0.000033 -0.004579 -0.000011 -0.004306 0.000015 0.000408 0.000027 0.000190 -0.000019 0.000045 0.000041 0.369977 0.006149 -0.004259
0.031279 0.000010 0.000018 0.000009 -0.000068 -0.000363 -0.000003 -0.000061 -0.000372 0.002931 -0.000078 0.119590 0.000022 -0.000378 -0.316959 0.012320 0.038801 0.000119 0.000000 0.061442 0.000029 0.022915 -0.000167 -0.000004 0.000042 -0.000022 0.000031 -0.000017 -0.004678 -0.000066 -0.004172 -0.000026 0.000417 0.000091 0.000047 -0.000008 -0.000096 0.000106 0.187258 0.005504 -0.003263
0.033518 0.000080 -0.000060 -0.000005 0.000035 -0.000366 -0.000021 0.000016 -0.000247 0.002733 -0.000074 0.079816 -0.000091 0.000308 -0.342481 -0.023360 0.036029 -0.000048 -0.000001 0.023494 -0.000190 0.017725 -0.000024 0.000011 -0.000262 0.000005 -0.000162 -0.000017 -0.004871 -0.000007 -0.004621 0.000023 0.000406 -0.000061 0.000064 -0.000092 0.000019 -0.000034 0.239502 0.006236 -0.003569
0.065880 -0.000029 -0.000024 -0.000004 -0.000067 -0.000245 0.000005 0.000013 -0.000250 0.003192 0.000010 -0.070904 -0.000106 -0.000503 -0.156501 0.192199 0.097554 0.000042 0.000006 0.078005 -0.000932 0.052412 0.000008 0.000023 -0.000070 -0.000036 0.000013 -0.000019 -0.004946 0.000031 -0.004896 -0.000039 0.000402 0.000065 0.000068 -0.000039 0.000097 0.000014 -0.011625 0.006248 -0.003676
0.069273 -0.000044 -0.000057 -0.000001 0.000025 -0.000236 0.000009 -0.000047 -0.000340 0.003899 -0.000086 -0.243688 0.000098 -0.000286 0.091579 0.175730 0.113747 -0.000074 -0.000002 -0.066106 -0.001351 0.064580 0.000090 0.000026 0.000143 -0.000012 -0.000033 -0.000028 -0.004844 0.000018 -0.005015 -0.000036 0.000123 -0.000090 0.000146 -0.000023 -0.000050 0.000028 -0.036422 0.006523 -0.004584
0.046787 0.000033 0.000041 -0.000003 0.000017 -0.000322 -0.000001 -0.000024 -0.000407 0.004054 -0.000098 -0.463361 0.000078 -0.000547 0.427970 0.305582 0.044370 -0.000110 -0.000012 0.000647 -0.000407 0.039277 -0.000030 0.000012 0.000075 0.000018 -0.000033 -0.000064 -0.004598 0.000035 -0.005291 -0.000019 0.000336 -0.000107 -0.000006 -0.000027 -0.000055 -0.000082 -0.024901 0.007095 -0.003869
0.029561 0.000002 -0.000023 0.000002 -0.000192 0.000328 0.000021 0.000031 -0.000570 0.004551 -0.000088 -0.684719 0.000090 -0.000688 0.519696 0.263134 0.027311 -0.000049 -0.000032 -0.102825 -0.001127 0.016954 0.000065 -0.000017 -0.000038 0.000013 0.000047 -0.000022 -0.004379 -0.000035 -0.005026 -0.000002 0.000561 -0.000177 -0.000030 -0.000054 -0.000144 -0.000040 0.253195 0.007186 -0.003628
0.018754 -0.000012 -0.000016 -0.000003 0.000003 -0.000352 0.000007 -0.000011 -0.000278 0.004633 -0.000059 -0.720778 -0.000133 -0.000420 0.721245 0.257402 0.017235 -0.000053 -0.000010 -0.087708 -0.000179 0.003317 -0.000172 0.000024 0.000012 -0.000010 -0.000004 -0.000047 -0.004196 0.000096 -0.004877 0.000016 -0.000138 -0.000101 -0.000047 0.000011 -0.000143 -0.000015 0.213532 0.006386 -0.004002
0.066819 0.000017 0.000035 -0.000003 -0.000123 -0.000102 -0.000007 0.000054 -0.000231 0.004998 -0.000096 -0.680032 0.000008 -0.001053 0.535458 0.246461 0.061421 -0.000123 -0.000010 -0.063049 -0.001132 0.036004 -0.000015 0.000007 0.000033 -0.000027 0.000006 0.000038 -0.004295 -0.000017 -0.004531 0.000026 0.000393 -0.000074 0.000065 0.000038 -0.000080 -0.000029 -0.022029 0.007697 -0.003996
0.080407 0.000063 -0.000039 0.000002 0.000111 -0.000143 -0.000033 0.000019 -0.000155 0.005524 -0.000042 -0.659881 0.000131 -0.002113 0.443038 0.282413 0.109777 0.000023 0.000010 -0.165829 -0.000889 0.058708 -0.000007 -0.000016 0.000102 0.000030 -0.000051 -0.000015 -0.004743 0.000050 -0.004624 -0.000033 0.000516 0.000057 0.000055 0.000008 0.000041 -0.000002 -0.105148 0.008392 -0.004583
0.095606 0.000034 0.000053 -0.000013 0.000041 -0.000167 0.000021 -0.000054 -0.000190 0.005058 -0.000137 -0.549268 -0.000167 -0.001102 0.497347 0.159398 0.121660 -0.000088 0.000010 -0.074011 -0.000465 0.080785 -0.000118 -0.000018 -0.000002 -0.000002 -0.000034 -0.000036 -0.004845 0.000029 -0.004434 -0.000027 0.000435 0.000036 0.000174 -0.000040 -0.000023 0.000040 -0.446432 0.008909 -0.004205
0.086132 -0.000044 -0.000061 -0.000006 0.000038 -0.000155 0.000007 0.000034 -0.000646 0.004193 -0.000010 -0.465425 0.000107 -0.001667 0.582909 0.150545 0.088982 0.000157 -0.000001 -0.122002 -0.001559 0.059497 -0.000133 -0.000015 0.000145 -0.000038 -0.000014 0.000007 -0.004838 -0.000045 -0.004518 -0.000014 0.000030 0.000042 0.000179 0.000047 0.000022 0.000015 -0.513725 0.008750 -0.004521
0.030783 0.000011 0.000016 -0.000001 0.000014 -0.000516 0.000009 -0.000017 -0.000969 0.003958 -0.000105 -0.467010 0.000273 -0.000278 0.698140 0.200889 0.042846 -0.000040 0.000010 0.172837 -0.001251 0.026239 0.000010 -0.000026 0.000006 -0.000046 0.000025 0.000038 -0.004657 0.000025 -0.004395 -0.000019 0.000102 -0.000114 0.000146 0.000065 -0.000015 -0.000070 -0.563546 0.008384 -0.004346
0.005950 -0.000142 0.000026 0.000006 0.000017 -0.000070 0.000033 -0.000038 -0.000542 0.003809 -0.000078 -0.388451 0.000015 -0.000073 0.805749 0.173049 0.013508 -0.000043 0.000003 0.147134 -0.000623 0.002722 -0.000158 -0.000035 0.000059 -0.000033 -0.000108 0.000046 -0.004791 -0.000017 -0.004472 0.000030 0.000362 -0.000107 0.000078 0.000114 0.000076 0.000007 -0.511172 0.007648 -0.004457
0.004140 0.000024 0.000012 -0.000008 -0.000014 -0.000147 -0.000023 0.000046 -0.000221 0.003354 -0.000080 -0.376304 -0.000173 0.000155 0.946590 0.042639 0.005694 -0.000161 0.000008 0.016519 -0.000288 0.002467 0.000035 0.000003 -0.000033 -0.000028 0.000157 0.000067 -0.004831 0.000054 -0.004324 -0.000007 -0.000001 -0.000110 0.000067 0.000035 -0.000020 -0.000051 -0.489405 0.006742 -0.004625
0.003993 0.000042 -0.000055 0.000005 -0.000082 -0.000294 0.000005 0.000012 -0.000135 0.002494 -0.000114 -0.364696 0.000093 -0.000058 0.793054 0.061666 0.005283 0.000020 -0.000001 0.035169 -0.000158 0.002551 0.000034 -0.000032 0.000079 0.000028 -0.000051 -0.000026 -0.004174 -0.000088 -0.004725 0.000030 0.000233 0.000052 0.000123 -0.000036 -0.000093 -0.000025 -0.268836 0.005677 -0.004284
0.005098 0.000016 -0.000005 -0.000001 -0.000101 -0.000738 -0.000003 0.000016 -0.000118 0.002337 -0.000097 -0.272948 0.000017 0.000475 0.582149 0.034007 0.007038 -0.000045 0.000007 -0.170772 -0.000681 0.003134 0.000078 -0.000004 -0.000023 0.000013 -0.000069 -0.000041 -0.004159 0.000023 -0.004364 0.000001 0.000299 -0.000109 0.000132 0.000002 -0.000097 -0.000010 -0.116298 0.005526 -0.004396
0.003186 0.000008 0.000042 -0.000001 -0.000170 -0.000467 -0.000008 -0.000013 -0.000626 0.002171 -0.000064 -0.152793 -0.000020 0.000636 0.333055 0.134718 0.003595 0.000054 0.000000 -0.083455 -0.001422 0.002316 -0.000040 -0.000011 0.000047 0.000036 0.000094 -0.000025 -0.004437 0.000113 -0.004766 -0.000011 0.000528 -0.000119 0.000118 -0.000004 0.000053 -0.000074 -0.063223 0.005086 -0.004296
0.001914 -0.000052 -0.000006 -0.000004 -0.000128 0.000009 -0.000007 -0.000053 -0.000648 0.001671 0.000000 -0.044805 -0.000068 0.000754 0.212965 0.149341 0.002073 0.000046 -0.000005 -0.265383 -0.002288 0.001645 0.000059 0.000000 -0.000001 -0.000020 0.000005 0.000019 -0.005095 -0.000004 -0.004349 0.000013 0.000180 -0.000027 0.000217 -0.000007 -0.000099 0.000078 -0.159613 0.005170 -0.003274
0.002177 0.000119 -0.000014 -0.000000 0.000003 -0.000775 0.000006 -0.000043 -0.000558 0.001835 -0.000123 0.090684 0.000068 0.000335 0.137091 -0.042035 0.002436 0.000006 -0.000004 -0.342877 -0.002591 0.001777 -0.000049 -0.000011 0.000007 0.000008 -0.000084 -0.000056 -0.005596 0.000050 -0.004474 0.000015 0.000196 0.000023 0.000193 -0.000060 0.000021 -0.000053 -0.012520 0.004144 -0.002449
0.002857 0.000020 0.000004 -0.000027 0.000014 -0.000541 -0.000012 0.000018 -0.000489 0.001889 -0.000116 0.095576 0.000008 0.000680 -0.032496 0.007487 0.003537 -0.000094 0.000016 -0.448769 -0.002113 0.002060 -0.000020 0.000008 0.000228 0.000011 0.000010 -0.000004 -0.005973 0.000066 -0.004385 -0.000002 0.000601 0.000030 0.000169 0.000080 -0.000019 0.000028 0.077586 0.004255 -0.003986
0.001797 -0.000031 -0.000035 -0.000012 -0.000086 -0.000737 -0.000020 0.000048 -0.000458 0.002536 -0.000026 0.126566 0.000001 0.000377 -0.135045 -0.000547 0.001923 0.000024 0.000005 -0.447245 -0.001696 0.001508 -0.000182 0.000008 -0.000053 -0.000034 0.000019 0.000003 -0.005969 0.000066 -0.004526 0.000088 0.000235 0.000056 -0.000022 0.000131 -0.000005 0.000077 0.181715 0.004638 -0.003847
0.000689 0.000052 0.000007 -0.000018 -0.000037 -0.000102 0.000013 0.000003 -0.000269 0.002798 0.000008 0.112212 0.000075 -0.000224 -0.249893 0.065954 0.000660 -0.000093 -0.000008 -0.215086 -0.001250 0.000708 0.000029 0.000031 -0.000040 0.000013 0.000008 -0.000011 -0.004935 -0.000011 -0.004522 -0.000010 0.000471 -0.000047 -0.000089 -0.000045 -0.000039 -0.000015 0.165910 0.005646 -0.003990
-0.000265 0.000098 -0.000081 -0.000002 -0.000129 0.000241 -0.000005 0.000012 -0.000099 0.002973 -0.000099 0.069557 -0.000056 -0.000448 -0.342329 0.138882 -0.000472 0.000007 -0.000005 -0.158667 -0.002659 0.000110 -0.000050 0.000020 0.000036 0.000025 0.000022 -0.000014 -0.003906 -0.000056 -0.004341 -0.000033 0.000327 -0.000053 -0.000066 0.000022 -0.000003 -0.000069 0.191970 0.005331 -0.004697
-0.000574 -0.000024 -0.000020 -0.000000 -0.000104 0.000253 -0.000002 -0.000016 -0.000117 0.003475 -0.000057 0.007060 0.000135 -0.000541 -0.342668 0.083385 -0.000770 0.000014 -0.000004 -0.181510 -0.003928 -0.000180 0.000011 0.000011 0.000016 -0.000023 0.000077 0.000004 -0.003245 0.000089 -0.004699 0.000004 -0.000445 -0.000119 -0.000063 0.000028 0.000099 -0.000021 -0.006818 0.006198 -0.005639
-0.000402 0.000022 -0.000018 0.000011 0.000020 -0.000220 -0.000008 0.000091 -0.000201 0.003410 -0.000112 0.006869 -0.000156 -0.000443 -0.344021 0.142460 -0.000463 0.000035 -0.000001 -0.037397 -0.001892 -0.000171 0.000019 -0.000022 0.000026 -0.000031 0.000027 0.000037 -0.002745 0.000031 -0.004839 0.000007 0.000319 -0.000038 -0.000064 -0.000042 0.000131 0.000021 0.087810 0.006305 -0.005875
-0.001293 0.000116 0.000106 -0.000006 0.000016 -0.000570 -0.000000 -0.000103 -0.000593 0.003573 -0.000122 -0.062516 0.000003 -0.000375 -0.248128 0.343340 -0.001478 -0.000000 0.000004 0.059540 -0.001235 -0.000931 -0.000007 0.000019 0.000004 0.000045 0.000004 -0.000095 -0.002525 -0.000057 -0.004987 -0.000036 0.000120 0.000032 -0.000024 0.000025 -0.000170 -0.000007 0.023976 0.006545 -0.006551
-0.001920 0.000078 -0.000153 -0.000001 0.000015 -0.000219 -0.000016 -0.000015 -0.000997 0.003566 -0.000059 -0.094868 -0.000051 -0.000434 -0.326526 0.286478 -0.002202 -0.000084 0.000014 0.018181 -0.000781 -0.001479 0.000012 0.000005 -0.000068 -0.000008 0.000004 -0.000019 -0.002436 -0.000008 -0.004899 0.000005 0.000278 -0.000043 -0.000055 0.000044 0.000110 -0.000061 0.156788 0.006423 -0.005283
-0.001793 -0.000012 0.000061 0.000009 -0.000016 0.000241 -0.000009 -0.000014 -0.000934 0.003049 -0.000149 -0.138448 -0.000117 -0.000019 -0.172823 0.217998 -0.001960 -0.000193 -0.000008 0.095951 -0.001621 -0.001480 0.000095 0.000049 0.000040 -0.000012 -0.000010 -0.000038 -0.002151 0.000010 -0.005134 -0.000064 0.000250 0.000026 -0.000060 0.000008 0.000044 -0.000015 0.108162 0.005772 -0.005473
-0.000685 0.000036 -0.000018 -0.000003 -0.000054 -0.000771 -0.000015 -0.000043 -0.001129 0.002851 -0.000019 -0.260562 -0.000049 -0.000173 -0.330954 0.244310 0.015718 0.000048 -0.000005 -0.051850 -0.000609 -0.000722 0.000026 0.000036 -0.000023 0.000046 -0.000083 0.000026 -0.002516 0.000006 -0.005234 0.000010 0.000542 -0.000034 -0.000066 -0.000072 -0.000087 -0.000041 0.038196 0.006384 -0.005216
0.033035 -0.000067 0.000089 -0.000000 0.000016 0.000190 -0.000018 -0.000103 -0.000652 0.002768 -0.000008 -0.180891 -0.000108 -0.000072 -0.245226 0.196600 0.045075 -0.000101 -0.000016 -0.130206 -0.001744 0.009343 0.000017 -0.000025 0.000010 0.000003 0.000012 -0.000016 -0.002766 0.000070 -0.005328 -0.000068 0.000449 0.000049 -0.000068 0.000083 -0.000024 -0.000070 0.099829 0.006253 -0.005233
0.042263 -0.000047 0.000042 0.000005 0.000006 -0.000100 0.000007 0.000022 -0.000415 0.002708 -0.000054 -0.086060 0.000073 0.000007 -0.230975 0.024352 0.044230 -0.000156 0.000004 -0.265422 -0.000393 0.032223 0.000025 0.000018 -0.000150 0.000003 0.000021 0.000013 -0.003119 0.000078 -0.005010 -0.000012 0.000598 0.000023 -0.000063 0.000117 0.000041 -0.000064 0.025099 0.006456 -0.005056
0.021114 -0.000014 0.000022 0.000011 -0.000104 -0.000468 -0.000029 -0.000025 -0.000368 0.002688 -0.000141 0.065683 -0.000017 0.000039 0.002262 -0.108899 0.024052 0.000050 -0.000020 0.002554 -0.002783 0.008300 0.000029 -0.000013 0.000193 -0.000059 -0.000015 0.000033 -0.003523 0.000007 -0.004812 -0.000006 0.000222 0.000055 -0.000086 -0.000109 -0.000247 -0.000140 0.240661 0.005759 -0.004961
0.040223 0.000049 -0.000069 -0.000003 -0.000051 -0.000221 0.000024 -0.000105 -0.000453 0.002651 -0.000047 0.159658 -0.000118 0.000006 0.052955 -0.069018 0.058129 -0.000079 0.000027 0.032183 -0.002229 0.021248 0.000047 0.000019 0.000051 -0.000027 0.000001 0.000044 -0.003674 -0.000116 -0.004833 0.000068 0.000335 0.000095 -0.000081 -0.000002 0.000013 -0.000068 0.238885 0.005422 -0.005066
0.057302 -0.000033 0.000039 0.000005 -0.000050 -0.000622 0.000011 0.000006 -0.000387 0.003083 -0.000129 0.147274 0.000014 -0.000449 0.222001 -0.185888 0.044589 0.000099 -0.000006 -0.129327 -0.003362 0.021164 -0.000007 -0.000045 0.000145 -0.000036 -0.000007 -0.000031 -0.004024 0.000035 -0.004760 -0.000038 0.000442 -0.000081 -0.000095 0.000139 0.000046 0.000023 0.152529 0.005768 -0.004644
0.102105 -0.000015 0.000004 -0.000007 0.000013 -0.000704 -0.000012 -0.000020 -0.000373 0.003510 -0.000141 -0.011813 -0.000046 0.000111 0.300708 -0.181138 0.115698 -0.000172 0.000017 -0.170549 -0.001273 0.057814 0.000067 -0.000017 -0.000312 0.000015 -0.000071 -0.000017 -0.004286 0.000022 -0.004310 -0.000027 0.000250 -0.000086 -0.000032 -0.000015 -0.000094 0.000016 0.051439 0.006234 -0.005325
0.080534 0.000129 -0.000080 0.000003 0.000059 -0.000252 -0.000036 -0.000044 -0.000279 0.003173 -0.000154 -0.020970 -0.000111 -0.000138 0.275407 -0.084432 0.115713 -0.000089 -0.000002 0.021643 -0.002526 0.056395 -0.000079 -0.000027 -0.000005 0.000000 0.000023 -0.000010 -0.004578 0.000003 -0.004225 -0.000020 -0.000185 0.000085 -0.000071 -0.000070 0.000006 -0.000047 -0.076967 0.006648 -0.005224
0.092790 0.000013 -0.000021 0.000013 -0.000041 -0.000721 -0.000003 0.000006 -0.000354 0.003000 -0.000153 -0.037246 -0.000090 -0.000385 0.494329 -0.042882 0.113112 -0.000197 -0.000014 -0.189434 0.000109 0.054370 0.000063 -0.000007 0.000127 0.000048 -0.000031 0.000033 -0.004336 -0.000046 -0.004483 -0.000016 0.000361 0.000028 0.000195 -0.000027 0.000126 0.000102 -0.135024 0.006258 -0.005390
0.085026 0.000067 -0.000013 0.000007 -0.000080 -0.000521 -0.000008 -0.000016 -0.000385 0.002943 -0.000049 -0.024122 -0.000091 0.000023 0.609161 -0.116742 0.093483 0.000031 0.000003 -0.020231 -0.000931 0.055471 0.000060 0.000004 -0.000207 -0.000013 0.000069 -0.000014 -0.003907 -0.000065 -0.004171 0.000001 0.000308 -0.000035 0.000188 0.000150 0.000050 -0.000012 -0.260812 0.006102 -0.004620
0.083643 -0.000077 0.000012 -0.000015 0.000267 -0.000283 0.000001 0.000013 -0.001116 0.002505 -0.000062 0.021113 0.000062 -0.000404 0.799699 -0.228783 0.099350 0.000028 -0.000003 -0.047434 -0.000382 0.044592 -0.000143 -0.000038 0.000011 0.000035 0.000048 0.000038 -0.003510 -0.000040 -0.004602 0.000023 0.000023 0.000101 0.000160 0.000035 0.000063 0.000042 -0.302139 0.006071 -0.005235
0.078400 -0.000069 -0.000018 -0.000017 -0.000037 -0.000316 0.000014 -0.000017 -0.001220 0.002826 -0.000116 0.117818 0.000001 -0.000183 0.651337 -0.457160 0.103504 -0.000038 0.000001 -0.007515 -0.001591 0.056057 -0.000053 0.000019 -0.000164 -0.000050 -0.000101 0.000020 -0.003640 0.000062 -0.004552 -0.000015 0.000570 0.000045 0.000168 -0.000068 -0.000095 0.000018 -0.361522 0.006239 -0.005383
0.075001 -0.000035 0.000022 0.000018 0.000049 -0.000596 0.000011 -0.000024 -0.000977 0.003317 0.000031 0.110099 0.000133 0.000237 0.660142 -0.458920 0.089403 -0.000096 0.000001 0.150750 -0.002757 0.049787 0.000059 0.000019 0.000157 -0.000005 -0.000021 0.000074 -0.003617 -0.000039 -0.004870 0.000029 0.000286 -0.000003 0.000155 -0.000050 0.000005 0.000021 -0.356398 0.006468 -0.004911
0.067534 -0.000026 -0.000052 0.000004 0.000050 -0.000774 0.000016 0.000024 -0.000545 0.003715 -0.000020 0.122744 -0.000059 -0.000015 0.713439 -0.404219 0.065082 -0.000079 0.000006 0.190357 -0.002123 0.048413 0.000002 -0.000047 0.000079 -0.000063 0.000069 -0.000067 -0.004019 -0.000007 -0.004771 -0.000014 0.000350 -0.000167 0.000157 0.000057 0.000041 0.000100 -0.126058 0.006637 -0.005134
0.047254 0.000021 -0.000042 0.000004 0.000023 -0.000060 -0.000028 0.000040 -0.000206 0.003623 0.000014 0.122682 0.000000 0.000385 0.603721 -0.412195 0.074815 0.000076 0.000001 0.133127 -0.003373 0.041401 0.000069 0.000003 0.000019 -0.000048 -0.000013 -0.000003 -0.003663 -0.000015 -0.004970 0.000067 -0.000141 -0.000017 0.000087 -0.000039 -0.000043 0.000028 -0.079740 0.006866 -0.005254
0.077257 0.000004 -0.000046 0.000006 0.000004 -0.000775 -0.000005 0.000024 -0.000217 0.002824 -0.000077 0.123345 -0.000044 0.000028 0.470367 -0.377003 0.084638 -0.000031 0.000017 -0.018267 -0.001493 0.057213 0.000041 0.000003 0.000065 0.000026 -0.000016 -0.000044 -0.003784 -0.000046 -0.004454 -0.000026 -0.000125 -0.000012 -0.000218 0.000043 0.000090 0.000004 -0.138183 0.006862 -0.005165
0.099919 -0.000056 0.000042 -0.000001 -0.000105 -0.000417 -0.000008 -0.000007 -0.000235 0.001738 -0.000070 0.052168 0.000101 0.000374 0.154063 -0.472452 0.107757 0.000012 0.000004 -0.336583 0.000033 0.078204 0.000040 0.000008 0.000044 -0.000000 -0.000072 0.000020 -0.003787 -0.000136 -0.004619 -0.000028 0.000393 -0.000046 -0.000616 0.000072 0.000121 -0.000018 -0.290502 0.006320 -0.005195
0.106607 -0.000011 0.000057 0.000007 -0.000094 -0.000117 0.000021 -0.000043 -0.000188 0.001399 -0.000001 0.013608 0.000020 0.000697 0.197833 -0.479728 0.122655 -0.000130 -0.000001 -0.231231 -0.000105 0.075415 0.000089 -0.000024 0.000030 -0.000035 0.000010 0.000020 -0.003459 0.000170 -0.004550 -0.000063 0.000394 0.000009 -0.000832 -0.000113 -0.000109 -0.000022 -0.179053 0.005936 -0.005284
0.045684 0.000017 -0.000050 0.000011 0.000015 -0.000815 -0.000016 -0.000011 -0.000308 0.001290 -0.000098 0.130200 0.000075 0.000790 0.038828 -0.626595 0.054565 0.000044 -0.000003 -0.150393 0.000129 0.039384 0.000074 0.000062 0.000059 -0.000027 -0.000014 -0.000027 -0.003390 0.000007 -0.004499 -0.000012 0.000175 0.000149 -0.000727 -0.000107 0.000073 0.000041 0.113674 0.005867 -0.004747
0.000360 0.000051 0.000044 0.000002 0.000045 -0.000219 -0.000005 -0.000003 -0.000279 0.001553 -0.000137 0.230092 -0.000083 0.000201 0.182817 -0.375486 0.000381 -0.000001 0.000060 -0.203710 0.000393 0.000285 0.000060 -0.000004 -0.000025 0.000006 0.000026 0.000037 -0.002974 -0.000057 -0.004063 -0.000023 0.000506 0.000099 -0.000345 -0.000174 0.000078 0.000018 0.212397 0.005671 -0.006063
-0.001268 -0.000050 -0.000021 -0.000003 -0.000183 -0.000107 0.000007 0.000008 -0.000795 0.002227 -0.000129 0.335469 0.000143 0.000723 0.019256 -0.308183 -0.001625 -0.000062 0.000046 -0.033878 -0.001527 -0.000818 -0.000042 0.000019 0.000182 -0.000027 -0.000009 0.000033 -0.002947 0.000009 -0.004149 0.000011 0.000460 0.000089 -0.000086 0.000002 -0.000052 0.000010 0.344361 0.006654 -0.005333
0.001043 0.000010 -0.000000 -0.000006 -0.000179 -0.000471 0.000030 0.000104 -0.000266 0.002481 -0.000024 0.372517 -0.000023 -0.000026 -0.093616 -0.552166 0.001159 -0.000176 -0.000045 0.174431 -0.002385 0.000787 0.000084 -0.000045 0.000004 -0.000008 -0.000027 0.000053 -0.003066 -0.000005 -0.004015 0.000026 0.000531 0.000035 0.000135 0.000029 0.000083 0.000004 0.254336 0.006752 -0.005947
0.003081 0.000061 0.000042 -0.000006 -0.000092 -0.000658 -0.000002 0.000015 -0.000496 0.002628 -0.000042 0.208047 0.000024 -0.000503 -0.197358 -0.725385 0.003697 -0.000222 -0.000015 0.032162 -0.002908 0.002087 0.000059 0.000019 0.000050 0.000027 -0.000023 0.000022 -0.002997 -0.000030 -0.004058 0.000027 -0.000068 -0.000076 0.000174 -0.000020 -0.000082 -0.000042 0.184553 0.006197 -0.006020
0.002628 0.000047 0.000042 -0.000002 0.000099 -0.000117 -0.000010 -0.000016 -0.000268 0.002005 -0.000008 0.221685 0.000087 0.000010 -0.347822 -0.530626 0.002978 0.000035 0.000012 0.198912 -0.001923 0.001861 -0.000095 -0.000019 0.000201 0.000003 0.000008 0.000040 -0.002911 -0.000027 -0.004220 -0.000086 0.000041 0.000123 0.000203 -0.000017 -0.000121 0.000029 0.031690 0.006848 -0.004995
0.001749 0.000021 0.000063 -0.000007 -0.000066 -0.000497 0.000007 0.000014 -0.000148 0.002255 -0.000099 0.053713 -0.000030 -0.000328 -0.455340 -0.580067 0.001906 -0.000113 -0.000003 0.006457 -0.003608 0.001422 -0.000077 0.000036 0.000018 -0.000059 -0.000114 -0.000059 -0.002934 0.000047 -0.004010 0.000018 0.000486 -0.000122 0.000208 -0.000048 0.000021 -0.000019 0.080503 0.007469 -0.005183
0.000510 -0.000027 0.000047 0.000002 0.000054 -0.000575 0.000008 -0.000015 -0.000147 0.002530 -0.000086 0.063999 0.000011 -0.000135 -0.395107 -0.304556 0.000481 -0.000322 0.000001 0.130292 -0.004083 0.000490 0.000034 -0.000000 -0.000009 0.000011 -0.000027 0.000048 -0.003264 -0.000046 -0.004009 -0.000012 0.000607 0.000160 0.000074 -0.000107 0.000008 0.000035 0.092541 0.007050 -0.004335
-0.000090 0.000033 -0.000060 0.000013 0.000054 -0.000542 -0.000012 0.000013 -0.000067 0.002910 -0.000069 0.038190 -0.000046 -0.001559 -0.262074 -0.039013 -0.000360 -0.000140 -0.000001 0.176469 -0.003516 0.000083 -0.000173 0.000048 0.000008 -0.000007 -0.000016 -0.000019 -0.003563 0.000012 -0.003970 0.000019 0.000316 -0.000121 -0.000030 -0.000037 -0.000005 0.000058 0.169921 0.006812 -0.004406
-0.020389 0.000011 0.000044 0.000013 0.000067 -0.000593 0.000007 -0.000033 -0.000065 0.002850 -0.000133 0.034708 0.000079 -0.000836 -0.192969 -0.046111 -0.031284 0.000004 -0.000004 0.159223 -0.004830 -0.013291 -0.000086 0.000008 -0.000028 -0.000002 -0.000087 -0.000007 -0.003373 -0.000015 -0.004015 0.000013 0.000411 -0.000180 -0.000008 0.000034 0.000049 0.000040 0.010925 0.006440 -0.004211
-0.023086 0.000074 -0.000041 -0.000003 0.000104 -0.000280 0.000003 0.000011 -0.000082 0.003056 -0.000023 -0.010053 -0.000126 -0.000869 -0.041896 0.193528 -0.031855 -0.000084 0.000002 0.163149 -0.005891 -0.003229 -0.000188 -0.000017 0.000115 -0.000013 -0.000024 -0.000017 -0.003152 -0.000008 -0.004059 0.000008 -0.000104 0.000039 -0.000035 -0.000089 -0.000084 0.000070 0.011063 0.006971 -0.003176
0.000877 -0.000068 -0.000041 -0.000003 -0.000084 -0.000574 0.000020 -0.000029 -0.000125 0.003181 -0.000005 -0.050025 0.000263 -0.000651 -0.114885 0.230991 0.000907 0.000024 -0.000007 0.294119 -0.004060 0.000752 0.000041 -0.000017 0.000186 -0.000007 0.000041 0.000039 -0.002604 -0.000005 -0.003927 -0.000014 0.000227 0.000095 0.000135 -0.000095 -0.000025 0.000029 -0.222115 0.006953 -0.005529
0.003505 -0.000007 -0.000017 0.000001 -0.000121 -0.000197 -0.000014 0.000022 -0.000094 0.003496 -0.000032 -0.071487 0.000181 -0.000694 -0.235705 0.262485 0.004777 0.000021 -0.000000 0.346489 -0.004365 0.001751 -0.000083 -0.000022 -0.000045 0.000047 0.000057 0.000064 -0.002728 0.000034 -0.004186 0.000026 0.000562 0.000052 0.000214 -0.000061 0.000008 -0.000071 -0.384779 0.006819 -0.004434
0.007848 0.000002 0.000021 0.000009 -0.000093 -0.000248 -0.000002 -0.000016 -0.000078 0.003800 -0.000032 -0.120046 0.000168 -0.000853 -0.360512 0.341372 0.010447 -0.000006 0.000012 0.543539 -0.004467 0.003041 0.000009 -0.000039 0.000035 0.000003 0.000053 0.000065 -0.002880 -0.000021 -0.004190 -0.000026 0.000095 0.000055 0.000007 -0.000003 -0.000031 -0.000003 -0.406344 0.007137 -0.004648
0.015948 0.000039 0.000004 0.000001 -0.000067 -0.000555 -0.000014 -0.000072 -0.000246 0.003879 -0.000024 -0.036276 -0.000160 -0.000553 -0.464435 0.522990 0.020704 -0.000066 -0.000005 0.563619 -0.003240 0.007014 0.000045 0.000006 -0.000309 -0.000011 0.000021 0.000004 -0.003319 -0.000039 -0.004193 -0.000026 0.000445 -0.000121 -0.000054 -0.000005 -0.000047 0.000003 -0.498546 0.007800 -0.003631
0.007154 0.000026 -0.000003 0.000002 0.000053 -0.000105 0.000016 0.000006 -0.000221 0.004055 -0.000088 0.032129 -0.000039 -0.000512 -0.321283 0.459010 0.018508 -0.000181 -0.000004 0.466659 -0.003110 0.002391 -0.000017 0.000017 -0.000392 -0.000032 -0.000039 0.000015 -0.003516 0.000017 -0.004094 0.000030 0.000395 0.000040 0.000125 0.000061 -0.000174 0.000022 -0.363176 0.007531 -0.003899
0.041960 -0.000012 -0.000007 -0.000013 0.000134 -0.000631 -0.000018 -0.000043 -0.000173 0.003775 -0.000010 0.040448 0.000149 -0.000216 -0.302677 0.676091 0.062688 -0.000071 0.000016 0.305934 -0.002928 0.027516 -0.000133 -0.000028 -0.000067 0.000005 -0.000064 -0.000055 -0.003328 -0.000008 -0.004215 -0.000005 0.000546 -0.000096 0.000197 -0.000024 -0.000038 -0.000107 -0.175484 0.007747 -0.004010
0.062065 0.000012 0.000071 0.000004 0.000052 0.000188 -0.000019 0.000020 -0.000165 0.004687 -0.000134 0.135960 0.000116 0.000263 -0.161602 0.664669 0.062808 0.000007 -0.000007 0.131702 -0.001744 0.041940 0.000057 0.000031 0.000126 -0.000032 0.000020 0.000048 -0.003299 -0.000100 -0.004133 -0.000044 0.000439 -0.000038 0.000107 0.000066 -0.000017 0.000027 -0.143296 0.007464 -0.003829
0.056687 -0.000178 -0.000007 0.000001 -0.000119 -0.000479 -0.000003 0.000015 -0.000154 0.004796 -0.000128 0.164484 -0.000046 -0.000753 0.014214 0.862014 0.062019 0.000033 0.000007 -0.040650 -0.000956 0.037968 0.000048 -0.000007 -0.000001 -0.000030 -0.000053 0.000041 -0.003338 0.000009 -0.004112 0.000027 0.000485 0.000048 -0.000040 0.000098 0.000044 0.000033 -0.236232 0.007398 -0.004146
0.081061 -0.000022 0.000055 -0.000010 -0.000184 -0.000101 -0.000001 -0.000023 -0.000169 0.004666 -0.000131 0.069383 -0.000109 -0.000326 -0.032697 0.823400 0.087013 0.000086 -0.000030 0.131168 -0.002549 0.058957 -0.000019 -0.000032 0.000107 -0.000003 -0.000159 -0.000050 -0.003553 0.000116 -0.003966 0.000063 0.000560 -0.000018 -0.000067 0.000043 0.000015 -0.000027 -0.276520 0.007330 -0.002674
0.079293 0.000200 -0.000029 -0.000003 0.000109 -0.000639 0.000015 -0.000017 -0.000480 0.003858 0.000009 -0.004184 0.000021 -0.000358 -0.086452 0.564025 0.108744 -0.000204 0.000011 0.079409 -0.000663 0.059936 0.000017 0.000028 0.000155 -0.000006 0.000022 0.000005 -0.003795 -0.000052 -0.004105 0.000023 0.000458 -0.000048 -0.000044 0.000017 -0.000029 -0.000020 -0.411974 0.007827 -0.003065
0.103738 0.000004 -0.000017 -0.000003 0.000012 0.000126 0.000014 -0.000017 -0.000552 0.004025 -0.000008 -0.086816 -0.000022 -0.000263 -0.093052 0.392269 0.136015 0.000016 -0.000003 0.113943 -0.000962 0.072706 -0.000126 0.000016 -0.000097 -0.000032 0.000024 -0.000032 -0.003790 -0.000046 -0.004373 -0.000039 0.000494 0.000025 -0.000037 -0.000005 -0.000063 -0.000063 -0.374368 0.008049 -0.003040
0.098622 -0.000094 0.000079 0.000013 -0.000172 -0.000102 0.000019 0.000039 -0.000468 0.003910 -0.000027 -0.080429 0.000015 -0.000755 -0.157968 0.275140 0.089306 0.000024 -0.000000 0.296434 -0.000035 0.068722 -0.000054 0.000009 -0.000014 0.000044 0.000024 0.000071 -0.003773 -0.000070 -0.004858 -0.000013 0.000414 0.000057 -0.000064 -0.000037 0.000072 0.000015 -0.501487 0.008582 -0.003599
0.090690 -0.000044 0.000084 0.000007 0.000016 -0.000101 0.000014 -0.000017 -0.000136 0.003899 -0.000093 -0.115597 0.000014 -0.001304 -0.264186 0.288475 0.077072 -0.000106 -0.000006 0.164720 -0.001172 0.058242 0.000028 0.000002 0.000027 0.000024 -0.000110 0.000038 -0.003543 0.000034 -0.004324 0.000001 0.000520 -0.000144 -0.000030 -0.000032 -0.000035 0.000017 -0.267023 0.008532 -0.003707
0.050473 -0.000034 0.000021 0.000004 0.000003 -0.000382 -0.000012 0.000039 -0.000061 0.004482 -0.000013 -0.059417 0.000033 -0.001625 -0.215040 0.161786 0.072896 0.000069 -0.000005 0.156801 -0.000777 0.037734 -0.000027 -0.000024 0.000049 0.000014 0.000038 0.000041 -0.002969 -0.000013 -0.004902 -0.000014 0.000253 -0.000077 -0.000041 -0.000008 0.000047 0.000040 -0.181520 0.008469 -0.002495
0.038162 -0.000015 0.000053 -0.000007 -0.000035 -0.000071 0.000007 -0.000009 -0.000149 0.005047 0.000013 0.004737 -0.000076 -0.001468 -0.162801 0.256030 0.037729 -0.000162 0.000011 0.237768 -0.000899 0.021730 -0.000129 -0.000013 0.000118 0.000038 0.000000 0.000002 -0.002592 -0.000039 -0.004858 -0.000013 0.000254 0.000050 0.000068 -0.000011 0.000050 0.000025 -0.034172 0.008169 -0.003313
0.040246 -0.000048 -0.000100 0.000010 -0.000051 -0.000610 0.000009 -0.000015 -0.000192 0.004275 -0.000056 0.040678 -0.000008 -0.002284 -0.136205 0.287792 0.054934 -0.000107 0.000000 -0.064471 -0.001339 0.034436 0.000139 -0.000019 0.000098 0.000045 0.000020 -0.000039 -0.002291 0.000031 -0.004006 0.000017 0.000512 0.000169 -0.000125 -0.000005 -0.000039 0.000051 0.303215 0.008474 -0.003552
0.048846 -0.000035 -0.000100 0.000007 -0.000037 0.000019 0.000004 -0.000032 -0.000308 0.004283 -0.000007 0.020954 -0.000026 -0.001291 -0.004744 0.112288 0.072654 0.000024 0.000009 -0.092855 -0.000229 0.041080 0.000059 0.000016 -0.000142 -0.000020 -0.000003 0.000020 -0.002421 0.000042 -0.004121 0.000052 0.000558 -0.000074 -0.000208 -0.000064 -0.000017 -0.000051 0.261259 0.008254 -0.004406
0.084414 -0.000095 -0.000019 0.000007 0.000028 -0.000513 -0.000003 0.000015 -0.000353 0.003844 -0.000043 -0.073268 -0.000129 -0.001001 0.064449 0.055018 0.071205 -0.000134 0.000008 -0.223055 -0.000859 0.060456 0.000014 0.000047 -0.000085 -0.000020 0.000144 -0.000027 -0.002799 0.000072 -0.003912 0.000002 0.000474 0.000167 -0.000050 0.000000 0.000036 -0.000021 0.446825 0.007910 -0.004031
0.081459 -0.000105 0.000045 0.000006 -0.000066 -0.000047 -0.000005 -0.000005 -0.000207 0.004051 -0.000044 -0.123402 -0.000006 -0.000605 -0.014133 -0.208825 0.085898 -0.000088 -0.000007 -0.098092 -0.001234 0.052461 0.000004 -0.000008 0.000083 0.000028 0.000055 0.000020 -0.003429 -0.000054 -0.004081 -0.000012 0.000226 0.000082 0.000052 0.000060 0.000032 -0.000009 0.402259 0.008237 -0.002646
0.097462 -0.000040 -0.000069 -0.000008 0.000035 -0.000462 0.000010 -0.000012 -0.000281 0.004563 -0.000037 -0.208915 0.000055 -0.001458 0.086876 -0.314296 0.114212 -0.000012 -0.000010 -0.261135 -0.001960 0.073478 -0.000057 -0.000034 -0.000095 -0.000015 0.000083 0.000009 -0.004518 0.000039 -0.004101 -0.000013 0.000429 -0.000018 0.000015 0.000033 0.000092 -0.000022 0.474063 0.008001 -0.003749
0.083037 0.000031 -0.000040 -0.000006 -0.000146 -0.000244 -0.000002 0.000011 -0.000229 0.004907 -0.000006 -0.272788 -0.000115 -0.001762 0.119741 -0.480427 0.075939 -0.000040 0.000004 -0.286924 -0.002846 0.055698 0.000005 -0.000002 0.000076 0.000025 0.000003 0.000065 -0.005062 0.000021 -0.003925 -0.000015 0.000505 -0.000004 0.000075 -0.000033 -0.000022 -0.000046 0.475320 0.007979 -0.003234
0.070053 0.000119 0.000015 -0.000007 0.000007 0.000067 0.000046 0.000017 -0.000447 0.004761 -0.000082 -0.225446 0.000015 -0.001518 0.291496 -0.529662 0.067991 0.000070 -0.000002 -0.168750 -0.002885 0.045968 0.000090 0.000068 -0.000109 -0.000001 0.000051 0.000091 -0.005699 -0.000070 -0.004335 -0.000010 0.000485 0.000141 -0.000049 -0.000021 0.000139 0.000106 0.543227 0.008259 -0.003472
0.049754 0.000012 -0.000025 0.000012 -0.000013 0.000067 0.000000 -0.000020 -0.000554 0.004476 0.000017 -0.321805 -0.000121 -0.001669 0.171529 -0.373713 0.063863 -0.000062 -0.000002 0.071480 -0.003530 0.036833 0.000007 0.000004 -0.000153 0.000026 -0.000015 -0.000023 -0.005584 -0.000046 -0.004040 0.000001 0.000504 -0.000047 -0.000046 0.000034 -0.000010 -0.000046 0.397255 0.008378 -0.003486
0.052931 0.000077 -0.000081 0.000004 -0.000082 -0.000444 0.000011 0.000036 -0.000667 0.004993 -0.000045 -0.356190 0.000087 -0.001353 0.221417 -0.517994 0.060434 0.000030 -0.000002 0.147560 -0.001710 0.039792 0.000067 -0.000044 -0.000022 -0.000021 0.000001 -0.000005 -0.004862 -0.000134 -0.004013 0.000009 0.000096 0.000057 0.000004 0.000001 0.000083 0.000042 0.237132 0.008311 -0.003822
0.062293 0.000009 0.000081 0.000006 0.000022 -0.000026 0.000023 0.000002 -0.000658 0.005402 -0.000045 -0.329737 -0.000083 -0.000868 0.215271 -0.251471 0.069559 -0.000016 -0.000008 0.258903 -0.003868 0.047029 -0.000202 -0.000005 -0.000016 0.000013 -0.000043 0.000022 -0.004478 -0.000042 -0.004205 -0.000013 0.000424 -0.000047 0.000218 -0.000016 0.000053 0.000040 0.308887 0.008552 -0.003253
0.059030 -0.000058 0.000039 0.000007 -0.000097 -0.000470 0.000007 -0.000011 -0.000674 0.005817 -0.000072 -0.326465 0.000118 -0.002099 0.176572 -0.295487 0.066029 0.000087 -0.000034 0.271985 -0.002186 0.044418 0.000042 0.000037 -0.000054 0.000054 0.000004 -0.000038 -0.003959 0.000067 -0.004147 -0.000010 0.000475 -0.000012 0.000157 -0.000019 -0.000090 -0.000015 0.078556 0.008420 -0.004995
0.051841 0.000010 0.000003 -0.000001 -0.000122 -0.000239 -0.000033 0.000003 -0.000475 0.005978 -0.000055 -0.268376 -0.000079 -0.001279 0.097146 -0.277685 0.057045 0.000019 0.000013 0.399769 -0.004294 0.038291 0.000093 -0.000019 0.000066 0.000027 0.000040 0.000028 -0.003779 0.000042 -0.004347 0.000011 -0.000214 0.000033 0.000177 0.000081 0.000152 0.000050 0.086488 0.007921 -0.004721
0.031175 -0.000039 0.000063 0.000001 0.000054 -0.000326 0.000026 -0.000005 -0.000453 0.005409 -0.000054 -0.105156 0.000134 -0.001654 0.024907 -0.141728 0.035845 -0.000134 -0.000020 0.400265 -0.004347 0.022467 0.000049 -0.000020 -0.000086 -0.000056 0.000006 -0.000019 -0.003385 0.000026 -0.004326 -0.000013 0.000422 -0.000089 0.000172 0.000038 0.000061 0.000133 -0.005795 0.007811 -0.005049
0.031102 0.000026 0.000017 -0.000006 0.000053 -0.000145 0.000030 0.000025 -0.000610 0.005330 -0.000162 0.066549 -0.000041 -0.001062 -0.198417 -0.031938 0.035645 -0.000071 0.000004 0.548228 -0.003804 0.022995 -0.000221 0.000026 -0.000001 -0.000005 -0.000009 -0.000073 -0.003299 0.000070 -0.004152 -0.000020 0.000615 0.000053 -0.000084 -0.000010 0.000018 -0.000012 -0.192057 0.007951 -0.004291
0.039113 -0.000025 -0.000053 -0.000004 -0.000204 -0.000440 0.000009 0.000011 -0.000484 0.004962 -0.000056 0.205737 -0.000020 -0.000511 -0.199777 0.041688 0.045817 -0.000179 0.000009 0.497684 -0.002274 0.027272 -0.000120 0.000028 0.000170 0.000007 0.000022 -0.000086 -0.003333 -0.000001 -0.004121 0.000028 0.000008 0.000065 0.000029 -0.000028 0.000075 0.000007 -0.323059 0.007700 -0.004642
0.073221 -0.000033 0.000051 -0.000007 -0.000025 -0.000402 -0.000002 -0.000002 -0.000282 0.005187 -0.000104 0.259680 0.000125 -0.001258 -0.358819 -0.045109 0.075951 -0.000104 0.000005 0.398649 -0.001143 0.047722 0.000043 -0.000028 -0.000001 0.000064 -0.000062 -0.000019 -0.003931 -0.000038 -0.004262 -0.000040 0.000453 0.000118 -0.000447 0.000010 -0.000017 -0.000040 -0.375730 0.007850 -0.002566
0.095951 -0.000050 -0.000020 -0.000002 -0.000088 -0.000562 0.000031 -0.000015 -0.000332 0.005075 -0.000046 0.306261 -0.000129 -0.001278 -0.374058 -0.087717 0.087593 0.000078 0.000006 0.337512 -0.000899 0.063569 0.000007 0.000026 -0.000065 0.000008 -0.000014 -0.000002 -0.004623 -0.000121 -0.004141 -0.000015 0.000504 0.000088 -0.000250 -0.000002 0.000165 -0.000010 -0.180035 0.007940 -0.003039
0.084165 0.000008 -0.000033 0.000001 -0.000067 -0.000240 0.000012 0.000015 -0.000880 0.005691 0.000002 0.377184 0.000110 -0.002060 -0.123434 -0.190851 0.101745 -0.000130 0.000025 0.146628 -0.002277 0.072660 0.000047 0.000021 0.000215 -0.000031 0.000109 0.000016 -0.005016 0.000067 -0.004008 0.000018 0.000128 0.000034 -0.000351 -0.000081 -0.000162 -0.000026 -0.119575 0.008245 -0.002435
0.094683 -0.000013 -0.000032 -0.000003 0.000103 -0.000056 -0.000002 -0.000017 -0.000615 0.006207 -0.000018 0.425195 0.000060 -0.001878 -0.108112 -0.032713 0.096682 -0.000007 -0.000003 0.093083 -0.001617 0.068003 0.000077 0.000032 0.000075 -0.000027 -0.000102 -0.000073 -0.005621 0.000045 -0.004020 -0.000025 0.000409 0.000033 0.000110 0.000049 -0.000032 -0.000003 -0.242615 0.008689 -0.002816
0.087187 0.000064 -0.000028 -0.000011 0.000006 -0.000332 -0.000002 0.000001 -0.000959 0.006182 -0.000000 0.429274 0.000014 -0.001849 -0.236231 0.103607 0.097945 0.000057 -0.000005 0.002459 -0.002237 0.068712 0.000055 0.000009 -0.000065 -0.000024 0.000033 -0.000026 -0.006013 0.000047 -0.004225 -0.000022 0.000460 0.000027 0.000219 0.000019 -0.000060 -0.000045 -0.150047 0.008856 -0.002275
0.097308 -0.000027 0.000041 0.000017 0.000055 -0.000051 -0.000009 -0.000013 -0.000843 0.005739 -0.000126 0.520669 -0.000192 -0.001773 -0.265774 0.323934 0.110061 -0.000030 -0.000009 -0.183408 -0.002259 0.072383 0.000010 -0.000003 0.000026 -0.000065 0.000015 0.000022 -0.005508 -0.000037 -0.004195 -0.000050 0.000165 -0.000052 -0.000073 0.000067 0.000092 -0.000083 -0.041460 0.008936 -0.002474
0.118987 0.000091 -0.000043 -0.000002 0.000246 0.000137 0.000001 0.000015 -0.000469 0.005997 -0.000046 0.532288 -0.000036 -0.001926 -0.421813 0.411420 0.124767 -0.000022 0.000002 -0.528271 -0.001098 0.084715 0.000065 -0.000012 0.000109 -0.000060 -0.000037 -0.000044 -0.004684 0.000026 -0.004101 -0.000003 0.000452 -0.000087 -0.000064 0.000007 -0.000013 -0.000058 -0.067775 0.008682 -0.002819
0.121860 0.000044 -0.000054 -0.000004 -0.000081 -0.000079 0.000009 -0.000028 -0.000282 0.005746 -0.000102 0.595903 0.000084 -0.002029 -0.423126 0.426367 0.135056 -0.000009 -0.000001 -0.789821 -0.001366 0.105738 -0.000190 -0.000019 -0.000101 0.000025 0.000046 -0.000015 -0.003571 0.000012 -0.004197 -0.000009 0.000445 0.000164 -0.000069 0.000037 0.000103 -0.000043 -0.103038 0.009285 -0.002389
0.110112 -0.000046 -0.000046 0.000001 0.000051 0.000020 0.000030 0.000056 -0.000259 0.005261 -0.000091 0.606508 0.000093 -0.002068 -0.371294 0.402213 0.147865 0.000023 -0.000008 -0.746023 -0.002418 0.092771 -0.000138 -0.000014 0.000032 -0.000020 0.000092 -0.000019 -0.003151 0.000002 -0.004148 0.000050 0.000536 0.000114 -0.000075 0.000001 -0.000119 -0.000019 -0.127519 0.009077 -0.003680
0.081687 0.000011 -0.000021 -0.000003 0.000050 0.000167 -0.000001 0.000068 -0.000153 0.004938 -0.000078 0.540041 0.000113 -0.001521 -0.077183 0.490987 0.099673 -0.000074 0.000005 -0.837496 -0.001080 0.059465 -0.000252 0.000008 -0.000086 -0.000009 -0.000056 -0.000039 -0.003034 0.000005 -0.003986 -0.000015 0.000356 0.000056 -0.000013 0.000011 0.000113 -0.000021 -0.200833 0.008863 -0.003890
0.029190 0.000093 0.000021 -0.000002 0.000023 -0.000656 -0.000021 -0.000094 -0.000239 0.005703 -0.000105 0.453507 -0.000023 -0.001532 0.181041 0.643050 0.039898 0.000130 -0.000011 -0.789857 -0.001828 0.014826 0.000004 -0.000018 -0.000163 0.000001 -0.000016 -0.000007 -0.003109 0.000081 -0.004057 -0.000009 0.000428 -0.000009 0.000110 -0.000110 -0.000109 0.000040 0.043542 0.009192 -0.003861
0.020324 -0.000006 -0.000042 -0.000004 -0.000074 0.000142 0.000001 0.000010 -0.000671 0.004926 -0.000086 0.331747 -0.000007 -0.001001 0.334920 0.537504 0.022240 0.000010 0.000000 -0.702240 -0.001453 0.006915 -0.000177 -0.000008 -0.000264 0.000022 -0.000020 -0.000040 -0.003318 0.000111 -0.004216 0.000005 0.000453 -0.000177 0.000206 -0.000061 0.000039 -0.000035 0.070565 0.009150 -0.003835
0.059187 0.000028 -0.000003 -0.000022 -0.000171 -0.000606 0.000002 -0.000029 -0.000372 0.004948 -0.000048 0.237276 -0.000127 -0.001100 0.316636 0.205981 0.050458 -0.000044 -0.000011 -0.756912 -0.002941 0.037722 -0.000002 0.000018 0.000073 0.000031 -0.000021 0.000054 -0.003397 -0.000048 -0.004088 -0.000036 0.000594 -0.000054 0.000177 -0.000055 -0.000009 -0.000044 0.294213 0.008553 -0.004616
0.083047 0.000031 0.000031 0.000003 -0.000103 -0.000423 -0.000005 0.000003 -0.000336 0.004089 -0.000065 0.217696 -0.000046 -0.000957 0.248162 0.220006 0.079487 -0.000078 -0.000013 -0.750607 -0.001374 0.059383 -0.000024 -0.000045 -0.000167 0.000004 0.000143 -0.000014 -0.003165 -0.000021 -0.004055 -0.000013 0.000598 0.000114 -0.000071 -0.000032 -0.000050 -0.000021 0.172150 0.007951 -0.004706
0.099661 0.000056 0.000035 0.000005 -0.000042 -0.000544 -0.000020 0.000039 -0.000437 0.004271 -0.000125 0.092097 -0.000075 -0.000403 0.094611 0.085239 0.094075 0.000139 -0.000001 -0.523010 -0.001891 0.060547 -0.000043 0.000007 -0.000138 0.000050 0.000068 -0.000057 -0.002949 -0.000013 -0.004220 0.000001 0.000565 0.000057 0.000079 -0.000080 0.000039 0.000013 0.117888 0.007459 -0.004493
0.096338 -0.000053 -0.000038 0.000004 -0.000101 -0.000572 -0.000028 -0.000029 -0.000285 0.003626 -0.000052 -0.066418 0.000037 -0.000718 -0.035156 -0.088706 0.126490 -0.000104 0.000005 -0.437414 -0.003455 0.072362 -0.000030 0.000009 0.000166 -0.000016 -0.000001 0.000009 -0.002737 -0.000035 -0.003952 0.000011 0.000233 0.000089 -0.000297 0.000079 -0.000018 0.000081 0.062717 0.007592 -0.004520
0.092342 -0.000060 -0.000017 -0.000006 -0.000158 -0.000283 0.000004 -0.000028 -0.000173 0.004148 -0.000091 -0.200880 -0.000182 -0.000844 -0.024009 0.150664 0.117810 0.000047 0.000002 -0.152802 -0.001169 0.080384 -0.000114 0.000017 0.000175 0.000046 -0.000029 -0.000027 -0.002837 0.000001 -0.004085 -0.000005 0.000421 -0.000021 -0.000467 -0.000035 0.000022 0.000037 0.185222 0.007658 -0.003561
0.074967 0.000042 0.000069 0.000001 0.000108 -0.000436 0.000005 0.000005 -0.000176 0.004762 -0.000065 -0.204067 0.000035 -0.000220 -0.246575 0.297232 0.090815 0.000063 -0.000002 -0.171923 -0.002302 0.063351 0.000010 -0.000016 0.000183 0.000010 -0.000039 0.000038 -0.003400 -0.000005 -0.004623 0.000026 0.000647 0.000095 -0.000181 -0.000014 -0.000089 0.000081 0.302487 0.008213 -0.004709
0.061011 -0.000111 -0.000023 -0.000004 0.000172 -0.000134 0.000007 0.000020 -0.000393 0.004410 -0.000007 -0.212559 0.000085 -0.001298 -0.145299 0.296133 0.064554 -0.000196 -0.000009 0.113602 -0.001597 0.043344 -0.000117 0.000023 -0.000039 -0.000046 0.000054 0.000071 -0.003691 -0.000035 -0.004492 -0.000015 0.000650 0.000055 -0.000110 0.000045 -0.000021 -0.000043 0.185253 0.008560 -0.003748
0.061078 -0.000094 0.000004 0.000002 0.000016 -0.000383 -0.000006 -0.000105 -0.000262 0.004751 -0.000042 -0.213324 -0.000026 -0.000688 -0.165289 0.371574 0.071068 -0.000104 -0.000008 -0.028912 -0.002653 0.046095 -0.000004 0.000024 -0.000085 -0.000037 -0.000027 -0.000037 -0.003957 0.000069 -0.004319 -0.000013 0.000503 -0.000048 0.000051 0.000027 0.000090 -0.000043 0.359712 0.008783 -0.004962
0.073646 -0.000019 -0.000038 -0.000003 0.000112 -0.000023 -0.000026 0.000017 -0.000182 0.004271 -0.000034 -0.327380 0.000225 -0.000691 -0.089080 0.193430 0.087195 -0.000264 0.000023 0.091224 -0.003593 0.056582 -0.000164 0.000046 -0.000040 0.000034 0.000024 -0.000016 -0.003733 -0.000039 -0.004623 -0.000016 0.000198 0.000087 -0.000068 0.000023 -0.000045 0.000041 0.316842 0.008614 -0.005104
0.107028 -0.000050 -0.000203 0.000005 0.000013 -0.000055 -0.000047 0.000023 -0.000227 0.004085 -0.000099 -0.473519 -0.000008 -0.000301 -0.068482 0.100993 0.108421 -0.000073 0.000019 0.142357 -0.004397 0.086318 0.000048 -0.000003 -0.000051 0.000013 -0.000092 0.000018 -0.003970 0.000043 -0.004386 0.000033 0.000412 -0.000105 0.000059 0.000113 0.000103 -0.000016 0.165206 0.008279 -0.004505
0.095732 -0.000072 0.000005 -0.000003 0.000057 -0.000261 -0.000048 0.000020 -0.000264 0.004386 -0.000136 -0.567318 -0.000190 -0.000269 -0.217798 -0.267688 0.101910 -0.000244 0.000002 0.188668 -0.003590 0.072216 -0.000130 -0.000028 0.000064 0.000022 0.000027 -0.000041 -0.004408 0.000008 -0.004000 0.000010 0.000494 0.000054 0.000064 0.000052 -0.000081 -0.000002 0.304434 0.008355 -0.005312
0.093594 -0.000047 0.000041 0.000007 0.000058 -0.000694 0.000004 0.000019 -0.000230 0.004273 -0.000071 -0.579395 -0.000019 -0.000611 -0.372483 -0.374325 0.120835 -0.000152 0.000003 0.173147 -0.004884 0.064209 -0.000165 0.000009 0.000004 -0.000021 -0.000001 -0.000022 -0.004786 0.000028 -0.004394 0.000023 0.000570 0.000034 0.000066 -0.000009 -0.000195 0.000025 0.242952 0.008057 -0.004961
0.038133 0.000064 -0.000010 -0.000006 -0.000118 -0.000650 -0.000022 0.000013 -0.000218 0.004243 -0.000088 -0.546209 -0.000025 -0.000858 -0.183049 -0.311739 0.065200 0.000124 -0.000008 0.466575 -0.004601 0.029561 -0.000127 0.000006 0.000061 0.000013 0.000008 -0.000029 -0.004584 -0.000063 -0.004132 0.000016 -0.000304 0.000019 0.000152 -0.000047 -0.000026 -0.000018 0.229780 0.008149 -0.006227
0.026037 0.000050 -0.000002 0.000001 -0.000077 -0.000613 -0.000034 -0.000011 -0.000262 0.004533 -0.000049 -0.494458 -0.000144 -0.000661 -0.261688 -0.513890 0.012735 -0.000129 0.000005 0.715187 -0.004575 0.002260 -0.000067 0.000018 0.000093 -0.000000 0.000003 -0.000019 -0.004678 0.000075 -0.004082 0.000098 0.000091 0.000028 0.000200 -0.000035 0.000002 -0.000001 0.203521 0.008624 -0.005140
0.003946 -0.000028 0.000133 0.000008 0.000124 -0.000202 0.000004 0.000068 -0.000261 0.004502 -0.000006 -0.371295 0.000040 -0.000755 -0.022777 -0.628617 0.022742 -0.000098 0.000008 0.658609 -0.004478 0.002520 0.000036 -0.000011 0.000110 -0.000011 0.000047 -0.000022 -0.004288 0.000071 -0.004066 0.000021 0.000387 0.000011 0.000220 0.000014 0.000083 0.000084 0.092919 0.008775 -0.005536
0.003913 -0.000005 -0.000036 0.000002 -0.000120 -0.000357 0.000015 -0.000061 -0.000322 0.004619 -0.000145 -0.273825 0.000028 -0.000799 0.057024 -0.513711 0.004916 -0.000103 0.000005 0.553035 -0.004139 0.002559 0.000099 0.000005 0.000136 -0.000005 -0.000015 -0.000022 -0.004490 0.000068 -0.003956 0.000021 0.000411 -0.000051 0.000165 0.000106 -0.000000 0.000007 -0.030725 0.008242 -0.005304
0.011652 0.000034 -0.000083 0.000000 -0.000160 0.000056 -0.000013 -0.000028 -0.000843 0.004211 -0.000015 -0.222667 0.000019 -0.000559 0.046957 -0.459359 0.032369 0.000003 0.000015 0.469721 -0.005418 0.005135 0.000046 -0.000011 -0.000017 0.000018 0.000065 -0.000026 -0.004476 -0.000020 -0.004055 0.000087 0.000587 0.000031 0.000172 -0.000027 0.000006 -0.000043 -0.141414 0.008313 -0.005868
0.021971 0.000049 0.000059 -0.000004 0.000104 -0.000410 0.000021 0.000024 -0.000499 0.003619 -0.000034 -0.041684 -0.000032 -0.000336 0.272548 -0.362271 0.026086 -0.000160 -0.000011 0.286190 -0.005084 0.022684 -0.000092 0.000016 0.000056 0.000022 -0.000006 0.000072 -0.004192 -0.000008 -0.003864 -0.000051 0.000136 -0.000193 0.000164 0.000049 0.000045 -0.000071 -0.174302 0.008272 -0.005157
0.050359 -0.000019 -0.000059 0.000001 -0.000073 -0.000056 -0.000027 -0.000019 -0.000289 0.004161 -0.000078 0.176720 0.000025 -0.000200 0.120980 -0.144364 0.073185 -0.000201 -0.000015 0.055659 -0.004212 0.030865 -0.000032 0.000025 -0.000010 0.000009 0.000054 0.000097 -0.003816 0.000058 -0.004325 -0.000010 -0.000223 0.000055 0.000188 -0.000004 0.000013 -0.000036 -0.465832 0.008077 -0.005015
0.039506 -0.000019 0.000059 -0.000001 -0.000089 -0.000220 0.000001 0.000019 -0.000659 0.004160 -0.000100 0.427531 0.000122 -0.000127 0.161051 -0.066115 0.057651 -0.000039 0.000008 -0.026977 -0.005147 0.026231 0.000104 -0.000002 0.000077 -0.000007 -0.000022 0.000002 -0.003310 -0.000063 -0.004247 0.000040 -0.000229 -0.000074 0.000202 0.000059 0.000004 -0.000016 -0.584426 0.007418 -0.005152
0.011996 -0.000056 -0.000033 -0.000004 0.000029 0.000019 -0.000003 -0.000067 -0.000313 0.004732 -0.000024 0.652452 -0.000106 -0.000416 0.071226 0.253910 0.020361 -0.000100 0.000005 -0.061165 -0.003925 0.001883 0.000057 -0.000015 0.000027 0.000030 -0.000043 -0.000007 -0.003039 -0.000064 -0.004168 0.000037 0.000348 0.000067 0.000220 0.000011 -0.000045 0.000029 -0.700856 0.007549 -0.005800
0.003741 -0.000042 -0.000022 0.000006 0.000019 -0.000656 0.000008 0.000014 -0.000203 0.004828 -0.000092 0.721921 -0.000005 -0.000543 0.274820 0.161290 0.022983 -0.000114 0.000009 -0.139540 -0.005019 0.001817 -0.000053 -0.000042 0.000094 -0.000000 -0.000109 0.000096 -0.003768 -0.000028 -0.004091 -0.000013 0.000452 0.000094 0.000183 -0.000023 -0.000109 -0.000016 -0.630061 0.007802 -0.004678
0.043645 0.000020 -0.000029 0.000005 -0.000042 0.000143 -0.000010 0.000014 -0.000223 0.005029 -0.000129 0.627310 -0.000020 -0.000775 0.169061 0.287275 0.057870 -0.000135 -0.000008 -0.106232 -0.004638 0.026940 0.000036 -0.000001 -0.000013 0.000038 -0.000043 0.000026 -0.005080 0.000027 -0.004184 0.000016 0.000430 -0.000040 0.000053 0.000035 -0.000210 -0.000072 -0.729925 0.007916 -0.005037
0.083788 -0.000031 -0.000100 0.000000 0.000027 -0.000528 0.000027 0.000095 -0.000223 0.004724 -0.000077 0.569174 0.000124 -0.000929 0.201910 0.048104 0.110053 -0.000133 -0.000004 -0.113463 -0.003437 0.064428 -0.000014 -0.000002 0.000063 0.000016 -0.000010 -0.000002 -0.006147 -0.000011 -0.004044 -0.000002 0.000555 0.000113 -0.000078 -0.000022 0.000069 0.000071 -0.771368 0.008020 -0.004261
0.121894 -0.000000 0.000016 -0.000010 -0.000044 -0.000255 0.000006 0.000055 -0.000081 0.004031 -0.000174 0.489481 0.000185 -0.001323 0.229998 0.174373 0.144423 -0.000028 -0.000011 -0.312076 -0.003314 0.078834 -0.000082 0.000007 0.000025 -0.000026 0.000021 -0.000032 -0.006789 0.000033 -0.004199 -0.000002 -0.000100 -0.000073 -0.000372 -0.000027 -0.000009 0.000027 -0.716011 0.007932 -0.003541
0.082965 0.000007 0.000050 -0.000005 -0.000014 -0.000248 -0.000011 0.000020 -0.000199 0.003185 -0.000073 0.603693 -0.000161 -0.000826 0.079363 -0.001379 0.096160 -0.000034 0.000011 -0.358526 -0.003843 0.067665 0.000030 -0.000000 0.000208 -0.000011 -0.000064 -0.000019 -0.006146 0.000029 -0.004129 -0.000069 0.000423 0.000051 -0.000154 -0.000031 0.000052 -0.000022 -0.597980 0.007699 -0.004366
0.066773 0.000011 0.000054 -0.000008 0.000059 -0.000663 0.000008 -0.000032 -0.000164 0.003368 -0.000098 0.721490 0.000001 -0.000392 0.093362 0.002713 0.101243 -0.000177 0.000012 -0.514128 -0.002121 0.048738 -0.000118 0.000038 -0.000269 -0.000016 -0.000043 0.000038 -0.005711 -0.000121 -0.004366 0.000013 0.000309 0.000003 0.000164 0.000019 -0.000012 0.000025 -0.404578 0.007947 -0.003918
0.085980 -0.000059 -0.000076 -0.000002 -0.000121 0.000222 0.000002 0.000044 -0.000055 0.002898 -0.000114 0.664686 0.000044 -0.000268 0.196418 0.075167 0.095190 -0.000068 -0.000004 -0.636301 -0.002459 0.072485 0.000077 0.000001 0.000049 0.000004 -0.000009 -0.000022 -0.004886 -0.000043 -0.004177 -0.000099 0.000394 -0.000089 0.000117 0.000018 -0.000005 -0.000009 -0.282912 0.007025 -0.004411
0.076953 -0.000010 0.000055 -0.000009 0.000018 -0.000580 0.000017 -0.000011 -0.000092 0.002430 -0.000097 0.568025 -0.000081 0.000186 0.069897 0.179313 0.083844 -0.000056 0.000004 -0.662357 -0.003219 0.051480 -0.000032 -0.000008 0.000027 0.000017 0.000034 -0.000084 -0.004855 -0.000055 -0.004170 -0.000027 0.000234 0.000015 -0.000107 0.000020 0.000074 0.000018 -0.093598 0.006728 -0.004726
0.069335 0.000007 0.000065 -0.000007 0.000058 -0.000535 0.000000 -0.000054 -0.000201 0.002008 0.000020 0.436457 -0.000097 0.000120 0.008348 0.073127 0.060384 0.000016 -0.000011 -0.759903 -0.003199 0.035265 0.000097 0.000001 -0.000078 -0.000015 0.000023 0.000033 -0.005202 -0.000007 -0.004144 -0.000026 0.000546 -0.000133 -0.000278 -0.000052 0.000057 0.000050 0.312463 0.006882 -0.005451
0.020859 -0.000027 0.000052 0.000006 -0.000023 -0.000793 0.000028 0.000069 -0.000517 0.002422 -0.000068 0.380658 0.000133 0.000180 -0.013844 0.006665 0.023867 -0.000071 -0.000005 -0.612959 -0.003432 0.009311 -0.000105 0.000029 -0.000272 0.000012 0.000015 0.000018 -0.005302 0.000060 -0.004212 0.000027 0.000439 -0.000074 -0.000434 0.000045 -0.000036 0.000082 0.431045 0.007021 -0.004157
0.006355 0.000037 0.000034 -0.000005 0.000058 -0.000193 -0.000016 0.000006 -0.000777 0.002846 -0.000060 0.306337 0.000046 -0.000108 -0.149288 0.086401 0.012145 0.000010 0.000015 -0.579320 -0.003261 0.003152 -0.000188 -0.000008 0.000022 -0.000034 -0.000018 -0.000043 -0.005458 0.000062 -0.004124 0.000087 -0.000167 -0.000054 -0.000346 0.000016 -0.000214 -0.000103 0.598341 0.006494 -0.004286
0.043076 -0.000079 -0.000033 0.000000 -0.000119 -0.000274 0.000012 -0.000024 -0.000362 0.002577 -0.000025 0.200346 -0.000042 -0.000384 -0.054538 0.191841 0.041752 -0.000140 -0.000005 -0.506066 -0.003021 0.020490 0.000106 0.000000 -0.000110 0.000025 0.000041 0.000020 -0.005446 0.000136 -0.004233 0.000050 -0.000053 -0.000021 -0.000595 0.000034 -0.000111 0.000047 0.619245 0.006874 -0.005388
0.068952 -0.000045 0.000139 -0.000022 0.000025 -0.000444 -0.000027 -0.000011 -0.000399 0.002384 -0.000076 0.153886 0.000052 -0.000232 -0.274523 0.056343 0.094133 0.000139 -0.000012 -0.501249 -0.003427 0.051492 0.000036 -0.000019 -0.000116 0.000055 0.000014 -0.000008 -0.004815 -0.000014 -0.004355 0.000085 0.000568 -0.000051 -0.000648 0.000050 0.000013 0.000036 0.422991 0.007237 -0.004846
0.111477 0.000008 -0.000101 0.000007 -0.000162 -0.000072 -0.000055 -0.000014 -0.000478 0.003003 -0.000166 -0.012984 0.000086 -0.000589 -0.263066 0.166404 0.114683 -0.000203 0.000010 -0.643393 -0.004144 0.065513 -0.000228 0.000013 0.000028 -0.000021 -0.000020 0.000048 -0.003739 -0.000129 -0.004304 0.000010 0.000115 0.000019 -0.000773 -0.000057 0.000018 0.000010 0.237633 0.007000 -0.005393
0.077871 -0.000025 0.000035 0.000004 0.000058 -0.000257 0.000003 -0.000095 -0.000577 0.002629 -0.000129 -0.082995 -0.000073 -0.000308 -0.312647 0.015746 0.085780 -0.000132 0.000002 -0.314793 -0.001633 0.042254 -0.000026 -0.000025 0.000067 0.000005 -0.000043 -0.000007 -0.002749 -0.000010 -0.004654 -0.000063 0.000616 -0.000065 -0.000634 0.000061 -0.000029 -0.000029 0.446119 0.006956 -0.005126
0.031972 0.000021 0.000029 0.000009 -0.000115 -0.000031 0.000007 0.000063 -0.000746 0.002516 -0.000003 -0.136940 0.000070 -0.001590 -0.139635 -0.105791 0.042211 -0.000107 0.000027 -0.069169 -0.000360 0.010750 -0.000056 -0.000006 -0.000239 0.000045 -0.000060 0.000075 -0.002453 -0.000056 -0.004280 -0.000039 0.000426 -0.000167 -0.000620 0.000001 0.000033 0.000080 0.477436 0.007259 -0.005086
0.008446 -0.000062 0.000061 0.000005 -0.000003 0.000247 -0.000052 -0.000004 -0.000711 0.002621 -0.000104 -0.284034 0.000026 0.000174 -0.131518 0.051875 0.011123 -0.000104 -0.000040 0.157729 -0.002107 0.004717 -0.000100 -0.000011 0.000052 -0.000013 -0.000020 0.000055 -0.002286 0.000033 -0.004411 0.000039 0.000354 0.000000 -0.000710 0.000063 -0.000003 0.000025 0.659909 0.006223 -0.005225
0.008785 0.000038 -0.000019 -0.000003 -0.000117 -0.000051 0.000001 0.000043 -0.000452 0.002641 -0.000010 -0.437309 0.000094 -0.000091 0.002042 -0.065541 0.017497 -0.000019 -0.000095 0.276431 -0.002291 0.004430 0.000089 0.000002 0.000108 -0.000008 0.000108 -0.000024 -0.002858 0.000096 -0.004212 -0.000025 0.000356 0.000054 -0.000162 0.000031 -0.000017 0.000045 0.674804 0.006389 -0.005144
0.010413 -0.000060 -0.000043 -0.000002 -0.000077 -0.000182 0.000021 0.000093 -0.000558 0.003312 -0.000049 -0.535264 0.000019 -0.000028 0.084478 -0.045662 0.009744 -0.000017 -0.000070 0.171837 -0.003755 0.003939 0.000037 0.000025 0.000006 0.000008 -0.000017 0.000034 -0.003405 -0.000015 -0.004922 -0.000026 0.000531 0.000075 -0.000105 0.000005 -0.000223 -0.000105 0.482830 0.005881 -0.004979
0.014819 -0.000062 -0.000075 0.000003 -0.000056 0.000186 -0.000002 -0.000028 -0.000720 0.003662 -0.000087 -0.550428 0.000045 -0.000172 0.077685 -0.153285 0.018391 -0.000077 0.000013 0.400652 -0.004025 0.007112 0.000078 0.000019 -0.000048 -0.000001 0.000017 -0.000029 -0.003658 -0.000038 -0.004987 -0.000067 0.000525 -0.000098 -0.000113 0.000026 -0.000052 -0.000022 0.459238 0.006430 -0.004962
0.024975 -0.000049 0.000023 0.000004 0.000099 -0.000373 -0.000002 -0.000040 -0.000806 0.003281 -0.000066 -0.629013 -0.000124 -0.000102 -0.035784 -0.193603 0.030019 -0.000262 0.000015 0.359776 -0.003079 0.018197 -0.000085 -0.000021 0.000056 -0.000002 -0.000002 -0.000090 -0.003923 -0.000024 -0.004224 0.000022 0.000614 -0.000044 0.000193 0.000063 -0.000006 -0.000043 0.357492 0.006393 -0.004162
0.031767 -0.000050 -0.000153 -0.000009 0.000025 0.000067 0.000007 -0.000005 -0.000756 0.003371 -0.000038 -0.621023 -0.000020 0.000197 -0.049298 -0.123668 0.039606 -0.000093 -0.000000 0.407550 -0.001782 0.021957 -0.000070 0.000002 0.000020 -0.000013 -0.000011 -0.000041 -0.003476 -0.000018 -0.004276 0.000015 -0.000118 -0.000120 0.000186 -0.000062 0.000036 0.000044 0.127217 0.005593 -0.004698
0.048267 -0.000036 -0.000106 -0.000004 -0.000162 -0.000582 0.000025 -0.000032 -0.000513 0.002656 -0.000064 -0.588525 -0.000006 0.000062 -0.034558 -0.209314 0.055425 -0.000106 0.000011 0.422039 -0.001630 0.035242 0.000072 -0.000019 -0.000264 0.000081 -0.000062 -0.000018 -0.003438 0.000004 -0.004292 0.000051 0.000224 0.000086 0.000212 0.000019 -0.000014 0.000031 -0.008879 0.006046 -0.004741
0.042052 0.000096 -0.000024 0.000004 -0.000118 -0.000223 -0.000015 0.000010 -0.000806 0.002896 -0.000076 -0.442666 0.000169 0.000230 -0.093910 -0.035812 0.050906 -0.000042 -0.000002 0.257318 -0.002030 0.033297 -0.000066 0.000018 0.000066 0.000016 -0.000043 0.000018 -0.003482 0.000003 -0.004209 -0.000014 0.000047 -0.000102 0.000206 0.000075 0.000066 -0.000023 -0.246859 0.005296 -0.004662
0.053127 0.000098 0.000043 -0.000015 -0.000076 -0.000269 0.000021 0.000013 -0.000430 0.003215 -0.000121 -0.343929 -0.000271 -0.000385 0.003628 -0.070504 0.068334 -0.000173 0.000001 0.370364 -0.001023 0.044865 0.000052 0.000008 0.000039 0.000017 -0.000051 -0.000041 -0.003684 -0.000112 -0.004267 0.000006 0.000564 0.000023 0.000031 -0.000053 -0.000074 0.000047 -0.450510 0.006642 -0.003883
0.076697 -0.000004 0.000026 0.000000 -0.000082 -0.000361 0.000026 -0.000044 -0.000342 0.003740 -0.000083 -0.271134 -0.000056 0.000029 0.141951 0.143794 0.088707 -0.000070 -0.000012 0.352133 -0.000670 0.059807 0.000090 0.000009 0.000042 0.000024 0.000029 0.000041 -0.004018 -0.000005 -0.004348 0.000016 0.000614 0.000018 0.000000 -0.000137 -0.000099 0.000020 -0.600811 0.006300 -0.004342
0.075750 0.000034 0.000031 -0.000007 0.000100 -0.000444 -0.000000 -0.000025 -0.000330 0.003876 -0.000137 0.001210 -0.000194 -0.000945 0.135097 -0.007294 0.091247 -0.000193 -0.000012 0.285710 -0.000415 0.060233 0.000053 -0.000016 -0.000014 -0.000010 -0.000018 0.000040 -0.004532 -0.000007 -0.004255 0.000049 0.000385 0.000083 0.000051 0.000001 -0.000015 0.000030 -0.429511 0.006375 -0.003078
0.080342 0.000077 0.000057 -0.000025 0.000021 -0.000456 0.000013 0.000043 -0.000752 0.003626 -0.000072 0.214393 -0.000022 -0.001486 0.183052 0.032585 0.089865 -0.000088 0.000000 0.076801 -0.000344 0.064127 -0.000030 -0.000017 0.000109 0.000003 0.000052 0.000049 -0.004768 -0.000105 -0.004185 -0.000004 0.000264 0.000082 0.000231 0.000020 -0.000025 0.000018 -0.514127 0.006719 -0.002898
