-0.010016
-0.007054
-0.001056
-0.009749
-0.000564
-0.303037
-0.000518
-0.008973
-0.272925
-0.007605
-0.001881
-0.005538
0.555250
-0.019177
-0.000615
-0.020495
-0.001345
-0.000824
-0.000433
-0.013877
-0.156939
-0.000500
-0.005731
-0.384832
-0.012014
-0.000984
-0.143046
-0.005929
-0.002167
-0.002650
0.014720
-0.366567
0.089177
-0.001967
-0.136634
-0.004054
-1.003507
0.000299
-0.001466
-0.007037
-0.002510
-0.326757
-0.001969
-0.015300
-0.001581
0.857355
-0.004414
-0.000339
-0.079159
-0.011239
-0.002248
0.000680
-0.001153
-0.008496
-0.001244
-0.229304
0.003825
-0.014492
-0.924400
-0.238574
-0.035590
-0.571771
-0.003081
-0.005158
-0.003401
-0.001945
-0.004995
-0.218825
-0.026076
-0.003872
-0.003437
-0.002102
-0.795914
-0.000941
0.044787
0.014468
-0.006003
-0.000579
-0.420485
-0.001895
-0.004149
-0.003942
-0.003365
-0.649547
-0.016821
-0.000036
-0.466817
-0.000250
-0.409132
-0.001732
-1.530671
-0.000334
-0.018501
-0.001085
-0.055015
-0.009619
-0.275343
-0.173473
-0.000328
-0.551408
-0.127006
-0.001907
-0.479576
-0.002705
0.001120
-0.004413
-0.002171
-0.889220
-0.001414
0.006658
-0.576867
-0.006219
-0.005426
-0.453565
-0.219134
-0.021108
-0.010268
-0.006096
-0.008270
-0.258543
-0.002142
-0.002213
-0.391536
-0.002602
-0.003890
-0.002013
-0.370363
-0.000804
-0.010321
-0.007212
-0.000917
-0.003995
-0.619366
-0.004888
-0.002294
-0.009445
0.000759
-0.323081
-0.252300
-0.003256
