-0.002516
-0.001383
-0.001078
-0.005154
-0.017992
-0.001591
-0.003005
-0.008139
-0.002713
-0.008529
0.006694
-0.003315
-0.002354
0.000377
-0.014192
-0.018892
-0.011775
-0.001002
-0.004329
-0.000903
-0.012647
-0.433318
-0.009917
-0.183700
-0.006638
-0.022302
-0.010233
-0.001785
0.000312
-0.013594
-0.004178
-0.006172
0.009015
-0.012566
0.003654
-0.013696
-1.728673
-0.003108
-0.001768
-0.004527
-0.011451
-0.001134
-0.005150
1.285496
0.000611
-0.017601
-0.000809
-0.022237
-0.002122
-0.002589
-0.008690
-0.004397
-0.011627
-0.000771
-0.001175
-0.004244
-0.412129
-0.005415
-0.003668
-0.000346
-0.001474
-0.036125
-0.002395
-0.022220
-0.001075
-0.001406
-0.016082
-0.014055
-0.001915
-0.030504
-0.002987
-0.006939
-0.000868
-0.001598
0.973983
-1.462363
-0.003378
0.003117
0.260143
-0.002076
-0.002712
-0.390589
-0.002223
-0.000968
0.260070
-0.002510
-0.010500
-0.002105
-0.003934
-0.003598
-0.001069
0.813352
-0.000236
-0.009511
-0.020682
0.000871
-0.003224
-0.022126
-0.003453
-0.002990
-0.027031
-0.011164
-0.000899
-0.010128
-0.006066
-0.021088
-0.004092
-0.005977
1.177361
-0.016696
-0.001779
-0.000641
0.013563
-0.004944
-0.001144
-0.004557
-0.000755
-0.000149
-0.004863
-0.003742
-0.001197
-0.002899
-0.012259
-0.023313
-0.000517
-0.004717
-0.002015
-0.004633
-0.000828
-0.010819
-0.001600
-0.011494
-0.001176
-0.012971
-0.004120
-0.001272
-0.000635
0.272336
-0.001756
-0.029347
-0.015841
-0.002146
-0.005803
-0.003958
-0.001276
-0.000477
-0.001759
-0.219818
-0.005642
-0.007015
-0.004353
-0.014076
-0.002899
-0.015305
-0.012834
-0.000969
