0.009377
-0.000798
-0.004389
-0.382351
-0.001306
-0.344495
-0.205729
-0.000484
0.305131
-0.165266
-0.925017
-0.002659
-0.007224
-0.007127
-0.245717
-0.004285
-0.001988
-1.558631
-0.284011
-0.224383
-0.002301
-0.012215
-0.004767
0.002812
-1.108969
-0.000608
-1.015225
0.058696
-0.015054
-0.480087
-0.003957
-0.006952
-0.004919
-0.030035
-0.288120
-0.202981
-0.471054
-0.011669
-0.154031
-0.361582
-0.013331
-0.002854
-0.525736
-0.155498
0.000471
-0.339617
-0.006355
-0.038820
1.030278
-0.133437
-0.001504
-0.011245
