-0.006245
0.034856
-0.000035
-0.001831
-0.018622
-0.001599
4.551799
0.592441
-0.037287
0.016065
-0.578492
1.260317
0.000536
-1.622177
-0.003179
-0.009099
0.005839
0.694278
1.342063
0.001004
0.000018
0.028135
-0.000083
0.706145
1.525467
1.721222
0.000485
2.085729
-0.022359
0.006348
1.181939
0.405511
-1.617124
1.149278
0.000241
-1.572235
0.018314
0.252180
-0.027600
-0.020191
0.006922
-0.002808
-1.649852
-0.807199
-0.014376
0.020017
1.601048
0.238838
-0.014736
0.151036
-0.010031
-0.399480
0.021744
0.000252
0.000071
0.032957
0.008644
-1.659946
0.993932
0.013804
1.050780
1.352275
-0.621556
-0.726505
-0.021464
-0.000092
-1.901799
0.000038
-0.029811
-0.477562
0.031254
0.007929
-0.021568
1.451096
0.173362
-0.434409
0.020374
-1.821509
1.514925
0.038305
-0.095295
1.243764
0.015455
-0.013593
0.003894
-0.002740
-0.600217
1.142418
0.268730
-0.044004
-0.364237
1.402447
0.006421
0.007229
-0.000057
-1.638776
0.000018
0.002412
0.121757
0.027121
-0.605157
0.008596
0.000908
0.011796
0.482468
-0.030317
-0.967846
-0.000346
-0.000325
-0.016154
0.024569
-0.239613
-0.277797
-0.000273
-0.421377
-0.307976
-1.710316
1.105487
-0.652607
-0.000089
-0.021422
1.909177
-0.011660
0.000030
-0.030746
-1.581598
0.001744
-0.034327
1.638426
0.586645
-0.011897
0.000913
-0.441848
-1.668159
1.831222
0.016701
-0.269216
0.002769
-0.000000
-0.411670
-0.013182
0.635621
1.601220
0.005149
-0.000112
-0.009505
-1.660858
0.354216
-1.780495
-0.000812
0.001946
0.000252
-0.022093
-0.047101
-1.637151
0.019601
-1.266265
1.547261
0.019481
1.927577
1.262873
0.016376
-0.057052
-0.004455
1.281586
-0.202714
0.007293
0.162428
-0.437303
-0.030077
0.748453
-1.434886
-0.111422
-1.372228
-0.028373
-0.011858
-1.632388
0.000445
-0.625377
-0.006277
1.335664
-1.127971
0.015196
-1.730384
-0.033611
-0.000186
1.600853
1.695703
0.748093
