0.973161
-1.106997
-0.005921
-0.015748
-0.000257
-0.016351
-0.004620
-0.003697
-0.000335
-0.018508
-0.009282
-0.003778
-0.001507
-0.001500
-0.018399
0.767534
-0.015282
0.525796
-0.007163
-0.001761
-0.001978
0.005115
0.289775
-1.683272
0.003511
-0.007122
-0.028390
-0.006312
-0.003159
-0.018571
-0.038210
-0.000706
-0.019677
-0.029043
-0.018064
-0.001164
-0.013875
-0.005559
0.001504
0.881118
0.127130
-0.011281
-0.008416
0.589285
-0.014661
-0.000435
-0.007612
0.688490
1.110940
0.000570
-0.007191
-0.000665
-0.003314
-0.000765
-0.000994
-0.004321
0.175442
-0.007806
0.393685
-0.000704
-0.005693
-0.572712
-0.006007
0.001082
-0.012843
-0.001025
-0.005462
-1.534884
0.748060
-0.001709
-0.000866
-0.000043
-0.001056
0.040143
-0.950415
-0.003847
-0.002031
-0.015856
-0.036849
-0.000025
-0.874801
-0.002158
-0.010490
0.001137
-0.283767
-0.001045
-0.001081
-0.012272
-0.000151
-0.011833
-0.019746
-0.004644
-0.006819
-0.184722
-0.002283
-0.020997
-0.002275
-0.018759
-0.000439
-0.005439
-0.009813
0.386513
0.009376
-0.005856
0.164334
-0.003462
-0.003192
-0.157699
-0.006552
-0.001755
-0.014590
-0.017287
0.000458
-0.025475
0.338515
-0.010573
-0.000088
-0.028737
-0.027964
-0.005891
-0.024901
0.369402
0.006559
0.000983
-0.017978
-0.000545
-0.000056
-0.000887
