-0.422069
1.453413
-0.000935
-0.003830
-0.000535
0.016281
0.025307
0.002116
7.352061
-0.000112
0.009109
-0.004967
-0.001262
0.000891
-0.000314
2.780639
0.000154
0.014266
-0.001857
0.003014
0.000028
0.004246
0.001138
0.001748
-0.000247
0.027262
2.500736
-0.000438
-0.000794
-0.000035
0.002759
0.004646
-0.019649
-0.002509
0.021714
-0.003715
-0.000460
0.015100
2.081166
0.000534
0.007234
-0.002067
-0.012823
-0.000432
2.965457
0.025147
0.166448
0.000413
-0.019760
0.009855
0.617944
-0.005222
0.000919
4.380501
9.137872
0.003746
-0.022961
-0.000887
0.000248
0.001023
6.592524
-0.000745
-0.002978
0.002209
0.002880
6.190849
-0.000797
0.000138
8.386876
0.002251
-0.000060
-0.000006
-0.000146
-0.006389
0.000017
-0.000118
-0.000079
7.933129
0.023611
-0.010256
-0.000022
0.020635
0.008661
-0.000408
0.012646
0.000629
6.128737
0.003778
0.002210
0.000081
-0.002259
2.379689
-0.000133
0.001749
0.006848
-0.005162
0.007356
0.000221
0.011586
-0.463689
0.000564
-0.032241
0.009803
0.012882
-0.006449
7.596673
0.000217
0.010094
-0.022240
0.001040
0.021588
-0.000120
-0.003086
0.012487
0.028793
-0.001064
0.000165
-0.013541
-0.017184
-0.000329
0.021457
-0.013654
-0.002307
-0.003010
0.024106
-0.483015
0.000192
0.012835
0.001103
0.014441
0.005583
2.605028
4.219456
3.958743
0.011917
0.023376
-0.007481
-0.000453
-0.000769
0.011176
-0.018199
0.000108
0.031647
0.000063
-0.003439
-0.003371
-0.005646
0.030192
-0.001949
-0.000625
0.012610
-0.000007
0.006436
-0.013148
0.003459
0.003368
-0.017619
-0.000849
0.548717
-0.000896
0.002209
-0.000004
-0.000509
-0.000385
-0.002138
0.005390
