-0.001219
-0.432902
0.403302
-0.010187
-0.002370
-0.017355
-0.270368
-0.001640
-0.001806
-0.010674
-0.001503
-0.000977
0.007201
-0.003943
-0.001234
0.466051
-0.000409
-0.500398
-0.001665
-0.001765
-0.007693
-0.004192
-0.276877
-0.014849
-0.009281
-0.596266
-0.001288
0.000409
-0.005212
0.419187
-0.011909
-0.004555
-0.005148
-0.000523
-0.003553
-0.748929
-0.012936
-0.009830
-0.001049
-0.365278
0.452843
-0.001827
-0.002576
-0.011113
-0.018646
0.196906
-0.008533
-0.334599
-0.006420
-0.002227
-0.257963
-0.015924
-0.285365
-0.001998
-0.008761
-0.290955
-0.003940
-0.001881
-0.011520
-0.001632
-0.006190
-0.399441
-0.002627
-0.001380
0.400137
-0.226085
-0.030402
-0.184569
-0.153086
-0.000790
-0.159251
-0.000964
-0.013663
-0.001357
-0.009454
0.442645
-0.002965
-0.354643
0.259327
-0.220795
-0.002581
-0.003321
-0.009771
-0.300181
-0.004168
-0.002401
-0.481006
-0.098562
-0.412625
-0.001699
0.007108
-0.004406
-0.023645
-0.230778
-0.004940
0.003545
-0.285154
0.296733
-0.217624
-0.002015
-0.001765
-0.028860
0.380900
-0.001656
-0.205808
-0.005732
-0.034790
-0.005355
-0.002063
-0.021456
-0.321157
-0.013127
-0.331804
-0.000711
0.409542
-0.003261
-0.003772
-0.234058
-0.001660
-0.004863
-0.000918
-0.002854
-0.007440
-0.435920
-0.029878
-0.003962
-0.004303
-0.004574
-0.005107
-0.008889
-0.001036
-0.000482
-0.000920
0.434655
-0.266585
-0.289659
-0.441946
-0.227834
-0.416874
-0.295470
0.389753
-0.009085
-0.005723
0.415155
-0.048832
-0.428290
-0.013592
-0.006861
0.432734
-0.007103
0.422379
-0.028531
0.235293
-0.001798
-0.009486
-0.009071
0.001056
-0.253136
-0.002801
-0.011106
-0.256638
-0.141433
-0.435014
-0.240764
-0.236283
-0.002309
-0.236144
-0.002530
-0.001388
0.419676
-0.210722
-0.024338
-0.001516
-0.000725
-0.003762
-0.007416
-0.018688
0.420524
-0.299889
-0.243030
-0.253890
