0.100052 0.502168 0.000230 -0.022692 0.199328 -0.000009 -0.000042 -0.000015 0.028351 -0.000001 0.279428 0.029455 0.000007 0.000069 -0.000039 0.560711 -0.134865 0.349136 -0.198738 -0.271095 -0.000935 -0.009617 0.095232 -0.000013 -0.127693 0.257021 0.060960 -0.000031 -0.000039 0.000077 -0.559689 -0.107296 -0.515896 0.065809 -0.000006 -0.007014 -0.000009 -0.369501 -0.000010 -0.000058 -0.000023 -0.408563 0.135892 -0.120879 0.000074 -0.076247 -0.000088 -0.000137 -0.284559 -0.000035 -0.003185 0.000000 -0.115483 0.000171 0.000139 -0.111780
0.047173 0.135472 -0.000300 -0.036044 -0.089604 0.000067 -0.000016 0.000032 -0.230523 -0.000034 0.171010 0.132151 -0.000067 -0.000057 -0.000193 0.423382 -0.006902 0.541653 -0.147894 0.108699 -0.000262 0.272070 0.172023 0.000120 -0.153024 -0.085467 -0.469052 0.000028 0.000046 0.000088 -0.138445 -0.003822 0.392347 0.028296 0.000001 -0.006059 0.000017 -0.056929 0.000015 -0.000117 0.000015 -0.517010 -0.282871 -0.214158 0.000175 -0.012199 -0.000003 0.000131 -0.733925 0.000033 -0.002486 -0.000101 0.212068 0.000116 0.000051 -0.068343
-0.250886 0.145637 -0.000314 -0.281624 0.224102 0.000021 -0.000013 0.000026 -0.125778 0.000022 -0.080001 0.044048 -0.000046 -0.000049 0.000016 -0.000284 -0.103408 -0.242200 0.014726 -0.226039 -0.000677 0.168957 0.269300 -0.000032 0.520293 0.269120 -0.120938 -0.000032 0.000041 0.000039 0.495939 -0.018867 0.788481 0.496209 0.000010 -0.005878 0.000080 0.075388 0.000021 0.000063 -0.000009 0.151518 -0.123925 -0.005192 -0.000036 -0.169464 0.000092 0.000135 -0.523000 -0.000038 0.095473 0.000117 -0.206809 0.000061 -0.000049 0.108697
0.084355 0.258446 -0.000231 -0.319629 -0.002228 -0.000003 -0.000004 0.000009 -0.260020 0.000005 -0.199157 0.497200 -0.000000 -0.000014 0.000135 0.204587 -0.363783 -0.039616 0.112918 0.088312 -0.000888 0.101599 0.180771 -0.000030 0.292715 -0.045715 -0.056715 -0.000002 -0.000071 0.000033 0.223816 -0.086307 0.044255 0.057225 0.000016 -0.003329 -0.000008 0.222688 -0.000006 -0.000044 0.000039 0.052680 0.446728 0.010155 -0.000013 -0.570912 -0.000085 0.000087 -0.395278 0.000085 -0.015362 -0.000166 0.101108 0.000025 0.000066 0.017196
-0.223894 0.362724 -0.000033 -0.007474 -0.228709 -0.000006 -0.000010 -0.000007 -0.021799 -0.000001 0.327254 0.184180 0.000003 0.000119 0.000037 0.072003 -0.262948 -0.159712 -0.056323 -0.012138 0.000080 0.052770 -0.263445 -0.000029 0.368115 -0.195245 0.054829 -0.000019 0.000088 -0.000037 -0.223404 -0.092456 0.272421 0.040181 -0.000012 -0.003354 0.000015 0.220869 -0.000013 -0.000031 0.000035 0.482561 0.508630 0.053310 -0.000027 -0.374626 0.000003 0.000169 -0.100680 0.000049 -0.153011 -0.000038 0.061645 0.000048 0.000004 0.115545
-0.400738 0.291709 -0.000049 0.139779 0.005186 -0.000063 0.000014 -0.000006 0.569544 0.000004 0.083873 -0.135606 -0.000040 -0.000167 -0.000020 0.028665 -0.008389 0.078524 -0.402505 0.089776 -0.000668 -0.036987 0.069154 -0.000068 0.432961 0.227147 -0.359976 0.000084 0.000118 -0.000028 -0.254818 0.010294 0.002318 -0.344614 0.000003 -0.004235 0.000007 -0.147248 0.000020 0.000017 0.000036 -0.090282 0.259649 -0.241199 -0.000010 -0.037137 0.000042 0.000030 -0.426675 -0.000076 -0.426699 -0.000129 0.326746 0.000140 -0.000043 0.368719
-0.219973 0.094884 -0.000032 -0.007377 -0.029405 0.000035 -0.000006 0.000019 0.249691 0.000001 -0.072746 0.083818 -0.000078 -0.000005 -0.000086 0.245443 -0.167529 0.019504 -0.243686 0.382455 -0.001521 0.338226 0.096139 -0.000059 0.098229 -0.315039 -0.073700 -0.000129 -0.000105 -0.000173 0.161456 0.396752 0.055587 0.068658 0.000053 -0.003590 0.000034 -0.083836 0.000029 0.000036 -0.000007 0.076119 -0.354337 0.382487 0.000039 0.229553 0.000050 -0.000048 -0.012784 0.000050 0.121841 0.000020 -0.045853 0.000054 -0.000057 0.316846
-0.170701 0.442717 -0.000000 0.144389 0.039171 -0.000082 0.000027 0.000028 -0.192181 -0.000002 0.107935 0.293938 -0.000078 -0.000047 0.000251 0.251312 -0.014101 0.636915 -0.289257 0.113576 -0.001375 0.559244 0.160893 0.000029 0.312201 -0.317971 -0.206452 -0.000076 0.000004 0.000111 -0.087764 0.459335 0.047712 0.020349 0.000015 -0.008002 -0.000028 -0.075917 0.000004 -0.000096 0.000009 0.034842 -0.402938 0.167181 0.000039 -0.116068 0.000009 -0.000116 0.033290 0.000050 0.315649 0.000053 -0.296115 -0.000147 -0.000139 0.163621
-0.089687 0.193707 -0.000035 0.159890 -0.219956 -0.000063 0.000026 -0.000044 0.167994 -0.000054 -0.039696 -0.106905 -0.000005 -0.000051 -0.000321 0.219294 -0.243933 0.186305 -0.560756 0.217634 -0.001019 0.611039 -0.158231 -0.000019 0.014029 0.419690 0.045239 0.000094 -0.000029 -0.000090 0.000217 0.431463 -0.661789 0.019302 -0.000024 -0.007996 0.000026 -0.159646 -0.000052 -0.000001 0.000026 0.246521 0.008346 -0.016940 0.000006 0.152162 -0.000143 -0.000014 -0.105917 -0.000084 -0.157953 -0.000027 -0.061961 0.000007 -0.000057 0.081640
0.374322 0.214091 -0.000007 0.364770 0.013583 0.000053 -0.000027 -0.000008 0.328678 -0.000013 0.010210 0.173828 0.000075 0.000158 -0.000035 0.143805 0.049374 0.353113 0.045411 -0.079056 0.000776 0.182946 -0.572157 -0.000056 -0.259292 0.029573 -0.281215 -0.000058 0.000058 0.000104 -0.037053 0.286592 -1.384883 -0.050368 0.000023 -0.011549 0.000066 -0.191041 0.000007 0.000050 0.000012 0.349259 -0.467799 0.354814 0.000004 0.011706 -0.000031 0.000161 -0.009319 -0.000060 -0.173492 0.000083 0.114077 0.000081 -0.000038 -0.011318
0.164788 -0.113432 -0.000043 0.248683 -0.309692 0.000023 -0.000021 -0.000015 0.395539 0.000030 -0.171178 -0.041406 0.000038 0.000181 0.000114 -0.039131 -0.082965 0.194937 0.118256 0.226579 -0.000531 -0.002123 -0.231264 -0.000087 -0.183149 0.438117 0.046601 -0.000028 0.000009 0.000019 0.057386 0.176383 -0.864799 -0.026114 0.000005 -0.011908 -0.000015 0.082546 -0.000001 0.000012 0.000001 0.220664 -0.024172 0.288097 -0.000065 -0.246547 -0.000051 0.000007 0.102973 -0.000039 -0.278251 -0.000065 0.059168 0.000035 -0.000135 0.200653
0.465531 0.051526 -0.000107 -0.026125 -0.044668 -0.000063 -0.000005 -0.000014 -0.186231 -0.000024 -0.472157 -0.054846 0.000145 0.000292 -0.000038 -0.047345 -0.085579 -0.011841 -0.037909 0.197074 -0.000943 -0.395427 0.172026 0.000013 -0.082359 0.075975 0.315848 0.000110 -0.000046 -0.000042 0.254567 -0.191761 -0.121780 0.352467 -0.000017 -0.014386 -0.000046 0.020650 -0.000036 0.000024 0.000016 -0.000214 0.087751 -0.149557 0.000150 -0.097232 0.000080 -0.000131 0.116253 0.000036 0.005159 0.000053 -0.138536 -0.000073 0.000081 0.666872
0.237377 0.209902 -0.000126 -0.008855 0.068998 0.000071 0.000019 -0.000055 -0.108858 0.000031 -0.442402 0.131900 -0.000014 0.000065 0.000083 -0.104630 0.193027 0.427116 -0.161599 -0.090136 -0.001715 -0.392740 0.087366 -0.000061 -0.288842 -0.102241 0.306410 0.000127 -0.000041 -0.000015 0.283031 0.006559 -0.411361 0.313232 0.000000 -0.012585 0.000026 -0.143749 -0.000009 0.000006 -0.000000 -0.221138 -0.096055 -0.116616 -0.000004 0.271955 -0.000012 -0.000040 0.160811 0.000032 0.145380 -0.000106 -0.345387 -0.000011 -0.000091 0.322418
-0.321556 0.148515 0.000120 -0.286131 0.165037 0.000099 -0.000027 -0.000002 -0.038176 0.000013 -0.378622 -0.188931 0.000105 0.000007 0.000008 -0.303285 0.112514 0.156851 -0.388154 -0.194868 -0.001971 -0.334303 0.329085 0.000062 0.392217 0.256072 0.142300 0.000032 -0.000029 -0.000049 0.084222 -0.357880 0.277427 -0.051188 0.000009 -0.013187 0.000013 -0.046779 0.000008 -0.000100 0.000001 -0.129388 0.125550 0.044429 0.000059 -0.037703 -0.000194 -0.000042 0.183383 -0.000052 0.205406 -0.000001 0.112708 -0.000028 -0.000012 -0.158907
-0.527616 0.013596 0.000019 -0.044823 -0.315634 -0.000125 -0.000007 -0.000035 0.099316 -0.000033 0.397538 0.251656 -0.000040 -0.000027 0.000020 -0.069237 -0.017496 0.472119 0.024586 0.045842 -0.002041 0.123937 0.082966 0.000058 -0.145201 -0.226222 -0.115351 -0.000024 -0.000006 0.000138 -0.144623 -0.214557 0.024393 0.006199 -0.000012 -0.013982 -0.000051 0.360446 0.000008 -0.000013 0.000038 -0.226849 -0.134290 0.162288 -0.000119 -0.060441 0.000004 -0.000051 -0.046583 -0.000026 0.238827 -0.000012 0.035062 -0.000013 0.000061 -0.284603
-0.216336 0.057127 0.000021 -0.108453 0.008415 0.000094 0.000015 -0.000008 0.328505 -0.000023 0.230070 -0.221623 -0.000023 -0.000037 0.000003 0.023464 -0.361236 0.429631 -0.062755 0.367989 -0.001690 -0.044716 -0.037651 0.000019 -0.022722 -0.241384 0.437298 -0.000027 -0.000227 -0.000015 -0.204128 0.020489 0.460386 -0.027707 0.000006 -0.013539 0.000119 0.292318 -0.000004 -0.000015 0.000008 -0.380833 -0.323934 0.417613 -0.000031 0.008293 -0.000034 -0.000048 0.162472 0.000011 0.038337 -0.000017 0.207101 0.000024 0.000132 -0.193181
0.081508 0.130918 0.000005 -0.038450 -0.313164 0.000003 -0.000017 0.000012 0.232266 -0.000004 0.104915 -0.336657 0.000012 -0.000024 0.000078 0.019486 -0.295732 0.209932 -0.334554 -0.046599 -0.000762 -0.185244 -0.089269 -0.000231 0.102765 -0.017863 0.319509 0.000011 0.000063 0.000063 -0.063163 0.121857 -0.038825 0.014267 -0.000027 -0.011807 -0.000138 -0.182706 -0.000023 0.000032 -0.000027 -0.049286 0.270421 0.068620 0.000037 0.344158 -0.000031 0.000009 -0.095276 0.000056 -0.127780 0.000025 0.137556 0.000071 0.000040 -0.254594
0.003345 0.402124 0.000019 -0.310957 0.105521 0.000051 -0.000012 -0.000062 0.141749 -0.000003 0.091871 -0.509999 0.000046 0.000102 -0.000006 -0.123459 -0.062854 0.062504 -0.040186 0.004566 -0.001890 -0.299834 -0.040316 -0.000055 -0.036561 -0.387263 0.245284 -0.000066 0.000031 0.000004 -0.043530 0.339711 -0.198052 -0.046595 -0.000028 -0.013689 0.000021 -0.092597 -0.000019 0.000090 0.000038 0.204260 0.362393 0.027551 -0.000189 -0.012230 0.000041 0.000016 -0.188216 -0.000117 -0.036263 0.000078 0.156615 0.000190 -0.000033 -0.223635
0.244775 0.464954 -0.000094 -0.245242 0.205706 -0.000053 -0.000000 0.000025 0.120369 0.000020 0.115934 -0.020185 -0.000003 -0.000101 -0.000069 -0.156785 0.029505 0.193466 0.002898 -0.183704 -0.001030 0.019462 0.122401 0.000025 0.253420 0.034805 0.089056 0.000066 -0.000027 -0.000007 0.271199 0.072102 0.127707 -0.035757 0.000001 -0.012250 -0.000017 -0.022737 0.000013 0.000036 -0.000083 0.267818 -0.428279 0.410337 -0.000083 -0.079528 0.000064 -0.000208 -0.212069 0.000035 0.131180 0.000063 -0.163498 0.000066 -0.000013 0.020290
0.138584 0.161385 0.000000 0.052316 0.174132 -0.000064 -0.000010 0.000003 -0.265958 0.000008 -0.258239 0.433184 0.000143 0.000049 0.000025 -0.339581 0.488710 -0.020948 -0.127865 0.118347 -0.001936 -0.058740 0.031104 -0.000045 -0.003283 0.092926 0.243502 0.000049 0.000053 0.000149 -0.143212 0.116517 -0.310153 -0.017467 -0.000035 -0.012223 0.000007 -0.156202 0.000020 -0.000014 -0.000006 0.323915 0.048271 0.037236 -0.000012 0.071425 -0.000003 0.000037 0.137011 0.000069 0.042516 0.000090 0.259396 -0.000017 -0.000006 0.045693
-0.007411 0.063573 -0.000157 -0.254618 -0.150779 0.000053 -0.000045 -0.000019 0.011163 0.000021 -0.280546 -0.055201 0.000089 -0.000040 0.000066 0.005437 0.597428 0.333225 0.155271 0.467738 -0.001603 0.200415 -0.441586 0.000001 -0.052793 0.255522 0.034999 -0.000082 0.000061 0.000041 0.043624 0.149741 0.064372 0.318042 -0.000004 -0.012937 -0.000001 0.362542 0.000039 0.000014 -0.000004 -0.297688 -0.176291 -0.012206 0.000030 -0.044548 0.000017 0.000339 0.173643 0.000036 0.297816 -0.000061 0.183556 -0.000059 0.000046 0.066970
0.343259 0.102405 0.000016 0.296700 -0.253188 0.000038 0.000005 -0.000017 0.154807 0.000006 -0.245346 0.284048 -0.000024 -0.000004 -0.000031 -0.284504 0.302813 0.264839 -0.064195 0.110670 -0.000426 0.365221 -0.121790 -0.000019 0.038571 0.031638 -0.028788 -0.000044 -0.000078 -0.000039 0.064464 0.028278 -0.090687 0.042753 0.000015 -0.010485 0.000001 0.051393 0.000011 0.000025 0.000023 0.199120 -0.049525 0.169109 0.000003 -0.105332 -0.000201 0.000057 -0.406760 0.000068 0.125969 -0.000030 0.315049 -0.000032 -0.000078 -0.076995
0.242276 0.152117 0.000166 0.025088 -0.090809 -0.000067 0.000018 0.000068 -0.089512 -0.000001 0.574737 0.371708 0.000061 0.000053 -0.000015 -0.210941 0.123345 0.344898 0.060518 -0.368203 -0.002277 0.304083 -0.110037 -0.000017 0.325453 0.008526 -0.152327 0.000140 0.000031 0.000093 -0.005303 0.475811 0.272245 0.222172 0.000057 -0.011862 -0.000067 -0.004849 0.000002 -0.000051 0.000011 0.169776 -0.049433 0.385155 -0.000038 -0.128159 0.000044 -0.000041 -0.063859 0.000034 -0.003711 -0.000077 -0.171407 -0.000029 0.000181 0.015627
-0.277700 0.260347 -0.000016 0.220401 0.031689 -0.000056 0.000002 -0.000023 0.056161 0.000021 0.211962 -0.010852 -0.000057 0.000041 0.000012 -0.135555 -0.337067 0.164620 -0.036127 -0.286383 -0.002001 0.292600 0.346498 0.000050 0.283613 -0.069847 0.079515 0.000006 -0.000050 -0.000034 0.068937 0.480548 -0.060757 0.209854 0.000008 -0.010612 -0.000047 0.081575 0.000061 0.000018 -0.000075 0.122248 0.243953 0.421189 -0.000081 0.006036 -0.000008 0.000014 0.044549 0.000130 0.045716 0.000184 -0.177423 -0.000084 0.000059 0.298837
-0.425318 0.644529 0.000087 -0.040145 -0.021036 0.000049 0.000026 0.000028 0.181729 -0.000037 0.053411 0.179952 0.000033 -0.000096 -0.000015 -0.093535 -0.110487 -0.036729 -0.002431 -0.496963 -0.002053 0.196590 0.130387 0.000002 -0.116869 0.586980 0.296435 0.000061 -0.000003 -0.000118 0.018586 0.315656 -0.038785 -0.091547 0.000014 -0.012131 -0.000028 0.268495 -0.000042 0.000050 0.000033 0.054395 -0.032252 0.175271 0.000058 -0.260623 0.000032 -0.000282 -0.028850 -0.000100 -0.453167 0.000103 0.067463 0.000012 -0.000052 0.276470
-0.477164 0.171210 0.000003 0.127762 0.191723 0.000075 -0.000023 -0.000026 0.103470 0.000001 0.041246 0.247740 0.000103 0.000038 -0.000012 -0.235405 0.075944 -0.043507 -0.104326 -0.421495 -0.001685 0.173528 0.020271 0.000007 -0.082228 -0.422231 0.065610 -0.000002 -0.000038 -0.000077 0.242396 0.081550 0.391182 -0.009647 0.000076 -0.011858 0.000062 -0.056043 -0.000024 0.000034 -0.000004 0.146743 -0.071808 0.469536 -0.000136 -0.100884 -0.000023 0.000089 -0.242955 0.000062 -0.208055 -0.000040 -0.060759 -0.000020 0.000065 0.190871
-0.129088 0.156789 -0.000036 0.008470 0.123477 0.000114 -0.000012 -0.000023 0.089845 -0.000010 0.071981 -0.100414 -0.000273 -0.000038 -0.000015 -0.020705 -0.100722 0.210437 0.163047 -0.217774 -0.000026 0.552063 0.172440 0.000057 -0.202666 -0.176992 0.152552 0.000044 0.000025 -0.000061 -0.015098 0.233316 0.203802 0.291306 0.000026 -0.010756 0.000041 0.184782 0.000022 0.000015 0.000044 -0.129281 -0.060152 0.069502 -0.000055 -0.137040 0.000006 0.000112 -0.044185 0.000112 0.098674 0.000032 -0.206685 0.000122 -0.000144 0.277483
0.104866 0.102210 -0.000064 -0.125496 -0.129108 0.000058 -0.000028 -0.000040 0.270445 -0.000003 0.029893 0.252785 -0.000061 0.000005 0.000065 -0.183778 -0.173290 -0.085549 0.253769 -0.017890 -0.001041 0.377724 0.272445 -0.000063 -0.382224 0.088477 0.223494 -0.000174 0.000027 -0.000110 0.050063 -0.057529 -0.552928 0.072278 -0.000018 -0.012544 0.000009 0.392233 -0.000001 -0.000022 -0.000042 -0.294084 -0.251949 0.183924 0.000105 -0.144412 -0.000044 -0.000132 -0.049282 0.000028 0.310325 0.000060 0.146356 -0.000087 0.000039 0.278521
0.175694 0.078252 0.000099 -0.056351 0.191564 0.000064 -0.000012 0.000027 -0.029143 0.000038 0.225474 -0.315797 0.000017 -0.000053 -0.000027 -0.168869 -0.210765 0.154702 0.232426 0.071037 0.000215 0.090724 0.199984 0.000118 -0.346696 -0.479972 0.043877 0.000028 0.000040 0.000038 0.135617 -0.146102 -0.175081 -0.002072 -0.000056 -0.010476 0.000053 0.018242 0.000005 0.000047 -0.000019 -0.407447 0.050156 -0.072775 0.000044 0.018144 -0.000055 0.000098 0.239437 0.000094 0.150443 0.000021 0.358999 -0.000010 -0.000038 0.571149
0.211952 -0.270571 0.000111 0.136022 -0.126704 -0.000178 -0.000020 0.000051 -0.278481 0.000036 -0.123980 -0.151054 0.000087 0.000061 -0.000069 -0.199180 0.115202 0.186076 0.033899 0.647234 -0.000723 -0.012518 -0.120940 0.000126 0.171676 0.040778 -0.082574 -0.000054 -0.000033 0.000216 0.082374 -0.045317 0.358851 0.362146 0.000027 -0.009897 0.000001 -0.218075 -0.000003 -0.000005 0.000013 0.485950 -0.036792 -0.087387 -0.000113 -0.015304 0.000045 -0.000036 0.360919 -0.000065 0.367806 -0.000035 -0.289565 -0.000096 0.000121 0.162970
0.269357 0.314077 -0.000043 0.088173 0.015212 0.000126 -0.000016 0.000004 -0.076657 0.000006 -0.437294 -0.048629 -0.000077 0.000071 -0.000021 0.007632 -0.075037 0.324084 0.041824 0.133246 -0.000253 -0.494515 -0.265929 0.000042 0.380263 0.520477 -0.334838 -0.000177 0.000100 -0.000049 -0.205158 0.183307 0.177264 0.442835 0.000011 -0.009987 -0.000146 -0.408329 -0.000020 0.000090 0.000025 0.191570 -0.269441 0.110418 0.000060 0.065968 -0.000060 0.000051 0.059348 -0.000112 -0.301679 0.000009 0.043731 0.000009 0.000119 0.220570
-0.124249 -0.106231 -0.000129 0.326476 0.187820 -0.000048 -0.000043 -0.000014 -0.137119 0.000014 -0.064962 0.041611 -0.000031 0.000035 0.000017 0.227471 0.370458 0.369366 -0.133979 -0.013146 -0.001166 0.078332 0.126994 -0.000263 -0.229348 0.249142 -0.271199 0.000167 -0.000103 0.000011 0.068261 -0.140943 0.130733 0.293480 0.000020 -0.008933 0.000033 -0.137563 0.000011 -0.000034 0.000003 -0.024772 -0.264453 -0.233775 -0.000058 -0.206562 0.000072 -0.000039 0.104814 0.000061 0.092039 -0.000077 0.146517 -0.000051 -0.000064 0.264490
0.211332 -0.118273 -0.000021 0.573750 -0.047259 -0.000045 -0.000005 0.000003 0.195152 -0.000011 -0.041652 0.053643 -0.000109 0.000015 0.000027 0.117111 -0.141873 0.563565 -0.123319 0.320720 -0.001565 0.070703 -0.387273 0.000107 -0.446074 0.258197 0.005364 0.000033 0.000024 -0.000085 -0.052587 -0.211485 -0.056199 0.112722 0.000009 -0.008967 -0.000054 0.035989 -0.000040 -0.000004 -0.000014 0.201986 -0.255995 -0.393548 0.000035 -0.091512 0.000079 -0.000016 -0.046193 0.000031 0.168121 -0.000048 0.078719 0.000043 -0.000012 0.316368
-0.365881 0.045701 -0.000109 0.142942 -0.102196 -0.000024 0.000043 0.000051 -0.096108 0.000031 -0.098203 0.046967 0.000027 -0.000292 -0.000078 -0.060156 0.119199 0.604219 0.083971 -0.081980 0.000300 -0.015122 -0.373123 -0.000012 0.275715 0.276436 0.295716 0.000060 0.000026 -0.000170 0.226817 -0.308791 -0.105260 -0.138829 -0.000004 -0.009981 -0.000000 0.222837 -0.000029 -0.000111 -0.000009 0.187098 -0.416057 -0.285569 0.000094 0.044280 0.000035 -0.000036 0.097732 0.000047 0.075751 0.000033 0.236485 0.000074 -0.000073 0.134281
-0.594652 -0.135727 0.000180 -0.269335 -0.143011 0.000079 -0.000030 0.000019 0.157854 -0.000010 0.020502 0.158597 -0.000106 -0.000061 0.000143 -0.218832 -0.288866 0.224319 0.135890 -0.270068 -0.001150 0.207194 0.269026 -0.000084 -0.073679 0.009027 0.428208 -0.000011 0.000033 -0.000049 0.205001 -0.210509 0.048303 0.143635 0.000073 -0.008546 0.000011 0.213828 0.000006 0.000057 -0.000012 0.140419 0.055687 0.151064 0.000104 0.129218 -0.000084 -0.000056 0.312805 -0.000036 -0.154353 0.000025 0.199186 -0.000115 -0.000045 0.112898
0.022815 0.000606 -0.000068 -0.343562 -0.017524 0.000032 -0.000037 -0.000009 0.001005 -0.000000 0.104328 0.187055 0.000016 -0.000040 -0.000090 -0.118260 -0.321877 0.158757 -0.006639 -0.179852 -0.001537 0.330569 0.401799 -0.000140 -0.076237 -0.238309 0.248299 0.000176 -0.000029 -0.000089 -0.019788 0.080825 -0.009793 0.089756 -0.000011 -0.008847 0.000035 -0.275287 -0.000002 0.000080 -0.000012 0.063639 -0.431322 0.074461 -0.000060 -0.089246 -0.000090 -0.000095 0.015362 0.000104 -0.107374 -0.000103 -0.143803 0.000079 -0.000049 0.121780
0.193001 0.084160 0.000014 0.016984 -0.003092 -0.000064 -0.000043 -0.000021 -0.073644 0.000008 0.169534 0.411903 0.000074 -0.000065 -0.000031 0.153858 -0.048661 0.298275 0.063890 -0.229887 -0.000898 0.084840 -0.379842 -0.000089 0.084221 -0.125692 0.010870 0.000155 -0.000059 -0.000054 0.099192 0.251108 -0.004847 -0.094159 0.000005 -0.007547 0.000064 -0.135297 0.000018 -0.000050 -0.000010 0.249417 -0.606011 0.117695 -0.000035 -0.161239 0.000113 0.000081 0.088088 0.000006 -0.102408 0.000038 0.001450 -0.000020 -0.000007 0.155367
-0.298315 0.263871 -0.000408 -0.064937 -0.124283 0.000099 -0.000019 0.000039 -0.250374 -0.000030 -0.090071 0.428478 -0.000029 -0.000036 -0.000047 -0.139749 0.028639 0.133641 -0.002867 -0.162812 -0.001698 -0.172681 -0.311295 0.000024 -0.219025 0.282437 0.135435 0.000032 -0.000010 0.000007 0.088983 0.155314 0.060301 -0.289092 0.000035 -0.006659 0.000016 0.062476 0.000008 0.000074 -0.000032 0.324744 0.273039 -0.016287 0.000126 -0.280897 0.000144 0.000058 -0.209099 0.000065 -0.109761 -0.000067 0.458694 -0.000012 -0.000011 -0.106844
0.230233 0.292376 0.000204 0.019858 -0.272211 -0.000250 0.000041 0.000030 -0.158520 -0.000051 0.155409 0.127377 -0.000140 0.000148 -0.000024 -0.329580 0.005178 0.101592 -0.206217 0.022353 -0.001040 -0.330458 -0.219760 0.000234 -0.037023 -0.024717 0.126617 -0.000055 -0.000033 -0.000045 0.165460 0.311040 -0.201126 0.006290 -0.000026 -0.005506 -0.000063 0.102901 0.000015 -0.000015 -0.000048 0.274767 0.076798 0.100817 0.000056 0.554551 0.000006 0.000059 -0.011176 0.000011 0.113872 0.000038 0.360493 0.000043 0.000035 -0.358694
-0.006539 0.060834 -0.000299 -0.115009 -0.228934 0.000023 0.000042 0.000062 -0.185930 0.000003 0.333563 0.014179 -0.000029 0.000043 0.000068 -0.401060 -0.219738 -0.425508 0.361904 0.050849 -0.002154 -0.059549 0.223958 0.000037 0.296219 0.067035 0.207582 0.000005 -0.000019 0.000191 -0.011049 -0.121941 -0.263039 -0.245485 0.000018 -0.005346 0.000010 0.222923 0.000014 -0.000120 0.000008 0.066970 0.126663 -0.171759 0.000041 0.419074 -0.000032 -0.000093 0.083123 0.000034 0.326633 -0.000075 0.503317 0.000081 -0.000011 -0.020884
0.067227 -0.011054 -0.000189 -0.048747 0.019212 0.000221 0.000020 -0.000020 0.288586 0.000023 0.178858 -0.034109 0.000002 -0.000093 -0.000031 -0.242464 0.034418 -0.577667 0.581775 0.198226 -0.002092 0.032640 0.045084 -0.000011 0.111758 -0.424849 -0.064836 -0.000048 -0.000077 0.000392 -0.164045 -0.080726 0.057001 0.315621 0.000004 -0.007569 -0.000092 -0.070155 -0.000019 -0.000028 0.000042 -0.255356 0.034505 0.017884 0.000047 0.149969 0.000003 0.000085 -0.120467 0.000107 0.142322 0.000079 0.150368 -0.000021 0.000086 0.163726
0.267448 0.213720 -0.000338 0.250510 -0.190521 -0.000187 0.000024 0.000037 0.130596 -0.000036 -0.149629 0.052178 0.000043 0.000006 -0.000014 0.074423 0.021144 0.066101 0.503335 0.193001 -0.001319 -0.265359 -0.063632 0.000140 -0.194524 -0.267624 -0.356639 0.000104 -0.000045 -0.000057 0.292497 0.108395 0.405600 0.322094 0.000031 -0.008713 -0.000011 -0.095667 0.000015 0.000034 0.000026 -0.512574 -0.267011 -0.052164 0.000024 -0.127012 0.000051 -0.000127 -0.265143 -0.000028 -0.002431 -0.000111 -0.098126 -0.000045 0.000151 0.083050
0.107902 0.178099 -0.000119 0.574345 -0.281255 0.000071 -0.000021 -0.000013 0.166922 -0.000006 0.020066 -0.305082 0.000200 -0.000004 -0.000136 0.109338 -0.156984 0.042693 -0.054778 -0.221252 0.000168 -0.165063 0.434937 0.000036 0.043924 0.256550 -0.017710 0.000023 -0.000196 0.000100 0.157548 0.029596 0.159045 0.035723 0.000009 -0.008085 0.000054 -0.004672 -0.000030 0.000006 -0.000004 -0.157132 0.059384 -0.144844 -0.000013 0.006043 -0.000042 0.000075 0.050603 -0.000106 0.167252 -0.000040 0.059766 -0.000048 0.000010 -0.163526
-0.111322 0.073671 -0.000056 -0.086835 0.410355 -0.000063 -0.000010 -0.000057 -0.476704 0.000034 0.032684 -0.164710 0.000255 0.000027 0.000051 0.026496 0.025264 -0.104608 0.167511 0.120820 -0.001342 0.176749 0.229033 0.000012 -0.047891 0.245792 0.118908 -0.000022 0.000038 0.000126 0.172277 -0.113694 0.028140 -0.048866 0.000016 -0.011148 -0.000074 -0.027395 0.000008 -0.000006 -0.000002 -0.228939 -0.062138 0.091920 0.000111 -0.232022 0.000096 0.000217 0.108885 0.000053 0.154781 0.000120 0.252813 0.000006 0.000063 0.520068
-0.215848 0.215756 -0.000054 -0.252128 0.025103 0.000197 -0.000008 0.000003 0.061964 0.000013 0.224019 -0.156944 0.000026 0.000027 0.000132 -0.120928 0.395321 -0.160779 -0.013125 0.118371 -0.000093 0.157240 -0.272908 -0.000032 -0.305444 -0.030627 0.241439 -0.000040 0.000049 0.000124 -0.171324 -0.111195 -0.290989 -0.044991 -0.000004 -0.009884 -0.000016 -0.008363 0.000012 -0.000030 0.000011 -0.035298 0.193925 -0.425713 -0.000024 -0.015277 0.000046 0.000162 -0.075459 0.000026 -0.104655 -0.000017 -0.015846 -0.000005 0.000036 -0.048966
-0.057986 0.208629 0.000084 -0.404130 0.032354 0.000141 0.000005 0.000023 0.116011 -0.000018 0.011124 -0.458240 -0.000118 -0.000037 -0.000064 -0.450065 -0.003303 -0.508176 0.081613 -0.105840 -0.001984 -0.047147 -0.081947 -0.000083 0.587605 -0.098850 0.440473 0.000200 -0.000085 0.000027 -0.203543 0.255808 -0.022508 0.049813 -0.000009 -0.007332 -0.000052 -0.101887 0.000002 -0.000002 0.000005 0.248590 -0.022135 -0.039704 -0.000004 0.144971 0.000101 0.000032 -0.165855 -0.000039 0.176026 0.000086 -0.026478 0.000045 -0.000029 0.200367
-0.109381 -0.050238 0.000060 -0.101967 0.066510 -0.000054 0.000029 -0.000040 -0.062815 0.000004 0.061107 0.293143 0.000118 0.000021 -0.000147 -0.303255 -0.290894 0.046730 0.196807 0.429628 -0.002143 -0.465533 0.501132 -0.000005 0.254075 -0.079985 -0.223229 -0.000078 0.000028 0.000003 -0.006872 0.075146 0.016587 -0.176498 0.000023 -0.006019 0.000054 -0.004055 0.000005 0.000074 0.000006 0.344045 -0.410722 0.351066 -0.000030 -0.168241 0.000096 0.000123 -0.031420 -0.000209 -0.098086 -0.000009 0.282299 0.000113 -0.000116 0.174920
0.224008 0.279013 0.000157 0.260766 0.086741 -0.000038 0.000071 0.000049 0.010628 -0.000004 -0.042147 0.129266 -0.000034 0.000033 0.000013 -0.028939 -0.110228 0.152574 0.192033 0.229184 -0.001775 -0.143699 -0.216521 0.000071 -0.047267 0.000218 -0.147247 -0.000015 -0.000204 0.000026 0.091561 -0.200059 0.046879 0.193527 0.000037 -0.005120 -0.000125 0.371774 0.000025 0.000040 -0.000025 0.126672 -0.008079 -0.073107 0.000031 -0.166221 -0.000032 0.000114 -0.035899 0.000098 0.020015 0.000126 -0.023839 -0.000059 0.000084 0.373110
0.102639 -0.131219 -0.000161 0.135119 0.273240 -0.000060 -0.000019 -0.000101 0.024472 -0.000009 0.102538 0.075035 0.000144 -0.000054 0.000068 0.021869 -0.372029 0.046462 0.044698 0.205272 -0.002177 -0.075828 -0.158475 0.000003 -0.000547 -0.070486 0.016220 -0.000015 0.000053 0.000094 0.154208 -0.343652 0.201490 -0.063044 0.000030 -0.003502 -0.000022 0.139589 -0.000042 0.000052 -0.000097 0.103358 -0.185777 -0.223759 -0.000053 -0.353390 -0.000063 0.000046 0.198731 0.000054 0.306804 -0.000253 0.428997 0.000030 0.000048 0.422995
-0.052674 -0.290033 -0.000279 -0.022197 0.136161 -0.000116 0.000024 0.000194 -0.020059 -0.000007 -0.128818 -0.141104 0.000268 0.000021 -0.000028 0.152716 -0.722536 -0.155234 -0.014006 0.102916 -0.001348 0.088921 -0.896927 0.000025 0.087114 0.521817 0.185610 0.000114 -0.000174 0.000078 0.071210 -0.169670 0.195008 -0.047615 0.000029 -0.001140 -0.000007 -0.042104 0.000004 0.000005 0.000001 0.304977 -0.242310 0.062917 0.000121 -0.166528 -0.000095 0.000048 0.328806 0.000111 0.072042 -0.000046 0.471144 0.000005 -0.000057 0.123927
-0.142757 -0.527987 -0.000032 -0.054300 0.047613 0.000118 0.000033 0.000095 -0.073593 0.000015 0.353320 -0.654791 0.000066 0.000061 0.000034 0.049736 -0.343038 -0.018537 -0.105570 -0.248139 -0.001008 -0.019710 -0.448966 -0.000009 0.077559 0.220116 0.023152 0.000031 -0.000002 -0.000054 -0.233798 0.326451 0.015865 0.008671 -0.000041 -0.002850 -0.000030 -0.284773 0.000007 -0.000178 0.000008 0.043072 0.069820 0.013036 -0.000074 0.299196 -0.000076 0.000057 0.306846 -0.000028 -0.167944 -0.000203 0.178838 -0.000044 -0.000165 0.174489
-0.252418 -0.291349 0.000011 -0.194024 0.077765 -0.000081 0.000012 0.000031 0.117520 -0.000005 0.464778 -0.352729 -0.000045 0.000115 0.000091 0.054359 0.173662 0.001338 -0.003706 -0.670796 -0.000879 -0.018299 -0.190564 0.000032 -0.139117 -0.041614 -0.269974 0.000058 -0.000028 0.000094 -0.000164 0.405577 0.138803 -0.154623 0.000024 -0.002851 0.000078 -0.190647 -0.000028 -0.000008 -0.000036 -0.033967 -0.333803 -0.311890 -0.000032 0.203835 0.000008 -0.000049 0.233768 0.000056 -0.338237 -0.000098 0.407843 0.000184 -0.000064 -0.060582
-0.053837 -0.260509 -0.000242 -0.076712 -0.021482 0.000027 -0.000006 0.000031 0.176145 -0.000029 0.032744 -0.214340 0.000106 -0.000051 -0.000072 0.029854 -0.337291 -0.374060 0.160235 -0.354642 -0.000259 0.350812 0.175870 -0.000025 -0.085725 0.304997 -0.303611 -0.000184 -0.000030 0.000016 0.560108 0.002488 0.124476 0.357996 0.000007 -0.003498 -0.000024 -0.077545 -0.000023 -0.000058 -0.000026 -0.104886 -0.047963 -0.090335 -0.000227 0.485986 0.000023 -0.000057 0.146431 -0.000053 -0.270569 0.000028 0.410372 0.000062 -0.000101 0.044308
0.061050 -0.334451 -0.000091 0.234342 0.052270 0.000026 -0.000048 0.000075 0.229499 0.000019 0.194640 -0.013955 -0.000127 0.000003 0.000089 0.213960 -0.244815 0.170314 0.225469 0.007508 -0.000897 0.173844 -0.119582 0.000020 -0.040075 -0.195587 -0.179692 -0.000026 -0.000068 0.000056 0.671541 -0.268958 -0.218575 0.183844 0.000011 -0.002866 -0.000068 0.188040 0.000055 0.000015 0.000022 0.290230 0.057458 -0.045609 0.000012 0.328033 0.000063 0.000037 0.045821 0.000126 -0.206688 -0.000002 -0.155593 -0.000086 0.000044 0.115922
0.108819 0.291000 0.000167 0.147324 0.386146 -0.000014 0.000020 -0.000054 0.059775 -0.000003 0.047165 -0.005080 -0.000015 -0.000126 0.000192 0.159160 -0.098798 0.238360 0.421843 -0.190369 -0.001332 -0.060550 -0.166321 -0.000020 -0.098390 -0.490661 -0.031549 -0.000052 0.000031 -0.000162 -0.151162 -0.113616 0.094969 0.254011 0.000021 -0.008389 -0.000040 -0.010970 -0.000044 0.000114 0.000010 0.113232 0.000811 -0.147931 0.000030 -0.071964 -0.000051 0.000202 0.306045 -0.000005 -0.159369 -0.000114 -0.146449 -0.000009 0.000013 0.120038
-0.079724 -0.059056 0.000150 -0.092701 0.439676 -0.000069 -0.000019 -0.000035 -0.328520 0.000003 0.074577 0.288543 0.000088 0.000075 0.000063 0.282046 -0.307410 -0.181497 0.017463 -0.223030 -0.000950 0.130703 -0.066379 0.000084 0.388879 -0.350188 0.259052 0.000020 -0.000031 0.000018 -0.290194 -0.160847 -0.096428 0.017497 0.000020 -0.005923 0.000026 -0.214104 -0.000015 -0.000027 0.000036 -0.025329 -0.139570 -0.002773 0.000091 0.186123 -0.000044 0.000051 0.326185 0.000047 0.145627 0.000012 0.045551 -0.000057 -0.000183 -0.023951
-0.514578 0.211038 0.000070 0.060784 0.111091 -0.000033 0.000017 0.000003 -0.472536 0.000010 -0.008245 0.001597 0.000005 0.000194 -0.000033 0.278408 -0.273023 -0.200551 -0.054882 0.032614 -0.000921 0.224957 0.009803 0.000105 0.250978 -0.252956 0.251843 0.000001 0.000069 0.000085 0.075420 -0.021274 0.057061 -0.226442 -0.000029 -0.009275 0.000110 -0.047678 -0.000020 0.000078 -0.000009 0.054013 -0.203158 -0.181546 0.000040 -0.117031 0.000074 0.000148 0.038815 0.000029 0.145316 -0.000053 0.234484 -0.000098 -0.000026 -0.200994
-0.103948 0.267149 0.000169 0.070428 0.027740 0.000052 0.000055 -0.000026 -0.133727 0.000037 -0.270884 -0.305994 0.000126 -0.000038 -0.000019 0.187327 -0.507551 -0.369572 0.110496 0.213609 -0.000559 0.303185 0.020778 -0.000066 -0.125248 0.065298 0.203553 -0.000100 -0.000213 -0.000066 0.242959 0.047978 -0.245900 0.036326 -0.000029 -0.012951 -0.000005 0.017107 -0.000009 0.000021 -0.000029 -0.021737 0.026491 -0.074050 -0.000030 0.045117 -0.000030 0.000053 0.190008 0.000058 0.441663 -0.000008 0.482877 -0.000026 -0.000005 -0.319818
-0.402379 0.169111 0.000075 0.233958 -0.294151 0.000113 0.000014 -0.000013 -0.217003 0.000005 -0.020614 -0.061090 0.000026 0.000007 -0.000038 0.271400 -0.545896 0.326444 0.060263 0.572900 -0.001834 0.324973 0.071844 -0.000050 -0.023439 -0.134695 0.205604 -0.000053 -0.000175 0.000024 -0.054115 0.461089 0.416124 -0.412561 -0.000069 -0.014058 0.000135 0.111165 -0.000009 -0.000011 -0.000005 0.100576 -0.331781 -0.374498 -0.000011 0.026023 -0.000073 -0.000006 0.323490 -0.000004 0.350972 -0.000142 0.136353 -0.000118 0.000117 -0.003725
0.157918 0.006250 0.000112 0.489960 0.013849 -0.000066 0.000034 -0.000026 0.186157 -0.000012 0.024029 -0.166219 0.000168 0.000013 0.000054 -0.011135 0.021370 0.123678 -0.014515 0.210361 -0.001484 0.313653 0.398038 0.000027 -0.134996 0.256620 0.152334 0.000171 -0.000027 -0.000132 0.140233 0.040883 0.333399 -0.043542 -0.000012 -0.015055 -0.000120 0.256600 -0.000018 -0.000079 0.000019 -0.292214 0.000144 -0.628565 0.000058 -0.348021 0.000046 -0.000096 0.007153 0.000014 -0.131190 0.000014 -0.006402 0.000014 0.000056 -0.030677
0.073397 0.091264 -0.000471 0.206067 0.090809 0.000059 -0.000021 0.000002 0.288253 -0.000007 0.313383 0.013185 -0.000102 -0.000027 0.000059 0.021103 -0.225692 0.109558 0.264928 -0.236114 -0.002153 -0.075688 -0.071298 -0.000200 -0.018628 0.291299 0.197770 0.000023 0.000001 -0.000021 0.018316 0.375475 0.043153 -0.092233 0.000042 -0.013139 -0.000022 0.036680 0.000014 -0.000052 -0.000076 0.008191 0.142889 -0.442835 -0.000021 -0.256656 0.000075 0.000008 -0.146030 0.000091 -0.477209 0.000031 0.042355 -0.000059 0.000064 -0.136488
0.218613 0.093924 0.000744 -0.138175 0.400407 -0.000115 -0.000027 -0.000032 0.259984 -0.000015 0.001888 0.142237 0.000030 -0.000004 -0.000055 -0.073694 -0.220380 0.157770 0.348347 -0.162581 -0.002058 -0.189654 -0.000016 -0.000034 0.159793 -0.006342 0.300696 0.000043 -0.000028 0.000042 -0.207983 0.390716 -0.116318 0.204663 0.000008 -0.013919 -0.000027 -0.004944 -0.000013 0.000162 -0.000025 0.114038 0.109454 0.031555 -0.000003 -0.538457 -0.000198 -0.000044 -0.031038 -0.000026 -0.027004 -0.000027 0.176797 0.000026 0.000045 -0.151140
-0.018777 -0.022009 0.000303 -0.014376 0.026106 0.000011 -0.000001 0.000061 -0.221184 0.000015 0.537732 0.189733 -0.000066 -0.000139 0.000078 -0.055707 -0.177710 -0.097936 0.194187 -0.329309 -0.002688 0.284452 -0.257483 -0.000034 0.105074 0.122642 0.065838 0.000020 0.000055 0.000010 -0.032864 0.557131 -0.013226 0.124380 0.000043 -0.014169 0.000006 -0.072135 0.000004 0.000089 0.000012 0.337333 -0.237341 -0.170661 -0.000072 0.137693 -0.000042 0.000094 0.250448 0.000018 0.094219 -0.000033 0.204952 -0.000216 -0.000007 -0.201035
0.080486 -0.001004 0.000476 -0.174887 0.225024 -0.000201 0.000045 0.000076 -0.036899 0.000019 0.015391 -0.192267 -0.000021 0.000196 0.000032 0.077642 -0.234772 -0.165126 0.291967 -0.114414 -0.001743 -0.090490 0.122328 -0.000064 0.045417 0.248007 0.083628 -0.000094 -0.000028 0.000040 0.095592 0.276801 -0.289574 0.048514 -0.000005 -0.011273 0.000028 0.186492 -0.000036 -0.000069 -0.000023 0.175605 0.153785 0.366771 0.000101 0.041852 -0.000010 -0.000092 0.110968 -0.000053 -0.122881 0.000044 0.229297 0.000064 -0.000058 -0.160711
-0.078472 0.013506 -0.000343 -0.246033 0.265926 -0.000128 -0.000016 0.000039 -0.020050 -0.000003 0.078090 -0.267813 0.000040 0.000037 -0.000002 -0.053558 -0.243790 -0.168262 0.111163 0.355385 -0.001862 0.013397 0.084615 0.000030 -0.206558 0.239057 -0.255900 -0.000046 0.000059 0.000023 0.455930 -0.532384 0.117560 0.003082 -0.000010 -0.009888 -0.000009 0.223893 -0.000011 -0.000045 -0.000048 0.064407 -0.161427 0.365895 -0.000046 0.069955 -0.000012 0.000016 0.112704 -0.000036 -0.081541 0.000040 -0.104273 0.000048 0.000210 -0.116619
0.114533 0.016802 0.000054 -0.084354 -0.192822 -0.000107 -0.000010 -0.000018 0.002272 0.000001 0.152596 -0.096277 -0.000008 -0.000122 -0.000083 -0.228363 -0.003766 0.001453 -0.003818 0.110019 -0.001006 0.103294 -0.267264 -0.000032 -0.130993 -0.487428 -0.510619 0.000119 -0.000038 0.000058 -0.115697 -0.335992 0.086589 -0.450147 -0.000012 -0.009375 0.000044 -0.128314 0.000004 0.000051 -0.000027 0.077249 0.074497 0.036146 0.000027 -0.031378 0.000015 -0.000019 0.282835 0.000063 -0.042488 -0.000243 0.191258 0.000087 -0.000024 0.018011
0.457988 0.048283 -0.000030 0.162962 -0.271411 -0.000015 0.000039 -0.000020 0.166368 0.000014 -0.237151 -0.088928 0.000033 0.000197 -0.000002 -0.325820 -0.037410 -0.206437 0.118335 0.142495 -0.000834 -0.142808 -0.262392 0.000124 -0.268031 -0.103263 -0.314119 0.000109 -0.000021 0.000197 -0.102138 -0.004332 -0.063733 -0.418917 0.000033 -0.006519 -0.000015 -0.101611 0.000003 -0.000028 0.000006 0.096182 -0.231397 0.115546 0.000071 -0.010595 0.000010 -0.000220 0.475965 -0.000059 0.004119 -0.000041 0.375693 0.000057 0.000022 -0.136701
0.143950 0.431053 0.000074 0.497951 -0.548643 -0.000092 0.000031 0.000080 -0.039578 0.000002 0.181639 0.129406 0.000062 -0.000014 0.000013 0.020811 0.159586 -0.557708 0.026820 -0.221645 -0.001236 -0.071730 0.023006 0.000087 0.173628 -0.314111 0.278069 -0.000010 -0.000005 -0.000051 -0.008586 -0.176709 -0.103253 -0.105263 0.000001 -0.004787 -0.000088 0.199452 0.000038 0.000098 0.000004 0.301783 0.021717 0.095979 0.000032 0.153208 0.000025 -0.000020 0.578571 0.000026 0.328903 -0.000051 -0.061644 0.000081 -0.000069 0.103595
0.623279 0.177637 0.000065 0.524126 -0.436768 0.000027 0.000016 0.000008 -0.086526 0.000007 0.090982 -0.087526 0.000076 -0.000097 -0.000051 -0.163783 0.126123 -0.144102 -0.208703 -0.311035 -0.000777 -0.575454 -0.161369 0.000085 0.107200 0.289248 0.062887 0.000082 -0.000034 -0.000070 0.005128 -0.121128 -0.215218 -0.034613 0.000048 -0.005948 0.000002 -0.338161 -0.000008 0.000012 -0.000011 -0.292583 -0.018762 0.414729 0.000047 -0.124585 0.000048 0.000021 0.228682 0.000155 0.124644 0.000113 0.199563 -0.000016 -0.000010 0.175506
0.091432 -0.043616 0.000033 0.358064 0.122349 0.000039 -0.000016 -0.000022 -0.428486 0.000002 0.135462 0.100905 -0.000107 -0.000063 0.000013 0.023663 0.458970 -0.224176 -0.394781 -0.431947 -0.001403 0.122755 0.271237 0.000033 0.338245 0.043498 -0.092751 -0.000012 -0.000047 -0.000031 -0.000611 -0.334745 0.004778 0.222185 -0.000017 -0.009870 -0.000050 -0.197990 0.000014 -0.000087 -0.000015 -0.493190 0.381723 -0.198723 -0.000011 0.132594 0.000036 0.000043 0.327719 -0.000039 -0.388318 0.000129 0.054045 -0.000047 -0.000048 0.012041
0.327942 0.179093 -0.000011 0.114047 -0.127410 0.000136 -0.000016 0.000050 0.164872 0.000011 0.016787 -0.003881 0.000025 0.000051 0.000015 0.129105 0.622428 0.090854 -0.108232 0.188596 -0.001283 0.135144 0.086595 -0.000080 -0.156379 -0.022372 -0.455914 -0.000052 0.000060 0.000039 0.020017 -0.175070 -0.166614 0.339007 0.000005 -0.010301 -0.000027 0.382344 -0.000037 0.000025 0.000010 -0.275857 -0.199642 -0.211823 -0.000097 0.024740 0.000061 -0.000010 0.284676 -0.000023 -0.241983 0.000057 0.032379 -0.000032 -0.000044 -0.183346
0.274372 0.055711 -0.000120 0.085350 0.228341 -0.000093 0.000021 0.000044 0.191054 0.000018 -0.341568 0.286288 0.000095 0.000061 0.000196 -0.084308 -0.066038 0.053557 -0.284910 0.079660 -0.000961 -0.010609 0.233019 0.000017 -0.020414 0.079492 -0.029726 0.000012 0.000011 -0.000078 -0.109806 -0.282577 0.170440 0.321075 -0.000048 -0.012119 -0.000025 0.375191 -0.000011 0.000037 0.000003 -0.291366 -0.173021 -0.140473 -0.000048 0.272330 -0.000198 0.000047 0.324385 0.000043 -0.080662 -0.000023 0.377539 0.000003 -0.000078 -0.243068
0.238687 -0.054511 -0.000014 -0.060185 0.360286 -0.000165 -0.000027 0.000014 0.111409 -0.000024 -0.564110 -0.064502 0.000159 0.000029 0.000013 -0.301462 -0.396234 0.348827 -0.028368 -0.252286 -0.002137 -0.301401 0.105156 0.000075 0.147998 -0.021902 0.162992 -0.000089 0.000010 0.000106 -0.434670 0.202107 0.130371 -0.089653 -0.000015 -0.012447 0.000021 0.127081 0.000048 0.000003 0.000005 -0.148481 -0.005827 0.335326 -0.000077 0.100710 0.000073 -0.000008 0.094869 0.000019 -0.274127 -0.000041 0.471776 -0.000092 -0.000016 0.162601
0.007665 -0.344342 0.000069 0.106732 -0.047614 0.000073 -0.000024 -0.000008 0.063286 0.000003 -0.149275 -0.102000 0.000047 -0.000002 -0.000145 0.091170 0.220768 -0.137996 -0.057298 -0.011435 -0.001502 0.279327 -0.076287 0.000061 0.118160 -0.104642 0.106441 -0.000025 0.000072 -0.000037 -0.182477 0.155781 0.073296 0.229596 0.000043 -0.012641 -0.000025 -0.021630 -0.000012 0.000007 -0.000016 0.172968 0.000042 0.380453 -0.000029 -0.136041 -0.000002 0.000068 0.057089 0.000071 0.166433 0.000015 0.195901 -0.000105 -0.000036 -0.024367
-0.024999 -0.083361 0.000039 0.020206 -0.374926 0.000166 -0.000057 0.000019 0.307546 -0.000029 -0.150966 -0.612821 0.000072 -0.000004 -0.000040 0.067481 0.238159 0.188156 -0.299398 0.128283 -0.000699 0.098858 -0.384279 0.000001 0.045967 0.126592 0.144127 -0.000012 -0.000060 -0.000078 0.502637 0.182973 -0.257553 0.306919 -0.000027 -0.009682 -0.000020 -0.072958 -0.000020 -0.000065 0.000072 0.184264 -0.185549 -0.238267 0.000055 0.186551 -0.000048 -0.000152 -0.187123 -0.000025 0.178487 -0.000000 0.322847 0.000060 -0.000033 -0.065807
-0.194347 0.149575 -0.000064 -0.141980 -0.168208 0.000130 0.000008 0.000067 0.187436 -0.000046 0.412808 -0.733567 -0.000132 0.000107 0.000059 0.189888 0.123429 0.090320 0.144258 0.229867 -0.000985 -0.016513 0.006670 -0.000120 -0.219891 0.303902 -0.011583 -0.000009 -0.000084 -0.000136 0.036230 0.438292 0.210251 0.181564 -0.000015 -0.009567 0.000049 0.025216 -0.000008 0.000082 0.000010 -0.062732 -0.465302 -0.118297 0.000108 0.184466 0.000094 0.000014 -0.155864 -0.000049 0.465642 0.000141 0.658251 0.000094 -0.000143 -0.010200
-0.338978 0.016355 -0.000133 -0.028025 0.149439 -0.000063 0.000041 0.000002 -0.209509 -0.000001 0.038142 -0.314334 0.000089 -0.000029 0.000015 0.186828 0.063059 -0.067017 0.397538 0.059704 -0.001285 0.196323 0.242789 -0.000042 -0.226645 0.149848 -0.014744 0.000039 -0.000028 -0.000066 -0.120240 -0.370478 0.712619 -0.063812 0.000001 -0.005850 -0.000000 -0.265981 0.000014 0.000050 -0.000021 -0.242368 -0.166382 -0.001422 -0.000169 0.141025 0.000052 -0.000067 0.150173 -0.000060 0.048814 -0.000042 0.280413 -0.000037 -0.000134 -0.340108
-0.034581 0.090986 -0.000149 0.139940 0.038276 0.000055 0.000005 0.000017 -0.148111 -0.000002 0.173048 0.232051 -0.000185 0.000007 -0.000008 0.373168 0.344573 -0.103508 0.586638 0.210041 -0.000909 0.257680 0.204377 0.000065 0.074568 -0.316462 0.329076 0.000081 0.000208 0.000045 0.008892 -0.434017 0.065676 -0.190588 -0.000011 -0.009402 -0.000014 -0.216474 -0.000010 0.000035 0.000008 -0.150458 -0.049209 -0.597489 0.000078 0.053738 -0.000068 -0.000038 0.314737 -0.000035 -0.039315 0.000006 0.246871 0.000150 0.000170 -0.712502
0.220923 0.195500 0.000043 0.151223 0.105763 0.000094 -0.000014 -0.000048 0.114202 -0.000005 0.189495 -0.223367 0.000220 0.000031 -0.000054 0.192559 0.455140 0.048379 0.487752 -0.261513 -0.000847 -0.003278 0.121019 0.000090 0.190422 0.061177 0.266985 0.000028 -0.000084 -0.000049 0.084059 -0.103528 0.048499 0.182666 0.000012 -0.010162 -0.000022 -0.127951 0.000021 0.000003 0.000006 -0.184966 0.238993 -0.391913 -0.000034 0.070818 0.000102 0.000122 -0.245183 -0.000026 -0.196275 -0.000094 -0.278410 0.000066 0.000076 -0.474671
0.251586 0.267882 0.000011 0.030782 0.312075 0.000096 -0.000053 -0.000026 0.217702 -0.000003 0.153450 0.058127 0.000071 -0.000078 -0.000082 -0.101574 -0.449780 -0.058397 0.416341 -0.108976 -0.000604 -0.149505 0.089737 -0.000116 0.438720 -0.060496 0.353360 0.000089 -0.000056 -0.000046 -0.001140 -0.085444 -0.144378 -0.060947 0.000002 -0.010323 -0.000030 -0.027126 -0.000008 0.000068 -0.000022 -0.211958 -0.172656 0.084829 -0.000027 0.404056 0.000056 0.000088 -0.081263 -0.000034 -0.212224 -0.000081 0.090487 -0.000100 -0.000090 0.167337
0.330705 -0.024692 0.000166 -0.166256 0.072599 -0.000068 0.000029 -0.000046 0.009251 0.000025 0.053617 -0.465355 -0.000022 -0.000047 -0.000081 -0.065282 -0.124297 0.174226 0.518716 0.189644 -0.001126 -0.283553 -0.392743 0.000059 -0.098170 0.183041 -0.161149 -0.000011 0.000038 0.000031 -0.275133 0.141959 -0.410883 -0.001682 0.000016 -0.009288 -0.000089 -0.119466 0.000008 -0.000014 -0.000009 0.095924 0.105010 0.054845 0.000058 0.283746 -0.000130 -0.000082 0.105408 0.000028 -0.282608 -0.000045 0.137749 -0.000057 0.000064 0.121565
0.031452 -0.125836 0.000019 0.028774 -0.068266 -0.000059 0.000024 -0.000013 0.060429 0.000042 -0.197349 0.027228 0.000089 -0.000066 0.000032 -0.275169 0.060467 -0.003859 0.275371 0.109773 -0.001975 0.346152 0.151352 -0.000042 0.138555 0.526320 -0.142033 0.000079 0.000054 0.000008 0.264580 0.005666 0.036097 -0.007464 0.000050 -0.007416 0.000000 0.140454 0.000016 -0.000085 0.000013 0.189463 0.166140 -0.085019 -0.000045 0.304502 -0.000100 0.000086 0.179104 0.000024 -0.084410 -0.000101 0.232808 -0.000066 -0.000077 -0.155963
0.227957 -0.253148 -0.000041 -0.180811 0.105727 0.000130 0.000016 -0.000031 -0.132363 -0.000032 -0.309559 0.143894 0.000000 0.000045 -0.000081 -0.215172 0.098326 -0.386093 0.116976 -0.116108 -0.001852 0.170477 -0.081918 -0.000028 -0.176713 -0.792765 -0.111709 -0.000077 -0.000031 -0.000077 0.170836 0.144773 -0.160565 0.160079 0.000005 -0.005066 0.000074 0.020720 -0.000022 -0.000092 0.000012 0.299288 0.172361 -0.074576 -0.000046 0.339449 -0.000043 0.000071 0.062617 0.000106 -0.004519 0.000045 0.079006 -0.000071 -0.000077 0.045814
0.026332 -0.069584 -0.000157 0.152340 0.299519 0.000041 -0.000026 -0.000027 0.019488 0.000004 -0.029724 0.104123 -0.000130 -0.000066 -0.000062 0.059674 0.303149 0.005519 0.325280 0.155041 -0.002000 0.037739 -0.450595 -0.000002 -0.430594 -0.940919 -0.046378 -0.000017 0.000072 0.000061 0.088802 0.100335 -0.082087 0.198260 -0.000028 -0.006058 0.000075 0.179588 0.000008 0.000004 0.000081 0.345019 0.230940 0.152683 0.000040 0.187498 0.000030 0.000082 -0.133071 -0.000056 0.235804 -0.000077 -0.320381 0.000028 0.000063 -0.186598
0.047957 -0.090230 0.000024 -0.052968 0.277586 -0.000083 0.000012 0.000027 -0.217416 -0.000009 0.204176 0.501919 -0.000072 -0.000028 0.000069 0.172071 -0.033064 0.129934 0.026937 0.142333 -0.001899 -0.192517 -0.218854 0.000126 -0.088520 -0.934922 -0.457868 0.000031 -0.000058 -0.000172 -0.161993 0.237726 0.180112 0.051011 -0.000012 -0.004638 -0.000007 0.090301 0.000008 -0.000073 -0.000035 -0.159481 -0.018545 0.004132 0.000106 -0.007163 0.000020 -0.000093 0.016637 0.000032 0.218741 0.000048 -0.052971 -0.000038 0.000031 -0.056793
0.064589 -0.634890 0.000005 0.250143 -0.259775 -0.000075 -0.000001 -0.000018 0.043957 -0.000004 0.090011 0.354050 -0.000127 -0.000100 0.000036 0.184347 -0.311240 -0.282981 0.029472 -0.138819 -0.001466 -0.167301 0.094828 -0.000031 0.365677 -0.609144 0.220152 -0.000040 0.000070 -0.000077 0.062608 0.030971 0.009538 -0.113476 -0.000027 -0.002671 0.000017 0.217604 -0.000020 -0.000033 -0.000012 0.084899 -0.033924 -0.047050 0.000026 0.153264 -0.000111 -0.000014 0.052484 -0.000051 0.340791 0.000118 0.143205 -0.000000 -0.000004 0.237701
-0.249783 -0.085755 -0.000174 -0.129334 0.047595 0.000070 0.000005 -0.000008 -0.289484 0.000003 0.051100 -0.159119 0.000025 -0.000025 0.000040 0.210892 -0.178247 -0.580595 0.069059 -0.453119 -0.002092 0.182074 0.097056 -0.000093 -0.078396 -0.066026 -0.367125 -0.000032 0.000054 -0.000377 -0.058131 -0.127373 0.385646 0.210826 -0.000061 -0.005242 -0.000010 0.211100 0.000026 -0.000086 -0.000005 -0.239219 0.087868 -0.223021 0.000009 0.046420 0.000045 0.000135 -0.074277 0.000076 0.132885 -0.000007 0.201368 0.000140 -0.000164 0.211855
0.060330 -0.440467 0.000163 -0.161010 -0.110182 -0.000154 0.000013 0.000000 -0.342414 0.000004 0.098160 -0.276330 0.000035 0.000058 -0.000125 0.149166 0.001217 -0.215143 -0.023646 -0.111127 -0.002462 -0.075120 0.099456 -0.000030 -0.408704 0.013073 0.028262 0.000032 -0.000027 -0.000014 0.455154 -0.309228 0.049211 -0.109166 0.000003 -0.008878 -0.000014 -0.140729 0.000012 0.000025 0.000025 0.005906 0.060180 0.338655 0.000039 0.177833 0.000078 0.000208 -0.082400 0.000050 0.294724 0.000133 0.120499 -0.000046 0.000088 0.206384
0.379482 -0.112129 -0.000009 -0.011924 -0.243653 0.000053 0.000017 0.000085 -0.233666 -0.000011 0.037674 0.187683 0.000037 0.000068 0.000074 0.093310 0.279112 -0.395836 0.125344 -0.061680 -0.002041 0.107886 0.012292 0.000033 -0.432273 0.201081 0.158479 0.000101 0.000032 -0.000035 -0.030072 -0.309537 -0.195868 0.180407 0.000027 -0.009712 0.000030 -0.019343 0.000016 -0.000117 0.000032 -0.188342 -0.072643 -0.115307 0.000151 0.001525 0.000117 0.000057 0.232464 -0.000057 -0.048040 -0.000009 -0.171611 0.000006 0.000060 0.373722
0.112725 -0.114522 0.000039 -0.093500 -0.168506 -0.000079 -0.000029 0.000023 0.275660 0.000007 -0.035811 -0.015467 0.000097 -0.000037 -0.000001 0.000506 0.322328 0.050275 0.093472 0.044896 -0.001515 -0.166255 -0.159105 0.000060 -0.533520 0.279146 0.086828 -0.000029 -0.000183 0.000033 0.102689 -0.167305 -0.134226 0.202721 0.000015 -0.010792 -0.000144 -0.283351 -0.000009 -0.000066 -0.000012 0.060397 -0.244166 -0.019287 -0.000050 -0.019693 0.000097 0.000032 0.342127 -0.000003 -0.325066 0.000157 -0.111919 0.000021 0.000034 0.191820
-0.136718 -0.041431 0.000006 -0.210574 -0.102295 -0.000200 -0.000051 -0.000017 0.014998 0.000030 -0.087094 0.069376 0.000102 0.000130 0.000020 0.006691 0.000223 -0.415244 -0.035187 -0.087278 -0.002230 0.075587 -0.263477 -0.000033 -0.544816 -0.031714 -0.231415 0.000035 0.000037 -0.000079 0.102653 -0.231898 0.291822 0.053199 -0.000023 -0.009912 -0.000019 0.092479 0.000013 -0.000084 -0.000009 0.144647 -0.190761 -0.104298 0.000014 0.238865 0.000071 -0.000093 0.720479 0.000082 0.214987 0.000154 0.045286 -0.000146 0.000073 0.284711
-0.403405 0.113950 -0.000065 -0.011345 0.193663 0.000061 0.000006 -0.000040 0.052028 -0.000027 -0.191149 -0.191851 -0.000114 -0.000129 -0.000015 -0.374433 -0.099188 -0.033891 -0.072638 0.274830 -0.001835 -0.130142 -0.206859 -0.000010 -0.197965 0.212511 -0.189556 -0.000027 -0.000120 0.000107 -0.111227 -0.426382 -0.080213 -0.209694 0.000023 -0.010318 -0.000039 -0.070509 0.000010 0.000003 -0.000005 -0.150370 0.107127 0.129918 -0.000045 0.035683 0.000116 0.000011 0.310272 0.000034 0.330852 0.000077 0.167466 0.000121 0.000129 -0.119659
-0.149629 0.024370 -0.000083 -0.194987 -0.222890 0.000040 -0.000007 0.000022 0.136697 -0.000028 0.006841 -0.460769 0.000067 0.000168 -0.000008 0.189965 0.215964 -0.612294 -0.283322 0.067669 -0.000710 0.039107 0.257610 -0.000067 -0.518635 0.148758 -0.189806 0.000052 -0.000077 -0.000155 0.217304 -0.224758 0.051748 0.145874 -0.000006 -0.009615 0.000062 0.202848 -0.000002 -0.000135 -0.000029 -0.002000 0.601877 -0.053773 0.000069 -0.225107 -0.000021 0.000008 -0.016735 -0.000092 0.473996 0.000008 -0.362764 -0.000019 -0.000120 -0.504161
0.082797 -0.118432 0.000394 0.005961 0.259165 0.000103 0.000022 -0.000045 -0.017139 0.000004 -0.196850 -0.061653 0.000225 0.000100 -0.000130 0.489423 0.341940 0.013099 -0.150482 0.073620 -0.000003 -0.028720 0.067821 0.000028 -0.269745 -0.186571 -0.382820 -0.000109 -0.000012 0.000021 0.011767 0.072805 -0.035489 0.004114 -0.000004 -0.010040 0.000017 -0.081748 -0.000009 -0.000080 0.000011 0.030200 0.352000 -0.031282 0.000067 -0.367896 0.000087 -0.000081 0.050510 0.000038 0.062324 -0.000085 0.096585 -0.000029 0.000107 -0.077889
0.047154 -0.315788 0.000326 0.089316 0.307150 -0.000118 0.000014 -0.000019 0.144491 -0.000018 -0.006698 0.305536 -0.000029 0.000059 -0.000106 0.324683 0.139995 -0.127272 -0.356489 0.031821 -0.001912 -0.007839 0.013995 0.000021 -0.263116 -0.392813 -0.061273 -0.000010 0.000024 0.000102 -0.031738 -0.059474 0.019223 -0.108362 0.000000 -0.010958 0.000049 -0.233630 0.000024 -0.000079 -0.000022 -0.357924 0.030847 0.381952 0.000047 -0.504434 -0.000053 0.000081 -0.368391 0.000014 -0.257562 0.000075 0.085680 -0.000017 0.000093 -0.110115
0.072154 0.032300 -0.000621 0.291515 0.342820 -0.000081 -0.000026 -0.000054 -0.143051 0.000005 -0.334368 0.281224 -0.000272 -0.000144 -0.000043 -0.002033 -0.112107 -0.232349 -0.107359 -0.056996 -0.001975 -0.360836 0.080232 0.000011 0.092606 -0.202021 0.038173 0.000006 -0.000079 0.000026 -0.002027 0.150161 0.251817 0.008092 0.000027 -0.010418 0.000000 0.071097 0.000042 -0.000033 0.000015 -0.232403 -0.274650 0.656214 -0.000070 -0.162151 -0.000130 0.000072 -0.113635 0.000156 0.058017 0.000029 0.017258 -0.000029 -0.000061 0.165129
-0.254611 0.014301 -0.000343 -0.070720 -0.025990 -0.000047 0.000030 -0.000019 -0.420143 0.000043 0.094909 0.381515 -0.000181 -0.000118 0.000086 0.342343 -0.080101 -0.235443 -0.121229 -0.138295 -0.001658 -0.152328 0.031184 -0.000002 -0.306121 0.307218 -0.144136 0.000029 0.000027 0.000031 0.088687 0.314123 0.017380 -0.344207 -0.000002 -0.011905 -0.000046 0.335928 -0.000008 0.000119 0.000032 -0.407003 -0.211633 0.244041 -0.000067 -0.137886 -0.000071 -0.000075 0.073661 -0.000011 -0.413643 0.000016 0.050845 -0.000158 0.000026 0.403610
-0.081778 -0.101460 0.000404 0.246218 -0.167141 -0.000125 0.000017 -0.000015 -0.042547 -0.000030 0.207346 -0.043003 -0.000160 0.000081 -0.000053 0.122570 -0.015797 -0.671518 -0.084833 0.019141 -0.002331 0.055643 0.161263 -0.000028 -0.318247 0.272439 0.215288 0.000034 -0.000003 -0.000152 -0.009089 -0.045707 -0.296284 -0.040440 0.000022 -0.012724 0.000003 -0.142667 0.000011 -0.000019 -0.000033 -0.152679 0.024850 -0.036973 -0.000097 0.333353 0.000083 0.000084 -0.144126 -0.000014 -0.479317 -0.000063 -0.238337 -0.000067 -0.000078 0.018689
-0.037186 0.073704 0.000467 -0.123735 0.330439 -0.000004 -0.000013 -0.000018 0.124185 0.000037 -0.363765 -0.315996 -0.000039 0.000045 0.000100 0.232581 0.430623 -0.117713 0.000698 0.091602 -0.001807 0.009403 -0.439100 -0.000070 -0.348764 -0.517724 -0.099504 0.000010 0.000132 0.000007 -0.158334 0.114875 -0.329554 -0.194916 -0.000014 -0.012425 0.000023 -0.241992 0.000004 0.000039 0.000012 -0.163733 -0.282573 -0.310062 -0.000040 0.185210 0.000039 0.000071 -0.167196 -0.000033 -0.103524 0.000042 -0.029283 0.000006 -0.000131 -0.016598
0.001513 -0.447571 0.000082 0.376479 0.092173 0.000060 -0.000009 -0.000064 -0.004328 0.000002 0.014551 0.128346 0.000170 -0.000037 0.000023 0.087530 0.446415 -0.181941 -0.124906 0.100534 -0.002015 0.389156 -0.034392 0.000004 -0.575474 -0.008520 -0.014385 -0.000112 0.000088 -0.000048 -0.016582 0.226145 -0.313751 -0.343076 -0.000056 -0.014366 -0.000014 -0.291486 0.000005 -0.000088 0.000046 0.093616 -0.422197 -0.017007 -0.000033 0.133264 0.000087 0.000056 -0.342394 -0.000009 0.056432 -0.000116 -0.045048 0.000123 -0.000035 -0.149852
0.188411 -0.028157 -0.000079 0.043285 -0.094634 0.000044 0.000033 -0.000007 0.387553 0.000010 0.224662 -0.349894 0.000034 0.000037 -0.000021 0.030723 0.241700 -0.392604 -0.058399 0.090471 -0.001390 -0.115643 -0.020710 0.000008 -0.390240 0.006176 -0.030668 -0.000064 0.000054 -0.000024 0.041635 0.579890 0.080283 0.191503 -0.000017 -0.012989 -0.000014 -0.144708 -0.000009 -0.000011 0.000026 -0.224751 -0.533496 -0.325266 -0.000053 0.050182 0.000122 -0.000167 -0.006341 -0.000023 0.052626 0.000079 -0.196555 -0.000002 0.000040 0.173907
-0.145786 -0.005250 0.000165 0.069733 0.146105 -0.000119 -0.000064 -0.000045 0.297952 0.000010 -0.095075 -0.120285 -0.000034 -0.000236 0.000064 0.032457 -0.102891 -0.376408 0.155319 0.376145 -0.000721 0.006899 -0.178842 0.000023 -0.334261 0.115431 0.015940 0.000105 0.000083 -0.000025 -0.081829 0.277410 0.070738 -0.296285 0.000027 -0.014226 0.000018 -0.074890 0.000007 0.000102 0.000001 0.174300 0.076717 0.141938 0.000134 0.016228 -0.000004 0.000169 0.094674 -0.000060 -0.110027 0.000032 -0.073180 -0.000098 0.000075 -0.123366
-0.502002 0.087910 -0.000027 -0.048491 -0.094738 0.000042 -0.000015 0.000022 0.040471 -0.000017 -0.216603 0.075981 0.000023 0.000068 0.000004 -0.029143 -0.028993 -0.109600 0.354358 0.104898 -0.000857 -0.167787 -0.049688 0.000205 -0.304339 0.204246 -0.124860 0.000020 0.000021 0.000186 -0.504948 0.430510 0.485966 -0.142259 -0.000008 -0.013035 0.000018 0.143339 -0.000009 -0.000081 0.000020 0.014662 0.071201 0.063400 -0.000030 -0.067809 0.000026 -0.000033 0.312903 -0.000024 -0.015430 -0.000075 -0.159429 0.000028 0.000155 0.161262
-0.082468 -0.088394 -0.000306 0.069881 0.237561 -0.000041 -0.000011 0.000043 -0.073501 -0.000029 0.202250 0.194400 0.000017 -0.000039 -0.000044 -0.002220 0.059779 -0.343506 0.154366 -0.131701 -0.000996 0.481649 -0.083032 0.000020 -0.184562 0.010284 0.056111 0.000013 0.000051 -0.000131 -0.070661 0.309331 0.073807 -0.009413 -0.000032 -0.013050 0.000013 0.240720 0.000056 0.000019 0.000032 0.077376 0.265546 -0.128563 -0.000060 0.248023 0.000143 -0.000039 0.061499 0.000026 0.312082 -0.000078 -0.591667 -0.000103 0.000097 0.103863
-0.069051 -0.158927 0.000050 -0.268982 -0.161320 -0.000045 -0.000073 -0.000021 -0.459586 -0.000014 0.147430 0.471251 -0.000044 0.000170 0.000035 -0.143726 -0.189212 -0.160883 -0.012149 -0.110017 -0.000105 0.098837 0.393528 -0.000127 -0.003872 0.277192 -0.142728 -0.000004 -0.000181 -0.000138 -0.009295 0.237757 -0.161454 0.223740 -0.000022 -0.010791 0.000038 -0.135793 -0.000014 -0.000215 0.000032 -0.377499 0.114989 -0.473165 -0.000021 0.046032 0.000041 0.000010 -0.010377 -0.000053 0.574280 0.000147 -0.113286 0.000118 -0.000138 -0.057959
0.142106 -0.308655 0.000280 -0.172344 -0.064901 -0.000032 -0.000001 -0.000018 -0.158704 -0.000004 0.063363 0.258139 0.000279 -0.000001 -0.000024 -0.263829 0.107875 0.174577 0.019916 -0.007626 -0.000476 0.170179 0.191648 -0.000013 -0.074749 0.496324 -0.772880 0.000016 -0.000059 0.000041 0.390460 0.127503 -0.464203 0.049940 0.000005 -0.009169 -0.000017 -0.164567 -0.000010 0.000171 -0.000015 -0.128928 -0.071550 -0.502236 -0.000072 -0.194884 0.000018 -0.000050 0.150499 0.000031 0.018146 0.000037 -0.085561 -0.000091 -0.000105 0.176133
0.197740 0.037214 -0.000347 -0.094283 -0.094769 -0.000018 -0.000005 -0.000003 0.148734 0.000013 -0.082403 -0.077596 0.000186 -0.000039 0.000002 0.061297 -0.073597 -0.299925 -0.287363 0.107249 -0.000424 -0.187326 0.150003 -0.000031 -0.444188 0.293223 0.111236 0.000039 0.000026 0.000065 0.046481 0.244604 -0.037907 -0.169110 0.000012 -0.004867 0.000053 -0.165670 -0.000013 0.000060 0.000008 -0.171396 -0.185818 -0.362475 -0.000061 -0.064880 0.000101 0.000018 -0.240186 0.000056 -0.198649 0.000047 -0.027164 0.000076 -0.000059 0.417397
0.120924 -0.107244 -0.000143 0.034426 -0.442737 0.000070 0.000071 0.000017 0.493317 -0.000018 0.026571 -0.465689 0.000067 -0.000109 -0.000028 0.312520 -0.293687 0.146350 -0.213292 0.285955 -0.000008 0.196177 -0.284055 0.000076 -0.310318 -0.167926 -0.112956 -0.000039 -0.000011 0.000227 0.000370 0.175606 -0.265314 0.019757 0.000000 -0.004307 -0.000092 -0.041401 0.000048 0.000054 0.000021 -0.064347 0.213761 0.034731 -0.000010 -0.013976 -0.000012 0.000060 -0.127023 -0.000092 -0.402652 0.000001 0.070506 -0.000070 -0.000008 0.235694
-0.257983 -0.263816 -0.000206 -0.103852 -0.185163 0.000174 -0.000005 -0.000016 0.207508 -0.000015 -0.002482 0.078426 -0.000033 0.000085 0.000019 0.228063 -0.261668 -0.240390 -0.195700 0.197962 -0.001072 0.135452 0.049557 0.000213 0.077387 -0.137080 -0.090697 0.000083 0.000132 0.000096 0.226821 0.225025 0.420057 -0.046408 -0.000021 -0.000732 -0.000051 0.172769 -0.000012 0.000046 0.000017 0.031298 -0.065017 0.102877 -0.000012 0.113365 0.000044 -0.000019 0.349538 0.000060 -0.120044 0.000037 -0.135414 -0.000055 0.000014 0.175035
-0.146941 -0.303554 0.000033 -0.084009 -0.047712 -0.000057 0.000013 -0.000025 0.509869 0.000021 0.171410 -0.279363 -0.000008 -0.000046 -0.000051 0.194518 0.104644 -0.280073 -0.141969 0.159879 -0.000831 -0.050455 0.080525 -0.000020 -0.182749 -0.346690 -0.055768 -0.000026 -0.000102 0.000067 -0.159051 -0.065537 -0.052934 -0.010870 0.000010 0.000696 -0.000119 0.147510 -0.000004 0.000186 -0.000021 -0.190815 -0.030457 -0.044337 -0.000033 -0.046735 -0.000017 -0.000045 0.010624 0.000060 0.023315 0.000078 -0.063845 -0.000093 -0.000029 -0.285305
-0.052482 0.107599 -0.000280 0.140287 0.421205 0.000015 -0.000019 0.000031 0.249849 0.000001 0.125776 -0.453794 -0.000103 -0.000025 0.000051 0.053395 0.173905 0.172306 0.045635 0.013757 -0.000863 -0.049190 0.159772 -0.000076 -0.021560 -0.197973 -0.404447 0.000064 -0.000011 -0.000094 -0.871086 0.037693 -0.042441 -0.278629 0.000030 0.000113 0.000032 0.274404 -0.000012 0.000007 0.000030 -0.381439 -0.055175 0.007681 0.000084 -0.260409 0.000104 0.000062 -0.012196 0.000060 0.062166 -0.000091 -0.165738 0.000049 0.000023 -0.320510
-0.030347 0.214825 0.000110 0.271751 0.261238 -0.000040 -0.000017 -0.000039 -0.067487 0.000009 0.102167 -0.092163 0.000037 0.000019 0.000021 0.138001 -0.032618 -0.204554 -0.049631 -0.165367 -0.001529 0.246884 0.124019 0.000035 0.006434 0.021263 -0.065050 0.000100 -0.000039 -0.000024 -0.746203 -0.160772 -0.272433 -0.186927 -0.000039 -0.000614 0.000031 0.029482 0.000014 -0.000029 0.000036 -0.000546 -0.373915 0.177521 0.000053 -0.112712 0.000021 -0.000034 -0.034040 0.000036 0.198628 -0.000006 -0.600346 -0.000103 0.000148 -0.272136
-0.154698 0.327520 -0.000351 0.349796 0.518627 -0.000102 0.000004 -0.000085 -0.463767 0.000004 -0.050201 0.251168 0.000047 -0.000015 -0.000051 0.389279 -0.127563 0.148702 -0.143433 -0.460280 -0.000412 -0.087884 0.035084 -0.000096 0.335769 0.039244 0.047047 0.000013 0.000096 -0.000083 -1.098556 -0.045752 0.083159 -0.246842 -0.000012 0.000963 0.000060 0.330399 -0.000057 0.000021 -0.000004 0.171533 -0.347306 0.299456 -0.000038 -0.030832 0.000066 0.000094 0.300222 -0.000026 0.026383 -0.000056 -0.276659 0.000105 0.000083 -0.276645
-0.033390 -0.019315 0.000015 0.040735 0.475510 0.000076 0.000014 -0.000040 -0.334991 -0.000033 -0.237384 0.253019 0.000052 -0.000108 -0.000313 0.473362 0.018198 -0.293580 -0.360478 -0.214231 -0.001833 -0.407735 -0.134662 0.000080 0.135002 -0.400694 0.294161 0.000043 -0.000049 -0.000044 -1.061236 -0.005120 0.052140 -0.220425 0.000049 0.000377 0.000016 0.136984 -0.000004 0.000103 0.000001 0.260056 0.242590 0.372082 0.000042 0.037535 -0.000031 0.000040 0.157112 0.000032 0.148558 0.000036 -0.097062 0.000093 -0.000003 -0.218151
0.332385 0.114023 0.000006 0.174923 0.229625 -0.000218 -0.000045 -0.000010 -0.140358 0.000013 -0.038254 0.148726 0.000169 -0.000038 0.000181 0.304016 0.269174 -0.222095 -0.265344 0.120154 -0.001168 -0.241494 -0.145750 0.000209 0.132271 -0.314217 0.270358 0.000021 -0.000050 -0.000122 -0.994881 -0.238279 0.087274 -0.011586 0.000046 0.000254 0.000002 0.257251 -0.000010 0.000052 0.000004 0.152068 0.219215 -0.047481 -0.000051 -0.009177 -0.000062 -0.000044 0.023639 -0.000066 -0.043851 0.000024 -0.138411 -0.000051 -0.000075 -0.344997
0.505133 0.034719 0.000153 -0.108350 0.122196 -0.000153 -0.000034 0.000011 -0.456741 -0.000002 -0.044425 0.370853 0.000216 0.000064 -0.000039 0.186121 -0.034008 -0.254451 -0.458285 0.438244 -0.002248 -0.057804 -0.102584 0.000040 0.050988 -0.168278 0.107031 0.000097 -0.000027 0.000024 0.079105 0.133148 -0.127012 0.304978 0.000025 -0.003036 -0.000022 0.276440 0.000012 -0.000049 -0.000020 0.055206 0.064058 -0.008591 0.000006 0.067210 -0.000004 -0.000049 0.043394 0.000028 -0.067418 0.000005 -0.159597 0.000160 0.000071 -0.167176
0.178499 0.356827 0.000057 -0.077827 -0.625178 -0.000082 0.000017 -0.000076 -0.303428 -0.000006 -0.224393 0.044211 0.000034 0.000119 -0.000202 0.099430 0.248819 0.027401 0.041092 0.435558 -0.001912 -0.028638 -0.093365 -0.000064 0.101020 0.512574 -0.031979 0.000104 0.000061 0.000020 0.381760 -0.017518 -0.126746 0.285557 -0.000030 -0.003430 -0.000028 0.539852 -0.000021 -0.000005 0.000023 0.135605 -0.199056 0.422116 0.000031 -0.190763 -0.000075 0.000034 0.088375 0.000080 -0.097554 0.000062 -0.109093 0.000148 0.000092 -0.106612
-0.034854 0.559344 -0.000136 0.132354 -0.118345 0.000126 -0.000062 -0.000014 -0.146198 -0.000005 0.039424 -0.017329 -0.000079 -0.000091 -0.000010 -0.025591 0.311337 0.110739 0.054849 0.175825 -0.000925 0.296100 -0.273481 -0.000098 -0.103915 0.413531 0.162320 0.000089 -0.000051 -0.000009 -0.097506 -0.163275 0.214923 0.011802 0.000014 -0.003627 0.000050 0.033760 -0.000017 0.000040 -0.000017 0.311389 -0.079420 -0.104724 0.000005 -0.009831 -0.000075 0.000153 0.107397 -0.000067 -0.223287 0.000135 -0.035654 0.000013 0.000067 0.106927
-0.112916 0.389212 0.000097 0.186798 -0.474504 0.000016 0.000001 -0.000015 0.543792 0.000022 -0.055044 -0.492222 0.000033 0.000005 -0.000178 0.161352 0.166419 0.206632 0.078478 0.065643 -0.001490 0.147346 -0.111883 -0.000027 -0.000521 0.158731 0.376948 -0.000056 0.000024 -0.000054 0.052329 -0.126009 0.442248 -0.137773 0.000017 -0.006438 0.000027 0.003832 -0.000011 -0.000032 -0.000025 0.299466 -0.174729 0.006906 -0.000050 0.088301 -0.000037 0.000022 -0.121448 -0.000056 -0.356630 -0.000077 -0.216441 0.000082 0.000104 0.280728
-0.244885 0.230140 0.000186 0.252579 -0.725466 -0.000082 -0.000052 0.000025 0.550340 0.000015 -0.315043 -0.322365 -0.000004 -0.000004 0.000092 -0.041895 0.382434 0.092844 0.269457 -0.047084 -0.002454 0.085526 0.368233 -0.000064 -0.074440 -0.071223 -0.172724 -0.000025 -0.000054 0.000067 -0.030844 -0.065418 0.074585 -0.427114 -0.000032 -0.004896 0.000068 -0.365508 -0.000051 -0.000087 0.000021 0.191212 -0.382145 0.032587 -0.000024 -0.197901 0.000044 -0.000045 -0.007611 -0.000108 -0.350172 0.000091 -0.104837 0.000084 -0.000011 0.241850
-0.264800 0.077331 -0.000101 0.648046 -0.291327 -0.000026 0.000070 0.000013 -0.005330 -0.000013 -0.204855 0.125756 0.000257 0.000005 -0.000031 -0.143694 0.365065 -0.008356 0.126773 -0.092783 -0.001994 -0.002888 0.395085 -0.000033 -0.312381 -0.017804 0.282222 0.000082 0.000005 -0.000184 0.148057 -0.117213 -0.186066 -0.747336 -0.000006 -0.005694 0.000031 -0.439383 -0.000053 0.000007 -0.000035 -0.197924 -0.198817 0.110984 -0.000009 -0.064110 0.000028 -0.000104 -0.364054 0.000011 0.173894 -0.000034 -0.125875 0.000007 -0.000028 0.050152
-0.363114 -0.265680 0.000037 -0.270207 -0.137556 -0.000173 0.000026 0.000009 -0.320355 0.000005 0.753040 0.102898 -0.000125 -0.000011 0.000165 0.045300 0.446553 0.024644 0.015348 -0.119051 -0.002226 0.046003 -0.088614 0.000124 -0.179955 -0.104269 0.144961 -0.000006 0.000004 0.000104 -0.014876 -0.077699 -0.252297 -0.448436 0.000047 -0.003437 0.000043 -0.059647 -0.000008 -0.000028 0.000007 -0.182624 0.004921 -0.020455 -0.000168 0.004758 0.000037 0.000086 -0.139616 0.000056 0.450415 -0.000157 -0.311260 0.000046 0.000056 0.107033
-0.182457 -0.223549 0.000050 -0.203328 -0.211447 -0.000097 -0.000013 -0.000007 -0.248995 -0.000007 0.240590 0.340514 0.000086 -0.000084 -0.000073 -0.117854 -0.214735 0.004775 0.102395 0.104420 -0.001571 0.057136 0.580592 -0.000060 -0.187725 0.276598 -0.239167 -0.000035 0.000059 -0.000133 0.074190 -0.214421 -0.010631 -0.609096 -0.000026 -0.010055 -0.000045 -0.093312 -0.000022 -0.000082 0.000028 -0.241725 -0.076166 0.094646 0.000010 0.437835 0.000052 -0.000036 0.057917 -0.000042 -0.251331 -0.000034 -0.113646 0.000124 0.000046 -0.248107
-0.214237 0.124838 -0.000138 -0.576120 0.276008 0.000043 0.000049 0.000003 -0.349805 -0.000009 -0.290559 0.021429 0.000032 0.000017 0.000072 0.121603 0.143868 0.311160 0.220302 -0.249413 -0.001579 -0.112001 0.083863 0.000084 0.350914 0.303517 -0.529384 0.000095 -0.000023 -0.000007 -0.214362 0.015867 0.186632 0.026898 -0.000024 -0.008791 0.000022 0.169756 -0.000004 -0.000044 0.000000 -0.120664 -0.121740 0.000239 0.000184 0.185989 0.000088 0.000048 0.127572 0.000034 -0.262407 -0.000140 -0.346559 -0.000058 -0.000041 -0.041231
0.249403 -0.385705 -0.000096 -0.488488 0.293248 0.000042 0.000049 -0.000008 -0.200880 -0.000002 -0.135183 0.098351 0.000131 -0.000046 0.000187 0.031824 0.552893 0.107696 0.138950 0.063329 -0.001724 -0.004382 0.077995 0.000026 0.251813 0.051659 -0.092786 0.000043 -0.000092 -0.000004 0.090295 0.018533 0.128806 0.346329 -0.000012 -0.011436 -0.000043 0.113419 -0.000061 -0.000119 -0.000029 0.017336 -0.416447 0.479849 0.000029 0.264026 -0.000074 0.000029 -0.337893 0.000042 0.031773 0.000246 -0.900944 -0.000093 0.000181 -0.351987
-0.003991 -0.248800 0.000012 -0.276616 0.319074 0.000042 0.000042 -0.000007 0.120702 -0.000012 -1.033353 -0.209738 0.000053 -0.000043 0.000047 0.033755 0.384108 0.534349 0.170998 0.203698 -0.001640 0.203531 0.020203 0.000071 -0.004985 0.303989 0.058670 0.000029 0.000027 0.000032 0.144152 0.282105 0.029942 0.135057 0.000013 -0.013357 -0.000042 0.355938 -0.000003 -0.000018 -0.000045 -0.276745 -0.172413 0.389606 0.000114 0.155139 -0.000118 -0.000017 -0.021011 0.000061 -0.014499 0.000006 -0.412635 0.000026 0.000038 -0.324846
-0.143063 0.015882 -0.000075 0.020187 0.187702 -0.000121 0.000031 0.000098 -0.008536 -0.000015 -1.573402 -0.005924 0.000005 0.000029 0.000014 0.107617 0.642043 0.791258 0.018590 0.007890 -0.001768 0.131613 -0.051644 -0.000031 0.231450 -0.386563 0.157547 -0.000009 -0.000104 0.000035 0.297587 0.318959 0.166660 -0.066049 0.000001 -0.015459 0.000018 0.023800 -0.000008 0.000043 -0.000057 -0.053814 -0.024579 0.467198 -0.000029 0.007126 -0.000057 0.000059 -0.141393 0.000046 -0.256235 -0.000079 -0.343264 -0.000060 -0.000063 -0.268802
-0.050872 -0.376103 -0.000106 0.356888 -0.171416 -0.000136 0.000021 0.000021 0.197845 -0.000020 -1.074601 -0.106790 -0.000054 0.000064 -0.000105 0.280834 0.290786 0.510715 -0.182753 0.186102 -0.001782 0.028263 0.097715 0.000035 0.330330 0.217774 0.591859 -0.000130 -0.000073 -0.000092 -0.022859 -0.170761 0.164599 0.291255 0.000028 -0.015991 0.000057 -0.369767 0.000024 -0.000073 -0.000020 0.195031 0.141296 0.067736 0.000014 -0.312090 -0.000272 0.000154 -0.132664 0.000063 0.144349 -0.000117 -0.072314 0.000087 0.000047 -0.033151
-0.159547 -0.072293 -0.000070 0.242569 0.026492 0.000069 -0.000038 0.000011 -0.019781 -0.000023 -0.107238 -0.073545 0.000155 0.000023 0.000026 0.100420 0.018236 0.470008 -0.304215 -0.118826 -0.000987 -0.381091 0.236024 0.000061 0.084722 0.108647 0.034447 0.000044 0.000034 -0.000035 -0.330405 0.037392 -0.058263 0.148207 0.000010 -0.015568 -0.000039 0.087741 0.000011 -0.000059 -0.000006 -0.135103 0.165250 -0.013946 -0.000060 -0.227768 0.000011 0.000087 0.155762 -0.000043 0.154166 -0.000042 0.337626 0.000059 -0.000065 -0.259808
0.004430 -0.328529 0.000107 0.506258 -0.003155 0.000082 -0.000017 0.000089 0.116461 0.000005 -0.188231 -0.032267 -0.000030 0.000003 -0.000026 0.026822 0.072138 0.095807 -0.089368 -0.473657 -0.001685 -0.218772 0.486353 0.000025 0.210674 -0.143220 -0.070519 0.000052 -0.000047 0.000030 -0.218786 -0.008728 -0.225893 -0.016112 -0.000006 -0.014570 0.000017 0.099387 0.000027 -0.000101 0.000000 -0.100763 0.003069 -0.125110 -0.000036 -0.009794 0.000160 0.000080 -0.027352 -0.000124 0.052850 0.000074 -0.147752 0.000197 -0.000095 -0.116294
0.317155 -0.066424 -0.000399 0.032382 -0.191527 -0.000046 0.000058 -0.000021 -0.107815 0.000018 0.055523 0.122632 0.000035 -0.000021 0.000008 0.165649 0.064612 -0.220133 -0.252136 -0.240279 -0.001021 -0.380513 0.218143 0.000082 0.102121 -0.082571 -0.080941 0.000022 0.000176 0.000012 0.108924 0.023786 -0.038926 -0.052230 0.000027 -0.013727 0.000037 0.545489 -0.000012 0.000081 -0.000005 0.017480 -0.363209 -0.149594 -0.000061 -0.029961 0.000011 0.000065 0.028554 -0.000016 -0.057737 0.000047 -0.488021 -0.000094 0.000016 0.075533
0.020040 0.018981 -0.000264 -0.201396 0.053748 -0.000043 0.000018 0.000046 -0.034498 0.000006 -0.106018 -0.096451 0.000059 -0.000051 0.000038 0.088413 -0.226925 -0.232853 -0.129271 -0.597182 -0.001783 -0.016511 -0.046314 0.000086 -0.320023 -0.141869 0.049947 0.000047 0.000008 0.000179 -0.016171 -0.268357 0.035253 0.043752 0.000001 -0.009814 0.000002 0.123785 -0.000016 0.000081 -0.000011 0.073917 0.433018 -0.205322 -0.000025 0.130374 -0.000015 0.000126 -0.015926 0.000066 0.036373 0.000056 -0.014429 0.000006 0.000148 -0.040223
0.319338 0.029711 -0.000342 -0.350445 0.008093 0.000087 -0.000008 -0.000051 0.032681 -0.000009 -0.356737 -0.065333 0.000275 0.000053 0.000001 0.118783 -0.257332 0.071537 0.197005 0.046246 -0.001457 -0.086631 0.125606 0.000035 0.036146 0.121306 -0.381683 0.000029 0.000002 -0.000036 0.029698 -0.523237 0.217980 0.277859 0.000011 -0.009232 0.000005 0.175319 -0.000010 0.000050 0.000020 -0.110658 0.151509 -0.046692 -0.000012 0.136137 0.000009 -0.000075 -0.016619 0.000089 -0.031462 -0.000006 0.360806 -0.000133 -0.000008 -0.364969
0.215176 -0.266019 0.000119 -0.386906 0.013412 0.000195 -0.000013 -0.000029 -0.176262 -0.000009 0.147993 -0.115212 -0.000252 0.000039 0.000019 0.119973 -0.065443 0.117318 0.416472 -0.014224 -0.000277 -0.268811 -0.456646 -0.000064 0.287981 0.174851 -0.091781 0.000057 -0.000031 0.000015 0.188372 -0.035915 0.000396 0.325832 0.000062 -0.008562 0.000017 0.252420 0.000047 0.000063 0.000015 0.112430 0.018716 0.244667 -0.000058 0.321267 0.000081 -0.000047 -0.036964 -0.000003 -0.295480 -0.000029 -0.288210 0.000056 -0.000066 0.065335
-0.182824 -0.430810 0.000130 -0.424315 0.159725 0.000178 -0.000021 0.000062 -0.405134 -0.000029 0.130131 0.260925 0.000010 0.000048 0.000030 -0.013232 -0.115919 0.183642 0.008481 -0.013791 -0.000354 -0.320772 -0.385874 -0.000048 0.017777 0.329366 -0.055552 0.000100 -0.000021 0.000102 0.289998 -0.049310 -0.049358 -0.170563 -0.000001 -0.008802 -0.000025 -0.244420 -0.000012 -0.000013 -0.000026 0.325799 -0.013197 0.067528 0.000026 -0.046564 -0.000123 -0.000140 -0.190851 -0.000029 -0.528786 0.000143 -0.206332 0.000102 -0.000107 -0.151599
-0.290484 -0.034155 0.000041 -0.104974 0.110528 0.000180 -0.000026 -0.000019 0.036930 -0.000014 0.043601 0.037996 0.000047 -0.000062 -0.000057 -0.123261 -0.041506 0.076667 0.059427 -0.028442 0.000065 -0.371696 -0.264048 -0.000087 -0.234870 0.286781 0.012447 -0.000013 -0.000075 0.000027 -0.101900 0.008929 -0.149402 -0.043128 0.000003 -0.009811 0.000066 -0.391877 0.000023 -0.000076 0.000023 0.296326 0.022460 -0.059528 -0.000041 0.076753 -0.000035 -0.000136 -0.213253 0.000090 -0.077812 -0.000119 -0.225872 0.000072 0.000077 -0.091169
-0.482441 0.200187 0.000173 0.138222 -0.018496 -0.000037 -0.000093 0.000049 0.381003 0.000034 -0.316111 -0.356018 0.000015 -0.000005 0.000025 0.037411 -0.031433 0.274457 0.158369 -0.277914 0.000231 -0.312968 -0.056058 -0.000003 -0.138319 0.116255 -0.132347 0.000062 0.000063 0.000019 -0.338557 -0.139044 0.128299 0.039938 -0.000039 -0.008673 0.000088 -0.068665 0.000019 0.000048 0.000038 -0.000082 0.038374 -0.244415 -0.000066 0.232813 -0.000078 -0.000089 0.113068 -0.000046 -0.016190 0.000244 -0.386210 0.000100 -0.000036 -0.265596
-0.197595 -0.306693 0.000124 0.100203 -0.524279 -0.000024 -0.000000 0.000006 0.260441 0.000024 0.156453 -0.359936 0.000063 0.000081 -0.000024 0.029805 0.070087 0.181905 0.087080 -0.282307 -0.001467 0.080529 0.116559 0.000033 0.350568 -0.272869 0.565539 -0.000181 -0.000019 -0.000087 -0.260160 -0.247400 -0.017237 -0.190003 0.000012 -0.008450 -0.000058 -0.097756 -0.000028 -0.000020 0.000019 0.489656 -0.278749 0.186898 0.000088 0.169019 -0.000029 -0.000017 0.097993 -0.000082 0.199001 -0.000032 -0.560816 -0.000139 -0.000070 -0.061558
0.051368 -0.158387 0.000090 0.181287 -0.340056 -0.000145 0.000003 -0.000015 -0.128640 -0.000017 -0.091311 0.280980 0.000024 0.000032 0.000042 0.320415 0.390609 0.474530 0.077197 -0.421770 -0.001937 0.014628 0.051111 -0.000044 0.209598 -0.296506 0.046813 -0.000048 0.000032 -0.000016 -0.019244 -0.557295 -0.210454 -0.292957 -0.000074 -0.005673 0.000057 0.267571 -0.000043 0.000067 0.000034 -0.076090 -0.163385 -0.118606 -0.000031 -0.017368 0.000046 0.000050 0.117927 0.000025 -0.163543 0.000015 -0.260021 -0.000207 0.000036 0.008591
-0.138033 -0.256773 0.000098 0.183785 0.062688 -0.000039 0.000003 -0.000034 0.207585 -0.000007 -0.061749 -0.251940 -0.000010 0.000034 0.000071 0.399641 0.115706 0.016015 -0.141126 -0.153969 -0.002717 -0.061179 0.082084 -0.000008 0.053717 0.030956 0.306421 -0.000027 -0.000030 -0.000118 0.249376 -0.684923 -0.028059 -0.461907 0.000008 -0.002624 0.000129 -0.061008 -0.000002 0.000135 0.000060 -0.234953 0.342158 -0.238756 -0.000023 0.213103 -0.000000 0.000017 -0.352529 -0.000052 0.126235 0.000078 -0.240912 -0.000015 -0.000058 0.140501
0.023090 0.029850 -0.000050 -0.023051 0.224074 0.000105 0.000013 0.000020 -0.226902 0.000012 0.282803 0.512958 -0.000091 0.000190 -0.000109 0.324643 -0.138035 -0.195743 -0.160700 -0.428022 -0.002382 0.044167 0.459753 0.000033 0.445055 -0.327816 -0.302624 0.000031 -0.000013 0.000060 0.064817 -0.366634 0.006633 -0.357604 0.000001 -0.000713 0.000056 -0.017447 -0.000073 0.000100 -0.000037 -0.478707 -0.019379 0.188787 0.000048 0.200956 -0.000021 0.000060 -0.163402 -0.000045 -0.061308 0.000146 0.008585 -0.000001 0.000012 0.250584
-0.062117 0.134837 -0.000024 -0.004825 0.175164 0.000101 -0.000044 -0.000046 -0.439423 -0.000025 0.328002 0.356220 -0.000050 0.000252 -0.000148 -0.076620 0.057917 0.066005 -0.000328 -0.039722 -0.002828 -0.133400 0.185295 0.000021 -0.015976 -0.083909 -0.687452 0.000031 0.000002 0.000086 -0.398943 0.020717 0.085392 -0.234467 -0.000041 -0.000648 0.000129 -0.073871 0.000025 -0.000050 -0.000017 -0.450065 0.338023 -0.408459 -0.000178 -0.042281 -0.000008 0.000167 -0.108648 0.000038 0.046998 0.000043 -0.215989 0.000023 0.000106 -0.065894
0.052547 -0.368158 0.000088 -0.393063 0.351841 -0.000222 0.000015 -0.000003 -0.307676 -0.000024 0.271276 -0.171516 0.000046 0.000065 0.000029 -0.192532 0.278164 -0.273296 -0.114309 0.414104 -0.001468 -0.189674 -0.256056 0.000062 -0.134004 0.334058 0.157562 -0.000055 -0.000091 0.000029 -0.043627 0.122796 -0.032492 0.109543 -0.000029 0.000085 -0.000045 0.023435 -0.000001 0.000010 -0.000031 -0.265603 0.019524 -0.329654 0.000089 0.019592 0.000016 0.000040 -0.141421 0.000055 -0.372932 0.000041 -0.136228 0.000006 -0.000037 -0.126293
0.074019 -0.374509 -0.000292 -0.216688 0.273764 0.000058 0.000028 0.000076 0.041619 -0.000022 0.033999 -0.201426 0.000082 0.000083 -0.000059 -0.110013 0.077367 -0.377969 0.072426 -0.044645 -0.001748 -0.223147 -0.179322 0.000024 0.488426 0.202354 0.094788 0.000066 -0.000041 0.000097 0.027576 0.295245 -0.022655 0.282879 0.000001 0.000930 -0.000037 0.050651 -0.000021 0.000021 -0.000026 -0.330998 -0.214772 0.094299 -0.000037 -0.093435 0.000065 0.000044 -0.042834 0.000097 -0.159377 -0.000059 -0.377564 0.000089 0.000044 0.149346
-0.073636 0.007891 0.000347 -0.047969 -0.074564 -0.000006 -0.000013 0.000006 -0.069962 -0.000021 -0.503413 0.147456 0.000220 0.000068 0.000197 -0.125550 -0.079682 0.217591 0.136098 -0.125238 -0.002226 -0.143009 -0.172118 -0.000057 -0.056056 -0.163525 -0.151622 -0.000051 -0.000104 -0.000141 -0.004428 0.264430 -0.037699 -0.005441 0.000019 0.000228 0.000052 -0.093825 0.000037 -0.000061 0.000006 -0.049090 0.291344 -0.128994 0.000004 -0.402359 -0.000035 -0.000105 -0.055475 0.000051 -0.163833 0.000075 0.141938 -0.000033 0.000034 -0.009032
-0.006229 -0.293114 0.000274 0.227729 -0.060828 0.000054 0.000012 -0.000063 0.204195 0.000034 -0.097056 0.271182 0.000036 -0.000177 -0.000066 -0.245414 -0.389211 -0.186156 -0.082355 0.294597 -0.001830 -0.011372 0.028741 0.000044 -0.295489 0.419786 0.144814 -0.000075 -0.000034 -0.000086 -0.181622 0.066287 0.232139 0.006122 0.000079 -0.000579 -0.000089 -0.232959 -0.000026 0.000022 0.000023 0.296079 0.037127 -0.098037 0.000032 -0.113827 0.000030 0.000092 -0.091638 -0.000055 -0.086866 0.000062 -0.011523 -0.000025 -0.000055 -0.311418
-0.282648 -0.176114 -0.000186 0.046906 0.075336 0.000058 -0.000017 0.000024 -0.147466 -0.000001 0.102981 -0.040146 0.000024 -0.000201 -0.000001 0.275846 0.377845 0.034994 0.054547 -0.012478 -0.002238 -0.315662 -0.042101 -0.000064 0.225252 -0.252253 0.530167 -0.000057 0.000091 -0.000049 0.100227 0.316718 0.070910 -0.163395 0.000004 -0.003808 -0.000087 0.776196 0.000014 -0.000151 0.000090 0.350461 -0.012241 -0.492957 0.000179 -0.614503 -0.000094 -0.000052 0.233232 0.000118 0.218528 0.000083 -0.629676 -0.000021 0.000029 -0.071930
0.260081 -0.118765 0.000011 0.370245 0.243384 0.000001 -0.000017 0.000021 0.310470 0.000001 -0.007489 0.112994 -0.000039 0.000031 -0.000095 -0.229044 0.267147 -0.147572 0.008672 -0.081257 -0.001214 -0.219416 0.176280 0.000062 0.011240 -0.077333 0.221309 0.000031 -0.000117 -0.000036 -0.255158 0.073661 -0.161698 -0.282008 -0.000009 -0.006780 -0.000020 0.620016 -0.000029 -0.000047 -0.000002 0.266562 -0.197498 -0.227124 0.000090 -0.543027 -0.000038 0.000132 -0.067720 0.000056 0.231706 0.000050 -0.517036 0.000027 -0.000037 0.145997
0.361884 0.218717 -0.000063 -0.011290 0.021490 -0.000143 -0.000048 0.000002 0.200023 0.000008 -0.683988 0.065322 -0.000071 -0.000156 -0.000039 -0.189502 -0.056062 0.024825 -0.122824 -0.181568 -0.000579 -0.364838 0.381528 0.000142 -0.062623 0.030875 0.024872 -0.000052 -0.000036 -0.000000 0.159670 0.093719 -0.124354 -0.193472 -0.000036 -0.006298 0.000060 0.263023 0.000018 0.000007 -0.000002 -0.014616 -0.137781 -0.211285 -0.000026 -0.371706 -0.000101 -0.000203 0.015854 -0.000084 0.165589 -0.000046 0.254591 0.000019 0.000042 0.157591
0.619418 -0.001062 0.000023 -0.141548 -0.170754 -0.000146 0.000037 0.000025 0.007811 0.000032 -0.005976 -0.064320 -0.000023 -0.000033 0.000102 -0.323721 -0.148684 0.225160 -0.371202 -0.231438 -0.001566 -0.111533 -0.065896 0.000001 0.072313 -0.135170 -0.232894 0.000083 0.000156 -0.000011 0.164288 0.046070 0.179690 0.086353 0.000032 -0.005310 -0.000083 0.043926 -0.000010 -0.000036 -0.000043 -0.047277 0.464222 0.149024 -0.000012 -0.136715 0.000073 0.000047 -0.073136 0.000001 -0.013015 0.000104 -0.446394 -0.000019 -0.000114 -0.128066
0.288038 -0.222557 -0.000091 -0.473328 -0.276604 -0.000030 0.000002 -0.000052 0.112797 0.000001 0.285678 -0.204131 -0.000003 -0.000081 -0.000199 -0.162942 -0.049558 -0.033967 -0.180065 0.353870 -0.000984 -0.181372 -0.383827 -0.000035 -0.327526 -0.302586 -0.369625 -0.000102 -0.000122 -0.000129 0.037291 0.198673 -0.190838 0.002428 -0.000024 -0.008079 0.000043 -0.256541 0.000006 -0.000004 -0.000015 0.061237 0.404788 0.170103 -0.000055 -0.037329 -0.000060 -0.000080 -0.242210 0.000033 0.073950 -0.000077 -0.330950 -0.000042 -0.000070 -0.506955
0.060587 0.281823 -0.000061 -0.380680 0.089478 0.000095 -0.000010 0.000021 0.257173 0.000014 0.100348 0.020047 -0.000055 -0.000045 0.000023 -0.329852 -0.212555 0.035835 0.058309 0.443693 -0.001313 0.000557 -0.176982 -0.000016 -0.135218 0.037475 -0.332504 -0.000028 0.000164 -0.000044 -0.179833 -0.035868 -0.069001 -0.122173 0.000007 -0.008064 0.000093 -0.122828 0.000028 -0.000039 -0.000015 -0.094435 -0.051205 -0.105979 0.000041 0.240072 -0.000114 -0.000048 0.159954 -0.000079 -0.325499 0.000099 -0.115021 -0.000069 -0.000036 -0.038944
-0.006900 0.351274 -0.000019 0.020725 -0.405509 -0.000096 0.000010 0.000028 0.139849 -0.000025 0.297351 0.362289 -0.000113 0.000083 0.000078 -0.170102 -0.108345 -0.126799 0.036329 -0.012402 -0.001612 0.055115 0.113178 -0.000001 -0.170132 -0.003032 -0.172695 0.000054 0.000067 -0.000043 -0.001798 -0.004913 0.097382 -0.169680 0.000021 -0.006119 -0.000040 0.035108 0.000075 -0.000088 -0.000040 0.133739 0.262788 0.267941 0.000004 0.295115 0.000053 0.000008 0.001430 0.000013 -0.151132 0.000034 -0.232994 0.000011 0.000153 -0.235945
-0.367977 0.305041 -0.000021 -0.251525 -0.296383 0.000039 0.000014 -0.000017 -0.025501 0.000006 0.102713 -0.234043 0.000012 -0.000075 0.000023 0.306897 -0.055654 -0.252434 0.222413 -0.099022 -0.001102 0.328834 0.235107 0.000074 -0.005430 0.073564 -0.017472 0.000056 0.000045 -0.000084 0.151106 -0.351544 0.542911 -0.214956 -0.000018 -0.006221 -0.000088 0.540147 0.000009 -0.000028 0.000086 0.038637 0.461326 0.102051 0.000022 0.003514 0.000052 -0.000118 0.234738 -0.000237 0.019639 -0.000036 -0.088304 0.000008 0.000211 0.466570
-0.032204 0.272104 -0.000032 0.458376 0.055979 -0.000141 0.000009 -0.000040 -0.004707 0.000017 0.238147 -0.084707 -0.000047 0.000123 0.000028 -0.055273 -0.098135 -0.195428 0.195907 0.273797 -0.001728 0.067974 0.097514 0.000006 0.172241 0.135724 0.142804 0.000010 0.000053 0.000058 0.221979 -0.331150 -0.141938 -0.227774 0.000011 -0.006534 0.000012 0.118986 0.000016 -0.000113 -0.000023 0.246646 0.146721 0.260373 -0.000023 -0.067521 -0.000036 0.000081 0.079943 0.000020 0.053395 -0.000111 -0.053394 0.000056 -0.000183 0.385441
-0.221577 0.070805 0.000090 -0.086609 0.024148 -0.000024 0.000038 -0.000014 -0.066625 -0.000010 -0.115109 -0.149699 0.000100 -0.000006 -0.000046 0.226521 0.080357 -0.272598 -0.329995 -0.293813 -0.002293 0.100774 -0.505151 0.000007 0.129670 -0.408130 0.342156 0.000087 -0.000106 -0.000099 0.166055 -0.156792 0.135496 0.015189 -0.000031 -0.006813 -0.000000 -0.005299 0.000070 -0.000042 0.000025 0.244779 0.053121 0.059981 0.000127 0.005156 -0.000167 0.000084 -0.041408 0.000214 -0.206088 -0.000061 -0.179889 0.000175 0.000122 0.193375
0.177595 0.012784 -0.000028 -0.677861 0.158384 -0.000093 -0.000011 -0.000002 -0.282841 0.000001 0.087889 0.061571 -0.000033 -0.000034 -0.000120 -0.013306 -0.039960 -0.065693 0.109471 0.031138 -0.001728 -0.215339 -0.159173 -0.000098 0.017194 -0.294258 -0.162764 -0.000001 0.000031 -0.000067 -0.011147 -0.289188 -0.128842 0.262040 -0.000046 -0.005265 0.000012 -0.246918 0.000023 0.000044 -0.000020 0.134544 -0.043888 -0.193616 0.000031 -0.168070 -0.000001 0.000047 0.031993 -0.000049 -0.073666 -0.000009 -0.256701 -0.000184 -0.000035 0.043200
-0.021036 -0.050794 -0.000118 -0.497465 0.166882 -0.000241 -0.000024 0.000008 -0.153068 -0.000005 -0.176517 0.045853 -0.000035 -0.000146 0.000063 -0.230620 -0.689658 0.018524 0.363591 -0.005488 -0.001619 -0.002179 0.492548 -0.000031 -0.019452 -0.021790 -0.524152 0.000109 -0.000095 0.000023 -0.111740 -0.531784 -0.130777 0.001415 0.000001 -0.004265 0.000036 -0.596568 0.000009 -0.000033 0.000002 -0.325647 0.123751 -0.144688 -0.000081 -0.263876 0.000055 0.000030 -0.075095 0.000219 0.012269 -0.000075 -0.398537 0.000076 0.000137 0.068130
