-0.007574
0.000708
-0.002212
-0.000498
6.018981
-0.000058
-0.009539
0.000119
6.537617
0.000842
5.940051
0.037670
0.005896
5.836461
0.009200
-0.007280
-0.003510
-0.011093
-0.211994
-0.016273
0.003052
0.000069
-0.002910
0.028553
-0.005074
-0.000059
5.936879
-0.020772
-0.005476
-0.000529
6.847975
-0.008639
-0.014487
-0.004969
-0.004882
0.000038
0.000220
0.000323
9.127129
-0.009157
0.002540
-0.000747
-0.000083
-0.000012
0.000393
0.000531
0.005851
0.000261
-0.009908
-0.000002
0.000120
7.956431
2.455253
-0.018145
-0.001463
0.013164
-0.641784
0.000012
0.004808
-0.018362
-0.000083
0.000438
0.002150
7.774499
0.000072
0.002213
0.000363
0.000084
-0.000280
0.008592
-0.000371
-0.003473
0.000878
0.006038
5.180986
-0.009823
-0.009032
-0.403285
0.008934
-0.020346
