-0.148113
-0.255766
-0.076674
-0.415066
-0.018727
-0.000490
-0.005402
-0.435228
-0.001317
-0.008978
-0.003057
-0.000410
-0.004182
-0.000129
-0.091360
-0.001703
-0.000284
-0.014320
0.219250
-0.362197
0.276842
-0.003686
-0.006234
-0.273107
-0.006724
0.333449
0.166086
-0.335946
-0.001540
-0.309263
-0.006246
-0.021645
0.384378
-0.002073
0.429177
-0.001245
-0.292856
0.375475
-0.000502
-0.031852
0.500781
-0.109266
-0.003852
-0.002281
-0.005212
0.344063
-0.006829
-0.035467
-0.002708
-0.001079
-0.416746
-0.001280
-0.001307
-0.000142
-0.424703
-0.002620
-0.027711
-0.000304
-0.574523
-0.003198
0.501354
-0.366722
-0.183212
-0.004822
0.216377
-0.107968
-0.355159
-0.013034
-0.266006
