-0.007840
0.234719
-0.000426
-0.004543
-0.001345
-0.005115
-0.011037
-0.006155
-0.006625
0.003185
-0.002558
0.642183
-0.010836
-0.008749
0.962103
-0.026396
-0.001491
-0.001016
-0.387384
-0.000981
-0.719722
-0.006290
-0.002718
-0.001421
-0.038135
0.340772
-0.011111
-0.001048
-0.002810
-0.000793
-0.004545
-0.000860
-0.001650
-0.002746
0.000821
-0.026816
-0.002990
-0.002077
-0.014188
-0.012188
-0.004425
-0.015328
-0.000690
-0.000988
-0.001520
-0.187311
-0.001498
-0.386670
0.000219
-0.012666
-0.242772
-0.001107
0.921999
0.920559
-0.004072
-0.008683
-0.000305
0.008625
-0.006078
0.396628
-0.000781
-0.009756
-0.005082
0.000753
-0.010513
0.000053
-0.026160
-0.015199
-0.006841
-0.017667
-0.003492
-0.010277
-0.002277
-0.001983
-0.003688
-0.012933
-0.013193
-0.006956
0.000041
-0.014427
-0.002445
0.001336
0.001787
-0.002762
-0.013790
0.001916
-0.009999
-0.001747
-0.001766
-0.010293
0.228408
-0.000728
0.005452
-0.017941
-0.003549
-0.023219
-0.000754
-0.003056
-0.001004
0.032955
-0.001551
-0.001687
-0.002621
-0.000796
0.865984
0.909628
-0.001244
-0.001356
-0.006048
-0.000663
-0.001619
-0.045029
-0.019712
-0.003326
-0.004085
-0.002462
-0.001709
-0.000740
0.692995
-0.009702
-0.009433
-1.504449
-0.012055
-0.001236
-0.009871
-0.000465
-0.004461
-0.004775
-0.002484
-0.003512
-0.002613
-0.004477
-1.742986
-0.039736
-0.010536
0.892134
-0.006327
-0.008145
-0.002988
0.472664
-0.002240
-0.003672
-0.023751
-0.015362
-0.001404
-0.001154
-0.002132
-0.004861
-0.032451
-0.002991
-0.012193
-0.008788
-0.023719
-0.250594
-1.246654
-0.002290
-0.000635
