-2.682182
-3.866185
0.014295
-0.017485
0.003862
-0.012711
-7.310791
-4.651021
0.001046
5.450330
-5.194704
-0.003341
0.027151
0.017894
0.000574
-3.527032
-0.009732
-0.003888
6.216238
-0.001798
0.920939
0.020733
-3.553298
1.025478
-0.005374
-0.023973
0.032881
-0.002251
0.009837
0.016285
0.027453
-4.736989
-6.577511
-0.007938
-0.003266
-3.784135
0.000892
-0.015698
0.003418
-2.743977
-0.021419
-6.498360
-0.030128
-5.845931
-1.778754
-4.106959
0.007531
-1.948298
-6.331742
-7.327704
-0.024434
-0.033023
-3.339955
0.002430
-0.001579
-5.239960
-5.699746
-0.000549
0.009987
0.005505
-6.266604
-0.031018
0.029910
-6.094093
-6.561648
0.024665
0.006382
-6.356441
0.010743
-5.748498
-4.816943
-7.003823
0.000464
-6.140457
-0.010102
-0.004202
-3.838569
-3.298228
0.002976
-7.545509
-0.002822
-2.310652
0.009877
-7.115722
-4.467128
0.736252
0.009002
0.018111
-0.002243
0.737213
0.005009
-0.020730
6.608317
-7.337634
0.038909
-0.007282
4.555438
-4.712192
3.811251
-0.024584
-0.019845
-5.835973
-6.374101
0.000591
0.030749
-7.088825
0.008781
-4.220008
-0.014922
-7.358621
-0.011290
-7.047030
-3.787496
-6.855743
-0.001109
0.017692
-5.576007
-0.006962
-0.009469
0.256768
0.020551
-7.405474
-5.586957
-4.247212
-0.023862
-7.042883
-0.020069
-6.495950
-5.134459
-7.186899
0.788153
0.010969
-6.371013
0.005656
-6.157431
0.001953
0.001640
-3.582297
0.010089
-6.918221
6.468711
-3.464293
-0.000676
-0.003057
-7.420352
0.024022
-7.736292
-5.785674
-0.007936
0.006830
-6.787880
6.436474
0.021639
-0.009629
0.001389
0.015484
-4.886855
-0.001387
-0.016448
-0.001382
0.032935
0.027994
4.751277
0.022929
0.017187
0.022264
0.000626
-0.016894
-0.003010
0.764327
-6.146064
0.601555
0.009826
-5.201333
-5.937120
0.013795
-4.775176
0.972114
0.016063
-0.001485
-0.003666
-0.016865
-7.636264
-0.043011
0.003459
-0.004738
-0.000650
-2.856829
0.008843
-0.045167
-0.005664
-2.763437
0.010693
0.006960
-4.253379
0.032723
1.006586
