0.006018
-0.022376
0.012882
-0.009834
-0.001894
4.493919
-0.003370
-0.005839
-5.488238
0.007438
0.000124
0.006330
0.005734
-5.385545
0.000069
-5.607022
-0.009715
0.008218
-4.815441
5.078707
0.009326
-0.012880
5.012688
-0.019464
-6.938090
-0.025221
-6.705534
0.013415
0.008773
5.438413
0.009660
-0.003637
-6.238651
0.006202
-0.014936
0.007203
0.004370
5.190068
-6.869411
-0.007965
0.011202
0.034542
0.006995
-0.018441
-0.030647
-8.402487
0.905547
-6.757566
-0.007100
0.003066
-5.658978
0.001845
6.389040
0.000062
-0.000916
-3.350472
-5.744656
0.008516
-0.000610
0.000000
-4.248727
-0.009307
-0.013150
-0.002405
-0.008530
0.017026
-5.773947
0.003378
-7.188929
0.016520
-0.000020
5.496404
-0.004784
0.013588
-7.056575
0.008690
0.003379
0.005206
-0.013546
5.942133
0.005319
-6.146814
0.007963
5.593633
-0.003729
-5.521390
-5.578743
-0.000221
-6.039680
-5.881899
0.006536
-8.611301
3.272714
-0.003651
5.195984
-0.000245
-8.416374
0.008373
-5.100530
-0.000005
-4.739866
-0.008430
3.779378
-0.021034
-5.385283
0.019021
-6.593818
-0.014046
3.438573
0.000306
-5.989069
-5.988917
-0.005305
-5.892330
-0.020081
3.943841
-7.366178
-6.291186
-0.020206
-0.004798
-5.421432
0.159873
5.697619
-0.026229
-5.149555
0.006408
0.011143
0.013935
-4.079138
-0.001827
-5.707030
-0.014378
0.006209
4.043333
-0.003659
0.741270
0.006162
0.016420
-5.406983
-7.263311
0.000323
0.012193
0.010461
0.000199
0.013325
4.469485
0.002506
2.450764
-5.405456
-5.049539
-0.003682
6.970909
-0.019847
-0.002168
-4.638691
-0.004780
-6.564288
-8.268493
0.007670
-0.006251
3.965157
-0.012814
0.011817
0.011419
6.143066
0.005138
0.008939
-0.005435
-0.002261
5.128849
0.002019
0.005905
-0.012811
0.004589
-0.004333
-5.731638
0.009417
5.721746
