-0.008336
0.007630
0.000560
0.013142
-7.202834
0.012607
-3.852187
-8.637342
-6.680468
-0.001695
-0.011216
0.011557
-5.879308
0.017235
-0.001041
-5.656877
5.323373
-0.000374
-0.016704
-0.001226
0.016489
-0.010130
0.016494
0.424371
-8.205615
-0.027639
-6.504535
-0.018405
-6.563985
-6.251511
-6.108550
0.161535
-0.008781
-0.013398
-3.860407
5.318220
-7.085644
0.000726
-0.009725
-7.628671
-6.965477
-2.933008
0.018013
-0.024452
0.014001
-5.749631
-2.423967
-0.000267
-0.003302
-6.936114
0.010305
0.016227
-0.015782
-2.669923
0.011783
0.002058
-2.356005
-0.023297
0.012610
0.032697
2.617013
-3.256798
-6.849259
-0.034453
-6.323534
-0.010884
6.061936
-5.707222
-7.200691
-0.010435
0.028884
-3.023940
-0.012863
0.491831
0.000064
-5.511622
-5.875512
-5.980525
-4.900539
2.925385
-5.798742
0.000570
-7.100082
-2.312206
-8.271369
0.299444
0.015998
-0.026738
-3.596456
0.002477
0.015882
0.012937
3.561375
-0.000000
0.644817
0.026052
-6.435943
-7.293743
-3.119718
-6.547516
-0.025442
-0.010154
-4.249237
-1.269853
-0.022350
-6.617007
-0.010905
0.013431
-6.333744
-5.232483
5.314157
0.009593
-1.733633
0.003212
-4.809645
-6.471440
-0.017001
0.000113
-3.665223
0.007634
0.000753
-4.068358
-0.003601
0.014335
-0.004229
-7.542445
0.025092
-0.021872
0.019308
0.015721
0.006775
0.019404
-0.023122
-6.847176
-7.121705
-0.009065
-0.022649
0.015042
-0.010418
0.011871
-5.033842
-0.018757
-0.016718
0.226115
-6.694462
3.459220
0.009636
-1.055395
-5.659732
-6.702369
0.012842
2.267233
-7.043806
-0.010438
3.004381
-0.007888
0.014655
-6.138565
6.030929
-3.891469
0.007778
-0.002281
-0.002694
0.014096
-0.017875
0.011949
5.212332
0.001219
-5.627364
-7.689315
-4.673142
0.011808
0.023882
