-0.004106
-0.039283
-0.467079
-0.004256
-0.003680
-0.008622
-0.012032
-0.000725
-0.319553
-0.004799
-0.002223
-0.003055
-0.002036
-0.004169
-0.183739
-0.007733
-0.360227
0.004247
-1.310532
-0.011521
-0.005611
-0.001553
0.005736
-0.001882
1.281629
-0.008499
-0.283978
-0.034684
-0.001237
-0.004768
-0.002022
-0.001261
-0.567756
-0.545724
-0.008282
-0.000231
-0.000747
-0.019614
-0.003954
-0.507256
-0.012352
-0.060804
-0.012018
-0.004107
-0.002763
-0.001523
-0.001622
-0.004216
-0.003991
-0.002099
-0.002856
-0.004557
-0.003799
-0.147804
-0.358071
-0.002032
-0.000294
-0.000523
-0.016640
-0.014692
-0.264424
-0.401089
-0.002363
-0.009802
-0.021084
-0.002172
-0.004911
-0.493878
-0.001468
0.048312
0.291277
-0.000860
-0.003223
-0.004551
-0.120434
-0.001586
-0.004981
-0.094024
-0.450294
-0.004182
-0.001117
-0.005042
0.914773
-0.002024
-0.033666
-0.001144
-0.000379
-0.003591
-0.007087
-0.907954
-0.008224
-0.876347
-0.020117
-0.332802
-0.014584
-0.415466
-0.420101
-0.011813
-0.012016
-0.010515
-0.558354
-0.002972
-0.013784
-0.001733
-0.674969
-0.001176
-0.006092
-0.146554
-0.004449
-0.000177
0.000219
-0.002221
-0.002950
-0.008886
-0.102078
-0.002667
-0.002344
-0.015601
-0.222958
-0.011304
-0.001289
0.002781
-0.463867
-0.002890
0.405290
-0.002594
-0.000793
-0.010006
-0.279136
-0.002847
-0.000350
-0.002201
-0.001858
-0.385661
-0.007371
0.013757
-0.030761
0.000170
-0.001487
0.044759
-0.001138
-0.004341
-0.001236
-0.001637
-0.148683
-0.352394
-0.000890
-0.002235
0.084478
-0.001569
-0.012183
-0.167380
0.001491
-0.002051
-0.002286
-0.004349
-0.001601
-0.001431
-0.014928
-0.003715
0.002257
-0.003713
-0.005623
-0.000406
-0.004283
-0.006172
-0.012395
-0.000993
-0.121047
-0.429494
-0.015417
-0.000373
-1.417055
-0.003273
-0.001021
-0.001448
-0.216040
-0.012811
-0.000994
