-0.011105
-0.034389
3.058649
0.001036
-0.005592
0.006818
-0.015731
0.000068
3.599598
0.018431
-0.000705
-0.003558
0.003262
-0.013346
-2.789494
-2.116008
3.549194
2.516486
-3.502199
-0.013937
0.028904
0.008640
0.000904
-0.001860
-3.868586
0.000421
-2.517865
-0.030256
-0.008573
0.006702
0.000081
-0.007441
-2.933640
-1.767138
0.016532
0.000219
-0.005295
-0.002798
-0.017147
-1.854681
0.000072
3.487780
0.008286
0.002130
0.000443
-0.000356
-0.001013
-0.012234
-0.008213
-0.000491
0.000538
0.008792
-0.006633
3.287283
-2.437222
0.023851
-0.000012
0.000540
0.012153
-0.007390
4.316700
5.495769
0.000648
0.011735
0.011695
-0.000428
0.002718
-1.482762
0.000019
0.366517
2.353216
0.001811
0.004973
-0.006790
3.232305
-0.001636
-0.020355
4.436315
2.647135
0.007854
-0.003113
0.011658
-2.607338
-0.017750
-0.004257
-0.012464
0.000007
-0.037589
-0.031607
-2.834516
0.010459
-2.824265
-0.025854
-5.475058
-0.000700
-1.669484
4.753634
-0.006860
0.001937
-0.024096
-3.536334
0.003787
-0.016846
0.000636
-2.839719
0.010171
-0.013126
3.433376
0.013080
0.000031
-0.000191
0.010408
-0.000603
-0.022989
6.022598
-0.017830
-0.008120
-0.029635
5.927090
-0.018774
0.002543
-0.000188
5.049963
-0.002471
-2.964822
-0.023752
-0.006727
0.001197
-2.392862
-0.006913
0.000006
0.001262
-0.015360
4.872888
-0.016851
-0.017283
-3.519506
3.234705
0.013392
3.683222
0.002029
-0.015649
-0.025909
-0.027827
-2.124605
-2.370531
-0.002141
-0.001216
5.542689
0.024476
-0.015455
5.308502
-0.000084
0.000642
-0.000807
-0.013660
0.000091
-0.001632
0.000932
-0.001030
-0.000011
-0.012724
0.004942
0.000310
0.038664
0.008668
0.014995
-0.000270
-3.060873
-2.313411
0.005188
0.000784
-5.092426
0.000656
-0.002738
0.007496
3.073955
0.002626
0.003874
