0.000002 -0.494850 -0.553198 -0.000085 -0.000079 -0.000018 -0.000018 -0.000128 -0.000003 0.231949 -0.227243 -0.734789 0.611755 0.000040 0.000032 -0.529277 0.008119 0.000188 0.322994 -0.572103 -0.000012 -0.000092 -0.590315 -0.000408 -0.538697 0.367594 0.538627 -0.000005 0.000000 -0.423269 -0.000041 0.000029 -0.464419 0.024826 0.206839 0.391831 0.265835 0.466308 -0.000035 -0.372831 -0.000050 -0.000106 -0.796784 0.138990 0.000051 0.400425 0.559795 0.451442 0.332780 0.000040 0.000006 0.008200 -0.566422 -0.000088 0.045908 0.530980 -0.604957 -0.000076 0.000117 0.000028 0.000108 0.000034
-0.000007 0.503937 0.306052 -0.000002 0.000022 -0.000016 0.000005 0.000035 -0.000015 -0.310602 0.453786 0.654560 -0.591113 -0.000048 -0.000010 0.425678 -0.012212 0.000022 -0.491290 0.548363 0.000020 0.000380 0.708350 -0.000083 0.590128 -0.231335 -0.536455 -0.000010 0.000003 0.748344 0.000165 -0.000001 0.804116 0.028664 -0.223571 -0.545452 -0.288301 -0.316329 -0.000003 0.671794 0.000048 0.000032 0.568641 -0.377293 -0.000019 -0.184853 -0.467151 -0.531983 -0.498086 -0.000127 -0.000063 0.004815 0.646824 0.000098 -0.065940 -0.602814 0.612188 -0.000020 0.000105 0.000041 -0.000208 0.000010
-0.000031 0.120816 0.327545 0.000006 -0.000063 -0.000025 -0.000003 -0.000022 -0.000012 -0.038028 -0.463742 0.327276 -0.008518 0.000033 0.000027 0.106963 0.160581 0.000033 0.142349 0.091979 -0.000038 0.000067 0.008094 -0.000035 0.295809 0.106389 -0.010222 -0.000009 0.000012 -0.449667 -0.000130 0.000054 -0.533440 0.019390 0.015342 0.085170 0.017469 -0.075242 -0.000022 0.187978 0.000024 0.000153 -0.076512 -0.144697 -0.000017 -0.174021 0.010966 -0.012245 0.129118 -0.000057 0.000021 0.006035 0.340863 0.000055 -0.024459 -0.207978 0.107886 -0.000050 -0.000019 0.000005 -0.000058 -0.000003
0.000014 -0.351745 -0.113981 0.000026 0.000064 0.000032 -0.000007 -0.000003 -0.000014 0.319392 0.077909 -0.262764 0.296935 -0.000052 -0.000051 -0.389988 -0.015194 -0.000055 0.384587 -0.358142 -0.000031 -0.000015 -0.438944 0.000314 -0.368510 0.054786 0.260314 0.000007 0.000032 -0.158522 0.000096 0.000054 0.087829 0.033006 0.309284 0.215250 0.336601 0.419306 -0.000052 -0.598895 0.000041 0.000151 -0.476067 0.363184 -0.000022 0.191653 0.357900 0.417347 0.184416 0.000050 -0.000011 0.009883 -0.463967 0.000118 0.002492 0.540194 -0.406616 0.000034 -0.000014 0.000064 0.000179 0.000018
-0.000066 -0.257150 -0.202737 0.000000 -0.000005 0.000023 -0.000007 0.000086 0.000003 0.372746 0.033715 -0.457331 0.302369 -0.000070 -0.000024 -0.370204 -0.224352 0.000008 0.340083 -0.226138 -0.000107 0.000083 -0.192736 -0.000052 -0.166573 0.141207 0.283058 0.000008 -0.000033 0.150726 0.000030 0.000093 0.260596 0.043973 0.194112 0.348154 0.239322 0.360593 -0.000035 -0.510336 0.000134 0.000156 0.016957 0.381840 0.000014 0.320154 0.395619 0.209731 0.255224 0.000048 -0.000051 0.008823 -0.434084 0.000003 0.163073 0.469379 -0.227762 -0.000024 -0.000005 -0.000004 -0.000066 -0.000043
-0.000006 0.412300 0.107394 0.000004 -0.000008 0.000012 -0.000012 -0.000040 -0.000000 -0.145382 0.057723 0.441188 -0.412604 -0.000042 -0.000034 0.565583 0.104636 0.000004 -0.044360 0.385674 -0.000030 0.000028 0.376632 -0.000009 0.449532 -0.179929 -0.365842 -0.000020 -0.000027 0.379393 -0.000161 -0.000057 0.034971 0.031143 -0.400077 -0.219128 -0.260178 -0.438565 -0.000046 0.433603 0.000095 -0.000116 0.483436 -0.001467 0.000006 -0.263453 -0.464765 -0.010997 -0.063369 0.000038 0.000009 0.006261 0.590783 -0.000021 0.001284 -0.440798 0.434400 -0.000043 -0.000008 -0.000010 -0.000054 -0.000050
0.000113 0.183213 0.385287 0.000006 -0.000010 -0.000019 -0.000007 -0.000003 -0.000048 -0.022347 -0.023886 0.130885 -0.160931 -0.000097 0.000069 0.342854 0.175987 0.000089 -0.104414 0.130457 0.000193 0.000076 0.093018 0.000170 0.082953 -0.141444 -0.157345 0.000024 -0.000009 -0.203164 0.000195 -0.000011 -0.308568 0.013455 -0.177675 -0.014254 -0.174518 0.049741 -0.000016 0.197580 0.000050 -0.000146 -0.086767 -0.042642 -0.000007 -0.025720 -0.127232 -0.311801 0.055000 -0.000038 0.000046 0.006325 0.388176 -0.000117 -0.157143 -0.212122 0.124670 0.000066 -0.000064 0.000013 -0.000079 -0.000015
-0.000006 -0.632987 -0.751397 -0.000008 0.000010 -0.000037 0.000007 0.000042 0.000010 0.323549 -0.246123 -0.875143 0.659829 0.000038 -0.000030 -0.418995 -0.262928 0.000059 0.622355 -0.592165 0.000097 -0.000140 -0.585704 0.000078 -0.763513 0.380324 0.607498 0.000000 -0.000052 -0.322509 0.000242 -0.000013 -0.232960 0.049613 0.611152 0.760387 0.595114 0.695291 -0.000021 -0.560487 0.000090 0.000096 -0.351719 0.595553 0.000019 0.617736 0.775212 0.723119 0.419135 -0.000068 0.000036 0.010253 -0.727147 -0.000022 0.279075 0.707027 -0.657621 0.000077 0.000011 0.000003 0.000017 -0.000059
-0.000002 0.339993 0.435861 0.000002 -0.000055 -0.000056 -0.000001 0.000084 -0.000030 -0.077522 0.123465 0.572225 -0.322576 -0.000117 0.000080 0.333206 0.016012 0.000101 -0.356776 0.314152 -0.000024 0.000162 0.334366 -0.000176 0.291840 0.000806 -0.279754 0.000021 -0.000011 0.455943 -0.000026 -0.000002 0.358609 0.038174 -0.030380 -0.229783 -0.262501 -0.397612 -0.000004 0.409960 0.000092 -0.000019 0.502951 -0.189585 0.000002 -0.190817 -0.479126 -0.116413 -0.211075 0.000182 0.000098 0.008235 0.178670 0.000103 -0.035075 -0.167019 0.365278 -0.000021 0.000051 0.000060 0.000041 -0.000072
0.000004 -0.084296 0.114001 -0.000033 -0.000062 0.000034 -0.000005 0.000027 -0.000032 0.005703 -0.019566 -0.091816 0.079846 -0.000063 -0.000046 -0.114421 0.007569 0.000092 0.215455 -0.088799 -0.000071 -0.000073 -0.091478 -0.000322 -0.187611 0.175964 0.068759 -0.000000 -0.000010 -0.372989 0.000072 0.000068 -0.386416 0.033243 0.120449 0.116724 0.234604 0.026228 0.000036 0.025798 0.000140 0.000090 -0.140521 -0.009168 -0.000008 0.054771 -0.005171 0.242300 -0.000079 0.000068 0.000011 0.008739 -0.090920 0.000037 0.047923 0.350335 -0.105299 0.000007 -0.000014 0.000003 0.000053 -0.000060
0.000004 0.119521 -0.072943 -0.000003 -0.000009 -0.000013 0.000005 0.000017 -0.000016 -0.054995 0.182555 0.152113 -0.096684 -0.000080 -0.000010 -0.040772 0.027172 -0.000002 -0.206673 0.105574 -0.000004 0.000080 0.105995 -0.000199 0.160220 -0.156844 -0.089480 -0.000023 0.000017 -0.076303 0.000182 -0.000017 0.135527 0.016585 -0.036974 -0.122798 -0.023400 0.041951 0.000027 -0.015209 0.000177 -0.000079 0.035053 -0.001356 0.000027 -0.162399 -0.157613 -0.174595 0.013715 -0.000029 -0.000006 0.004187 -0.051167 0.000110 -0.017212 -0.088937 0.104339 -0.000111 -0.000030 0.000021 0.000066 0.000019
