-0.000198
-0.000664
0.427633
-0.017239
-0.006356
0.365733
-0.004082
-0.024401
-0.010345
-0.002247
-0.562671
-0.314503
-0.200770
-0.007349
-0.335310
-0.259213
-0.007828
0.395324
-0.015850
-0.004495
-0.015444
-0.384768
-0.294453
-0.013888
-0.004909
0.189597
-0.001390
-0.013389
-0.011207
-0.019839
-0.342526
0.324668
0.229768
0.274779
-0.562840
-0.346351
-0.441916
-0.302858
-0.221721
-0.286796
-0.284062
0.006084
0.000501
-0.006453
-0.002846
-0.003534
-0.204056
-0.023990
-0.006170
-0.009951
0.297335
-0.003367
-0.023995
-0.190034
-0.006748
-0.004160
-0.001923
-0.002075
-0.002204
-0.001621
-0.229756
-0.004712
-0.015310
-0.395723
-0.001749
-0.000779
-0.276554
-0.002694
-0.545826
-0.002513
-0.013094
-0.002669
-0.005906
-0.002030
-0.007019
-0.364616
-0.282654
-0.415283
-0.338398
0.158803
-0.364616
0.262921
-0.012390
-0.005582
-0.319003
-0.014324
0.388165
-0.289702
-0.001366
-0.014848
-0.478074
-0.000213
-0.003754
-0.430509
-0.404378
0.000619
-0.259258
-0.007554
-0.011634
-0.408566
-0.008601
0.370449
-0.004136
0.320347
-0.330070
-0.008882
0.278004
-0.184968
-0.595490
0.198819
-0.399957
-0.005658
-0.007385
0.364681
-0.004214
0.007436
-0.001139
-0.025419
-0.000807
