-0.000723
-0.003125
-0.000377
-0.001250
-0.001798
-0.007165
-0.001977
-0.008216
-0.000726
0.000044
-0.017076
-0.000684
-0.001386
0.124616
-0.003653
-0.005456
-0.001077
0.000240
-0.009325
0.153118
-0.010898
-0.000675
-0.003569
-0.013484
0.145085
-0.003344
-0.004277
-0.008871
-0.013488
-0.006381
-0.003190
-0.000245
-0.007294
0.000340
-0.004562
-0.005573
-0.003836
-0.002314
-0.012214
-0.000686
0.188481
-0.017734
-0.005453
-0.008953
0.163234
-0.008880
-0.001532
-0.004513
-0.005360
-0.000278
-0.001941
-0.002833
-0.002518
-0.001049
-0.003054
-0.002465
-0.000574
-0.002652
-0.031277
0.087367
0.000190
-0.003542
0.134366
-0.002106
-0.009230
-0.007814
-0.000819
-0.008460
-0.007809
-0.000046
-0.000040
-0.043040
-0.016259
-0.003247
-0.003188
-0.009570
-0.000691
-0.008377
-0.023333
-0.007975
-0.013716
-0.013873
-0.002379
-0.000210
-0.008372
-0.001246
-0.001086
-0.001447
-0.002458
0.209545
-0.010767
0.000377
-0.001087
-0.011664
-0.006084
-0.001394
-0.001321
-0.011419
-0.010252
-0.026056
-0.017069
-0.000348
-0.002764
-0.003674
-0.024718
-0.007436
0.072730
-0.006585
