-0.001971
0.001363
0.002157
0.001554
-0.001293
-0.004289
0.399712
0.177341
-0.308295
0.001545
0.000458
0.001113
-0.343585
-0.327338
-0.002529
-0.000186
-0.001628
0.063531
-0.001419
-0.142490
0.000466
-0.000040
0.412150
0.285785
-0.000895
-0.002038
-0.001158
-0.282445
0.000559
-0.001156
0.383662
0.000509
0.000870
0.003900
-0.005449
0.000497
-0.003070
0.001417
-0.007798
-0.000888
0.222905
-0.000084
0.002174
-0.052819
-0.480068
-0.114047
-0.248479
-0.000676
0.403343
-0.001603
-0.000070
-0.098173
-0.018409
-0.004215
-0.256646
-0.171762
-0.370214
0.386169
-0.000707
-0.024064
0.009687
-0.184238
-0.002003
-0.001683
-0.239872
-0.084940
-0.094797
-0.164820
-0.002751
-0.250140
-0.309570
0.374799
0.001138
0.142579
-0.134481
0.001594
-0.227632
-0.001124
0.210176
0.000998
-0.018300
0.359783
0.003674
0.312755
-0.000837
-0.002601
-0.001996
-0.000816
-0.163175
0.002756
0.330055
-0.000275
-0.327211
-0.256674
-0.111735
-0.000946
-0.178520
-0.001175
-0.129860
-0.042351
-0.001784
-0.004887
-0.420836
-0.390159
-0.191036
-0.181639
0.381446
-0.001445
-0.000243
-0.005762
-0.074215
-0.000855
-0.410847
-0.266250
0.288821
-0.002085
-0.001271
-0.000629
