-0.006636
4.612389
0.008494
0.005194
-0.006144
-0.024892
-0.020529
-0.024774
-6.175947
-2.267010
-0.003607
6.259087
-4.788088
0.026598
-5.667969
-5.271445
-6.067688
-7.878717
-0.007046
-2.705585
-6.712567
3.570669
1.708123
-6.250269
4.698175
-3.952196
0.005919
-4.981990
0.306768
-0.011528
5.417194
5.675898
-0.007365
-0.009114
-0.015965
-0.000149
-0.023207
4.778124
-6.618247
-0.021046
-5.798966
-0.000119
0.008022
-6.185452
-6.323130
0.395256
0.000109
-7.498018
0.003052
-6.321020
-5.657811
0.034360
0.000042
0.034953
-0.003951
-0.018540
0.007550
-0.010181
-5.947067
-0.017503
-6.668843
0.006884
0.013159
-3.726670
0.021639
0.005719
-0.009338
0.042067
-6.946594
-6.766643
-2.322916
-3.024204
5.849897
-1.949942
-0.006407
-0.018424
-5.919114
3.224710
1.040308
-0.006688
0.009748
-3.935321
-0.001163
5.384651
-8.163239
-0.021774
-0.005734
-3.472259
0.006839
0.018902
-6.435511
-6.455007
-0.017581
-0.008740
-5.358920
-0.034006
0.008114
-6.104248
0.327794
-5.912575
-6.333058
1.845225
0.014722
0.020614
0.021383
-0.003226
-5.801586
-3.056736
-4.682770
-0.014339
-6.693790
0.010567
0.010022
0.008852
0.011284
-3.317270
-5.832895
0.000515
0.007181
-0.011117
-3.342183
-3.753578
3.239251
-6.210505
-6.703238
-3.083590
-6.531627
-3.557904
-0.008864
-7.705764
-5.179863
-5.069818
-0.020787
-7.155150
4.665524
4.893462
0.008803
-0.015089
-0.007715
-5.856617
-6.339311
-3.212807
-5.537271
-6.936885
-3.843986
3.200230
0.279304
-0.004122
-5.279319
0.014930
-6.702330
-0.017378
-5.281652
-5.313900
-0.030905
