-0.005453
-0.011078
-6.440638
0.008262
0.030184
-6.465343
-0.027140
-6.409256
-0.012685
-0.009009
-5.740852
1.808391
5.059274
-7.160235
-5.655735
0.016975
0.002052
-0.013909
-0.000494
0.009467
-6.117587
-0.013042
-6.892589
-0.024028
0.029314
0.029713
4.234216
0.550370
-6.677654
0.018368
-0.022509
-0.013010
-6.839480
5.370935
-1.338484
-0.003916
-0.006853
-6.149223
-0.011905
0.000055
-6.650090
-0.018832
-7.661273
-2.586133
2.794342
0.446336
-6.391081
-4.382719
-0.020182
-2.760799
5.120237
-0.014369
-5.038299
-4.777687
-6.485758
-6.240156
0.003042
-5.277088
5.315866
-5.260647
-6.680924
-0.000186
-0.000885
-5.360836
-4.783380
-5.594684
-0.020184
-0.030610
-0.015279
0.002935
0.480894
-0.035212
-5.937617
-0.001497
-4.428728
-5.408846
-0.011934
-3.920961
-6.844112
-6.245935
0.000723
5.504399
-5.950297
-4.021478
0.017638
0.039464
0.032679
0.009651
-0.019898
4.819271
-2.584608
0.000723
-0.001748
-4.438607
-7.107806
0.003481
-5.765181
-6.295571
-0.023330
0.044846
3.220361
-5.730051
0.020450
3.412832
0.004894
-6.807535
-0.013425
-7.529896
-6.712696
4.786282
0.000356
-6.565742
-7.791171
-8.504992
0.004338
0.018434
-4.091452
-6.516676
0.013336
-6.803541
0.009422
0.009138
-0.002060
-0.010470
0.000114
-5.431827
1.819882
0.001321
-0.002794
-2.043282
-5.637312
-0.010552
-6.852466
3.691920
-0.013317
-6.745030
-0.001543
0.003181
-0.021916
-0.014203
0.024679
0.010715
-5.391055
0.000141
-0.016750
-5.365577
-0.002998
-4.984380
