0.197709
-0.012438
0.066849
-0.042512
-0.213226
-0.001591
0.181683
-0.355268
-0.010297
-0.004377
0.292521
-0.001922
0.227006
-0.010023
-0.011538
-0.009172
-0.008339
0.027803
-0.011695
-0.012030
-0.008282
-0.001467
0.207448
-0.008425
-0.003080
-0.006653
0.362250
-0.001605
-0.002056
-0.034099
-0.004691
-0.005337
-0.002655
-0.316373
-0.027545
-0.199793
-0.204602
-0.005741
-0.260781
-0.000965
-0.013107
-0.003169
-0.006744
-0.002623
-0.272469
-0.122244
-0.008841
-0.001755
0.339730
-0.008234
-0.010331
0.289173
-0.106019
-0.004716
0.000182
0.327385
-0.006791
-0.006935
-0.041233
-0.001240
-0.008757
-0.004344
0.277329
-0.008949
-0.000960
-0.133950
0.271786
-0.000751
-0.003428
-0.001811
-0.027842
-0.006668
-0.000169
-0.006472
-0.012901
-0.001957
-0.373665
-0.138058
-0.119920
-0.013872
-0.087685
0.001375
0.074220
-0.005066
-0.016484
-0.024119
-0.000147
0.408955
-0.366823
-0.003137
-0.282823
-0.537637
-0.027026
-0.188631
-0.005760
-0.249399
-0.387773
-0.005922
-0.051609
-0.001566
-0.006874
0.322884
0.004804
-0.000227
0.394540
-0.005075
-0.191826
-0.000181
-0.027916
-0.037118
-0.002947
-0.016436
-0.003111
-0.075242
-0.038333
-0.002546
-0.291362
-0.011726
-0.020538
0.189554
0.006757
-0.001986
-0.177551
-0.002288
-0.002150
-0.002347
-0.001613
0.241011
-0.001522
0.230549
-0.007822
-0.002977
-0.293269
-0.192824
-0.010624
-0.309564
0.115654
-0.396003
-0.016439
-0.017363
-0.001143
0.048478
-0.076322
-0.000214
-0.007038
0.079393
-0.142229
-0.304162
-0.033712
-0.031911
-0.287195
-0.001670
-0.056514
-0.004545
0.210603
