-0.009519
0.113438
-0.129790
-0.000558
-0.006334
0.049162
-0.006153
-0.001481
-0.009587
-0.038635
-0.001846
-0.001272
-0.001685
-0.000715
-0.001753
-0.086812
-0.007861
-0.400337
0.000640
-0.002546
-0.006424
-0.344874
-0.000560
-0.000396
-0.001239
-0.268869
0.149303
-0.002598
-0.116956
-0.000286
-0.004567
0.003257
-0.089096
-0.001819
-0.021410
-0.541639
0.001543
-0.001199
-0.443587
-0.006075
-0.678587
-0.142120
-0.016104
-0.001464
-0.001553
-0.617269
-0.005518
1.062522
-0.009249
-0.000772
0.953880
-0.001122
-0.001206
-0.158609
-0.006208
-0.010794
-0.002127
-0.073633
-0.004268
-0.001098
-0.001570
-0.001184
0.001421
-0.000843
-0.001107
-0.012950
-0.001245
-0.004837
-0.000390
-0.003327
-0.001052
-0.840048
-0.012881
-0.167965
-0.009091
-0.002489
-0.001125
0.129553
0.000428
0.000491
-0.019326
-0.004050
-0.001419
-0.001660
-0.001610
-0.006729
-0.000520
-1.094201
-0.001210
-0.018077
-0.982211
-0.009620
-0.014159
-0.002441
-0.002160
-0.009389
-0.002030
-0.016096
-0.000561
0.018528
-0.001362
-0.001933
-0.250750
-0.113437
-0.006301
-0.001729
-0.001344
-0.003575
-0.712069
-0.326405
-0.001018
0.000047
-0.551763
-0.003125
-0.022773
-0.008190
-0.003496
0.001671
-0.000730
-0.003762
-0.008477
-0.002655
-0.000529
-0.010493
-0.006680
-0.016688
-0.001630
-0.001638
-0.001104
0.186104
-0.016637
-0.004819
-0.002944
-0.206609
-0.007614
-0.002536
-0.004980
-0.406668
-0.326099
-0.001689
-0.005013
-0.087548
0.000254
-0.000589
-0.000969
-0.207018
0.000252
-0.009345
-0.023382
-0.000841
-0.018923
-0.006668
-0.688920
-0.002559
-0.000539
-0.000641
-0.039055
-0.001089
-0.490146
-0.002368
-0.001178
0.000883
0.002278
0.036938
-0.001503
0.020757
-0.005470
-0.378612
-0.006741
-1.100125
-0.405707
-0.367483
-0.006452
-0.137264
-0.009116
-0.002300
