-0.032866
-1.042220
1.110963
-0.000467
0.009864
1.363108
1.541438
2.161112
-0.250216
-1.850390
-0.435652
0.015962
1.471322
1.453432
-0.045174
-0.000800
-0.295730
1.819122
-1.362409
-0.649354
-0.022352
-0.011086
-0.957021
0.033525
1.708583
-0.009341
-0.000056
-1.784751
-0.086150
-0.329711
1.079218
0.002216
-0.000014
1.183747
-0.572440
-1.666976
0.021976
-1.168362
-2.087106
1.230734
-1.897597
0.251850
-0.270774
1.469926
-0.285603
-2.566787
-1.742182
1.283985
-1.124261
0.007440
-0.263065
1.683290
-1.817405
-0.194493
0.954711
-0.476360
0.013743
1.621362
-0.446092
-0.000672
-0.026540
-0.029318
0.029737
-1.343340
0.073601
0.002787
1.915106
-0.020445
0.017115
-0.008454
-0.014602
-0.009199
2.245002
-1.019409
0.006000
0.020033
-0.281377
0.001413
-0.331958
-0.000063
0.003051
-0.001840
0.011150
0.007065
-0.250687
-0.152549
0.021746
0.027120
1.875502
0.900074
-0.366658
-0.227241
-0.007277
-1.761891
1.426085
0.016518
1.786976
-0.247743
1.071389
0.032526
-1.775214
-0.839114
-0.000672
0.008795
-0.011967
0.018083
0.037001
1.586016
-0.000208
1.909976
-0.646385
0.000074
1.605390
1.468736
0.012709
-0.004651
-0.783675
1.800949
-0.014279
-0.106161
-0.004629
-1.367975
0.884381
-1.219286
-0.713304
-1.800533
0.021558
-0.039266
0.005749
-0.000012
0.000901
-0.003128
-1.764870
0.000152
0.009708
-1.810078
0.016972
-1.809590
-0.000358
0.000064
-0.017880
