-0.002419
-0.005887
0.091592
-0.008060
-0.012351
-0.002565
-0.000505
-0.004570
-0.015841
0.227760
-0.004428
-0.002980
-0.006873
-0.009195
-0.030002
-0.001490
-0.002086
-0.003478
-0.001629
-0.002072
-0.003662
-0.036870
-0.016578
-0.000957
-0.004164
-0.000303
-0.004719
-0.000757
-0.000723
-0.001818
-0.015172
-0.001673
-0.001341
-0.023642
0.000721
-0.044252
-0.005778
-0.002482
-0.004916
-0.001669
-0.000996
-0.001090
-0.000777
-0.019435
-0.025370
-0.001854
-0.006285
-0.023252
-0.013110
-0.001697
0.171632
-0.001999
-0.000597
-0.023692
-0.000838
0.156047
-0.001827
0.001193
0.106749
-0.006050
-0.001415
-0.000997
-0.001501
-0.000989
-0.019309
-0.002114
-0.050850
-0.027891
-0.003802
-0.004543
-0.002091
-0.003618
0.081669
-0.000059
-0.007855
0.150884
-0.015918
-0.018927
-0.001305
-0.001305
0.114997
0.175315
-0.015462
-0.004210
-0.001105
