0.058464 0.090972 -0.051099 0.579379 -0.035980 -0.000093 -0.030562 -0.414278 -0.070125 -0.104668 -0.060918 -0.313211 -0.005830 0.035808 -0.000002 0.002029 0.406805 -0.071260 0.085965 -0.102256 0.195960 -0.039970
0.010116 -0.358638 0.095448 0.002487 0.306237 0.000042 -0.067058 -0.015155 -0.242922 0.166177 0.112919 -0.326232 0.043075 0.452803 -0.000266 -0.318988 0.132757 -0.317537 -0.394123 0.014250 -0.245156 0.543705
-0.183506 0.268279 0.095530 -0.217611 -0.143144 -0.000093 0.164197 0.112470 -0.364223 0.523028 0.103313 -0.483745 0.045758 -0.283265 -0.000303 -0.109563 0.131987 -0.170111 0.240251 -0.154261 0.091171 -0.126673
-0.022274 -0.170873 0.125544 -0.012744 0.076078 0.000038 0.094378 -0.038289 0.152101 -0.035995 0.124520 0.129252 0.065598 0.350459 -0.000227 -0.382849 -0.000239 -0.086446 -0.068965 -0.107367 -0.232597 0.153222
0.202338 0.153772 0.128790 -0.208195 0.029955 0.000036 0.239910 -0.098360 0.237187 -0.185077 0.140192 0.023232 0.050599 0.007357 -0.000112 -0.153296 -0.021078 0.033249 0.116187 -0.384812 0.525464 0.029196
0.091401 -0.634987 -0.002895 0.488173 -0.276549 -0.000031 -0.202466 -0.212576 -0.599628 -0.370189 -0.005338 0.706514 0.001303 -0.016420 0.000061 0.337885 -0.209775 0.064985 0.473543 0.110499 0.106284 0.072805
0.433318 -0.098735 -0.001656 -0.361848 0.086001 0.000165 -0.275987 -0.093866 -0.316808 -0.068623 -0.001984 0.189226 -0.000016 -0.030572 -0.000145 -0.346746 -0.318246 -0.163015 -0.177019 0.034954 0.264203 -0.251268
-0.028280 0.313189 0.006539 -0.444568 0.286483 -0.000055 0.009655 -0.490528 -0.583639 0.014236 0.006962 -0.178489 0.003537 0.026243 0.000009 -0.094286 0.072029 0.291679 -0.094214 -0.130382 0.064406 -0.059527
-0.668801 0.036881 0.105355 0.167218 0.406862 0.000086 0.226903 0.029699 0.128293 -0.127943 0.120507 -0.299834 0.048760 0.205039 -0.000390 0.325845 -0.108015 0.081649 0.259077 -0.010475 -0.291608 0.570141
0.070485 -0.223028 0.013119 0.058092 0.473471 0.000249 0.393715 0.244938 0.609388 -0.119610 0.016548 -0.514118 0.001525 0.464359 -0.000220 -0.090374 -0.646921 0.391465 0.152545 -0.484253 0.101958 0.320656
-0.050136 -0.597845 0.039018 0.354589 -0.116390 -0.000050 0.270555 -0.035070 0.002667 0.403786 0.058232 0.015132 0.011719 0.051799 -0.000045 -0.109375 0.308756 -0.004467 -0.345769 -0.247448 0.336161 -0.140804
0.083693 0.286400 0.031774 0.105770 -0.325045 -0.000087 0.464952 0.227307 0.077019 -0.352705 0.034431 0.144933 0.010083 0.185541 0.000198 0.072425 0.048661 -0.765328 0.116048 -0.151730 0.381597 -0.050784
-0.109097 0.047153 0.069621 -0.130777 0.063093 -0.000120 0.019025 -0.196650 0.162626 0.091339 0.073514 0.762182 0.043858 -0.001567 0.000100 0.099873 0.285974 -0.045635 -0.179356 0.244212 -0.124206 -0.396384
0.177361 -0.133810 0.119776 -0.226821 0.312190 -0.000018 -0.174456 0.295807 -0.005192 0.410927 0.125923 0.130228 0.063359 0.034834 -0.000278 0.029537 -0.285745 0.094927 -0.141254 0.188864 0.050585 -0.252586
0.104610 0.389449 0.002982 -0.102648 0.327490 0.000165 -0.322012 -0.007923 -0.466575 -0.161311 0.004623 0.184037 0.002500 0.037791 0.000084 -0.141831 0.051284 -0.489146 0.136141 0.078724 -0.174124 -0.278110
-0.271331 -0.386128 0.147738 -0.828222 0.736378 -0.000083 -0.207091 0.143424 0.533433 -0.202454 0.165421 0.544781 0.073429 0.566956 -0.000100 -0.076397 0.318478 -0.004144 -0.426905 0.175342 0.017810 0.014259
0.202459 -0.575537 0.200407 0.076039 0.195367 0.000068 -0.148759 -0.328234 -0.134234 0.110390 0.214102 0.004390 0.106006 -0.005065 0.000213 -0.190556 0.064744 -0.223031 0.307389 0.268533 -0.248433 0.138461
-0.014934 -0.218785 0.027660 -0.033639 -0.506436 -0.000060 0.081513 0.248659 0.095493 0.272361 0.030043 0.094574 0.006488 0.494024 0.000207 -0.177381 0.186204 0.006015 0.032948 -0.392791 -0.259932 0.043379
0.084485 -0.087631 0.018806 0.425677 0.327861 -0.000171 0.033345 0.333979 -0.040148 -0.106534 0.014407 0.039697 0.005175 -0.019096 -0.000084 -0.111084 -0.433199 -0.337858 -0.313388 -0.494382 -0.026134 0.205758
0.315426 0.591821 0.081594 -0.508706 -0.013081 0.000045 -0.097632 0.188861 -0.056853 0.198712 0.090644 0.535322 0.027642 -0.298586 -0.000088 0.071802 0.075962 -0.069741 0.252334 -0.732714 -0.692159 0.045593
0.179042 -0.106370 0.062002 0.098216 -0.349216 -0.000070 -0.047041 -0.562623 -0.132251 0.959368 0.072174 -0.030812 0.022007 -0.535405 -0.000172 -0.443123 0.331948 0.094482 0.040955 -0.292929 -0.026598 -0.131700
-0.159828 -0.175366 0.003122 -0.116065 -0.057137 0.000281 -0.255052 0.040705 0.225144 -0.834213 0.003047 0.135645 0.003584 0.142305 -0.000236 -0.110768 0.442957 0.865202 0.065078 0.158375 0.112263 0.330157
0.031632 0.013346 0.059050 -0.046703 -0.193841 0.000098 0.106889 -0.156524 0.128388 -0.547461 0.063092 -0.373934 0.031744 -0.102002 -0.000159 -0.053812 -0.012567 0.180236 -0.220412 0.652373 0.464751 0.389923
-0.395218 -0.341347 0.098892 -0.328769 -0.100024 -0.000129 0.099498 -0.186412 -0.301449 -0.149752 0.112167 0.641338 0.058342 0.557572 -0.000305 -0.388772 0.025941 -0.379394 0.234576 0.211388 -0.142491 0.222065
-0.242419 0.280708 0.137458 -0.350580 0.256180 0.000024 0.062958 0.479989 -0.380781 -0.342725 0.150533 0.034150 0.076080 -0.019040 -0.000163 -0.222564 0.069258 0.208085 -0.700628 -0.006800 0.050832 0.048693
-0.373861 -0.166199 0.011383 0.479553 0.161731 -0.000078 0.402748 -0.196731 0.479389 0.466838 0.017292 0.377303 -0.002261 0.353034 0.000238 -0.252796 -0.057177 -0.187091 0.438907 -0.398088 -0.507423 -0.592326
0.163442 -0.019684 0.136574 -0.017561 -0.024702 -0.000048 0.277054 -0.108553 -0.290676 -0.355872 0.147691 0.024365 0.055090 -0.227896 0.000085 -0.027520 0.246461 0.318706 -0.268315 -0.194278 0.181075 0.095824
0.036052 -0.062564 0.125111 -0.462574 -0.314165 -0.000046 0.183290 -0.283380 -0.081729 0.242400 0.139961 0.117179 0.065646 -0.414820 -0.000031 -0.092802 0.389984 -0.135892 -0.122642 0.062182 0.356369 0.272069
0.251210 0.321051 0.156694 -0.040475 -0.106161 -0.000037 0.040533 -0.031134 0.041943 0.241269 0.178435 0.051474 0.067161 -0.198412 -0.000032 0.043491 -0.057207 -0.201869 0.391987 0.011274 0.057057 -0.117142
0.059574 0.198323 0.090938 -0.339706 -0.029936 -0.000171 -0.216136 -0.015015 -0.101427 -0.544756 0.099979 -0.020404 0.032875 0.347876 -0.000040 -0.147062 0.000936 -0.288695 0.203715 0.486048 -0.729111 0.354531
-0.043214 -0.090799 0.123312 0.247136 -0.280086 0.000083 0.094602 -0.076291 -0.366503 0.103275 0.137227 0.076994 0.062908 -0.333818 -0.000021 0.226335 0.254691 -0.068655 -0.049211 0.609595 0.050171 -0.077510
-0.131033 -0.102098 -0.005471 -0.006096 -0.031808 0.000115 0.735036 -0.053384 -0.016418 -0.154464 -0.013700 0.219818 -0.000142 0.213908 -0.000320 0.765099 0.257977 -0.648283 -0.011357 0.191660 0.233600 0.331137
-0.653355 -0.270068 0.053521 0.490788 -0.237153 -0.000038 -0.275808 0.332512 -0.302684 -0.459134 0.057943 -0.208628 0.029455 0.029124 -0.000048 -0.600227 0.336330 0.348252 -0.036680 0.212094 0.020860 -0.182224
-0.096331 -0.378725 0.419164 0.278751 0.413808 0.000064 0.170781 -0.158145 -0.023068 -0.045436 0.445169 -0.193492 0.235743 -0.342905 0.000073 0.191933 0.433402 -0.602999 0.180812 0.468434 0.007019 0.509951
0.494447 -0.219220 0.075630 -0.465914 -0.233010 -0.000070 0.120958 -0.179350 0.331586 0.109622 0.084353 0.732913 0.030618 -0.025748 -0.000111 -0.012018 0.010614 0.108518 0.069286 -0.353502 -0.167873 0.004227
0.367322 -0.232289 0.211943 -0.086901 -0.007168 -0.000098 0.300616 -0.058977 0.031736 0.028190 0.232562 0.589728 0.114434 -0.288407 -0.000078 -0.142627 -0.176770 0.060057 -0.004069 -0.010384 0.001310 -0.082517
0.099241 0.209548 0.175670 0.249980 -0.217696 -0.000054 0.141623 0.010546 -0.043922 0.248571 0.181356 -0.049416 0.085323 -0.406719 0.000010 0.182275 0.435491 0.004103 -0.414973 0.136708 0.715419 -0.552301
-0.089025 0.293025 0.099214 0.109603 -0.308646 -0.000222 -0.432535 -0.024471 0.309884 0.617671 0.109796 0.005039 0.051381 -0.005359 -0.000156 0.179078 0.040228 -0.099094 0.095717 0.458519 -0.461664 0.186474
0.005315 0.398412 0.192268 -0.032555 0.421204 0.000051 -0.531268 0.125310 0.162547 -0.046663 0.218334 0.087648 0.102108 -0.589012 -0.000084 -0.034975 0.305123 0.260412 0.566996 -0.336630 -0.288938 0.142981
-0.234536 0.262259 0.207370 0.139717 0.544731 0.000181 0.120751 -0.366152 0.540898 0.310094 0.225601 -0.272872 0.112558 0.242206 -0.000158 0.489696 0.242595 -0.196260 -0.062719 0.337187 -0.204648 0.232957
-0.133271 -0.079175 0.166738 -0.180456 0.001048 0.000121 0.133953 0.580794 0.137659 -0.104853 0.179822 -0.272741 0.079677 0.450202 0.000117 0.123596 -0.075238 0.050383 -0.247807 -0.055107 0.008378 0.532894
-0.298946 -0.126560 0.047730 -0.092157 -0.005515 0.000107 0.231891 -0.027543 0.051278 0.019989 0.072229 0.073487 0.016699 0.139798 -0.000091 0.060816 0.080957 0.028678 -0.164220 -0.021095 0.234844 -0.060444
0.138595 -0.092388 0.018881 0.449232 -0.055851 -0.000105 0.185822 0.371797 -0.307169 -0.021691 0.037377 0.205421 0.006950 -0.258575 -0.000091 0.248116 -0.130797 0.204003 -0.251588 0.114526 -0.008063 -0.295896
0.213839 -0.133380 0.127574 -0.273863 -0.029320 -0.000060 0.121271 0.245801 -0.126958 -0.011341 0.140242 -0.212682 0.062504 -0.057453 -0.000009 0.021550 0.800833 -0.373345 -0.164538 -0.175401 -0.015482 -0.142838
-0.002884 0.179387 0.125509 -0.181685 -0.638616 0.000040 -0.067760 -0.212019 -0.129695 0.332588 0.133775 0.007854 0.062449 0.232566 0.000311 0.050984 0.009518 0.000926 0.322310 0.314248 -0.049615 -0.246052
-0.392028 0.208247 0.135258 0.041968 0.571195 0.000044 0.476937 -0.042866 -0.065233 0.331383 0.149405 -0.004448 0.069269 -0.188458 -0.000113 0.198596 -0.110573 -0.419065 0.056320 0.075303 0.472320 -0.375207
0.007958 0.196982 0.184924 -0.350916 -0.044211 0.000002 0.214237 -0.312845 0.071653 0.071958 0.201801 0.482338 0.087759 -0.022260 0.000083 -0.005926 0.334861 -0.274213 0.192987 0.046496 -0.126350 0.222995
-0.148925 -0.230723 -0.003758 0.272451 0.073853 -0.000075 0.110365 -0.123016 -0.044302 -0.275856 -0.003849 0.426322 -0.003139 -0.204217 0.000238 -0.362085 0.419853 -0.607546 0.003249 -0.225095 -0.212062 -0.012622
-0.409203 -0.240067 -0.000846 0.099599 0.370632 0.000003 -0.176667 0.114964 -0.349984 -0.076720 -0.000938 -0.487398 -0.000392 0.108930 0.000087 0.161824 0.521419 -0.062766 -0.011062 0.115652 -0.141707 0.499952
0.046030 -0.076654 0.133323 -0.277966 0.512164 0.000009 0.439423 0.139271 0.113439 0.126279 0.142121 -0.176289 0.073143 -0.119531 -0.000073 0.587291 0.278463 0.198631 0.116919 -0.314709 -0.221789 0.223377
-0.081053 0.336077 0.111631 0.051859 0.324495 -0.000011 0.332477 0.254309 -0.214151 -0.416235 0.117957 -0.217954 0.048173 -0.093693 -0.000053 0.127727 0.048633 0.225005 0.285834 -0.312527 -0.066890 -0.202911
0.915071 0.252604 0.024089 -0.166303 -0.012838 -0.000063 -0.274462 -0.187621 0.250483 -0.127516 0.035148 0.122723 0.000163 -0.171280 -0.000017 -0.328607 0.313197 0.069959 -0.124772 -0.102724 0.046771 -0.182672
0.001107 0.011869 0.171497 -0.286436 -0.367109 0.000081 0.358783 -0.147587 0.164791 -0.000020 0.191997 -0.278669 0.092136 0.278756 0.000136 -0.299296 0.093648 -0.119328 -0.129753 0.090546 0.044492 0.300908
0.236334 -0.174445 0.237955 0.089860 -0.181280 0.000147 -0.064585 0.096767 -0.041768 -0.397227 0.257778 -0.384661 0.135383 0.047865 -0.000023 -0.256934 0.382844 -0.112969 0.279559 -0.202703 0.298653 0.127982
0.252951 0.025026 0.215810 -0.106614 0.216233 -0.000080 0.201643 -0.059715 0.122897 0.097318 0.230415 -0.012334 0.112633 0.194024 -0.000029 -0.470499 -0.106065 -0.341908 0.086499 0.275234 -0.337961 -0.036441
-0.211017 -0.303297 0.044547 -0.424294 0.134421 0.000040 -0.307504 0.098366 -0.304552 0.405785 0.045336 -0.214659 0.009724 0.359392 -0.000318 -0.164910 0.334360 -0.093397 0.314549 0.382680 0.032976 -0.395618
-0.398534 -0.031115 0.110139 -0.066758 -0.160841 0.000110 -0.094498 -0.340792 -0.328457 0.127775 0.113329 -0.162664 0.047075 0.187826 -0.000065 -0.547976 -0.093654 0.067641 0.119153 -0.648103 0.475929 0.288058
0.580196 0.328024 0.144935 0.160539 0.151087 0.000148 -0.008473 0.067573 -0.160015 0.278230 0.177580 -0.221586 0.058024 0.225938 -0.000055 -0.260658 -0.078015 -0.083843 -0.168288 -0.204926 -0.739028 -0.386161
0.108924 0.256808 0.166675 0.344281 0.027240 -0.000022 -0.392770 -0.128541 0.196983 -0.549885 0.185737 0.206844 0.088659 0.103195 -0.000118 -0.089385 0.161091 0.002292 -0.090801 0.147110 -0.345520 0.650829
-0.276917 0.141195 0.156817 0.237707 0.668470 -0.000094 -0.204621 0.095253 0.048780 -0.263781 0.159225 0.099559 0.075329 -0.414624 -0.000158 -0.097326 0.493711 -0.189628 -0.161977 0.046809 0.238086 -0.121854
0.191954 0.227003 0.056020 0.134127 -0.085816 0.000175 0.041262 -0.023656 0.087007 0.305553 0.058921 0.087410 0.019463 -0.254930 0.000147 -0.338086 0.237658 0.040715 -0.510115 -0.006943 -0.176252 -0.099246
0.176043 -0.133296 0.028631 0.165023 -0.413717 0.000322 0.236612 0.214594 -0.111401 -0.292171 0.030931 -0.416122 0.005986 0.370518 -0.000125 -0.003725 0.050277 -0.131538 0.216890 -0.080347 0.069578 0.268051
0.003413 -0.519541 0.014746 0.261191 0.472886 -0.000135 0.016571 -0.207846 0.264661 0.336815 0.013686 0.103870 -0.000653 -0.099578 -0.000021 -0.382424 0.170090 -0.376488 0.118720 -0.000119 -0.243496 -0.005733
-0.172972 0.235618 0.098559 -0.423429 0.065004 0.000025 0.315216 0.278930 0.006013 -0.314966 0.111138 0.220376 0.038317 -0.067297 -0.000123 0.169595 0.136100 -0.107347 0.298735 -0.306204 -0.014761 0.137428
-0.437631 -0.093957 0.264435 0.017427 -0.263387 -0.000152 0.014285 0.020122 -0.395642 0.088129 0.283608 -0.066675 0.135143 -0.049854 -0.000039 -0.177779 0.153959 0.346150 0.405087 0.015469 -0.153293 -0.119961
-0.016123 0.327000 0.161596 -0.308656 -0.315416 -0.000063 0.005932 0.099621 -0.292404 0.238389 0.183034 0.237390 0.083225 -0.076776 -0.000002 0.370979 0.368353 0.216003 -0.390633 -0.108990 0.037005 -0.252813
0.282078 0.274557 0.032712 0.178461 0.157917 -0.000011 0.172940 -0.400317 0.053434 -0.027265 0.033550 0.112338 -0.000663 0.319685 -0.000237 -0.152547 -0.288825 0.403314 -0.434159 0.100937 -0.247170 -0.086819
0.656006 0.211195 0.088083 0.062030 0.250805 0.000014 -0.052991 -0.098224 -0.081188 -0.408866 0.091950 -0.537134 0.045011 0.109461 0.000222 0.023154 0.075069 -0.481955 0.563176 0.079409 -0.156004 -0.128362
-0.061881 -0.031284 0.116500 -0.028572 -0.129337 -0.000082 -0.549168 -0.268860 -0.179572 -0.155456 0.134595 0.176423 0.056149 0.016805 0.000031 -0.063748 0.044712 -0.082645 0.734882 0.475898 0.427533 -0.400381
0.087200 0.104190 0.186612 0.317149 -0.164368 0.000089 -0.182078 0.192970 -0.209920 0.052332 0.197692 0.048609 0.107106 0.103767 -0.000090 0.240875 -0.124996 -0.605144 0.294175 -0.056920 -0.350195 0.517880
0.032992 -0.446309 0.071257 -0.162890 0.235240 -0.000054 0.510565 -0.143458 -0.143334 -0.702132 0.076065 0.509403 0.039258 0.059132 0.000108 0.300888 -0.500070 -0.255499 -0.034946 -0.041633 0.735027 0.287565
0.028175 -0.588735 0.101282 -0.120250 0.223187 -0.000019 0.111199 0.345192 -0.298991 0.218291 0.132830 -0.129198 0.025233 -0.080859 -0.000049 0.348196 -0.308832 0.218991 0.183444 -0.267401 0.191282 0.443538
0.578599 0.204733 0.004016 0.258112 -0.228804 0.000011 0.017386 -0.574308 -0.002165 0.170405 0.003997 0.245353 0.004336 0.112781 -0.000121 0.233005 -0.006837 0.386248 -0.394692 -0.061247 -0.359619 -0.017563
-0.010840 -0.187548 -0.002597 -0.196137 0.036691 0.000075 0.121383 0.454838 0.067538 -0.028220 -0.002751 -0.430551 -0.001685 -0.241913 -0.000125 -0.070042 -0.026866 0.218413 -0.188242 -0.013319 0.127185 0.466527
0.383115 0.625655 0.104871 0.584170 0.019253 -0.000320 -0.351006 0.255699 0.011422 0.333644 0.106168 -0.347466 0.050422 -0.434555 -0.000243 0.560748 -0.116009 -0.071597 0.193577 0.089104 0.044196 -0.044902
0.344033 0.336218 0.069617 0.247295 0.565784 -0.000227 0.311886 -0.403505 0.360619 -0.209650 0.069064 -0.207946 0.026300 -0.361169 -0.000305 -0.145735 -0.178025 -0.139695 0.033138 -0.091233 0.007785 -0.002446
0.083597 0.123474 0.076533 0.098153 0.051506 0.000092 -0.211636 -0.173323 -0.130610 -0.432437 0.087336 0.037590 0.028235 0.157791 -0.000219 0.062993 -0.188952 -0.364162 0.540487 0.312797 -0.158991 0.321976
0.629332 0.295699 0.309873 -0.453645 0.138756 -0.000049 0.150751 0.027961 -0.088213 0.062912 0.346616 0.200392 0.164470 0.340429 -0.000002 0.261640 0.007159 -0.323221 -0.111243 0.228274 -0.436833 -0.266942
-0.307633 -0.060801 0.001883 0.380670 -0.241904 -0.000000 0.102834 0.159898 0.465867 0.384361 0.001852 0.337908 0.002293 0.471596 0.000031 0.327902 0.011950 0.353982 0.041162 -0.191445 0.119402 -0.108793
-0.211560 0.023983 0.056726 0.574016 0.060138 -0.000018 0.192449 0.172906 0.191642 -0.239226 0.054056 0.084933 0.013117 0.004191 0.000152 0.583224 0.528515 -0.089790 0.029480 -0.121494 0.076095 -0.517287
-0.009905 -0.396401 0.006249 -0.527520 0.014203 0.000091 0.024873 -0.087460 -0.343750 -0.082378 0.009740 0.112196 0.001227 0.259827 0.000052 0.300058 -0.016898 0.046923 0.270932 -0.199471 0.057783 0.297567
0.198903 -0.107303 0.268215 0.310351 -0.008954 0.000022 0.237605 -1.066909 -0.262460 0.142888 0.300454 0.256767 0.152211 0.040666 -0.000045 -0.362980 0.277553 0.181605 -0.397079 -0.250833 0.364933 -0.284025
0.412382 -0.077969 0.127932 -0.014778 -0.640034 0.000091 0.040360 0.146063 -0.038304 0.137524 0.124769 -0.725659 0.059330 0.443352 -0.000075 0.196805 0.301200 -0.092469 -0.087907 0.218629 0.511465 -0.374397
0.133309 0.354175 0.086005 -0.025189 0.852551 0.000048 -0.080778 0.410529 -0.478253 0.342351 0.083663 0.352239 0.034782 -0.573624 -0.000060 0.027144 -1.022180 -0.160683 0.210309 -0.190930 -0.035787 -0.319447
-0.431707 0.179386 -0.011159 -0.223960 0.270128 0.000071 -0.248334 -0.245977 0.234484 -0.299788 -0.012442 0.263413 -0.003315 -0.536777 0.000256 0.262113 0.234818 0.191266 0.160282 -0.070582 0.240304 0.499831
-0.159963 0.170011 0.027298 0.168537 -0.028002 -0.000029 0.085173 0.363515 -0.089196 0.069292 0.025873 -0.420870 0.008254 0.012788 0.000398 -0.106130 0.043272 0.778256 0.158924 0.088748 -0.276205 -0.004151
-0.212335 -0.058044 0.163796 0.020520 0.632952 0.000030 -0.514998 0.397618 0.108682 -0.229517 0.177988 -0.212806 0.084584 0.587916 0.000167 -0.184817 -0.177432 -0.056766 -0.248262 -0.215965 0.216113 -0.008688
-0.106229 -0.260681 0.071106 -0.056902 -0.082976 0.000258 -0.162223 0.525838 0.022189 -0.064084 0.073276 0.076093 0.012716 -0.031301 -0.000154 0.206901 0.429711 0.110944 0.206501 -0.541315 0.312770 -0.268304
-0.046050 0.231878 -0.030898 0.347616 -0.401645 -0.000016 0.097826 -0.231211 0.004717 0.151277 -0.034290 0.222957 -0.005752 -0.040744 0.000210 -0.090656 -0.012843 -0.050883 -0.628837 0.138396 0.441511 0.224485
0.212467 0.364376 0.199008 0.095846 0.185481 0.000087 -0.022354 -0.082138 -0.022989 0.133864 0.209074 -0.000971 0.090114 0.144733 -0.000345 0.423287 -0.678488 -0.329498 -0.294918 0.371909 0.174587 0.082808
-0.158200 0.333815 0.122136 -0.212672 0.080050 -0.000099 -0.234779 0.098430 -0.099008 -0.231948 0.129844 -0.252214 0.060232 0.260907 -0.000134 -0.000210 -0.027871 0.156311 0.205973 0.269277 -0.030172 0.373858
-0.097870 0.224849 0.117492 0.365278 0.402064 0.000014 0.180515 -0.037324 0.182332 0.321108 0.130660 -0.230500 0.066944 0.020894 0.000052 -0.271218 -0.424794 -0.005064 -0.413178 0.582599 -0.044119 -0.596289
0.008533 -0.373275 0.008983 -0.086673 -0.108108 0.000069 -0.048634 0.446437 -0.362790 0.229359 0.009321 0.079395 0.006663 0.004321 0.000202 -0.089365 0.291177 -0.216425 -0.288814 0.163181 0.202343 -0.282973
-0.077576 -0.289691 0.150415 0.010381 -0.366285 -0.000063 -0.403642 -0.033310 0.205143 0.130813 0.171137 -0.064005 0.085358 -0.046735 -0.000026 -0.085898 -0.035144 0.418661 0.276863 0.409083 0.316545 -0.022153
-0.006987 0.044259 0.116314 0.001945 -0.229122 0.000001 -0.130822 0.061115 -0.087500 -0.125905 0.121445 -0.237886 0.043280 -0.260568 -0.000163 -0.506452 0.477864 0.115948 -0.223436 0.144750 0.241348 -0.216298
-0.274609 -0.258369 -0.001526 0.052479 0.134271 -0.000006 -0.417253 0.022955 -0.025428 0.107561 -0.001625 -0.306266 -0.000242 -0.136981 0.000129 -0.031963 0.129618 -0.017880 0.150647 -0.345635 0.278912 0.464154
0.187531 -0.287110 -0.006548 -0.106929 -0.349527 0.000005 0.054918 0.179743 0.159640 -0.412824 -0.008141 0.052497 0.000505 -0.327725 -0.000187 -0.385127 0.309579 0.473868 0.046083 -0.368649 0.509128 0.121545
0.415943 0.533224 0.089348 0.107117 -0.050311 0.000121 -0.176753 -0.191531 -0.232371 0.197549 0.095159 0.076322 0.034835 -0.169914 -0.000113 -0.148820 0.117789 -0.108723 -0.764888 0.124171 -0.042414 -0.278624
0.255506 0.324722 0.063614 0.208226 0.254910 -0.000109 0.166746 -0.315922 -0.087474 -0.146034 0.069236 0.445941 0.035086 -0.188454 -0.000120 -0.373854 -0.237998 -0.045660 -0.205043 -0.149068 0.238219 -0.170984
0.372496 0.228359 0.134311 -0.039320 -0.010723 -0.000049 0.159272 -0.222166 -0.092194 0.122306 0.153136 -0.065624 0.076496 -0.273744 -0.000079 0.083039 -0.322813 -0.397767 0.506159 -0.216486 0.398366 0.007012
0.079243 -0.300480 0.041382 0.401180 0.136467 -0.000046 -0.044897 -0.270451 0.478240 0.382354 0.047108 0.276403 0.023528 0.152638 0.000154 -0.031888 0.114610 0.124477 0.276568 0.187571 -0.247390 -0.168043
-0.146547 0.123260 0.225627 -0.423554 -0.241605 -0.000055 -0.111662 0.856028 0.980470 0.210932 0.255467 0.326195 0.124166 0.105451 -0.000221 -0.012080 0.276747 0.033882 0.196998 -0.142687 -0.027269 -0.014178
-0.238280 0.124670 0.004799 0.128992 -0.069313 0.000126 0.421001 -0.180916 0.502396 0.441580 0.005048 -0.239740 0.003584 0.470785 0.000091 0.169114 -0.169047 0.351779 0.166305 -0.350934 0.097065 0.119049
0.190572 0.578237 -0.072073 -0.037925 0.816792 0.000063 -0.154522 -0.205053 0.279436 -0.279783 -0.085981 -0.079030 -0.006551 0.062138 0.000048 0.131943 -0.066191 -0.160144 -0.119036 -0.085679 0.131523 0.009206
0.183923 0.064202 0.003669 -0.100743 0.388651 -0.000052 -0.078356 -0.010997 0.501228 -0.479077 0.003607 0.455884 0.003983 -0.292270 0.000174 -0.211093 -0.171679 0.033174 0.120175 -0.274471 0.579490 -0.116771
-0.307044 0.197050 0.128972 -0.081044 0.000544 -0.000006 -0.246520 0.426312 -0.124092 -0.022278 0.136609 0.142660 0.067394 -0.573868 -0.000047 0.182662 0.037629 0.276519 0.216171 0.031735 0.157102 0.037220
-0.390084 0.053112 0.053409 -0.394570 0.059870 0.000086 0.162325 -0.182219 0.219325 0.317170 0.056338 -0.182421 0.029719 -0.030106 0.000188 -0.566786 -0.333969 0.129579 0.210295 0.142156 0.220559 0.238233
0.098726 0.127609 0.106290 0.281245 0.066812 0.000084 0.314378 -0.082566 -0.244885 -0.005231 0.117179 -0.191046 0.065083 0.326574 -0.000200 -0.265815 -0.705641 -0.274964 -0.273922 0.369952 0.013905 -0.018397
0.214743 -0.294942 0.142388 -0.100816 -0.314198 -0.000111 0.388266 -0.021684 -0.338055 -0.319521 0.157778 0.194189 0.079354 0.146904 0.000125 -0.011468 -0.433368 0.280650 0.317486 0.080714 -0.333389 0.310116
0.011430 0.296505 0.201530 -0.412589 0.395415 0.000018 -0.060694 -0.011035 0.438318 -0.096192 0.228407 -0.086401 0.098646 0.144477 0.000027 0.407843 0.547053 0.233791 -0.216530 -0.268321 0.240012 -0.142053
-0.209685 -0.136277 0.239217 0.536409 0.065193 0.000124 -0.098916 0.247220 -0.092694 0.252741 0.249525 -0.168179 0.137054 -0.071190 0.000070 0.234761 0.148390 -0.000701 -0.107461 -0.002441 0.135788 0.268406
0.039731 -0.048581 0.191426 0.462143 -0.144362 -0.000090 -0.676916 -0.036444 -0.131764 -0.527140 0.197111 0.340556 0.109154 -0.244022 -0.000179 0.062919 -0.053503 0.286077 0.362093 -0.328067 0.275737 0.405967
-0.264048 -0.162964 0.121122 0.204734 0.185170 -0.000124 -0.247597 -0.019828 -0.205098 0.316058 0.126308 0.717961 0.061211 -0.287373 -0.000066 -0.085288 -0.696129 0.087350 -0.105898 0.005545 0.279682 -0.087806
0.307724 0.028810 0.070639 0.090630 -0.012668 0.000154 0.373910 -0.281633 0.248731 0.033631 0.081144 -0.089282 0.030390 -0.402681 -0.000023 -0.184998 -0.015417 0.102551 0.108354 0.327851 -0.122758 0.308938
0.534896 -0.491427 0.108758 0.009578 0.285786 -0.000024 -0.088952 0.472387 0.194087 0.276788 0.118456 -0.335074 0.046032 -0.474678 -0.000129 -0.228583 0.131117 0.043907 -0.036715 0.174795 -0.329905 0.132686
-0.174652 0.370471 0.124746 -0.553265 -0.027901 0.000111 0.155027 -0.049434 0.419810 0.308446 0.148466 0.165949 0.069392 0.197242 -0.000061 -0.003696 0.301549 -0.268747 -0.126531 0.518215 0.057924 -0.197734
-0.112119 -0.900130 0.110314 0.155475 0.034988 0.000046 -0.525951 0.759365 -0.119501 0.342222 0.123631 0.066555 0.044189 -0.374310 -0.000079 0.118169 -0.213132 0.299495 -0.184486 0.049879 0.122279 -0.046194
0.270141 0.204908 0.096510 0.421372 -0.047444 -0.000285 -0.761267 -0.145370 -0.666692 0.136851 0.111452 0.092165 0.044956 -0.068444 -0.000043 -0.316263 0.247879 0.336059 -0.341220 -0.605864 -0.072858 -0.028542
-0.536174 0.360374 0.135652 -0.180732 -0.187910 0.000113 0.196719 -0.220727 -0.101984 -0.063947 0.144471 0.493945 0.064444 0.215695 -0.000237 -0.154923 -0.081974 0.081435 0.389954 -0.430928 0.018743 -0.080419
0.091889 -0.507489 0.104947 -0.003551 -0.196160 -0.000179 -0.147533 -0.510687 -0.278936 0.357889 0.110857 0.021982 0.060409 -0.024238 0.000129 -0.004716 0.034876 0.216726 0.313084 -0.053924 0.653177 -0.414959
0.140808 0.052085 0.192407 0.211769 -0.017236 -0.000057 0.153898 -0.389658 0.253621 -0.247343 0.201174 0.563093 0.098047 -0.060570 0.000177 0.037077 -0.215856 -0.054559 -0.359384 0.087733 0.457913 0.369978
-0.303451 0.153819 0.189730 -0.341743 -0.071730 0.000010 0.223006 0.216454 -0.356980 -0.190469 0.208764 0.079792 0.094972 0.046240 0.000020 -0.229781 -0.034098 0.203913 -0.621490 -0.020249 0.134954 -0.065552
0.292513 -0.028840 0.112290 -0.474459 -0.262443 -0.000177 0.139745 -0.490906 -0.292935 -0.250409 0.126582 0.356887 0.064146 0.531319 -0.000184 -0.341517 -0.277813 0.234899 0.479807 0.326684 -0.298983 -0.086999
0.119695 -0.264067 0.314917 -0.104622 0.098588 -0.000075 -0.273076 0.112671 -0.195294 -0.174798 0.335262 -0.122555 0.172697 -0.159623 -0.000079 0.060340 -0.063440 0.342596 0.161147 -0.113457 -0.100758 0.406164
0.453448 -0.419900 0.024576 -0.051552 0.334443 0.000033 -0.248581 -0.126470 0.021111 0.003168 0.028826 0.022551 0.008269 0.155623 0.000090 0.245025 0.188393 0.275099 0.241607 0.203279 -0.151582 -0.139723
-0.096792 -0.381162 0.028484 -0.134974 0.045654 -0.000018 -0.235021 0.422678 0.276901 -0.182917 0.030256 -0.035255 0.013711 0.509307 -0.000108 -0.573855 -0.180661 0.272689 -0.086325 -0.078805 -0.108967 0.134616
-0.052577 -0.004459 0.027868 -0.529939 -0.219985 -0.000183 0.116428 -0.283700 -0.117667 0.321376 0.029905 0.362357 0.017538 -0.063552 0.000119 -0.410665 -0.203486 0.489379 -0.162964 0.012757 0.152412 -0.074696
-0.111705 -0.067141 0.059810 -0.104001 -0.649539 0.000061 -0.327275 -0.581948 -0.425133 -0.034272 0.079571 -0.322904 0.017635 0.073755 0.000106 -0.108050 0.006493 0.369284 0.629593 -0.137495 0.288655 0.378957
-0.243654 -0.380375 0.239547 0.200884 -0.093573 0.000083 -0.027977 -0.106440 -0.186149 0.191140 0.265121 -0.254051 0.124800 -0.070174 0.000002 -0.042015 0.142389 -0.065310 -0.565713 0.239490 0.297444 0.525068
0.279153 0.032458 0.092136 0.249271 0.684792 -0.000027 -0.075384 -0.222367 0.460603 0.332181 0.110439 -0.290250 0.041284 -0.122562 -0.000237 -0.278947 0.016597 0.284229 -0.676531 -0.109194 -0.203152 -0.071971
0.377520 -0.101336 0.162806 -0.052580 0.456652 -0.000005 0.435367 -0.030905 -0.335027 -0.074870 0.173102 -0.172203 0.083643 -0.494725 0.000044 -0.577718 0.123531 0.218314 0.323191 0.306072 -0.693475 -0.182034
0.160165 -0.032426 0.127803 -0.226297 -0.292165 -0.000048 -0.077623 0.441742 0.039179 0.070556 0.145004 -0.074698 0.066338 -0.050166 -0.000019 -0.147010 0.155234 0.002972 0.285430 0.319166 -0.459844 -0.322562
-0.068835 -0.025809 0.139117 -0.199839 -0.034294 0.000017 -0.177436 0.638312 -0.366193 0.420106 0.147856 -0.223967 0.078939 -0.199052 -0.000196 -0.296218 -0.326028 -0.018153 -0.266820 0.083860 -0.020025 -0.154912
-0.014917 -0.345305 0.169622 0.316923 0.067231 -0.000030 0.243284 0.460684 0.569392 0.080952 0.179905 -0.335600 0.093696 0.127398 0.000053 -0.113271 0.477014 -0.067670 0.501156 -0.249119 -0.130553 -0.259272
-0.341457 0.190594 0.170110 -0.039493 -0.243873 0.000064 0.052594 0.084924 0.269107 0.210139 0.180235 0.336049 0.074742 -0.203077 -0.000065 0.210059 -0.323351 0.202131 -0.177216 0.120779 0.295621 0.236609
-0.390273 0.058154 0.237756 0.000651 0.044688 0.000168 -0.043043 0.174826 0.025183 0.133686 0.259277 0.269861 0.109713 0.401867 0.000094 0.294327 -0.216320 0.443987 -0.361141 0.358168 -0.123323 0.230853
0.130762 -0.063557 0.139289 0.155473 -0.504582 -0.000125 0.157263 -0.090181 0.617074 -0.391166 0.143299 0.125324 0.064495 0.101855 -0.000010 -0.134348 0.399330 0.574055 -0.511789 0.354476 -0.377273 0.315493
0.461610 0.270175 0.060222 0.406444 0.169024 -0.000042 0.313701 -0.285616 0.397580 -0.001136 0.072502 -0.214557 0.036662 0.025137 0.000081 0.485583 0.033911 0.350338 0.204179 -0.201787 -0.188947 -0.403665
0.391727 -0.301843 0.068955 -0.443250 -0.012641 0.000124 -0.075529 0.357752 0.579119 0.536591 0.073114 -0.134434 0.017072 0.158748 0.000022 0.125076 0.015381 -0.445059 0.608531 0.103279 0.248535 -0.091693
0.122822 0.145033 0.195363 0.405896 -0.182365 -0.000143 0.183205 0.110573 -0.951250 -0.043179 0.215237 -0.515007 0.106434 0.344427 0.000243 -0.158400 -0.167190 -0.131108 0.178841 0.238900 -0.227747 -0.320036
0.084244 0.288226 0.024081 -0.129093 -0.007813 -0.000084 -0.230848 0.126257 -0.201026 0.098266 0.026919 0.207737 0.010605 -0.401191 -0.000021 0.242689 0.482207 0.487256 -0.468488 -0.609494 -0.145186 -0.202738
-0.379998 0.384505 0.005406 0.115410 -0.130015 -0.000165 -0.173721 0.382620 -0.078853 0.023362 0.005434 0.270815 0.006130 0.196732 0.000116 0.242834 -0.009169 -0.126134 -0.363391 0.453896 0.139283 -0.486575
-0.111620 0.094744 0.157774 -0.027582 -0.078465 -0.000011 -0.066118 -0.215406 -0.327608 0.333887 0.174655 0.147295 0.081478 0.142043 -0.000009 -0.052797 -0.288981 0.164722 0.030748 0.111689 0.373090 -0.299855
0.111191 0.181056 0.287471 0.525189 -0.275140 0.000042 -0.012951 0.029939 -0.417707 -0.385895 0.320063 -0.333025 0.163692 0.093295 -0.000105 0.314143 0.205962 0.271231 -0.381836 -0.020510 -0.180952 0.151717
0.428450 -0.564828 0.150215 -0.302169 0.139758 -0.000115 0.328797 0.154282 -0.180066 -0.056541 0.161342 0.021374 0.087403 -0.065394 0.000230 0.256418 0.013238 0.102549 0.041603 -0.080376 0.191797 0.124691
0.463219 0.210563 0.180743 0.008408 -0.148842 -0.000075 0.337357 0.332428 -0.344436 0.009293 0.205037 -0.649216 0.094858 -0.106285 0.000146 0.090419 -0.357496 0.120913 0.462092 -0.179468 0.011955 -0.080787
0.354047 0.061690 0.002782 0.162683 0.287196 -0.000010 0.306049 0.077963 -0.238187 0.510014 0.002763 -0.332232 0.003383 0.008703 -0.000112 0.200675 -0.391708 -0.182706 -0.319023 -0.059748 0.045693 0.018462
0.224373 0.116136 0.016072 -0.451159 -0.007096 -0.000055 -0.374852 0.085484 -0.155087 0.318470 0.030081 0.063653 0.007367 0.079611 0.000076 0.658757 0.137768 0.119063 -0.103403 -0.014438 -0.095594 0.240348
0.158905 0.186101 -0.000830 -0.178452 -0.145511 0.000057 0.097478 0.203546 0.224984 0.063256 -0.001074 -0.141320 0.000698 -0.219164 -0.000177 0.470956 0.258908 0.313484 0.215081 0.443500 -0.118082 0.120799
-0.119045 0.309255 0.232192 0.029696 -0.288955 -0.000069 -0.180498 -0.102029 -0.350791 -0.040733 0.250021 0.096919 0.124546 0.140098 -0.000160 -0.105197 -0.039972 -0.267632 0.091902 0.049824 -0.014058 0.101017
-0.066964 0.139036 0.126119 0.458003 -0.581176 -0.000051 0.144241 0.212148 -0.196225 0.010020 0.138182 -0.173330 0.073392 0.031730 -0.000192 0.022739 -0.255347 0.270760 -0.109223 0.203883 0.020611 0.138262
-0.279320 -0.054687 0.007476 0.086643 0.178677 -0.000102 -0.032940 -0.292560 0.022755 -0.356340 0.011367 0.306022 0.006585 0.268296 -0.000125 0.532178 0.233061 0.267276 0.334285 -0.112802 0.159489 -0.107339
-0.233891 0.309694 0.138808 0.254565 0.092751 0.000013 0.222714 -0.179848 0.088733 0.409253 0.148315 -0.339853 0.064649 0.026339 -0.000274 0.210509 -0.090833 0.145722 -0.284781 0.024409 -0.169794 0.513601
0.105219 -0.458767 0.119530 -0.425923 0.231739 0.000037 0.282508 -0.135770 -0.416451 0.212143 0.124829 -0.042213 0.060918 0.206418 0.000161 0.253258 0.049897 -0.305822 -0.210047 0.071217 -0.055732 0.426580
0.332161 -0.103172 0.139257 -0.149450 0.281215 0.000251 0.055037 0.090667 -0.475107 -0.019524 0.146777 -0.188961 0.070429 0.158153 -0.000049 0.130493 0.019511 -0.067064 -0.278560 0.196701 -0.374052 0.198121
0.307736 -0.548492 0.199685 0.414868 -0.714089 0.000205 -0.150325 -0.040681 0.090390 -0.191225 0.217638 0.039097 0.102127 -0.013286 -0.000081 0.122606 -0.060298 0.397550 0.468905 0.418837 -0.053185 -0.216084
-0.320208 0.232518 0.301613 -0.070841 -0.121788 0.000159 0.003483 0.376917 0.345465 -0.109238 0.307858 0.110702 0.162480 -0.272073 0.000296 -0.098092 0.552530 0.085564 0.126190 -0.182913 0.098579 0.010363
-0.552886 0.399636 0.095717 -0.001094 -0.074987 -0.000002 -0.387963 0.378311 0.503874 0.042494 0.102602 0.421697 0.051274 0.260661 -0.000035 -0.184599 -0.048410 -0.310297 0.091784 -0.087966 -0.381944 0.113273
0.276522 0.088109 -0.004810 -0.451414 -0.527959 -0.000163 -0.154560 0.481524 0.090542 -0.578959 -0.005609 0.051973 -0.002032 0.205487 0.000216 -0.324984 -0.126260 0.120974 0.185521 0.207183 0.396275 0.019497
-0.087159 -0.282924 0.169115 0.324365 -0.027958 -0.000088 0.124700 -0.126388 -0.344409 -0.021399 0.187988 0.020960 0.082356 0.049065 -0.000025 0.062404 0.088737 0.144481 -0.035509 -0.001562 -0.075261 -0.173102
-0.140063 0.071022 0.225390 0.712579 0.353874 0.000052 0.061812 -0.125276 -0.321583 -0.006329 0.240380 0.237690 0.133977 -0.247880 0.000087 -0.145979 -0.190958 -0.620630 0.452086 0.037152 -0.524817 0.015188
-0.405128 -0.039965 0.080973 0.217413 0.313094 -0.000030 0.512453 -0.098949 -0.050146 0.494092 0.094477 0.331245 0.045549 0.021934 -0.000189 0.004226 0.159382 -0.163117 -0.503806 -0.061365 -0.231772 -0.298014
0.620864 0.164162 0.119191 0.459087 -0.026959 -0.000125 0.198876 0.225836 0.701089 -0.198338 0.128098 -0.169790 0.057355 0.017044 -0.000143 -0.153288 -0.663046 -0.141345 -0.012209 0.154439 0.146961 -0.117646
-0.278081 0.502123 -0.000546 0.323755 -0.141583 0.000201 0.516313 -0.349188 0.258386 0.214384 -0.000637 0.183588 -0.000033 0.007898 -0.000053 -0.557664 0.360605 -0.138256 -0.349707 -0.144836 -0.630989 -0.246759
-0.442119 0.137067 0.094770 -0.186975 0.021011 0.000392 0.104239 0.655209 0.120539 0.312979 0.106511 -0.323548 0.044757 0.293036 0.000045 0.248834 0.153272 -0.130438 -0.092911 0.162253 -0.140743 0.394785
-0.177719 0.282181 0.028412 0.267908 -0.067512 0.000088 -0.289483 -0.053670 -0.360948 -0.630074 0.030125 0.261848 0.020902 0.238102 0.000018 0.116588 -0.196815 0.387332 -0.228929 0.206854 0.058314 -0.640452
-0.192455 -0.399239 0.111252 -0.543373 -0.056519 0.000034 0.374297 0.096868 -0.235115 0.095111 0.121486 -0.182631 0.049801 0.214511 -0.000110 -0.281518 -0.115599 0.015416 0.361409 0.126575 0.226325 -0.089339
0.037689 0.082847 0.166909 0.157572 0.580100 -0.000000 -0.424760 -0.151624 -0.051107 0.132652 0.173472 0.350611 0.094130 0.172880 0.000381 -0.184922 -0.291700 -0.049613 -0.410572 -0.198185 0.222170 -0.276691
0.232129 -0.004969 0.100250 0.419417 -0.162694 0.000105 -0.143361 -0.052715 0.079344 -0.050356 0.109386 0.159802 0.049066 0.471505 0.000125 -0.177304 -0.487598 0.112321 -0.140061 -0.089289 0.017946 0.149644
0.248649 -0.233655 0.160329 0.134877 0.004385 0.000018 -0.117693 -0.061391 0.211856 -0.212226 0.160608 -0.486598 0.075019 0.135284 0.000170 -0.315124 0.392561 -0.021377 0.164567 -0.115664 -0.013482 0.300805
-0.134544 0.310514 0.045241 0.211503 -0.313240 -0.000176 -0.366886 0.179899 0.024773 0.162911 0.046371 -0.408396 0.005948 0.177501 0.000028 -0.369547 -0.425755 0.561415 0.270425 -0.000025 -0.365053 -0.056344
-0.090237 0.584443 0.105843 -0.042866 -0.674869 -0.000223 0.292564 0.549510 0.204679 0.122781 0.121115 -0.171376 0.041480 -0.241280 -0.000122 0.468992 -0.431498 0.165376 0.461774 -0.234605 0.453350 -0.018554
-0.089907 0.248969 0.113043 0.255898 -0.034780 -0.000268 -0.122508 0.557536 0.305826 -0.012676 0.133281 0.032972 0.061365 0.659222 -0.000014 0.586689 -0.192725 -0.137154 -0.124857 0.009793 0.175345 0.377487
