0.056312 -0.000035 0.049472 -0.032778 0.000394 0.057586 -0.182702 0.081218 0.088648 -0.000026 -0.000031 -0.000054 -0.000036 -0.092182 -0.000081 0.195227 -0.006364 0.083361 0.010185 -0.009645 -0.284309 -0.030227 -0.067757 0.152341 -0.700029 0.000123 0.001693 -0.145990
0.206224 0.000033 0.148217 0.097819 0.000452 -0.101936 -0.130557 0.446038 0.098718 0.000160 -0.000044 -0.000066 0.000138 -0.163822 0.000012 -0.007021 0.295297 0.167798 -0.073771 0.082925 -0.092229 -0.253641 -0.512914 0.119808 0.144201 -0.000040 0.002097 -0.244107
0.457335 0.000066 0.301520 0.428510 0.000621 -0.517429 0.100234 -0.074724 0.243982 0.000176 0.000257 -0.000010 0.000177 -0.125687 -0.000088 0.058680 -0.017491 0.224853 -0.204801 -0.736307 0.485776 -0.394010 -0.200321 -0.407515 -0.389093 -0.000028 0.001820 -0.254156
0.424576 0.000051 -1.017287 -0.026065 0.000011 0.135148 0.187730 -0.460460 -0.150100 0.000084 -0.000021 -0.000014 0.000042 0.061553 -0.000025 -0.139624 -0.180155 0.369892 -0.224296 -0.154437 0.091671 -0.146106 -0.300503 -0.228917 -0.028884 -0.000089 0.001351 0.143284
-0.005530 -0.000000 -0.014565 -0.002119 -0.000124 0.136050 -0.159134 0.035531 0.095792 -0.000006 -0.000080 -0.000012 -0.000278 0.150928 -0.000112 -0.035006 -0.242834 0.263813 -0.133942 -0.378415 0.147001 0.266944 -0.058679 0.236824 -0.719098 -0.000007 0.001075 0.522955
-0.662389 -0.000030 -0.084195 0.175486 0.000091 0.280585 0.216252 0.006095 0.104011 -0.000055 0.000010 -0.000011 0.000237 -0.173180 -0.000016 0.322485 -0.055720 0.236299 0.273099 -0.012304 -0.238851 0.032431 0.288135 0.096955 -0.031903 0.000004 0.002725 0.074757
-0.228720 0.000137 -0.097489 -0.037876 0.000078 0.119642 0.018744 -0.296061 -0.002624 -0.000155 0.000081 0.000038 0.000133 -0.121607 0.000096 0.257061 -0.009282 0.207447 -0.026066 -0.081969 0.208635 -0.381169 -0.434877 -0.318057 -0.339060 0.000036 0.002253 0.006275
0.422355 0.000077 -0.121705 -0.385910 0.000084 0.093861 -0.410063 0.133354 0.143417 0.000272 -0.000178 0.000060 -0.000336 0.021937 0.000105 0.345927 0.217106 0.238638 -0.253770 -0.409967 -0.332723 0.342195 0.174755 0.020757 -0.123810 -0.000115 0.002733 0.204224
0.473456 0.000039 0.558943 0.054927 0.000480 0.271296 0.128687 -0.234720 -0.112845 -0.000076 0.000030 0.000061 0.000136 0.018639 0.000275 -0.056397 0.100330 0.065369 0.201241 0.314044 0.392608 -0.061280 -0.124056 0.146925 0.348089 0.000064 0.001958 -0.357796
0.352075 0.000079 0.033597 0.314610 0.000291 -0.036657 -0.140581 0.045399 -0.498552 0.000175 -0.000050 0.000041 -0.000244 0.046121 0.000024 -0.182901 -0.275059 0.111495 0.252536 0.876643 0.121916 0.083461 0.164415 0.434314 0.253094 0.000436 0.001788 -0.195437
-0.388949 0.000101 -0.091856 0.057043 -0.000353 -0.275605 0.213646 0.683036 -0.303157 -0.000103 -0.000004 -0.000140 0.000141 0.191805 -0.000097 -0.203194 0.263800 0.019116 -0.153337 -0.268366 -0.279122 -0.441147 0.420508 -0.239753 0.212582 -0.000136 0.001420 0.454346
-0.124160 0.000016 0.101434 0.621137 0.000114 0.010379 -0.154046 0.269093 -0.011843 -0.000101 0.000043 0.000031 -0.000037 0.011137 0.000147 0.351348 0.215728 0.169066 0.267285 -0.349549 -0.269649 -0.028074 -0.258996 0.116262 -0.285499 0.000213 0.002231 0.305943
-0.266444 0.000101 -0.202913 -0.626222 0.000453 -0.052246 0.016085 0.164019 0.437188 -0.000051 0.000099 0.000058 -0.000137 0.002808 0.000076 -0.448207 -0.004986 0.220092 -0.435981 -0.621012 0.101142 -0.494367 0.440765 0.030742 -0.275082 0.000169 0.002917 -0.318754
-0.237398 -0.000008 -0.083087 -0.136312 0.000074 0.267480 0.119663 -0.527607 0.366688 0.000066 0.000236 -0.000037 0.000022 0.352017 -0.000188 0.056563 0.467230 0.073754 -0.224865 0.107335 -0.115485 -0.015406 0.092578 -0.187140 -0.138507 -0.000003 0.001640 -0.043663
-0.168018 -0.000075 -0.003990 -0.587290 -0.000295 0.142120 0.175756 -0.063555 0.309697 -0.000118 0.000034 0.000019 -0.000298 -0.447201 0.000050 0.054591 0.059425 0.017400 -0.517600 -0.417651 0.035083 -0.373680 -0.527547 0.060381 -0.418046 -0.000041 0.000719 0.137183
-0.441075 0.000038 -0.038826 -0.330752 -0.000101 0.331261 0.195547 0.289560 0.271751 -0.000210 -0.000033 -0.000050 0.000239 0.468807 0.000118 -0.321228 0.083881 -0.009402 0.159967 0.550384 -0.012796 0.046592 -0.054945 0.081092 -0.124822 0.000011 0.001281 -0.103070
-0.261107 0.000036 0.083541 -0.349178 -0.000175 -0.220256 -0.446698 0.269641 0.010631 -0.000083 0.000008 -0.000001 -0.000082 -0.191491 -0.000113 -0.086832 0.283997 0.223992 -0.497106 0.177704 -0.414587 0.247341 -0.126223 0.259669 -0.264286 0.000265 0.003040 0.075915
0.086232 -0.000037 -0.050085 0.487771 0.000106 -0.095726 -0.391752 0.034400 -0.005012 0.000054 0.000221 0.000025 -0.000174 -0.284753 0.000118 -0.251058 0.010877 0.037288 -0.090263 -0.226773 -0.190247 -0.087777 0.067728 -0.018284 -0.039349 -0.000178 0.002132 0.249348
0.429549 -0.000038 -0.048994 0.412726 -0.000573 -0.197577 0.264741 0.105914 -0.099754 0.000042 -0.000124 0.000142 -0.000142 -0.226922 -0.000072 -0.037844 -0.216445 0.034054 0.140337 -0.049677 0.020341 0.156070 0.123666 -0.000300 -0.136634 -0.000096 0.003568 -0.618627
-0.090968 -0.000063 -0.195907 -0.427878 0.000280 -0.055934 0.268043 -0.517410 -0.003511 0.000207 0.000009 -0.000002 0.000231 0.204769 -0.000039 0.282171 0.199307 0.085411 -0.479536 -0.508808 0.175243 -0.008356 -0.081297 0.357133 -0.059518 0.000022 0.000891 -0.022156
-0.134490 -0.000027 -0.202237 -0.124499 0.000372 -0.109911 0.314015 0.018396 0.054167 0.000035 -0.000038 -0.000017 -0.000031 -0.070180 -0.000053 0.153656 0.298961 0.140994 -0.512701 -0.393830 -0.224142 -0.250130 0.055474 -0.032470 0.093986 0.000263 0.001592 -0.087289
0.083010 -0.000069 -0.194857 0.075780 -0.000499 -0.444252 0.052455 0.112938 0.503020 0.000206 0.000112 -0.000051 -0.000120 0.030975 0.000041 -0.097329 -0.233585 0.058331 0.210795 0.720864 -0.567675 -0.106140 0.180909 -0.377272 0.027666 0.000089 0.003469 0.389664
-0.060975 -0.000089 0.001657 0.083155 -0.000169 0.451418 -0.246518 0.029595 0.215149 0.000049 -0.000012 -0.000008 -0.000124 -0.359485 -0.000113 -0.015488 -0.318832 0.200388 -0.099093 0.097449 -0.528290 0.015363 0.447197 -0.422833 -0.063488 0.000144 0.001481 -0.057472
0.265343 0.000053 -0.215458 0.171436 -0.000164 0.023814 0.403101 -0.043794 0.265364 0.000126 0.000022 0.000040 -0.000083 -0.029183 0.000117 0.134760 -0.181169 0.162515 -0.294574 -0.009871 0.082366 0.197983 -0.373140 0.007611 0.095451 0.000035 0.002312 -0.161029
0.375869 -0.000013 -0.229664 0.090012 -0.000191 0.302957 -0.215824 -0.354069 0.222964 -0.000165 0.000110 0.000039 0.000104 -0.414755 -0.000009 -0.259881 -0.220062 0.188172 -0.073888 -0.095884 0.017405 -0.046832 -0.261907 0.052822 -0.254866 -0.000020 0.001560 -0.069152
0.330176 -0.000041 -0.249686 -0.194479 -0.000008 -0.001006 0.281749 -0.353349 -0.227500 0.000241 0.000042 -0.000078 -0.000079 0.020872 -0.000006 0.092788 0.245839 0.109940 -0.008900 -0.220190 0.486500 0.082477 -0.033673 0.098287 -0.106199 -0.000032 0.001612 -0.067584
0.016135 0.000088 0.592133 0.016932 -0.000051 -0.096005 0.207479 -0.205733 -0.072680 -0.000119 0.000009 0.000070 0.000145 -0.154435 -0.000116 0.019248 0.126062 0.042352 0.314788 0.269211 -0.543589 -0.149774 0.305120 0.088200 -0.202803 -0.000114 0.001026 0.299242
-0.000061 -0.000036 -0.561431 0.034282 0.000009 -0.545140 0.021428 0.179717 0.236139 0.000349 -0.000088 0.000019 0.000074 -0.171307 -0.000066 -0.204005 0.171522 0.188950 -0.305609 -0.403317 -0.160810 -0.045325 0.161939 0.129750 0.233520 -0.000061 0.001262 0.304718
0.169542 -0.000017 -0.064873 0.115323 -0.000474 -0.233913 -0.467964 -0.287289 -0.037387 0.000254 -0.000020 -0.000034 -0.000180 0.306749 -0.000173 0.367674 0.230970 0.186587 -0.042821 -0.109676 0.387136 0.035252 0.348314 -0.110260 -0.022109 -0.000051 0.002757 0.111650
0.012605 0.000066 0.843299 0.067350 -0.000123 0.348260 0.181690 0.132869 -0.067367 0.000090 0.000009 0.000028 -0.000015 0.069312 -0.000187 0.281454 -0.117686 0.039068 0.159513 -0.098288 -0.216029 -0.022078 0.108927 -0.151046 -0.287752 -0.000028 0.002810 0.159113
0.101143 0.000083 0.341331 -0.461187 -0.000741 0.267538 -0.113335 -0.127581 0.245597 -0.000140 -0.000049 -0.000063 0.000077 0.275341 -0.000111 0.123934 0.153675 0.102939 -0.097369 -0.113478 0.149359 -0.006818 -0.420787 0.242799 -0.191956 0.000073 0.002536 0.284531
0.185537 -0.000037 -0.060396 -0.092390 -0.000261 0.459329 0.017663 0.185973 -0.314994 -0.000178 -0.000162 0.000048 0.000137 -0.114269 -0.000128 0.410431 0.043072 0.049984 0.154367 0.021342 -0.016009 0.099482 0.088359 -0.281762 0.471075 0.000200 0.002289 0.297192
0.263307 0.000083 -0.497147 -0.075529 0.000324 -0.116991 -0.004485 0.609795 -0.038472 -0.000078 0.000071 0.000118 0.000135 0.131969 -0.000097 -0.560124 -0.345462 0.166041 -0.326154 0.150537 -0.224678 0.001294 0.071742 -0.007977 0.050788 0.000007 0.001004 -0.023794
0.231064 0.000163 0.446817 -0.615876 0.000158 -0.030006 0.149386 0.097806 0.295395 -0.000044 -0.000170 -0.000023 0.000005 -0.018833 0.000028 0.219066 -0.044699 0.062120 0.199527 0.101219 -0.114101 -0.199734 -0.470434 0.596575 -0.558029 0.000032 0.000070 -0.426831
-0.418761 0.000145 0.190297 -0.163722 -0.000140 -0.444357 0.074366 0.087545 0.172590 0.000082 0.000039 -0.000075 0.000203 0.139374 -0.000153 0.393949 0.355850 0.196517 -0.111520 0.063275 -0.392524 0.135716 0.162427 0.438244 0.295802 0.000229 0.000372 0.369916
-0.200218 -0.000067 0.081794 0.444634 -0.000477 -0.535663 0.122479 -0.377444 -0.224149 -0.000208 -0.000056 0.000045 -0.000081 -0.315388 0.000160 0.325228 0.108754 0.159637 -0.008747 -0.156994 0.118542 0.103674 0.281671 -0.011783 0.313190 0.000375 0.001673 0.201922
-0.219392 0.000060 -0.071094 -0.438049 -0.000829 0.441347 -0.332114 0.313450 0.787698 0.000177 0.000062 -0.000077 -0.000075 -0.128899 -0.000191 -0.184286 0.021078 0.106119 0.228498 -0.321074 -0.021026 0.362407 0.585728 -0.169492 0.312354 -0.000059 0.002642 0.019501
-0.067362 -0.000001 0.080828 0.226975 0.000235 0.161471 -0.176118 0.171604 -0.029377 0.000000 0.000160 0.000012 -0.000158 -0.278373 -0.000018 0.209981 0.515429 0.216911 0.256407 -0.279186 0.306415 -0.003520 -0.075793 -0.352955 -0.399174 0.000045 0.002549 -0.427266
0.195057 0.000117 -0.054316 -0.087335 0.000214 -0.088889 0.027293 0.039032 -0.020333 0.000027 0.000118 -0.000009 0.000147 -0.485582 0.000033 -0.057040 -0.226705 0.310802 0.018675 -0.164134 0.004986 0.291600 0.086769 0.293246 -0.200430 0.000381 0.001123 -0.075671
0.143059 0.000064 0.149969 -0.622740 -0.000027 0.626673 0.400537 0.046249 0.372331 -0.000088 -0.000093 -0.000050 -0.000073 0.022546 -0.000099 -0.603317 0.174989 0.088751 0.393634 0.153685 0.115010 0.163566 -0.226226 -0.229429 0.004024 0.000003 0.001647 0.324063
0.117212 0.000046 0.144755 0.012548 0.000217 0.039114 -0.608825 0.178440 0.351167 0.000181 0.000066 -0.000009 -0.000160 0.255480 -0.000084 -0.134350 0.213849 0.041705 0.243801 0.552268 0.161310 0.304561 -0.115424 0.157366 -0.063928 0.000151 0.002728 0.176083
0.502574 0.000249 0.445076 0.503698 0.000052 -0.036093 0.052239 -0.167597 0.182471 -0.000075 0.000142 0.000113 -0.000009 0.125105 0.000055 -0.185224 0.297949 0.079745 -0.095194 -0.067234 -0.095987 0.221530 -0.101132 0.099916 0.037674 -0.000099 0.001366 -0.190822
0.021175 0.000088 0.840657 -0.035589 0.000164 0.034812 0.179576 -0.331987 0.218171 0.000008 0.000055 0.000024 0.000094 -0.454731 -0.000040 -0.701530 -0.109166 0.087006 -0.103867 -0.151316 0.306476 -0.114307 0.395714 0.208981 -0.354276 -0.000122 0.000743 0.107633
0.534037 0.000009 0.174767 -0.082924 -0.000135 0.080420 0.047098 0.028411 0.324104 -0.000054 0.000052 -0.000051 -0.000001 -0.233087 -0.000057 0.143342 0.126069 0.188349 -0.137782 -0.827248 -0.093771 0.177937 -0.821238 0.510621 0.187352 -0.000188 0.001250 0.592399
-0.075867 -0.000038 -0.078182 -0.034755 -0.000083 -0.226367 -0.193112 -0.283245 0.109927 0.000148 0.000019 0.000033 0.000202 -0.292856 0.000010 0.362464 0.036069 0.034570 0.389205 -0.169039 0.333123 0.103087 0.229967 -0.062668 -0.198061 0.000067 0.001408 -0.051974
-0.222524 0.000005 0.132999 -0.343001 0.000412 0.320743 -0.094889 -0.105843 0.272286 -0.000152 -0.000006 -0.000054 -0.000172 -0.040876 -0.000109 0.040766 0.015007 0.194860 0.377121 -0.077743 0.676017 0.242654 -0.330242 0.413113 -0.216809 -0.000079 0.001481 0.144564
0.034029 -0.000088 0.274156 -0.127560 -0.000360 0.070720 0.046958 -0.067286 0.205146 -0.000028 0.000009 -0.000096 -0.000127 0.126988 -0.000183 -0.018414 0.577215 0.072365 -0.232131 0.112044 -0.181668 -0.136068 -0.141213 0.095522 0.317449 -0.000044 0.002029 0.157376
0.062373 0.000040 -0.150773 -0.757839 -0.000095 -0.118463 0.561002 0.346322 0.137828 0.000254 -0.000091 -0.000037 0.000017 -0.127533 -0.000125 -0.478374 -0.151297 0.031897 -0.077951 -0.024299 0.424687 -0.321997 -0.148598 0.155770 0.615579 0.000046 0.000945 -0.067800
0.413852 -0.000052 -0.000651 -0.106610 0.000073 -0.112994 0.183937 0.623728 -0.402936 0.000065 0.000022 -0.000018 0.000124 0.175611 -0.000003 -0.290292 -0.211206 0.018825 -0.221441 0.012898 -0.280511 -0.442369 0.046308 0.181119 -0.175209 -0.000036 0.000992 -0.109987
0.187240 0.000008 -0.008591 0.130150 -0.000686 0.009739 0.319017 -0.145461 0.015158 -0.000068 -0.000101 0.000015 0.000245 -0.067832 -0.000143 -0.330487 0.239621 -0.009218 0.185212 -0.196543 -0.331509 0.323194 -0.185406 0.502172 0.072764 0.000048 0.001323 0.421571
0.505784 0.000071 -0.014985 -0.249971 -0.000165 0.327755 -0.173210 -0.097650 -0.406606 -0.000196 0.000067 -0.000045 -0.000009 0.225531 -0.000210 0.041775 0.007013 0.082431 -0.221364 0.030466 0.116779 -0.155488 -0.364474 0.441719 -0.100167 0.000060 0.002011 -0.120800
-0.143730 -0.000193 0.309467 -0.101429 0.000138 0.047935 -0.360356 -0.007881 -0.480557 0.000014 -0.000092 -0.000073 0.000193 -0.172310 -0.000211 -0.135411 0.468056 0.219211 0.064890 0.142331 -0.361679 0.005829 0.237099 0.492899 -0.677287 -0.000133 0.001704 0.244244
0.605985 0.000105 0.006125 -0.019090 0.000276 0.352985 -0.055713 -0.051363 0.177911 -0.000170 -0.000048 -0.000066 0.000057 0.167846 0.000218 0.131434 -0.297103 -0.021003 0.061860 0.114284 0.093942 -0.212796 -0.214681 -0.610337 0.105372 0.000076 0.001449 -0.058617
-0.032638 0.000022 -0.075690 -0.010962 0.000206 0.574280 0.216408 0.433371 -0.439377 0.000042 -0.000129 0.000004 -0.000064 0.168096 -0.000115 -0.074442 -0.060387 0.006577 0.170347 -0.073837 -0.252795 -0.476458 -0.214488 0.284391 0.315633 -0.000029 0.001551 -0.070489
-0.343510 0.000178 0.422149 0.314001 0.000018 0.210379 -0.207394 0.464871 0.116334 0.000225 0.000070 -0.000010 -0.000009 0.012662 -0.000149 -0.124914 0.247301 0.229086 -0.194928 -0.281243 0.300573 -0.061998 -0.129504 -0.386247 -0.074169 -0.000241 0.001132 -0.129967
0.288943 -0.000033 -0.377170 -0.246358 0.000203 -0.042942 0.218471 0.214161 0.068735 0.000037 0.000095 -0.000009 -0.000343 -0.056294 0.000094 0.011815 0.119644 0.217167 -0.330776 0.058207 0.220057 -0.270787 -0.719048 0.143168 0.001171 -0.000086 0.002894 -0.695674
0.259997 -0.000130 -0.248543 0.217389 -0.000173 0.427365 0.131915 0.086010 -0.187283 0.000119 0.000085 0.000092 -0.000127 0.515278 -0.000389 -0.089464 -0.072202 0.082430 0.129816 0.058936 -0.181364 -0.551809 -0.550528 0.302466 0.336244 -0.000040 0.000991 0.030771
-0.095759 -0.000221 -0.331668 0.028018 0.000024 -0.053585 -0.091431 0.122232 -0.152225 -0.000086 -0.000052 -0.000031 -0.000064 -0.199250 0.000110 -0.592732 0.527214 0.088083 0.049486 -0.102626 -0.046891 -0.032303 0.167654 0.097933 0.095418 0.000107 0.000457 -0.002524
0.131381 -0.000039 -0.132225 -0.089067 0.000265 0.171371 -0.258477 0.441383 0.389216 -0.000063 0.000051 -0.000104 -0.000107 0.027940 0.000101 -0.079793 -0.237392 0.149859 -0.104908 -0.063748 -0.126527 0.003144 0.488856 0.111979 0.435852 -0.000079 0.001097 -0.516205
0.121119 -0.000054 -0.019416 -0.411982 0.000316 0.187269 0.123037 0.093176 0.396912 0.000044 -0.000103 0.000009 0.000086 -0.024060 0.000092 -0.218375 0.116818 0.293282 0.021310 0.047106 -0.256848 0.264911 0.616172 0.037162 0.015726 0.000011 0.001532 -0.077719
0.023061 -0.000081 0.192316 0.503122 0.000041 -0.090035 -0.136956 -0.260336 0.196122 -0.000117 -0.000116 -0.000021 -0.000354 -0.560692 -0.000043 0.092284 -0.121810 0.148682 0.100758 -0.180856 -0.091864 -0.088414 0.334461 -0.252276 -0.048458 -0.000061 0.003137 0.097564
0.162217 -0.000001 -0.876644 0.150217 -0.000030 0.408880 0.016727 0.445040 -0.410122 -0.000057 0.000002 -0.000017 -0.000351 0.450766 -0.000138 -0.019298 -0.144181 0.104863 -0.417234 -0.194223 -0.096149 -0.248067 -0.026321 -0.007466 0.060876 -0.000037 0.001802 -0.441967
-0.644262 -0.000159 -0.249683 0.073232 0.000002 0.528205 0.511992 -0.018082 0.032516 -0.000099 -0.000008 0.000048 0.000153 0.381858 0.000025 -0.105604 0.500205 0.133445 -0.148041 -0.095582 -0.365324 -0.087538 0.043203 -0.059742 0.180875 0.000045 0.002391 -0.500971
0.065822 0.000096 -0.027706 0.011997 0.000079 0.346052 -0.043061 0.281201 -0.065628 0.000051 0.000123 -0.000032 -0.000007 -0.111161 0.000180 0.257956 -0.132503 0.110797 0.391007 -0.043318 -0.063092 -0.075015 -0.460879 -0.115105 -0.336119 0.000266 0.001734 0.023550
-0.012765 0.000042 -0.751435 -0.150905 -0.000004 -0.332790 -0.513516 0.044554 0.057010 -0.000128 -0.000182 -0.000006 -0.000071 0.056049 -0.000199 0.032093 -0.062755 0.074154 -0.061496 0.306228 0.162511 0.179300 0.018331 -0.024110 -0.202316 0.000161 0.001762 0.069771
0.016498 -0.000028 0.294256 -0.175335 0.000286 -0.194246 -0.099771 -0.336511 0.162585 -0.000188 -0.000022 -0.000050 0.000060 -0.010569 0.000050 -0.290182 0.318701 0.024483 -0.042033 -0.158478 0.256480 -0.335097 0.300100 0.147895 -0.051067 -0.000087 0.000958 -0.059173
0.168587 -0.000156 0.112875 -0.071949 0.000181 0.199755 -0.070762 -0.077302 -0.158300 -0.000011 -0.000269 0.000109 -0.000363 -0.005945 -0.000058 -0.001812 -0.131634 0.095864 0.016213 0.087743 0.161604 -0.004357 0.414780 0.064743 -0.335085 0.000110 0.001640 -0.095536
0.444855 0.000021 -0.041954 -0.263372 -0.000244 0.065687 0.197979 -0.352166 -0.380072 0.000019 0.000241 -0.000030 -0.000231 -0.088136 0.000223 0.409624 0.598950 0.098363 0.120938 -0.113498 -0.308320 -0.007056 -0.223161 0.248833 0.154945 0.000201 0.001871 -0.175584
-0.148711 -0.000068 -0.677717 -0.444961 0.000343 0.241667 0.286190 -0.051947 0.000184 -0.000059 0.000061 -0.000013 -0.000176 0.250019 -0.000079 0.793820 -0.234213 0.020976 0.125924 -0.155862 0.082254 0.567358 -0.415018 0.365968 0.118690 0.000173 0.002145 0.346772
-0.042270 0.000026 0.038524 0.004000 -0.000324 0.511850 0.143121 0.383375 -0.541877 0.000009 -0.000074 -0.000020 0.000064 -0.667789 0.000213 -0.119624 -0.402042 0.002321 0.003030 0.225901 -0.008846 0.142997 -0.064398 -0.013615 0.313982 0.000073 0.001601 -0.305916
-0.053927 -0.000085 0.484899 0.173491 0.000503 0.326191 -0.021924 0.142153 0.235290 -0.000050 -0.000071 0.000045 0.000180 0.078477 -0.000166 0.468033 -0.400604 -0.000497 0.455219 0.101749 -0.112187 -0.233546 -0.146082 0.059310 0.008802 -0.000015 0.001700 0.228111
-0.338542 -0.000053 0.163943 0.416228 0.000086 -0.046286 -0.106250 0.070894 -0.245262 0.000043 0.000128 -0.000018 -0.000077 -0.007976 0.000194 -0.045868 0.128274 0.174471 0.397064 1.061547 -0.340896 0.519312 -0.102725 0.577869 -0.502196 -0.000202 0.000904 0.013565
0.149530 0.000027 0.437296 -0.143120 -0.000268 -0.025939 0.351700 0.005858 0.059006 0.000036 0.000045 -0.000061 -0.000286 0.290422 -0.000068 0.009551 -0.045821 0.003725 0.365844 0.058361 -0.004053 0.050083 0.910442 -0.192163 -0.042412 0.000023 0.001590 0.258795
0.433982 0.000016 -0.259948 0.402165 -0.000028 0.015879 0.113013 -0.378632 0.231722 0.000195 -0.000137 0.000041 -0.000550 0.130057 0.000057 0.125025 -0.316454 0.071823 0.115282 0.331829 0.288926 0.262449 -0.116782 -0.178217 0.196230 -0.000060 0.001369 -0.216305
-0.088291 -0.000126 -0.253369 -0.181581 0.000382 -0.426973 0.026544 0.043968 -0.202249 0.000108 0.000095 0.000109 -0.000089 0.142286 0.000165 -0.031172 -0.022202 0.001846 -0.273539 0.304143 0.101032 0.186097 0.579713 0.192990 0.152486 -0.000105 0.001711 0.031733
-0.488904 -0.000043 0.032605 -0.279146 -0.000207 -0.244527 -0.201397 -0.167994 -0.328547 -0.000059 0.000071 0.000137 -0.000166 -0.324304 -0.000049 0.314321 0.308216 0.052372 -0.108126 0.129558 -0.293536 -0.014010 0.475819 0.177343 0.010309 0.000053 0.002381 -0.013205
0.220450 -0.000072 0.381638 -0.305949 0.000172 0.199724 -0.045141 -0.271712 0.054739 -0.000066 0.000097 0.000021 -0.000031 0.246673 -0.000066 0.633155 -0.154872 0.038018 -0.013767 -0.184584 0.062299 -0.395743 0.068425 0.166494 -0.013158 0.000040 0.002263 -0.104713
-0.038832 -0.000095 -0.025336 0.005335 0.000061 0.057097 0.016875 -0.140761 0.211069 0.000131 -0.000154 0.000003 -0.000117 0.307986 0.000122 0.498598 0.323814 0.016852 0.297023 0.060106 0.095506 0.262079 0.099135 -0.161845 0.260341 -0.000112 0.001781 -0.003281
0.090355 -0.000077 0.207773 -0.204547 0.000023 0.458958 -0.035472 0.048175 0.359108 -0.000001 -0.000060 0.000014 -0.000249 -0.114080 0.000117 -0.023038 -0.326151 0.036269 0.300410 -0.034906 0.343783 0.034626 0.072010 -0.024387 -0.353909 0.000079 0.001410 -0.018404
0.101907 -0.000107 0.032819 0.143476 -0.000402 -0.039459 0.373022 0.099145 0.380413 -0.000103 0.000034 0.000005 -0.000046 -0.355659 0.000117 -0.061623 0.207347 0.281282 -0.161639 -0.547644 -0.361537 -0.293130 -0.217388 -0.134708 0.284279 0.000043 0.001776 -0.164014
-0.104467 0.000006 0.448963 -0.105662 -0.000004 -0.132219 -0.175458 0.082778 -0.148390 0.000261 -0.000101 0.000057 -0.000330 0.071262 0.000166 0.378875 -0.330230 0.130921 -0.200284 0.345513 0.193167 -0.018591 -0.153682 0.150334 -0.015729 0.000076 0.002306 0.264489
0.300161 0.000067 -0.000908 -0.453708 -0.000240 0.160392 -0.017385 0.001697 0.052282 0.000065 -0.000047 -0.000021 -0.000230 -0.083468 0.000161 0.304100 0.363858 0.128925 -0.068790 -0.350947 -0.296315 0.144001 0.445930 -0.305667 -0.139164 0.000230 0.002543 0.019443
-0.163106 -0.000073 0.582278 0.436663 -0.000212 0.389610 -0.204594 0.218501 0.162183 -0.000075 -0.000008 -0.000028 0.000093 0.233200 -0.000051 -0.215285 0.026211 -0.002366 -0.448495 -0.218068 0.075628 -0.384038 -0.230602 -0.290189 0.334763 0.000076 0.001553 0.159337
-0.258221 -0.000062 0.118023 -0.230926 -0.000186 -0.407600 0.360726 -0.364224 -0.080982 -0.000105 0.000051 -0.000122 -0.000011 0.033084 -0.000173 0.191714 0.031890 0.044081 -0.207609 -0.187523 0.312016 -0.604053 0.376882 0.601700 0.250860 0.000070 0.002836 -0.078043
0.155293 -0.000005 -0.150329 -0.502152 0.000390 -0.086941 -0.115191 0.265037 0.061575 0.000131 -0.000038 0.000018 -0.000323 0.360191 -0.000157 0.401830 -0.579625 0.039655 -0.013838 0.291717 0.123497 -0.559930 0.041451 0.339899 0.265010 -0.000065 0.003146 -0.679899
-0.039383 0.000167 -0.015243 0.137467 -0.000334 0.211722 -0.060953 0.009420 0.146722 0.000008 -0.000042 0.000061 0.000265 0.131507 0.000157 -0.326754 0.215387 0.006825 0.090721 0.225542 -0.039739 -0.607580 -0.081636 0.189645 0.397277 0.000331 0.002258 0.196231
0.184906 0.000015 -0.127536 0.509429 -0.000127 0.192223 -0.217053 -0.207708 0.037188 -0.000126 -0.000011 0.000083 -0.000142 0.193529 0.000147 -0.175880 0.242012 0.079370 0.131887 0.334290 -0.294462 -0.233339 -0.180900 0.302642 0.636803 -0.000070 0.000647 -0.110087
-0.101414 -0.000042 -0.113156 0.388608 -0.000357 0.010127 0.090515 -0.083928 0.151699 0.000053 -0.000074 0.000031 -0.000059 0.048535 0.000025 0.206035 0.041278 0.306198 -0.160766 -0.273480 -0.009791 -0.041588 -0.183503 0.031220 -0.019149 -0.000118 0.001206 -0.040759
-0.127713 -0.000028 -0.294873 0.186812 -0.000389 0.260245 -0.097674 -0.134669 -0.070708 0.000163 -0.000141 -0.000016 -0.000072 -0.227590 -0.000056 -0.017897 -0.003639 0.195358 0.017734 0.176186 -0.232883 0.223698 0.345225 -0.216410 -0.159070 0.000037 0.002316 0.192678
-0.075511 -0.000063 0.323833 0.037867 -0.000031 0.144246 -0.288309 -0.461112 -0.005679 0.000142 -0.000140 0.000032 0.000197 0.205130 -0.000056 0.460731 -0.122459 0.258557 0.138254 -0.100684 -0.007117 -0.197741 0.364735 0.169639 -0.294301 -0.000073 0.002847 -0.046126
0.112537 0.000054 0.125861 -0.432281 -0.000112 -0.282680 0.094947 -0.027168 0.036785 -0.000129 -0.000142 -0.000061 0.000220 -0.004372 -0.000066 -0.029535 -0.090585 0.136628 -0.189240 0.506375 -0.045127 0.072991 -0.306887 -0.005562 -0.574922 0.000039 0.001066 0.397402
0.133247 0.000093 -0.001382 -0.001886 0.000064 0.137471 0.311653 -0.497629 -0.247901 0.000040 -0.000063 -0.000033 0.000063 -0.030990 0.000144 -0.455217 0.241043 0.058196 -0.020781 -0.193917 0.394756 -0.032202 0.166910 -0.078753 -0.313533 -0.000182 0.001722 0.013122
-0.502812 0.000225 0.087302 0.237635 0.000387 0.106132 0.048013 0.504445 0.337673 -0.000009 -0.000013 0.000107 0.000209 0.103132 0.000274 -0.337057 0.191844 0.004660 0.135628 0.226038 0.078657 0.348165 -0.331675 0.079513 -0.579747 0.000154 0.001373 -0.278435
-0.327601 -0.000136 0.703696 0.125871 -0.000672 -0.070691 -0.106496 -0.032684 0.115363 0.000142 0.000142 0.000155 0.000301 -0.033805 0.000224 0.523731 -0.014491 0.096632 -0.460248 0.389771 -0.007975 0.338999 -0.306795 0.041358 -0.110199 -0.000062 0.000452 0.101641
0.106548 -0.000133 0.143958 -0.217354 0.000106 0.258812 0.015325 0.150944 -0.012534 -0.000159 -0.000006 0.000026 -0.000041 -0.108798 0.000120 0.089889 -0.242151 -0.001938 -0.205736 0.012193 -0.278120 0.332083 -0.000707 0.162784 -0.295727 -0.000041 0.000542 0.055494
0.303740 -0.000166 0.277947 0.503533 -0.000098 -0.256447 0.105433 0.130155 -0.465774 -0.000019 -0.000036 0.000101 0.000234 0.028710 0.000147 0.418069 -0.044461 0.157289 -0.603499 -0.285120 -0.223810 -0.004216 -0.293074 -0.156125 -0.306980 -0.000092 0.001781 0.044605
-0.119131 0.000000 -0.310038 0.489593 -0.000649 -0.192565 -0.041632 0.281816 -0.152450 0.000087 0.000038 0.000005 0.000229 0.256066 -0.000223 0.027976 -0.418529 0.099856 -0.310941 0.262481 -0.559846 -0.021847 0.035896 0.380782 0.046980 -0.000170 0.001302 0.070121
-0.061767 0.000104 -0.025030 -0.075119 0.000195 -0.111150 -0.299216 -0.484864 0.116954 0.000203 -0.000042 0.000074 -0.000046 -0.195449 -0.000054 -0.008919 0.416098 0.276940 0.174793 0.244868 0.203616 0.034710 0.635475 0.103832 0.305259 0.000149 0.001827 -0.194320
-0.595905 -0.000074 0.018836 -0.315475 -0.000289 0.347569 0.120391 -0.192426 -0.198136 -0.000089 0.000019 -0.000056 -0.000010 -0.505984 -0.000048 0.241676 0.078868 0.059456 -0.272040 -0.138413 -0.259072 -0.150912 0.266201 0.497493 -0.000519 -0.000035 0.000981 -0.028021
-0.439728 -0.000109 -0.391993 0.105506 -0.003007 -0.415243 -0.076052 0.155180 -0.496238 -0.000182 0.000000 -0.000031 -0.000640 0.158510 -0.000046 0.308430 0.122274 0.151167 -0.025920 0.027222 0.111239 0.118024 0.057063 0.545361 0.107644 0.000027 0.002048 0.271319
0.107778 -0.000090 -0.018283 -0.530564 -0.000067 0.133979 0.418265 0.786983 0.394916 -0.000134 -0.000006 -0.000063 -0.000011 -0.012651 -0.000130 0.102869 0.192297 -0.068581 0.230477 -0.120674 0.144535 0.546468 0.160327 -0.396600 -0.374145 -0.000018 0.002212 -0.479337
0.256884 0.000013 -0.375861 0.289433 -0.000088 -0.079981 -0.012464 -0.134788 0.264093 -0.000208 0.000077 -0.000059 -0.000210 0.278540 -0.000165 -0.055797 -0.096181 0.082514 0.469144 -0.344040 0.440195 0.318405 0.153765 0.146781 0.072366 -0.000024 0.001286 0.007837
-0.179540 0.000098 -0.141558 0.454619 0.000412 0.399350 -0.402194 0.200556 -0.552627 0.000101 -0.000043 -0.000008 0.000072 -0.310466 0.000053 -0.237448 0.263393 0.222524 0.165600 0.228895 -0.048572 0.153432 0.005476 -0.165180 0.202489 0.000081 0.001858 0.618570
-0.372417 -0.000032 0.377746 0.112910 -0.000010 -0.024815 0.026929 -0.530440 -0.079704 -0.000290 0.000027 -0.000033 0.000251 -0.456252 0.000106 -0.050318 -0.025404 0.028172 -0.206545 -0.143975 0.239660 0.386997 0.050584 0.619892 -0.348038 -0.000162 0.001664 -0.147603
0.132041 -0.000034 -0.310288 0.073000 0.000126 0.090448 0.072018 -0.102554 -0.005316 -0.000081 -0.000124 0.000134 0.000084 0.105770 0.000296 0.204323 -0.362673 0.099779 0.161204 -0.133251 -0.286791 0.066774 0.264322 0.401280 0.119023 0.000267 0.002315 0.266972
-0.326738 0.000123 -0.216172 -0.087012 -0.000199 -0.625361 -0.251286 0.203715 -0.068947 0.000203 -0.000001 0.000026 -0.000097 -0.171179 -0.000171 0.109701 -0.069729 0.217685 -0.087228 0.440300 0.553042 0.255887 -0.169327 0.385391 0.085953 0.000023 0.002022 0.110350
-0.177196 0.000128 0.088145 -0.370315 -0.000027 0.033266 -0.173531 -0.522934 0.611169 -0.000074 -0.000028 -0.000037 -0.000020 -0.419989 0.000070 -0.102246 -0.146453 0.090817 -0.129729 0.062944 0.622863 0.283518 -0.183691 0.393033 -0.138290 -0.000129 0.001172 0.136346
-0.411619 0.000070 -0.310684 0.378076 0.000100 0.525619 0.202644 -0.335636 -0.312799 0.000106 -0.000247 -0.000024 0.000093 0.170512 -0.000019 -0.174844 0.176221 0.004556 -0.213576 0.373642 0.139711 0.050389 0.080453 -0.648057 0.001808 -0.000104 0.000751 0.034609
-0.030257 0.000028 0.097537 -0.267295 0.000375 -0.508958 0.333749 -0.325951 0.181285 -0.000257 -0.000139 0.000052 -0.000090 -0.442378 0.000024 -0.051237 0.002227 -0.017697 -0.488633 0.309612 0.252430 0.011998 -0.198429 -0.236492 0.162406 -0.000061 0.001235 0.217768
0.105807 0.000105 0.224032 0.171000 -0.000171 0.189153 -0.306841 0.073447 0.167602 -0.000053 0.000102 -0.000072 -0.000061 0.615649 -0.000147 0.008083 0.235638 0.000012 0.205747 0.129021 -0.264812 0.499010 0.432244 0.326831 0.161131 -0.000147 0.001036 0.054448
0.424480 0.000118 0.411967 0.282592 -0.000019 0.044005 0.335931 0.461798 -0.008691 0.000012 0.000096 -0.000069 -0.000092 -0.014542 -0.000377 -0.439467 -0.006873 0.112070 0.108685 0.336831 -0.076032 0.092443 0.288153 -0.327101 -0.316506 -0.000093 0.001867 -0.059869
0.000992 -0.000128 0.096964 0.247252 -0.000669 -0.178209 0.358627 0.030501 -0.080954 0.000015 -0.000229 0.000050 0.000135 0.180533 -0.000074 0.176344 -0.270193 0.264563 -0.074639 0.036946 -0.608036 0.249497 0.148015 0.221427 -0.412255 -0.000158 0.000371 0.095785
-0.342389 -0.000035 0.612660 -0.450507 -0.000176 0.095968 0.040199 0.306845 0.267670 -0.000131 -0.000067 -0.000026 -0.000092 -0.119073 0.000187 -0.162881 -0.209446 0.081600 -0.318477 0.196229 0.291450 -0.603751 0.514262 0.110273 0.045279 -0.000062 0.001775 -0.603725
-0.220710 -0.000208 -0.453696 -0.008265 -0.000014 -0.421616 0.058261 -0.374126 -0.253655 0.000066 -0.000079 0.000039 -0.000236 -0.033565 -0.000046 0.570185 0.154199 -0.004937 0.115166 0.125976 0.077929 -0.128829 0.114849 -0.077166 0.482370 0.000029 0.001576 0.468067
0.378457 -0.000051 -0.485729 0.286417 -0.000008 -0.277466 0.288402 -0.078577 0.295397 0.000030 -0.000149 -0.000199 -0.000121 0.017329 0.000221 0.100232 0.446311 -0.022137 0.455967 0.170041 -0.410933 -0.048431 -0.362759 0.075581 0.326643 0.000149 0.003012 -0.287128
-0.006018 -0.000077 0.080307 -0.086298 -0.000538 0.085780 -0.164182 -0.033004 0.257829 -0.000041 0.000074 0.000022 -0.000114 0.362216 0.000081 0.152820 0.063590 -0.014321 0.280990 0.199116 0.576222 0.045542 0.231842 -0.308258 0.013304 -0.000052 0.001225 -0.239797
0.236632 -0.000045 -0.162258 0.086402 -0.000064 -0.535789 0.159062 0.195735 0.328525 -0.000004 -0.000002 -0.000033 -0.000131 -0.254317 -0.000229 -0.092621 -0.235433 0.039470 0.193479 0.328835 -0.058700 -0.118980 -0.226609 -0.077024 -0.126048 -0.000065 0.000588 -0.734559
0.007541 -0.000109 0.306475 0.133036 -0.000115 0.010627 0.696503 0.195986 -0.406297 0.000063 -0.000041 -0.000023 0.000004 0.303017 -0.000057 -0.014488 0.138545 0.151814 0.122894 0.059433 0.016097 -0.482431 0.303164 -0.211469 0.106813 -0.000059 0.000500 0.048909
-0.083627 -0.000036 -0.434852 -0.179824 -0.000118 0.141593 0.047262 -0.219427 -0.267000 0.000137 -0.000051 0.000045 -0.000191 0.174402 0.000060 -0.172136 -0.398174 0.289879 0.318549 -0.169687 0.491264 0.002489 0.363162 0.366034 -0.257019 -0.000142 0.002177 0.308967
-0.487529 -0.000015 0.164434 0.586106 -0.000199 -0.477608 0.287931 -0.127608 0.399622 0.000164 -0.000091 -0.000116 -0.000125 0.030531 -0.000174 0.375568 0.261244 0.050981 -0.058641 -0.205621 -0.282846 0.193755 0.058684 -0.170403 0.166689 0.000045 0.003503 0.383772
-0.316486 -0.000039 0.066523 -0.170670 -0.000105 0.219968 0.150334 -0.253222 0.357547 0.000049 0.000220 -0.000103 -0.000042 0.594985 0.000097 0.318385 0.204494 0.216113 0.042071 0.248896 -0.002906 0.574675 0.141602 0.170514 0.139303 -0.000080 0.002569 0.211417
0.295366 -0.000014 0.003634 0.333526 -0.000527 0.354106 -0.398432 -0.221735 0.261880 0.000099 -0.000071 -0.000035 0.000034 -0.222945 0.000009 -0.215020 -0.529912 0.343701 -0.183799 0.287403 -0.065425 0.047204 -0.249006 0.112613 0.091107 0.000056 0.003613 0.026377
-0.154104 -0.000074 0.184287 -0.461222 -0.000081 0.020352 0.177250 -0.519159 0.222906 -0.000158 -0.000076 -0.000025 0.000071 -0.544924 -0.000105 0.793046 -0.014082 0.183246 -0.319628 -0.111717 0.283356 0.088268 -0.240357 -0.297697 -0.367728 -0.000001 0.001840 0.151860
0.002658 -0.000011 -0.537072 0.370737 -0.000447 -0.401415 0.124207 0.043539 0.036713 -0.000062 0.000048 -0.000077 -0.000093 0.135094 0.000158 0.136972 0.075044 0.188591 0.247274 0.329846 -0.360985 0.021383 -0.084251 -0.288455 -0.156942 0.000210 0.001597 -0.364957
-0.084782 0.000137 0.256559 -0.038897 0.000025 -0.397417 0.204582 0.310581 0.405775 -0.000105 -0.000066 0.000062 -0.000129 -0.257831 0.000388 -0.331682 0.334789 0.232215 0.067844 0.283613 -0.183849 0.057702 -0.195378 -0.146572 -0.072204 0.000013 0.001870 0.272838
0.330219 -0.000035 -0.157603 0.177215 -0.001148 0.045208 -0.040048 -0.040043 0.000221 0.000101 0.000141 -0.000035 -0.000080 -0.219232 0.000040 -0.608779 -0.090547 0.251822 -0.123203 0.211549 0.000194 -0.351807 -0.042937 0.080944 0.241295 0.000091 0.001396 0.035907
0.045278 0.000037 0.149367 0.338331 -0.000275 -0.119527 0.078079 -0.182031 0.449667 0.000166 -0.000071 0.000047 -0.000408 -0.627406 -0.000103 0.306819 -0.418713 0.075154 -0.102286 0.025973 -0.323987 0.335195 0.023805 -0.193993 -0.075988 0.000110 0.001194 0.517618
0.051229 0.000085 0.177733 0.034489 -0.000016 -0.383089 -0.123881 -0.244100 0.031320 0.000045 0.000053 -0.000080 -0.000027 -0.090807 -0.000418 0.037857 -0.054072 0.071490 -0.102735 0.108698 0.044061 -0.294321 -0.184372 -0.089700 0.269175 0.000455 0.000912 0.522380
0.145750 0.000039 -0.155177 0.069474 -0.000137 -0.009291 -0.209738 0.057810 0.116602 -0.000036 -0.000164 -0.000110 -0.000074 0.373296 -0.000116 -0.137815 -0.034911 0.099847 -0.233457 0.523997 -0.364449 0.181315 -0.127430 -0.405777 -0.208011 -0.000103 0.001542 0.000020
0.447306 -0.000036 -0.435136 -0.187096 -0.000183 0.014520 -0.232491 -0.344994 0.020912 0.000198 0.000027 0.000029 0.000059 0.459291 -0.000297 -0.362059 0.669243 -0.000157 -0.076067 0.028402 -0.125338 -0.170099 0.669827 0.068786 0.564320 -0.000091 0.001684 -0.344476
0.280017 0.000158 -0.181494 -0.332220 -0.000553 -0.436011 -0.048536 0.282154 -0.126921 0.000037 -0.000058 -0.000055 -0.000039 0.424446 0.000088 0.150590 0.619263 0.018793 -0.063593 0.231713 0.142431 -0.074455 0.170534 -0.468280 0.432128 0.000052 0.002007 0.356024
0.107817 -0.000017 -0.164652 -0.021219 0.000346 0.124291 -0.061458 -0.104620 0.064725 0.000107 0.000189 0.000034 0.000016 0.151440 0.000157 -0.008880 0.362745 0.141276 -0.209275 -0.066371 0.361505 0.068817 -0.076539 -0.323123 0.191303 0.000130 0.002491 -0.134187
-0.032938 -0.000017 -0.000045 -0.205809 -0.000088 0.088744 -0.398645 -0.199290 0.002730 0.000049 -0.000272 -0.000132 -0.000189 -0.195216 -0.000111 -0.363824 0.097274 0.244745 -0.483178 0.151401 0.469667 -0.205120 0.047885 -0.295702 -0.108425 -0.000055 0.001081 -0.381809
0.111810 -0.000066 -0.270731 -0.358606 -0.000064 -0.188747 0.132697 0.638940 -0.104285 0.000050 0.000045 -0.000003 -0.000120 -0.407883 0.000053 -0.161127 0.018692 0.337818 -0.058870 0.097088 0.264573 0.369291 -0.198592 0.182603 -0.053441 -0.000095 0.000669 -0.031287
0.052123 0.000029 -0.292199 0.175811 -0.000219 -0.547317 0.253832 0.143440 0.003326 0.000036 -0.000010 -0.000058 0.000072 -0.333830 -0.000125 0.127632 -0.460319 0.300155 0.042665 0.178121 0.031340 0.370374 0.137814 0.174306 -0.133916 0.000096 0.001095 -0.280526
-0.198755 0.000139 -0.061404 0.103971 -0.000304 0.096130 -0.040916 -0.198458 0.422313 0.000095 -0.000137 0.000056 -0.000110 0.615034 0.000383 -0.198262 0.046060 0.141323 0.330224 0.582144 -0.192789 -0.078795 -0.100124 0.026961 -0.154466 0.000212 0.001091 0.268488
0.056391 0.000003 0.000848 -0.220669 -0.000091 0.053177 -0.129280 -0.079874 0.364351 0.000183 0.000045 -0.000026 -0.000007 -0.126630 0.000106 -0.239709 -0.353839 0.235891 0.324387 0.221564 -0.631593 -0.179557 0.349106 -0.009352 -0.083599 0.000093 0.001276 0.535894
0.176042 -0.000111 0.010983 -0.639082 -0.000063 0.111350 0.222889 0.163064 -0.427409 -0.000035 -0.000139 -0.000010 -0.000120 -0.423066 -0.000100 0.228775 0.508405 0.007067 0.498984 -0.282814 0.235135 0.069643 0.200257 -0.054614 -0.229472 -0.000038 0.002596 0.134714
0.181935 0.000161 -0.110510 0.053692 0.000093 -0.605134 -0.026092 -0.025194 -0.048803 0.000102 -0.000085 -0.000009 0.000156 0.415489 0.000175 0.193251 0.556412 0.073735 0.262083 0.157860 0.667397 0.250391 -0.221863 0.223463 0.391247 -0.000105 0.002838 0.418822
-0.134161 0.000055 0.076721 0.138519 0.000031 0.073273 -0.380116 0.547204 -0.339252 -0.000137 -0.000067 -0.000036 -0.000437 -0.651928 0.000058 0.190582 -0.004333 0.156226 -0.098681 -0.157109 -0.010401 0.083165 0.099721 -0.170894 0.088063 0.000006 0.001963 0.255436
0.399279 -0.000053 0.175108 0.174045 0.000450 -0.142173 0.341124 -0.122772 0.302333 -0.000048 0.000086 -0.000120 0.000004 0.308491 -0.000201 -0.157093 -0.504603 0.072151 -0.195031 -0.368147 0.025672 -0.246879 0.420222 0.087159 0.237710 -0.000209 0.001374 -0.159495
0.029726 -0.000073 -0.212501 -0.012875 -0.000141 -0.240215 -0.304731 0.080308 0.021807 0.000079 0.000016 -0.000076 -0.000506 0.140991 0.000115 -0.218307 0.095668 0.000020 0.592513 0.222039 0.171284 -0.726335 0.259337 0.058861 0.214498 0.000107 0.002445 0.113435
-0.244839 0.000090 0.022560 0.144407 -0.000116 0.164219 -0.053727 0.380612 0.006688 -0.000060 -0.000217 0.000044 0.000017 0.007028 0.000097 0.279384 -0.555491 0.147670 0.019452 0.090972 0.469390 -0.399074 0.180480 -0.412184 0.592812 -0.000022 0.001108 0.139392
0.357229 0.000031 -0.023629 0.387277 -0.000149 -0.000024 -0.040624 -0.299077 0.092104 0.000217 0.000088 0.000078 0.000001 0.104546 0.000279 -0.093859 -0.326291 0.253760 0.485931 -0.019256 -0.374153 -0.172013 0.338227 -0.068733 -0.409212 -0.000087 0.000490 0.141076
-0.073788 0.000028 0.036308 0.110775 -0.000465 0.398513 -0.020917 -0.059051 0.015250 0.000042 -0.000083 0.000059 0.000059 -0.138974 0.000275 -0.240192 0.403688 0.116846 0.773915 0.272613 -0.241266 -0.007672 0.013868 -0.004534 -0.243084 -0.000074 0.000544 0.011131
-0.263127 0.000148 0.189792 0.025246 -0.000318 -0.326838 -0.052881 -0.098483 -0.575063 -0.000033 -0.000072 0.000023 0.000091 0.207322 0.000179 -0.108956 0.034933 0.145335 -0.360792 0.258235 0.446309 -0.660853 0.111765 -0.028721 -0.019120 0.000053 0.001289 0.447127
0.103555 0.000183 0.172428 0.332869 0.000145 0.243773 0.086892 0.080511 -0.363675 0.000052 0.000008 -0.000017 0.000001 -0.621195 0.000039 -0.195076 0.381900 0.224820 0.013734 0.224955 0.398503 0.425875 -0.173986 -0.266927 0.264454 -0.000037 0.001862 -0.174798
-0.243479 -0.000038 -0.261325 0.466285 -0.000375 -0.176622 -0.368266 -0.362151 -0.116132 0.000136 -0.000157 -0.000011 -0.000528 -0.401926 -0.000085 0.200104 0.322001 0.237534 -0.027912 0.336755 -0.063420 0.336582 0.031775 -0.002307 0.133261 -0.000115 0.000857 -0.357836
-0.545549 -0.000053 -0.482952 0.156607 -0.000084 -0.006929 0.161570 0.181012 0.467779 -0.000224 0.000181 -0.000002 -0.000071 -0.006593 -0.000177 -0.162975 0.145463 0.209350 0.279213 0.265397 0.249811 -0.256854 -0.248453 -0.048628 0.163481 -0.000167 0.002184 -0.487261
-0.042381 -0.000017 -0.152159 -0.006360 -0.000011 -0.155635 0.031375 -0.025098 -0.115293 -0.000127 0.000006 0.000041 -0.000006 0.326602 -0.000119 0.327100 -0.100134 0.310731 -0.509657 -0.120094 0.182799 -0.123226 -0.038449 0.255789 0.306296 0.000084 0.001650 0.149568
0.012689 -0.000193 0.071451 0.221231 0.000218 -0.234272 -0.484558 0.359633 -0.107115 0.000225 -0.000025 -0.000022 0.000009 -0.457674 0.000171 0.110778 -0.427194 0.004755 0.061149 0.094630 -0.006530 -0.228028 0.127982 -0.047944 0.468231 0.000007 0.000409 0.343195
-0.147834 0.000006 -0.427380 -0.160993 -0.000016 0.198639 -0.014628 0.248404 0.282096 -0.000157 0.000161 0.000090 -0.000290 -0.662916 0.000028 0.200685 -0.003503 0.037768 -0.236030 -0.153605 0.017491 0.326342 -0.178587 -0.307110 0.494399 0.000072 -0.000210 0.153971
0.483545 -0.000104 -0.131390 -0.371331 -0.000089 -0.006929 -0.052053 -0.151514 -0.023046 0.000062 -0.000012 -0.000032 -0.000032 -0.591823 0.000299 -0.298588 0.038478 0.137014 0.003075 0.234577 -0.302211 0.389863 0.678501 -0.080558 0.014878 -0.000020 0.002087 -0.006828
-0.259534 -0.000269 0.295906 0.070818 -0.000718 0.363140 -0.085808 0.103949 -0.486387 0.000037 -0.000001 0.000015 -0.000070 0.084587 0.000060 0.046134 0.555208 0.159219 0.112632 0.364795 -0.079743 -0.105572 -0.449291 0.026641 0.117834 0.000019 0.001742 0.171724
0.137998 0.000010 -0.136854 -0.236345 -0.000134 -0.077798 0.337969 0.101012 -0.360719 0.000098 -0.000013 0.000029 0.000257 -0.122911 -0.000055 0.363265 0.368210 0.145622 -0.203624 -0.243248 0.010370 -0.206565 -0.201776 -0.035911 -0.175215 -0.000076 0.001211 -0.230324
-0.153394 -0.000000 0.155517 0.268076 0.000203 -0.116351 0.259004 0.212357 0.171664 0.000050 0.000059 -0.000011 -0.000102 0.241000 -0.000048 -0.082991 -0.395239 0.268245 0.109978 0.137244 0.027744 0.080653 0.029501 -0.359058 -0.039760 0.000130 0.002782 0.432933
0.310918 0.000030 -0.143509 -0.024186 -0.000043 -0.197879 0.042867 0.514273 -0.219204 -0.000042 -0.000031 -0.000017 0.000285 -0.100646 -0.000060 0.192872 -0.115083 0.273300 0.187753 0.215117 0.382287 0.056443 -0.150044 -0.095608 0.623106 -0.000164 0.001106 -0.024845
-0.546015 0.000083 0.031680 -0.197704 -0.000411 0.405860 0.090736 0.220736 -0.038978 -0.000228 -0.000011 0.000064 0.000137 -0.339199 0.000048 0.033415 -0.138876 0.250693 0.249887 -0.096608 0.288006 0.017880 -0.167630 0.450627 0.119920 0.000097 0.001466 -0.249200
-0.176203 -0.000113 -0.152221 0.255096 0.000342 0.173986 0.324487 -0.017257 0.149612 0.000085 0.000098 -0.000045 -0.000076 -0.239350 -0.000023 -0.067853 -0.361675 0.054558 -0.329863 0.187040 -0.124276 -0.167661 -0.353697 -0.214598 0.414302 0.000090 0.002583 0.086269
-0.036399 0.000063 -0.081643 0.087596 0.000211 -0.016254 0.033519 0.335222 -0.176846 0.000029 -0.000126 0.000162 -0.000037 -0.291254 -0.000123 -0.188532 0.186895 0.214585 -0.371297 0.238412 -0.469305 0.323379 0.173671 -0.039358 0.085281 0.000270 0.001480 0.123443
0.163948 0.000051 0.129217 -0.217278 -0.000445 -0.022924 -0.017649 0.050742 -0.369435 0.000065 0.000259 -0.000023 -0.000021 -0.151482 0.000223 0.331548 -0.056938 0.133792 -0.719850 -0.390779 -0.021233 0.020944 0.309858 0.150807 -0.286241 0.000469 0.001710 -0.324232
0.112207 0.000055 0.081100 -0.386718 0.000041 0.094203 -0.160309 0.418270 0.020430 -0.000284 0.000029 0.000010 -0.000119 0.385619 -0.000011 -0.292470 0.195358 0.004016 -0.151671 -0.237145 -0.142558 -0.294262 0.098134 -0.164778 -0.110756 0.000320 0.002312 0.260930
0.284825 0.000026 -0.958103 0.619181 0.000228 0.106540 -0.173768 -0.359789 -0.561155 -0.000048 -0.000038 0.000048 -0.000423 0.220538 -0.000010 -0.206696 0.088994 0.468713 -0.145768 -0.051184 0.128271 0.070526 0.038298 0.009064 -0.226473 0.000207 0.001617 -0.037136
-0.106602 -0.000091 -0.088525 -0.439636 0.000233 -0.240151 0.132614 0.122053 -0.160460 -0.000277 0.000011 0.000048 0.000037 0.127717 -0.000068 -0.287274 -0.062129 0.147053 -0.601194 -0.337383 0.615685 -0.060267 0.693355 -0.345903 -0.445803 0.000064 0.001538 -0.043548
0.209876 0.000037 0.281953 -0.084316 0.000065 0.259189 -0.136034 -0.033608 -0.039739 -0.000104 -0.000081 -0.000011 0.000077 0.020806 0.000377 -0.105515 0.342564 0.064635 -0.421123 0.144000 0.387564 -0.215019 -0.200212 -0.268310 -0.239717 -0.000115 0.001633 -0.486947
-0.030795 -0.000042 0.026211 0.177144 0.000072 0.126463 0.358259 -0.083887 -0.027172 -0.000093 -0.000061 0.000012 -0.000192 -0.014828 0.000042 -0.555652 -0.181524 -0.051528 -0.134539 -0.084864 -0.143798 0.088474 -0.093589 -0.018121 0.090884 0.000065 0.001980 0.298623
-0.294683 0.000007 -0.012895 0.091531 0.000090 -0.062188 -0.129342 -0.013714 0.097608 -0.000006 0.000043 0.000022 -0.000123 0.093893 0.000157 0.094734 -0.049659 0.106541 0.011412 0.085868 0.586438 -0.235235 -0.140449 -0.013671 0.150235 -0.000095 0.000537 -0.070455
-0.435928 -0.000045 -0.481974 0.404096 0.000144 0.109990 0.071820 -0.199579 0.020650 0.000019 0.000052 0.000000 -0.000110 0.192587 0.000158 -0.074997 0.071827 0.167678 -0.088741 -0.014283 -0.296145 0.038811 0.042256 -0.065933 0.019863 -0.000061 0.001028 0.027308
0.126807 0.000136 0.001698 0.229055 0.000113 0.320229 -0.103332 0.154604 -0.265770 0.000049 0.000094 0.000039 -0.000109 0.360387 -0.000056 0.060651 0.142421 0.146955 -0.613833 0.185179 -0.093561 0.594226 0.050795 0.015539 -0.221227 -0.000091 0.000300 0.102586
0.121065 0.000077 -0.139256 -0.388842 -0.000487 0.445334 -0.226574 -0.230171 -0.118471 0.000047 -0.000043 -0.000039 -0.000008 0.294899 -0.000389 0.255204 -0.052501 0.144724 -0.170363 0.384835 -0.425461 0.057440 -0.010445 0.153494 -0.511592 0.000129 0.001349 -0.173123
-0.083776 -0.000146 0.091508 0.523448 0.000101 -0.458920 0.349717 0.042244 -0.324493 0.000027 0.000006 -0.000019 -0.000564 0.166904 -0.000117 0.002289 0.016778 -0.002036 0.091346 0.490252 0.571129 -0.021779 0.075185 -0.183794 0.112376 0.000059 0.001629 -0.310364
0.001082 0.000123 0.418117 0.486825 -0.000058 -0.372554 -0.550255 0.169376 -0.472572 0.000081 0.000006 -0.000024 -0.000073 0.128523 0.000206 0.229012 -0.402916 -0.005096 0.147976 -0.211057 0.710190 0.092417 -0.308131 0.578232 -0.188092 -0.000009 0.000407 0.417199
0.058704 0.000069 0.097295 0.649275 -0.000098 0.199514 0.201927 -0.201346 0.317507 -0.000027 0.000055 -0.000045 0.000051 -0.143781 -0.000026 0.014235 -0.150017 0.002288 0.487791 0.068949 0.252510 -0.176103 -0.597281 -0.030825 -0.082647 -0.000013 0.000915 0.049609
