-6.146550
-0.006001
0.023176
0.218014
0.027187
-7.545460
2.910724
-5.337543
-0.008254
0.855812
0.009784
-6.250512
-4.931936
-6.642662
0.004517
1.929664
-8.314476
6.255298
-0.013672
0.019226
0.004071
-5.608443
-0.001925
0.024836
-3.334408
-1.698600
-0.001239
-7.104235
-0.004825
7.346544
-0.001144
6.370137
0.026805
-0.007859
2.535876
-6.967237
4.003291
0.006648
0.009132
-5.034376
-7.210264
5.957266
0.013730
-0.002816
0.776596
-5.690238
-0.013888
-0.022633
0.011746
-0.015545
-6.074290
-5.842847
-6.624090
6.655377
0.003205
0.003283
-5.020429
0.000552
0.003756
-0.006135
-5.195287
-5.177371
-5.786381
-0.015976
0.017256
-0.000066
-7.334228
-0.006440
0.034309
-0.008063
-5.435126
-0.001039
-3.246129
-0.013064
-0.005916
-3.659215
-4.829101
-0.018306
-4.312057
0.001380
0.011688
5.123983
-6.969137
0.006716
-6.015692
0.001347
0.016807
-6.885079
3.834460
0.020811
-0.001076
-8.313914
-0.017602
-7.584779
0.016631
-0.003096
-2.736509
0.019613
-6.353464
-0.014475
-3.826894
5.574644
-5.554593
-7.437491
-7.564202
0.007759
-0.011175
5.601821
-0.011009
-0.004599
-6.993441
5.069729
-3.679489
-5.824334
0.002110
-7.888404
-6.328978
-4.087008
-0.010679
-6.236204
-3.559300
-0.017038
-5.848526
0.018553
-6.105730
0.012770
0.004414
4.952521
0.015798
1.909328
-4.115263
-6.517120
-6.167904
