-0.161585
-0.228013
-0.002027
-0.013096
-0.017419
-0.000108
-0.001393
-0.000067
-0.001870
-0.002368
0.472407
-0.001873
-0.001313
-0.162505
-0.309913
0.003815
-0.002697
-0.003828
-0.313420
0.002613
-0.001592
-0.024562
-0.000840
0.177754
-0.313941
-0.001548
-0.001273
-0.365155
-0.368009
0.099963
-0.001173
0.045164
0.001247
-0.009806
-0.329247
-0.336805
-0.001628
-0.000821
-0.435112
-0.001295
-0.001013
-0.000707
-0.000073
-0.790893
0.184665
-0.002483
0.000759
0.000006
-0.004610
-0.185850
-0.002740
-0.003758
-0.179461
-0.000282
-0.010706
-0.002508
-0.002505
-0.000939
0.000478
-0.001879
-0.003870
-0.048967
-0.000873
-0.001663
-0.000874
-0.500142
-0.001081
0.220598
-0.261331
-0.003405
-0.000578
-0.002282
0.008069
0.335447
-0.004909
-0.009846
0.000026
0.300767
-0.177020
-0.002671
0.000847
-0.002439
-0.002626
-0.001111
0.000361
-0.016805
-0.009097
-0.347091
-0.009281
-0.002155
0.000017
0.358670
0.002671
-0.006225
-0.365365
-0.293343
0.001893
-0.244418
-0.001616
-0.232004
-0.397657
-0.195352
0.000346
-0.294778
-0.000454
0.077022
-0.001812
-0.439267
-0.160095
-0.001801
-0.002768
0.000926
0.205583
-0.000552
-0.205145
-0.249829
-0.300722
-0.002337
-0.002473
-0.469729
-0.002118
-0.347327
-0.334287
-0.395523
-0.001318
-0.256423
-0.000867
-0.334828
-0.001597
-0.217712
0.000209
-0.003112
-0.001042
-0.018441
-0.006157
-0.313159
-0.001672
-0.007416
-0.001908
0.321644
-0.530516
-0.001130
-0.003675
-0.004863
-0.000060
-0.003603
0.290213
0.255800
-0.001106
0.001013
0.324728
-0.001082
-0.362952
-0.452666
