0.412811
-0.140466
-0.188543
-0.009458
-0.482882
-0.010499
-0.001484
-0.000069
-0.001302
0.467667
0.000171
-0.183259
-0.076454
-0.436815
-0.005002
0.003994
0.336122
-0.313774
-0.492037
0.363927
0.425697
-0.001317
-0.003533
-0.002340
-0.000079
-0.238602
-0.561081
-0.192146
-0.000944
-0.503061
0.408429
-0.461673
-0.001324
-0.006535
0.003957
-0.141382
-0.000592
-0.000194
-0.263116
-0.000592
-0.457794
-0.425405
-0.002024
-0.342451
-0.231452
-0.279963
-0.000351
-0.374320
-0.001162
0.002045
0.450596
-0.233906
-0.001197
-0.225208
-0.003209
-0.097971
-0.308318
0.004672
-0.001261
0.310519
-0.338773
-0.015493
-0.001076
0.495174
-0.333114
-0.001643
-0.003927
-0.007718
-0.512217
0.004068
-0.643633
0.000469
-0.000915
-0.001010
-0.000264
-0.329880
-0.000949
0.000892
-0.002187
0.000496
-0.073000
-0.007282
-0.003116
-0.000737
-0.001721
0.003165
-0.349758
-0.001088
-0.591670
-0.004003
-0.001293
-0.001567
-0.298386
-0.000659
-0.001729
-0.000017
-0.001254
0.368798
-0.255819
-0.241782
-0.426482
-0.292386
-0.162460
-0.302140
0.000070
-0.008197
-0.001770
-0.000470
-0.287270
-0.439286
-0.000767
-0.192078
-0.002098
-0.003138
0.442881
-0.398990
0.286651
0.356892
-0.003015
-0.001113
0.003393
