-0.060073
-0.003586
-0.003745
-1.467697
-0.198983
-0.005207
-0.026602
-0.195190
-0.008713
-0.000204
0.009811
-0.000630
-0.005699
-0.745762
0.345500
-0.261612
-0.223127
-0.001998
-0.004633
-0.609162
-0.002028
-0.127253
-0.000761
-0.016541
-0.004061
0.264601
-0.000699
-0.238717
-0.420994
-0.001674
0.002118
-0.000089
-0.133091
0.045714
-0.301639
-0.148284
-0.012629
-0.010899
-0.003037
-0.432837
-0.241152
-0.005130
-0.000044
-0.002848
-0.013046
-0.270042
-0.003153
-0.007135
-0.002445
-0.001690
-0.143961
0.090852
0.280877
-0.256918
-0.641616
-0.361010
-0.001701
-0.002000
0.000814
-0.002469
-0.330597
-0.005077
-0.000665
-0.013902
-0.119695
-0.963789
-0.013240
-0.003655
-0.530136
-0.017780
-0.213209
-0.001519
-0.001545
-0.006749
-0.098365
-0.605822
-0.001606
-0.002298
-0.000836
-0.366355
-0.198308
-0.006033
-0.048886
-0.013037
