-8.543365
7.355086
-8.722466
-0.007473
-7.721405
5.962754
6.948864
0.001420
-7.681796
-0.006507
-0.000667
0.008126
-9.954501
-7.323343
3.406438
-7.358423
1.259006
-6.292577
-6.145117
-0.000793
8.142375
-7.202266
-7.860102
-6.793724
0.001228
-7.200469
-0.000007
-0.007412
0.000149
6.295666
-6.582679
-8.218193
-0.000030
1.266116
-6.754809
0.009108
0.575967
0.003541
-7.947518
-0.002825
-0.005368
1.131344
-0.001669
-6.733414
-0.009010
6.589263
0.009225
-0.003498
-9.454394
4.936685
5.263096
-0.000122
-7.875347
-8.150229
-8.287271
-7.447603
