-0.005473
-0.302535
0.180140
-0.001089
-0.000302
-0.002701
0.001238
-0.003660
-0.011699
0.003367
0.308639
-0.001131
-0.373509
0.151122
-0.004943
-0.009353
0.266726
-0.061370
-0.282442
-0.073551
-0.003986
-0.000437
0.152345
-0.001717
0.048341
-0.002316
-0.001400
-0.000326
-0.318550
-0.418047
-0.012241
0.302992
-0.004179
-0.002683
0.120317
0.001152
-0.001467
-0.076767
-0.005975
-0.009734
-0.176140
0.216088
-0.307659
-0.000204
-0.001000
-0.456436
-0.009563
-0.002869
0.001786
0.361169
0.000944
-0.299613
0.000654
-0.001973
-0.001541
-0.005815
0.000208
-0.497194
-0.092268
-0.004096
-0.002413
-0.007177
-0.008021
0.002534
-0.003845
-0.183293
-0.001414
-0.000881
0.215860
-0.044766
-0.000130
-0.002006
0.017811
-0.020398
-0.000581
-0.000042
-0.158401
-0.002499
-0.000554
-0.005964
-0.000719
-0.000613
-0.001194
-0.001309
-0.002310
-0.000225
-0.001588
-0.207389
-0.041666
-0.002240
-0.000122
0.259534
-0.100112
0.000790
0.000392
0.058018
-0.002357
-0.001689
-0.002427
-0.000908
-0.131253
0.111420
0.265778
-0.001718
-0.001843
-0.004297
-0.003580
-0.000690
-0.000512
-0.001517
-0.372323
-0.200890
-0.307764
0.139173
0.293347
-0.384121
-0.000568
-0.000566
0.231858
0.395766
-0.003780
-0.487923
-0.000337
0.001561
-0.172363
-0.003532
0.001467
0.170243
-0.268308
-0.112129
0.281813
0.001007
-0.000787
-0.003492
0.205083
-0.212186
0.295162
0.003206
-0.491254
