0.011285
3.093473
-0.080735
0.818884
0.006683
-0.000432
1.253880
-0.033136
-1.858065
1.715535
0.003870
0.000162
0.010396
2.073368
-0.016203
-0.001276
-0.010319
0.018309
-1.823188
-0.664636
2.058511
0.019989
0.905764
0.006718
-1.867814
-0.757022
0.375302
0.003733
-0.035356
0.016345
-2.198155
-0.015472
-0.023548
-1.405155
1.177062
-0.186279
-0.017237
0.308149
-0.008015
2.164926
-0.251349
-0.001937
-0.527031
-0.113532
0.209265
-0.030089
0.801564
0.008030
-1.708157
-0.000620
-1.062655
-1.300367
-0.003148
-0.118044
-0.030582
-1.530956
-0.021452
-0.284703
1.361609
-0.011167
-0.000370
-0.050548
-0.395973
-0.107271
0.022285
-1.945522
-0.696837
0.017417
0.000375
0.008870
0.014971
0.000659
-0.553303
0.004683
-0.001131
2.079579
-0.585252
1.789552
-0.300278
-0.000534
1.262237
0.041075
-0.013657
2.808992
2.200276
0.287968
1.157690
0.002092
-0.374069
-0.017442
1.930030
0.000067
-1.691409
0.000840
-1.225093
0.016521
-0.000748
0.004423
-0.000460
-0.000056
-0.011103
-1.148336
-1.580538
-0.190284
0.019630
-0.008317
0.281714
1.762886
-0.675332
-0.047758
2.044084
-0.025739
1.932107
-0.008796
-0.002279
0.016606
0.014001
-1.809091
0.001287
-0.004109
-1.555732
-0.477814
1.869787
0.438167
-2.387372
-0.533347
-0.529546
0.002721
-0.000026
-1.511313
0.070866
-1.367806
-0.023788
-0.383604
0.020610
0.001389
0.100446
1.751092
0.020665
-0.004688
0.031782
0.075815
0.847567
-0.018967
-0.054088
-0.501011
1.670751
1.154378
-0.008985
0.032188
2.050529
-0.010293
0.000237
0.012268
-0.015306
-0.009427
-0.008582
