0.000253
3.382292
0.001943
4.857485
4.313884
0.000903
-0.015671
0.028440
0.006025
3.999977
3.310947
-0.000793
-0.000789
-2.434671
0.000188
-0.000214
0.003534
-0.001233
3.400891
0.000332
0.018594
-0.001007
-1.814571
-2.672491
0.009261
0.005949
0.000295
5.431927
0.010817
3.112465
0.013689
-0.000051
-0.008230
-0.001688
0.029436
0.000845
-0.004887
-2.562646
-0.022214
-3.332140
-0.000996
0.000237
-0.022296
-0.018965
-0.000522
2.733565
-0.001575
0.024874
2.052005
-2.425004
-0.020181
0.030449
0.000197
0.001184
-2.764400
-0.018545
0.000416
-0.018429
4.589777
0.000456
0.000096
0.005505
-0.001311
-0.005268
-0.001043
-0.012606
5.452264
-0.001527
-3.142889
-0.014324
0.007713
0.026803
4.085209
1.951820
-0.027441
0.014595
-0.008046
0.011401
-0.014857
-2.612018
0.013013
4.074679
0.015386
0.014099
-2.745045
0.035863
5.029007
0.001278
0.000487
-0.000135
0.011533
-0.012636
4.552341
0.004589
0.000346
2.780239
-4.926895
3.233026
-2.323908
-0.000854
-4.228355
-0.005327
-0.032684
-0.001789
0.001121
-3.437418
-0.000838
0.002915
0.015155
0.035777
-0.002265
-0.002164
0.007250
3.205805
6.113697
2.765528
-0.003230
2.807730
