0.000858
-0.000803
-0.001811
0.190533
-0.514250
-0.001466
-0.283185
-0.244939
-0.003830
-0.435241
0.308180
0.269437
-0.346029
0.093203
-0.003575
-0.293830
-0.001942
-0.005283
-0.133756
-0.567949
0.034598
-0.001780
-0.230812
0.495440
-0.131382
-0.002738
0.059145
-0.013486
0.270140
-0.103357
-0.000307
-0.005511
0.002464
-0.001524
-0.001878
-0.008996
-0.005653
-0.001019
-0.001160
-0.001958
-0.155476
-0.194154
-0.003139
-0.140227
0.222839
-0.002716
-0.000866
-0.003403
0.000014
-0.000499
0.299097
-0.145916
-0.001373
-0.193286
-0.440110
-0.136130
-0.004888
-0.004484
-0.002517
-0.002014
0.266137
-0.001595
0.001663
-0.000125
-0.303219
0.000051
-0.366371
-0.003875
0.000012
0.001110
-0.003262
-0.000989
-0.000087
0.218077
0.151519
0.003897
0.415717
0.005325
0.474836
-0.005706
-0.254266
0.029168
0.291066
-0.231990
-0.371137
-0.679567
0.002677
