0.010808
-2.989570
-0.025436
-0.000072
-0.001689
0.008951
4.921627
0.000349
0.006065
-0.010190
0.019048
0.003562
2.209689
3.735486
-3.291250
0.021712
3.304454
-0.019676
0.003488
-3.624755
5.581910
0.009544
0.018945
-0.005252
0.001009
-0.009982
0.001437
0.002823
0.002302
0.008411
-2.898850
0.018159
0.000210
0.030090
-0.004216
-2.123194
0.020396
-2.362035
-0.019968
0.001447
-4.853186
0.004696
-0.013686
3.188245
5.961885
0.017756
0.001027
0.018031
0.001981
0.015440
-2.765375
0.001876
0.010557
0.000003
4.308555
-0.024676
-2.419208
0.002255
0.022859
3.081851
0.003061
-0.002149
-0.000055
0.018880
0.035725
4.149039
0.018924
6.816359
-3.199010
0.000025
-0.002044
-0.007486
0.000044
0.000134
-0.000362
0.006031
2.674346
3.818960
0.015436
0.005718
2.963448
-3.079601
2.869052
-0.000817
-0.000514
0.008155
0.030014
3.737410
-5.351328
-0.018113
-3.395659
-2.692728
0.002383
6.621208
-2.145443
0.000092
0.003988
-0.000047
0.013807
-0.019671
-0.022258
-0.000079
-0.000886
4.346594
-0.019773
-0.016989
-0.021614
-0.007302
0.001923
0.023820
3.006989
-0.024206
-0.006078
-3.390263
0.029146
-0.012738
3.715847
-0.011420
-3.584483
0.000136
5.789035
-1.665644
-3.610341
-0.000274
0.000003
5.036220
-0.016783
4.934614
2.295627
-0.008538
3.358378
-0.000013
0.001316
0.033096
6.621992
1.934082
-0.016324
0.007362
-0.001661
4.305879
0.039883
0.000384
-0.001686
0.023564
-0.013433
-0.000082
-0.032223
5.008375
-1.903788
-3.435620
0.001568
5.936193
-0.012907
-0.005808
0.015673
