0.139982 0.056625 -0.400395 0.082718 -0.319251 -0.216556 0.119281 0.352282 -0.000095 0.000039 -0.489442 -0.000023 0.130581 0.281809 0.106217 -0.408110 0.199359 -0.000049 -0.000049 0.000118 0.042711 0.421559 -0.188798 0.030583 0.307704
0.076043 -0.090724 -0.379507 0.283549 -0.048510 -0.203274 0.084621 0.393888 0.000009 0.000119 -0.526007 0.000000 0.324948 0.053579 -0.028805 -0.340641 -0.044535 -0.000096 -0.000075 0.000021 -0.048546 -0.136281 -0.339636 -0.237754 0.400556
-0.042242 -0.408678 0.479697 0.433405 0.227098 -0.001641 0.097002 0.458171 -0.000109 -0.000006 -0.302199 -0.000030 -0.041031 -0.018800 -0.524872 -0.378945 -0.147917 -0.000106 0.000054 -0.000113 -0.171721 -0.129606 0.233508 -0.226388 0.019542
0.335996 -0.053678 0.157338 -0.101850 0.150982 -0.080053 0.362033 -0.038552 0.000029 -0.000017 0.077506 0.000016 0.083665 0.157587 -0.275888 -0.279981 0.028690 0.000011 -0.000058 0.000027 0.174180 0.035819 -0.130124 -0.044646 0.110874
-0.190591 -0.079865 0.047868 0.182221 -0.290907 0.006845 0.243999 -0.354736 0.000034 0.000055 0.131639 -0.000074 0.193053 0.153122 -0.285423 0.310926 0.096285 -0.000101 -0.000078 -0.000221 -0.052142 0.034077 -0.067095 0.189518 0.144066
-0.490470 0.257949 -0.275424 -0.135900 -0.245920 0.021058 0.045222 -0.348078 -0.000035 -0.000042 0.153305 -0.000031 -0.012292 0.295746 0.000302 0.111774 -0.041573 -0.000046 0.000032 -0.000034 -0.271266 0.466632 -0.048728 -0.368648 -0.117980
-0.144654 -0.052751 -0.011934 0.113167 0.425356 -0.119902 -0.071966 0.034138 -0.000015 0.000119 -0.105746 -0.000100 -0.283587 0.301908 -0.139102 0.188723 0.060786 -0.000030 -0.000088 0.000073 -0.029721 -0.274675 0.105163 -0.262597 0.137572
0.025508 -0.087074 -0.192709 0.317508 0.212636 0.036723 -0.020972 -0.182340 -0.000025 -0.000029 -0.415268 -0.000006 0.252283 0.426692 0.295928 0.275691 0.105473 -0.000025 0.000035 -0.000099 0.143852 0.233900 0.026614 -0.137036 0.592240
-0.264193 0.064671 0.388336 0.311682 0.034697 -0.030398 0.221113 -0.234253 -0.000043 -0.000044 -0.147628 -0.000034 0.221760 0.111889 -0.013721 0.106344 0.005465 -0.000109 -0.000036 -0.000066 0.226173 -0.026779 0.491482 0.009114 0.387303
0.431426 -0.031853 0.015028 -0.080383 -0.108855 -0.135267 -0.086856 -0.442409 -0.000001 -0.000033 0.011426 0.000030 0.379004 -0.002365 -0.026324 0.444770 -0.146479 -0.000120 -0.000049 -0.000060 1.122696 -0.298219 -0.151347 -0.275542 0.518839
0.243829 -0.128698 -0.141871 -0.481018 0.278326 0.251703 0.092233 -0.320955 0.000204 0.000092 0.158692 0.000013 0.187852 0.247552 -0.215281 0.078137 -0.144636 0.000019 0.000088 -0.000013 0.749629 0.121310 -0.277893 0.192629 0.026154
-0.270871 -0.125591 -0.122782 -0.534565 0.435281 0.407696 0.006663 0.363154 -0.000029 0.000005 0.072231 0.000020 -0.142110 0.435583 -0.220460 -0.360212 -0.041221 -0.000004 -0.000092 -0.000036 0.218763 -0.011509 0.028283 0.181200 -0.090443
-0.216350 -0.209228 -0.105452 -0.448280 0.326214 0.296395 -0.084561 0.085941 0.000022 -0.000100 -0.082801 -0.000007 -0.023227 0.406411 0.189947 -0.156605 0.168974 -0.000084 -0.000091 0.000021 -0.117937 0.123793 -0.032858 0.087440 -0.000205
-0.384135 0.125763 0.340666 0.197371 0.004874 -0.036368 0.031762 0.175243 -0.000022 0.000111 0.139057 0.000054 0.165093 0.305037 -0.102714 -0.495583 -0.143204 -0.000064 -0.000060 0.000060 -0.565658 0.613208 -0.025097 -0.211010 -0.068514
-0.186773 -0.060360 0.405153 0.306038 0.011054 -0.111100 -0.000071 -0.072617 0.000111 -0.000060 0.039013 -0.000034 0.122056 0.157808 0.123066 0.044324 -0.321772 0.000024 0.000026 -0.000038 -0.208018 0.115303 -0.327497 -0.359618 0.118363
-0.020940 -0.205523 0.279192 -0.124791 0.257750 -0.311186 0.037395 -0.292547 -0.000029 0.000040 0.185820 0.000050 -0.048882 0.012301 0.274588 0.098223 -0.384515 -0.000050 -0.000011 -0.000085 -0.208238 -0.222886 -0.168755 0.131383 0.324564
-0.333041 -0.170571 0.052684 -0.195666 -0.007361 -0.379055 -0.039803 -0.015659 -0.000107 0.000002 0.142585 -0.000027 0.193644 -0.028795 0.170522 -0.081452 -0.313411 -0.000048 0.000067 0.000035 -0.006112 -0.129286 0.274305 0.413977 0.243120
0.098049 -0.016581 0.002042 -0.367328 0.014920 0.043400 0.042924 -0.388823 0.000069 0.000032 -0.186218 0.000030 -0.120039 -0.107389 0.230681 -0.263036 -0.149215 0.000177 0.000032 -0.000001 -0.060363 -0.055155 0.040058 0.081051 0.175130
-0.077122 0.034461 0.201699 0.171886 -0.094669 -0.197512 -0.139980 0.033916 -0.000054 -0.000149 -0.197761 0.000023 -0.293017 0.395066 0.395278 0.420848 -0.248585 -0.000039 -0.000060 0.000040 -0.044210 -0.016648 0.006058 -0.093667 0.201465
-0.241997 0.238568 0.030327 0.022824 -0.020710 -0.262907 0.144124 -0.103303 -0.000055 -0.000096 0.131178 -0.000003 -0.274138 -0.202323 -0.032451 -0.115475 0.321162 -0.000081 -0.000030 -0.000001 0.154736 -0.170925 0.116238 0.330380 0.108373
0.044462 0.207336 0.088744 -0.202153 0.146693 0.239567 -0.065064 0.067265 0.000067 -0.000063 0.270642 0.000012 -0.082857 -0.082513 0.270428 -0.091501 0.281419 0.000015 0.000031 0.000029 -0.122627 -0.118784 -0.062644 -0.052764 0.288412
0.039274 0.262016 0.144487 0.087370 0.169918 -0.118547 -0.062728 0.141443 -0.000069 0.000055 -0.299604 0.000080 0.175455 -0.073410 0.108507 0.365493 0.072662 -0.000058 0.000150 0.000022 0.146078 -0.170623 -0.129456 -0.129360 0.181928
0.068881 0.029387 0.076357 0.289770 0.148425 0.285833 -0.065115 0.142567 0.000072 -0.000043 -0.177847 -0.000048 -0.027548 -0.218070 0.359633 0.194856 -0.134492 -0.000027 0.000018 0.000022 0.050314 -0.324166 0.156440 0.025276 0.184323
0.046085 0.093039 0.020362 0.114493 0.164219 0.206311 0.246197 0.006622 0.000114 0.000024 -0.223171 0.000088 -0.110708 0.073992 0.223332 0.618612 -0.039764 -0.000182 0.000033 -0.000000 -0.225879 -0.167266 0.446424 -0.049936 0.146582
-0.154628 0.404303 0.215980 0.385106 -0.161199 0.401011 0.253622 -0.261178 0.000054 -0.000052 0.125413 0.000034 -0.127514 0.298000 0.138355 0.147790 -0.223456 0.000006 0.000059 0.000071 -0.382085 0.703211 0.545464 -0.098887 0.409949
-0.309663 0.199729 -0.074450 0.340554 0.206351 0.338645 -0.259122 -0.058812 0.000067 0.000056 -0.408812 0.000009 -0.454553 0.003499 0.016515 0.040335 -0.069935 0.000161 0.000039 -0.000003 -0.188081 -0.008345 -0.171481 -0.298777 -0.096448
-0.015555 0.014784 -0.099458 0.279308 0.125513 0.196045 0.186692 0.090254 0.000005 -0.000038 -0.030395 0.000013 -0.240881 0.095324 0.227839 -0.350561 0.087873 0.000048 0.000031 0.000035 -0.198919 0.043005 0.227148 -0.135224 0.053612
0.067673 -0.052220 0.320819 0.235779 0.292789 0.003640 0.140268 0.079930 -0.000065 0.000031 0.054734 0.000086 -0.188030 0.144026 0.172640 -0.311175 -0.591036 -0.000097 -0.000036 -0.000144 -0.015610 -0.041721 0.006691 0.036732 -0.056943
0.365502 0.130852 0.099113 -0.206295 0.184893 0.062468 -0.036127 0.022548 0.000054 0.000106 0.012903 -0.000019 0.098513 0.693000 0.278497 -0.021694 -0.299140 0.000055 -0.000035 -0.000043 -0.259720 -0.292266 -0.240654 0.029390 -0.154443
0.240996 -0.031549 0.094850 0.014885 0.105449 0.058504 -0.360799 0.361293 -0.000052 0.000038 0.054797 -0.000076 -0.313935 -0.006423 0.206562 0.010473 0.243486 -0.000053 -0.000067 -0.000021 0.157399 0.011179 0.124712 0.538493 -0.362175
0.427405 -0.134934 -0.377487 -0.108504 0.006365 -0.186120 -0.112437 0.467674 -0.000031 0.000033 0.167322 -0.000130 -0.001073 0.262855 0.084952 0.139160 -0.045072 0.000020 0.000054 0.000063 0.136316 0.075629 -0.108335 0.364406 0.309745
0.170194 -0.133367 0.071274 0.219294 0.108715 -0.230868 -0.191047 0.119179 -0.000031 -0.000035 0.318512 0.000026 0.048327 0.518197 0.235556 0.215345 0.079617 0.000037 0.000072 0.000029 -0.023366 0.112789 -0.078787 0.007162 0.099679
0.112689 -0.048167 0.095777 -0.139604 -0.108764 -0.206563 -0.239766 -0.064338 0.000012 0.000034 -0.059841 0.000044 0.130873 0.524934 0.413729 0.021508 0.031739 -0.000080 -0.000026 0.000029 0.419947 0.313504 0.247784 0.058430 0.205497
0.258854 -0.065644 0.201588 0.064350 -0.445530 -0.019471 -0.351474 -0.413692 -0.000020 0.000045 0.005662 0.000041 -0.024624 0.386308 0.305971 -0.030443 -0.146299 0.000054 -0.000013 -0.000021 0.261463 0.048464 0.138094 -0.084389 0.017587
0.394352 -0.012657 0.455936 0.140686 -0.080923 0.008629 0.040971 0.003186 -0.000051 -0.000108 0.089174 -0.000013 -0.066471 0.284540 0.003039 0.025391 -0.227063 -0.000017 -0.000068 -0.000012 -0.158461 -0.047254 0.425775 -0.115141 -0.200814
0.263143 -0.177303 0.125154 0.279725 0.263164 -0.069166 -0.043392 0.365071 -0.000102 -0.000229 0.004205 -0.000006 0.084204 0.375053 -0.164891 0.209213 -0.298184 -0.000176 -0.000052 0.000079 -0.247223 0.052933 -0.356900 0.202139 0.057315
0.554775 -0.197869 0.008686 0.548146 -0.116763 -0.403224 -0.010297 -0.294129 -0.000019 0.000025 -0.002707 -0.000060 -0.068504 0.441764 0.101198 -0.071162 -0.215372 0.000102 -0.000051 0.000096 0.476019 0.099596 -0.265835 0.051539 0.556751
0.072554 0.692195 0.121096 0.325262 -0.093521 0.145326 0.201449 -0.368507 0.000102 -0.000031 0.136020 0.000017 0.093160 -0.035131 0.133296 -0.147340 -0.254380 -0.000052 -0.000047 0.000062 0.430608 -0.017589 -0.433013 -0.102077 0.299160
-0.082761 0.194914 0.151904 0.030581 0.103683 -0.075233 0.331601 -0.253060 0.000024 0.000049 0.241421 -0.000044 -0.171671 -0.037297 -0.135757 0.034850 -0.198181 0.000009 -0.000064 -0.000082 0.493534 -0.424603 0.162239 0.238206 0.277776
0.076242 0.173306 0.114389 -0.101222 0.261339 0.416147 0.123144 -0.212486 -0.000008 0.000121 0.299404 0.000064 -0.039162 -0.014542 -0.364488 -0.065728 -0.285417 0.000026 -0.000042 0.000179 -0.183267 0.092766 0.157781 -0.005914 0.027172
0.132986 -0.054332 -0.452623 -0.143789 0.442241 0.087484 -0.263447 -0.005742 -0.000000 0.000060 -0.171010 -0.000083 -0.027564 -0.299168 -0.248552 -0.082578 -0.049790 0.000048 0.000022 -0.000085 0.017894 -0.076239 0.157455 -0.089704 -0.184590
0.418756 -0.017604 -0.555782 -0.173734 0.224693 -0.028423 -0.383265 0.171796 -0.000041 0.000040 -0.520536 0.000014 0.025283 0.004968 -0.092203 0.072500 -0.119209 0.000013 -0.000051 -0.000056 -0.010240 0.099186 0.020251 -0.170582 0.240922
0.059655 -0.143209 -0.451633 0.294270 0.156090 -0.022990 0.135233 -0.008762 0.000091 -0.000086 -0.041072 0.000031 0.086405 -0.086515 -0.232711 -0.340152 -0.150769 -0.000018 -0.000036 -0.000023 -0.138366 0.325316 0.513523 -0.164634 0.243423
-0.062584 0.309219 0.004090 0.240592 0.275278 0.148109 -0.080555 0.057168 0.000016 -0.000035 0.182915 0.000006 0.094604 0.248409 0.129049 0.254477 -0.178105 0.000031 -0.000064 -0.000094 -0.386287 0.175163 -0.046327 -0.247656 0.247972
-0.025515 0.232158 0.473374 -0.068231 -0.076420 0.194402 -0.265073 -0.347187 0.000043 -0.000037 0.067146 -0.000042 -0.017729 0.059574 -0.410276 -0.375495 0.145536 0.000067 -0.000027 0.000066 -0.148383 -0.277194 0.279536 0.382032 0.271992
0.003246 0.123812 0.265489 -0.219129 0.123669 0.333256 0.095334 -0.386633 -0.000044 0.000013 -0.002165 0.000024 -0.193178 0.127255 -0.498956 -0.074796 -0.101301 -0.000103 -0.000097 0.000072 -0.159770 -0.159693 0.159912 0.274191 -0.040772
-0.138889 0.102082 -0.154714 -0.081774 0.441797 0.102042 -0.154646 -0.129000 -0.000063 0.000069 -0.208581 -0.000063 -0.429030 0.204587 0.008324 0.186556 -0.284487 -0.000036 0.000030 0.000073 0.111552 0.353558 -0.433686 -0.164213 -0.005189
0.070608 -0.237832 -0.105822 0.244136 0.079813 0.309215 -0.064361 -0.355889 0.000040 -0.000063 0.103504 -0.000047 -0.223217 0.380687 -0.045300 0.005520 -0.220405 -0.000096 -0.000062 0.000037 0.156051 -0.069913 -0.245519 0.119948 0.028007
0.035308 0.170809 0.288500 0.173731 -0.179471 0.138619 -0.146026 -0.281561 0.000020 -0.000076 0.385542 -0.000098 -0.037299 0.383243 -0.199742 -0.297112 -0.339224 0.000167 0.000089 -0.000095 0.109766 0.107776 0.023184 0.273239 -0.144216
-0.235801 0.062825 0.713325 -0.013199 -0.378610 0.009652 0.092458 -0.311581 -0.000082 0.000042 0.201203 0.000045 0.045579 0.177647 0.025592 0.265614 -0.574264 0.000042 0.000058 0.000035 0.159376 0.042798 0.080073 0.246501 -0.138255
-0.200377 0.087862 0.034403 -0.281924 -0.326175 0.192458 0.141089 -0.038164 0.000015 -0.000032 0.074318 -0.000005 0.112811 0.036805 0.169048 0.065391 -0.077569 0.000018 0.000036 -0.000014 -0.058575 -0.109498 0.223580 -0.168392 -0.091421
-0.030585 0.083112 0.064190 0.027280 -0.498480 -0.002832 -0.005901 -0.020554 0.000091 0.000087 0.066464 -0.000011 0.009195 -0.136943 0.272723 -0.171641 -0.094415 0.000023 -0.000070 -0.000012 0.092807 -0.164561 0.184316 -0.410029 0.258128
0.056583 -0.139287 -0.123111 0.150917 -0.062631 -0.271730 -0.065671 0.157645 0.000001 -0.000112 0.025569 -0.000069 0.055099 -0.361008 -0.439868 -0.302890 -0.317301 -0.000057 -0.000035 -0.000064 -0.219534 0.076782 0.079814 -0.558160 0.027087
-0.020624 -0.227686 0.013573 -0.129086 -0.017629 -0.415285 -0.291570 0.018344 0.000028 -0.000012 0.061172 -0.000005 0.026337 -0.082462 -0.060261 0.076937 0.038188 -0.000071 0.000224 0.000125 0.243857 -0.309568 0.243457 -0.278657 -0.239752
0.040008 -0.203677 -0.115898 -0.053723 -0.112053 0.103909 -0.228666 0.055027 -0.000110 0.000068 0.172757 -0.000026 -0.126115 0.376633 0.065632 0.052069 -0.013523 -0.000022 -0.000123 -0.000008 0.023104 -0.678442 0.009636 0.194227 0.110088
-0.083001 0.031802 -0.054602 0.099976 -0.103659 -0.213874 0.062734 -0.047577 0.000001 -0.000176 0.197558 -0.000052 0.114383 0.011207 -0.025327 -0.132321 0.040784 0.000092 0.000101 0.000081 0.002828 -0.178912 -0.426241 0.261261 -0.148169
0.138008 -0.053818 -0.030720 0.459059 -0.018329 -0.388525 0.128365 -0.314168 0.000028 0.000051 0.194688 -0.000003 0.052389 -0.132255 -0.027659 0.080496 -0.209435 0.000065 0.000108 0.000058 -0.146019 -0.222301 -0.100134 0.199507 0.063945
-0.011268 0.098255 0.140242 -0.162854 0.358489 0.022233 0.053587 0.034763 -0.000028 0.000027 0.389283 -0.000048 -0.024130 -0.004071 0.021784 0.311361 -0.296580 -0.000017 -0.000019 -0.000022 -0.362291 0.037829 0.092008 0.075964 0.062866
-0.019146 -0.177718 0.283315 -0.038110 0.178673 0.116213 0.216490 -0.232434 0.000058 -0.000084 0.202916 -0.000019 -0.153025 0.070984 0.484080 0.131817 -0.603651 0.000092 0.000107 -0.000086 -0.494005 0.148423 0.104329 0.226863 0.185495
0.054324 -0.188761 0.017409 0.019581 -0.362033 0.040382 0.062552 0.396342 0.000045 0.000036 -0.217542 -0.000060 -0.025176 -0.012115 0.139413 -0.289540 0.088358 -0.000100 0.000130 -0.000004 -0.019765 0.672152 0.304128 -0.018323 0.079734
0.175063 -0.049562 0.185124 0.072300 -0.405717 -0.000544 0.327279 0.043428 0.000004 0.000021 -0.267788 -0.000036 0.020219 0.078398 0.222449 -0.409138 -0.065365 -0.000018 0.000032 0.000053 -0.247079 0.311441 0.072012 0.100696 -0.019928
0.288678 -0.111948 -0.008802 0.041079 -0.383013 0.284367 0.017958 0.183208 0.000114 -0.000095 -0.184113 0.000066 -0.204511 -0.254703 -0.107185 -0.320586 -0.172788 0.000085 -0.000006 0.000033 0.158800 -0.295628 -0.157740 0.261678 0.088774
0.338831 -0.036189 -0.146639 0.412963 -0.359314 0.373899 0.084803 0.068104 -0.000062 -0.000049 0.191843 0.000109 -0.227459 -0.557666 -0.089618 0.180932 -0.537796 0.000142 -0.000209 -0.000025 0.137257 -0.411606 0.171724 0.162486 0.370317
0.052460 -0.138532 -0.094251 -0.243228 0.164038 0.532719 0.218614 -0.026799 0.000050 0.000030 -0.065615 0.000015 0.190320 -0.264301 -0.000474 0.022747 -0.311122 0.000073 0.000070 0.000027 0.010492 0.093313 0.198245 -0.111563 0.106874
-0.007817 -0.560222 0.067247 -0.013977 0.449301 -0.073812 -0.196867 0.059010 0.000053 -0.000143 0.184631 0.000062 0.319967 -0.107694 -0.031702 0.071921 -0.327105 0.000033 -0.000039 -0.000072 -0.041044 0.235471 -0.046553 -0.587433 -0.245626
0.297597 -0.122330 -0.288786 -0.126401 0.004174 -0.295783 -0.198399 -0.013309 0.000063 0.000083 0.193924 -0.000034 0.195061 0.172003 -0.057298 0.042954 -0.176612 0.000006 -0.000230 -0.000003 0.068583 0.072025 -0.287223 -0.365566 -0.099813
0.173464 -0.007392 0.368916 -0.405568 -0.040477 0.226710 -0.247886 -0.151783 0.000068 -0.000060 0.361209 -0.000007 -0.054925 0.109182 0.028607 0.120306 -0.053215 0.000015 0.000027 -0.000080 0.511071 0.129493 -0.299447 -0.099446 0.023735
0.201962 -0.007465 0.192201 0.031818 -0.032143 0.231871 0.085855 -0.264689 0.000129 0.000014 0.468245 -0.000077 -0.002352 0.091045 -0.427006 0.199944 0.203155 0.000107 0.000076 0.000039 0.271933 -0.059813 0.154449 0.363911 -0.077579
-0.230982 0.368950 -0.372953 0.154091 -0.107329 -0.093252 0.100726 0.093061 0.000071 -0.000080 0.326637 -0.000043 -0.008787 0.211424 -0.232104 0.241610 0.008296 -0.000014 0.000036 -0.000103 0.528860 0.161622 -0.429054 0.133962 -0.132709
-0.367576 0.180457 -0.669103 0.418475 -0.101947 0.025956 0.051092 0.346958 0.000037 0.000037 0.306484 -0.000111 0.016467 0.131368 -0.144220 -0.175586 0.132621 0.000348 -0.000126 0.000021 0.060581 -0.085198 0.220096 -0.029442 -0.222654
-0.118799 -0.052696 -0.162676 -0.087576 0.148247 -0.038758 0.135554 0.271411 0.000015 -0.000091 0.425151 0.000060 -0.008439 0.223314 0.045211 -0.469585 0.003636 -0.000035 -0.000095 0.000017 0.232925 -0.254005 0.060530 -0.093566 -0.011577
0.057922 0.001100 -0.176977 -0.057432 0.538207 -0.404389 0.137762 0.035034 -0.000117 0.000028 0.493747 0.000031 -0.032436 -0.007608 0.100157 -0.629250 -0.387100 0.000041 -0.000045 -0.000065 0.265799 0.018805 0.451551 0.090921 -0.261119
0.048956 0.413878 -0.176619 -0.067940 -0.011460 0.091909 0.287135 -0.022646 -0.000027 -0.000031 0.148978 -0.000092 0.022404 0.093901 0.197494 -0.064161 -0.504483 0.000107 -0.000019 -0.000073 0.027115 0.046504 -0.042640 -0.088138 0.128429
-0.010228 -0.178394 0.061756 0.068339 0.110649 0.025639 0.130424 0.192135 0.000016 0.000020 0.015584 -0.000017 -0.337024 -0.079559 0.046664 0.295145 0.168512 -0.000031 -0.000068 0.000069 -0.033668 -0.243366 0.359935 -0.137054 -0.144396
0.298134 0.123691 0.457997 -0.562683 -0.009844 -0.392717 -0.006352 0.234417 0.000067 0.000094 -0.193292 -0.000020 -0.080552 -0.371510 0.325407 0.114459 0.324553 0.000042 -0.000003 -0.000012 -0.125250 -0.262345 0.175515 0.066593 0.103505
0.491213 0.053962 0.459310 -0.401552 -0.084497 -0.010861 0.081052 0.308352 0.000044 0.000051 -0.150769 -0.000043 -0.076833 -0.266811 0.290478 0.057245 -0.171787 -0.000009 -0.000219 -0.000031 -0.430315 0.215618 0.075910 -0.057182 0.407484
0.185251 -0.095020 0.169177 0.118306 -0.167402 -0.026074 -0.260297 0.258817 0.000149 -0.000050 0.101925 0.000006 0.262316 -0.228681 -0.016275 0.352550 -0.048834 -0.000009 0.000062 0.000011 -0.669471 0.055424 0.196509 0.028835 0.067059
0.382091 -0.244316 -0.227706 0.279660 -0.156650 -0.030687 -0.368578 0.087072 0.000035 -0.000107 0.437968 0.000013 0.347318 -0.366375 0.024707 -0.140033 0.010041 0.000207 0.000035 0.000028 -0.085710 0.068137 -0.282302 0.102026 0.088082
-0.004778 -0.367206 -0.223563 0.267605 0.194186 0.224056 -0.283704 -0.077610 -0.000116 0.000019 -0.105722 -0.000096 0.138047 -0.217801 -0.030390 -0.746537 0.443869 0.000134 0.000097 0.000040 0.226463 0.251658 0.334205 0.257515 -0.113036
0.212759 0.049608 0.005670 0.164429 0.259679 0.098925 0.013695 0.043859 -0.000027 -0.000009 -0.113742 0.000159 0.167888 0.078362 -0.010816 -0.277616 -0.325286 -0.000027 -0.000102 0.000187 0.275918 -0.132108 0.092863 0.330521 0.000681
0.232761 0.351045 -0.030551 -0.705535 -0.153236 0.243267 -0.120921 -0.089137 0.000037 -0.000054 -0.055365 0.000009 0.134767 0.357580 0.322159 0.039260 -0.082309 -0.000124 0.000054 -0.000060 0.095532 0.061404 0.030295 0.145291 0.086390
-0.022135 0.432157 0.082971 -0.068674 0.089187 0.115812 0.034956 0.361010 -0.000046 0.000055 0.346981 0.000054 -0.001140 -0.162815 -0.064236 0.489377 -0.221712 0.000096 0.000055 0.000031 -0.024247 0.124892 -0.040672 -0.077280 -0.221958
-0.365105 0.333389 -0.000890 -0.230234 -0.182377 0.243239 0.097476 0.202201 -0.000047 0.000046 0.266631 -0.000039 0.009012 -0.636840 -0.254258 0.349887 0.189230 0.000009 0.000062 -0.000003 0.144302 -1.040031 -0.146890 -0.014022 -0.048939
-0.106182 0.129368 -0.090324 -0.030121 -0.015875 0.117807 -0.011678 -0.460922 0.000022 -0.000028 -0.197274 -0.000002 -0.058670 -0.372350 0.348542 0.163514 0.380025 0.000048 -0.000030 0.000040 0.337755 -1.247445 0.280998 0.145095 -0.226547
-0.064045 -0.133833 -0.320168 0.032280 0.205571 0.135277 -0.164407 -0.091202 0.000021 -0.000003 -0.257698 -0.000063 -0.061490 -0.085752 0.182251 0.012427 -0.002495 0.000096 -0.000032 0.000046 -0.035525 -0.709626 -0.274883 -0.359820 -0.072643
-0.001232 -0.032170 -0.027714 0.198159 0.058324 0.335499 0.068066 0.039248 0.000080 0.000055 0.275071 -0.000078 -0.172909 -0.058223 0.038776 0.298720 -0.217718 0.000031 0.000027 0.000129 -0.125550 -0.001845 -0.013149 0.263906 -0.071532
-0.218092 -0.375720 -0.137645 0.410641 0.043769 0.378395 0.198724 0.380252 0.000096 0.000009 0.185224 0.000050 0.035917 0.065771 -0.022082 -0.045827 -0.108444 -0.000043 -0.000049 0.000045 -0.554988 -0.100233 0.072810 -0.201899 0.196016
-0.266105 -0.002540 0.236193 -0.062541 0.497348 -0.038129 0.053007 0.012985 -0.000025 0.000028 -0.001358 -0.000078 0.129601 -0.088368 0.009133 -0.004594 0.170521 0.000060 -0.000047 -0.000089 -0.043427 -0.076363 -0.144871 0.033443 -0.231463
-0.120566 -0.094859 0.078072 -0.041646 0.071623 0.020654 -0.102550 -0.192381 -0.000024 0.000029 0.181705 0.000003 -0.116229 -0.070839 -0.185586 -0.287047 0.140108 0.000052 -0.000046 0.000046 0.224730 -0.002288 -0.132028 0.298154 -0.159768
0.201523 -0.047897 0.203786 -0.277578 -0.302340 0.023303 -0.413427 -0.033519 0.000004 -0.000030 0.199179 -0.000076 -0.021173 -0.031652 0.105466 -0.425464 0.081049 -0.000031 0.000041 0.000017 0.075893 0.247328 -0.326838 0.090151 -0.164330
0.119051 -0.172833 0.308107 -0.034253 -0.205739 -0.035104 -0.134742 0.242000 0.000031 0.000049 0.659229 0.000052 -0.000634 0.153260 0.001935 0.110201 -0.373516 0.000076 0.000025 0.000052 -0.165262 -0.219667 0.411071 -0.009454 -0.071692
-0.171166 0.169831 0.136557 -0.172226 0.096993 -0.143868 -0.108284 -0.072663 -0.000043 0.000117 0.345308 0.000019 0.201310 0.074964 0.207416 0.485172 0.106371 -0.000096 0.000027 -0.000095 -0.043319 -0.005268 -0.345326 -0.079104 -0.258577
-0.364671 -0.300768 0.331581 -0.190621 0.424151 -0.131462 0.095730 0.083303 0.000030 -0.000029 0.226752 0.000013 0.284390 -0.441869 -0.341425 -0.161962 0.512679 0.000053 -0.000082 -0.000031 -0.373138 0.132985 0.133113 -0.513152 -0.185205
0.020498 -0.233203 -0.286747 -0.022889 0.113066 -0.338239 -0.091274 -0.190742 0.000047 -0.000059 -0.080570 -0.000057 0.427479 -0.290799 -0.340202 -0.046377 0.498504 0.000080 -0.000040 0.000048 -0.102610 -0.374690 -0.252678 -0.257015 0.236744
-0.167823 -0.151857 -0.420339 0.165844 0.031230 -0.259524 -0.226769 -0.150063 0.000022 -0.000014 -0.218641 -0.000064 0.056136 -0.219387 -0.590850 0.184772 0.104916 -0.000103 -0.000090 -0.000062 -0.054838 0.236902 -0.889137 -0.354877 0.253139
-0.009423 -0.003012 -0.322249 0.205986 0.025675 0.002862 0.195817 -0.146100 -0.000014 0.000089 -0.150562 -0.000064 -0.358330 -0.005536 -0.221957 0.004556 -0.163039 0.000015 0.000022 0.000050 0.038387 0.172807 -0.470634 0.130429 0.023133
0.278306 -0.093520 0.016613 0.239745 -0.134217 0.300058 0.592673 -0.193931 -0.000100 -0.000081 0.099874 0.000038 -0.277149 0.463575 -0.312328 -0.154634 -0.147407 0.000133 -0.000179 0.000029 -0.285117 0.388915 -0.462574 -0.390517 -0.102204
0.009432 -0.442492 -0.097856 -0.087758 -0.017052 0.326790 0.146729 0.151093 -0.000051 0.000057 -0.169983 -0.000123 -0.395724 -0.175741 -0.546713 -0.236627 0.167252 0.000073 -0.000027 -0.000078 0.196336 0.270769 0.237681 0.017528 -0.338724
0.052252 -0.200122 0.002906 -0.667757 -0.184891 0.261517 -0.166240 0.256608 0.000052 -0.000086 -0.182405 0.000003 -0.251552 -0.030582 -0.056299 -0.348927 0.259179 -0.000086 -0.000057 0.000029 0.025138 -0.387124 -0.059102 0.065599 0.416136
-0.033310 -0.076975 -0.100354 -0.028626 -0.140335 -0.268688 -0.363894 0.123091 -0.000077 -0.000079 0.012635 0.000012 -0.397037 -0.398984 -0.025988 0.286408 0.389995 -0.000042 0.000011 0.000023 0.100846 -0.129497 -0.028293 0.079868 0.297968
0.058575 -0.218182 0.212461 -0.376315 -0.149876 -0.035091 -0.099833 0.238784 -0.000087 -0.000005 -0.049539 0.000045 -0.582148 -0.025469 -0.148207 0.099198 0.255452 -0.000084 0.000196 -0.000068 0.031934 -0.137184 0.197711 -0.135404 0.302649
-0.052450 0.046385 0.363988 -0.149612 0.050161 0.100331 0.130777 -0.356009 -0.000038 -0.000041 -0.030950 -0.000012 -0.206873 -0.222288 -0.101050 0.052466 0.209779 -0.000067 0.000047 0.000076 -0.054994 0.185601 0.006506 -0.112348 -0.246023
-0.014341 0.044703 -0.130345 0.100065 -0.386759 0.378843 0.319633 -0.129490 -0.000031 0.000092 0.255434 0.000082 -0.152441 0.025329 0.284800 0.198434 -0.026230 -0.000043 0.000035 -0.000006 -0.169455 0.380307 -0.209413 -0.342636 0.039975
-0.286618 -0.236956 -0.002889 0.347383 -0.221748 0.379636 0.253412 0.009180 0.000034 0.000187 -0.279151 -0.000025 -0.238440 0.197512 0.116968 0.509276 0.235230 -0.000011 -0.000032 0.000033 0.182065 0.171951 0.223457 -0.203628 -0.314169
-0.249175 -0.019277 -0.229560 0.204481 0.285777 0.227133 0.034420 0.481399 -0.000028 -0.000005 -0.214523 0.000091 -0.102405 0.102984 0.003602 -0.228352 -0.007652 -0.000097 -0.000023 -0.000076 -0.036917 0.002778 -0.297051 -0.287022 -0.283864
0.007259 -0.071525 -0.015860 0.300623 -0.157875 0.066600 0.000169 0.048924 -0.000078 0.000107 0.050579 0.000013 0.026444 -0.049901 0.337590 -0.220688 -0.173518 -0.000022 -0.000081 0.000003 0.017906 0.196415 -0.214233 -0.126820 -0.165798
-0.080888 0.057425 -0.058567 -0.203480 -0.051734 -0.055738 0.265491 0.378747 0.000051 0.000057 -0.157516 -0.000044 -0.133452 0.023937 -0.126062 -0.643377 -0.078790 0.000057 0.000060 -0.000028 0.029317 0.269010 -0.157210 0.270511 0.429099
-0.051294 -0.099485 0.046742 -1.010783 0.263655 -0.229768 0.483927 0.317316 0.000080 -0.000028 -0.121641 -0.000002 -0.067359 0.026425 -0.165026 -0.270782 0.154993 0.000043 0.000150 -0.000111 -0.071155 0.001750 0.075448 -0.034491 0.160888
0.144299 -0.337138 0.200548 -0.374405 -0.056470 -0.120747 0.191883 -0.023678 -0.000019 -0.000037 0.116596 0.000082 -0.136772 -0.314126 -0.090311 -0.166480 0.020207 0.000168 0.000005 -0.000106 -0.268693 0.002660 0.372757 -0.088739 -0.090634
0.151699 -0.050073 -0.018059 -0.330844 0.104950 -0.083650 -0.135850 0.261305 0.000171 -0.000052 -0.094885 -0.000062 -0.173536 -0.310377 -0.156916 -0.082965 0.147528 -0.000132 -0.000203 0.000169 -0.114595 -0.273230 -0.008810 -0.289012 -0.342930
0.009405 0.068798 -0.291148 -0.139647 0.224873 0.153426 -0.242678 -0.249618 -0.000014 -0.000101 -0.044698 -0.000069 -0.057496 -0.098729 0.327194 0.140201 -0.118814 0.000087 0.000023 -0.000076 -0.300193 0.170129 -0.305155 -0.358572 -0.026728
0.008948 -0.190748 -0.153098 0.397102 -0.125970 -0.191625 -0.349949 -0.326384 0.000088 0.000015 -0.196540 0.000000 -0.131479 -0.105155 -0.196672 0.276351 -0.151121 0.000173 0.000034 -0.000083 -0.225684 -0.204296 -0.244331 0.078195 0.032475
0.344135 -0.495367 -0.895922 0.385927 -0.444678 -0.268850 0.128768 -0.383289 -0.000336 0.000029 0.170346 -0.000048 0.000265 0.027815 -0.002392 0.447842 -0.032179 -0.000044 0.000191 0.000030 -0.028464 -0.073691 0.077917 0.256410 0.048243
0.083629 -0.200380 -0.070148 -0.025458 -0.165511 -0.498383 0.100159 -0.404987 0.000072 0.000046 0.320465 -0.000006 0.115241 -0.145496 -0.205072 -0.026348 0.239509 -0.000021 -0.000030 -0.000062 0.242980 -0.116792 -0.413006 0.503340 -0.211117
-0.054739 -0.167646 -0.477768 -0.133412 -0.079075 -0.257228 0.052613 -0.060701 0.000029 -0.000069 0.275025 0.000186 0.154110 -0.270591 -0.045465 -0.162041 0.527010 0.000109 0.000101 0.000032 0.164568 0.351050 0.347314 0.385512 0.088587
-0.108784 -0.141392 -0.134741 -0.128982 0.325448 -0.065806 0.319618 0.482688 -0.000050 -0.000131 -0.000686 -0.000006 0.098128 -0.028957 -0.051386 0.255434 0.350886 -0.000145 -0.000031 0.000012 0.105501 -0.203601 -0.270474 0.497891 0.127290
0.185478 -0.071777 0.242790 -0.182390 0.118972 0.150604 0.184727 0.282259 -0.000027 -0.000088 0.192005 0.000046 0.177331 -0.327459 0.332219 0.234270 0.159743 -0.000007 0.000030 0.000028 0.545830 0.286976 -0.234852 0.253943 0.397377
0.090477 -0.382097 0.162453 0.065823 -0.295584 0.269180 -0.009639 0.125210 -0.000069 0.000076 0.223699 -0.000033 0.259535 -0.104541 0.398372 -0.133035 -0.004816 -0.000067 -0.000055 -0.000003 0.288817 -0.165161 -0.017164 0.253261 0.292135
0.056460 -0.248345 0.542253 -0.321557 -0.564554 0.214658 -0.100867 0.072753 0.000103 0.000120 -0.023523 -0.000015 0.269352 0.238484 0.028920 0.160859 0.228913 -0.000022 -0.000056 -0.000220 -0.292034 0.184639 0.719967 0.238274 0.104736
-0.058187 0.364896 0.034153 -0.145756 -0.023706 0.206082 -0.590939 0.052804 0.000014 -0.000039 -0.115122 0.000095 0.156974 0.097644 0.054469 0.098693 0.111651 -0.000062 -0.000054 -0.000014 -0.226332 0.346121 0.153969 -0.281660 0.053818
0.025258 0.116988 0.285053 0.166223 0.170743 0.043374 -0.386075 -0.241374 0.000125 -0.000031 -0.483711 -0.000022 -0.127169 0.161310 0.163775 0.095996 0.016599 -0.000055 -0.000030 0.000043 -0.215183 0.184496 0.128567 0.009851 0.076709
0.131779 0.309176 0.247893 0.433411 0.097363 -0.160947 -0.092555 -0.397356 -0.000040 -0.000038 -0.140035 0.000019 -0.049254 0.021836 0.380118 0.117546 0.515572 0.000016 -0.000028 0.000025 -0.195927 0.025174 -0.162629 -0.093810 -0.245658
0.111336 0.123918 0.087756 0.321078 -0.285315 -0.154546 -0.154048 0.308881 0.000080 -0.000045 0.331146 -0.000115 -0.035077 0.017616 -0.003315 0.142002 0.018458 0.000006 -0.000038 0.000112 -0.007054 0.405676 0.029225 -0.253644 -0.019590
0.197557 -0.006404 -0.595719 0.181309 0.083121 0.098373 0.027195 0.157656 0.000090 -0.000036 0.251687 -0.000094 -0.148218 0.093338 0.323713 -0.234484 0.047280 -0.000054 0.000061 0.000031 -0.076109 0.074218 0.082528 -0.000895 0.133761
0.181495 -0.148118 0.059401 0.036493 0.744138 0.223913 -0.093120 0.403339 0.000032 -0.000105 -0.303903 -0.000053 -0.313914 -0.361968 0.098076 0.097300 0.262978 0.000045 -0.000087 -0.000111 0.307835 -0.154377 -0.216379 0.029553 0.057001
0.258853 -0.071431 0.315917 -0.423135 0.556901 0.202798 -0.246598 0.222097 -0.000075 -0.000045 0.107552 -0.000008 -0.120904 -0.126783 0.476367 -0.040577 0.071602 -0.000090 -0.000065 -0.000075 -0.295021 0.052976 -0.270614 -0.001281 0.118863
0.364791 -0.038670 -0.012278 -0.114701 0.324571 0.227164 -0.135567 -0.228863 0.000160 0.000101 -0.237886 0.000066 -0.113762 0.208744 0.286449 0.299771 0.277398 -0.000100 -0.000024 -0.000066 -0.348621 -0.189843 -0.018827 0.243819 0.221607
0.112540 -0.148036 -0.174147 0.196316 0.236099 -0.131980 -0.244242 0.086357 -0.000070 0.000012 -0.390394 0.000049 -0.003147 -0.205168 -0.214231 -0.000595 0.384021 -0.000043 -0.000131 -0.000106 -0.379537 0.054573 0.367909 0.518427 -0.035965
0.241691 0.084839 -0.303430 -0.102541 -0.134349 -0.269196 0.081775 0.285505 0.000035 0.000078 -0.127787 0.000051 0.139947 -0.110525 0.417834 -0.011561 -0.030453 -0.000073 0.000031 -0.000101 -0.257940 0.265048 -0.406102 0.090556 -0.261258
-0.012522 -0.093150 -0.259482 0.143918 -0.293429 -0.083275 0.224901 0.428154 -0.000032 0.000082 -0.028383 0.000092 -0.016055 -0.292793 0.360895 0.163783 0.116995 -0.000203 -0.000030 0.000099 0.032227 0.236439 -0.000715 -0.248641 -0.198539
-0.168427 -0.291295 -0.159607 0.051526 -0.401484 -0.057016 0.250924 0.308784 -0.000060 -0.000016 0.062419 -0.000031 -0.027010 -0.141675 0.228830 0.094474 0.099245 0.000035 0.000033 0.000122 0.081527 0.254029 0.219553 -0.386955 0.113592
-0.108338 0.227400 0.168201 -0.019558 -0.302340 -0.149724 0.401170 0.293269 -0.000079 0.000024 0.184909 0.000022 0.372392 -0.182890 -0.174260 0.126729 -0.019917 0.000065 0.000058 -0.000066 -0.125071 -0.154317 0.229905 -0.010480 0.199190
0.047509 -0.160934 0.127916 -0.333410 0.209844 -0.321071 0.095284 0.266534 -0.000041 -0.000135 0.236338 0.000033 0.259112 -0.021822 -0.015356 0.012298 -0.014470 -0.000017 0.000058 -0.000067 0.013803 -0.029629 0.167479 -0.074295 0.183996
0.133470 -0.320110 0.097940 -0.305118 -0.163482 0.070215 0.037806 0.024547 -0.000073 -0.000037 0.072076 0.000064 -0.149763 -0.049996 0.301888 0.092172 0.355280 0.000007 0.000056 -0.000025 0.135491 0.007766 0.217734 -0.010848 -0.022719
-0.142045 -0.137181 -0.124028 0.075422 -0.264667 0.011425 -0.110165 -0.040564 -0.000036 0.000043 -0.270305 -0.000032 -0.006571 -0.099080 0.143190 0.059166 0.258867 -0.000015 -0.000029 -0.000004 0.215164 0.120275 -0.178075 0.021787 -0.184329
-0.080367 0.292890 -0.028052 -0.324064 -0.163988 0.134284 -0.243500 -0.086768 -0.000079 -0.000050 -0.325022 -0.000012 0.038649 -0.039802 -0.209017 0.039021 0.200232 -0.000130 0.000063 -0.000049 0.243648 -0.030172 -0.446123 0.291369 -0.111659
0.163849 -0.079962 0.032971 -0.311838 -0.410576 0.090995 0.012117 -0.116817 -0.000056 0.000106 0.053083 0.000010 0.051134 0.054750 -0.154738 0.182936 0.160770 -0.000109 -0.000117 0.000034 -0.226440 -0.238653 0.237375 -0.071223 -0.213849
-0.186138 -0.110457 0.289917 -0.066703 -0.093639 -0.038749 -0.396738 -0.332356 -0.000015 -0.000016 0.017069 0.000001 0.001085 -0.216387 0.121392 0.324232 0.104660 -0.000067 -0.000124 0.000034 0.007769 -0.289444 0.540784 0.188374 -0.188039
0.118908 -0.020923 -0.238832 0.163466 -0.294989 -0.323140 -0.418829 -0.267122 0.000032 -0.000046 -0.005776 0.000072 0.285388 0.007679 0.359166 -0.223580 0.210175 0.000033 -0.000047 0.000083 0.010601 0.037353 0.156538 -0.134584 -0.039167
-0.170746 -0.275088 -0.038371 -0.042447 -0.116008 -0.212764 -0.406073 -0.203094 0.000005 0.000031 -0.226878 0.000046 0.310982 0.111019 -0.277292 -0.069099 0.323108 0.000092 -0.000100 0.000044 -0.228514 0.313426 0.044311 -0.081101 -0.123844
-0.228329 -0.303117 -0.331168 0.418235 -0.238772 0.173761 -0.245908 -0.101473 0.000014 0.000038 -0.235967 -0.000057 -0.186155 0.273702 -0.286806 0.200858 -0.191060 -0.000167 0.000113 0.000058 -0.094422 -0.002700 -0.206565 -0.242753 -0.053232
-0.544151 -0.099761 -0.531802 0.377383 -0.264248 0.320528 -0.111970 -0.189437 -0.000067 -0.000161 -0.106734 0.000041 0.015901 0.265168 0.076008 -0.283564 0.110007 -0.000055 0.000265 0.000114 -0.244754 0.072646 -0.051098 -0.191413 0.073876
-0.525922 0.086940 0.158059 -0.278333 -0.116607 0.037769 -0.131587 -0.059571 -0.000072 0.000089 -0.081934 0.000096 -0.166739 -0.087159 0.038698 -0.508407 0.375439 0.000036 -0.000058 0.000062 -0.073081 0.153149 -0.150479 0.285480 -0.258573
-0.090664 -0.038875 -0.122744 -0.115231 0.255192 0.218136 -0.091131 0.256061 -0.000096 -0.000247 -0.107922 0.000004 -0.084374 -0.295653 0.061028 -0.334177 0.126863 0.000085 -0.000181 -0.000014 -0.027671 -0.076044 0.084969 0.237170 0.058893
0.222839 0.345320 -0.039165 0.015736 0.150965 0.138284 0.023358 -0.213656 -0.000127 -0.000064 -0.135400 -0.000112 0.193144 0.177894 0.278738 -0.333111 0.123944 -0.000154 0.000050 0.000011 -0.018715 -0.192409 -0.244605 0.030708 -0.088784
-0.087044 0.001381 0.313206 0.109578 0.143458 -0.016311 0.067499 0.304402 0.000024 0.000025 0.129222 0.000058 -0.046924 -0.155368 -0.262055 0.398043 -0.199955 0.000011 0.000066 0.000091 0.000377 0.300848 0.201043 0.209887 -0.327860
-0.013190 0.018252 0.246994 0.231475 -0.139848 0.284051 0.522559 -0.325736 0.000223 -0.000037 0.214697 -0.000066 -0.000054 -0.045599 0.429922 -0.202693 0.391645 0.000001 -0.000075 -0.000028 -0.015428 -0.142568 -0.007770 0.336962 -0.017799
-0.526537 0.021299 -0.341887 0.102894 -0.189403 0.332693 -0.020461 -0.102062 0.000024 0.000002 -0.147742 0.000061 -0.197205 -0.087681 0.230685 0.133533 0.212235 0.000187 0.000032 0.000033 0.347636 0.058543 -0.082870 0.408503 -0.021022
-0.034400 -0.313601 -0.253601 -0.118586 -0.242592 -0.031274 0.344896 0.225339 0.000013 0.000102 0.009329 -0.000017 0.011557 0.083598 -0.026017 -0.325050 -0.050768 0.000126 -0.000030 0.000029 0.117912 0.072211 0.290744 0.242155 0.344325
0.142416 -0.170681 0.063436 -0.007669 -0.025646 -0.402312 0.157536 0.140397 -0.000008 -0.000090 -0.005773 0.000051 0.136785 0.136411 -0.002797 -0.119907 0.131496 -0.000065 -0.000023 -0.000041 0.177140 -0.053981 -0.135971 0.039242 -0.205879
0.014441 0.009483 0.701489 -0.436483 0.227154 -0.146627 0.120485 -0.111520 0.000037 -0.000187 -0.272342 -0.000006 -0.058232 -0.144772 0.256138 0.034406 0.033758 -0.000014 -0.000026 0.000032 0.260542 -0.096357 -0.589164 -0.106253 -0.508365
0.019107 0.043844 0.016597 -0.469439 -0.146026 -0.151988 -0.035525 -0.018385 -0.000073 0.000108 -0.057642 -0.000121 -0.189485 0.008621 0.216853 -0.225271 -0.375256 -0.000021 0.000031 0.000137 0.145198 -0.117480 -0.233665 0.060610 -0.100492
0.020565 -0.217670 0.123284 0.091686 -0.333345 -0.087747 0.359538 0.198651 0.000020 0.000089 0.017047 0.000019 -0.000059 -0.044703 0.011525 0.139789 -0.171454 0.000008 0.000106 0.000143 0.167593 -0.163634 -0.011334 -0.283785 -0.012367
-0.030312 -0.234847 0.216362 0.098928 -0.084532 0.151706 0.409343 0.320293 0.000026 0.000003 0.180286 0.000047 0.134098 0.491701 -0.214002 0.181184 0.068398 -0.000024 -0.000024 -0.000000 -0.541299 0.108456 0.205199 -0.544376 -0.154929
-0.274472 0.094041 -0.113001 -0.037982 -0.011609 -0.076302 0.081215 0.085032 0.000113 -0.000030 -0.071352 -0.000022 -0.083318 0.239733 0.083680 0.323132 0.144680 0.000077 -0.000063 -0.000052 0.116700 0.344592 -0.019919 0.162336 -0.338910
0.000044 -0.345004 0.348616 0.044046 -0.096892 0.052818 0.123550 -0.489164 -0.000068 0.000196 0.149333 0.000028 0.121548 -0.037138 -0.129553 0.334394 0.314629 -0.000112 0.000039 0.000063 -0.142930 -0.408508 -0.006658 0.031174 0.018179
0.054820 -0.181458 -0.034681 -0.043756 -0.081610 0.230149 -0.361223 0.113326 0.000214 -0.000100 0.093230 0.000026 0.135706 -0.115565 -0.062938 -0.144936 0.188903 0.000103 0.000121 0.000062 -0.052522 -0.441226 -0.033076 -0.078526 -0.046300
-0.002665 -0.089417 -0.450574 0.024824 0.353609 0.108465 -0.478442 0.306778 0.000032 0.000040 -0.087952 0.000021 0.214614 0.249838 -0.522259 -0.286355 0.027223 -0.000121 -0.000095 -0.000100 0.099584 0.296896 -0.671106 -0.174400 -0.560528
