0.043797 -0.150485 0.037449 0.000037 0.000004 0.594383 -0.000008 0.000006 0.000012 -0.072075 -0.000005 0.145554 0.000022 0.662850 0.000019 0.000050 0.000083 -0.000038 0.000007 -0.000030 -0.000059 0.000037 -0.000031 -0.000086 -0.000005 -0.000020 0.231846 0.245944 -0.002444 0.283784 0.070871 -0.000005 0.000035 -0.022671 0.209155 -0.003361 -0.019607 -0.000019 0.000013 0.000111 -0.006004
-0.001007 -0.198285 -0.011493 -0.000019 -0.000052 0.150702 -0.000001 -0.000020 0.000013 -0.203031 -0.000005 0.208410 -0.000065 0.129070 0.000022 -0.000095 0.000145 -0.000012 0.000015 -0.000014 -0.000009 -0.000002 0.000024 0.000091 0.000004 -0.000029 0.261515 0.152032 -0.004229 0.178453 0.133031 -0.000028 0.000010 0.025549 0.057432 -0.416257 -0.019696 -0.000002 0.000015 -0.000250 -0.005811
0.197444 -0.129782 0.024353 0.000040 0.000009 0.079123 0.000001 0.000063 0.000029 -0.025482 0.000073 0.085397 -0.000000 0.097856 0.000045 0.000058 -0.000099 0.000002 0.000014 0.000011 0.000055 -0.000028 0.000064 0.000158 0.000006 0.000013 -0.030812 -0.003181 -0.005704 -0.007666 -0.186639 0.000010 -0.000008 0.128494 0.152528 -0.234156 -0.019787 -0.000022 -0.000011 0.000041 -0.005726
0.007489 -0.015050 -0.011284 0.000043 0.000042 0.089781 0.000006 0.000056 -0.000008 0.195744 0.000062 0.142092 0.000002 0.379635 -0.000026 -0.000071 -0.000019 0.000047 0.000070 0.000007 0.000057 -0.000006 0.000002 0.000121 -0.000001 -0.000020 -0.382588 -0.008742 -0.005637 -0.007562 0.036927 -0.000136 -0.000054 -0.295828 0.194355 -0.038415 -0.019696 -0.000065 0.000019 0.000026 -0.007883
0.073542 0.282400 0.092544 0.000010 -0.000002 -0.044483 0.000001 -0.000017 0.000020 0.029694 0.000029 0.261994 -0.000028 0.392946 -0.000017 -0.000036 0.000026 0.000006 0.000073 -0.000001 -0.000021 0.000009 -0.000039 -0.000086 -0.000015 -0.000023 -0.077319 0.181914 -0.006997 -0.011198 -0.051812 0.000083 -0.000030 -0.196918 0.125896 -0.224482 -0.020775 -0.000008 0.000005 -0.000034 -0.008173
0.041079 -0.005586 0.117924 0.000007 -0.000008 -0.000262 0.000002 0.000013 0.000017 -0.062703 -0.000025 0.161301 0.000084 0.157880 0.000042 -0.000046 -0.000005 -0.000011 0.000010 0.000034 -0.000022 0.000025 -0.000097 0.000227 0.000005 0.000029 0.210077 -0.024405 -0.004625 -0.028213 -0.520041 -0.000032 -0.000015 0.132833 0.146698 0.014057 -0.021459 -0.000003 0.000014 0.000047 -0.007602
0.213094 0.118877 0.116398 0.000021 0.000014 -0.026999 -0.000006 0.000022 -0.000009 0.084372 -0.000018 0.028053 0.000022 0.091999 -0.000019 0.000004 0.000047 -0.000005 0.000005 0.000011 -0.000039 -0.000048 0.000055 -0.000004 -0.000003 0.000034 0.075318 0.004582 -0.005384 0.022185 -0.079583 -0.000023 -0.000026 -0.178443 0.397933 0.126580 -0.020820 0.000046 -0.000010 0.000047 -0.007853
0.518011 -0.097981 0.183462 0.000035 0.000016 -0.057835 -0.000009 0.000039 -0.000009 0.206799 0.000030 -0.043655 0.000004 -0.008638 0.000032 0.000049 0.000045 -0.000013 0.000010 -0.000009 0.000064 -0.000004 0.000086 0.000124 -0.000023 -0.000001 0.145360 -0.163986 -0.004897 -0.011530 0.072617 0.000140 0.000027 -0.019480 0.380607 0.098836 -0.020497 -0.000009 -0.000001 0.000043 -0.006613
0.578385 -0.336971 -0.024504 -0.000013 0.000040 -0.171426 -0.000004 0.000003 -0.000021 0.202677 -0.000010 -0.134791 0.000019 -0.233021 -0.000023 0.000022 0.000030 -0.000020 -0.000043 0.000024 0.000047 0.000014 0.000049 0.000087 0.000004 0.000037 0.002276 -0.161937 -0.004020 0.025908 0.302333 0.000025 0.000004 0.099633 -0.019307 -0.002731 -0.020627 -0.000082 -0.000033 0.000058 -0.006757
0.170868 -0.295104 -0.073659 -0.000040 0.000100 -0.101505 0.000006 -0.000078 0.000006 0.170221 -0.000021 -0.245314 0.000006 -0.426622 0.000034 0.000033 0.000016 -0.000009 -0.000023 -0.000033 -0.000026 -0.000004 -0.000078 -0.000103 -0.000009 -0.000001 -0.099014 0.047887 -0.002835 0.076346 -0.071971 0.000180 -0.000024 0.080448 0.057797 -0.090714 -0.021446 0.000026 -0.000013 0.000101 -0.006614
-0.319681 -0.016403 -0.136635 -0.000017 0.000073 0.025822 -0.000001 0.000023 0.000043 0.300822 0.000027 -0.117862 0.000002 -0.304995 0.000009 0.000011 -0.000002 -0.000015 0.000010 0.000046 -0.000051 -0.000087 -0.000030 0.000069 -0.000006 -0.000086 -0.140141 0.381411 -0.005509 0.092470 -0.143706 0.000042 -0.000068 -0.145937 0.209081 0.118291 -0.020699 0.000046 -0.000015 -0.000132 -0.005120
-0.304879 -0.143272 -0.043142 -0.000023 0.000027 0.164878 0.000011 -0.000018 -0.000010 0.185948 -0.000018 0.007356 -0.000042 -0.243547 -0.000016 -0.000022 -0.000130 0.000005 0.000023 -0.000028 -0.000021 -0.000026 -0.000013 -0.000110 -0.000003 -0.000020 0.098260 0.143387 -0.002921 0.078432 -0.077429 -0.000005 0.000031 0.017938 0.395171 0.221734 -0.020385 0.000108 -0.000006 -0.000051 -0.004993
-0.633089 -0.192744 -0.193496 -0.000008 -0.000031 0.256355 -0.000002 0.000055 -0.000005 0.292397 -0.000008 0.141021 0.000013 -0.250255 -0.000004 -0.000066 -0.000029 -0.000009 -0.000024 0.000027 0.000026 -0.000024 0.000073 0.000016 -0.000004 0.000027 0.023936 -0.101671 -0.001378 0.247664 0.303852 -0.000013 -0.000021 0.234458 0.497202 0.284935 -0.020802 0.000001 -0.000002 -0.000038 -0.005212
-0.494215 -0.430769 -0.359681 0.000001 0.000040 0.103066 0.000003 -0.000012 -0.000015 0.215264 -0.000028 0.257609 -0.000008 -0.119538 0.000024 -0.000028 -0.000017 0.000007 -0.000008 0.000007 -0.000004 -0.000009 0.000036 -0.000042 0.000011 0.000019 -0.037889 -0.386042 -0.002699 0.339429 0.135945 -0.000058 -0.000018 0.282215 0.195365 0.144830 -0.020326 0.000035 -0.000006 0.000037 -0.006628
-0.354830 -0.375747 -0.201830 -0.000004 0.000019 0.016755 0.000013 -0.000002 -0.000008 0.084854 0.000008 0.333929 -0.000019 -0.108474 0.000025 0.000055 0.000021 -0.000063 -0.000021 0.000014 0.000052 -0.000030 0.000027 -0.000102 0.000008 0.000070 -0.020423 -0.393050 -0.004073 0.204777 0.029154 0.000110 0.000022 0.389392 0.005808 0.119568 -0.021598 0.000042 0.000009 0.000026 -0.006542
0.033133 -0.394677 -0.140853 0.000000 0.000013 0.031459 0.000008 -0.000002 -0.000000 0.062383 0.000006 0.237075 0.000010 -0.107218 -0.000013 0.000005 -0.000019 0.000009 0.000009 -0.000009 -0.000031 0.000027 -0.000025 0.000066 0.000000 -0.000037 -0.062792 -0.218044 -0.005858 0.110958 0.585877 0.000078 0.000098 0.139431 0.227151 0.087368 -0.020556 -0.000008 0.000009 -0.000053 -0.006803
0.459691 -0.279999 -0.034854 -0.000001 0.000007 -0.055739 -0.000019 -0.000017 0.000092 -0.044264 -0.000020 0.036615 -0.000010 0.033909 -0.000006 -0.000008 -0.000025 0.000034 0.000001 0.000017 0.000003 -0.000020 0.000068 0.000032 0.000000 -0.000010 0.168584 0.127949 -0.006421 -0.005582 0.157245 -0.000037 0.000015 -0.015794 0.165817 0.103401 -0.020503 -0.000015 -0.000002 -0.000030 -0.006775
0.627333 -0.200304 -0.497760 0.000022 -0.000001 -0.048683 -0.000006 0.000002 0.000017 -0.173696 0.000013 -0.259380 -0.000007 -0.132973 -0.000063 -0.000025 0.000062 0.000027 0.000001 0.000027 0.000019 -0.000045 -0.000035 0.000108 -0.000009 0.000002 0.296034 0.385692 -0.005988 -0.055981 0.145333 0.000016 0.000042 0.055404 0.206850 -0.076521 -0.020982 -0.000039 -0.000022 -0.000080 -0.007594
0.275686 -0.172660 -0.718610 0.000014 -0.000023 -0.014192 -0.000002 0.000001 -0.000013 -0.099667 0.000022 -0.219392 -0.000051 -0.081457 -0.000046 -0.000018 0.000045 0.000012 -0.000013 -0.000029 0.000015 -0.000033 0.000070 0.000012 -0.000004 -0.000017 -0.047061 0.360364 -0.006798 0.160429 0.162542 -0.000004 -0.000010 -0.069796 0.096211 -0.074412 -0.021284 0.000050 0.000009 0.000018 -0.009605
-0.165256 -0.129691 -0.738457 0.000002 -0.000018 -0.136848 0.000004 -0.000077 -0.000000 -0.349894 -0.000045 0.180075 -0.000032 -0.121332 0.000031 0.000044 -0.000020 -0.000012 0.000023 0.000009 0.000058 0.000016 -0.000073 0.000056 0.000003 0.000017 0.166030 -0.139468 -0.008653 0.381487 0.028017 0.000054 0.000004 0.054046 -0.227613 -0.017812 -0.020213 0.000012 0.000037 0.000078 -0.011191
-0.246319 -0.363104 -0.724817 0.000000 0.000022 0.120436 0.000019 -0.000056 0.000010 -0.157382 -0.000028 0.268362 -0.000013 0.218590 -0.000021 -0.000018 0.000018 0.000032 -0.000031 0.000003 -0.000154 0.000030 0.000034 0.000040 -0.000004 -0.000031 -0.006421 -0.086359 -0.007645 0.113860 -0.234105 -0.000061 0.000010 0.192574 -0.142063 0.251268 -0.020387 0.000020 0.000015 0.000086 -0.011358
-0.294636 -0.270962 -0.620090 -0.000062 -0.000078 0.169906 -0.000010 0.000009 0.000018 -0.075748 0.000012 -0.050508 -0.000021 0.199728 0.000019 0.000028 -0.000036 -0.000012 -0.000001 0.000013 0.000047 0.000007 0.000006 -0.000078 0.000000 -0.000001 0.055770 -0.030225 -0.007671 -0.084345 -0.155680 0.000120 -0.000012 -0.086260 0.035549 0.292591 -0.020117 0.000041 -0.000005 -0.000027 -0.010074
-0.466321 -0.148900 -0.567175 -0.000010 -0.000005 0.187976 -0.000010 -0.000014 -0.000007 -0.081625 -0.000091 0.056230 0.000013 0.250856 0.000023 0.000006 0.000041 -0.000024 -0.000031 0.000016 -0.000078 0.000046 0.000050 -0.000197 -0.000002 -0.000014 0.037731 -0.173946 -0.008696 0.019898 -0.024096 -0.000111 0.000014 -0.058338 0.005007 0.401430 -0.020685 0.000020 0.000005 -0.000061 -0.009761
-0.520387 -0.003658 -0.586121 -0.000014 0.000079 0.110026 -0.000009 0.000041 0.000006 -0.368216 -0.000005 -0.052692 -0.000004 0.049460 -0.000032 0.000011 -0.000030 0.000012 -0.000025 -0.000009 0.000061 0.000044 -0.000046 -0.000103 0.000003 -0.000005 0.326002 -0.028444 -0.007701 -0.151200 0.129353 -0.000011 -0.000083 0.014364 0.103603 0.075188 -0.020939 -0.000034 0.000004 -0.000100 -0.009952
-0.207003 0.005065 -0.256847 -0.000006 0.000024 0.153393 0.000000 0.000028 0.000013 -0.475116 0.000012 -0.096970 -0.000007 -0.043128 0.000021 0.000009 0.000009 0.000006 -0.000022 -0.000000 0.000059 0.000045 -0.000021 -0.000029 0.000005 -0.000018 0.449525 -0.091794 -0.004269 -0.217524 0.045066 -0.000043 0.000048 0.431019 -0.016490 -0.215162 -0.020492 0.000025 0.000001 0.000030 -0.010095
0.051369 0.162452 -0.217459 0.000019 -0.000011 0.324359 0.000006 0.000001 -0.000004 -0.293532 -0.000007 0.001396 0.000032 -0.016445 0.000017 0.000012 -0.000038 0.000011 0.000012 0.000011 -0.000017 0.000004 -0.000099 0.000067 -0.000007 0.000025 0.088214 -0.024710 -0.004511 -0.425048 0.103353 -0.000036 0.000034 0.167801 0.210990 -0.260076 -0.021618 0.000058 -0.000003 -0.000188 -0.011108
0.110593 -0.103232 0.044638 -0.000037 0.000004 0.330817 -0.000014 -0.000011 -0.000008 -0.128783 -0.000027 -0.156847 0.000005 -0.003123 0.000026 0.000041 0.000053 0.000006 0.000014 -0.000007 -0.000033 0.000004 0.000124 -0.000020 -0.000002 0.000008 -0.003026 0.048525 -0.002706 -0.512616 0.002893 -0.000024 0.000108 0.025083 0.383067 -0.229050 -0.021227 -0.000022 0.000002 0.000002 -0.010875
0.166709 -0.422805 0.026167 -0.000024 -0.000022 0.253705 0.000006 -0.000012 -0.000016 0.005747 0.000060 -0.275901 0.000012 -0.130002 -0.000017 -0.000027 -0.000050 0.000023 0.000012 -0.000047 -0.000126 0.000039 -0.000017 -0.000033 0.000008 0.000011 -0.064537 -0.041576 -0.003349 -0.208832 -0.204991 -0.000065 0.000035 0.197222 0.388009 -0.120140 -0.021445 0.000012 0.000006 -0.000023 -0.011574
-0.147108 -0.186787 0.157632 -0.000012 -0.000010 0.109353 -0.000000 0.000029 0.000002 -0.135915 -0.000031 0.013131 0.000012 -0.170004 -0.000063 -0.000078 -0.000134 0.000063 -0.000018 0.000003 -0.000056 0.000020 -0.000036 0.000019 0.000002 -0.000001 -0.301827 0.108636 -0.001937 0.031929 0.160793 0.000052 -0.000063 0.258679 0.132695 -0.069615 -0.020659 0.000027 0.000009 0.000015 -0.011426
0.032273 -0.044787 0.520361 -0.000051 -0.000118 0.082569 -0.000004 -0.000057 -0.000019 -0.133905 0.000014 -0.072573 -0.000006 -0.015528 0.000016 -0.000003 0.000041 -0.000009 -0.000035 -0.000039 -0.000036 0.000003 -0.000105 0.000018 0.000015 -0.000021 -0.272884 0.346510 -0.002516 0.073340 0.091796 0.000025 0.000052 0.216302 0.246948 -0.004891 -0.021261 0.000062 -0.000003 -0.000038 -0.010005
0.023969 -0.028740 0.635017 -0.000044 -0.000049 0.009599 -0.000001 -0.000002 -0.000000 0.015412 0.000027 -0.011336 -0.000001 0.074388 0.000037 0.000005 0.000021 -0.000011 -0.000034 -0.000037 -0.000070 0.000023 0.000032 -0.000062 -0.000012 -0.000001 -0.195731 0.060905 -0.006378 -0.134692 0.048223 0.000069 -0.000035 0.051126 0.190412 0.017601 -0.020525 0.000014 -0.000024 -0.000005 -0.011605
-0.320991 0.015556 0.080100 -0.000006 0.000042 0.119282 0.000004 0.000081 0.000002 0.081315 0.000004 0.321356 -0.000014 0.208893 0.000011 0.000034 0.000033 -0.000026 0.000016 -0.000026 -0.000043 -0.000023 -0.000005 0.000048 0.000009 0.000048 -0.130120 -0.097195 -0.007297 0.006018 -0.433744 0.000021 -0.000023 0.145506 0.053068 -0.002638 -0.020343 -0.000021 -0.000000 -0.000054 -0.009899
-0.277488 0.029098 -0.235344 0.000024 0.000055 0.045922 0.000002 -0.000010 -0.000035 0.000700 -0.000002 0.246201 0.000010 0.012714 -0.000020 -0.000049 0.000060 0.000028 0.000009 -0.000023 -0.000013 0.000024 0.000021 -0.000009 0.000006 0.000018 -0.057653 -0.184617 -0.008900 0.118503 -0.519350 0.000091 0.000033 -0.259413 0.210837 -0.227816 -0.021082 -0.000003 -0.000005 -0.000007 -0.010619
-0.017982 0.260141 -0.573458 0.000028 0.000065 0.094249 -0.000007 0.000007 -0.000045 0.160809 0.000008 -0.013894 0.000028 -0.053325 -0.000019 0.000005 0.000081 0.000006 0.000038 -0.000007 -0.000017 -0.000036 -0.000070 0.000037 0.000009 -0.000089 -0.063430 -0.155654 -0.011486 0.014190 -0.158769 -0.000024 -0.000017 -0.137924 0.183917 -0.210884 -0.020420 -0.000061 -0.000000 -0.000013 -0.009753
0.039979 0.268945 -0.591021 -0.000006 -0.000022 -0.001191 -0.000002 0.000021 0.000009 0.012170 0.000024 0.144608 -0.000010 -0.137860 -0.000039 -0.000069 0.000025 0.000029 -0.000065 -0.000005 -0.000177 -0.000025 -0.000035 0.000138 0.000009 0.000076 -0.024396 -0.046774 -0.011841 0.041442 -0.038247 0.000028 -0.000028 -0.024533 -0.052318 -0.227098 -0.019799 -0.000004 0.000017 -0.000015 -0.008654
0.140310 0.106281 -0.159394 0.000026 -0.000007 -0.074460 -0.000007 -0.000022 -0.000007 0.107090 -0.000036 0.182159 0.000003 -0.004938 -0.000049 0.000006 0.000043 0.000005 -0.000016 -0.000005 -0.000012 0.000027 -0.000004 0.000087 0.000006 -0.000013 0.054374 -0.081541 -0.010358 0.017651 -0.044322 -0.000029 -0.000031 -0.108466 0.039194 0.022051 -0.020126 0.000012 0.000003 -0.000100 -0.008277
0.192111 -0.011207 -0.155837 -0.000033 0.000031 -0.120461 -0.000003 0.000030 -0.000008 0.079679 0.000006 -0.027223 0.000054 -0.020830 0.000014 -0.000002 -0.000046 -0.000021 0.000015 -0.000006 0.000062 0.000010 0.000195 0.000143 -0.000006 -0.000004 0.220619 -0.395066 -0.005574 -0.343798 -0.069877 -0.000029 -0.000015 0.025268 -0.037690 0.026589 -0.019306 0.000023 0.000002 0.000023 -0.006120
0.032604 0.047004 -0.225949 -0.000009 -0.000025 -0.342864 -0.000004 0.000016 0.000031 0.192063 0.000037 0.155590 -0.000003 -0.002331 -0.000014 0.000025 0.000042 -0.000005 0.000018 -0.000033 0.000116 0.000033 0.000116 -0.000077 -0.000005 -0.000021 -0.296222 -0.364907 -0.002244 -0.472012 -0.008548 -0.000012 -0.000054 0.107437 -0.025049 -0.040369 -0.018541 -0.000039 -0.000006 0.000069 -0.007584
-0.284529 0.376236 0.101744 0.000043 0.000015 -0.207604 0.000009 -0.000061 0.000001 0.484374 0.000041 -0.020944 -0.000017 0.250609 0.000039 -0.000050 -0.000022 0.000011 -0.000010 0.000026 0.000045 0.000003 -0.000145 0.000077 -0.000007 0.000002 -0.487530 0.003444 -0.003045 -0.546862 0.071488 0.000024 0.000020 -0.123562 0.395554 0.073012 -0.018294 -0.000029 -0.000017 -0.000010 -0.006212
0.094767 -0.067847 0.326165 -0.000016 0.000097 -0.144528 -0.000013 0.000004 0.000014 0.298561 0.000010 -0.006632 -0.000024 0.090956 -0.000020 -0.000042 0.000030 -0.000011 -0.000008 0.000037 0.000021 0.000047 0.000080 0.000055 -0.000013 -0.000007 -0.433577 -0.024172 -0.004989 -0.482980 -0.145477 -0.000033 0.000014 -0.115484 0.471382 -0.126232 -0.019066 -0.000036 0.000007 -0.000086 -0.004835
0.159260 -0.105335 0.290730 0.000031 0.000001 -0.186496 0.000001 -0.000006 -0.000017 0.327024 -0.000026 0.073883 0.000023 0.011589 0.000009 0.000035 -0.000029 -0.000017 0.000018 -0.000010 0.000059 0.000006 -0.000076 -0.000063 -0.000020 -0.000000 -0.091904 -0.013858 -0.005260 -0.158894 -0.315435 0.000146 -0.000011 0.199378 0.424569 -0.052831 -0.018341 0.000058 0.000004 0.000134 -0.004725
0.304050 -0.223865 0.138131 0.000006 0.000052 -0.344097 -0.000010 -0.000014 0.000004 0.359794 -0.000034 -0.009919 -0.000008 0.058229 0.000080 0.000050 0.000007 -0.000005 0.000016 -0.000039 0.000040 0.000002 0.000078 -0.000043 0.000004 0.000016 0.042057 -0.046362 -0.003696 -0.085721 -0.400810 0.000086 0.000007 0.091731 0.029085 -0.076275 -0.018225 -0.000009 0.000006 0.000070 -0.004714
0.302048 -0.272117 -0.122371 0.000018 -0.000047 -0.295509 0.000000 0.000045 0.000048 0.284364 -0.000012 -0.067728 0.000022 0.175434 0.000019 -0.000034 0.000021 -0.000018 -0.000006 -0.000012 0.000037 -0.000010 0.000017 -0.000053 0.000011 -0.000009 0.256865 0.024577 -0.000189 0.151780 -0.382082 -0.000053 0.000014 0.103292 0.037337 0.004843 -0.018343 -0.000035 0.000009 0.000040 -0.004752
0.064193 -0.172009 -0.424234 0.000002 -0.000004 -0.275835 0.000004 0.000008 0.000008 0.260265 -0.000013 0.150855 0.000022 0.076702 -0.000043 -0.000012 0.000071 0.000014 -0.000012 0.000004 0.000023 -0.000057 0.000021 0.000093 -0.000007 0.000028 0.025915 -0.124214 -0.000420 0.097459 -0.150274 -0.000057 0.000017 0.016969 -0.140050 -0.014107 -0.019914 0.000004 -0.000018 0.000001 -0.004256
0.106565 -0.240511 -0.249101 0.000019 0.000048 -0.058972 -0.000002 -0.000017 -0.000035 0.299836 -0.000060 0.145926 -0.000024 0.142836 0.000036 0.000049 -0.000028 0.000009 -0.000005 0.000035 -0.000084 0.000075 -0.000082 0.000141 0.000002 -0.000015 -0.211847 0.081225 0.005097 -0.063438 0.353044 -0.000144 0.000032 -0.297165 -0.061181 0.198063 -0.020009 0.000081 -0.000006 -0.000133 -0.004619
0.196885 -0.281336 -0.362570 0.000020 -0.000012 -0.001411 0.000003 0.000006 0.000012 0.101170 0.000017 0.094269 0.000013 -0.066743 0.000020 -0.000074 0.000106 0.000010 -0.000005 -0.000013 -0.000026 0.000062 -0.000086 0.000087 -0.000001 0.000047 0.090754 -0.009981 0.009034 -0.124445 0.148814 -0.000085 0.000051 0.089910 0.066728 0.298683 -0.018983 -0.000014 -0.000009 -0.000025 -0.003502
0.098716 0.140233 -0.253114 0.000030 0.000011 -0.008515 -0.000006 0.000027 0.000026 0.056733 -0.000029 -0.052668 -0.000008 -0.133964 0.000047 -0.000037 -0.000036 0.000009 -0.000025 0.000009 0.000023 0.000008 -0.000018 0.000171 0.000006 0.000040 -0.270681 0.320923 0.011489 -0.000158 0.317552 0.000040 0.000012 -0.030679 -0.049244 0.318271 -0.019666 0.000066 0.000011 -0.000171 -0.002993
0.086583 -0.074634 -0.087512 -0.000024 -0.000004 -0.027634 0.000003 -0.000013 0.000015 -0.291186 0.000001 -0.063171 -0.000031 -0.366690 -0.000009 -0.000022 -0.000076 0.000000 0.000037 0.000014 0.000014 -0.000003 -0.000056 0.000025 0.000001 -0.000030 -0.163581 0.229805 0.013533 -0.021029 -0.108538 -0.000027 -0.000044 0.246108 0.204577 0.176163 -0.019324 0.000064 0.000016 -0.000034 -0.002042
0.214672 -0.201189 -0.101062 0.000005 0.000002 0.003506 0.000000 -0.000001 -0.000018 -0.031899 -0.000014 -0.129550 0.000024 -0.321829 -0.000014 0.000114 -0.000004 -0.000044 -0.000006 -0.000021 0.000042 -0.000004 -0.000076 0.000303 -0.000001 0.000014 -0.179116 0.207790 0.012069 0.097234 -0.326065 0.000030 -0.000007 0.230159 0.163576 0.224365 -0.019705 0.000017 0.000012 0.000051 -0.002601
0.019466 -0.366179 0.022289 -0.000021 0.000015 -0.074618 0.000004 0.000031 0.000000 -0.096902 0.000046 -0.045501 0.000042 -0.409022 0.000013 0.000020 -0.000078 -0.000031 -0.000013 -0.000001 -0.000156 0.000026 0.000076 -0.000047 0.000004 -0.000091 -0.554041 -0.010513 0.009320 -0.069271 -0.035865 0.000071 0.000024 0.203448 0.460030 0.053562 -0.020108 -0.000069 0.000001 0.000033 -0.000446
0.119278 -0.009829 -0.028110 0.000001 0.000019 0.221397 0.000000 -0.000016 -0.000020 0.097760 -0.000022 0.029683 -0.000040 -0.031138 -0.000027 0.000054 0.000014 -0.000048 0.000042 -0.000004 -0.000024 0.000012 0.000062 0.000064 -0.000006 -0.000103 -0.416939 0.313607 0.008564 -0.032329 0.039585 -0.000008 0.000013 0.328439 0.387299 0.348662 -0.019556 -0.000003 0.000009 -0.000051 0.000582
0.132039 -0.015052 0.130461 -0.000018 -0.000008 0.125394 -0.000005 -0.000022 0.000001 -0.190864 0.000041 0.189486 -0.000016 -0.070536 -0.000001 -0.000078 -0.000061 -0.000032 -0.000057 0.000013 0.000030 0.000017 -0.000147 -0.000035 0.000012 -0.000036 -0.385483 0.104896 0.010932 0.024429 -0.107243 -0.000006 -0.000043 0.082799 0.219816 0.473855 -0.019803 -0.000014 0.000038 0.000070 0.000496
0.162059 -0.215731 0.334570 0.000007 -0.000010 0.179690 -0.000004 -0.000073 0.000035 -0.361371 -0.000042 0.339705 -0.000015 0.066577 0.000037 -0.000031 -0.000028 -0.000041 0.000023 -0.000002 -0.000089 -0.000018 0.000118 0.000065 0.000001 0.000086 -0.236459 -0.007274 0.007389 0.324922 -0.471944 0.000056 -0.000022 -0.048713 0.005809 0.446115 -0.019914 -0.000007 -0.000005 -0.000026 -0.000061
0.166137 0.087305 0.156265 -0.000045 0.000023 0.100518 0.000001 0.000010 0.000045 -0.435084 -0.000041 -0.120623 -0.000016 0.122127 0.000052 -0.000047 0.000010 0.000012 0.000009 0.000015 -0.000057 -0.000067 0.000082 0.000109 0.000006 0.000019 -0.254568 0.301778 0.001005 0.104729 -0.423077 0.000027 -0.000036 -0.207013 0.156073 0.271452 -0.018710 -0.000066 -0.000008 0.000007 0.000521
0.185379 0.064802 0.243128 0.000025 0.000005 -0.025763 0.000004 0.000006 0.000018 -0.590752 -0.000019 -0.035007 0.000002 -0.090684 0.000014 0.000009 0.000019 0.000014 -0.000016 0.000002 0.000047 -0.000020 -0.000016 -0.000021 -0.000001 0.000018 -0.329500 0.144716 0.000065 0.206481 -0.041131 0.000190 0.000038 -0.203087 -0.253247 -0.349088 -0.019500 -0.000025 -0.000014 -0.000088 0.000532
0.267742 0.139379 0.019543 -0.000026 0.000011 0.223064 -0.000001 0.000064 -0.000015 -0.324263 0.000004 -0.196261 -0.000027 0.133056 -0.000006 -0.000064 0.000034 0.000004 0.000050 0.000012 0.000006 0.000019 0.000063 -0.000116 -0.000006 -0.000012 -0.349690 -0.132723 -0.001615 0.108204 -0.181098 0.000047 -0.000007 -0.170033 0.018552 -0.320648 -0.019145 0.000054 0.000006 -0.000018 -0.001209
0.100951 -0.073788 -0.040255 -0.000006 -0.000006 0.230027 0.000011 -0.000011 -0.000015 -0.128183 -0.000014 -0.184745 -0.000026 0.340629 0.000029 -0.000027 -0.000142 -0.000002 -0.000022 -0.000028 -0.000054 0.000008 0.000099 -0.000137 -0.000005 0.000005 -0.704020 0.044074 -0.001669 0.154260 0.089433 -0.000108 -0.000067 -0.539550 0.085122 -0.399365 -0.020075 0.000034 0.000012 -0.000047 -0.003655
0.000284 -0.141810 -0.102283 -0.000034 -0.000005 0.165139 -0.000002 -0.000005 -0.000022 -0.022952 -0.000034 -0.221741 -0.000007 0.266750 0.000013 -0.000033 0.000170 -0.000082 0.000004 -0.000028 -0.000032 0.000023 0.000047 -0.000056 0.000009 0.000034 -0.785212 0.254684 -0.006359 -0.011796 -0.091672 0.000106 0.000040 -0.557519 0.130723 -0.422165 -0.020756 -0.000041 -0.000004 -0.000032 -0.004167
0.148892 0.017076 -0.254621 -0.000032 -0.000001 0.263758 0.000002 -0.000003 0.000005 0.053817 -0.000054 0.021623 -0.000008 0.361684 -0.000001 0.000059 -0.000024 -0.000010 -0.000006 -0.000003 0.000030 0.000007 0.000027 -0.000012 -0.000021 -0.000013 -0.937511 -0.133378 -0.010194 -0.056873 -0.051721 -0.000072 0.000040 -0.231578 0.187899 -0.060901 -0.020543 -0.000042 -0.000020 0.000035 -0.006296
0.149652 0.229648 -0.196844 -0.000006 -0.000017 0.028891 -0.000001 -0.000042 -0.000013 -0.254044 -0.000045 0.163598 0.000035 0.263194 -0.000026 -0.000040 -0.000115 -0.000054 -0.000006 0.000002 0.000085 -0.000028 -0.000018 -0.000078 -0.000000 0.000011 -0.322364 -0.213403 -0.012084 -0.002133 -0.445811 0.000078 0.000028 0.099543 0.255031 -0.102198 -0.020854 -0.000055 0.000008 -0.000025 -0.006288
0.104579 0.212187 -0.082442 -0.000015 -0.000064 0.015202 0.000007 -0.000040 0.000007 -0.261893 -0.000034 0.085619 -0.000006 0.365673 -0.000038 0.000004 -0.000013 -0.000008 0.000000 0.000004 -0.000025 -0.000016 0.000133 -0.000175 -0.000019 0.000025 -0.337183 -0.227949 -0.012480 0.098644 -0.354350 -0.000028 -0.000033 0.119668 0.362770 -0.063251 -0.021339 0.000068 -0.000002 0.000075 -0.008144
-0.115782 0.349892 0.000671 0.000033 -0.000037 -0.024005 0.000001 -0.000051 0.000010 -0.265672 -0.000069 0.059420 0.000009 0.124811 -0.000000 0.000061 -0.000034 0.000051 0.000030 0.000000 -0.000018 -0.000033 0.000101 0.000105 0.000022 -0.000063 -0.214213 -0.129978 -0.010933 -0.010990 -0.123423 0.000045 -0.000048 0.550346 0.340426 -0.268236 -0.021160 -0.000027 0.000002 0.000033 -0.006054
-0.289864 0.034907 0.162926 -0.000019 0.000011 -0.108977 -0.000000 0.000014 0.000006 -0.225794 -0.000016 0.157484 0.000009 -0.035786 0.000041 -0.000018 0.000031 0.000034 -0.000022 0.000004 -0.000018 0.000003 -0.000060 0.000112 -0.000006 0.000077 -0.206669 0.222661 -0.008105 0.232685 -0.004790 0.000021 -0.000044 0.112010 0.030609 -0.308303 -0.021667 0.000092 -0.000000 0.000076 -0.005213
-0.699179 0.029859 0.129858 0.000005 -0.000013 0.066394 -0.000020 0.000044 0.000020 0.049482 0.000011 0.087532 -0.000028 0.196454 -0.000062 -0.000034 -0.000081 -0.000013 -0.000014 0.000000 0.000021 -0.000003 0.000075 -0.000004 0.000018 0.000024 -0.063269 0.090633 -0.007062 0.057652 -0.055377 0.000078 -0.000045 -0.037583 -0.048006 -0.044597 -0.021522 -0.000024 0.000009 0.000005 -0.003881
-0.341210 0.015618 0.312278 -0.000012 0.000045 0.286924 0.000002 0.000003 0.000011 0.294974 0.000026 0.010778 -0.000018 0.409355 0.000024 -0.000025 -0.000022 0.000009 -0.000010 0.000029 -0.000004 0.000022 0.000004 0.000152 -0.000002 0.000003 0.064703 -0.040684 -0.007540 -0.023937 -0.214613 0.000022 0.000056 -0.537329 -0.003226 -0.030860 -0.021160 -0.000031 -0.000002 0.000030 -0.002574
0.146080 -0.019597 0.347813 -0.000011 -0.000046 0.076811 -0.000006 0.000002 -0.000028 0.133891 -0.000013 0.284903 0.000024 0.177005 0.000038 -0.000002 0.000012 -0.000019 -0.000009 0.000015 0.000023 -0.000001 0.000104 -0.000076 -0.000005 0.000016 0.202988 -0.574783 -0.007972 0.123771 -0.233611 -0.000031 0.000057 -0.762220 -0.237359 -0.083803 -0.021209 0.000009 0.000004 0.000026 -0.002067
-0.065462 0.240184 -0.003744 0.000056 -0.000012 -0.074448 0.000006 0.000007 0.000061 0.104599 0.000031 0.253784 0.000042 -0.025157 0.000031 0.000020 0.000003 -0.000021 -0.000005 0.000012 -0.000033 -0.000004 -0.000078 0.000004 0.000016 0.000012 0.017944 -0.407734 -0.008912 0.172950 -0.149975 0.000087 -0.000010 -1.010928 -0.082548 -0.224107 -0.022286 -0.000060 -0.000012 0.000023 -0.003526
0.019690 0.316563 0.051854 0.000019 -0.000037 -0.007679 -0.000006 0.000002 -0.000017 0.182389 -0.000005 0.153240 -0.000008 0.102988 0.000058 -0.000033 -0.000023 0.000009 -0.000073 -0.000005 0.000018 -0.000029 0.000073 -0.000022 -0.000009 0.000021 -0.133718 -0.118037 -0.011476 0.250030 -0.081485 0.000029 0.000004 -0.958834 -0.277744 0.069433 -0.021709 0.000020 0.000029 -0.000013 -0.003666
0.052829 0.242209 0.000462 0.000018 -0.000090 0.009933 0.000005 -0.000030 -0.000063 0.229002 0.000046 0.013109 -0.000035 -0.258748 0.000022 0.000043 -0.000044 0.000007 0.000040 -0.000002 0.000037 -0.000010 0.000061 -0.000058 0.000002 0.000014 -0.056825 -0.122761 -0.012278 0.069533 0.006361 0.000002 0.000011 -0.834112 -0.142035 -0.149456 -0.021103 -0.000031 -0.000019 0.000043 -0.004645
0.407525 0.203890 0.061996 0.000032 0.000033 0.175781 -0.000001 0.000012 -0.000032 0.162407 -0.000009 0.016383 0.000011 -0.207303 -0.000015 -0.000055 0.000030 0.000014 -0.000008 -0.000005 0.000063 -0.000030 0.000070 0.000071 0.000002 0.000010 0.044262 -0.251642 -0.015562 0.080832 -0.050314 0.000057 0.000056 -0.650371 0.071080 0.052776 -0.021549 0.000071 0.000010 -0.000057 -0.003267
0.271246 0.134889 -0.011812 0.000015 0.000028 0.380867 -0.000004 -0.000049 -0.000013 0.373064 0.000011 0.037664 0.000003 -0.124489 -0.000009 -0.000003 -0.000006 -0.000022 0.000016 0.000006 0.000036 -0.000030 -0.000115 -0.000079 -0.000025 -0.000008 0.399080 -0.362244 -0.016550 -0.005453 -0.242201 0.000020 -0.000045 -0.428349 0.456379 0.223894 -0.021906 -0.000016 0.000003 0.000032 -0.001289
-0.098330 0.059403 -0.090449 -0.000013 -0.000026 0.149079 0.000005 -0.000021 -0.000029 0.110895 -0.000019 0.149592 0.000007 -0.318844 0.000091 0.000044 0.000038 0.000002 -0.000001 -0.000000 -0.000044 -0.000010 0.000010 -0.000020 -0.000003 0.000053 0.207027 -0.333637 -0.014507 0.154419 -0.280014 -0.000032 -0.000033 -0.016691 -0.080264 0.001188 -0.021616 0.000070 -0.000000 0.000049 -0.001388
0.062284 -0.000518 -0.147858 -0.000009 -0.000034 0.189485 -0.000006 -0.000005 0.000012 0.284297 0.000055 0.013608 0.000021 -0.283294 0.000043 -0.000008 0.000023 0.000014 -0.000021 0.000009 -0.000070 0.000000 0.000145 -0.000050 0.000008 0.000052 -0.026713 -0.371930 -0.013781 0.045562 0.101530 -0.000031 0.000035 0.087015 -0.142673 0.151099 -0.021920 0.000012 0.000012 -0.000059 -0.000963
-0.188060 0.049320 -0.239127 -0.000007 0.000069 0.309806 0.000005 -0.000005 0.000013 0.410092 0.000024 -0.005023 0.000030 -0.451620 0.000038 0.000081 -0.000032 0.000025 -0.000043 0.000010 -0.000066 0.000020 -0.000095 0.000082 -0.000022 0.000048 -0.122467 -0.137183 -0.012647 0.113731 0.194026 -0.000033 0.000037 0.031199 -0.097655 0.210079 -0.021254 -0.000014 -0.000005 -0.000064 0.000206
-0.492854 -0.177913 0.136680 -0.000004 -0.000048 0.172778 -0.000003 -0.000027 -0.000017 0.286483 0.000090 0.174927 -0.000003 -0.345348 0.000007 0.000109 -0.000075 -0.000004 0.000006 -0.000000 -0.000021 0.000010 0.000054 -0.000027 -0.000001 0.000013 -0.105851 -0.223406 -0.008075 0.222558 0.171211 -0.000056 -0.000016 0.207455 -0.138674 0.129595 -0.020641 -0.000010 0.000000 0.000008 0.000597
-0.480236 0.097953 0.378642 0.000019 0.000003 0.148438 0.000013 0.000018 0.000004 0.231515 -0.000045 0.076045 0.000001 -0.250281 0.000037 -0.000032 -0.000060 -0.000031 0.000010 -0.000008 -0.000034 0.000034 -0.000031 0.000064 0.000005 0.000050 -0.005286 -0.308156 -0.008312 0.284898 0.177330 -0.000011 -0.000012 -0.051475 -0.349596 0.290631 -0.020785 0.000050 -0.000002 -0.000020 0.000474
-0.337070 0.129654 0.492826 -0.000013 -0.000114 0.104032 -0.000005 -0.000029 0.000068 0.197726 -0.000001 0.046587 -0.000002 -0.141894 0.000005 0.000054 -0.000031 0.000003 -0.000034 0.000006 0.000099 -0.000017 0.000093 -0.000052 0.000020 0.000076 0.376274 -0.186910 -0.006606 0.291676 0.139337 0.000124 -0.000019 -0.104417 -0.402809 0.230352 -0.020882 -0.000000 0.000006 0.000032 0.000162
-0.220305 -0.113899 0.138527 0.000005 -0.000064 0.218240 -0.000005 0.000023 -0.000014 0.276761 0.000052 0.013476 0.000030 0.011595 0.000050 -0.000043 -0.000009 0.000013 0.000072 -0.000002 0.000013 0.000044 -0.000065 0.000169 0.000002 -0.000018 0.290387 -0.059133 -0.005241 0.146301 -0.071903 0.000010 -0.000013 -0.194372 -0.010775 0.198390 -0.020911 -0.000050 0.000012 -0.000032 -0.001796
0.096981 -0.146271 0.047930 0.000004 0.000011 -0.071082 0.000002 0.000022 0.000017 -0.014620 -0.000003 0.060928 0.000025 -0.166426 -0.000010 -0.000066 0.000080 -0.000019 0.000011 0.000003 -0.000116 0.000000 -0.000054 0.000085 0.000000 -0.000021 0.272794 0.058579 -0.004074 0.176540 -0.150402 -0.000024 0.000008 -0.069164 -0.168910 -0.106592 -0.021335 0.000015 -0.000015 -0.000169 -0.001691
0.175385 -0.141795 -0.130370 0.000039 -0.000029 -0.037505 0.000006 0.000058 -0.000011 -0.097585 0.000012 -0.043623 0.000015 -0.157419 -0.000005 -0.000048 0.000001 -0.000038 0.000028 0.000001 -0.000010 -0.000050 -0.000103 -0.000154 0.000001 0.000032 -0.028625 0.275628 -0.007290 0.052270 -0.058464 0.000085 0.000009 -0.010275 -0.188018 0.028634 -0.021096 0.000018 0.000027 -0.000009 -0.000948
0.171858 -0.031457 -0.163206 0.000009 -0.000002 0.128644 0.000000 -0.000066 0.000018 -0.080027 0.000014 -0.264010 -0.000009 -0.160474 0.000033 -0.000008 -0.000081 -0.000013 0.000010 0.000028 0.000001 -0.000014 0.000013 0.000038 -0.000001 0.000023 -0.124056 0.324968 -0.010405 -0.172219 -0.128665 -0.000021 0.000043 -0.006177 -0.163866 0.113885 -0.020964 -0.000034 0.000008 0.000018 -0.002044
0.029489 0.078024 0.000315 -0.000030 0.000013 0.001340 -0.000006 0.000025 -0.000042 -0.007909 0.000006 -0.189946 0.000018 -0.131708 -0.000003 0.000019 -0.000051 0.000001 -0.000020 0.000002 0.000037 -0.000029 -0.000017 0.000130 0.000007 -0.000049 -0.006056 0.453785 -0.011567 -0.188662 -0.379903 0.000033 -0.000002 0.122084 -0.029890 0.112323 -0.021418 0.000032 0.000034 -0.000059 -0.000105
-0.009791 -0.011273 0.168357 -0.000013 -0.000011 -0.065706 0.000006 0.000003 0.000019 -0.098728 -0.000053 -0.049620 0.000000 -0.089203 0.000020 -0.000041 -0.000017 0.000005 0.000028 -0.000011 0.000058 -0.000010 -0.000043 -0.000096 -0.000011 0.000031 0.000352 0.503519 -0.011027 0.021249 -0.172010 0.000076 0.000072 -0.198877 -0.099252 0.098527 -0.022456 -0.000057 -0.000013 -0.000016 -0.000132
0.035713 -0.123838 -0.008855 -0.000007 -0.000014 -0.120684 -0.000003 -0.000004 -0.000043 -0.043529 0.000040 -0.062468 -0.000015 -0.030160 -0.000104 0.000081 0.000082 -0.000002 -0.000019 0.000047 0.000016 0.000024 0.000059 0.000065 0.000003 0.000007 0.020488 0.125081 -0.008564 0.010968 -0.361540 0.000045 0.000093 -0.084553 -0.156165 0.244885 -0.022583 -0.000005 -0.000012 0.000067 -0.002766
-0.305093 -0.027065 0.125022 -0.000041 0.000030 0.099669 -0.000004 0.000008 -0.000017 0.006962 0.000055 -0.055842 -0.000040 0.132444 0.000014 -0.000067 0.000031 -0.000009 0.000020 -0.000000 -0.000015 0.000007 0.000044 0.000066 0.000005 0.000080 0.032807 0.175484 -0.007116 0.005069 -0.165538 0.000047 -0.000020 -0.106777 0.005233 0.257242 -0.022181 -0.000037 0.000012 -0.000139 -0.001569
-0.542126 -0.049485 -0.020200 -0.000002 -0.000071 0.203041 -0.000001 0.000001 0.000017 0.005696 -0.000050 0.014143 0.000018 0.204535 0.000006 -0.000024 -0.000020 -0.000019 0.000003 -0.000018 -0.000155 -0.000018 -0.000004 0.000098 0.000003 -0.000035 -0.002313 0.185805 -0.008675 0.066262 -0.314505 -0.000026 -0.000022 0.195202 -0.079937 0.370322 -0.022268 -0.000021 -0.000002 0.000070 -0.002061
-0.865471 -0.107311 -0.104824 0.000045 -0.000026 -0.010236 -0.000012 0.000075 0.000021 -0.140175 -0.000005 0.122300 0.000023 0.068979 0.000013 -0.000023 0.000025 -0.000034 -0.000003 -0.000012 0.000009 -0.000014 -0.000018 0.000117 -0.000008 0.000020 -0.233340 0.258417 -0.009095 0.235846 -0.265370 0.000024 -0.000020 0.009351 -0.265073 0.168919 -0.022424 0.000021 -0.000004 -0.000039 -0.001583
-0.718222 -0.362022 -0.088251 0.000029 -0.000001 0.016786 0.000006 -0.000028 -0.000026 -0.022119 0.000015 0.100516 0.000010 -0.090868 -0.000003 0.000145 -0.000030 -0.000054 0.000025 0.000034 -0.000105 -0.000027 -0.000028 -0.000035 -0.000004 -0.000020 -0.184301 0.131939 -0.008662 0.141489 -0.138815 0.000059 0.000052 0.021781 0.031191 0.137035 -0.021869 -0.000013 -0.000003 0.000009 -0.001403
-0.528816 0.023534 -0.259796 0.000022 -0.000040 -0.197980 -0.000012 0.000017 0.000020 -0.309692 0.000010 0.128412 -0.000008 -0.141526 -0.000042 0.000022 -0.000020 -0.000044 -0.000004 0.000007 0.000061 -0.000013 0.000146 0.000154 0.000005 -0.000022 -0.093179 0.067343 -0.008798 0.039309 -0.252607 -0.000108 -0.000027 0.001134 0.007999 0.130647 -0.021262 0.000015 -0.000006 0.000019 -0.002400
-0.512133 0.288860 0.063703 0.000006 -0.000006 -0.032040 0.000013 -0.000030 0.000025 -0.241539 -0.000021 0.327604 -0.000036 0.085463 -0.000034 0.000110 0.000064 -0.000003 -0.000019 -0.000031 -0.000042 0.000020 -0.000041 0.000060 0.000012 -0.000017 -0.285809 -0.232333 -0.006627 -0.062090 0.240788 0.000050 0.000037 -0.225757 -0.196637 0.279500 -0.020676 0.000097 0.000004 0.000000 -0.001886
-0.550681 0.196626 0.088734 0.000008 0.000026 0.020493 -0.000001 -0.000021 0.000018 -0.266129 0.000018 0.191493 -0.000024 0.094878 -0.000010 0.000004 -0.000056 0.000011 0.000030 -0.000002 0.000045 0.000005 -0.000232 0.000237 -0.000005 0.000001 -0.111387 -0.031747 -0.002543 0.007907 -0.018943 -0.000088 0.000004 -0.030997 -0.293597 0.472033 -0.021200 0.000004 0.000006 -0.000014 -0.002585
-0.267032 0.259661 0.061472 -0.000031 0.000010 -0.059016 -0.000001 -0.000016 -0.000017 -0.300461 0.000049 -0.023074 0.000018 0.000340 0.000055 0.000046 -0.000037 -0.000012 0.000011 -0.000015 -0.000069 -0.000040 0.000019 0.000012 0.000009 -0.000023 0.380061 0.236724 -0.004216 0.005381 -0.302375 0.000072 0.000020 -0.011102 -0.233922 0.195517 -0.020544 0.000075 0.000004 0.000057 -0.002652
-0.001195 0.012932 -0.186811 0.000024 0.000037 -0.262432 -0.000000 0.000037 -0.000000 -0.421168 -0.000064 -0.429481 -0.000006 0.010523 0.000023 -0.000023 0.000092 0.000010 0.000058 0.000009 0.000041 -0.000035 -0.000071 0.000152 -0.000003 -0.000057 0.230386 -0.001867 -0.002569 -0.273238 -0.039646 0.000074 -0.000045 0.106070 -0.237382 0.046964 -0.019721 -0.000041 0.000012 0.000026 -0.001980
0.009043 -0.105385 0.014441 -0.000002 0.000011 -0.126541 -0.000011 0.000018 0.000008 -0.219350 -0.000075 -0.560256 0.000006 0.223921 -0.000019 -0.000009 0.000019 -0.000076 0.000007 -0.000011 -0.000177 -0.000014 0.000072 -0.000104 -0.000018 -0.000017 0.235677 0.147347 -0.004230 -0.105436 0.025943 -0.000097 -0.000051 0.158437 -0.111819 0.232754 -0.020527 0.000018 0.000027 0.000099 -0.000776
-0.194785 -0.008920 -0.324183 0.000006 -0.000021 -0.129655 -0.000003 0.000001 -0.000008 -0.187703 0.000046 -0.449301 0.000008 0.371875 0.000090 -0.000018 -0.000076 -0.000001 -0.000002 -0.000008 -0.000091 -0.000022 -0.000015 -0.000085 0.000001 0.000071 0.194617 0.290597 -0.003121 -0.086632 0.078591 0.000017 0.000006 0.083111 0.094717 0.043519 -0.020298 -0.000007 0.000002 0.000056 -0.000281
-0.163065 -0.210065 -0.186616 0.000032 0.000030 -0.194347 0.000001 -0.000013 0.000057 -0.195030 0.000024 -0.236258 0.000013 0.287938 -0.000009 0.000111 0.000015 -0.000023 -0.000047 0.000025 -0.000016 -0.000014 0.000031 0.000156 0.000007 -0.000009 0.339806 -0.252757 -0.001036 -0.089395 0.277782 -0.000041 -0.000045 0.129470 0.196752 -0.060757 -0.020574 -0.000007 -0.000010 -0.000030 0.000285
-0.093761 0.052110 -0.112255 -0.000012 0.000022 -0.241666 0.000001 -0.000026 -0.000006 -0.166325 -0.000028 -0.254282 0.000007 0.170996 -0.000004 -0.000044 -0.000019 0.000010 -0.000009 -0.000004 -0.000051 -0.000021 -0.000030 -0.000034 0.000007 -0.000016 -0.052402 -0.059930 -0.000531 -0.428161 0.266804 -0.000054 -0.000020 0.018127 0.104345 -0.006265 -0.019867 0.000032 0.000008 -0.000045 -0.001017
0.086238 0.151570 0.116538 0.000007 0.000099 -0.421017 -0.000004 -0.000001 -0.000006 -0.156261 0.000042 -0.078904 0.000003 0.181014 -0.000055 0.000002 0.000046 0.000013 -0.000011 0.000008 0.000018 0.000014 0.000102 0.000101 0.000009 0.000024 -0.403374 -0.236609 -0.000723 -0.201637 0.221061 -0.000112 0.000009 0.090186 -0.068312 0.108163 -0.019427 -0.000025 -0.000005 -0.000001 -0.003411
-0.141693 -0.066524 0.295002 0.000021 -0.000035 -0.297531 -0.000002 -0.000056 -0.000012 -0.084209 0.000001 0.061816 -0.000003 0.038986 -0.000019 -0.000061 0.000067 -0.000005 0.000019 0.000007 -0.000022 0.000023 -0.000038 0.000065 -0.000008 -0.000010 -0.390015 -0.571149 0.000898 -0.023488 -0.034819 -0.000022 0.000006 0.221566 0.010556 0.116532 -0.020124 -0.000022 -0.000014 -0.000030 -0.004682
-0.092438 -0.027648 0.180206 0.000006 0.000058 -0.067525 -0.000003 0.000038 -0.000019 0.019677 0.000011 0.058726 0.000011 -0.041884 -0.000022 -0.000022 0.000024 -0.000056 0.000008 0.000002 -0.000089 -0.000040 0.000164 -0.000020 -0.000011 0.000058 -0.259436 -0.363035 -0.001427 0.087400 -0.228152 -0.000008 0.000046 0.144895 0.105406 0.173878 -0.019365 -0.000015 -0.000006 -0.000054 -0.006010
-0.325524 0.054003 0.214110 0.000006 -0.000068 0.078075 0.000010 0.000014 -0.000013 0.086961 0.000012 0.050460 -0.000017 -0.020788 -0.000036 0.000025 -0.000011 -0.000005 -0.000002 -0.000010 0.000085 0.000007 -0.000147 -0.000034 -0.000003 0.000007 -0.029582 -0.461688 -0.002770 0.095907 -0.054941 0.000017 -0.000018 -0.044431 0.112283 0.232999 -0.019887 0.000040 0.000009 0.000058 -0.004931
-0.231177 0.146996 0.076408 0.000020 -0.000032 -0.011701 0.000003 -0.000024 -0.000009 -0.257517 -0.000016 -0.197576 -0.000004 -0.117748 -0.000025 -0.000109 0.000021 0.000071 0.000019 0.000007 0.000078 0.000017 0.000107 -0.000013 -0.000002 -0.000016 0.230566 -0.068295 -0.008227 0.043161 -0.092227 -0.000087 0.000018 -0.003516 -0.125223 -0.019948 -0.019790 -0.000059 -0.000018 0.000014 -0.004868
-0.068893 0.232888 0.059955 -0.000029 0.000004 0.052770 0.000000 0.000016 0.000048 -0.186914 -0.000022 -0.589828 0.000022 0.033454 0.000015 -0.000074 -0.000047 0.000028 -0.000015 0.000011 -0.000056 0.000017 -0.000071 -0.000018 0.000021 -0.000034 0.009565 0.050357 -0.009653 0.238313 -0.050394 0.000031 -0.000064 -0.022336 -0.012922 0.233671 -0.019625 0.000007 -0.000008 0.000058 -0.002252
0.136697 -0.188631 0.089658 0.000022 -0.000010 0.006038 -0.000003 0.000011 0.000005 -0.094408 0.000032 -1.023194 -0.000008 0.009638 -0.000006 -0.000083 -0.000038 0.000073 -0.000040 -0.000007 -0.000010 -0.000008 0.000046 -0.000031 -0.000005 0.000023 -0.341991 -0.720776 -0.010085 0.052830 -0.107342 0.000049 0.000079 -0.224059 0.069873 0.157103 -0.019600 -0.000025 0.000034 -0.000097 -0.002782
0.091098 0.112840 -0.252827 -0.000030 0.000026 0.028669 0.000000 -0.000044 0.000024 0.098431 0.000020 -0.875398 -0.000014 0.106052 -0.000034 -0.000115 -0.000008 -0.000009 -0.000019 -0.000006 0.000051 0.000042 0.000149 0.000075 -0.000000 -0.000001 -0.262392 -0.284114 -0.011532 0.272441 0.014647 -0.000110 0.000076 -0.275502 -0.031446 0.176488 -0.020189 0.000038 -0.000021 -0.000001 -0.005041
-0.013580 -0.032251 -0.070087 0.000014 0.000028 0.129371 0.000003 -0.000000 0.000034 0.112430 -0.000031 -0.527338 -0.000009 0.009244 0.000009 -0.000057 0.000050 0.000024 -0.000000 -0.000011 0.000025 0.000022 -0.000002 -0.000017 0.000005 -0.000029 -0.135789 -0.196736 -0.012077 0.539992 0.145764 0.000034 -0.000060 -0.042802 -0.319166 -0.082402 -0.019825 -0.000031 -0.000007 -0.000030 -0.003423
-0.172381 0.025198 -0.167502 -0.000071 0.000004 0.233435 -0.000002 0.000043 0.000091 0.227498 0.000025 -0.339018 0.000006 0.167396 0.000031 -0.000030 -0.000004 0.000016 0.000037 0.000009 0.000105 -0.000030 0.000054 -0.000044 -0.000003 -0.000048 0.016723 -0.332257 -0.010084 0.455217 0.279076 -0.000026 -0.000016 0.042499 -0.403255 -0.013295 -0.020651 -0.000018 -0.000001 -0.000028 -0.003914
0.076797 0.079100 0.190192 0.000013 0.000028 0.075480 -0.000012 -0.000002 -0.000002 0.116764 0.000015 0.127183 -0.000038 -0.022646 0.000038 0.000037 -0.000072 0.000024 0.000018 0.000008 0.000044 -0.000001 -0.000092 0.000034 -0.000006 -0.000024 0.316817 -0.270834 -0.008584 0.109249 0.301000 -0.000054 -0.000036 0.066699 -0.248798 0.051234 -0.020622 0.000041 -0.000016 -0.000052 -0.001055
0.480525 0.086791 0.065454 -0.000014 0.000045 0.050853 0.000000 0.000051 -0.000007 -0.034089 0.000048 0.416810 0.000005 -0.115140 -0.000006 0.000050 0.000029 0.000078 0.000012 0.000018 0.000018 0.000038 0.000152 0.000137 0.000005 0.000011 0.481017 -0.273391 -0.006729 0.010516 0.071186 0.000038 0.000035 0.402993 -0.131061 0.094592 -0.019536 0.000065 -0.000021 -0.000026 -0.000273
0.115270 0.164392 0.289394 0.000042 -0.000043 -0.002467 0.000001 0.000015 0.000028 0.022867 -0.000026 0.142344 -0.000018 -0.080348 0.000024 0.000020 -0.000047 -0.000023 -0.000015 0.000021 -0.000115 0.000005 0.000063 -0.000085 -0.000007 0.000009 0.533363 -0.005871 -0.006298 -0.119029 0.291301 -0.000007 0.000019 0.046104 0.025984 0.007312 -0.019674 -0.000014 0.000009 -0.000178 -0.002440
-0.100793 -0.126482 0.249607 0.000003 0.000025 0.346034 0.000007 -0.000018 -0.000018 0.425630 0.000068 -0.220696 -0.000019 0.133069 -0.000068 -0.000036 -0.000036 -0.000016 0.000011 0.000001 -0.000105 -0.000034 0.000287 0.000082 0.000004 -0.000088 0.405131 0.308331 -0.006603 -0.317008 0.187142 -0.000075 0.000017 0.122764 0.056635 0.166295 -0.019501 0.000127 -0.000004 0.000017 -0.002665
0.009904 -0.088322 0.061086 0.000000 0.000017 0.328935 0.000013 0.000021 -0.000011 0.208191 0.000023 -0.225506 -0.000043 -0.122997 -0.000011 0.000018 -0.000008 0.000003 -0.000019 -0.000012 0.000097 0.000010 0.000051 -0.000119 0.000005 -0.000018 0.312730 0.136879 -0.009133 -0.404386 0.004995 0.000007 0.000015 0.282810 -0.413070 0.196025 -0.018748 -0.000048 0.000018 0.000047 -0.001852
0.106838 -0.096255 0.197219 0.000001 0.000056 0.216977 -0.000000 0.000010 -0.000008 0.113261 -0.000026 -0.380590 0.000006 -0.405695 0.000019 0.000123 0.000028 0.000009 0.000001 0.000026 0.000017 -0.000016 0.000048 -0.000040 0.000019 -0.000031 0.148054 -0.079292 -0.005178 -0.186882 -0.095247 0.000018 -0.000000 0.229535 -0.674632 -0.109632 -0.019163 -0.000022 -0.000012 -0.000022 -0.003614
0.292944 0.026107 -0.013029 0.000064 0.000013 0.410982 0.000001 0.000013 0.000008 0.336791 -0.000006 -0.205834 0.000032 -0.109441 -0.000042 0.000085 0.000041 -0.000021 -0.000014 0.000006 0.000164 0.000011 0.000135 -0.000024 -0.000010 -0.000023 -0.106832 0.198364 -0.005160 -0.184918 -0.014685 -0.000050 0.000011 0.017856 -0.291297 0.014980 -0.018317 -0.000004 -0.000002 0.000196 -0.003917
0.105049 -0.120816 -0.025670 -0.000008 -0.000036 0.209090 -0.000011 0.000031 0.000019 0.013244 0.000025 -0.069660 -0.000010 -0.266958 -0.000003 0.000025 -0.000067 -0.000015 0.000013 -0.000016 0.000007 -0.000015 0.000073 0.000013 0.000001 0.000050 -0.146002 0.404152 -0.007579 -0.009562 -0.398023 0.000049 -0.000029 -0.117842 -0.255216 -0.116210 -0.018045 -0.000021 0.000020 -0.000025 -0.001892
-0.041783 -0.258712 -0.124644 0.000002 -0.000035 0.245571 0.000004 -0.000026 0.000035 0.124234 0.000003 0.209478 0.000004 0.002837 -0.000015 -0.000021 0.000063 0.000082 0.000034 -0.000010 -0.000056 0.000014 -0.000083 -0.000103 -0.000001 -0.000018 -0.298816 0.496308 -0.006449 -0.168545 -0.530474 0.000023 0.000055 -0.279509 -0.195731 0.018206 -0.017728 -0.000010 -0.000009 0.000058 -0.001543
-0.064824 -0.141643 -0.297368 -0.000001 -0.000059 0.289079 -0.000004 0.000028 -0.000023 0.142110 -0.000016 0.017842 -0.000015 0.092012 0.000011 0.000052 0.000105 0.000011 -0.000050 0.000003 0.000117 0.000020 0.000077 -0.000102 -0.000005 0.000030 -0.427347 0.312939 -0.004047 -0.257167 -0.152233 0.000039 -0.000007 -0.407548 0.003696 0.126891 -0.017434 -0.000002 0.000003 -0.000028 0.000375
0.006837 -0.009363 -0.306946 -0.000011 -0.000079 0.159476 -0.000004 -0.000023 -0.000012 0.062892 -0.000088 0.193438 0.000033 0.019209 0.000006 -0.000001 -0.000019 -0.000028 0.000015 -0.000006 0.000038 0.000007 -0.000075 0.000041 0.000008 0.000007 -0.587909 -0.128370 -0.004506 -0.273089 -0.072204 -0.000104 0.000015 -0.150627 -0.323713 -0.096417 -0.016508 0.000042 -0.000014 -0.000171 0.000471
0.094312 -0.057070 -0.102002 -0.000038 -0.000025 0.102729 0.000006 -0.000057 0.000000 -0.008035 0.000050 0.142926 0.000002 0.218012 0.000039 -0.000005 0.000025 -0.000004 0.000037 0.000001 -0.000005 -0.000004 -0.000028 0.000012 0.000001 0.000035 -0.213711 -0.168672 -0.003136 -0.078441 -0.158621 0.000102 0.000008 -0.095498 -0.593583 0.097499 -0.016646 0.000011 0.000007 -0.000032 -0.001541
0.050550 -0.009617 0.135721 -0.000012 -0.000009 -0.072437 -0.000003 -0.000026 -0.000004 -0.246504 0.000051 -0.063372 0.000027 0.065282 -0.000007 0.000024 -0.000076 0.000010 0.000005 0.000019 -0.000025 0.000032 0.000115 0.000075 0.000002 0.000016 -0.164690 -0.127820 -0.004791 -0.378619 -0.345420 -0.000100 0.000022 -0.032816 -0.307185 -0.046379 -0.017308 0.000043 0.000006 -0.000040 -0.001862
-0.174256 -0.064563 -0.250068 -0.000031 0.000062 -0.114174 -0.000001 -0.000016 -0.000037 -0.082744 -0.000025 -0.284059 0.000005 0.160756 -0.000018 0.000009 0.000022 -0.000040 -0.000057 -0.000011 0.000042 -0.000005 0.000131 0.000038 -0.000005 0.000003 0.029426 0.198616 -0.004413 -0.177691 -0.177327 -0.000038 0.000023 0.000001 -0.314087 0.082694 -0.017539 0.000011 -0.000008 0.000018 -0.003496
-0.334968 -0.066581 -0.139024 0.000014 -0.000049 -0.112998 0.000019 0.000012 0.000008 0.114709 -0.000015 -0.266882 0.000069 0.229395 -0.000012 -0.000026 -0.000003 0.000035 0.000011 0.000007 0.000091 -0.000018 0.000126 -0.000084 -0.000008 0.000004 0.339957 0.051018 -0.004989 -0.335104 0.132371 -0.000082 -0.000031 0.167328 0.223449 0.146543 -0.017853 -0.000022 -0.000003 -0.000025 -0.005640
-0.156602 0.011609 -0.260683 -0.000023 -0.000067 -0.173145 -0.000003 -0.000000 0.000015 0.043287 -0.000045 -0.013585 -0.000024 0.177538 0.000077 -0.000027 0.000032 -0.000036 -0.000020 -0.000005 -0.000066 -0.000079 -0.000017 0.000111 -0.000001 0.000063 0.262894 0.080744 -0.006575 -0.181832 0.091137 -0.000141 -0.000022 0.377882 -0.094121 0.130483 -0.018484 0.000001 0.000005 0.000034 -0.005915
0.271527 0.011093 -0.000180 -0.000011 0.000016 -0.003948 0.000003 -0.000007 0.000008 0.156390 -0.000022 0.259769 0.000012 0.174183 -0.000021 -0.000027 -0.000051 -0.000039 -0.000023 0.000019 0.000048 0.000005 0.000151 -0.000048 0.000002 0.000042 0.082220 0.080384 -0.006397 -0.001374 0.153773 0.000038 -0.000024 0.027700 0.120546 0.201743 -0.018319 -0.000016 -0.000011 -0.000028 -0.003889
0.362815 0.039290 0.202590 0.000015 0.000003 -0.073294 -0.000000 -0.000011 0.000047 -0.097806 0.000026 0.312009 -0.000007 0.097591 -0.000014 -0.000033 -0.000046 0.000016 0.000004 -0.000027 -0.000029 0.000003 0.000105 -0.000157 0.000002 -0.000055 0.340767 0.239550 -0.004318 0.000137 0.008396 0.000016 0.000077 -0.126401 0.127318 -0.021390 -0.018778 0.000071 -0.000010 0.000015 -0.002252
0.308089 0.270260 -0.017224 0.000017 0.000006 -0.224130 -0.000006 -0.000041 0.000020 -0.282547 0.000013 0.100691 0.000015 0.101952 -0.000021 -0.000035 -0.000020 -0.000061 0.000025 0.000005 -0.000036 -0.000039 0.000033 0.000108 0.000004 0.000030 0.025019 0.256558 -0.005173 -0.167086 0.064112 0.000023 -0.000008 -0.038906 0.018438 -0.210842 -0.019726 -0.000008 0.000010 -0.000038 -0.004234
0.233996 -0.181867 0.027949 0.000039 0.000064 0.010940 -0.000004 0.000020 -0.000009 -0.183174 0.000000 -0.143555 -0.000025 0.259898 0.000053 -0.000005 0.000148 0.000017 -0.000006 0.000010 -0.000040 0.000022 -0.000100 -0.000096 -0.000004 -0.000051 0.016512 -0.003064 -0.003130 -0.178915 -0.323985 0.000024 0.000013 -0.071608 0.083554 -0.162965 -0.020023 0.000078 0.000001 0.000111 -0.005518
0.052728 -0.194591 0.077498 0.000035 0.000083 -0.015455 -0.000002 0.000019 -0.000004 -0.110996 -0.000023 -0.234832 0.000026 0.203270 0.000013 0.000115 0.000041 0.000012 -0.000031 0.000005 0.000067 0.000035 0.000037 0.000105 -0.000000 -0.000000 -0.422658 0.020411 -0.002077 -0.015208 0.045318 -0.000023 0.000016 0.096156 -0.211941 -0.177232 -0.019053 0.000037 0.000025 -0.000006 -0.007957
-0.166758 0.064924 0.007594 -0.000002 -0.000020 -0.032742 -0.000002 -0.000042 -0.000033 0.007515 -0.000014 -0.332222 0.000009 0.283308 0.000006 0.000035 -0.000091 -0.000008 0.000010 -0.000011 -0.000086 -0.000005 -0.000075 -0.000063 0.000001 0.000085 -0.558988 0.158123 -0.002685 0.079964 0.022281 -0.000036 -0.000009 0.031556 -0.137477 -0.079945 -0.018751 0.000042 0.000017 -0.000076 -0.009812
-0.082011 0.136955 -0.100004 0.000063 -0.000018 -0.134752 -0.000005 0.000027 -0.000020 0.008684 -0.000015 -0.200281 0.000008 0.276816 -0.000021 0.000122 -0.000008 -0.000062 -0.000011 0.000005 0.000006 0.000019 -0.000018 0.000074 -0.000003 -0.000053 -0.364937 -0.036037 -0.004077 0.048371 0.211696 0.000138 -0.000005 -0.016864 -0.268382 -0.175160 -0.018537 -0.000037 -0.000010 0.000065 -0.011228
-0.060346 -0.180553 -0.016008 0.000005 -0.000079 -0.174115 -0.000001 -0.000006 0.000032 0.032264 -0.000045 0.034658 0.000005 0.146221 -0.000024 0.000059 0.000024 -0.000023 -0.000034 0.000030 0.000004 -0.000004 0.000008 0.000000 0.000009 -0.000002 -0.190984 -0.241497 -0.009828 -0.162774 0.110034 0.000054 -0.000079 0.189971 -0.160152 -0.184413 -0.019482 -0.000059 0.000007 0.000082 -0.009816
-0.078058 -0.294627 0.089544 -0.000004 -0.000000 -0.136498 -0.000001 0.000071 -0.000010 0.007175 0.000029 -0.204461 0.000001 -0.119187 -0.000020 -0.000048 -0.000147 -0.000014 0.000022 0.000017 -0.000047 0.000065 0.000056 0.000030 0.000005 0.000028 -0.070995 0.133161 -0.010970 -0.163307 -0.218803 -0.000050 0.000018 0.282588 0.120515 -0.142430 -0.018573 0.000075 -0.000012 0.000047 -0.008760
-0.120503 -0.054819 0.156018 0.000026 0.000043 0.005804 0.000001 -0.000017 -0.000001 0.187334 0.000022 -0.139987 -0.000000 0.142650 -0.000023 0.000066 0.000048 0.000012 0.000006 0.000002 0.000006 0.000031 0.000130 -0.000101 -0.000002 -0.000010 0.007323 -0.048099 -0.005799 -0.228972 -0.033495 -0.000139 0.000003 0.128270 0.089251 0.002469 -0.019347 -0.000033 -0.000011 0.000021 -0.006542
0.056602 -0.151962 0.286534 0.000010 -0.000062 -0.017044 0.000005 -0.000030 -0.000029 0.230034 0.000019 0.202015 -0.000005 0.175667 -0.000051 0.000014 -0.000043 -0.000005 -0.000003 -0.000037 -0.000004 -0.000024 0.000017 0.000096 -0.000003 0.000088 -0.208421 -0.133604 -0.004082 -0.071712 0.355907 -0.000024 -0.000027 -0.086752 -0.028938 0.056708 -0.019642 0.000040 0.000006 -0.000102 -0.006559
0.140070 -0.245082 0.124541 0.000023 -0.000013 -0.139345 0.000001 -0.000019 -0.000002 0.142498 0.000026 0.170565 0.000013 0.190710 0.000099 -0.000023 -0.000054 -0.000035 0.000008 -0.000024 0.000018 -0.000004 0.000052 0.000010 0.000005 0.000014 0.237674 -0.151842 -0.002396 -0.179573 0.216146 -0.000055 -0.000001 -0.002847 -0.118490 -0.080324 -0.019806 0.000013 -0.000001 0.000050 -0.007019
0.225929 -0.045826 -0.095473 -0.000026 0.000015 -0.183017 -0.000004 -0.000013 0.000021 0.247131 -0.000031 0.319117 0.000004 0.167689 0.000029 0.000006 0.000022 -0.000000 0.000012 0.000019 -0.000163 0.000002 -0.000109 -0.000019 -0.000007 0.000045 0.306658 -0.218224 -0.003825 0.187388 0.259212 -0.000025 0.000015 -0.096950 -0.348651 0.027520 -0.020290 -0.000021 0.000013 -0.000006 -0.008132
-0.012350 0.196945 -0.183025 0.000008 0.000022 -0.152962 -0.000002 -0.000010 0.000006 0.341938 -0.000098 0.262575 0.000029 0.120825 -0.000054 -0.000004 0.000003 -0.000002 -0.000023 0.000006 0.000028 0.000030 -0.000163 0.000029 -0.000006 0.000026 0.385446 -0.356086 -0.008300 0.014198 0.379479 0.000045 -0.000013 -0.075377 -0.383478 -0.076879 -0.020740 0.000026 0.000010 -0.000038 -0.009275
0.020905 -0.066079 -0.131152 0.000024 -0.000014 0.038118 0.000005 -0.000050 -0.000024 0.483594 -0.000001 0.451380 0.000008 0.242980 -0.000007 0.000046 -0.000142 -0.000002 0.000004 -0.000001 0.000025 0.000013 0.000067 -0.000023 0.000003 -0.000049 0.396202 -0.397411 -0.010664 0.107171 0.549186 -0.000005 -0.000094 -0.330823 -0.569507 0.034744 -0.021020 0.000065 -0.000010 0.000002 -0.008993
