-0.006857
-0.001768
-0.004060
-0.000251
-0.001019
-5.924542
-0.021592
-7.333578
0.001495
-0.010269
-6.539526
-4.273171
-0.015592
-5.432634
-0.007794
0.020153
4.845342
0.024478
0.008904
-4.460214
-5.550628
5.152572
-8.378255
-5.293554
0.007617
-6.433996
-7.285976
-6.708875
0.009857
0.001437
-5.942272
-0.016752
-0.019565
-7.528502
0.020220
0.000278
-0.010043
0.007380
-5.089915
-6.478808
0.011179
0.013303
0.017315
0.730551
-5.558164
-5.968409
-7.758485
-0.012438
-0.020923
0.008573
5.600017
0.016190
0.026134
0.001378
-0.042946
0.008630
-0.017686
-0.004480
-5.294371
4.587354
0.027146
-5.135250
0.012641
-7.007545
0.000600
4.743894
4.794948
5.502280
-0.010075
0.000103
-0.034190
5.138244
0.016500
-0.022002
4.834842
0.006938
-6.678390
1.002578
-0.001960
0.943672
-0.015610
-0.008625
0.008690
-0.010458
6.144015
7.202310
-7.568439
0.000278
-0.018802
5.434278
-7.975650
-6.682740
7.194246
-0.000316
-8.997321
0.331476
-6.860459
-0.011952
-5.381690
-0.002702
0.011600
-0.006932
-0.004525
-0.005730
-5.747475
-6.594859
0.001167
-4.168567
-0.012212
-5.752767
-0.023441
-3.345108
-5.916831
-0.013758
0.002599
5.606968
0.043257
-0.005888
-4.598052
4.716917
-0.012058
0.005909
-6.173576
4.248935
0.010831
-0.002041
4.277317
5.026832
-6.137845
-5.893082
0.002027
5.187433
0.028027
