0.000497
0.007564
0.008177
6.853278
8.162234
0.003516
-0.001632
-0.000636
3.453028
-0.000425
0.000015
-0.000543
-0.000521
-0.003582
0.002823
-0.000392
0.009205
6.271856
-0.000116
0.000907
-0.009172
0.001467
0.006086
-0.294356
-0.008390
6.664768
-0.005423
-0.000113
-0.019227
0.000236
6.801521
7.648976
-0.018036
-0.460461
-0.225970
-0.000482
-0.002631
-0.020634
6.877053
-0.000274
-0.001717
-0.000060
0.004999
-0.000486
0.001243
-0.000580
-0.011358
-0.031234
-0.000326
0.001866
0.000062
3.944056
-0.008931
0.000012
8.170223
-0.515491
-0.015012
-0.000297
0.000458
6.081357
0.009881
