-0.001117
-0.029240
-0.048359
0.023511
-0.061114
-0.024091
-0.068739
0.023987
-0.100259
-0.009374
0.073425
-0.053201
-0.105997
0.043260
0.025053
-0.081696
-0.058110
-0.021732
0.101002
-0.003171
-0.079208
-0.072562
-0.032513
0.124858
-0.055239
0.528724
0.134274
-0.047313
0.092011
0.229932
-0.088003
-0.080066
-0.044047
-0.039501
0.070712
-0.009005
-0.073694
-0.007493
0.095584
-0.091553
0.060361
-0.046286
-0.162848
-0.009203
0.040916
0.067854
-0.046727
-0.038570
-0.060340
-0.095628
0.149549
0.064596
-0.030896
-0.014569
-0.055985
0.176975
-0.072452
-0.008470
-0.091245
-0.032802
-0.038682
-0.005020
0.013153
-0.082473
-0.019343
-0.008996
0.056433
-0.060927
-0.000123
-0.068896
-0.037360
-0.070897
0.058399
0.168803
-0.075026
-0.007925
-0.000419
0.376419
-0.062268
-0.016810
-0.039621
-0.013731
-0.010887
0.038171
-0.080350
-0.016035
-0.051795
0.681625
-0.056540
0.329555
-0.030302
-0.004802
0.211271
-0.038663
-0.019497
-0.044541
-0.035280
-0.064492
-0.065872
-0.067439
0.131794
-0.005746
0.019995
-0.002485
-0.089928
-0.005793
-0.057325
-0.014325
-0.011856
0.062690
0.094921
-0.045084
-0.006784
-0.001326
-0.031411
-0.044926
0.159619
0.096832
0.194978
-0.002387
-0.000539
0.058887
0.191273
0.296289
0.125734
0.115972
-0.000165
0.123516
-0.051307
0.097508
0.128671
0.011077
-0.017915
-0.064783
-0.027758
-0.040697
0.034744
-0.037633
-0.006718
-0.009263
-0.011197
0.092335
0.326559
0.047276
-0.057315
-0.001714
-0.074712
0.101768
0.120350
0.073145
0.110562
0.332946
-0.048953
-0.027643
-0.061041
0.294095
0.283743
0.093630
0.101131
0.018033
-0.016007
0.032799
-0.095880
-0.014156
-0.048934
0.229853
-0.038097
0.024406
-0.055879
-0.070566
0.064217
-0.048136
0.036933
-0.015055
-0.003945
-0.004972
-0.017811
-0.031036
-0.042991
-0.032132
0.109625
-0.078550
0.019698
-0.025640
-0.070374
-0.059060
-0.001337
-0.010064
-0.000973
-0.068497
-0.022073
0.095036
0.039418
0.023230
-0.052778
-0.038734
-0.039888
-0.042523
-0.042460
-0.076077
0.096800
-0.000138
-0.012455
0.063637
-0.089500
-0.031718
-0.032035
-0.026037
-0.040219
-0.019617
-0.074413
-0.029834
-0.007832
-0.005285
-0.094267
-0.109161
-0.030944
-0.046891
-0.031346
-0.051698
0.565322
-0.062015
0.037874
-0.046579
0.042377
-0.083345
-0.030611
-0.002738
0.189923
-0.022553
0.074175
-0.014401
-0.041532
-0.049953
-0.065097
-0.000219
-0.038968
0.041896
0.578144
-0.008201
-0.076519
-0.067502
0.017185
-0.094255
0.282598
-0.073503
-0.002616
0.179733
0.265795
-0.016312
-0.008513
-0.059326
-0.062989
-0.015138
0.085491
0.046382
0.164374
-0.040278
-0.025725
0.067564
0.111681
-0.004433
-0.074755
0.159606
0.296301
0.098377
0.337432
-0.037874
0.072965
-0.002187
-0.031983
-0.062558
0.282504
-0.026807
0.072565
-0.055194
-0.031895
-0.034319
-0.103882
-0.008261
-0.046899
-0.046382
0.013612
-0.099130
-0.098509
-0.003704
0.390156
-0.062444
-0.039027
0.103742
-0.093251
-0.000013
-0.005198
0.070569
-0.085095
0.398514
-0.006878
0.044463
-0.058929
-0.071919
