-0.000351
-0.009028
0.007507
0.006965
-0.007233
0.013175
-0.000530
8.404045
0.023260
0.043771
7.045952
0.013126
0.004784
-0.000217
7.324942
0.001130
0.001643
-0.004534
-0.001253
-0.002279
-0.000644
0.014898
0.000081
-0.003373
-0.000330
0.015436
0.014217
-0.002449
0.015765
-0.005957
-0.002635
0.001720
-0.001603
-0.000036
0.011624
-0.000158
-0.029402
0.007274
3.495340
-0.006880
1.450789
0.000268
0.000033
0.012052
-0.000227
-0.580114
0.015853
0.009087
0.009926
-0.000232
0.000090
0.000305
0.000077
0.000641
0.014392
0.010278
-0.003163
0.004591
7.283085
6.748244
-0.006767
-0.000119
0.011487
-0.000656
0.003388
0.000025
0.008667
0.019824
0.006439
-0.007584
-0.000127
-0.011426
8.385040
0.007110
-0.008591
0.000964
-0.000751
-0.034436
0.005423
0.011657
-0.016140
-0.000137
-0.001570
0.005930
-0.075945
0.002049
0.000318
-0.000314
0.005904
4.292256
-0.000798
-0.000244
0.000502
0.000350
-0.001359
0.000300
-0.014139
-0.000562
-0.002350
-0.002241
0.002101
0.000207
-0.000008
-0.008076
0.004632
-0.009971
-0.022997
0.016018
7.875209
0.026106
-0.003965
0.003836
-0.000227
-0.000611
2.278989
0.029144
0.006083
-0.001044
-0.457684
0.010645
-0.008492
-0.007768
-0.024980
0.000258
-0.000091
-0.000213
0.010057
-0.007716
-0.009109
0.000352
0.000483
-0.000208
-0.001357
0.003729
-0.000063
-0.000568
0.000276
-0.001038
-0.026849
0.377730
0.011908
0.021085
0.003046
-0.044508
7.500500
-0.000044
0.022920
-0.000113
-0.008636
-0.000119
0.018625
0.005876
0.014609
