0.000206
-5.543257
-6.524955
-0.001414
-6.494453
0.001645
-6.639715
0.001333
-0.000821
6.188160
-0.001343
0.003163
-6.692184
6.393981
-7.552453
-0.027549
-6.520645
0.027335
-5.768360
-6.271804
0.000185
-0.000101
-0.001604
-0.018780
-7.632238
-0.006321
-0.013840
0.007283
0.006381
-6.892441
1.101487
0.002383
-8.793098
-4.627497
5.848835
-5.151611
-0.001435
-5.818225
-0.017072
0.000289
5.703025
-0.012952
-6.423046
0.001403
-6.282438
5.914224
-0.035019
-0.026137
-0.004079
-7.387695
0.002445
-6.113727
-7.212962
-6.791108
0.022837
-6.690094
0.011315
-0.006140
-0.028796
5.578501
0.001543
-0.035692
5.338792
-5.531657
4.952433
1.083647
-0.001060
0.001064
-0.011981
-8.448726
0.007927
0.000424
-7.120066
-0.001386
0.022440
-6.054432
-6.252752
4.972672
