-0.000686
-0.006539
0.017806
-0.003845
0.018453
-0.006828
-0.045530
-0.001997
0.018411
0.010149
-0.000798
-0.004126
-0.029804
0.043095
-0.003605
-0.004095
-0.004754
-0.000712
-0.002128
0.053333
-0.000562
0.014233
0.010063
-0.009464
-0.001520
-0.000180
-0.000404
0.007228
-0.018133
-0.001022
-0.004132
0.017964
-0.002322
-0.012202
0.004244
-0.003562
0.051841
-0.000497
-0.000318
-0.012796
0.018075
-0.017119
-0.000589
0.014164
-0.005314
0.013098
-0.025992
-0.004174
-0.003710
-0.018801
-0.000757
0.000189
-0.007372
-0.034036
0.021574
-0.005045
0.006723
-0.014313
0.015660
-0.000332
-0.002435
0.005666
-0.005411
-0.007990
-0.001038
-0.001290
-0.009097
-0.002418
0.001561
-0.000607
0.000266
-0.002600
-0.000790
-0.012012
-0.017812
-0.002531
0.018515
0.026012
-0.036065
-0.000192
0.024361
-0.003306
-0.001179
-0.000272
0.018251
0.012793
0.021204
-0.002348
-0.000511
0.017867
0.002253
-0.004885
-0.016049
0.013260
-0.001676
-0.000101
-0.001367
-0.011221
0.012626
-0.003611
0.043938
0.017775
-0.000739
0.008038
-0.011641
-0.000097
-0.028475
-0.000333
-0.000026
-0.027431
0.018611
-0.012432
0.024719
-0.004018
0.019019
0.011204
0.020117
-0.012457
0.009740
-0.002958
0.013654
-0.035319
-0.001286
-0.015412
-0.001359
-0.003697
0.018702
-0.026192
0.022708
-0.000930
0.002761
-0.000144
0.000003
-0.000740
0.022019
-0.000439
0.006056
-0.001431
-0.001078
0.000132
-0.003051
-0.000221
-0.008569
0.002456
0.019848
-0.008273
-0.000104
-0.028421
-0.003903
-0.013800
-0.000298
-0.005672
0.000154
-0.000521
0.017463
-0.000235
-0.016627
-0.001780
-0.009471
0.019236
-0.005960
0.000371
0.018274
0.007941
0.016480
0.026650
0.012385
-0.029520
-0.000505
0.019141
-0.006870
0.000868
0.014662
-0.032678
-0.003796
-0.020772
