0.000369
0.597908
-0.214082
-0.023472
-1.534291
1.383971
0.859907
0.041772
-0.310264
-0.684878
0.023598
0.224003
3.942071
-0.765064
0.012454
-2.023295
1.378613
-0.089844
-0.455182
-0.841923
0.025298
-1.159477
-0.679155
2.794164
-0.000218
-0.000105
0.013840
-0.819053
1.620402
0.005966
1.482768
-1.567296
0.007264
0.013399
0.000025
0.478236
-0.709243
0.002065
0.010798
1.776782
-1.158226
0.854975
-0.004047
-1.637613
0.781268
-0.262803
1.236641
1.472110
1.571294
0.083864
0.028647
0.000155
0.026843
0.812212
-0.413195
1.020218
-0.527970
1.967001
-0.159794
-0.000177
-0.015757
-0.578473
-0.000849
-1.311701
-0.000216
-1.201343
-0.021213
0.019516
-0.000950
0.000779
0.000289
-0.619529
-0.003257
-0.014174
1.303623
-0.006446
-1.361459
-0.424613
0.903107
-0.012269
-0.475718
-0.093518
0.086899
-0.000992
-1.563925
-0.465789
-0.937124
0.016164
0.000295
-1.347761
-0.000520
0.028331
1.196563
-0.285662
-0.000107
-0.000090
-0.015191
-0.003736
-0.475362
0.003157
-0.876872
-1.576940
-0.009541
-0.681254
-0.628931
-0.000086
1.849307
0.002302
0.000050
1.005083
-1.601281
0.020529
-1.820551
-0.037648
-1.695498
-0.213975
-1.567904
0.635899
-1.335801
-0.011411
-1.100486
0.920502
-0.013967
1.749586
-0.000842
-0.081437
-1.446685
1.592839
-0.553832
-0.003150
-0.067055
0.000164
0.000044
-0.018726
-1.482858
0.002127
-0.017547
0.010015
-0.000313
1.434132
0.009382
0.000534
1.398170
0.036662
-1.519022
-0.395753
-0.000016
1.571860
-0.198468
-0.012496
-0.142534
-0.018992
-0.000216
-0.005162
-1.517784
-0.000207
-0.014667
-0.016025
-0.026494
-1.478955
2.118134
1.750784
-1.352888
-0.946642
-1.518910
-1.665778
-0.216363
0.851620
0.010684
-0.106154
-0.462382
1.677494
-0.794002
1.087155
1.012432
3.440296
