-0.000699
0.000589
0.017863
0.017686
-0.001896
0.020277
-0.000436
0.019830
-0.040256
-0.000387
-0.032357
-0.003467
-0.000113
0.001960
-0.038854
-0.015205
-0.000190
-0.009466
0.005525
-0.008782
-0.005521
0.012101
-0.001694
0.018386
-0.000351
0.002069
0.004417
-0.001246
0.014969
-0.003940
-0.000346
-0.004611
-0.000505
-0.045833
0.047086
0.022021
0.014194
-0.032554
-0.003045
-0.000293
-0.000602
-0.000112
0.012870
0.004826
-0.000492
-0.003750
0.009114
-0.000473
-0.010170
-0.000609
-0.000184
-0.002495
-0.001701
0.011145
-0.000666
0.020245
-0.004012
-0.000135
-0.000224
0.009738
-0.000258
-0.000199
-0.004290
-0.000452
0.000189
0.014270
0.019660
-0.000518
-0.037681
0.007410
0.023982
0.018978
-0.030443
0.019606
-0.000732
-0.004035
-0.006469
-0.000686
0.005913
-0.000187
-0.000684
-0.000798
0.010309
-0.002711
-0.001347
-0.000367
-0.000220
0.002361
-0.016546
0.008386
-0.009956
-0.004571
-0.000387
0.011070
-0.005198
-0.003942
0.005379
-0.000195
-0.026724
-0.000236
-0.003174
-0.001006
-0.000245
-0.000121
-0.009926
-0.020739
-0.001071
0.011943
-0.000141
-0.014029
-0.008439
0.003065
0.018190
-0.000417
-0.023963
-0.000193
0.000025
0.005113
-0.000522
0.000291
-0.002678
-0.000554
-0.005284
0.018477
-0.006346
-0.003629
-0.000929
-0.000635
0.007102
-0.000771
-0.002479
-0.009659
-0.002137
0.013438
-0.001170
-0.000829
-0.000441
0.019253
-0.002103
-0.008241
0.049287
-0.000814
-0.005410
-0.000511
-0.005359
-0.000840
-0.006294
0.005782
-0.000078
0.012519
-0.001919
-0.002053
-0.002019
0.000485
-0.021055
0.009933
-0.014978
-0.007435
0.001111
