0.013740
0.005657
4.477174
0.007904
0.000181
-0.003646
-0.007609
-0.003781
3.269565
-0.002408
-2.812488
0.002462
-0.007947
-2.602220
0.025504
-0.031869
-0.014700
-0.033384
0.001255
0.000380
0.002870
-0.021156
-0.010786
-0.010107
0.018045
-0.030716
0.000526
0.000463
0.028117
0.000013
0.000361
-1.439654
0.006935
-0.016938
0.035737
0.010259
0.001799
-0.029181
-0.002362
-0.025042
-0.019483
-0.009434
-0.031068
-0.005705
-0.003351
0.005283
-0.000365
0.025431
0.000181
5.765054
0.007488
-0.021322
-2.625972
-0.033696
-0.003159
-1.439711
0.000983
0.010175
0.015968
0.003127
-0.010418
-2.479873
-1.619725
-0.002627
-0.001786
0.006699
-2.446008
-0.015784
-0.017154
0.000031
0.019596
0.002487
0.006457
-0.000120
-0.000503
-0.004101
-0.036944
0.005006
0.010644
-0.000184
-0.020516
-2.551775
0.000813
0.015307
0.009623
-2.040552
-0.026560
-0.004193
-0.008641
-0.000498
0.011885
0.000622
-1.341739
-0.210816
0.025682
0.003116
-0.015046
0.003185
-0.000785
-0.017821
-0.011638
0.001244
-0.007908
0.004152
-0.007303
-2.166605
0.197701
-0.696993
-0.035126
-1.699653
0.000572
-0.000426
5.980929
3.872459
-0.003614
0.007781
-0.011235
-0.052185
3.676104
0.000453
-1.962519
0.011157
0.000067
-0.015867
-0.013926
0.005673
0.021568
0.003724
0.002292
-0.000183
-2.127891
-0.011609
0.000233
0.014330
5.800366
0.000774
-0.001186
0.004352
