0.000491
0.018257
0.005756
0.000205
-0.483053
-0.000083
0.003510
-0.026044
6.001056
-0.024553
-0.017082
0.004124
-0.016791
0.000102
-0.000515
-0.002023
0.003351
0.006146
4.486788
-0.005649
0.000349
-0.208254
0.000068
-0.022977
0.001149
0.006969
0.003127
-0.013316
0.002007
0.000154
0.002796
0.018664
0.001421
0.013444
-0.023653
0.019139
-0.012822
2.998307
-0.002984
-0.001276
-0.385075
0.005424
-0.016684
0.001747
0.023424
0.001652
2.191443
-0.002790
0.000062
0.000163
0.017143
0.000750
-0.000549
0.000436
-0.000649
-0.008844
0.001062
-0.011790
0.013719
-0.008100
-0.001350
-0.171940
0.004751
-0.012014
0.001742
-0.028539
-0.000138
-0.348022
-0.000279
1.758216
-0.000791
5.642662
6.547390
0.005610
6.532197
0.000335
8.358053
-0.004648
0.009687
-0.002485
0.014957
0.009008
0.004753
-0.008349
0.000045
7.271624
0.001553
-0.000035
0.000101
8.090026
-0.005042
-0.006105
0.002607
-0.018122
0.120336
0.003584
-0.005960
0.004861
-0.000279
-0.010059
-0.000086
7.558961
-0.000015
0.000115
-0.001025
-0.003843
-0.000039
-0.000038
-0.001393
0.019659
-0.017539
-0.005188
0.013964
0.000271
0.015177
0.000238
-0.000879
0.000458
0.021688
-0.002571
0.008446
-0.000341
0.000137
0.415497
7.033963
0.010045
0.029886
-0.009228
-0.000341
