-0.017786
-0.000477
-0.031510
-0.037877
0.021864
0.001218
-0.000221
-0.012997
-0.000413
0.011210
-0.004667
0.033700
-0.006112
-0.008576
0.005964
-0.001740
-0.001362
0.013517
0.018434
-0.000534
-0.000149
-0.021223
-0.004546
-0.002061
-0.001426
-0.005742
0.021848
-0.000429
-0.000119
0.021685
-0.000048
-0.007602
-0.000265
-0.017322
0.008759
0.000034
-0.021686
0.001372
-0.008035
-0.004475
-0.007296
-0.000304
-0.001388
-0.016810
0.000045
0.015028
-0.000954
-0.000733
0.020797
-0.001961
-0.000165
0.004714
-0.007279
-0.007778
-0.000126
-0.000305
-0.000836
-0.012779
0.033467
-0.018117
0.014982
-0.001559
-0.001519
-0.001855
-0.034665
-0.016110
0.047297
-0.003021
-0.010675
-0.000176
-0.001890
-0.002185
0.020073
0.021404
-0.044704
-0.007740
-0.000122
-0.049538
-0.004457
-0.007961
0.000377
-0.009766
-0.002556
-0.000656
0.012115
0.019495
0.001715
-0.000197
-0.000209
-0.001525
-0.020052
0.015078
-0.001295
0.027164
-0.000306
-0.000290
-0.007510
0.024520
-0.009880
-0.006538
-0.001365
-0.000113
0.028248
-0.000159
-0.000341
0.000546
0.022420
-0.000512
-0.005171
0.025951
-0.001582
0.020544
-0.000249
-0.000611
-0.000456
0.020873
0.022136
-0.000286
0.016874
-0.002158
-0.001623
0.001459
-0.000138
-0.000541
-0.000371
-0.001931
0.000260
0.014519
0.020727
0.020199
-0.045676
-0.000895
-0.000504
-0.044672
0.015614
-0.000205
-0.000822
0.031995
-0.001119
-0.005959
-0.000718
-0.042694
