-0.008434
-0.000094
-0.000751
-0.004688
-0.000059
0.003508
-0.001492
-0.005310
-0.008407
-0.010671
-5.661898
0.011325
0.003812
-6.932302
-0.009147
6.233088
-5.336157
0.016766
5.184886
-0.002622
-4.553321
-3.813439
-6.984313
0.005388
-0.003953
-7.194921
-8.864192
-0.009232
-4.239948
-7.242193
-0.002447
-3.787674
0.017567
5.964010
0.002266
-0.011212
-0.001789
0.001291
0.007114
-0.006703
0.003530
-0.016871
0.009202
-0.002347
-0.001083
-4.966748
-6.754769
0.700752
5.868849
-0.005794
0.001143
0.020177
0.917108
4.752295
-4.410275
0.001584
0.004527
5.927989
-0.029744
-6.240099
-0.011832
-0.001214
5.085412
-0.007101
0.001471
3.796495
-0.002627
0.035405
-5.473886
-0.017305
-5.749299
6.187256
-9.671311
-0.001801
7.194132
0.000219
-0.008177
-6.300011
-8.815674
-7.751544
-4.906129
-6.516879
-6.212753
0.001779
0.012984
0.014281
5.537701
-0.018369
-6.628064
-5.807870
4.369102
-0.006957
0.005921
-7.150406
-7.559432
-0.005660
-0.007510
0.019970
0.002122
0.002900
4.580538
-0.004132
-0.000679
-6.434492
-0.000010
-5.922815
-0.011846
-7.446017
-4.903607
-0.001673
-6.903585
-0.000289
-0.001186
-8.244807
5.407010
-0.000007
5.717878
-0.003355
-6.269169
0.010423
-7.554601
1.106265
