-0.000389
5.391816
0.000332
-4.331552
0.010541
5.956562
-0.000483
0.010330
0.023205
0.033595
0.007311
5.695064
-2.494087
5.218874
-2.939417
0.014069
6.383392
4.532461
0.001019
0.014998
0.002213
-0.000015
-0.000110
5.537460
-1.521991
0.017035
0.005562
-0.010515
0.024125
5.009625
0.005067
-1.121024
-2.488329
-0.018785
-0.000423
3.657978
0.022838
-0.001560
-0.000059
-2.657320
-0.024183
-1.873327
-0.028320
-0.014932
0.007028
0.000411
-0.034142
0.007444
0.011420
-0.000336
0.004277
-1.960025
-0.000002
-0.000267
0.014254
0.000278
0.011587
0.016054
0.000337
0.018618
0.033640
0.043328
-3.064924
0.000251
3.310243
0.019507
-0.015053
-0.001784
0.028596
-0.022067
-0.017886
-0.032635
-0.000178
0.016897
0.001879
0.003418
0.027234
5.631308
-0.007650
-0.014945
0.002931
3.360494
0.004107
4.844011
0.000146
0.000540
0.000037
0.017611
0.000566
0.028744
0.000023
0.021823
0.008465
4.766319
-3.167296
0.002159
0.003333
-0.027630
0.000018
-0.010331
0.009949
-1.539601
-3.039791
0.004976
0.026349
2.460748
-0.006304
4.599486
0.003297
0.000648
-0.000008
-0.006765
-3.622988
0.024549
-0.003909
3.961047
-0.012050
0.000061
0.000118
0.318708
-0.000410
-1.364679
0.028557
0.019281
-0.026346
