-0.002248
-0.000104
-0.001953
-0.000536
-0.002182
-0.000039
-0.002697
0.249014
-0.001454
-0.000661
-0.004871
-0.002066
-0.001173
0.000233
-0.000764
-0.000086
-0.013346
-0.005623
-0.000162
-0.001144
-0.004175
-0.011342
-0.002947
-0.001269
-0.019766
-0.009741
-0.000306
-0.001021
-0.005030
-0.005775
-0.030355
0.163815
-0.005555
-0.000212
-0.000468
-0.000083
-0.000462
0.004083
-0.005791
-0.002353
0.099344
-0.000069
-0.000941
-0.003879
-0.000390
-0.003041
-0.002374
-0.018847
0.003746
0.000399
-0.014293
0.003566
-0.002497
-0.002314
-0.008751
-0.000134
-0.018413
-0.002307
-0.000616
-0.000534
-0.029805
0.000213
-0.005139
-0.000595
-0.001736
-0.001020
-0.001763
-0.001956
-0.001956
-0.000551
-0.001566
-0.001639
-0.000926
-0.000082
-0.020411
-0.000930
-0.002530
-0.002240
-0.007578
-0.000810
-0.020560
-0.000781
0.007787
0.001507
-0.000169
-0.003609
-0.000740
-0.002342
-0.005529
-0.000711
-0.002975
0.116117
-0.001121
0.146537
-0.007307
-0.000453
-0.001122
-0.000579
-0.007347
-0.022991
-0.006929
-0.001229
-0.001137
-0.000179
-0.015774
-0.001309
0.149848
-0.002195
-0.003375
-0.000225
-0.001482
-0.000283
-0.000951
0.000003
-0.000435
0.058918
-0.000362
-0.001381
-0.000909
-0.001870
-0.006928
-0.004159
-0.001560
0.078887
0.169809
0.000388
0.003632
-0.001763
-0.000956
-0.002863
-0.003758
-0.002362
-0.001660
-0.000028
-0.000881
0.000920
-0.017983
-0.003483
-0.004007
-0.031786
-0.004230
-0.001372
0.129371
-0.000589
-0.001720
-0.003082
-0.000132
-0.034982
-0.001050
-0.004582
-0.001015
-0.000703
-0.015657
-0.003371
-0.020118
-0.000681
-0.000870
-0.001888
-0.019341
-0.008651
