-0.004092
0.008173
0.004104
-0.019291
3.703859
-0.007601
-0.000954
0.031456
0.001118
-0.006601
-0.005210
-0.000013
-0.030668
-0.000084
-0.029074
-0.001679
0.001363
-0.003931
0.006819
0.007957
7.442305
-0.004326
-0.000763
-0.002261
-0.005033
-0.000644
-0.012532
-0.000399
-0.003236
-0.013632
8.438019
0.000452
0.009965
-0.001954
0.021365
-0.015054
-0.009639
0.032168
-0.002906
-0.000148
-0.000246
-0.000117
0.000264
-0.000241
-0.016735
0.006726
0.019908
-0.018307
-0.000685
0.001846
0.006267
-0.000463
-0.011452
0.024788
-0.000064
-0.024844
-0.482264
0.000134
-0.000364
0.023413
0.001426
0.024180
0.013727
-0.010323
0.009025
0.004401
0.003081
0.000056
-0.538417
0.025033
0.005886
0.029359
-0.031595
7.945231
0.000736
0.001191
-0.000148
8.330729
-0.019576
-0.008690
-0.000235
-0.003281
-0.004856
1.631465
-0.000088
-0.005589
-0.008679
0.004131
-0.008526
-0.000347
6.853395
-0.470183
0.000394
0.004284
-0.005910
0.002298
0.001234
-0.001771
-0.001833
0.018933
0.020085
0.004745
-0.004309
6.968103
-0.001350
-0.000123
-0.002861
-0.000044
0.004068
4.116138
-0.001533
-0.000399
0.006830
-0.001718
0.002606
-0.000059
2.750735
0.002244
-0.000814
0.000008
0.026255
-0.000385
0.000187
-0.001251
0.001399
0.000162
0.008407
0.000362
0.004695
-0.009260
-0.000002
-0.000537
6.654894
