-1.955119
-0.022675
1.998466
1.333098
-2.508441
-0.007411
0.006710
-0.681184
0.012420
-0.207710
-0.000041
-0.009630
-0.003134
0.000516
0.231768
-1.673615
-0.000485
-0.013165
1.525480
0.003496
-1.221231
1.932961
-0.011289
-0.008399
-0.310647
-0.198031
-0.000094
0.152722
1.711464
-1.502527
-1.289170
0.572517
-0.000829
-0.326714
-0.206647
-0.236821
-0.331788
-1.973855
-0.005407
-0.068441
-0.000014
-0.224155
1.724034
0.027561
-0.749986
0.556821
0.003040
-2.055420
-1.992084
-1.927991
-0.470737
0.016028
4.956105
0.000245
-0.366067
0.005971
-0.003229
0.000006
0.577381
1.247037
1.817952
-0.028906
2.067954
-0.011832
-0.144177
1.662421
0.227419
0.008749
-2.604777
0.001124
-1.724572
2.225354
1.535530
-0.049376
0.003569
-0.000063
2.187716
-1.840236
-0.057465
-0.334482
-0.000165
0.001084
-0.452394
0.004802
1.922051
-2.126971
-0.000018
-2.000051
-0.057872
-2.304417
-1.673496
0.000135
0.002581
0.051732
-0.007205
-0.021662
-2.529058
0.000042
0.267542
-1.119123
0.000289
-1.789749
-0.754942
-0.002084
-0.000080
-1.198867
0.379092
