-0.227872
0.352937
-0.001441
-0.213091
-0.268960
0.454760
-0.002089
-0.306793
0.000092
0.262088
-0.367148
-0.270249
-0.003502
-0.322264
0.004256
-0.452356
-0.283381
-0.001636
-0.188881
-0.286224
-0.493618
-0.516433
0.000105
0.343435
0.441027
0.386699
-0.242444
-0.325228
-0.208141
-0.226522
-0.311500
0.003548
-0.197584
0.408655
0.002091
-0.121707
-0.000726
-0.087692
0.327347
-0.000575
0.367940
0.308693
-0.001092
-0.280443
-0.424629
0.002072
-0.000928
-0.631906
-0.001008
-0.000118
0.258557
-0.288157
-0.001035
-0.321897
-0.002203
0.384708
-0.498341
-0.011292
0.004078
0.213248
0.000713
-0.367078
0.302573
-0.217987
-0.004124
-0.055423
-0.000641
0.454534
-0.212611
0.310600
0.183139
-0.579704
0.000642
-0.002108
-0.457615
-0.358237
-0.575582
