0.000948
-1.921206
-2.187939
0.104937
0.018384
0.293254
-1.022390
-2.158126
-2.030579
2.094998
-1.205017
-0.287807
0.648849
-0.654256
-0.000040
0.882780
0.000069
2.172688
-0.992216
-3.212176
-2.001869
-0.926704
-0.965015
0.024505
0.585343
-0.773067
0.090617
-0.840402
-2.346542
0.008688
-1.506138
-2.206404
-0.000446
-0.756769
-2.130962
-2.197650
-0.265555
-1.683187
-0.008409
0.007459
-0.905947
-0.233274
-2.212315
-0.010566
0.461246
0.979966
0.018926
-1.058422
-1.078300
-2.313145
0.988314
1.274389
-1.891078
-1.743176
-1.789305
-2.012442
-0.000060
-0.013037
0.000174
0.264693
1.532522
-0.007576
-1.458194
