-0.000357
-0.018121
-0.007708
-0.003959
-0.010150
-0.011484
-0.008975
-0.004696
-0.000439
-0.029283
-0.001532
-0.003185
0.215523
-0.002867
-0.001520
-0.005109
-0.020165
-0.028932
-0.012018
-0.022964
-0.008197
0.000063
-0.001748
0.149813
-0.027320
-0.007238
-0.000659
-0.002435
-0.012407
-0.006658
-0.007247
0.000070
-0.000619
-0.007840
-0.000965
-0.004229
0.000792
0.000361
0.002027
-0.000318
-0.010311
-0.000902
-0.000705
-0.007793
-0.022719
-0.001997
-0.001717
-0.001333
0.000266
-0.025508
-0.000482
-0.002266
-0.001960
-0.003738
-0.001674
-0.004597
-0.001026
-0.000632
-0.009608
-0.000603
-0.002017
-0.008688
-0.001878
-0.008352
-0.032543
-0.000035
-0.008450
-0.007246
-0.002312
-0.000723
-0.003849
0.202848
-0.000534
-0.002291
-0.001660
-0.000156
-0.006509
-0.005611
-0.000887
-0.023689
-0.001241
-0.005759
-0.006231
-0.003808
-0.012080
-0.007915
-0.000808
-0.000265
-0.001815
-0.002140
-0.001409
-0.000299
-0.004924
-0.000337
-0.003378
-0.001037
-0.010263
-0.001327
-0.000447
-0.000363
-0.002603
-0.028760
-0.000102
-0.001256
-0.001008
-0.002931
-0.013707
-0.002903
0.002817
-0.000854
-0.003410
-0.002633
-0.001374
-0.015370
-0.002002
-0.000211
-0.017185
0.113653
-0.007230
0.002970
-0.001220
-0.000285
-0.000551
0.096504
-0.000697
-0.000555
-0.000448
-0.018001
-0.042174
-0.000140
-0.000669
-0.002586
-0.000204
-0.001034
-0.004752
-0.028686
-0.003940
-0.003264
-0.014150
-0.000177
-0.012970
-0.000380
-0.000023
0.000559
-0.001082
0.090438
-0.000579
-0.006553
-0.013847
-0.038812
-0.025311
-0.003776
-0.006046
-0.005516
-0.012240
-0.004243
-0.001025
-0.005229
-0.000835
0.122450
-0.016986
-0.001489
-0.005410
-0.019869
-0.002080
-0.002310
-0.001058
-0.000927
-0.015127
-0.005736
-0.000058
-0.005539
-0.003992
-0.000805
-0.004770
-0.002625
-0.001053
-0.003754
-0.001463
-0.013736
-0.013824
-0.008678
0.105098
-0.002085
-0.004708
-0.001165
-0.002457
0.135102
-0.002893
-0.003913
-0.000676
-0.005662
0.101487
-0.003395
-0.000872
0.000652
-0.001792
