0.201500 0.463579 -0.628723 -0.811778 0.076311 0.405675 0.817873 0.000005 0.629387 0.000042 0.983461 -0.380698 -0.001995 -0.005371 0.000078 0.726664 0.657405 0.108911 -0.677969 0.000100 0.000163 -0.594787 -0.000022 -1.053307 -0.972889 0.279582 0.978740
-0.301901 -0.295952 0.580157 0.746972 -0.096613 -0.468536 -0.476920 0.000004 -0.431379 -0.000092 -0.814164 0.803620 -0.002783 -0.004501 0.000028 -0.734284 -0.299573 -0.292258 0.642192 0.000096 0.000075 0.623863 -0.000021 0.845805 1.063162 -0.358791 -0.849366
-0.134927 0.128465 -0.607256 0.208188 -0.020172 0.226848 0.154789 0.000008 0.247266 0.000030 0.040057 0.007448 -0.002242 -0.000022 0.000012 -0.017363 0.018302 0.358705 0.341397 -0.000005 -0.000142 0.121871 0.000006 0.194278 0.355463 -0.127600 -0.051897
0.421917 0.118959 0.363835 -0.530670 0.001469 0.051644 0.676520 -0.000004 0.486229 0.000067 0.577942 -0.627936 -0.002802 -0.005031 -0.000015 0.433039 0.587905 -0.066575 -0.785115 0.000042 0.000104 -0.426419 -0.000026 -0.865870 -0.250676 0.250567 0.388304
0.304029 0.106107 0.356386 -0.343201 0.216602 0.474132 0.436310 -0.000015 0.496223 0.000048 0.414314 -0.409891 -0.002553 -0.002793 0.000088 0.366616 0.354270 -0.574376 -0.031713 -0.000039 0.000006 -0.330569 -0.000027 -0.277806 -0.210686 0.352307 0.356418
-0.193888 -0.342380 -0.105216 0.685337 -0.080974 -0.548113 -0.873457 0.000006 -0.541594 0.000015 -0.169037 0.782814 -0.002627 -0.000043 0.000011 -0.570218 -0.645610 0.169194 0.528602 0.000013 0.000119 0.584952 0.000002 0.516830 0.293182 -0.288031 -0.692893
-0.050909 -0.303065 -0.348783 0.249461 -0.154045 -0.137700 -0.323877 -0.000007 0.035589 0.000087 -0.439423 0.365134 -0.002634 -0.003495 -0.000057 -0.164304 0.064051 0.437710 0.250797 -0.000089 0.000004 0.149596 -0.000006 0.421389 -0.145841 -0.281998 -0.067708
0.554129 0.533217 0.095208 -0.873588 0.276313 0.828098 0.809780 0.000008 0.673956 0.000036 1.074836 -0.981540 -0.003990 -0.003951 -0.000012 0.831705 0.435360 -0.402110 -0.587397 0.000144 0.000121 -0.768038 0.000036 -0.842922 -0.948905 0.702227 0.633542
-0.142107 -0.134764 0.325673 0.487086 0.005396 -0.193550 -0.663555 0.000001 -0.405913 0.000072 -0.716226 0.316470 -0.003474 -0.000058 0.000037 -0.500755 -0.510608 -0.118503 0.486126 0.000138 0.000022 0.455953 -0.000006 0.633433 0.549278 -0.224187 -0.429831
0.231631 0.052090 -0.419377 -0.121903 0.000891 0.168554 -0.018788 0.000010 0.330105 0.000078 0.053076 0.006983 -0.002601 -0.004279 0.000011 0.252582 0.260448 0.297660 -0.433650 -0.000096 0.000001 -0.092650 0.000008 -0.258525 -0.255809 0.212161 0.109001
0.026633 -0.060745 0.116785 0.073048 -0.041865 -0.098670 0.003186 -0.000011 -0.217666 0.000063 -0.389695 0.138191 -0.002390 -0.003753 0.000065 -0.084037 -0.090241 0.189076 0.002594 0.000062 0.000026 0.114959 0.000007 0.319502 0.131281 -0.227533 0.183624
