-2.623130
3.738318
3.686182
-2.991434
4.325843
4.885736
3.469507
-0.000031
3.751887
4.745313
3.504446
-0.001061
-0.015978
3.384729
-2.689731
0.000365
-0.011248
-2.435787
5.758218
2.150597
-2.611956
-0.004486
0.018780
2.797454
0.017220
-3.157847
-2.948369
-1.346864
-2.441923
0.008255
3.244953
2.745267
3.093596
0.004224
-2.468525
4.409237
-0.000433
0.004699
-0.003493
-3.343208
3.066666
0.000282
-2.611079
0.014410
-2.321167
-2.794817
0.002319
0.013361
-0.025155
-4.261477
4.435440
0.001049
-0.004148
