-0.006890
-2.514307
-0.025574
-0.000611
-3.115773
6.097273
-2.385196
0.029486
-2.915792
-2.973566
2.569595
0.035345
-2.107331
3.274928
2.329558
-0.000011
-0.000133
4.572800
2.815351
-2.568045
0.000119
0.000207
0.003812
-0.000149
0.011026
3.949268
0.000960
3.888643
-2.642092
-3.097849
0.000102
-0.000115
-3.478268
2.199983
-2.289981
4.032450
-3.965090
0.004949
0.033664
3.005446
3.499293
-0.040352
-0.015155
3.129611
3.015088
0.000120
0.001052
3.464874
4.155315
0.016605
0.035176
-0.001074
3.301898
-0.004048
0.012948
0.021111
0.003629
-0.004887
3.681902
-3.820267
0.018994
0.004823
-0.027740
