-0.392006
-0.003216
-0.005241
-0.018196
-0.302702
0.266097
-0.024977
-0.022423
-0.007204
-0.002476
-0.000061
-0.000011
-0.251106
-0.009785
-0.002916
-0.001229
-0.397328
-0.013569
-0.001743
-0.121816
-0.011839
-0.009487
0.362955
-0.002815
0.213649
-0.001935
-0.140887
0.311988
-0.003533
-0.263842
-0.239193
0.388823
-0.001299
-0.158780
-0.001919
-0.002625
-0.004982
-0.002961
-0.001152
-0.002886
-0.023288
-0.501764
-0.149476
-0.140319
-0.002197
-0.345759
-0.006887
0.347177
-0.432129
-0.007360
-0.008580
-0.261908
-0.338651
-0.001495
-0.009683
-0.003476
-0.517935
-0.399807
-0.009126
0.375663
-0.118768
0.474053
-0.003810
-0.002239
-0.005326
-0.316060
0.308523
-0.244286
-0.004532
-0.368037
-0.001385
0.353336
-0.002252
-0.000067
0.427627
0.003259
0.411523
-0.013594
-0.002120
-0.615295
-0.002361
-0.282031
-0.015462
-0.411997
-0.004131
-0.002946
-0.000802
-0.000807
-0.431442
-0.003399
-0.004110
-0.003335
0.000779
0.159236
-0.003735
-0.418745
-0.425479
-0.425556
0.119554
-0.002413
-0.002226
-0.000666
0.009810
-0.016241
0.122387
0.000094
-0.393780
-0.217757
-0.388366
-0.193195
-0.002729
-0.412451
-0.195421
0.354668
-0.004615
-0.002282
0.252723
0.457875
-0.064097
0.347838
-0.001855
-0.000742
-0.746232
-0.001763
-0.003573
