0.229095
0.003839
4.086873
0.018818
-0.019542
-0.004680
0.000231
0.000102
0.008028
0.000104
0.013037
-0.022333
-0.026505
5.856252
0.068980
0.006967
4.957730
0.028056
0.009366
-0.016004
5.248231
5.449794
-1.605804
-0.002524
-0.010812
5.776827
5.221479
0.005710
2.526680
0.017152
-2.290457
4.931644
-0.006490
0.010625
0.001426
-0.001165
-1.740819
0.000666
-0.012497
-0.000852
-3.009298
0.005728
0.035661
0.021886
-2.905646
-0.866958
0.009870
-0.024078
0.040004
0.019869
-0.022626
-2.618421
4.306766
0.005287
-0.004390
-0.003217
-1.461169
0.027598
0.019130
0.004566
0.000115
0.018290
0.019987
-0.000031
-0.000825
0.006813
-2.779301
-2.651237
-2.415130
0.028738
0.000305
0.011075
-2.502252
0.000799
-0.002988
-0.021053
0.015638
-0.037758
0.015273
0.003985
0.021626
0.007239
0.009729
-0.010052
-0.000103
-0.011198
-0.000670
-1.803684
0.007701
0.000179
0.000106
-0.009036
-0.001430
0.008940
0.019416
0.011771
0.031306
0.000536
-0.000109
-0.000303
-0.009363
