0.000386
-0.001140
0.580844
-0.001362
1.536117
-0.002921
0.865451
-0.002267
-0.008533
-0.002057
-0.001694
-0.000721
-0.013128
-0.000958
-0.131149
-0.004145
-0.007657
-0.008550
-0.004695
-0.001745
-0.001428
-0.000055
-1.044278
-0.003446
-0.104604
-0.000122
-0.004128
-0.016113
-0.006301
-0.000467
-0.002812
-0.003600
-0.106444
-0.001061
-0.008136
-0.003419
-0.011445
-0.021925
-1.544366
-0.011624
-0.009591
-0.019271
-0.007593
0.850303
-0.018242
-0.057953
-0.006225
-0.001016
-0.002191
-0.119875
-0.015338
-0.001017
-0.000752
-0.219889
0.003336
-0.002257
0.001917
-0.006461
-0.000147
-0.004724
-0.022734
-0.001668
0.442780
-0.002419
0.000445
-0.008946
-0.016069
-0.003816
-0.000380
0.529458
-0.000953
-0.002433
-0.000632
-0.002102
0.661477
-0.090003
-0.007537
-0.005887
0.003050
-0.000539
-0.003419
0.325778
-0.000755
-0.001597
-0.000594
-0.000998
-0.395608
-0.014577
0.781073
-0.023890
-0.001215
-0.001271
-0.033852
-1.182177
-0.000162
-0.273085
0.022154
-0.001167
-0.001187
-0.024172
-0.001542
0.256466
1.023081
-0.002522
-1.131903
