-0.012183
0.023730
-3.129328
-0.000566
-3.610910
0.020461
-2.149394
-0.013236
0.010073
0.000941
-0.028698
-0.021961
-0.011814
0.000102
-1.294180
-0.019706
-0.004741
0.010935
0.010546
0.002255
-0.005706
-0.000427
-1.360284
-0.009852
4.358431
-0.000007
-0.026607
-0.023712
-0.047245
-0.000005
0.020016
0.005130
3.347904
-0.027140
0.005055
0.008370
-0.008141
-0.014020
-1.873521
0.034653
0.009626
0.006365
0.002631
5.874626
-0.037490
3.966078
0.006283
0.003536
0.016885
-3.069947
0.022762
0.010526
0.001169
4.995263
0.000799
0.026807
0.000837
0.008927
-0.000348
-0.040768
0.028450
-0.005368
-2.289396
0.004636
-0.025989
0.018382
0.012437
-0.002951
0.000014
4.428761
0.004270
-0.041815
0.000185
-0.014286
5.118813
5.871633
0.000678
-0.000053
0.001028
-0.005059
-0.000044
-1.754408
0.000475
-0.006676
0.000081
0.000710
4.309330
-0.020166
-3.097970
0.008101
0.008002
0.042045
0.037722
-1.841713
-0.000020
5.366906
4.618302
0.013189
-0.014408
-0.014907
0.024608
0.313978
-2.371684
-0.002165
-2.388361
