-0.002988
-0.270721
-0.400736
-0.001329
-0.003187
-0.000379
-0.001817
0.493264
-0.032705
0.141948
-0.003156
-0.366164
-0.553266
-0.009332
0.511127
-0.002043
0.000235
-0.001199
0.476317
-0.000201
0.006531
-0.265314
-0.414414
-0.004579
0.343436
-0.000357
-0.002575
-0.346494
0.000413
-0.001493
-0.252540
0.197202
-0.516007
-0.427003
-0.346986
-0.249950
-0.000858
0.002557
-0.216933
-0.258566
-0.031058
-0.001600
0.001372
-0.006729
0.006143
0.003756
0.001196
-0.003331
-0.000178
0.233172
-0.451476
-0.221015
0.001318
-0.003139
0.529317
-0.000923
-0.000641
-0.370314
0.321608
-0.006933
-0.389652
0.000864
-0.006860
-0.000822
-0.125122
-0.394587
-0.007701
-0.001605
-0.400133
-0.451870
-0.002523
-0.245425
-0.028587
0.000384
-0.001151
0.005080
-0.000566
0.063097
-0.001164
0.001647
-0.005496
-0.000658
-0.004548
-0.422566
-0.477445
-0.002647
-0.214755
-0.407312
0.022451
-0.000409
-0.001117
0.002128
0.249411
0.001655
-0.004927
-0.001286
-0.001004
0.151619
-0.286896
-0.450180
-0.001311
0.447460
-0.000985
0.000366
-0.001064
0.174645
-0.002474
0.008071
-0.341492
-0.001760
0.321572
-0.021391
0.000303
0.303939
-0.008837
-0.001737
0.002617
-0.004743
-0.351208
-0.003444
-0.319986
0.001045
-0.001511
0.003569
-0.004992
-0.002613
0.005691
0.001901
-0.310920
0.002209
0.004401
-0.290207
-0.001161
-0.358443
0.004284
-0.007140
0.000506
-0.298284
-0.000890
-0.006716
-0.207974
-0.000947
-0.001495
-0.364951
-0.002380
-0.370083
0.002581
-0.001583
-0.001395
0.000693
-0.004178
-0.392065
