-0.011820
-0.002352
-0.005506
-0.007509
-0.281774
-0.447831
-0.931961
-0.023693
1.305686
-0.314288
-0.118256
-0.001244
-0.008013
-0.296046
0.958783
-0.004446
-0.438572
-0.014106
-0.528127
-0.001495
-0.263214
-0.708748
-1.028951
-0.753708
-0.739623
-0.374702
-0.167009
-0.001894
-0.012747
-0.001512
-0.005294
0.678366
-0.006136
-0.003951
-0.000552
-0.374138
-0.285094
-0.432873
-0.086881
-1.407444
-0.069642
0.027599
0.084794
-0.663977
-0.116740
-0.010609
0.020707
-0.010713
-0.068984
-0.001943
-0.215040
-0.002297
-0.007288
-0.004871
-0.086080
0.384460
-0.177265
-0.094941
-0.518108
-0.001380
-1.022560
-0.001399
-0.020281
-0.012510
