-0.001059
-0.272382
-0.014921
-0.000123
-0.021438
0.007401
0.002138
0.000147
0.005889
0.004335
-0.000026
6.970677
0.425710
0.006099
-0.004699
3.822390
0.000263
5.716735
-0.000957
-0.002987
-0.006770
0.004336
-0.000131
0.003440
3.305038
-0.000003
-0.000511
0.000943
0.007789
-0.001899
0.017797
-0.000010
-0.002659
0.000242
4.381227
0.006893
6.827213
-0.001218
-0.006347
-0.000027
0.935002
0.001771
0.016711
8.506400
6.355098
0.006896
-0.000623
0.001825
-0.004516
-0.022810
0.025183
0.000660
8.317689
-0.001667
-0.006544
-0.003578
-0.008348
6.670125
-0.000128
3.434313
-0.003710
-0.013250
0.001256
-0.000200
0.000385
-0.010651
0.001321
0.000309
0.001043
-0.003780
0.001233
-0.002192
-0.197549
-0.000187
-0.025109
0.009610
-0.009458
-0.345985
7.562660
0.000736
0.000565
-0.000559
0.087697
-0.000108
-0.016610
-0.004412
-0.020864
2.698957
-0.000067
3.660670
-0.000410
-0.033716
0.011944
0.846093
-0.582058
0.307637
-0.005360
-0.005524
0.024154
0.000747
-0.003573
-0.004942
-0.000228
-0.003976
0.008059
-0.000039
-0.000213
-0.001789
0.000325
0.021186
0.000437
1.395159
0.000011
-0.012415
-0.000038
-0.000174
0.000049
0.000369
0.018063
-0.026554
7.087340
-0.000378
-0.003967
-0.000493
-0.005460
