-0.004294
5.829274
0.000815
-5.718963
-8.568419
0.004911
-5.665782
-6.833886
-0.003049
0.002408
0.008671
-6.042378
5.510940
-0.026487
-0.008546
-0.014799
4.265284
-5.049078
-6.814103
0.005018
-7.700254
0.014874
-6.025815
0.014891
-7.085484
-0.016461
-0.000066
0.011429
0.002818
-5.357090
0.006711
4.498750
-9.464956
0.011426
0.003897
-5.684679
0.021826
-5.622575
5.117914
0.034824
0.024288
-6.822186
-5.328662
0.035420
0.011885
0.003405
-0.004111
-9.849339
-0.006230
-4.503485
-6.114743
0.001963
4.161788
-5.965933
-8.694098
-0.019574
0.005402
-0.006732
3.678287
0.008945
-0.000836
-0.015087
-0.005012
3.968668
-0.002767
-6.103186
0.004790
-0.001951
-8.079500
0.005337
0.006237
-6.999391
4.407444
-4.552264
-0.004473
-5.272601
4.300301
-0.009641
-7.027508
0.012563
0.004847
-0.008751
1.115280
0.000147
-0.015392
-0.029563
-8.374479
0.011367
5.616192
-6.423880
0.004800
-0.019172
0.000224
-4.537193
3.612870
0.004737
-4.712774
0.001417
-6.593432
-0.015908
6.010861
0.015602
-6.001207
0.004322
0.000611
5.193663
0.016148
-0.012709
0.004110
0.003594
0.005842
-6.998123
0.005265
-0.022045
0.708699
-5.833997
0.024820
-0.000954
0.001117
4.000338
-6.515704
0.004168
6.290476
0.005267
-5.065658
-5.633282
-0.014030
-1.496505
0.004683
-7.015537
-0.003662
-0.023058
-0.003783
-4.203655
5.062395
-0.005873
5.567204
5.069759
