-0.104994 -0.000408 -0.073918 0.020982 -0.000090 0.000183 -0.129532 0.100013 0.002747 0.177104 -0.000019 -0.000080 0.000137 0.081370 0.111352 -0.000051 -0.086060 -0.012578 0.095730 0.635760 0.000065 0.000238 -0.000023 -0.434472 -0.098949 0.000156 0.000246 -0.270395 0.096448 -0.425106 -0.000294 -0.001799 -0.000170 -0.000053 -0.026088 -0.089856 -0.031904 0.000098 0.338483 0.204035 -0.141438 0.000137 0.096806 0.001102 0.003626 -0.000201 0.176120 0.024860
-0.234214 -0.000293 0.525766 -0.006690 -0.000075 0.000286 -0.065356 0.084994 0.401422 0.201996 -0.000361 -0.000017 0.000147 -0.294305 0.098258 0.000030 -0.281867 -0.292513 0.097487 0.105661 0.000488 -0.000150 0.000008 0.042458 0.062901 -0.000026 0.000110 -0.172422 0.081485 0.108771 0.000024 -0.001744 0.000300 -0.000159 0.192673 -0.109369 -0.091923 -0.000492 -0.343349 -0.031685 -0.065592 -0.000079 0.082487 0.000683 -0.272709 0.000089 -0.043201 0.064648
-0.345149 -0.000267 0.446038 -0.179433 0.000042 -0.000039 0.084612 0.028191 -0.116438 0.078843 0.000032 -0.000079 0.000274 0.566166 0.031685 0.000060 -0.178121 -0.297324 -0.253700 -0.033923 0.000336 0.000136 -0.000013 -0.121185 -0.115658 0.000072 -0.000072 -0.376904 0.027540 -0.048109 -0.000269 -0.001051 -0.000046 -0.000106 -0.121467 0.235196 -0.182987 0.000067 -0.011877 0.160358 0.138511 -0.000103 0.028025 0.000884 -0.164992 0.000128 -0.374121 -0.127997
-0.051558 0.000024 0.406287 0.146985 0.000185 -0.000273 -0.156292 0.036948 0.004618 0.083590 -0.000071 -0.000031 0.000334 -0.038083 0.042997 -0.000045 -0.176905 -0.002437 0.015714 0.019758 0.000163 0.000261 -0.000010 -0.083835 -0.069630 0.000140 0.000307 -0.160291 0.034174 -0.003012 -0.000072 -0.001412 0.000157 0.000149 -0.367589 0.345448 0.205868 0.000176 0.099089 0.023717 0.346225 -0.000202 0.034306 -0.000438 -0.014642 -0.000042 -0.314005 -0.174988
-0.345617 0.000093 0.027151 0.110664 0.000047 -0.000125 -0.161836 0.042218 -0.029936 -0.182876 -0.000020 0.000085 -0.000127 0.086616 0.051352 0.000123 -0.060411 -0.194374 0.049818 -0.100669 0.000660 0.000232 -0.000049 0.064305 0.373676 -0.000071 0.000142 -0.172943 0.039840 0.283958 0.000206 -0.001945 0.000114 0.000187 0.077886 -0.009089 -0.036634 -0.000054 0.028623 0.172665 -0.093647 -0.000057 0.039815 0.000968 -0.023159 0.000150 0.289982 -0.256260
-0.045926 0.000012 0.014020 0.270491 -0.000059 -0.000225 -0.305381 0.037351 0.052190 0.139631 0.000049 0.000049 -0.000134 -0.177643 0.042752 -0.000188 -0.209541 0.232037 0.282686 0.080430 0.000075 -0.000039 0.000062 -0.083183 0.061609 0.000243 0.000118 0.349385 0.035759 -0.213463 -0.000190 -0.001763 -0.000189 -0.000380 0.001179 0.396201 -0.017636 0.000156 0.244116 -0.156469 -0.252747 0.000002 0.036332 -0.000086 0.417866 -0.000028 0.038779 -0.093628
-0.117179 -0.000125 -0.005263 0.136144 -0.000195 0.000012 -0.010165 0.064040 0.027684 -0.407927 0.000149 -0.000018 0.000115 -0.110336 0.073703 -0.000052 -0.359161 -0.106755 -0.114693 0.070818 0.000468 -0.000076 0.000011 0.302295 0.163582 -0.000266 -0.000023 -0.160048 0.061669 -0.018665 -0.000227 -0.001879 0.000032 -0.000102 -0.122002 -0.005780 0.118339 -0.000122 0.166332 0.230305 -0.144749 -0.000160 0.062136 0.000779 0.050400 -0.000021 -0.283504 -0.151527
-0.294361 0.000066 0.240832 -0.179140 0.000118 0.000070 -0.029299 0.054367 0.138413 0.315270 0.000074 -0.000027 -0.000045 -0.032404 0.063062 0.000072 -0.164046 0.258105 0.352289 0.004172 -0.000108 0.000131 0.000088 -0.110087 0.073666 -0.000311 -0.000058 0.179062 0.051732 -0.083237 0.000060 -0.002230 -0.000052 0.000072 -0.077493 0.135057 -0.179963 -0.000206 0.092610 -0.220879 -0.117236 -0.000153 0.051438 0.000428 0.003710 -0.000310 0.101001 -0.320318
-0.196181 0.000159 0.160936 0.135468 0.000046 -0.000163 -0.025808 0.086503 0.009261 0.405480 0.000112 0.000068 0.000048 -0.029972 0.096443 -0.000040 0.300678 0.154311 0.235606 0.280831 0.000490 0.000124 0.000019 -0.106042 -0.404847 -0.000031 0.000133 0.027557 0.083537 -0.170990 -0.000148 -0.002140 0.000011 -0.000091 -0.077734 -0.239325 -0.007931 0.000262 0.232944 -0.324263 0.180484 0.000238 0.084189 0.000268 0.128813 0.000183 -0.019417 0.334561
-0.197816 -0.000084 0.075986 -0.005733 0.000075 -0.000112 0.348539 0.035765 -0.174905 -0.060234 0.000099 0.000065 -0.000063 0.135662 0.040183 -0.000025 -0.150857 0.347286 0.041329 0.247757 -0.000086 0.000126 0.000009 0.204836 -0.037965 -0.000305 -0.000048 0.306164 0.034753 -0.166183 0.000101 -0.001985 -0.000026 0.000080 -0.145744 -0.093984 0.165912 -0.000878 -0.091687 0.009692 -0.350918 -0.000121 0.035263 0.000961 -0.310779 -0.000057 0.210063 0.331802
0.043636 -0.000373 0.156809 0.012773 -0.000085 -0.000054 -0.101290 0.038247 -0.033703 0.066086 0.000213 0.000086 0.000039 0.258307 0.043769 0.000063 -0.193703 -0.267785 -0.461984 -0.054246 -0.000176 -0.000065 -0.000032 -0.201610 0.437257 -0.000318 -0.000110 0.083621 0.037424 0.217063 -0.000218 -0.001893 0.000053 -0.000153 0.430316 0.103785 -0.246155 -0.000207 -0.458547 0.146902 -0.141128 -0.000377 0.037514 0.000742 0.311642 0.000016 -0.098576 0.143413
-0.117182 -0.000068 0.050438 -0.109791 -0.000131 0.000002 -0.172384 0.069403 -0.135077 -0.278841 -0.000087 0.000007 0.000410 0.044924 0.079418 -0.000068 -0.003519 0.204201 -0.350820 0.055267 -0.000105 0.000068 0.000032 -0.175325 0.212273 0.000058 -0.000059 0.030610 0.067064 0.191502 0.000009 -0.001646 -0.000107 0.000030 0.431264 0.058414 0.117957 -0.000364 0.239137 0.104393 -0.212038 -0.000074 0.066942 0.000421 0.422593 -0.000263 -0.140470 0.044834
0.343919 -0.000126 -0.128792 -0.151784 -0.000066 -0.000264 0.103775 0.096531 0.238943 -0.263978 0.000041 -0.000117 0.000038 -0.275205 0.109658 0.000010 -0.094259 0.020859 -0.137372 0.050676 0.000213 -0.000023 0.000030 0.003381 0.504324 0.000083 -0.000137 -0.125352 0.092853 0.218502 -0.000092 -0.002117 -0.000096 0.000044 -0.463010 -0.129040 -0.101766 -0.000037 -0.199017 -0.282993 -0.003091 -0.000037 0.094048 0.000509 0.344844 -0.000006 0.038236 -0.387757
0.112643 -0.000069 0.130462 0.316832 -0.000127 0.000053 0.058933 0.066011 0.156430 0.001010 0.000008 -0.000006 0.000061 -0.256879 0.077108 -0.000102 -0.098984 0.069970 -0.196682 0.171688 -0.000355 0.000052 -0.000076 0.265553 0.369603 0.000057 -0.000206 -0.130123 0.063161 -0.202135 -0.000078 -0.000061 0.000089 -0.000260 -0.090516 -0.049726 0.022320 -0.000018 -0.238871 -0.258659 0.330049 -0.000009 0.064350 0.000586 0.179720 -0.000045 0.014684 -0.176804
0.099124 -0.000190 -0.085741 -0.041051 -0.000066 -0.000039 -0.220324 0.110484 -0.057272 -0.138004 -0.000056 0.000024 0.000122 0.095331 0.122943 0.000018 -0.324651 -0.034936 0.190791 0.008305 0.000521 -0.000160 -0.000007 0.203994 0.001647 0.000023 0.000202 -0.357578 0.107431 -0.328619 0.000129 -0.001583 -0.000032 0.000160 0.102477 -0.162666 0.065694 0.000297 0.047217 -0.251479 0.138138 -0.000137 0.107673 0.000120 0.456991 -0.000021 -0.111510 -0.362850
0.177811 0.000027 -0.109729 -0.212990 -0.000195 -0.000050 0.183708 0.070846 -0.115618 -0.116518 -0.000003 0.000008 -0.000116 -0.413624 0.083191 0.000005 0.407011 -0.032360 0.403721 0.191980 -0.000280 0.000117 0.000007 0.005974 0.201381 0.000221 -0.000126 -0.166760 0.068620 -0.103931 -0.000133 -0.001188 -0.000021 -0.000000 0.183436 -0.214971 -0.340014 -0.000038 -0.312131 -0.210180 0.276257 0.000281 0.068304 0.000040 0.310502 0.000128 0.053940 0.026670
0.211501 0.000317 -0.015119 -0.221485 -0.000080 0.000157 0.277518 0.089755 0.206482 -0.036980 0.000158 0.000010 -0.000088 -0.272791 0.104114 -0.000047 0.038888 -0.192667 0.308961 -0.251772 -0.000235 0.000214 0.000016 -0.054716 0.039042 0.000127 0.000040 -0.173943 0.086029 0.235956 0.000016 -0.001907 0.000051 -0.000023 0.007548 -0.484571 -0.237728 -0.000090 -0.061609 0.133699 -0.135539 0.000086 0.086486 0.000433 0.002729 0.000025 -0.142613 0.038826
-0.033912 -0.000028 0.032910 0.247231 -0.000134 -0.000127 -0.292059 0.004797 -0.101100 0.218764 0.000087 0.000006 0.000113 -0.215340 0.006044 0.000091 -0.219524 -0.006691 -0.387906 0.007391 0.000044 0.000050 0.000016 -0.160885 0.032654 0.000125 -0.000020 0.014469 0.004686 0.335202 -0.000081 -0.002067 0.000119 0.000067 0.519992 0.147170 -0.298664 -0.000189 -0.020296 0.074287 0.075528 0.000164 0.004970 0.000697 -0.032714 -0.000021 -0.011219 0.090132
0.130523 -0.000063 0.216012 -0.140724 -0.000255 -0.000053 -0.010322 0.112891 -0.235743 -0.235518 0.000132 -0.000020 -0.000082 0.404646 0.128316 0.000079 -0.025321 0.606000 0.002044 -0.039630 0.000732 0.000019 -0.000036 0.011797 -0.062313 -0.000086 0.000052 0.045517 0.106929 0.006163 -0.000107 -0.001844 -0.000003 0.000035 -0.020709 -0.097332 -0.139361 0.000221 -0.121827 0.095596 -0.035198 0.000074 0.107924 0.000595 -0.339718 -0.000304 -0.144431 0.246914
0.118365 0.000094 0.186123 -0.147596 -0.000091 -0.000034 -0.408812 0.102790 -0.030386 0.263776 0.000052 -0.000135 -0.000131 0.039061 0.118271 0.000133 -0.039999 -0.048436 0.094203 0.144150 0.000139 0.000059 0.000052 0.372600 -0.102339 -0.000145 -0.000123 0.222012 0.097446 -0.066327 -0.000015 -0.002038 -0.000136 0.000207 -0.106671 0.267472 0.368276 -0.000134 0.104071 -0.678309 -0.184848 -0.000033 0.097833 0.000948 0.213392 -0.000136 0.174550 -0.493567
0.059294 0.000054 0.095535 -0.367854 -0.000088 -0.000050 -0.021962 0.082782 0.012024 0.132299 -0.000115 -0.000308 0.000031 0.127496 0.095740 -0.000069 -0.380125 -0.114590 -0.034633 -0.137955 0.000051 -0.000105 0.000027 -0.168203 0.313014 0.000066 -0.000262 -0.017805 0.079549 -0.149063 0.000003 -0.003242 -0.000273 0.000078 0.256030 0.187249 -0.074035 -0.000845 0.226657 0.014755 -0.353955 -0.000196 0.080319 0.000821 -0.265366 -0.000039 -0.094729 -0.256078
-0.250695 0.000286 -0.183308 -0.368586 0.000292 0.000165 0.088121 0.059261 -0.076738 -0.010124 0.000050 -0.000085 -0.000142 -0.065215 0.068162 0.000108 0.298064 -0.121533 0.163032 -0.273457 0.000648 -0.000103 0.000000 -0.437691 0.353963 -0.000055 -0.000213 -0.000743 0.056310 0.599362 -0.000014 -0.002164 0.000051 0.000111 -0.251519 0.233485 0.234740 -0.000427 -0.146156 -0.043697 0.268568 0.000114 0.057529 0.000411 0.142434 -0.000029 0.157043 0.193768
0.138508 -0.000162 -0.252162 -0.058403 0.000068 0.000024 0.125145 0.076249 -0.071613 0.158974 0.000019 -0.000081 -0.000019 -0.033597 0.086763 0.000224 -0.069173 -0.118186 -0.082156 -0.035067 -0.000045 0.000143 0.000035 -0.002035 0.308613 -0.000183 -0.000004 -0.213483 0.073379 -0.021667 0.000019 -0.001941 -0.000235 0.000228 -0.510541 0.006122 -0.263724 -0.000880 0.050946 0.085384 0.012120 -0.000181 0.073895 0.000160 0.138957 -0.000141 -0.156767 0.387232
-0.263463 -0.000065 0.072220 -0.288743 0.000044 0.000050 0.084924 0.043300 0.027101 -0.062343 -0.000052 -0.000035 -0.000069 -0.308876 0.051462 0.000270 -0.408823 0.018815 0.115289 0.092506 -0.000399 -0.000254 -0.000005 -0.183420 -0.403909 0.000064 -0.000000 -0.108106 0.042493 0.215770 -0.000209 -0.001650 -0.000045 -0.000021 0.105160 0.043099 -0.367108 0.000146 0.126306 0.264218 0.120635 -0.000143 0.042640 0.000407 0.199109 0.000100 -0.011403 -0.128879
-0.080584 0.000108 -0.087590 -0.074438 -0.000259 -0.000055 -0.077067 0.077349 -0.159575 0.165835 0.000035 -0.000097 -0.000217 -0.078746 0.087158 0.000045 -0.253747 0.053969 0.144492 -0.093755 -0.000500 -0.000154 -0.000001 0.125224 0.033387 -0.000129 0.000319 -0.194809 0.074700 -0.204215 -0.000122 -0.001668 0.000032 0.000029 -0.063152 0.053265 -0.100126 0.000373 -0.015318 -0.156185 0.303841 -0.000192 0.075000 0.000760 -0.132155 0.000068 0.416328 -0.134315
0.208732 0.000034 0.146421 -0.355740 0.000063 -0.000203 -0.196468 0.075436 -0.117080 0.018028 -0.000032 0.000055 0.000213 0.175439 0.087527 0.000020 0.109448 0.089801 -0.128670 0.100845 -0.000268 -0.000118 -0.000021 0.178472 -0.406442 -0.000061 -0.000047 -0.178835 0.072240 0.244950 -0.000116 -0.002078 -0.000310 -0.000148 0.463980 -0.202808 0.099979 -0.000067 0.099699 -0.090876 0.178084 -0.000324 0.073109 0.000547 -0.051364 -0.000045 -0.338780 -0.307435
0.053180 -0.000009 -0.002809 0.095844 0.000206 -0.000112 0.249905 0.066598 -0.022419 0.511531 0.000050 0.000058 -0.000047 -0.205306 0.073131 0.000019 -0.188279 -0.021805 -0.406160 -0.090471 -0.000301 0.000005 -0.000067 -0.299100 0.019289 0.000041 -0.000067 0.288566 0.062945 0.186747 -0.000163 -0.001564 -0.000205 0.000062 0.043043 -0.148939 0.166047 0.000046 -0.065503 0.001855 -0.374947 -0.000001 0.063558 0.000419 0.129701 0.000059 0.261368 0.089343
0.449272 -0.000258 0.100392 0.100108 -0.000214 -0.000008 -0.132727 0.031359 -0.152567 0.161828 0.000031 -0.000394 0.000067 -0.171914 0.035881 -0.000176 -0.478781 -0.318147 -0.089119 -0.150163 0.000077 0.000031 0.000029 0.019903 0.126243 0.000023 -0.000160 -0.050720 0.029508 0.002374 -0.000059 -0.001038 -0.000097 -0.000199 -0.110003 0.213871 -0.185733 -0.000016 -0.223622 0.130045 -0.273428 -0.000098 0.030209 0.000087 0.210919 -0.000008 0.195237 -0.168268
-0.186246 -0.000076 -0.140565 -0.250185 0.000083 -0.000020 -0.330057 0.118262 -0.074708 0.248105 -0.000077 0.000062 0.000041 0.004864 0.137352 -0.000030 -0.003111 -0.041921 0.207708 -0.018269 0.000135 0.000155 0.000015 -0.072017 0.111000 0.000038 0.000295 0.062108 0.112827 0.362688 -0.000184 -0.001058 -0.000218 -0.000060 -0.123558 -0.120644 0.493574 -0.000068 0.399400 0.244692 0.134951 0.000111 0.112924 0.000951 -0.191977 -0.000266 -0.310965 -0.152372
0.136272 -0.000014 -0.109336 0.236851 -0.000090 -0.000404 0.009689 0.009375 0.173906 0.169058 0.000047 0.000029 -0.000153 0.022155 0.011542 -0.000045 -0.064726 0.154219 0.419975 -0.304951 0.000268 0.000198 -0.000080 0.050865 0.047904 0.000089 0.000198 0.095629 0.009315 0.129134 -0.000150 -0.001099 -0.000007 0.000161 -0.061776 0.146322 -0.613152 0.000243 -0.068067 0.062346 0.040673 -0.000057 0.009439 0.000742 -0.242684 0.000056 -0.225382 0.075513
0.034242 0.000092 -0.441859 -0.353325 0.000129 0.000028 0.123340 0.093542 0.323238 0.333061 0.000053 -0.000055 0.000037 0.045098 0.105582 0.000239 0.094266 -0.190963 0.090472 0.308369 -0.000211 0.000173 0.000019 -0.155133 -0.065106 0.000236 0.000274 0.249028 0.089083 -0.056699 -0.000181 -0.003250 -0.000332 0.000138 -0.038142 0.078752 -0.014052 0.000146 0.110960 -0.080483 0.372449 -0.000160 0.089922 0.000591 -0.123074 -0.000051 -0.003149 -0.405277
-0.026402 0.000071 -0.127499 -0.169179 0.000296 -0.000078 0.134507 -0.002275 0.429005 -0.069911 -0.000016 0.000060 0.000117 0.213657 -0.002228 0.000132 0.062254 0.319434 -0.194768 -0.007857 -0.000322 -0.000026 0.000067 -0.207066 -0.130420 0.000105 0.000203 0.382294 -0.002255 0.033378 -0.000044 -0.002672 -0.000094 -0.000213 0.146022 0.035090 -0.088946 0.000106 0.215223 0.094946 -0.122535 0.000166 -0.002239 0.000482 0.143758 -0.000104 -0.200413 0.032020
0.152314 0.000075 -0.033429 -0.220591 -0.000094 -0.000222 -0.009250 0.086214 -0.336625 0.024835 0.000234 0.000258 0.000035 0.000452 0.097553 0.000097 -0.066536 0.214444 0.360607 0.150803 -0.000339 -0.000013 -0.000041 -0.611711 -0.242334 0.000040 0.000063 -0.169845 0.082972 -0.125233 -0.000210 -0.001898 -0.000351 0.000046 -0.072486 0.142861 -0.221637 -0.000119 -0.489238 0.266605 0.134083 0.000026 0.083428 0.000496 -0.052628 -0.000034 0.222135 0.271498
0.019111 -0.000192 0.099322 0.268156 0.000062 0.000135 0.396783 0.093626 -0.050537 0.179029 0.000053 -0.000010 -0.000100 0.040848 0.107236 0.000222 -0.098336 -0.003501 0.329780 0.298272 -0.000498 0.000077 0.000078 -0.201057 0.027663 0.000134 -0.000063 0.066504 0.089481 0.011506 -0.000007 -0.002108 0.000149 -0.000164 0.167227 -0.131983 -0.197638 -0.000168 0.103835 0.153038 0.120510 -0.000150 0.090093 0.000293 0.115717 0.000069 -0.561112 -0.367191
0.110728 0.000007 0.006928 0.045264 0.000125 -0.000051 -0.330780 0.052743 0.299151 0.117081 -0.000055 -0.000015 0.000073 -0.053440 0.062063 0.000094 0.184180 0.013686 -0.200650 -0.100042 0.000130 0.000012 -0.000102 -0.079465 0.170365 -0.000002 0.000291 0.177331 0.050982 0.048503 0.000003 -0.001760 -0.000231 -0.000123 0.180575 -0.055946 0.459794 0.000352 0.015711 0.080529 -0.207233 -0.000007 0.050999 0.000840 -0.141945 -0.000064 0.062420 0.009029
0.097543 -0.000109 -0.249801 -0.001805 0.000189 -0.000026 -0.050152 0.084265 0.461812 -0.029765 -0.000020 -0.000062 -0.000223 0.098186 0.096839 0.000130 -0.032179 0.011840 -0.192657 -0.444200 0.000517 0.000269 -0.000020 -0.078880 0.184523 0.000007 0.000040 -0.006976 0.081034 0.089710 -0.000469 -0.001658 -0.000227 0.000103 0.444683 0.143740 0.260768 -0.000098 0.014119 -0.237799 -0.058852 -0.000110 0.081122 -0.000446 0.014048 -0.000183 0.088062 -0.071669
0.336344 0.000040 -0.016735 -0.204873 0.000187 0.000236 -0.385944 0.099475 -0.020153 0.035962 -0.000083 0.000192 -0.000054 0.222447 0.112359 0.000072 0.123569 0.261763 -0.144723 0.418239 -0.000336 0.000186 -0.000015 -0.030376 0.698693 -0.000062 0.000054 0.397206 0.095878 -0.157714 -0.000003 -0.001197 0.000198 0.000213 -0.003656 0.014174 -0.218482 -0.000011 -0.076773 -0.165425 0.060448 -0.000324 0.096479 0.001108 0.216330 0.000159 -0.077716 -0.279199
0.131551 -0.000006 0.144548 -0.080687 0.000044 -0.000054 0.162026 0.078455 -0.014513 0.009318 0.000140 0.000082 0.000040 0.032188 0.090367 0.000037 0.198813 -0.050285 0.011392 0.126017 0.000322 0.000180 -0.000014 0.213633 0.081603 -0.000267 -0.000123 0.015676 0.074737 0.097445 -0.000039 -0.001427 -0.000203 0.000041 -0.120014 0.268936 -0.287875 0.000195 0.028924 0.004741 0.283857 0.000071 0.075391 0.000216 -0.458014 0.000027 -0.000833 -0.102268
0.204597 -0.000153 -0.205556 0.237934 -0.000128 0.000004 -0.206426 0.082713 -0.321571 0.084144 0.000099 -0.000158 0.000004 0.148733 0.091983 -0.000062 -0.076415 0.264493 0.465079 -0.067469 -0.000310 0.000173 -0.000071 -0.003294 -0.151207 -0.000003 0.000062 0.019291 0.078801 -0.157938 0.000162 -0.001030 -0.000033 0.000111 0.004047 -0.282591 0.205369 0.000303 0.067918 0.205704 -0.001901 0.000241 0.079217 0.000623 0.181684 0.000119 -0.029961 -0.056363
0.092020 0.000009 0.407202 0.416440 -0.000044 -0.000035 0.404153 0.101026 -0.119658 0.159955 0.000100 0.000065 0.000132 -0.114973 0.114365 0.000059 0.058034 -0.039516 0.151348 0.391581 -0.000372 0.000221 -0.000009 0.153494 -0.377545 -0.000129 -0.000016 0.261884 0.096456 0.277814 -0.000262 -0.001796 0.000033 -0.000112 -0.088268 0.038541 -0.037717 -0.000087 -0.055260 -0.113023 -0.038911 -0.000088 0.095870 0.000370 -0.071987 -0.000051 -0.210079 -0.142331
-0.310556 -0.000181 -0.045618 0.402817 0.000060 0.000127 0.164021 0.053163 0.158385 0.555181 0.000169 -0.000212 0.000207 -0.211827 0.061188 0.000004 0.058824 0.277900 0.138348 0.208615 0.000506 0.000105 0.000004 -0.215888 -0.044901 0.000140 -0.000156 -0.222072 0.051664 -0.159897 0.000041 -0.001275 0.000089 0.000209 -0.119400 -0.096533 0.057839 -0.000253 -0.011363 0.175553 0.037501 0.000111 0.052130 0.000029 -0.349739 -0.000074 0.061119 0.481395
-0.090482 -0.000047 0.547000 0.152086 -0.000087 0.000043 -0.364433 0.035867 0.122749 -0.038022 -0.000357 0.000005 -0.000021 -0.075879 0.041530 -0.000067 0.220695 -0.016063 -0.182556 0.102170 0.000138 -0.000058 0.000003 -0.008403 0.052580 -0.000055 0.000027 0.175166 0.034625 0.218477 0.000071 -0.000982 -0.000201 0.000030 0.007512 -0.032783 -0.009793 0.000269 -0.071520 0.132532 0.298959 -0.000036 0.035387 0.000676 -0.008766 -0.000053 0.160089 -0.059304
0.002588 0.000028 -0.093533 0.003864 -0.000061 -0.000136 -0.002072 0.076273 -0.158415 0.072420 0.000244 0.000048 0.000024 0.224152 0.090405 -0.000316 0.164290 -0.348211 0.059188 -0.175458 -0.000016 0.000020 0.000039 0.198165 0.028979 0.000032 0.000166 -0.525820 0.074253 0.294428 -0.000202 -0.000618 -0.000134 -0.000212 -0.026942 0.165731 0.081676 0.000154 -0.040358 -0.113146 0.012804 -0.000095 0.074029 0.001048 -0.060636 0.000022 0.047067 -0.075380
-0.091046 0.000001 0.015742 0.035872 -0.000071 -0.000060 0.136875 0.069550 0.270718 0.023675 -0.000061 0.000012 -0.000055 0.277205 0.082319 0.000101 0.003665 -0.113855 -0.019101 -0.041210 0.000003 -0.000016 -0.000038 -0.001282 0.011115 0.000072 -0.000049 -0.166380 0.067157 0.133487 0.000081 -0.000852 0.000309 -0.000016 -0.311863 0.365310 -0.004214 0.000368 -0.490441 0.004333 -0.027309 0.000067 0.066662 0.000130 0.171306 0.000041 0.354042 -0.436992
-0.012790 0.000092 -0.093884 0.025871 -0.000194 -0.000178 -0.232500 0.069556 0.398426 -0.251737 -0.000022 -0.000149 0.000129 0.361288 0.081414 0.000096 -0.060275 -0.032416 -0.305964 -0.233482 -0.000275 0.000070 0.000018 0.053388 -0.252487 -0.000225 -0.000029 -0.293717 0.066868 0.248255 0.000041 -0.001649 -0.000486 -0.000014 0.170866 0.137287 0.088969 0.000072 0.205097 -0.116752 -0.030430 -0.000300 0.067478 0.000543 -0.075548 -0.000017 -0.103451 -0.175543
-0.074865 -0.000016 0.496970 -0.366940 0.000239 -0.000042 0.053805 0.035875 -0.276806 -0.008637 -0.000038 0.000453 0.000240 -0.136124 0.043606 -0.000012 0.118977 -0.282949 -0.188822 0.370064 -0.000112 -0.000157 -0.000030 0.387091 -0.272104 0.000082 0.000034 0.124577 0.033453 0.131658 -0.000343 -0.001218 -0.000177 0.000214 0.000625 0.134819 0.110754 0.000248 0.198058 0.157418 -0.028515 0.000097 0.034593 0.000527 0.058101 -0.000045 -0.193641 -0.487604
0.225358 -0.000178 -0.293695 -0.012726 0.000070 -0.000027 -0.002086 0.038072 -0.105514 0.281330 -0.000039 0.000066 -0.000147 -0.451710 0.044087 -0.000014 0.161431 0.012118 -0.233450 0.301383 -0.000098 0.000064 0.000017 0.101259 0.011413 0.000127 0.000099 -0.041969 0.036477 -0.132925 0.000006 -0.001387 -0.000124 -0.000171 0.192943 0.054522 0.022683 0.000393 -0.069124 0.115614 0.278814 0.000001 0.037080 0.000478 0.358086 0.000096 -0.132301 -0.123963
0.328373 -0.000074 0.131859 -0.181717 -0.000125 0.000179 0.084805 0.050915 0.231597 -0.381825 -0.000146 -0.000061 -0.000007 0.199894 0.058198 0.000077 -0.298502 -0.230525 -0.138045 0.211519 0.000194 0.000047 0.000017 -0.099407 -0.363295 0.000035 -0.000039 0.178021 0.049252 -0.049722 -0.000101 -0.002249 -0.000261 -0.000106 -0.101757 0.064358 0.227641 0.000423 -0.021024 0.116904 0.152551 0.000038 0.049740 0.000538 0.248042 -0.000239 -0.400786 -0.159314
0.053116 0.000046 -0.012841 -0.332697 0.000120 0.000016 0.434812 0.011817 0.055541 0.014434 0.000326 -0.000158 -0.000008 0.193982 0.012996 0.000071 0.092467 0.186237 0.463930 0.050649 0.000414 0.000145 -0.000074 -0.271447 -0.207300 0.000038 -0.000135 0.016569 0.011727 0.068135 0.000116 -0.001653 0.000194 0.000064 -0.045674 0.132087 -0.345699 0.000010 -0.365253 0.158627 -0.189037 0.000109 0.011978 0.000817 -0.074363 -0.000073 0.061621 0.077777
-0.193070 0.000034 0.260200 0.212416 -0.000004 0.000028 0.259003 0.022246 0.124624 0.574483 -0.000028 -0.000048 -0.000039 0.042333 0.026705 0.000040 0.135229 -0.362259 -0.150935 -0.119882 0.000241 0.000070 0.000038 0.022360 -0.091039 0.000106 -0.000156 0.400930 0.020833 -0.210988 0.000212 -0.001154 0.000134 0.000008 0.281132 0.130433 -0.000343 0.000013 -0.316879 0.209781 -0.083466 0.000026 0.021457 0.000805 -0.008637 -0.000031 0.204522 -0.168781
-0.106053 -0.000004 0.013308 0.028240 0.000124 0.000046 0.026838 0.085167 -0.231390 0.246996 -0.000040 0.000071 0.000046 -0.012948 0.097348 -0.000129 -0.103049 0.207573 -0.063635 -0.086273 -0.000260 0.000115 -0.000013 0.182855 -0.532931 -0.000053 0.000275 0.028087 0.081229 0.137507 -0.000190 -0.001666 -0.000078 -0.000129 0.038856 0.325009 0.180471 0.000202 -0.022187 -0.205970 -0.021211 0.000045 0.082147 0.000490 0.331388 -0.000045 -0.075716 0.184771
0.316684 -0.000131 -0.317778 -0.004381 -0.000114 0.000088 0.036674 0.090636 0.094102 -0.047821 0.000106 0.000040 -0.000043 -0.012817 0.104663 0.000040 0.222993 -0.014343 -0.117367 0.042646 0.000004 0.000142 -0.000021 0.028358 0.134221 -0.000208 0.000018 -0.452893 0.087108 -0.301804 -0.000221 -0.001586 -0.000126 -0.000074 0.331172 0.049440 0.077738 0.000134 0.119096 0.088830 -0.262396 -0.000065 0.087333 0.000028 0.019217 -0.000082 0.118333 -0.082513
-0.187182 -0.000203 -0.126431 0.008918 -0.000087 0.000392 -0.295560 0.059429 0.180451 0.058521 0.000095 -0.000146 -0.000142 0.313689 0.070889 0.000005 0.231657 -0.033876 -0.160932 0.250497 0.000146 0.000009 0.000020 0.221428 -0.063621 -0.000244 0.000159 -0.003872 0.057011 -0.175420 -0.000034 -0.001169 0.000129 -0.000120 -0.348909 0.455640 -0.003036 -0.000202 -0.125386 -0.264700 0.117256 0.000135 0.056839 0.000747 0.081648 -0.000062 -0.084130 0.236572
-0.206087 -0.000152 -0.085118 0.220104 -0.000129 0.000067 -0.101630 0.027894 0.125778 0.007256 -0.000050 0.000127 -0.000010 0.222526 0.036627 -0.000173 -0.377077 0.359577 -0.082978 -0.172137 0.000445 0.000081 -0.000043 -0.058977 0.224785 -0.000231 -0.000110 0.241825 0.026494 -0.362273 0.000051 -0.002151 -0.000152 -0.000066 0.050762 0.556517 -0.088520 0.000350 -0.039142 -0.206464 -0.101019 -0.000044 0.026687 -0.000578 0.022577 -0.000170 0.051933 0.176958
-0.068640 0.000101 -0.076192 0.391486 -0.000071 0.000023 0.258000 0.067021 0.027135 -0.180926 0.000015 0.000003 0.000266 -0.109479 0.079807 -0.000058 -0.096171 -0.034727 0.196405 0.117215 0.000006 0.000001 -0.000018 0.646204 0.217217 0.000014 0.000291 0.083076 0.064058 -0.039889 0.000042 -0.002072 -0.000008 0.000255 0.089002 -0.236050 -0.026283 -0.000516 -0.082101 0.100741 0.067038 0.000006 0.064782 0.000495 -0.078553 0.000096 -0.159614 -0.092459
0.033122 0.000106 -0.046134 -0.038700 0.000122 -0.000213 -0.304343 0.052586 0.099699 -0.089520 0.000058 0.000001 0.000017 -0.163385 0.059339 -0.000025 0.030784 -0.044190 -0.041425 0.150116 0.000122 0.000272 -0.000005 0.311386 -0.410301 0.000056 0.000107 -0.317526 0.050905 -0.177176 0.000148 -0.001175 -0.000004 0.000062 -0.006771 0.234127 -0.259995 0.000058 -0.030464 0.162679 0.152324 0.000006 0.051401 0.000549 0.304466 -0.000104 -0.128572 0.301171
-0.279120 -0.000332 0.237727 -0.539353 -0.000087 0.000038 0.096560 0.043632 -0.329324 0.273276 0.000058 -0.000073 -0.000118 -0.246874 0.050753 -0.000046 -0.085559 0.129242 -0.051315 0.023755 0.000435 0.000223 0.000045 0.025384 -0.405865 0.000135 0.000278 -0.066460 0.041579 -0.417473 0.000079 -0.001738 0.000117 -0.000021 0.017196 0.274839 -0.128772 0.000123 0.155233 0.092816 0.036803 -0.000068 0.042202 0.000955 0.020465 0.000115 -0.035513 0.088255
0.219748 0.000054 -0.033060 -0.213794 -0.000024 0.000170 -0.043689 0.054181 0.016050 0.382216 0.000157 0.000004 -0.000221 -0.086445 0.064060 0.000010 0.016658 0.080573 -0.041115 -0.122227 0.000287 -0.000078 0.000017 0.276869 0.006668 -0.000107 -0.000265 0.187586 0.051417 0.157264 0.000009 -0.001639 -0.000096 -0.000023 0.014673 -0.259739 0.336530 0.000114 -0.346748 0.040814 -0.125586 -0.000003 0.052062 0.000623 -0.109019 0.000011 0.007886 -0.031813
0.065702 -0.000126 -0.352684 -0.048396 -0.000078 0.000113 0.158147 0.057902 0.213996 -0.331713 -0.000075 0.000076 0.000020 -0.242741 0.064974 0.000029 0.027726 0.488742 0.236269 0.304229 0.000061 0.000258 -0.000084 -0.187420 -0.110124 -0.000014 0.000161 0.170430 0.056224 0.105903 -0.000022 -0.001504 0.000508 0.000122 -0.271913 0.028900 -0.108818 -0.000016 0.141155 0.038274 -0.111856 0.000047 0.056337 0.000555 -0.043316 -0.000033 0.110733 0.043727
0.197720 -0.000069 -0.165476 -0.110913 0.000080 0.000015 0.422303 0.045076 -0.098768 -0.083536 -0.000096 -0.000090 0.000091 0.206125 0.052092 0.000004 -0.070709 0.033316 -0.094677 0.325417 -0.000268 0.000225 -0.000004 -0.326632 0.155199 0.000036 0.000080 0.053465 0.044768 -0.094171 0.000169 -0.001343 0.000123 0.000189 0.017907 -0.102160 -0.204580 0.000222 0.233073 -0.057736 0.010068 0.000034 0.044625 0.001047 -0.055203 -0.000127 0.197373 -0.298106
0.038148 0.000043 -0.243440 0.507994 -0.000217 -0.000042 -0.174917 0.022031 -0.031382 -0.125524 -0.000125 -0.000120 -0.000171 0.036647 0.025766 -0.000141 -0.471422 -0.436153 0.019567 0.241389 -0.000253 0.000238 -0.000137 0.134456 0.092709 -0.000045 -0.000159 -0.047961 0.021371 0.250126 -0.000168 -0.001812 -0.000253 0.000013 0.138558 0.137152 -0.075934 0.000021 0.062000 0.178771 0.067299 -0.000195 0.021915 0.000292 -0.231244 -0.000100 0.297705 0.015168
-0.087099 -0.000254 0.080669 -0.135754 -0.000311 -0.000142 0.440280 0.114419 0.032454 -0.006140 0.000022 0.000096 -0.000047 -0.026642 0.128490 0.000129 -0.370120 0.064187 -0.162497 -0.075060 0.000007 0.000219 0.000009 0.113376 -0.065222 -0.000162 0.000194 0.074211 0.109567 0.007405 0.000209 -0.002000 -0.000109 -0.000209 -0.022749 0.154616 -0.323574 -0.000699 -0.117759 0.226594 -0.204685 -0.000003 0.109914 0.000773 -0.234954 -0.000288 -0.045325 0.290759
-0.040017 -0.000235 -0.012285 -0.014273 -0.000128 0.000105 0.451890 0.098657 -0.247462 0.033760 -0.000107 -0.000044 0.000061 0.022636 0.112946 -0.000071 -0.055528 -0.125925 -0.053525 0.267387 -0.000263 -0.000121 0.000027 0.198877 0.391911 -0.000173 -0.000056 0.151945 0.094951 -0.017264 0.000047 -0.003178 -0.000019 0.000139 0.430319 -0.043276 -0.459906 0.000070 -0.034864 -0.190908 0.013143 -0.000037 0.095414 0.000463 0.010772 0.000047 -0.051654 -0.244361
-0.334565 -0.000146 0.081024 -0.005150 0.000208 0.000104 -0.054295 0.036947 0.047906 0.028959 0.000034 -0.000143 0.000153 0.041348 0.043082 0.000078 0.196608 0.116564 0.062630 0.151001 0.000441 -0.000142 0.000070 -0.036992 0.114388 0.000007 0.000061 -0.068952 0.035520 0.002144 0.000041 -0.002170 0.000058 -0.000008 -0.160914 0.030555 -0.098329 0.000281 -0.134154 -0.055380 -0.119179 0.000050 0.036551 0.000471 0.282215 0.000124 0.003385 0.139806
0.007190 0.000062 -0.108196 0.237696 0.000209 0.000027 0.249086 0.094623 -0.094052 0.031585 0.000049 0.000066 0.000065 0.063318 0.107439 -0.000112 -0.022913 0.004602 0.146623 -0.380965 0.000171 0.000119 -0.000010 0.019460 0.004548 -0.000067 0.000154 0.058401 0.091064 0.001611 0.000110 -0.001444 0.000109 -0.000191 0.005609 0.099085 -0.129434 -0.000451 0.013306 0.001235 0.413985 0.000197 0.091840 0.000374 0.081523 0.000040 0.097263 0.051682
0.244720 -0.000201 -0.012605 0.013345 0.000123 0.000130 -0.339901 0.082536 -0.097016 0.192299 0.000039 -0.000008 0.000076 -0.264912 0.089850 -0.000067 -0.291585 0.214453 -0.066688 0.138808 0.000043 0.000551 -0.000023 0.128704 0.057653 0.000086 -0.000177 0.126584 0.079595 -0.059036 0.000126 -0.001385 0.000052 0.000049 -0.101416 0.053659 0.251445 -0.000375 0.032061 -0.331509 0.322826 -0.000042 0.080440 0.001264 -0.333609 -0.000274 0.320960 -0.262518
0.173174 -0.000106 -0.104461 -0.018875 -0.000064 -0.000017 0.151474 0.033187 0.295836 0.057682 -0.000107 0.000094 -0.000043 -0.156538 0.036209 -0.000102 -0.075395 0.200981 -0.270980 0.044822 -0.000078 0.000003 -0.000027 0.007993 0.071644 0.000130 -0.000013 -0.113818 0.032603 0.214518 0.000080 -0.001160 -0.000044 -0.000095 -0.034367 0.054105 -0.075709 0.000376 -0.181558 -0.260500 -0.057935 -0.000117 0.033031 0.000658 -0.100449 0.000073 0.176326 0.127176
-0.074457 -0.000014 -0.223246 0.535092 -0.000130 -0.000026 -0.336817 0.015382 0.021713 0.219848 -0.000223 -0.000165 -0.000110 0.199166 0.016979 -0.000051 -0.189605 0.086954 -0.029350 0.305670 0.000439 0.000192 0.000040 0.296250 -0.043602 -0.000020 -0.000068 0.112008 0.015223 -0.165963 -0.000100 -0.001529 -0.000026 0.000011 0.243954 0.131400 -0.018080 0.000152 0.231748 0.019803 -0.115154 0.000092 0.015511 -0.001326 0.023029 -0.000046 -0.222254 -0.295906
-0.213066 -0.000084 -0.542728 -0.256981 -0.000130 -0.000094 0.154700 0.018919 0.063328 -0.142582 -0.000504 -0.000014 0.000002 0.033107 0.024500 -0.000059 -0.125386 -0.170557 0.315031 -0.040382 0.000501 0.000550 -0.000039 0.068266 -0.044011 0.000025 0.000135 0.029586 0.018479 0.055640 -0.000366 -0.002153 -0.000243 0.000079 0.075371 -0.023719 0.307957 0.000080 0.167556 0.081011 0.027175 0.000070 0.018926 0.000805 0.347295 -0.000277 -0.010316 -0.428166
0.225747 -0.000047 0.136655 0.023658 0.000076 -0.000022 -0.050339 0.009790 -0.035813 -0.337587 0.000017 -0.000043 -0.000049 0.186270 0.010510 0.000138 -0.055997 0.353211 0.356363 -0.115185 -0.000189 0.000441 -0.000024 0.051978 -0.124747 -0.000410 -0.000051 -0.019116 0.009722 -0.254608 0.000021 -0.001025 0.000098 -0.000056 -0.546436 0.086679 -0.026675 0.000344 -0.047456 0.094031 0.016502 -0.000369 0.009882 0.001427 0.026851 0.000168 -0.580458 0.220252
-0.432019 0.000046 -0.068512 0.082154 -0.000055 0.000233 -0.280195 0.004261 0.164654 -0.498334 -0.000106 0.000003 -0.000003 0.111125 0.004233 0.000250 0.059843 0.063231 0.238055 0.124023 0.000345 0.000469 -0.000015 0.054811 0.006624 0.000096 -0.000037 0.066423 0.004272 0.255900 -0.000203 -0.001547 -0.000135 0.000032 -0.084654 -0.265994 -0.041518 0.000142 0.330814 0.054506 0.003109 0.000011 0.004276 -0.001295 0.479737 0.000046 -0.014013 0.177771
0.096930 -0.000095 0.061137 0.134272 -0.000091 0.000224 0.060047 0.048193 -0.149456 -0.027977 -0.000264 -0.000083 -0.000057 -0.141614 0.056408 0.000095 0.445903 -0.146904 -0.079399 -0.281030 -0.000000 0.000094 -0.000118 0.011831 -0.066874 -0.000017 -0.000113 0.083582 0.045565 0.233589 0.000021 -0.000661 -0.000063 -0.000057 0.704737 -0.042452 -0.133827 0.000308 -0.054057 -0.111351 -0.050627 0.000154 0.046256 0.000687 0.102491 0.000024 0.214109 0.709024
0.495076 0.000407 0.146115 -0.060931 0.000066 -0.000120 0.124150 0.022653 0.337025 0.116627 -0.000049 0.000126 -0.000410 -0.243668 0.026493 0.000137 0.182694 0.295937 -0.076074 -0.102277 -0.000149 0.000143 0.000008 -0.156210 -0.004964 0.000052 0.000170 0.060949 0.021809 0.091979 0.000070 -0.001954 0.000180 -0.000054 -0.259083 0.075150 0.107834 0.000317 -0.087300 -0.228910 0.086224 -0.000062 0.022446 0.000494 -0.133858 -0.000217 -0.084972 0.070198
0.002798 0.000104 0.322675 0.139945 -0.000071 0.000058 -0.232065 0.053489 -0.016336 0.383447 -0.000043 -0.000039 0.000037 0.434187 0.062830 0.000036 0.057998 -0.070063 0.096812 0.067608 -0.000151 0.000230 -0.000057 0.044464 -0.225223 0.000193 -0.000071 0.082084 0.052145 -0.094592 -0.000266 -0.000850 -0.000145 -0.000084 -0.049375 -0.144572 -0.019500 0.000291 -0.025580 -0.001150 -0.027037 -0.000014 0.052486 0.000988 -0.065226 0.000005 -0.013975 0.123844
0.493651 -0.000082 -0.166156 0.033192 0.000063 -0.000008 -0.080855 0.011453 -0.258026 -0.293985 0.000089 0.000061 -0.000005 0.350575 0.013907 0.000316 0.008206 -0.094068 -0.307157 0.199864 0.000178 -0.000048 -0.000048 0.036679 0.153347 0.000218 0.000112 -0.017519 0.011122 0.040389 0.000033 -0.001024 -0.000168 -0.000079 -0.065176 -0.117823 0.140057 -0.000098 0.048951 0.618073 -0.072932 -0.000046 0.011584 0.000153 -0.541314 0.000060 -0.004366 0.240717
0.129057 -0.000080 -0.212837 -0.279004 0.000124 0.000239 0.119824 0.039580 0.090220 0.244291 0.000095 0.000069 -0.000102 -0.249553 0.046331 -0.000081 0.067730 0.340398 -0.067824 0.001123 -0.000009 0.000405 0.000074 -0.128807 0.035465 -0.000141 -0.000033 -0.279290 0.037950 -0.015836 -0.000310 -0.000887 -0.000025 0.000182 0.004489 -0.442409 0.134767 0.000072 0.414363 0.124855 -0.405212 -0.000052 0.038448 0.000526 -0.068804 -0.000151 -0.331770 0.009145
-0.090661 -0.000365 0.089450 -0.015531 -0.000018 -0.000059 0.120178 0.027594 0.273840 -0.102964 0.000052 -0.000101 -0.000164 0.006902 0.034086 0.000014 0.112211 0.071235 0.180366 0.048654 0.000194 0.000244 -0.000028 0.189738 -0.182221 -0.000054 0.000062 -0.115649 0.025863 0.257654 0.000073 -0.002917 -0.000240 -0.000093 -0.472799 -0.058899 0.170432 -0.000316 0.137490 -0.001482 -0.171845 0.000094 0.026543 0.000679 0.101257 0.000043 -0.312555 -0.004216
0.076692 -0.000016 -0.081908 -0.017275 0.000085 0.000027 -0.240010 0.042242 0.308039 0.136844 -0.000341 0.000125 0.000054 -0.081779 0.049628 -0.000053 0.288819 -0.045569 0.053031 0.001712 -0.000053 0.000244 0.000082 0.306991 0.115157 0.000003 0.000031 0.149978 0.040841 0.338728 -0.000144 -0.001502 0.000076 0.000007 0.098842 0.025907 -0.513829 0.000227 0.055498 0.279718 -0.203296 0.000028 0.041518 -0.000003 -0.099743 -0.000003 -0.134759 -0.092807
-0.273397 0.000023 0.032969 0.236863 -0.000193 -0.000068 0.136247 0.004794 0.013132 -0.331210 0.000032 -0.000194 0.000023 0.206761 0.006925 0.000215 0.137404 0.260179 0.139222 -0.060498 0.000051 0.000391 0.000060 0.002351 0.045221 0.000061 0.000157 0.182961 0.004552 0.206452 -0.000054 -0.001963 -0.000015 -0.000080 -0.065451 0.203516 0.096992 -0.000262 -0.031453 -0.280762 0.608481 0.000337 0.004827 0.000003 0.013989 0.000029 0.221747 0.039263
-0.198106 0.000118 -0.124581 0.321563 0.000061 0.000008 0.069575 0.069264 -0.274048 -0.041094 -0.000106 -0.000075 -0.000111 0.231809 0.081384 -0.000055 -0.053962 0.176522 -0.082444 0.184427 -0.000184 0.000045 0.000009 -0.360549 -0.056248 -0.000013 0.000175 0.088521 0.065455 0.230952 0.000286 -0.002125 -0.000419 -0.000094 0.272653 0.121908 0.105052 -0.000473 0.129078 -0.311164 0.203617 -0.000167 0.065950 0.000976 0.129525 0.000170 0.023880 0.010047
0.082913 0.000058 -0.034206 -0.283808 -0.000140 0.000131 -0.052652 0.072624 -0.085536 -0.062742 -0.000085 0.000050 0.000058 0.111103 0.081329 -0.000031 0.010618 0.004063 0.095191 0.199840 0.000142 0.000029 -0.000020 -0.036075 -0.384549 -0.000147 0.000138 0.024112 0.067332 -0.286339 0.000192 -0.002360 0.000059 -0.000208 -0.025971 -0.013217 -0.157126 -0.000928 -0.000375 -0.046682 -0.099311 -0.000060 0.068409 0.000694 0.242846 -0.000210 0.074794 -0.017991
-0.015353 -0.000083 -0.179718 0.045771 -0.000126 0.000120 0.287823 0.123127 -0.017579 0.067114 -0.000094 -0.000084 0.000061 -0.159951 0.141464 0.000049 -0.069915 0.400544 -0.598621 0.350275 -0.000442 0.000131 0.000061 0.058348 0.250641 0.000252 0.000180 -0.223317 0.118147 -0.003977 -0.000158 -0.001527 -0.000118 0.000090 -0.154798 -0.136415 0.338516 0.000284 0.163897 -0.117616 -0.157332 -0.000027 0.118788 0.000404 0.128026 0.000005 0.044847 -0.407595
-0.240173 0.000110 0.000091 -0.033485 0.000065 -0.000226 -0.183955 0.054543 -0.208260 0.334533 -0.000015 0.000021 -0.000004 0.008737 0.060769 0.000020 -0.010249 -0.095453 -0.125896 -0.162355 0.000037 0.000150 0.000050 0.055574 0.166766 0.000029 -0.000109 0.000933 0.052188 -0.156729 -0.000017 -0.001519 -0.000096 0.000030 -0.371636 0.451663 -0.304570 0.000205 0.001193 0.065284 -0.126441 -0.000035 0.052455 0.001077 0.008836 0.000122 0.294320 0.278301
0.426964 0.000038 0.398148 -0.089892 0.000120 0.000040 0.081640 0.015244 -0.111999 -0.106563 0.000113 -0.000087 0.000035 -0.057032 0.018612 -0.000117 -0.165986 -0.050327 0.091162 -0.086535 -0.000422 0.000015 0.000084 0.588638 0.113599 0.000099 0.000076 0.185656 0.014965 -0.191306 -0.000256 -0.000754 -0.000179 0.000042 0.408640 -0.515037 -0.091401 -0.000082 0.184098 -0.084713 -0.091674 0.000102 0.015430 0.000780 -0.306520 0.000027 -0.188068 -0.251540
0.374252 -0.000073 -0.090078 0.143985 -0.000137 0.000091 -0.116022 0.037553 -0.063860 0.001064 0.000148 -0.000052 -0.000109 0.125359 0.041750 0.000040 0.116783 0.158051 0.533638 0.104271 -0.000204 0.000198 0.000097 -0.087059 -0.297593 -0.000105 -0.000276 0.164501 0.036316 0.026382 -0.000002 -0.001706 -0.000086 -0.000097 -0.235275 -0.295114 -0.096747 0.000034 0.411685 -0.102853 -0.026724 -0.000034 0.036825 0.000454 0.118576 -0.000096 0.039620 0.061920
-0.180345 0.000134 -0.104600 -0.186846 0.000057 -0.000299 0.334173 0.009321 -0.125294 0.081586 0.000018 -0.000039 -0.000161 0.253777 0.010298 -0.000008 -0.144014 -0.020183 0.067260 -0.181991 0.000637 -0.000265 -0.000012 0.072870 0.176976 0.000001 0.000168 0.192380 0.009208 -0.104871 -0.000060 -0.001068 -0.000030 -0.000077 0.020603 -0.118946 -0.400986 0.000012 -0.208807 0.151936 0.128630 -0.000088 0.009423 -0.000035 0.231518 -0.000263 0.536361 0.144898
-0.587831 -0.000050 -0.014875 0.226661 0.000079 0.000152 0.043114 0.034621 0.075072 0.033445 -0.000338 -0.000145 0.000049 -0.232921 0.039441 0.000039 -0.096089 0.321282 0.226864 0.042047 -0.000057 -0.000034 -0.000003 -0.000383 -0.083908 0.000036 0.000096 0.125110 0.034679 0.066943 -0.000026 -0.000606 -0.000130 -0.000092 0.221588 -0.002888 0.068543 0.000227 -0.177269 -0.112378 0.166075 -0.000046 0.034345 0.000592 -0.091804 0.000179 0.249381 0.141231
-0.562780 0.000251 -0.266928 0.003167 -0.000189 0.000019 -0.085914 0.090269 -0.109853 0.055176 0.000167 0.000123 0.000021 -0.011377 0.103102 0.000029 -0.068441 0.069225 -0.005431 0.125352 -0.000058 0.000211 -0.000019 -0.039881 0.039072 -0.000073 0.000030 0.202820 0.085153 0.102434 0.000272 -0.001759 -0.000106 0.000176 0.547833 0.131561 0.116252 0.000346 -0.015229 -0.149244 -0.019208 -0.000078 0.085862 0.000539 0.233321 0.000056 0.157600 0.048145
0.191673 -0.000024 0.162414 -0.025436 0.000060 -0.000015 -0.436148 0.065253 -0.221708 0.003699 0.000114 -0.000033 -0.000003 -0.005585 0.076032 0.000002 0.096169 0.197327 -0.030251 0.131934 -0.000093 -0.000073 -0.000012 -0.334036 0.201928 -0.000046 0.000026 -0.070451 0.062176 0.354369 -0.000307 -0.002410 0.000011 0.000066 0.067078 0.127245 -0.052856 -0.000161 0.238621 -0.194693 0.190057 -0.000307 0.063382 0.000942 -0.063334 -0.000055 0.141948 0.024415
0.012170 -0.000080 0.017992 -0.031616 0.000061 -0.000170 -0.209487 0.077328 0.413831 -0.298790 0.000053 0.000161 0.000040 -0.366496 0.085560 -0.000034 0.172070 0.093256 -0.254150 -0.148426 -0.000267 0.000312 -0.000086 0.329868 0.268423 -0.000143 -0.000049 0.183203 0.074133 0.109624 0.000122 -0.001156 -0.000119 -0.000084 -0.155118 -0.385812 0.199765 -0.000139 0.511684 0.227511 -0.176623 0.000061 0.073407 0.000852 -0.008946 -0.000056 -0.223166 0.124616
-0.046200 -0.000173 -0.050458 0.276057 -0.000190 -0.000142 0.305737 0.047186 0.346132 0.057111 0.000086 -0.000018 -0.000057 -0.106059 0.052879 -0.000082 -0.010094 0.018387 0.257827 -0.198686 0.000172 -0.000066 -0.000043 0.097683 -0.244059 -0.000132 -0.000128 -0.069060 0.045017 -0.211525 0.000068 -0.001701 0.000173 0.000043 -0.000027 0.204879 0.197734 -0.000023 0.091466 0.003867 0.100468 0.000070 0.045393 0.000713 -0.202292 -0.000079 0.162450 -0.135906
0.079825 0.000010 -0.107335 0.177425 -0.000095 -0.000270 0.202545 0.015323 0.298694 0.093861 -0.000156 -0.000096 -0.000009 -0.079649 0.017980 -0.000081 0.093930 -0.294348 -0.427257 0.164725 0.000004 0.000290 -0.000047 0.203009 -0.277546 0.000295 0.000158 -0.084668 0.015109 0.049409 0.000088 -0.001751 0.000082 0.000073 0.021360 -0.386572 0.159182 -0.000238 0.004721 0.139308 0.249874 -0.000139 0.015440 0.001333 -0.392749 -0.000146 0.106240 0.043545
-0.090465 -0.000147 0.128902 0.236261 0.000045 -0.000101 0.202471 0.032765 -0.217006 -0.477070 0.000059 -0.000086 0.000014 -0.201834 0.037348 -0.000073 -0.057034 -0.244611 -0.235547 0.058805 0.000615 0.000074 -0.000022 0.107280 0.448934 0.000143 0.000181 -0.082122 0.031134 -0.068344 -0.000202 -0.001807 -0.000084 0.000016 0.228213 0.230050 0.145172 -0.000046 -0.163241 0.020624 0.197959 -0.000135 0.031924 0.000432 0.359723 0.000068 -0.108380 0.061794
-0.188941 0.000239 -0.137059 0.385933 -0.000193 0.000213 0.001202 0.033081 -0.138283 -0.004244 0.000002 0.000010 0.000002 -0.018799 0.038382 0.000092 0.107716 -0.118366 0.081474 0.088177 -0.000291 -0.000014 0.000042 -0.218472 -0.155939 0.000135 0.000190 -0.197604 0.032042 0.056532 0.000036 -0.002237 -0.000295 -0.000113 0.294219 -0.146194 0.105642 0.000229 0.250694 0.264092 -0.122673 0.000136 0.032671 -0.000091 0.198238 -0.000078 0.044467 0.289631
0.175773 -0.000003 -0.519282 0.154382 0.000062 -0.000072 -0.001323 0.053575 0.387503 -0.151505 -0.000112 0.000022 -0.000061 0.252994 0.063734 -0.000014 0.023993 0.029262 -0.122248 0.065316 0.000171 0.000310 0.000078 -0.164628 -0.061492 -0.000045 -0.000330 -0.293430 0.051503 -0.092024 -0.000267 -0.002024 -0.000034 0.000015 0.020494 0.495980 -0.121763 -0.000041 -0.102751 -0.181606 -0.047694 0.000061 0.052771 0.000816 -0.125925 0.000002 0.288882 -0.218918
-0.161913 0.000069 0.139484 -0.237770 -0.000094 0.000019 -0.364250 0.046273 -0.044257 0.151405 0.000005 0.000222 -0.000209 0.104207 0.054274 0.000147 -0.431708 0.177197 0.242014 -0.055753 0.000128 0.000267 -0.000027 -0.324871 -0.001209 0.000245 0.000150 -0.548492 0.044594 -0.260119 0.000054 -0.001441 0.000027 0.000115 -0.210479 0.208290 -0.060489 0.000405 -0.182379 0.064117 -0.309896 0.000025 0.045158 0.001689 0.002545 0.000122 -0.148130 0.127069
-0.092218 -0.000192 0.015953 -0.162171 0.000096 0.000020 -0.003565 0.028977 -0.212462 -0.063555 0.000075 -0.000005 0.000032 -0.030199 0.036640 0.000104 -0.014109 -0.302214 0.067610 0.194734 -0.000188 -0.000106 0.000148 -0.250799 0.075285 -0.000299 0.000049 -0.145963 0.027754 0.063364 0.000025 -0.001978 -0.000345 -0.000070 0.189793 0.191748 -0.136317 -0.000489 -0.231700 0.152119 -0.573517 0.000059 0.028146 0.000888 -0.038205 0.000048 0.366497 0.465073
0.291907 0.000087 -0.163340 0.126982 0.000082 0.000088 -0.124255 0.060603 0.049710 -0.144818 0.000082 -0.000004 0.000049 -0.036618 0.070814 0.000147 -0.073687 0.061453 -0.206482 0.337884 0.000305 0.000040 0.000040 0.180709 0.081174 -0.000386 -0.000018 0.066316 0.058498 0.322712 0.000116 -0.001238 -0.000237 0.000373 0.296563 -0.068608 0.073187 0.000018 0.333814 -0.182201 -0.179427 0.000174 0.058355 0.000362 -0.252402 -0.000002 0.148621 -0.007217
0.364014 -0.000302 -0.110959 0.206522 -0.000133 -0.000117 -0.164139 0.028611 0.001459 0.279887 -0.000082 0.000228 0.000110 -0.190482 0.035717 0.000127 -0.300159 0.356238 -0.095830 0.054444 -0.000140 0.000128 0.000008 0.275902 -0.027313 -0.000145 0.000154 -0.124403 0.026637 -0.207672 0.000254 -0.001337 -0.000084 0.000201 0.078393 -0.367251 0.057368 0.000021 0.083354 0.018898 -0.228881 -0.000124 0.027871 -0.000370 0.092963 0.000073 -0.140280 0.000839
-0.008423 -0.000096 0.036679 0.004792 0.000057 -0.000023 -0.136041 0.049832 0.078802 0.066124 -0.000006 -0.000057 -0.000100 -0.188829 0.057533 -0.000058 -0.109402 -0.055520 -0.163807 -0.090387 -0.000063 -0.000024 -0.000044 0.061512 -0.000580 -0.000238 -0.000084 0.083569 0.047840 -0.139818 0.000021 -0.000784 0.000039 0.000288 0.089067 -0.080162 0.260272 0.000035 0.245679 0.360952 -0.106449 -0.000037 0.048367 0.000317 0.113413 0.000039 -0.143406 0.002962
0.193331 0.000190 -0.105620 0.474510 -0.000125 0.000089 0.367649 -0.000724 -0.279668 -0.010919 -0.000191 -0.000059 -0.000066 0.281924 -0.000753 0.000028 0.360282 -0.040332 0.061072 0.119928 0.000150 0.000079 0.000074 0.054157 0.176224 0.000075 0.000173 -0.220542 -0.000692 0.064377 0.000024 -0.001285 -0.000093 0.000086 0.052192 -0.260038 -0.125322 -0.000189 -0.082132 -0.172908 0.178241 0.000378 -0.000683 0.000621 0.407439 0.000020 -0.022553 0.039587
-0.154990 0.000086 0.250286 -0.241496 0.000303 0.000065 0.038093 0.040253 -0.088129 -0.043199 0.000024 -0.000043 0.000084 0.319245 0.049541 -0.000009 0.667611 -0.240785 0.056351 -0.097077 0.000852 -0.000065 -0.000019 0.005479 0.016830 0.000069 0.000132 0.035759 0.038801 -0.035613 -0.000106 -0.001983 -0.000010 -0.000077 0.023870 0.226785 0.000218 0.000203 -0.100149 -0.050569 0.126466 0.000060 0.039559 0.000943 0.006446 0.000076 0.334498 -0.143720
-0.278594 0.000022 -0.030783 0.101273 -0.000076 -0.000143 0.012468 0.031924 0.291977 0.382038 -0.000157 0.000173 -0.000008 -0.102259 0.038240 -0.000126 -0.025802 0.282746 -0.124287 -0.437048 0.000587 0.000129 -0.000111 0.030798 0.138253 0.000069 -0.000045 0.224263 0.029995 0.134323 -0.000366 -0.002369 -0.000141 -0.000133 -0.083446 0.092624 -0.206729 0.000146 -0.074034 0.180580 -0.077834 -0.000403 0.031227 0.001334 0.130498 -0.000158 0.119539 0.450686
0.027245 0.000119 0.050345 0.049491 0.000138 -0.000041 -0.449631 0.037631 -0.112566 0.106209 -0.000047 0.000131 0.000142 -0.313193 0.045067 -0.000238 0.035452 -0.074230 0.365286 0.043787 -0.000022 -0.000082 0.000029 0.384724 0.254045 0.000149 0.000037 -0.052481 0.036249 -0.053607 -0.000135 -0.001658 -0.000047 -0.000032 0.112657 0.002295 -0.080435 0.000098 0.350093 -0.040278 -0.102772 0.000099 0.036812 0.000603 -0.138982 -0.000058 0.068614 -0.191659
-0.020626 -0.000152 -0.107159 -0.068312 -0.000058 -0.000067 -0.173605 0.088747 -0.019709 0.095068 0.000110 0.000018 0.000073 -0.209555 0.101995 0.000030 0.246502 0.130603 0.277536 -0.122295 -0.000324 0.000046 0.000085 -0.254262 0.195474 -0.000062 0.000099 0.054403 0.085822 0.217231 0.000030 -0.001075 -0.000343 -0.000045 -0.024771 -0.081075 0.265863 0.000077 0.091694 0.256737 -0.348054 -0.000243 0.086473 0.000350 0.300380 0.000147 -0.017351 -0.128373
0.061570 0.000028 0.358993 0.008957 0.000062 -0.000206 0.074692 0.168965 -0.005669 -0.311773 0.000032 0.000243 -0.000099 -0.066414 0.190342 0.000108 -0.080443 -0.131064 0.193417 0.017185 0.000141 0.000003 -0.000004 0.213739 -0.035780 -0.000030 0.000133 -0.086370 0.162717 0.079821 -0.000088 -0.001031 -0.000037 -0.000032 0.144816 -0.179936 0.147446 0.000097 -0.015932 0.108109 -0.162505 -0.000117 0.162904 0.000039 -0.264028 -0.000166 0.088416 -0.033984
-0.148697 0.000301 0.232039 -0.279969 0.000123 0.000048 0.309826 0.062205 0.001765 -0.036237 -0.000042 0.000060 -0.000099 0.096962 0.069041 -0.000061 0.006506 -0.527367 -0.118770 -0.177166 0.000142 -0.000014 -0.000022 0.181373 0.046262 0.000128 -0.000074 -0.246049 0.060192 -0.340786 0.000190 -0.001316 -0.000031 0.000070 -0.179194 -0.028346 0.316892 0.000355 0.034051 -0.031435 0.394519 0.000297 0.060814 -0.000387 0.091029 0.000034 -0.072340 -0.018106
-0.247753 0.000133 0.068932 -0.296046 0.000043 -0.000041 0.022744 0.036799 0.136011 0.104485 -0.000143 -0.000079 0.000106 -0.100223 0.042323 0.000103 -0.260681 -0.071250 -0.119375 -0.117812 0.000188 0.000045 0.000011 0.274698 0.205473 -0.000044 -0.000094 -0.076935 0.035544 -0.016471 0.000051 -0.001108 -0.000198 0.000158 -0.318889 -0.130048 0.093190 0.000252 0.170748 -0.362314 -0.068377 0.000059 0.036186 0.000446 0.166186 -0.000144 -0.230323 0.382558
0.003482 -0.000043 -0.233890 -0.199623 0.000069 0.000031 0.186292 0.005009 0.155599 -0.071871 0.000191 -0.000103 -0.000225 -0.097583 0.005606 -0.000001 -0.366404 -0.223350 -0.000960 -0.195229 -0.000357 0.000116 0.000057 -0.220850 -0.098272 -0.000109 -0.000093 -0.226958 0.004970 -0.095556 0.000055 -0.002039 0.000024 0.000261 0.111979 0.033827 0.295224 0.000197 -0.088667 0.001995 0.334945 -0.000100 0.005090 0.000439 0.052512 -0.000081 -0.134418 0.040602
-0.155759 0.000070 0.013459 0.031251 -0.000242 -0.000093 0.001990 0.052203 0.010712 0.019004 0.000079 -0.000049 0.000020 -0.274008 0.058907 0.000001 0.204252 -0.216329 -0.216750 -0.018200 0.000072 0.000172 -0.000109 0.055015 0.065134 -0.000059 0.000063 0.028667 0.048504 0.149574 0.000017 -0.002827 0.000014 -0.000140 0.061774 -0.186074 0.029255 0.000379 -0.038315 0.193321 -0.132709 -0.000302 0.049528 0.001144 0.089677 -0.000116 0.537189 -0.053199
0.162128 -0.000121 0.226448 0.085046 0.000097 0.000090 -0.032683 0.098355 -0.285899 -0.134069 -0.000018 -0.000037 0.000365 -0.054052 0.110679 -0.000202 0.002954 0.117809 0.148231 0.167817 0.000595 0.000233 0.000017 -0.018969 0.093146 0.000103 0.000316 -0.239844 0.094574 0.287729 -0.000292 -0.003155 0.000063 -0.000040 0.011625 -0.012390 0.016106 -0.001290 -0.361183 0.115327 0.136461 -0.000158 0.095155 0.001073 -0.120235 0.000051 -0.280425 0.395790
-0.070974 -0.000013 0.159387 -0.011816 -0.000127 0.000103 0.204807 0.050386 -0.094299 -0.337595 0.000156 -0.000105 0.000001 0.257616 0.059807 -0.000074 0.009757 0.091344 -0.065744 -0.175698 -0.000352 -0.000058 -0.000091 -0.531882 0.222180 -0.000149 -0.000004 -0.013810 0.047453 -0.029427 -0.000002 -0.002899 -0.000392 0.000048 0.015515 0.212341 0.191888 -0.000342 0.105125 0.115263 -0.039693 0.000290 0.047973 0.000787 -0.051298 0.000108 0.168283 -0.042314
0.516536 -0.000245 0.262038 0.197323 0.000139 0.000053 0.183790 0.061188 -0.104448 -0.607337 -0.000006 -0.000033 -0.000179 -0.092630 0.070219 0.000032 -0.313979 0.034864 0.146810 0.174070 0.000146 -0.000076 0.000001 0.139641 0.320367 0.000097 0.000389 -0.046216 0.059095 -0.428944 -0.000017 -0.001806 0.000030 -0.000025 0.073002 -0.345718 -0.160148 -0.001032 -0.066846 -0.066085 0.054938 -0.000052 0.058880 0.000715 0.059625 0.000135 -0.006454 -0.082399
0.080373 -0.000117 0.070813 0.092689 -0.000068 -0.000081 0.024630 0.020848 0.045726 0.430113 -0.000128 0.000103 0.000337 0.077889 0.025414 0.000186 -0.058009 0.069817 0.288938 -0.266982 -0.000434 -0.000035 -0.000022 -0.128630 0.149709 0.000044 0.000126 0.063417 0.019845 0.222670 -0.000015 -0.002485 0.000140 -0.000041 -0.020959 -0.007076 0.158707 -0.000797 0.303320 -0.156184 -0.209761 0.000013 0.020462 0.000037 -0.144170 0.000075 -0.124884 -0.216066
0.009946 0.000197 0.390610 -0.181930 0.000124 0.000156 -0.222041 0.093429 0.247344 0.239011 0.000083 -0.000093 -0.000156 0.201048 0.106204 -0.000025 0.025797 -0.103403 0.169599 0.061374 -0.000316 0.000091 0.000014 0.059120 0.085693 -0.000038 -0.000026 0.390742 0.089723 -0.199350 0.000118 -0.002191 -0.000330 -0.000046 0.523295 -0.147768 0.011819 -0.001820 -0.082401 -0.153162 -0.004560 -0.000096 0.089870 0.000100 -0.606942 -0.000059 0.020329 -0.025374
0.023527 -0.000224 -0.060225 0.083353 -0.000123 0.000000 -0.027609 0.003765 0.163043 0.025737 -0.000151 0.000028 0.000050 0.098575 0.003972 -0.000040 0.031708 -0.180518 -0.061201 0.395938 -0.000204 -0.000005 0.000011 0.067567 0.067770 0.000042 0.000037 0.301986 0.003760 0.111751 0.000119 -0.002925 0.000052 0.000155 -0.396081 -0.055451 -0.013139 -0.000226 0.147939 -0.182267 0.378675 -0.000020 0.003847 0.000725 -0.033801 -0.000015 0.000945 0.141254
0.117559 -0.000099 0.087152 0.035389 -0.000126 0.000062 -0.357696 0.031463 -0.259224 -0.206894 -0.000344 0.000034 0.000096 0.225113 0.038556 0.000032 -0.188747 -0.131471 0.261100 -0.023540 -0.000227 -0.000253 -0.000026 -0.055383 0.005330 -0.000033 -0.000234 0.107983 0.030283 -0.117399 -0.000047 -0.002090 -0.000051 -0.000059 0.188268 -0.261890 -0.148318 -0.000574 -0.341106 0.018909 0.214740 -0.000000 0.030788 0.000367 -0.076756 -0.000018 0.100699 0.341360
0.293461 0.000236 0.000529 0.095495 0.000070 0.000060 -0.037484 0.012085 -0.024891 -0.118184 -0.000099 -0.000016 0.000160 0.123796 0.013770 -0.000028 -0.161422 0.393898 -0.085234 0.000429 -0.000164 0.000446 0.000038 -0.052299 0.177008 -0.000044 -0.000153 0.355370 0.011918 0.163353 0.000266 -0.002675 -0.000041 0.000161 0.106135 -0.199823 0.542413 -0.000211 -0.155444 0.093045 -0.124167 -0.000189 0.012260 0.000295 -0.210001 0.000162 0.053714 -0.196917
0.016965 -0.000167 0.111938 0.235456 0.000052 0.000074 -0.138331 0.006119 -0.179529 -0.263273 -0.000095 0.000021 -0.000048 0.000170 0.008146 -0.000195 -0.039796 0.238867 -0.284899 0.205069 0.000170 -0.000099 -0.000077 -0.033849 -0.246522 0.000135 0.000026 -0.215634 0.006011 -0.025365 0.000052 -0.002968 -0.000070 -0.000195 -0.057699 0.108716 0.132180 -0.000407 0.329408 0.287235 -0.000072 0.000147 0.006228 0.000692 0.098383 0.000020 0.092936 -0.121703
-0.239926 0.000072 -0.104725 0.053835 0.000059 0.000021 -0.142577 0.073746 0.115618 -0.267105 -0.000121 -0.000155 0.000071 -0.142510 0.082046 -0.000033 -0.057162 -0.065942 0.052233 -0.239669 0.000199 0.000016 -0.000071 -0.012586 0.328502 0.000193 0.000040 -0.191967 0.071121 -0.127281 0.000052 -0.001607 0.000012 0.000044 -0.156370 0.015112 -0.071237 0.000112 0.255340 0.514009 -0.011964 -0.000142 0.071782 0.001047 0.473553 0.000126 0.165173 -0.306967
0.307691 -0.000089 0.114022 0.216874 -0.000131 -0.000078 0.151460 0.078072 0.162803 0.165635 0.000130 -0.000213 0.000018 -0.190922 0.091192 0.000088 0.476595 0.013586 0.063300 0.096747 -0.000005 0.000184 0.000028 -0.015070 0.170456 0.000060 -0.000015 -0.046841 0.074565 0.041252 -0.000122 -0.001142 0.000033 0.000064 0.076822 -0.030721 0.070212 -0.000054 0.247683 0.007936 -0.555017 -0.000135 0.074392 0.001020 0.208071 0.000061 0.032632 -0.346429
-0.326921 -0.000131 0.041356 -0.014955 -0.000046 -0.000110 -0.034665 0.128820 -0.050513 -0.018006 0.000156 -0.000102 0.000392 0.063448 0.144755 0.000255 -0.203746 -0.002181 -0.012606 -0.026403 -0.000262 0.000066 -0.000063 -0.147067 0.175641 0.000023 -0.000183 -0.066697 0.123594 -0.092292 -0.000134 -0.001858 0.000183 -0.000010 0.106148 0.007591 -0.312726 -0.000235 0.143962 -0.209869 0.312390 0.000060 0.123693 0.000440 -0.046279 0.000037 0.188052 0.103913
-0.133471 -0.000038 -0.215698 -0.018578 0.000082 -0.000040 0.095985 0.082561 0.325307 -0.047531 -0.000106 -0.000076 0.000055 -0.096009 0.092932 0.000171 -0.353796 -0.062083 0.083533 -0.118960 -0.000016 0.000118 0.000020 0.106894 0.145973 0.000123 -0.000247 -0.274865 0.079777 -0.168613 -0.000019 -0.001478 0.000010 0.000092 -0.223902 0.171819 -0.130756 0.000208 0.524265 -0.088805 0.012826 -0.000004 0.080190 0.001201 0.077607 0.000041 -0.166205 -0.113183
-0.060513 -0.000133 -0.177040 -0.338008 -0.000089 -0.000028 0.334396 0.091080 -0.183669 0.023858 -0.000184 -0.000177 -0.000027 -0.004788 0.103092 -0.000085 0.075775 0.328210 0.034424 -0.150914 -0.000165 0.000372 0.000019 0.248163 0.071325 -0.000068 0.000208 0.251159 0.086665 0.061419 -0.000208 -0.001225 -0.000073 0.000212 -0.030587 -0.054586 -0.181071 -0.000040 -0.284749 -0.169564 -0.274479 -0.000055 0.087472 0.000779 -0.096082 0.000040 -0.032489 0.295611
-0.005771 0.000010 -0.269568 -0.086315 -0.000132 -0.000257 0.157484 0.039285 -0.048777 0.062184 -0.000083 -0.000258 -0.000077 -0.061478 0.047211 0.000070 0.278637 0.026310 0.217485 -0.130874 -0.000201 0.000166 -0.000055 0.116045 0.064197 -0.000024 -0.000055 -0.228974 0.036118 0.031214 0.000122 -0.001705 -0.000064 -0.000218 -0.126861 -0.185152 0.221320 -0.000125 -0.326348 -0.027296 0.207583 0.000082 0.036553 0.000929 0.227767 0.000085 0.078639 0.075561
-0.041381 0.000129 0.073083 0.011237 -0.000092 -0.000408 -0.054542 0.015729 0.088886 0.088745 0.000124 0.000063 0.000053 -0.130776 0.018857 -0.000145 -0.106009 0.010647 0.032603 0.160744 0.000058 -0.000043 0.000050 -0.015455 -0.131871 -0.000167 0.000227 -0.175268 0.015195 -0.128915 -0.000254 -0.001680 -0.000124 -0.000174 -0.080495 0.082293 0.121755 0.000263 -0.448864 -0.029157 0.087630 0.000135 0.015673 0.000488 0.221472 -0.000159 0.182370 0.210615
-0.117090 0.000118 0.080919 -0.016933 0.000119 -0.000131 -0.169728 0.073970 0.084566 0.044971 -0.000213 0.000002 0.000137 -0.186825 0.084406 -0.000007 -0.103020 -0.223450 0.042399 -0.333391 0.000064 0.000065 0.000033 0.201761 0.096287 0.000095 -0.000126 -0.105152 0.071203 0.250450 -0.000188 -0.001726 -0.000382 0.000173 -0.181469 -0.226337 0.001533 0.000163 0.002548 0.113168 0.078278 -0.000195 0.072012 0.000753 0.298682 -0.000157 0.307264 0.051581
-0.111219 0.000020 0.026826 0.098762 -0.000125 -0.000276 -0.050361 0.046385 -0.278217 0.430576 0.000173 -0.000120 0.000031 0.300845 0.054187 -0.000017 -0.296526 -0.356615 -0.074924 -0.369336 -0.000323 0.000174 0.000017 -0.035115 -0.083105 -0.000090 -0.000111 0.111783 0.044661 -0.143130 -0.000041 -0.001803 -0.000168 -0.000201 -0.212426 0.141619 -0.053360 0.000378 0.147278 0.468473 0.137784 0.000023 0.045356 0.000755 0.078808 -0.000002 0.025826 0.002266
-0.045340 0.000425 -0.001183 -0.185783 0.000121 0.000066 -0.015863 0.064487 0.450288 0.047224 0.000190 -0.000084 0.000168 -0.033852 0.074254 -0.000118 0.017249 -0.043275 0.021598 0.009559 0.000072 0.000005 -0.000027 -0.284890 -0.074486 0.000027 -0.000162 0.239080 0.061025 0.325006 0.000129 -0.000862 -0.000206 0.000026 0.015345 0.060590 -0.172856 0.000169 -0.227038 0.076425 -0.016776 0.000008 0.060187 0.000815 -0.166030 0.000137 -0.024946 0.314267
0.195888 0.000052 0.209400 -0.589279 0.000083 0.000228 0.224014 0.089203 -0.007390 0.045758 0.000034 -0.000032 0.000041 -0.287776 0.103333 -0.000015 0.157001 0.098998 -0.420060 0.182284 -0.000287 -0.000007 0.000020 0.273115 0.070651 0.000176 0.000268 -0.035553 0.085959 -0.080851 -0.000329 -0.001276 -0.000252 -0.000205 -0.081560 0.001655 0.050075 -0.000052 0.199700 -0.483847 -0.126113 -0.000210 0.086284 0.000690 -0.532684 -0.000064 -0.030470 0.059309
0.269180 -0.000023 0.097115 0.003984 -0.000054 0.000072 0.104972 0.033619 -0.300579 0.618712 0.000134 0.000052 0.000142 -0.165812 0.040933 0.000064 -0.175060 -0.007521 -0.027148 -0.043302 0.000269 -0.000034 -0.000043 0.065506 -0.068532 -0.000226 -0.000042 0.022688 0.031201 0.319247 0.000155 -0.001598 -0.000101 -0.000086 0.067185 -0.030766 0.369001 0.000355 -0.116705 -0.238359 -0.011659 -0.000086 0.032439 0.000010 -0.091402 -0.000049 -0.439521 0.217762
-0.174816 0.000234 -0.078635 -0.031261 0.000123 0.000112 0.107423 0.022783 -0.577993 0.009107 0.000131 0.000121 0.000239 -0.004968 0.026875 0.000027 -0.191145 -0.069319 0.114192 -0.024653 0.000168 0.000076 0.000140 0.246816 0.056684 -0.000207 0.000062 0.012297 0.022078 0.322175 -0.000231 -0.001335 0.000254 -0.000052 -0.052520 0.223375 0.043784 0.000232 -0.042156 -0.041653 0.094774 -0.000110 0.022611 -0.000255 -0.006724 0.000067 -0.459966 0.162792
0.025853 -0.000133 -0.092783 -0.034590 0.000082 0.000114 -0.034604 0.070115 -0.109890 -0.095905 0.000047 0.000188 -0.000103 0.157976 0.079925 -0.000114 -0.450727 -0.341761 0.105106 0.171904 -0.000111 0.000192 0.000006 0.342242 -0.100011 -0.000021 -0.000100 -0.051782 0.067428 -0.207954 0.000066 -0.000816 -0.000286 -0.000084 -0.120608 -0.124382 -0.029549 0.000039 -0.063351 0.202432 0.126706 0.000182 0.067996 0.000557 -0.286150 -0.000109 -0.129501 -0.059678
-0.126076 0.000184 -0.087137 -0.006244 0.000056 0.000049 0.062127 0.100507 0.004998 -0.141714 -0.000044 0.000032 -0.000010 0.054166 0.114810 -0.000100 0.044420 -0.126645 0.064665 0.239699 -0.000062 0.000129 -0.000004 -0.009343 -0.251228 0.000107 0.000121 -0.270791 0.096106 0.157804 0.000043 -0.001644 -0.000311 0.000082 0.193179 0.324234 0.185534 0.000099 -0.319574 0.104582 -0.123158 -0.000045 0.096535 0.000826 0.078183 -0.000207 -0.023608 0.040524
0.034512 0.000043 0.217690 -0.086060 0.000189 0.000183 -0.091337 0.139907 -0.184061 -0.427649 0.000082 0.000052 0.000059 0.016748 0.158853 -0.000102 0.167460 0.197076 -0.009885 0.043047 0.000491 0.000280 -0.000094 -0.192829 0.039841 0.000049 -0.000051 -0.481720 0.133082 -0.054593 0.000016 -0.001309 -0.000305 -0.000269 -0.011542 -0.004988 -0.015890 0.000095 0.087445 -0.121505 -0.016587 0.000067 0.134795 0.001183 -0.165552 -0.000084 0.179610 0.117106
0.178179 -0.000161 0.181796 -0.057535 0.000215 -0.000025 0.047436 0.092044 -0.055824 -0.212058 -0.000037 -0.000093 -0.000097 -0.284685 0.105671 0.000024 0.199288 -0.025233 0.041653 -0.153600 0.000606 0.000048 -0.000020 -0.111456 0.031120 -0.000072 0.000040 0.135087 0.086325 0.058479 0.000090 -0.000940 -0.000144 -0.000396 -0.018078 0.070254 0.048306 0.000135 -0.015256 -0.015467 0.346717 -0.000002 0.087311 -0.000429 0.439761 -0.000180 0.267442 -0.063345
0.222532 0.000071 -0.198330 0.241685 -0.000093 -0.000069 0.559680 0.100270 0.558887 0.337131 -0.000064 0.000259 0.000187 -0.223709 0.115010 0.000042 0.023296 0.049810 -0.126818 -0.558013 0.000325 0.000236 -0.000004 -0.413009 -0.178446 0.000341 -0.000054 -0.018381 0.095203 0.047639 0.000082 -0.001652 0.000003 -0.000017 0.040856 0.250219 -0.249826 0.000247 -0.024261 -0.105552 0.121377 -0.000069 0.096904 0.001131 -0.259639 -0.000023 0.316034 0.043606
0.046144 0.000199 0.057873 0.137867 0.000065 -0.000013 0.073645 0.038476 -0.032331 0.221136 -0.000055 -0.000011 -0.000088 0.090434 0.046056 -0.000002 0.228335 0.371424 0.073605 -0.015049 -0.000469 0.000210 0.000017 0.174850 0.138815 -0.000108 -0.000149 0.148399 0.036728 -0.140252 -0.000186 -0.002935 -0.000019 0.000168 -0.001529 0.151320 -0.077559 -0.000912 0.389702 -0.115154 -0.246658 -0.000312 0.036891 0.000682 -0.039579 0.000001 -0.127544 -0.296093
0.258460 -0.000194 -0.104874 -0.309222 0.000064 0.000043 -0.172256 0.077885 -0.303006 0.005794 -0.000224 -0.000172 -0.000072 0.214466 0.091543 0.000111 0.361301 -0.519937 0.129444 0.294827 -0.000440 0.000081 -0.000036 0.584888 -0.009762 -0.000093 0.000182 0.194303 0.073786 -0.017127 0.000076 -0.003272 0.000057 -0.000084 -0.015384 0.068180 0.002087 0.000333 0.161989 0.364864 -0.031977 0.000009 0.074218 0.000377 0.212417 -0.000039 -0.457703 -0.134807
-0.025369 0.000031 -0.045551 0.024511 0.000121 0.000065 -0.104909 0.069357 0.090421 -0.154667 0.000051 0.000086 -0.000036 0.406781 0.079890 0.000128 -0.730764 0.199685 -0.242524 -0.291427 -0.000478 0.000274 0.000035 0.296703 0.062942 0.000082 -0.000174 -0.271690 0.066790 0.126322 0.000130 -0.002234 -0.000149 0.000040 -0.103342 -0.292332 0.107617 0.000263 -0.210930 -0.183795 0.032494 -0.000208 0.066813 0.000791 -0.176516 0.000098 0.131123 0.200420
0.097740 -0.000120 0.183447 0.022334 0.000122 0.000086 -0.020832 0.003729 0.023254 -0.287025 -0.000082 0.000066 0.000108 0.008449 0.003833 -0.000008 0.113571 -0.184235 -0.113726 0.088203 -0.000013 0.000185 -0.000044 0.057465 0.059949 0.000092 0.000297 0.059114 0.003727 0.153811 -0.000102 -0.003241 -0.000408 -0.000254 -0.298193 0.196123 0.259805 -0.000299 -0.267324 -0.073137 -0.116660 0.000050 0.003762 0.000665 -0.149916 -0.000064 0.472266 -0.025365
0.222997 -0.000248 -0.130776 0.176399 -0.000127 0.000087 -0.107006 0.026212 0.141332 -0.030832 -0.000054 0.000180 0.000062 -0.015534 0.031425 0.000012 0.001789 -0.057736 0.001853 0.253017 -0.000264 -0.000154 0.000042 -0.127023 -0.095279 -0.000078 0.000024 0.356659 0.025381 -0.000829 -0.000154 -0.001692 -0.000197 -0.000012 0.205798 -0.287478 0.003589 -0.000597 0.296612 0.107194 0.179187 0.000108 0.026070 0.000300 -0.089743 0.000038 0.154667 0.025798
0.028147 -0.000091 -0.156458 -0.113057 -0.000087 -0.000094 0.322702 0.073448 0.113306 -0.578020 0.000100 0.000252 -0.000111 0.191509 0.084104 0.000106 -0.091566 -0.070421 0.417099 -0.226233 0.000542 -0.000317 0.000075 -0.080159 0.196706 0.000259 0.000127 0.293746 0.071669 0.111747 0.000066 -0.003010 0.000119 0.000044 -0.079675 -0.085631 0.202553 -0.001179 0.080424 0.115902 -0.056832 -0.000162 0.071476 0.000446 -0.071441 0.000011 0.100025 0.207690
-0.142680 -0.000033 -0.002735 -0.041728 -0.000081 -0.000047 0.271648 0.037147 0.019318 0.311652 -0.000109 0.000024 -0.000023 -0.076331 0.048899 -0.000041 0.212962 -0.096839 -0.242232 0.132064 -0.000075 -0.000128 0.000136 -0.447907 -0.041125 -0.000081 0.000144 0.177267 0.034885 -0.050647 -0.000058 -0.001967 0.000174 0.000050 -0.109988 0.169372 0.124805 -0.000051 0.236434 0.165770 -0.004966 -0.000260 0.036051 -0.000259 -0.283305 -0.000299 0.308724 0.099565
-0.115671 -0.000014 0.004197 0.125064 -0.000217 -0.000161 0.006446 0.076338 0.005433 0.454386 0.000113 0.000119 -0.000077 0.030432 0.090345 0.000022 0.223035 -0.176213 0.111644 -0.060195 0.000377 0.000143 -0.000006 0.347668 0.389035 0.000006 0.000060 -0.087842 0.073871 0.007671 -0.000106 -0.001645 -0.000217 0.000006 -0.044236 0.299187 -0.545969 -0.000334 -0.096221 -0.157112 -0.558657 0.000136 0.073205 0.000571 0.244915 -0.000004 -0.021355 -0.039623
0.129875 0.000016 -0.040426 0.160310 0.000105 -0.000007 -0.089033 0.094120 -0.205511 0.088300 -0.000241 -0.000086 -0.000056 0.510774 0.106398 -0.000002 -0.139402 0.119155 0.041028 -0.293393 -0.000334 0.000059 0.000041 0.128038 0.047834 0.000309 -0.000060 0.103517 0.090169 -0.095581 -0.000040 -0.001991 -0.000088 0.000370 -0.132785 0.112655 0.098993 -0.000106 -0.067282 0.278511 -0.377097 -0.000315 0.089933 0.001144 0.019932 0.000020 0.030508 0.362363
-0.171544 0.000226 0.534378 0.068856 0.000057 -0.000029 0.116822 0.063611 -0.106839 0.313475 -0.000023 0.000161 0.000155 0.296463 0.074804 0.000040 0.014028 -0.028150 -0.084022 0.042523 0.000115 0.000222 -0.000007 0.127641 -0.049260 0.000193 -0.000018 0.006106 0.061478 -0.205694 -0.000019 -0.001390 -0.000271 0.000164 0.118170 -0.179473 0.243152 -0.000111 -0.102398 0.024415 -0.008643 0.000096 0.062026 0.000906 -0.203178 0.000018 -0.290624 0.081582
-0.028356 0.000081 -0.276369 -0.012335 0.000123 -0.000096 -0.114139 0.034246 0.112927 0.051773 0.000180 0.000202 0.000089 -0.118984 0.038684 0.000040 0.088386 -0.446511 -0.148579 -0.029789 -0.000287 0.000068 0.000002 0.326932 0.095746 -0.000034 -0.000115 0.156988 0.032873 0.172546 -0.000120 -0.000994 -0.000047 -0.000047 0.119157 0.144090 -0.158025 0.000164 -0.007116 0.192798 -0.063559 -0.000062 0.032987 0.000922 -0.296087 0.000182 0.360017 0.091758
-0.200342 0.000041 -0.262436 -0.001363 0.000051 -0.000063 0.286354 0.064806 0.035121 -0.053802 0.000064 0.000054 -0.000162 -0.111112 0.072419 -0.000103 0.019313 -0.375554 0.212837 0.366858 0.000118 -0.000186 0.000048 0.104958 0.049196 -0.000193 0.000045 -0.202233 0.062486 -0.005172 0.000027 -0.001661 -0.000308 -0.000089 0.453612 0.017808 -0.023244 0.000094 -0.068673 0.028287 0.155223 -0.000199 0.062467 -0.000107 -0.249905 0.000048 0.172587 0.199619
-0.083168 0.000012 0.053505 -0.031610 -0.000083 -0.000074 -0.030441 0.063626 0.009948 -0.338973 -0.000198 -0.000030 0.000002 -0.072440 0.073484 -0.000073 -0.032769 -0.030836 0.129570 -0.116842 0.000124 0.000211 0.000056 -0.160151 -0.219014 0.000071 0.000303 0.325633 0.061322 0.041925 -0.000294 -0.001414 0.000142 -0.000018 0.198966 0.043092 0.136175 0.000238 0.339235 0.252637 0.155411 -0.000161 0.061594 0.000421 -0.013271 -0.000272 -0.050941 -0.089289
-0.044690 0.000169 0.039699 0.112890 -0.000056 -0.000210 -0.185569 0.015392 -0.183116 0.049141 -0.000328 0.000298 0.000096 0.389344 0.019133 0.000095 -0.168476 0.183397 -0.072109 -0.313730 0.000180 0.000132 0.000050 -0.527226 0.154007 -0.000016 -0.000101 0.092516 0.014598 0.071206 -0.000329 -0.001365 0.000070 0.000136 -0.024738 -0.130586 0.094308 0.000005 -0.138125 0.094781 0.097775 -0.000030 0.015217 0.000456 0.118364 0.000002 0.142721 0.496778
0.063090 -0.000236 0.139288 -0.044326 -0.000067 -0.000166 -0.070375 0.054312 0.089094 -0.101499 0.000012 0.000044 0.000202 -0.177684 0.065354 0.000006 0.011081 0.293708 0.205319 0.179080 0.000001 -0.000155 0.000010 -0.103140 -0.136130 0.000081 -0.000173 0.096538 0.050625 -0.232433 -0.000383 -0.003522 0.000208 0.000051 -0.129450 -0.078038 0.035379 -0.001335 0.241838 -0.194132 0.032401 0.000204 0.051789 0.000644 0.383131 -0.000004 0.066021 -0.036808
0.163370 0.000067 0.069404 0.063466 -0.000191 0.000082 0.099867 0.061888 -0.466941 0.276968 -0.000221 0.000112 0.000110 -0.436947 0.072199 0.000031 0.020713 0.482225 -0.031192 -0.091041 -0.000011 0.000149 0.000031 -0.087981 0.073543 0.000135 0.000239 -0.152838 0.059175 0.330662 0.000178 -0.001695 0.000020 -0.000066 -0.143008 0.032434 0.021090 0.000344 -0.014927 -0.035475 0.139815 0.000022 0.059159 0.000437 -0.301589 -0.000083 0.103167 0.102146
0.079086 0.000175 0.151546 0.146909 0.000029 -0.000060 0.095727 0.074141 0.146010 0.296221 -0.000042 0.000249 0.000324 -0.065021 0.088950 -0.000006 0.076512 -0.427462 0.109177 -0.032778 -0.000204 -0.000009 0.000004 0.109400 -0.004879 0.000131 0.000085 -0.135450 0.071774 -0.008289 0.000152 -0.002893 0.000113 0.000075 0.163313 0.238561 -0.015173 -0.000374 -0.157327 -0.146954 -0.011320 -0.000100 0.071583 -0.000091 -0.093738 0.000119 -0.304591 -0.049690
-0.032719 0.000302 0.016753 -0.351099 -0.000127 0.000120 0.414419 0.079788 0.064041 0.016133 0.000014 -0.000189 0.000192 0.076805 0.090980 0.000241 -0.157637 0.024061 0.012706 0.027797 -0.000086 -0.000043 0.000036 -0.074316 0.278411 0.000067 0.000005 0.014021 0.075776 -0.352449 -0.000026 -0.002089 -0.000167 -0.000017 0.389916 0.025546 -0.003597 -0.000477 -0.067482 0.062711 -0.210533 -0.000218 0.076965 -0.000099 -0.142037 -0.000160 -0.506916 0.073602
0.058957 -0.000295 -0.878988 -0.062426 0.000075 -0.000064 0.080528 0.037132 -0.281895 -0.258543 0.000049 -0.000056 -0.000055 0.191693 0.046684 -0.000081 0.358340 -0.176223 0.409301 -0.323929 0.000515 0.000128 0.000003 0.355192 -0.002332 0.000183 -0.000151 -0.122014 0.035110 -0.075193 0.000152 -0.001152 0.000095 -0.000203 0.039953 0.261871 0.154632 -0.000250 0.012573 0.105921 0.108898 -0.000240 0.036181 0.000403 -0.140174 0.000133 0.200140 0.089308
0.137031 0.000075 0.131608 -0.023674 0.000119 0.000034 0.219727 0.069002 -0.191485 -0.103814 0.000006 -0.000085 0.000109 0.109528 0.079340 0.000305 0.107218 -0.039287 0.102408 -0.064239 -0.000293 0.000061 0.000045 -0.458790 -0.164848 -0.000055 -0.000118 0.119880 0.066292 0.245126 -0.000004 -0.001563 -0.000233 0.000041 0.131012 0.242722 0.040783 0.000111 0.111440 -0.066589 0.142871 0.000237 0.065928 0.000840 0.026827 0.000004 0.067384 -0.086901
0.045064 -0.000131 0.233074 0.020940 -0.000055 0.000056 -0.200980 0.061394 -0.138019 -0.470725 0.000137 -0.000013 -0.000044 -0.324879 0.072074 -0.000039 0.102589 -0.294755 0.364252 0.096927 -0.000079 -0.000096 -0.000065 0.052036 -0.015445 0.000017 0.000057 -0.047403 0.059094 -0.070625 -0.000094 -0.000936 0.000200 0.000183 -0.001500 0.347864 0.182035 0.000231 -0.087848 -0.178767 0.076993 -0.000185 0.059616 0.000994 0.478865 0.000182 0.050709 -0.059439
-0.078896 0.000076 -0.264166 -0.466007 0.000075 -0.000055 -0.227361 0.073467 0.189965 -0.082903 -0.000036 0.000095 -0.000070 0.216705 0.086113 0.000077 0.072063 -0.002909 0.021817 -0.085204 -0.000050 0.000264 -0.000063 -0.100292 -0.018991 -0.000015 -0.000058 -0.071413 0.071353 -0.079347 -0.000078 -0.001158 -0.000059 -0.000056 -0.046706 0.284317 -0.122254 0.000028 -0.175154 0.081056 0.069648 0.000244 0.071807 0.000723 0.111112 -0.000280 0.040233 0.086841
0.116461 0.000199 0.340869 0.066617 0.000087 0.000047 0.484889 0.085557 0.265592 0.106522 0.000084 0.000022 0.000021 -0.430329 0.098210 -0.000162 -0.051755 0.110895 -0.334781 -0.043441 -0.000001 0.000186 -0.000028 -0.246404 -0.132616 -0.000024 0.000383 -0.283402 0.081913 -0.104456 -0.000172 -0.001780 -0.000134 -0.000256 0.005916 0.031558 -0.063992 0.000212 -0.093449 0.042287 -0.188224 -0.000151 0.082413 -0.000113 -0.019440 -0.000143 0.074735 0.206111
0.082055 -0.000013 -0.027924 -0.135646 0.000182 -0.000013 -0.113171 0.061859 0.101002 0.076804 0.000018 0.000144 0.000359 0.025260 0.069586 0.000063 -0.066283 0.311814 0.228867 -0.062906 -0.000091 0.000326 0.000135 -0.133937 -0.263775 0.000104 0.000093 -0.586526 0.059545 0.420924 0.000046 -0.001798 0.000374 -0.000085 -0.106187 -0.412020 -0.056255 0.000188 0.283117 -0.426089 -0.030180 -0.000115 0.059939 0.000087 -0.179833 -0.000118 0.019141 -0.187529
0.305651 0.000203 0.108227 0.237721 0.000126 -0.000067 0.143368 0.078639 0.056550 0.208761 0.000038 -0.000033 0.000335 0.008118 0.088475 -0.000022 -0.046506 0.269377 0.147615 0.034434 0.000695 0.000132 -0.000077 0.113059 -0.650176 0.000004 0.000023 0.038445 0.076299 0.117640 0.000144 -0.002121 0.000132 0.000087 0.086952 -0.326888 0.309499 0.000325 -0.159770 -0.314377 -0.011159 -0.000121 0.076400 0.000381 0.323873 0.000122 0.097116 -0.408036
0.064380 0.000094 0.104284 -0.248909 0.000206 0.000100 -0.203075 0.102793 0.020540 -0.087386 0.000159 0.000090 -0.000071 0.244000 0.116250 0.000049 0.127772 0.131869 0.093495 -0.192328 -0.000019 0.000308 -0.000043 0.117366 -0.089473 -0.000079 -0.000026 -0.294599 0.099247 0.144947 -0.000054 -0.000941 -0.000459 0.000004 0.046073 -0.092682 0.060264 0.000420 -0.045746 0.046535 -0.166639 0.000066 0.098973 0.000474 -0.277781 0.000055 -0.065193 0.137091
0.295560 -0.000093 -0.110822 -0.216851 0.000040 0.000017 0.183239 0.041595 0.138670 0.019625 0.000025 -0.000021 0.000102 0.534523 0.046897 0.000190 0.050514 0.042971 -0.489237 0.249847 -0.000022 0.000101 0.000080 0.114763 -0.454529 0.000000 0.000158 -0.279012 0.039095 0.005730 -0.000284 -0.001317 -0.000155 -0.000002 -0.211287 -0.206256 0.186401 -0.000231 0.033834 -0.120129 0.102864 0.000058 0.040320 0.001258 -0.108613 -0.000388 0.045029 -0.309743
-0.478531 -0.000015 -0.024592 0.277774 -0.000133 -0.000118 0.009285 0.019313 -0.272229 0.125031 0.000089 -0.000039 -0.000051 0.163720 0.023948 0.000136 0.012552 0.235150 0.112789 0.163540 0.000201 0.000333 0.000021 0.105066 0.003218 0.000120 0.000063 -0.091875 0.018017 0.216221 -0.000040 -0.000425 0.000123 -0.000147 0.197703 0.226661 -0.045812 0.000076 -0.179574 0.277590 0.319235 -0.000128 0.018697 0.000676 -0.323156 0.000016 -0.342065 0.016553
-0.009703 -0.000077 0.000165 -0.294532 0.000081 -0.000271 0.184494 0.040502 0.112437 -0.279311 -0.000064 0.000017 -0.000034 0.107213 0.045914 -0.000062 -0.276272 -0.082457 -0.032331 -0.121461 -0.000028 -0.000048 0.000027 -0.307873 -0.079311 0.000218 0.000081 0.242780 0.038578 0.033489 0.000193 -0.001785 -0.000232 -0.000004 0.152714 -0.188401 -0.049990 0.000367 0.094174 -0.049705 0.167873 0.000090 0.038961 0.000104 0.074584 -0.000134 -0.034750 0.010447
-0.126072 0.000080 0.246542 0.013834 0.000120 0.000043 0.102482 0.047694 0.118276 -0.352017 0.000033 -0.000250 -0.000056 -0.094127 0.057560 0.000087 -0.172630 -0.312080 0.389006 -0.121720 0.000830 -0.000038 0.000015 -0.001359 0.134046 -0.000132 0.000366 0.133938 0.046219 0.013484 -0.000027 -0.001435 -0.000099 -0.000029 -0.037824 0.038407 0.017901 0.000251 0.004324 -0.040484 0.102423 -0.000201 0.046230 0.000461 0.137763 -0.000280 -0.085417 -0.090331
-0.032949 -0.000020 0.115886 -0.305566 -0.000213 -0.000283 -0.116084 0.057447 0.395227 -0.018881 0.000197 0.000122 -0.000102 -0.292272 0.065785 -0.000114 -0.030625 0.084752 -0.028990 -0.067834 -0.000228 0.000277 0.000023 0.063852 0.134728 0.000115 -0.000168 0.193762 0.054675 -0.050351 -0.000086 -0.001431 -0.000167 -0.000070 -0.187695 -0.354472 0.174729 0.000222 0.020869 -0.261387 -0.167316 -0.000072 0.055377 0.000724 0.307476 -0.000161 0.213174 0.110017
0.069961 0.000023 -0.028198 -0.226224 -0.000053 0.000077 -0.214014 0.138138 0.073409 0.171119 0.000020 0.000193 -0.000170 0.145551 0.156427 0.000017 0.124296 0.492068 -0.005955 -0.066067 -0.000276 0.000187 0.000004 0.014029 0.154947 0.000037 0.000021 -0.277396 0.130774 -0.167475 -0.000111 -0.002126 -0.000043 0.000013 -0.026961 -0.106101 -0.392355 0.000118 -0.211376 0.247458 0.174781 0.000065 0.131618 0.000631 -0.032863 0.000272 -0.128782 0.284634
0.045021 -0.000185 -0.321638 -0.010066 0.000125 -0.000178 -0.145928 0.098707 0.150664 0.164767 -0.000058 0.000031 -0.000099 -0.023418 0.113558 -0.000140 -0.010971 0.124218 -0.212117 0.347513 -0.000208 0.000158 0.000141 0.007289 0.039505 0.000003 0.000018 -0.196679 0.095822 0.005712 -0.000270 -0.001971 -0.000017 0.000187 -0.108017 -0.011917 -0.272286 0.000316 -0.015209 0.018666 -0.158919 -0.000019 0.095479 0.000777 0.139483 -0.000167 0.123452 0.216543
-0.089374 0.000056 -0.038924 -0.405183 -0.000069 -0.000174 0.121611 0.105739 -0.626964 -0.055172 -0.000107 -0.000088 -0.000090 -0.000563 0.122890 -0.000130 0.019101 0.019639 0.066524 -0.284668 0.000013 -0.000085 -0.000024 0.077017 -0.351372 -0.000057 0.000141 0.182887 0.102846 0.000250 -0.000205 -0.001565 0.000126 -0.000098 0.332601 0.058796 0.272770 0.000290 0.167819 0.106751 0.033466 -0.000053 0.102657 0.000521 -0.052258 -0.000030 -0.093691 0.624112
0.127788 -0.000144 0.159525 0.016323 -0.000092 -0.000018 -0.234435 0.061482 0.044585 -0.047268 0.000005 -0.000048 0.000240 -0.106916 0.070923 -0.000051 0.304945 -0.131335 -0.026529 -0.707533 0.000532 0.000290 0.000057 0.252100 -0.006939 0.000144 0.000007 -0.073464 0.058703 -0.270990 0.000169 -0.000740 0.000179 0.000089 -0.279190 0.210201 0.487046 0.000114 0.121728 0.192485 0.052038 -0.000068 0.057973 -0.000093 -0.078997 0.000067 0.434853 -0.021719
-0.264999 -0.000012 0.511069 -0.094060 -0.000190 0.000105 -0.059073 0.056848 0.111220 -0.091891 0.000053 0.000032 -0.000185 -0.202742 0.066152 0.000043 0.358241 0.170981 -0.097691 0.024658 -0.000213 0.000077 0.000044 0.011665 -0.032973 -0.000026 0.000141 0.085561 0.054338 -0.237374 -0.000288 -0.001252 -0.000104 0.000154 0.205470 0.187946 0.102917 0.000273 0.023791 0.671129 0.377445 0.000144 0.055207 0.000817 -0.399431 -0.000043 0.038289 -0.018276
