5.578876
-0.017366
-0.020635
0.000382
0.004318
0.005909
-0.031081
-0.000563
0.002098
-0.006799
2.133213
-0.017140
-0.002724
-0.015882
-0.000658
0.000468
0.009776
1.943693
-0.000152
-0.000300
0.013294
1.194760
0.001686
-0.000835
-0.006217
-0.501834
0.001142
-0.000065
0.000144
-0.004680
0.003853
-0.332690
-0.008992
8.773425
-0.013490
-0.021380
0.002987
-0.000315
-0.032947
-0.007041
0.013608
0.005080
-0.000866
-0.010182
0.010265
-0.005101
0.006279
6.915742
-0.000528
0.443113
-0.017076
1.978356
0.000495
0.000376
7.949199
0.001174
0.020363
-0.003821
-0.007597
0.020124
-0.006438
-0.000155
0.000180
-0.000030
-0.000083
-0.000005
-0.000603
0.000279
-0.005029
-0.003257
-0.004198
0.003351
0.004420
0.021254
0.019049
0.007859
-0.023690
0.002950
-0.030005
1.494732
5.142374
-0.000415
0.000296
-0.442353
-0.000018
2.639288
-0.014826
-0.005538
-0.000770
0.002585
0.000722
3.048716
-0.005745
-0.000408
6.944691
0.000573
0.001178
-0.002621
-0.214612
-0.005451
-0.009766
-0.029744
6.176136
0.000148
-0.000062
0.000084
6.017826
0.001034
-0.000076
-0.007785
7.185660
-0.004475
0.000683
-0.009032
0.000210
6.797051
