0.000768
-0.000347
-0.001971
-0.108673
-0.680230
-0.060025
-0.000928
-0.321347
-0.014825
-0.288768
-0.396573
-0.001422
-0.002034
-0.502601
-0.010815
-0.002727
-0.347581
-0.176306
-0.767784
-0.003583
-0.763043
-0.060906
-0.076800
-0.119888
-0.009980
-0.012185
-0.000315
1.217288
-0.002253
-0.008862
-0.202793
-0.569346
-0.007050
0.142950
-0.001319
-0.002664
0.000113
-0.000566
-0.092215
-0.003595
-0.011634
-0.007477
0.022538
-0.395585
-0.011825
-0.307382
1.316983
-0.593012
0.127691
-0.018502
-0.001340
-0.001976
-0.321472
-0.525787
-0.012174
0.087885
0.151952
-0.006498
-0.160814
-0.242129
-0.002486
-0.000558
-0.004515
-0.001552
-0.011308
-0.000937
-0.000045
-0.003382
-0.000902
-0.334955
-0.979509
-0.003732
-0.006300
-0.001075
-0.003953
-0.001098
-0.000929
-0.008554
-0.001725
-0.547232
-0.014109
-0.276570
