0.068081 -0.000122 0.000352 -0.091457 0.057956 0.000014 0.277348 -0.273212 -0.323736 -0.000204 0.000085 -0.000202 0.352708 0.153272 0.562022 0.181942 -0.145872 -0.000014 0.328115 0.000224 -0.038525 -0.003847 0.346767 -0.402202 0.248365 -0.063666 -0.016486 -0.050611 0.000228 -0.001707 -0.009683 0.166370 0.118891 0.000252 0.009879 -0.445631 0.000133 -0.000292 0.000020 -0.000008 -0.000188 -0.038672 -0.000098 -0.000098 -0.000103 0.000028 -0.000751 0.090989
-0.198404 0.000001 0.000247 0.142994 0.362850 0.000039 -0.578610 0.524730 -0.016317 -0.000243 0.000003 0.000193 -0.316944 0.002733 0.187859 -0.254069 -0.296660 -0.000026 0.425706 0.000080 0.406601 -0.003977 0.112532 0.093545 0.068764 0.118451 0.431845 -0.160473 -0.000029 -0.003338 0.026769 -0.151732 0.251327 0.014235 0.011046 -0.136978 0.000005 -0.000123 -0.000075 -0.000046 0.000034 0.218649 0.000233 -0.000043 -0.000113 0.000041 0.001154 -0.691930
0.200404 -0.000025 -0.000077 0.036220 -0.103909 0.000128 0.153659 0.090288 -0.112687 -0.000054 0.000043 -0.000206 -0.440025 -0.060577 -0.307030 -0.118648 0.233926 -0.000027 0.636908 0.000086 0.099043 -0.004733 0.235920 0.068403 -0.072152 -0.249711 -0.213169 0.029325 -0.000013 -0.002367 -0.002036 -0.242706 -0.238290 0.001060 0.012336 -0.116943 0.000042 0.000047 -0.000019 0.000051 -0.000073 -0.056482 -0.000030 -0.000089 -0.000121 0.000146 0.000717 -0.080377
-0.126892 0.000055 0.000177 0.128453 0.581659 0.000028 0.345107 0.061431 0.232298 -0.000064 0.000043 0.000061 -0.512188 0.058583 0.130588 0.106267 0.370422 0.000027 0.015460 0.000019 0.171577 -0.003525 0.194002 -0.197325 0.330661 0.159312 -0.237507 -0.267317 -0.000177 -0.002223 0.112762 -0.011002 0.045739 0.075838 0.011225 0.196116 -0.000055 -0.000319 -0.000161 0.000084 -0.000087 -0.300583 -0.000103 -0.000018 -0.000332 0.000087 0.001465 -0.040800
-0.079606 0.000017 -0.000229 0.205688 0.327822 -0.000083 -0.475492 0.094061 0.101992 0.000110 0.000053 0.000006 -0.000409 -0.234582 0.321104 -0.108549 -0.173668 0.000031 -0.152811 0.000031 0.155551 -0.003313 -0.093762 0.355474 0.135178 0.053686 0.094298 -0.013055 0.000113 -0.002135 0.134141 -0.337581 -0.301662 0.098363 0.011676 0.185007 -0.000043 -0.000415 -0.000090 -0.000039 -0.000218 -0.243623 0.000018 -0.000098 -0.000059 0.000019 0.000686 -0.135544
0.209720 0.000000 0.000097 -0.240718 0.316119 0.000223 -0.207111 0.130221 0.063420 0.000128 -0.000048 -0.000041 0.033919 0.597391 -0.009752 -0.217908 0.208746 -0.000148 -0.213709 -0.000136 -0.547897 -0.003527 0.151795 0.208808 0.273406 0.459437 -0.184997 -0.062682 0.000111 -0.002390 0.064022 0.145951 -0.185184 0.041967 0.008412 -0.083396 -0.000100 -0.000378 -0.000053 -0.000081 -0.000029 0.407049 -0.000079 -0.000028 0.000125 -0.000143 0.000581 0.349133
-0.472312 -0.000026 0.000042 0.131519 0.188438 -0.000055 0.337445 -0.089946 0.217127 0.000012 -0.000002 0.000273 0.401405 -0.289639 -0.229451 0.395105 0.004578 -0.000092 0.108185 0.000004 0.025057 -0.002501 0.385890 -0.243871 0.404204 -0.091119 -0.256083 0.022263 0.000025 -0.002518 -0.000141 -0.267542 -0.070119 0.000395 0.009235 -0.039421 0.000067 -0.000439 -0.000019 0.000123 0.000034 -0.374328 -0.000096 -0.000027 0.000110 -0.000024 0.001458 0.216384
0.191337 0.000011 -0.000159 -0.716313 -0.254094 -0.000077 -0.168436 0.005975 0.342448 -0.000061 -0.000002 0.000083 -0.166637 0.205807 0.803275 -0.133543 0.188634 -0.000073 -0.335151 -0.000016 -0.011520 -0.003025 0.009596 -0.491798 0.448456 0.202306 0.295577 -0.044906 0.000152 -0.001858 0.000308 -0.652436 -0.442990 0.001250 0.009454 -0.114747 0.000055 0.000097 -0.000108 0.000040 0.000035 -0.006590 0.000136 -0.000068 0.000050 -0.000020 -0.005622 0.237261
-0.029334 -0.000002 0.000480 0.324336 -0.212790 -0.000004 0.027276 0.282158 0.162924 0.000176 0.000005 -0.000011 -0.215535 -0.121704 0.484946 0.308644 0.115632 0.000044 0.213743 0.000045 0.474188 -0.002024 -0.237557 0.031040 0.139461 -0.035552 0.351962 0.110956 0.000066 -0.002666 -0.000078 -0.228574 -0.098274 0.000933 0.010091 -0.225437 -0.000064 0.000011 -0.000091 -0.000271 -0.000037 0.205106 -0.000045 -0.000029 0.000175 -0.000058 -0.006032 -0.388490
-0.008726 0.000088 0.000389 0.175589 -0.698375 -0.000005 -0.261241 0.262869 -0.010522 -0.000255 -0.000105 -0.000045 -0.294804 0.428686 -0.326435 -0.357832 -0.015868 -0.000139 -0.122019 0.000069 0.073911 -0.002497 0.283816 0.543552 0.261837 -0.175426 0.266007 -0.108203 -0.000009 -0.002078 -0.011177 -0.000641 0.690740 -0.002571 0.010001 0.055425 0.000009 0.000030 0.000070 -0.000106 -0.000027 0.182421 0.000120 -0.000033 -0.000060 -0.000204 -0.007195 -0.533364
-0.115755 0.000031 0.000353 -0.081482 -0.061371 -0.000058 -0.014465 0.266897 0.133613 -0.000003 -0.000081 0.000156 0.135564 0.078562 -0.056884 -0.025196 -0.566742 0.000115 0.081719 0.000051 0.077703 0.000964 -0.326143 0.122206 0.296951 0.116037 0.017251 0.474349 0.000056 -0.002111 0.000484 -0.688104 0.300983 0.000646 0.008585 0.032638 0.000090 0.000135 0.000080 0.000163 -0.000080 -0.069000 -0.000008 -0.000039 -0.000152 -0.000290 -0.004312 -0.093443
-0.080977 0.000289 -0.000196 -0.189573 -0.001613 -0.000176 -0.195664 0.003034 0.151181 -0.000165 0.000016 0.000081 -0.041450 -0.353607 0.106338 -0.361824 0.307415 0.000034 0.327452 0.000257 -0.195242 -0.001577 -0.330079 -0.006428 0.050095 0.019856 0.239946 0.012518 0.000052 -0.003389 0.029142 -0.188705 0.077636 0.014763 0.008353 0.113450 0.000034 -0.000036 0.000084 -0.000052 0.000036 0.158349 0.000007 -0.000111 -0.000044 -0.000006 -0.002375 -0.449998
0.006788 0.000078 0.000350 0.344954 -0.263155 -0.000072 -0.051615 0.288266 -0.128528 0.000046 0.000006 0.000046 0.454155 -0.575194 -0.034543 -0.780092 0.627224 -0.000104 0.129881 0.000079 -0.128459 -0.001214 -0.296027 -0.002473 0.095925 0.003617 0.342006 0.313079 0.000023 -0.002740 -0.020703 0.280137 0.359244 -0.005916 0.010391 -0.130540 -0.000020 -0.000085 -0.000004 -0.000116 -0.000016 -0.157629 0.000116 -0.000000 0.000059 -0.000043 0.000673 0.003710
0.189954 0.000113 0.000559 -0.251816 0.373991 -0.000144 -0.206428 0.032344 0.127499 0.000135 0.000108 0.000121 0.190886 -0.732563 0.164114 -0.006271 0.250446 -0.000068 0.069590 -0.000080 -0.200397 -0.000853 -0.545926 0.355793 0.048192 -0.110857 -0.229405 0.050826 -0.000052 -0.004099 -0.036919 -0.036772 -0.053245 -0.011932 0.010084 -0.261889 0.000130 -0.000142 0.000068 -0.000049 -0.000044 -0.110327 -0.000015 -0.000168 0.000080 -0.000051 0.001728 0.116498
0.024785 0.000018 -0.000225 -0.006882 0.036625 -0.000108 -0.004043 -0.010333 -0.059396 0.000068 0.000043 -0.000231 -0.306592 -0.020085 -0.146504 0.843416 0.397479 0.000015 -0.011433 -0.000241 -0.688314 -0.002891 -0.165265 -0.077825 0.259292 -0.704261 -0.207211 -0.051322 0.000114 -0.003025 -0.002542 -0.279240 -0.033019 -0.001227 0.009666 0.039184 -0.000040 -0.000067 -0.000087 0.000081 -0.000154 -0.140947 0.000060 0.000169 -0.000197 -0.000088 0.001867 -0.010163
-0.198361 -0.000034 0.000075 0.449852 0.063940 -0.000004 -0.074421 -0.337528 -0.052486 -0.000105 0.000032 0.000384 -0.208462 -0.035426 -0.338244 0.429553 0.374403 0.000012 0.056357 -0.000073 -0.316987 -0.003247 -0.504604 -0.322167 -0.150921 -0.107230 0.105368 0.095625 0.000070 -0.003340 0.070444 0.341054 0.137777 0.045699 0.008936 -0.188211 -0.000008 0.000021 0.000150 0.000032 -0.000159 0.516482 -0.000068 0.000105 0.000143 0.000023 0.001660 0.084742
-0.054205 -0.000050 0.000051 0.167097 0.035658 0.000051 0.103351 0.137657 -0.447101 0.000027 -0.000129 0.000193 -0.273378 0.319153 -0.286219 0.569414 -0.351234 0.000069 -0.034311 0.000008 0.218488 -0.001989 -0.628784 -0.069401 -0.083614 0.059602 -0.122406 -0.168184 0.000177 -0.002223 0.191813 0.180545 0.444069 0.136087 0.009213 0.081496 0.000042 0.000085 0.000060 -0.000183 -0.000052 -0.438553 0.000004 -0.000117 0.000050 0.000003 -0.001138 -0.227284
0.407361 0.000202 -0.000248 -0.220811 -0.471062 -0.000010 0.309965 -0.321375 -0.302147 -0.000117 0.000056 0.000096 -0.408887 -0.380786 0.194067 0.514630 -0.019451 -0.000071 -0.061840 -0.000126 0.226324 -0.001711 -0.089689 -0.004381 -0.198871 -0.047361 0.275303 -0.302006 -0.000048 -0.003082 0.162384 -0.066180 0.361596 0.111919 0.008356 -0.177567 0.000006 -0.000291 0.000001 0.000041 0.000033 -0.078097 -0.000083 -0.000219 -0.000072 0.000161 0.002013 0.074811
-0.128468 0.000115 0.000123 -0.226347 0.213300 -0.000021 -0.536888 0.138288 0.041092 -0.000231 -0.000080 0.000016 -0.450540 0.119051 0.346900 -0.050475 0.119684 -0.000086 -0.118254 -0.000157 0.579278 -0.003662 -0.008942 0.604212 -0.440816 0.041471 0.094428 -0.252694 0.000004 -0.001636 0.177124 0.530820 0.019322 0.125362 0.008508 -0.147712 0.000194 -0.000027 -0.000188 0.000066 -0.000164 -0.212068 -0.000055 0.000154 -0.000092 0.000117 -0.000601 -0.169412
0.180647 0.000109 0.000160 0.205259 0.065129 -0.000058 0.112427 0.181262 -0.416348 0.000098 -0.000010 0.000159 0.728649 0.499165 -0.830536 -0.239825 0.085367 0.000062 0.068880 0.000052 -0.407655 -0.004460 0.185707 0.281670 0.480379 -0.469922 -0.378310 0.290125 0.000133 -0.003172 0.175879 0.241056 -0.260755 0.123728 0.010550 0.829776 -0.000093 -0.000335 -0.000029 -0.000213 0.000158 0.066860 -0.000135 -0.000036 0.000042 -0.000027 0.000997 -0.269736
-0.297851 -0.000009 0.000094 0.008216 -0.054822 -0.000341 0.252174 0.463870 -0.215599 0.000023 -0.000123 -0.000177 -0.033904 -0.102742 -0.329635 0.233460 -0.099900 0.000171 -0.060680 0.000021 0.044325 -0.003508 0.201484 0.217373 0.149850 -0.106542 -0.403208 0.267391 0.000060 -0.003165 0.120529 -0.213438 -0.066594 0.082305 0.009249 -0.181700 0.000002 0.000033 -0.000099 -0.000121 -0.000049 0.240074 0.000245 -0.000003 -0.000104 0.000006 0.000282 0.187551
-0.031720 0.000085 0.001062 0.364836 0.125124 0.000027 -0.030750 0.200008 -0.083710 -0.000077 -0.000117 -0.000059 -0.311108 -0.350454 0.257397 -0.008445 -0.016667 0.000243 0.184093 0.000014 0.177447 -0.003844 0.126192 0.175819 -0.019246 0.622441 -0.530471 -0.550153 0.000189 -0.002086 0.056081 0.177050 0.311333 0.031641 0.009606 -0.116024 0.000019 -0.000067 0.000034 0.000102 0.000026 0.272273 -0.000119 0.000196 -0.000070 0.000031 0.001154 0.365915
0.121362 -0.000003 0.000588 -0.329543 0.227247 -0.000065 -0.346838 -0.068867 0.471149 0.000078 0.000018 -0.000038 0.174962 -0.115395 0.239379 -0.723350 -0.454498 -0.000139 0.549158 0.000184 -0.081846 -0.004395 0.191030 0.258071 0.246845 -0.446129 0.151474 -0.023139 0.000221 -0.002518 0.011125 0.264338 0.042083 0.002587 0.009499 0.075607 0.000058 0.000022 0.000045 -0.000111 -0.000109 -0.302786 0.000058 -0.000160 -0.000016 -0.000056 0.001064 -0.369432
-0.034494 0.000023 0.000090 0.358749 0.240642 -0.000082 0.124925 0.094433 0.379095 -0.000126 -0.000151 -0.000018 0.014490 0.416601 0.295816 -0.018700 -0.030119 -0.000090 -0.050567 -0.000001 -0.452698 -0.003695 -0.316154 0.306313 -0.329990 -0.285810 -0.145667 0.236354 -0.000053 -0.002878 0.040762 -0.042487 -0.086559 0.028840 0.009048 0.245917 0.000034 -0.000188 -0.000160 0.000140 -0.000104 0.181840 -0.000066 -0.000049 -0.000073 -0.000123 0.001039 -0.533511
-0.594069 0.000035 -0.000209 0.012265 -0.507441 0.000109 0.390338 -0.346580 0.140038 -0.000014 -0.000037 -0.000385 -0.259836 0.436116 -0.383603 -0.154632 0.230611 0.000092 -0.055882 -0.000151 -0.110444 -0.003347 0.059180 0.254763 -0.377777 -0.650054 0.267473 -0.096214 0.000088 -0.003993 0.120527 0.386001 -0.269426 0.077525 0.007950 -0.618610 -0.000077 0.000019 -0.000126 0.000222 -0.000035 -0.212975 0.000211 -0.000039 0.000054 -0.000129 0.001262 0.337314
0.089430 0.000025 0.000176 -0.182141 -0.678010 -0.000096 0.276002 0.109451 0.050268 0.000112 0.000088 -0.000023 -0.061085 0.205099 -0.391129 -0.264678 0.236038 -0.000073 0.893530 0.000023 -0.075350 -0.001766 0.044824 -0.012976 -0.648830 0.162916 0.073927 0.242674 -0.000059 -0.003150 0.101442 0.292328 -0.384118 0.068152 0.007663 -0.029110 0.000291 -0.000029 0.000050 0.000212 -0.000095 -0.231448 0.000140 -0.000073 0.000040 0.000105 0.001375 0.063575
0.122763 0.000375 -0.000168 0.110881 0.117372 0.000015 -0.009629 0.492533 0.108621 -0.000086 0.000056 0.000121 -0.002067 0.162319 -0.000315 0.139135 0.798991 0.000048 0.089908 -0.000067 0.435133 -0.004238 0.549562 -0.578877 -0.081169 -0.069018 0.128635 0.391978 0.000148 -0.002910 0.191065 -0.029648 -0.141399 0.139358 0.008055 -0.449991 0.000052 -0.000254 0.000069 -0.000101 -0.000058 -0.607691 -0.000061 0.000042 0.000152 0.000042 0.001497 -0.123887
-0.171139 -0.000169 0.000314 0.260901 0.290426 0.000076 -0.277639 0.427503 -0.176377 -0.000164 0.000159 -0.000080 -0.018441 -0.089313 -0.140902 0.442770 0.070573 -0.000050 -0.202984 -0.000160 0.189611 -0.003425 0.291292 -0.428160 0.035510 -0.516396 0.068129 0.164437 -0.000221 -0.001529 0.243672 0.143960 -0.049182 0.175450 0.009474 -0.258208 0.000012 0.000022 -0.000096 -0.000019 0.000003 0.346130 0.000094 0.000126 -0.000156 0.000060 -0.000332 0.150166
0.492097 -0.000080 0.000132 0.175592 0.030082 0.000160 0.329736 0.317194 0.052545 -0.000087 -0.000051 -0.000102 0.209869 0.309563 0.027511 -0.037837 -0.148442 -0.000068 0.075159 0.000198 0.038349 -0.003114 0.328964 -0.039243 0.054068 -0.496443 0.054746 0.207403 -0.000158 -0.002192 0.208023 0.214391 -0.093641 0.157582 0.011261 -0.001557 0.000054 0.000107 -0.000115 0.000061 0.000132 0.294510 -0.000063 0.000322 -0.000191 -0.000043 -0.001323 0.090562
0.336606 0.000166 0.000458 -0.116829 0.123834 0.000192 0.358271 -0.152372 -0.086874 -0.000205 -0.000010 0.000079 0.433032 -0.400989 0.106413 -0.231279 0.086954 -0.000013 -0.190818 0.000034 -0.250745 -0.004512 0.613100 -0.087089 -0.353938 0.007941 0.462817 0.128599 0.000057 -0.001995 0.348261 -0.155679 -0.005599 0.264296 0.012374 -0.115507 0.000045 0.000113 -0.000028 -0.000073 0.000044 0.180110 -0.000020 -0.000059 0.000197 -0.000099 0.000179 0.043482
-0.091938 0.000085 -0.000018 -0.196530 -0.164204 0.000076 0.120554 0.183468 -0.236530 0.000086 -0.000095 -0.000090 0.348496 0.278575 0.421431 -0.055941 0.067711 -0.000026 0.488119 -0.000100 0.118906 -0.002503 0.368893 -0.444110 0.071634 -0.132580 0.492829 -0.060460 0.000054 -0.003086 0.183705 0.422229 -0.334923 0.141996 0.011851 -0.495151 0.000131 -0.000025 0.000009 0.000005 -0.000157 0.360776 0.000080 0.000008 -0.000061 0.000032 0.001979 0.237888
0.041448 -0.000197 -0.000039 0.193971 -0.163476 0.000083 0.151399 -0.202104 -0.229488 -0.000266 -0.000015 0.000189 -0.102212 0.150339 -0.025213 -0.127811 -0.188481 -0.000008 0.298847 -0.000080 0.248305 -0.004036 0.055949 0.437963 0.198402 -0.170409 -0.585405 -0.236222 0.000112 -0.002652 0.205686 -0.075261 -0.093568 0.147457 0.011156 -0.145293 0.000124 -0.000027 0.000079 -0.000037 -0.000047 -0.405765 -0.000003 0.000028 -0.000051 -0.000099 0.001754 -0.177448
0.315302 0.000058 -0.000102 0.041376 -0.146776 0.000097 0.283761 -0.047763 0.184884 0.000134 -0.000024 -0.000044 -0.375481 0.201960 0.208444 -0.051167 0.389262 0.000064 -0.037096 0.000089 -0.175200 -0.002745 -0.134880 0.377159 -0.543537 0.326847 0.209730 -0.019097 -0.000101 -0.003256 0.076487 -0.330292 0.365105 0.057392 0.011137 -0.328579 0.000239 0.000137 0.000048 0.000004 -0.000104 -0.096142 -0.000013 -0.000072 -0.000057 -0.000081 0.001339 -0.278538
0.268750 0.000003 -0.000213 -0.037525 -0.169759 -0.000019 -0.075339 0.048789 0.345778 0.000032 -0.000123 0.000094 -0.289890 -0.337402 -0.028172 0.445546 -0.057903 -0.000067 0.180299 0.000166 -0.067056 -0.001777 0.514474 0.119377 -0.202164 -0.278466 -0.217811 0.141943 -0.000095 -0.002454 0.047666 -0.388616 0.251332 0.024780 0.011765 -0.354339 -0.000070 -0.000071 -0.000025 0.000015 0.000084 0.317522 -0.000013 -0.000094 -0.000051 -0.000081 0.000666 -0.318571
-0.044741 0.000383 -0.000202 0.434219 0.186070 -0.000086 0.057547 0.171522 0.470215 0.000004 0.000125 -0.000134 0.172723 -0.383369 0.287705 0.473020 0.002225 -0.000128 -0.048550 0.000041 -0.049035 -0.003520 0.129003 0.048244 -0.024653 -0.011606 0.430166 0.148916 0.000219 -0.003351 0.003056 0.044461 -0.013252 0.003358 0.011588 -0.092896 0.000134 0.000092 0.000057 0.000219 -0.000099 -0.581414 -0.000069 -0.000047 0.000067 -0.000111 -0.000278 0.385027
-0.220598 0.000503 0.000450 0.414919 0.261518 0.000159 -0.126069 0.071992 0.075575 0.000098 -0.000065 0.000037 0.064358 -0.054543 -0.485659 -0.003422 0.185935 0.000037 -0.436743 0.000113 0.127689 -0.002703 -0.285989 -0.373696 -0.088127 0.111782 -0.198567 0.000474 -0.000192 -0.002831 -0.013943 -0.054610 0.296003 -0.004029 0.010644 0.077873 0.000032 -0.000051 -0.000138 -0.000127 -0.000113 -0.078308 0.000044 0.000030 -0.000098 0.000045 0.000183 -0.133583
0.164909 0.000104 -0.000049 0.165754 -0.030983 -0.000037 -0.153703 0.238049 -0.067010 0.000174 0.000015 0.000173 0.573641 0.222183 0.384988 -0.181732 0.279927 -0.000101 -0.612847 -0.000062 0.089439 -0.003072 -0.586860 -0.181119 -0.322864 0.003428 -0.099112 0.026681 0.000040 -0.004250 0.035217 0.301747 0.359366 0.025712 0.009436 0.408661 -0.000113 -0.000075 -0.000052 -0.000120 0.000088 0.222073 -0.000082 0.000056 0.000190 0.000275 0.000831 -0.598333
-0.305037 -0.000190 0.000330 0.637315 0.082516 -0.000005 -0.152275 0.005486 -0.128312 0.000021 0.000111 0.000158 0.218214 0.019373 -0.481591 -0.218994 0.090553 -0.000117 0.076028 0.000006 0.010842 0.000008 -0.048772 0.038124 -0.117111 0.444610 -0.180447 0.097722 -0.000198 -0.003089 0.035758 -0.333515 0.094349 0.027801 0.009299 0.154617 0.000072 0.000003 -0.000218 0.000127 0.000047 0.193951 0.000073 -0.000012 -0.000036 -0.000092 0.001578 0.016333
0.400605 -0.000182 0.000645 -0.117969 0.443568 -0.000067 -0.081295 0.036161 -0.071530 0.000059 0.000054 -0.000214 -0.009342 0.636579 -0.164128 -0.153290 0.000806 0.000012 -0.313080 -0.000040 0.556593 -0.004122 -0.155214 0.116895 0.312151 0.187492 -0.386101 0.465036 -0.000163 -0.002197 0.044922 -0.149418 -0.036704 0.032036 0.009701 0.319607 0.000032 0.000040 0.000063 0.000116 0.000084 0.121264 0.000096 -0.000127 -0.000147 0.000119 0.001652 0.365369
0.105649 0.000204 0.000596 -0.071920 0.171930 0.000176 -0.147059 -0.339692 -0.078867 -0.000139 0.000049 -0.000245 -0.072701 0.462098 0.001624 -0.542148 0.060583 0.000059 0.203472 -0.000052 0.174829 -0.003191 0.032467 0.174717 -0.303343 0.216902 0.174029 -0.224019 0.000048 -0.002494 0.096516 0.002074 -0.071749 0.076957 0.011104 -0.518580 0.000089 0.000044 -0.000153 -0.000162 0.000094 -0.277242 0.000114 0.000072 -0.000005 0.000019 0.001249 -0.382702
0.107934 0.000355 0.000945 -0.415372 0.149521 -0.000128 0.075112 -0.251801 -0.348720 0.000088 -0.000086 -0.000016 -0.172353 0.146669 -0.074429 0.063070 0.185438 -0.000036 0.246015 -0.000032 -0.209482 -0.003733 -0.195416 -0.072885 0.106513 0.144390 -0.230210 -0.088342 0.000020 -0.001412 0.109316 -0.096498 0.285646 0.073451 0.011039 0.050700 -0.000012 0.000044 -0.000043 -0.000114 0.000022 -0.354384 -0.000006 0.000029 -0.000062 0.000083 0.000184 -0.356189
0.286648 -0.000091 0.000216 -0.406496 0.284234 0.000142 0.429693 0.301133 -0.134518 0.000120 0.000013 -0.000572 0.040144 -0.159323 -0.063779 -0.477087 0.084375 -0.000065 -0.190004 0.000045 0.233494 -0.004303 0.161272 0.251790 -0.129203 0.337634 0.282009 0.289869 -0.000055 -0.002115 0.074106 -0.064258 0.111119 0.051816 0.010995 0.333185 -0.000022 -0.000001 0.000166 0.000048 0.000039 -0.298957 0.000115 0.000044 -0.000073 0.000025 0.000571 0.225610
0.047295 -0.000030 -0.000174 -0.511249 -0.332243 -0.000219 -0.047726 0.499609 -0.172341 -0.000362 -0.000007 -0.000081 -0.451207 -0.165204 -0.130158 0.231048 0.006680 0.000047 -0.223587 0.000109 0.075686 -0.003326 0.030323 0.140558 0.233014 0.115906 0.150328 0.102211 0.000015 -0.003133 0.191723 0.278558 0.342179 0.133408 0.009707 0.030818 0.000038 -0.000107 0.000130 0.000033 0.000095 -0.136103 -0.000006 -0.000023 0.000206 -0.000120 0.001283 0.397158
0.156808 -0.000035 -0.000038 -0.540620 -0.998325 -0.000079 -0.139042 0.346744 -0.222030 0.000056 -0.000052 -0.000291 -0.244860 0.178733 0.085495 -0.413692 -0.345416 0.000033 -0.049227 -0.000109 -0.020995 -0.003653 0.150748 0.916248 -0.366093 0.476057 0.410478 0.009921 0.000105 -0.001598 0.106920 0.251523 -0.096619 0.075314 0.009688 -0.139171 -0.000009 -0.000085 -0.000082 0.000127 0.000110 0.310725 -0.000123 0.000017 0.000046 -0.000183 -0.000955 0.056972
0.432683 -0.000278 -0.000248 -0.385589 -0.356486 -0.000354 -0.148414 -0.084737 -0.462757 -0.000152 0.000132 -0.000004 0.335708 0.506886 0.410463 -0.312568 0.244291 0.000181 0.048033 -0.000090 -0.057136 -0.004665 -0.383239 -0.026655 0.099040 0.436738 -0.029765 0.043987 0.000097 -0.001864 0.039102 -0.507578 0.157683 0.026987 0.010009 -0.139901 0.000108 0.000104 0.000004 -0.000111 -0.000140 0.065364 -0.000005 -0.000004 -0.000082 0.000001 0.001679 0.892039
-0.409355 0.000051 0.000066 -0.238249 -0.111649 -0.000256 -0.362933 -0.046412 -0.029089 -0.000149 0.000030 0.000003 -0.225626 0.195532 -0.275996 -0.313605 0.208659 -0.000006 -0.109570 -0.000319 -0.225706 -0.004940 0.060476 -0.261397 0.075076 0.014242 -0.126266 0.177799 0.000113 -0.002400 0.005502 0.431546 0.050261 0.005817 0.010285 -0.495904 -0.000087 -0.000005 -0.000101 -0.000082 0.000046 0.782971 -0.000126 0.000048 -0.000154 -0.000177 0.001684 0.182418
-0.069343 0.000261 0.000342 -0.388849 -0.375477 -0.000141 -0.009229 -0.352195 -0.211715 0.000040 0.000115 0.000426 -0.520318 0.184918 0.034509 0.239355 0.228287 0.000037 -0.108106 -0.000077 -0.348053 -0.003615 0.158672 -0.125585 0.212022 0.000868 0.528898 0.002515 0.000182 -0.002464 0.013995 0.186818 0.107146 0.007716 0.010402 0.003286 0.000005 0.000029 -0.000113 -0.000045 0.000083 0.467317 -0.000082 -0.000083 0.000028 0.000081 0.001000 -0.179899
0.100188 0.000215 0.000905 -0.326647 0.426946 -0.000167 0.139075 -0.351146 -0.068322 -0.000059 -0.000011 -0.000032 0.159900 -0.071938 0.307986 0.498439 0.164549 0.000019 -0.626412 -0.000458 -0.312910 -0.002675 0.048841 -0.038837 -0.067335 -0.144311 0.106894 0.242646 -0.000222 -0.001324 0.000944 -0.224104 0.089166 0.002573 0.008593 0.479639 0.000007 0.000045 -0.000074 -0.000094 0.000043 0.019530 0.000005 -0.000096 0.000111 0.000087 0.001306 -0.559914
0.298772 0.000269 -0.000103 -0.154585 0.305726 -0.000084 0.116116 -0.316063 -0.050569 -0.000132 -0.000090 0.000114 0.351894 -0.008814 0.353984 0.068983 -0.155168 -0.000091 0.260048 -0.000322 -0.419194 -0.001589 0.325251 -0.067773 0.200057 0.040086 0.233638 0.066880 -0.000004 -0.001777 0.099593 -0.115431 -0.267155 0.062936 0.010259 0.127555 -0.000063 0.000019 -0.000060 0.000102 0.000093 -0.259377 0.000029 0.000056 0.000087 0.000077 0.001538 -0.522963
-0.350143 -0.000211 -0.000035 -0.372316 0.094356 -0.000125 -0.259502 0.225836 -0.075898 0.000118 0.000010 0.000031 -0.233530 0.561917 0.084829 0.290236 0.424070 -0.000078 0.038140 0.000102 -0.025616 -0.002568 0.118991 -0.041195 -0.026537 -0.048263 0.447538 -0.016509 -0.000135 -0.002588 0.003247 0.211047 0.066578 0.003932 0.010180 -0.387685 0.000065 -0.000108 0.000010 0.000071 0.000040 -0.520816 0.000219 -0.000000 -0.000270 0.000058 0.001427 -0.078328
0.002892 0.000092 0.000092 -0.453492 -0.215845 0.000008 0.503964 0.244680 -0.685163 -0.000174 0.000061 -0.000377 -0.163180 -0.280547 -0.231118 0.060486 0.111853 0.000141 0.175595 -0.000249 0.538488 -0.002430 -0.146177 -0.113679 -0.001508 0.009262 -0.446134 0.076429 -0.000014 -0.003097 0.153598 -0.017632 -0.092882 0.103467 0.011680 -0.052420 0.000057 -0.000029 0.000160 0.000064 0.000015 0.128645 -0.000139 0.000048 0.000383 -0.000195 0.001569 0.139605
0.004899 0.000140 0.000297 0.267631 -0.013070 0.000078 0.043168 0.355607 -0.694647 -0.000053 -0.000025 0.000130 -0.540480 -0.024549 0.148809 0.072219 0.103934 0.000044 -0.584662 0.000010 0.024620 -0.002054 -0.255378 0.159395 0.009020 -0.556893 -0.380389 0.374368 0.000184 -0.004404 0.200229 0.000274 0.556233 0.143203 0.010293 0.119518 -0.000066 -0.000095 0.000063 0.000139 0.000074 0.285074 -0.000097 -0.000029 0.000043 -0.000140 0.001758 0.155642
-0.190014 0.000116 0.000313 -0.295503 -0.055550 0.000242 0.278615 -0.014023 -0.088261 -0.000200 -0.000040 0.000221 0.251225 -0.340148 0.443087 0.264502 -0.003087 -0.000065 -0.339556 0.000015 0.348101 -0.002665 0.339642 -0.398709 -0.016859 -0.240511 -0.128252 -0.095808 -0.000014 -0.001492 0.203799 0.247380 0.148260 0.146244 0.009711 -0.162164 0.000142 -0.000056 -0.000097 0.000045 -0.000401 0.235142 -0.000062 -0.000042 0.000104 0.000114 -0.003906 0.114974
-0.131823 0.000034 -0.000126 0.033361 0.060342 0.000008 0.031922 0.036781 -0.110841 0.000035 -0.000001 -0.000165 0.011941 -0.073169 0.201566 0.077293 -0.180030 0.000079 -0.604605 -0.000063 0.413085 -0.003154 0.061161 -0.737794 0.078324 -0.534911 -0.154400 -0.449394 -0.000159 -0.002829 0.211247 -0.068272 0.393953 0.157706 0.011462 0.330701 -0.000126 0.000060 -0.000202 -0.000132 -0.000118 0.424971 0.000018 0.000092 -0.000105 0.000116 0.000665 0.308273
0.160585 0.000007 -0.000232 -0.413224 0.326159 0.000156 -0.368438 -0.132974 -0.162554 0.000020 -0.000049 0.000074 -0.005804 0.004759 -0.083123 0.237441 -0.029580 0.000081 0.053062 0.000222 -0.490066 -0.002316 0.058363 0.026681 0.052863 -0.173662 -0.208174 -0.243901 0.000038 -0.004533 0.155683 0.305289 0.212189 0.119484 0.010023 0.330340 0.000023 -0.000040 0.000032 -0.000008 -0.000159 -0.570027 -0.000055 -0.000037 0.000037 -0.000039 0.001855 -0.141136
0.003970 0.000085 0.000788 0.017510 0.250521 -0.000040 -0.379787 -0.226618 -0.119468 -0.000205 -0.000047 -0.000093 0.249162 0.248861 -0.500522 -0.380289 0.305765 -0.000009 0.059846 0.000189 -0.382688 -0.002838 -0.209457 0.411934 -0.024493 -0.123695 0.123613 0.013707 -0.000228 -0.003712 0.099579 -0.335071 0.057213 0.066115 0.010472 -0.031614 -0.000072 -0.000174 0.000028 0.000080 0.000004 0.114547 0.000115 -0.000059 0.000022 -0.000003 0.001307 -0.504807
-0.165434 -0.000026 0.000216 0.584270 0.240419 0.000082 -0.215798 -0.104014 -0.500537 0.000119 -0.000008 0.000055 -0.311358 0.613844 -0.288634 -0.313256 0.125350 -0.000118 0.331792 0.000038 0.055591 -0.001196 -0.021717 0.221597 0.319138 -0.791207 0.704399 -0.031428 -0.000198 -0.005621 0.081278 -0.360818 -0.022908 0.055312 0.009188 -0.261792 -0.000007 -0.000002 0.000054 -0.000008 -0.000051 -0.446516 0.000023 0.000330 -0.000137 0.000048 0.001353 -0.211411
0.300636 -0.000007 0.000064 0.023255 0.051690 -0.000180 -0.139060 0.277738 -0.410115 -0.000026 -0.000044 -0.000017 0.458727 0.433855 0.011142 -0.446801 0.052348 0.000097 0.367587 -0.000246 0.634122 -0.002050 0.417321 0.000238 -0.075187 0.029752 -0.376669 0.030184 -0.000252 -0.004538 0.212090 -0.547283 -0.005104 0.156067 0.009536 -0.093724 0.000018 0.000022 0.000046 -0.000075 0.000001 -0.086220 -0.000100 -0.000023 0.000038 -0.000024 0.001276 -0.055200
0.069891 -0.000096 -0.000031 0.171085 -0.232378 -0.000163 -0.172770 -0.020048 0.130682 0.000043 -0.000270 0.000258 -0.086444 -0.618794 0.103426 0.005613 0.294848 0.000075 0.354829 -0.000247 0.827898 -0.001744 0.185819 -0.052123 -0.198071 -0.095331 -0.270157 0.059419 -0.000114 -0.004192 0.189614 0.007857 0.269872 0.139833 0.008459 -0.081149 0.000005 -0.000014 -0.000035 0.000049 -0.000032 -0.526144 -0.000343 -0.000209 0.000061 -0.000007 0.000905 -0.083941
0.296671 -0.000044 -0.000254 0.571539 -0.723505 -0.000091 0.143774 0.242433 0.120601 0.000224 -0.000153 0.000323 0.025949 0.063426 0.104628 -0.000865 0.052998 0.000062 0.154770 0.000003 0.107613 -0.001697 0.014387 -0.321531 -0.147203 -0.933200 -0.817215 -0.338319 -0.000082 -0.005283 0.196761 -0.487674 -0.252409 0.138874 0.009578 0.086574 -0.000067 0.000067 -0.000003 -0.000078 0.000064 -0.313334 0.000007 0.000045 -0.000080 0.000043 0.001720 0.402443
-0.136225 -0.000126 0.000283 0.092031 -0.190136 -0.000343 0.152815 -0.352047 -0.211582 0.000166 -0.000095 0.000116 -0.527937 0.054830 -0.328867 0.422743 0.264616 -0.000099 0.241867 -0.000048 -0.089901 -0.002092 0.134654 0.089719 -0.285621 0.256198 -0.140772 -0.538134 -0.000170 -0.004169 0.064726 -0.302308 0.472311 0.042439 0.010226 0.163044 -0.000035 0.000022 0.000015 -0.000093 -0.000042 -0.200724 0.000003 0.000010 0.000194 0.000097 0.001534 0.462968
-0.263838 0.000232 0.000024 -0.059522 0.098353 -0.000097 0.030041 -0.330572 -0.005044 -0.000092 -0.000030 -0.000023 0.247994 0.447798 -0.651554 0.017320 -0.498118 0.000074 -0.141321 0.000160 -0.402534 -0.001662 0.108970 -0.327440 -0.065558 0.204152 0.100394 -0.367912 0.000122 -0.003349 0.117333 0.199051 0.190432 0.077193 0.008982 0.464429 -0.000036 0.000075 0.000060 0.000057 -0.000036 0.644929 -0.000259 -0.000109 0.000195 0.000044 0.000981 0.269204
-0.256970 0.000095 0.000743 0.255994 0.150415 0.000169 0.151935 -0.244145 -0.027956 0.000048 0.000053 -0.000092 -0.218589 -0.199280 0.000939 -0.583628 -0.245741 -0.000145 -0.382866 -0.000234 -0.248833 -0.002991 -0.202619 -0.195964 -0.425800 0.010866 0.577587 -0.155394 0.000117 -0.002242 0.150177 0.001632 0.103154 0.110508 0.010142 0.008856 -0.000042 0.000055 -0.000081 -0.000044 -0.000081 0.415424 0.000005 0.000034 -0.000242 -0.000109 0.001524 -0.174269
-0.337474 -0.000063 0.000043 0.454972 0.031868 0.000010 0.288598 0.276782 -0.252332 -0.000091 0.000077 -0.000162 -0.206689 0.177575 -0.132914 -0.483081 -0.267476 0.000016 0.120308 -0.000074 -0.611957 -0.002152 -0.070444 0.845416 -0.029787 -0.104525 0.059229 -0.046027 -0.000098 -0.002936 0.221186 -0.174514 -0.289325 0.170696 0.009535 0.243955 0.000018 -0.000006 0.000010 0.000042 0.000007 0.161469 -0.000095 0.000046 -0.000242 0.000138 0.001110 -0.208427
-0.519828 0.000147 0.000576 0.267549 -0.363794 0.000012 0.634142 0.205121 -0.300311 0.000094 0.000018 -0.000100 -0.066794 -0.165087 0.062023 -0.250743 0.504055 0.000124 -0.107875 0.000006 -0.069200 -0.001853 -0.403144 -0.019772 0.057334 0.149317 0.650014 -0.336134 -0.000115 -0.003129 0.123349 -0.112125 -0.212036 0.091211 0.009376 -0.167012 0.000005 -0.000191 -0.000077 -0.000037 0.000073 -0.076728 -0.000031 0.000076 -0.000055 -0.000151 0.001653 -0.390830
-0.503832 0.000096 -0.000337 0.293422 -0.172451 0.000024 -0.193149 -0.145946 -0.004423 -0.000047 -0.000092 -0.000009 -0.571550 0.011272 -0.029823 0.200137 0.302345 0.000181 -0.231601 0.000036 0.250874 -0.003190 -0.139784 0.049318 -0.154811 0.059887 0.013282 -0.230445 0.000386 -0.001728 0.112953 -0.177196 0.188919 0.089574 0.008537 -0.033600 0.000040 -0.000329 -0.000038 -0.000080 -0.000017 -0.134467 0.000110 0.000086 -0.000050 -0.000138 0.001299 -0.035389
-0.158582 0.000018 0.000351 0.172973 0.133112 -0.000081 0.276683 -0.432378 0.281583 0.000167 0.000072 -0.000120 -0.032233 0.463921 0.162508 0.032781 0.218476 0.000051 -0.402267 0.000072 0.012155 -0.004001 0.171074 -0.192990 -0.276977 0.636973 -0.170620 -0.468633 0.000163 -0.001343 0.003604 0.242591 0.151249 0.003918 0.007810 -0.255307 -0.000045 -0.000294 -0.000130 -0.000262 0.000003 -0.017785 0.000043 -0.000084 0.000043 -0.000150 0.001764 0.075513
-0.009867 0.000087 0.000177 -0.149758 -0.168255 0.000011 0.407260 -0.033374 -0.135044 0.000257 -0.000005 -0.000162 -0.073907 -0.093489 0.311125 -0.063523 0.236027 -0.000139 -0.083074 -0.000022 0.140220 -0.002391 0.089867 0.195748 -0.138260 0.174945 -0.488991 -0.082730 -0.000105 -0.002160 0.095693 0.052479 0.149137 0.065902 0.009286 -0.268207 -0.000037 -0.000134 -0.000012 0.000021 0.000012 0.287944 -0.000123 -0.000017 0.000038 -0.000135 0.001353 0.425254
-0.431788 -0.000374 0.000216 0.238804 0.183560 0.000135 0.106457 0.010775 0.181746 -0.000100 0.000167 -0.000227 0.234706 -0.236151 0.141684 0.274909 0.141887 0.000031 -0.524426 -0.000037 0.071312 -0.001935 0.227931 -0.002720 -0.049112 0.419877 -0.604802 0.179174 0.000069 -0.002708 0.088710 0.049643 0.491330 0.061177 0.009476 -0.010730 -0.000064 -0.000200 -0.000237 0.000061 0.000061 -0.175958 -0.000129 0.000041 0.000048 0.000084 0.000906 0.349547
-0.205906 -0.000507 -0.000219 0.611129 0.175885 0.000223 0.379771 -0.324853 0.472756 0.000025 0.000118 0.000300 -0.046727 0.072459 -0.089772 0.127377 -0.783924 0.000052 -0.383533 -0.000142 0.254681 -0.003984 -0.213794 0.049696 0.357662 0.274726 0.335018 0.373335 0.000048 -0.002792 0.085193 0.146218 0.460273 0.052121 0.009761 0.083322 -0.000044 0.000018 0.000075 -0.000030 -0.000038 0.048939 -0.000118 -0.000043 0.000043 -0.000215 0.001863 0.404628
-0.038494 -0.000252 -0.000277 0.166911 0.203355 0.000175 -0.074908 -0.252867 0.271891 0.000139 -0.000047 0.000077 -0.215227 0.160165 -0.032847 0.209439 -0.171699 -0.000166 -0.136994 0.000163 0.042003 -0.002724 -0.130593 -0.079727 0.209140 0.467131 0.273392 0.207276 0.000023 -0.003758 0.167362 0.256414 0.358253 0.111547 0.011514 0.006846 0.000033 -0.000192 0.000010 -0.000063 -0.000054 0.359778 -0.000087 0.000258 0.000162 -0.000030 0.001311 -0.229432
0.232249 0.000187 -0.000089 -0.927502 0.007146 0.000031 0.027566 0.365802 -0.081201 0.000149 -0.000036 -0.000039 0.310008 0.121573 -0.493544 -0.602065 -0.002646 -0.000036 -0.031375 -0.000124 -0.149195 -0.003612 0.004525 0.132549 0.141830 0.025894 -0.072460 0.190153 -0.000160 -0.004055 0.116016 -0.104198 0.223301 0.090341 0.011805 0.019187 -0.000090 -0.000040 0.000039 -0.000028 0.000055 0.364115 -0.000142 -0.000019 -0.000229 -0.000092 0.000904 -0.516280
0.102598 -0.000242 0.001155 -0.466487 -0.177950 -0.000010 -0.171501 0.046618 0.326909 -0.000042 -0.000009 -0.000107 0.117448 0.309118 -0.366405 0.492029 -0.283765 -0.000024 0.100458 0.000024 -0.130072 -0.005450 0.113957 -0.523282 0.076922 -0.160627 0.233505 -0.195630 0.000070 -0.003579 0.121709 0.200606 -0.085122 0.096899 0.013403 0.035825 0.000053 -0.000015 0.000023 -0.000061 0.000206 0.349093 -0.000060 -0.000090 -0.000094 0.000053 -0.000068 -0.071014
-0.004277 -0.000009 0.000092 -0.034545 -0.188579 -0.000231 -0.046853 0.517014 -0.089367 -0.000082 -0.000099 -0.000286 -0.252920 0.016795 0.189166 -0.191488 0.440060 0.000119 0.333879 0.000247 0.055895 -0.005390 0.196639 -0.115804 -0.082812 0.341636 0.250047 -0.014081 0.000216 -0.003257 0.122823 -0.260268 -0.411477 0.097884 0.013940 -0.105264 0.000003 -0.000323 0.000002 0.000059 0.000006 0.029331 0.000063 -0.000071 0.000161 -0.000163 0.000962 0.097146
0.281941 -0.000006 0.000427 -0.209492 0.082430 0.000135 0.119285 0.102203 -0.175974 0.000102 0.000055 -0.000034 -0.289070 0.267381 0.279148 0.163741 0.385767 0.000112 0.001572 -0.000073 0.316290 -0.004277 -0.106567 -0.375784 -0.145486 0.394213 0.192439 0.559990 -0.000059 -0.003408 0.164052 -0.142870 -0.236460 0.116634 0.013806 -0.276822 0.000046 -0.000167 0.000336 -0.000231 0.000045 -0.070452 -0.000103 0.000365 0.000167 0.000095 0.000620 0.454743
0.604873 -0.000035 0.000452 0.580611 0.342791 0.000139 -0.816568 -0.325473 0.137671 0.000079 -0.000328 -0.000120 0.115662 0.024099 0.260380 -0.072454 -0.090054 -0.000079 -0.465843 0.000058 0.472634 -0.003605 -0.209022 -0.197326 -0.269710 0.114914 -0.195238 0.276271 0.000090 -0.002971 0.061893 -0.071769 0.137581 0.036426 0.012012 0.160324 -0.000085 -0.000122 -0.000014 -0.000036 0.000021 -0.093349 0.000074 -0.000097 0.000096 0.000215 0.001602 1.071296
-0.048219 -0.000003 -0.000032 -0.066996 -0.059436 0.000276 0.339517 -0.709882 0.223706 -0.000050 -0.000019 0.000126 0.202804 0.076734 0.028408 0.159017 0.015181 -0.000065 -0.438625 0.000190 -0.131020 -0.003084 -0.161348 -0.055671 -0.069687 0.085149 0.068045 0.371169 -0.000048 -0.002550 0.062081 -0.455624 0.185426 0.041645 0.012784 0.022061 0.000020 -0.000239 -0.000009 0.000052 -0.000123 0.451382 -0.000034 0.000092 -0.000071 -0.000087 0.001577 0.312847
-0.122021 0.000005 0.000975 -0.055508 -0.490796 0.000015 0.244447 -0.088927 -0.166454 0.000058 -0.000077 -0.000084 -0.073912 -0.008072 0.093703 -0.177409 -0.381877 -0.000077 -0.361843 -0.000178 0.201115 -0.003712 0.118465 0.577020 -0.322380 -0.168687 -0.213247 0.035781 -0.000308 -0.002896 0.127101 -0.015285 0.320604 0.091885 0.012173 0.108514 0.000025 -0.000048 -0.000146 0.000124 -0.000096 -0.062599 -0.000058 0.000046 0.000054 -0.000009 0.001480 0.022947
-0.609478 0.000123 -0.000091 -0.291491 -0.265671 0.000029 0.065684 0.264210 -0.054608 0.000030 0.000016 -0.000077 0.351736 -0.227846 0.069933 -0.175179 -0.126075 0.000049 -0.015456 -0.000235 -0.173354 -0.003068 -0.016004 0.394385 -0.243980 -0.069176 0.162747 -0.031755 -0.000159 -0.002846 0.238577 0.192106 -0.214425 0.178565 0.011487 -0.142217 0.000215 -0.000233 -0.000004 -0.000042 0.000104 -0.009663 -0.000064 -0.000132 -0.000045 0.000150 -0.000589 -0.696298
0.123712 -0.000167 -0.000004 -0.386115 -0.104182 0.000314 -0.061226 -0.175265 -0.006788 0.000176 -0.000023 0.000107 0.093646 0.439246 0.142638 -0.049791 0.425108 -0.000012 -0.013538 0.000012 -0.032027 -0.003327 -0.037021 0.231151 -0.014649 0.209572 -0.032285 0.352422 -0.000102 -0.001707 0.120332 -0.062967 0.266798 0.091465 0.010790 0.227009 -0.000100 -0.000224 0.000003 -0.000087 0.000134 -0.162106 -0.000123 -0.000062 -0.000059 -0.000116 -0.005338 -0.508022
-0.024459 0.000066 0.000004 0.054262 -0.097600 0.000055 0.101317 -0.006637 0.071303 -0.000023 -0.000110 -0.000086 -0.222231 0.155663 -0.024665 -0.240340 -0.040531 -0.000027 0.287033 -0.000040 -0.676869 -0.004037 0.149173 0.042336 0.240266 -0.044233 0.182065 0.107886 -0.000164 -0.002178 0.130942 -0.452728 -0.251409 0.094148 0.013159 0.316194 0.000067 0.000108 0.000055 0.000130 -0.000036 0.363789 0.000056 0.000043 -0.000016 -0.000069 -0.002658 -0.052054
-0.096773 0.000055 0.000306 -0.019049 0.070995 0.000041 -0.274422 0.073490 0.110263 -0.000153 -0.000050 0.000361 0.052229 0.254492 0.401731 -0.363168 -0.388376 -0.000169 -0.266183 0.000012 -0.231344 -0.004716 0.073907 -0.403244 -0.053348 -0.309712 0.207703 0.127346 0.000240 -0.003825 0.153904 -0.340814 0.184682 0.107959 0.012950 0.498213 -0.000044 -0.000217 -0.000015 -0.000123 0.000050 0.205123 0.000055 0.000189 -0.000004 0.000199 0.000786 -0.112669
-0.026302 -0.000135 0.000183 -0.069498 0.441761 0.000124 -0.078252 0.147773 0.166452 -0.000122 -0.000074 0.000121 -0.041774 0.029711 0.045118 -0.045755 0.142497 -0.000108 -0.013407 0.000162 0.319270 -0.001666 0.297352 -0.364060 -0.155435 -0.119052 -0.480175 0.074689 0.000209 -0.005119 0.144003 -0.043077 0.146647 0.105106 0.011828 -0.212478 0.000024 0.000005 -0.000099 -0.000036 -0.000046 -0.303934 -0.000221 0.000031 0.000137 -0.000042 0.001073 0.118765
0.263006 -0.000018 0.000576 -0.513945 -0.390147 0.000004 -0.332053 -0.137688 0.251109 0.000041 0.000337 -0.000103 -0.382279 0.272504 0.033601 0.094417 -0.281043 -0.000132 0.163544 0.000035 -0.011954 -0.002345 0.005168 0.168866 0.037666 -0.246616 0.010447 -0.051650 -0.000100 -0.003921 0.187822 -0.157608 0.049469 0.134199 0.013684 -0.128820 -0.000176 0.000054 0.000141 0.000074 -0.000177 -0.394429 -0.000134 -0.000076 -0.000102 0.000191 0.001464 -0.045863
0.182790 -0.000056 0.000277 0.047196 -0.106205 -0.000068 0.238024 -0.264786 0.525670 0.000036 0.000115 0.000092 0.009670 0.056273 -0.042394 0.045696 -0.280981 0.000008 -0.131867 -0.000178 0.324342 -0.003264 -0.159982 0.121405 -0.484390 -0.078505 -0.168082 -0.214379 0.000156 -0.002214 0.092905 0.250285 0.428167 0.072673 0.012997 -0.463051 0.000002 -0.000009 0.000071 -0.000116 0.000132 0.167931 -0.000079 -0.000204 0.000155 0.000119 0.001270 -0.122999
0.299218 0.000097 0.000263 0.047325 0.277467 0.000234 0.511889 -0.610788 0.159761 -0.000062 -0.000039 0.000016 -0.237359 0.021573 -0.269461 0.242424 -0.147090 0.000106 -0.196855 0.000166 0.083364 -0.002199 -0.150121 -0.255675 -0.037016 -0.195582 -0.072447 -0.684222 0.000007 -0.003178 0.195168 0.383918 -0.031442 0.153009 0.013529 0.044598 -0.000115 -0.000079 -0.000100 0.000141 -0.000068 -0.085526 0.000070 0.000108 0.000000 -0.000013 0.001671 0.342179
0.359947 -0.000057 0.000202 0.020591 -0.337778 -0.000074 -0.230075 0.482903 0.481456 0.000092 0.000271 -0.000004 -0.162484 -0.100659 -0.476943 0.035692 0.044988 -0.000026 -0.312257 0.000086 0.108450 -0.002864 0.012245 0.111021 0.028150 -0.068497 0.115810 0.128822 -0.000052 -0.003920 0.034098 -0.300090 0.000667 0.025759 0.011887 -0.342629 -0.000071 -0.000045 0.000113 0.000147 -0.000179 0.020719 0.000182 -0.000044 -0.000188 -0.000101 0.001927 0.353892
0.388878 0.000005 -0.000034 0.072369 -0.098993 -0.000021 -0.160578 -0.156848 0.221804 -0.000140 -0.000047 0.000006 0.133901 0.126341 -0.000451 0.126267 -0.182945 0.000007 0.145479 0.000036 0.018401 -0.005707 -0.004524 -0.126316 0.027096 -0.006600 -0.257043 0.081838 -0.000137 -0.002593 0.016721 -0.234295 0.085428 0.015144 0.012193 -0.001523 -0.000088 -0.000135 -0.000012 0.000019 0.000014 0.253654 -0.000125 0.000445 0.000254 -0.000048 -0.000062 0.163795
-0.003514 0.000009 -0.000256 0.055448 -0.263498 0.000019 0.008993 -0.165960 0.144092 -0.000235 0.000012 0.000067 0.507551 -0.222456 0.039241 0.563635 -0.127502 0.000013 -0.018295 -0.000052 0.103063 -0.003110 -0.307140 0.139343 0.560630 -0.234048 -0.163699 0.039405 -0.000222 -0.004208 0.005702 0.283477 -0.290346 0.006373 0.010063 0.227575 0.000018 0.000028 0.000061 0.000139 0.000006 0.268166 -0.000110 -0.000055 0.000045 -0.000221 0.001097 -0.040531
0.055519 0.000058 0.000243 0.154613 -0.273653 0.000084 -0.338786 0.270106 0.193235 -0.000165 0.000025 -0.000085 0.253315 -0.580235 0.360832 0.126556 -0.527329 0.000017 0.103311 -0.000000 -0.313959 -0.003364 -0.279347 0.253157 -0.053072 -0.278868 0.317042 0.330709 0.000043 -0.002990 0.000478 0.021020 0.076093 0.001216 0.012893 -0.143779 -0.000009 -0.000081 0.000016 -0.000049 0.000067 0.284774 0.000110 0.000112 -0.000148 -0.000094 -0.000352 0.409303
-0.065174 0.000272 0.000831 0.072405 0.244847 -0.000095 -0.486608 0.372897 -0.078159 -0.000211 0.000020 -0.000017 0.016853 -0.213482 -0.089319 -0.334639 0.050251 -0.000020 -0.266358 -0.000075 0.068553 -0.004055 0.008367 -0.140612 -0.089017 0.034875 -0.090861 -0.274464 0.000032 -0.002779 0.098774 0.166108 0.287977 0.065706 0.011912 -0.055032 -0.000029 0.000046 -0.000247 0.000054 0.000029 -0.118572 0.000007 0.000100 0.000185 -0.000050 0.000455 0.107846
-0.003216 0.000122 0.000813 0.100456 0.482515 0.000029 0.096139 0.020512 -0.160676 -0.000207 0.000022 0.000015 0.269166 0.525096 -0.308348 -0.026397 0.602483 0.000061 -0.282164 0.000390 -0.039583 -0.004008 0.073912 -0.049373 0.135306 0.014981 0.029233 0.405668 0.000035 -0.002001 0.145199 -0.257659 -0.104072 0.111285 0.012082 -0.099547 0.000139 -0.000353 0.000046 -0.000034 -0.000094 -0.552560 0.000003 -0.000316 -0.000076 0.000094 0.001253 -0.046320
0.007120 -0.000082 0.000812 -0.188034 0.364297 -0.000069 -0.095898 0.037245 0.338143 -0.000075 0.000294 0.000019 0.055966 -0.274004 -0.372909 -0.083695 -0.403011 0.000120 -0.707998 -0.000017 0.173650 -0.005498 -0.443488 -0.160307 -0.063473 0.033877 0.383849 -0.320755 0.000075 -0.002381 0.223961 -0.001894 -0.034117 0.162652 0.011685 -0.173990 0.000084 -0.000298 0.000025 0.000187 0.000031 0.431885 -0.000042 0.000018 0.000156 0.000017 0.001114 -0.054982
-0.016859 0.000163 0.000647 -0.009070 0.189930 -0.000111 -0.273366 -0.002835 0.253036 0.000033 -0.000042 0.000150 -0.280801 -0.258393 0.219451 0.341890 -0.144448 0.000056 -0.437678 -0.000077 0.011501 -0.004695 -0.412876 0.100320 -0.521221 0.256506 -0.018394 0.063913 -0.000161 -0.002679 0.163669 -0.029654 -0.042096 0.120763 0.012015 0.389902 -0.000062 0.000026 0.000079 0.000071 -0.000002 -0.504724 0.000276 -0.000019 0.000059 0.000104 0.000129 -0.364504
-0.248163 -0.000177 0.001109 0.134146 0.007009 -0.000046 0.453083 -0.365864 0.004278 -0.000074 -0.000028 0.000038 -0.304825 0.189214 0.047173 0.018947 0.014852 -0.000085 -0.554328 -0.000110 -0.081137 -0.004001 -0.782849 0.327440 -0.124901 0.115095 -0.046548 0.015486 0.000006 -0.002464 0.153900 0.030913 0.349458 0.113464 0.010901 0.225675 0.000061 -0.000055 0.000072 0.000067 0.000177 0.071908 -0.000049 -0.000043 -0.000100 0.000038 0.001623 -0.124577
-0.031402 0.000059 0.000613 -0.269283 -0.146609 -0.000147 -0.460487 -0.101389 0.099637 -0.000138 0.000076 0.000166 -0.103650 0.544445 0.000813 0.379521 -0.416623 0.000044 -0.073585 0.000028 0.070678 -0.004507 -0.640629 0.441355 -0.215295 -0.014005 -0.205464 0.025377 -0.000069 -0.003558 0.124428 0.591352 0.167344 0.092150 0.010836 -0.016438 -0.000094 -0.000229 0.000130 -0.000146 0.000084 -0.153269 0.000130 0.000024 0.000254 -0.000143 -0.000980 0.331083
0.217306 0.000196 0.000115 0.480238 -0.188695 0.000029 -0.054458 0.268389 0.035058 -0.000129 0.000062 -0.000061 0.057422 -0.239670 -0.017879 -0.045286 -0.341182 0.000093 0.027349 -0.000091 0.062926 -0.004117 -0.582275 0.096751 -0.713608 -0.066602 -0.246508 -0.583432 0.000036 -0.002809 0.190123 -0.019013 -0.460076 0.149268 0.008883 0.241290 -0.000048 -0.000038 0.000025 0.000082 0.000083 0.003516 0.000001 0.000132 0.000177 -0.000042 0.001575 -0.322536
0.063418 -0.000621 0.000630 0.278605 -0.775001 0.000026 0.073716 0.612096 0.102866 -0.000085 0.000001 -0.000054 -0.136842 0.254452 0.207376 0.336788 -0.204986 -0.000314 0.220476 -0.000089 0.149787 -0.001884 -0.456567 0.004174 -0.250611 0.208703 -0.539395 -0.119848 0.000135 -0.004113 0.089938 0.245376 -0.104552 0.064407 0.007739 0.404723 -0.000075 -0.000196 0.000102 0.000053 -0.000029 -0.394265 -0.000048 -0.000114 -0.000118 0.000030 0.001257 0.182814
-0.429290 -0.000101 0.000762 -0.043526 -0.012273 0.000157 0.129897 -0.242377 -0.067057 -0.000141 -0.000197 -0.000144 0.038330 -0.022367 0.063109 -0.274096 0.172732 0.000160 0.027765 0.000116 -0.272291 -0.002213 -0.296404 -0.356070 -0.411245 -0.092090 0.038274 0.057450 0.000162 -0.004217 0.148649 0.016923 0.240627 0.105490 0.005917 -0.012781 -0.000032 0.000016 0.000014 0.000109 -0.000207 0.381535 0.000105 0.000046 -0.000008 0.000032 0.001413 -0.177924
-0.260228 0.000378 -0.000310 -0.033525 0.075360 0.000039 0.194471 0.120119 0.000011 -0.000059 -0.000054 0.000011 0.465201 -0.097505 -0.038312 -0.329785 0.005996 0.000029 -0.082019 -0.000025 -0.002722 -0.003376 0.109643 -0.187214 -0.013528 0.221033 0.178437 -0.016541 0.000033 -0.004948 0.133730 -0.020226 0.114450 0.094664 0.006074 0.353161 0.000233 0.000098 0.000104 0.000039 0.000086 -0.206971 -0.000185 0.000092 -0.000046 0.000008 0.001956 0.158595
-0.163966 0.001307 0.000039 -0.062306 0.286071 -0.000122 0.349220 0.248813 0.165494 0.000168 -0.000098 -0.000056 -0.460491 -0.479773 0.359412 0.122225 0.718503 -0.000033 -0.801019 -0.000070 -0.538260 -0.003072 -0.815468 -0.180175 0.609609 -0.104677 0.204742 0.011407 0.000195 -0.006307 0.225395 -0.004796 -0.082828 0.168357 0.006792 0.081852 -0.000170 -0.000168 -0.000044 -0.000106 0.000088 0.210631 -0.000087 -0.000006 0.000037 -0.000045 0.001379 -0.450967
-0.386869 -0.000350 -0.000269 0.055974 -0.034965 -0.000157 -0.081339 -0.096283 -0.120326 -0.000058 -0.000037 0.000122 0.124768 -0.241580 -0.044787 0.000685 -0.335493 -0.000249 -0.162693 0.000006 0.250899 -0.002345 -0.433605 0.407376 0.321980 0.044977 -0.094258 0.249404 -0.000132 -0.004703 0.195237 0.015784 0.143242 0.148488 0.006546 0.331666 0.000005 0.000023 -0.000036 -0.000006 -0.000038 0.059328 0.000076 -0.000106 -0.000067 0.000069 0.001247 0.271782
-0.634654 0.000281 -0.000103 -0.160389 -0.182447 -0.000054 -0.240045 0.422123 0.076587 -0.000210 0.000176 0.000116 -0.025826 -0.152201 -0.015389 -0.193779 -0.115940 0.000066 0.386844 0.000142 -0.090696 -0.001374 0.212943 0.458779 -0.312755 0.236914 -0.030847 0.203080 -0.000374 -0.003880 0.165027 -0.060185 -0.025156 0.132154 0.005961 -0.121152 0.000041 -0.000028 -0.000010 -0.000196 -0.000122 0.003968 -0.000028 0.000002 -0.000068 -0.000086 0.001222 -0.015207
0.056586 -0.000022 -0.000333 -0.407340 0.233741 0.000081 -0.170164 0.020814 -0.204006 0.000107 0.000060 -0.000018 0.031787 -0.291749 0.118409 0.184593 -0.344827 0.000032 -0.308155 0.000044 -0.230103 -0.001609 0.041250 0.083768 -0.250100 -0.634189 -0.134446 -0.253241 -0.000130 -0.004408 0.165751 0.023556 -0.690329 0.129361 0.006947 0.155221 -0.000002 -0.000028 -0.000199 0.000026 0.000055 -0.086228 -0.000190 0.000069 -0.000003 -0.000151 0.001757 0.333379
-0.499678 0.000118 0.000196 0.044188 -0.600147 0.000281 0.136003 -0.007869 0.456194 -0.000155 -0.000132 -0.000013 -0.205108 0.197497 -0.218576 0.406033 -0.121606 -0.000085 0.079501 0.000057 0.024961 -0.002530 0.281800 -0.087349 -0.114962 0.193728 -0.056237 0.119526 -0.000026 -0.004421 0.047608 0.288933 -0.176288 0.028490 0.008733 -0.009716 -0.000077 0.000011 0.000018 0.000016 0.000047 -0.379476 -0.000022 -0.000069 0.000042 -0.000075 0.001172 0.350541
0.005476 0.000060 -0.000017 -0.008727 0.178660 0.000060 -0.157548 -0.091302 0.024165 -0.000266 0.000033 0.000039 -0.060124 0.695499 0.048897 -0.037530 -0.094743 -0.000033 -0.164835 -0.000335 0.176729 -0.002443 0.470994 0.051192 -0.160479 0.330292 0.012118 0.215028 -0.000221 -0.004646 0.086823 -0.063438 0.343088 0.057011 0.009492 -0.107471 -0.000024 -0.000121 -0.000009 0.000039 -0.000113 -0.000432 -0.000064 0.000042 0.000154 0.000129 0.001569 0.438436
-0.165485 -0.000086 0.000255 -0.044061 0.097656 0.000177 -0.168970 0.305617 0.156885 -0.000217 -0.000037 0.000057 0.112425 -0.599923 0.094902 -0.551014 -0.217726 -0.000047 0.170753 -0.000235 -0.034498 -0.003525 0.342686 0.366722 -0.544399 -0.198267 0.191279 0.072510 0.000015 -0.004525 0.148912 -0.081695 -0.312492 0.115154 0.009562 -0.235329 0.000111 -0.000231 0.000059 -0.000044 0.000019 -0.268174 -0.000231 0.000026 0.000087 0.000029 -0.000480 0.139434
-0.478729 0.000150 0.000601 0.092605 -0.120931 0.000172 -0.353084 -0.277663 -0.292157 0.000148 -0.000128 -0.000095 -0.093107 -0.070308 -0.023089 0.133429 0.200743 -0.000131 -0.049355 -0.000076 0.531714 -0.003664 -0.109264 -0.115248 0.013574 0.097197 0.354688 -0.278554 -0.000013 -0.002726 0.248868 0.331524 -0.238527 0.192965 0.009580 -0.095286 -0.000107 -0.000303 -0.000076 0.000060 0.000024 -0.045888 0.000102 0.000067 0.000119 -0.000079 -0.001090 0.236606
-0.154831 -0.000240 0.000334 -0.444647 -0.444921 -0.000029 0.511101 -0.039152 0.046938 -0.000236 0.000171 -0.000040 0.033655 -0.312006 0.454019 0.387918 -0.226968 0.000117 -0.174403 -0.000103 -0.112827 -0.003426 0.092624 -0.353197 0.013918 0.476385 0.454260 0.050300 -0.000075 -0.005977 0.155509 0.200694 0.264280 0.116613 0.009087 0.496938 -0.000190 -0.000228 -0.000087 0.000023 0.000047 0.398500 0.000176 0.000039 -0.000054 -0.000080 0.000576 -0.111502
-0.688012 0.000039 0.000353 0.171433 0.136739 0.000116 -0.053267 -0.375977 0.053191 -0.000087 0.000140 0.000229 0.242387 -0.138987 -0.159002 -0.118396 -0.222882 -0.000013 -0.109117 0.000048 -0.059811 -0.004784 0.446610 0.120207 -0.307686 0.080091 -0.008164 -0.249264 -0.000220 -0.004400 0.125313 0.153572 0.098931 0.090899 0.009505 0.136132 0.000006 -0.000067 -0.000084 -0.000045 0.000083 0.348454 0.000050 -0.000039 -0.000100 0.000020 -0.000127 -0.231858
-0.571440 -0.000131 0.000266 -0.306267 -0.064278 -0.000213 -0.286222 0.324937 -0.251403 0.000143 -0.000036 0.000175 0.139862 0.300015 -0.058998 -0.066696 -0.251724 0.000036 -0.151571 0.000198 0.106064 -0.004333 0.290392 -0.180385 0.028130 0.045009 0.050881 -0.032924 0.000068 -0.004091 0.254158 -0.296632 0.200629 0.185683 0.007843 0.019455 0.000036 -0.000067 0.000039 -0.000036 -0.000064 -0.017360 -0.000037 -0.000114 0.000052 -0.000058 0.001028 -0.321686
-0.298073 0.000153 0.000505 -0.049574 0.369231 -0.000110 -0.609887 0.293833 -0.402943 0.000127 -0.000088 -0.000054 0.223426 0.691640 0.424996 -0.225405 -0.046192 -0.000013 -0.444483 -0.000207 -0.557764 -0.002919 0.008746 -0.133351 -0.073764 -0.085036 0.043399 -0.178818 -0.000067 -0.002888 0.118305 -0.148427 -0.363568 0.076594 0.007285 0.015275 -0.000149 -0.000197 -0.000107 0.000157 0.000117 0.172433 0.000241 -0.000033 0.000104 0.000045 -0.001418 -0.195319
-0.256369 0.000065 0.000067 -0.077459 0.157038 0.000162 0.116304 -0.056223 -0.065966 0.000059 0.000004 0.000107 0.168908 0.118084 -0.008895 0.289023 0.359138 0.000069 0.109043 0.000028 0.155341 -0.002499 0.402635 0.037371 0.431346 0.229281 -0.171576 0.068709 0.000050 -0.003654 0.096098 -0.010225 -0.607007 0.054535 0.010154 -0.359558 0.000036 0.000087 0.000010 0.000034 -0.000130 -0.297606 -0.000039 -0.000046 -0.000146 0.000115 -0.001345 0.320866
0.157169 -0.000095 0.000145 -0.220108 -0.222840 -0.000152 0.324310 0.101755 -0.254917 0.000134 -0.000149 0.000367 0.193227 -0.622455 0.232890 0.223042 0.062297 -0.000094 0.155609 0.000029 -0.241544 -0.001690 0.020237 -0.020673 -0.156363 0.369231 0.505175 -0.195392 0.000111 -0.003117 0.115912 -0.229974 -0.207010 0.076590 0.010979 -0.075141 -0.000050 0.000004 0.000081 -0.000084 0.000054 -0.140524 -0.000209 0.000010 -0.000190 0.000132 0.001787 0.167059
-0.009785 -0.000114 0.000041 -0.510495 -0.158840 0.000008 0.018825 -0.134976 0.046088 0.000192 0.000034 0.000157 -0.390443 -0.095382 0.216015 -0.427057 0.582401 0.000034 0.274868 -0.000006 0.297801 -0.001125 0.605758 0.173798 0.549785 0.161140 0.296883 -0.411252 -0.000248 -0.001652 0.142298 0.017163 0.506037 0.094318 0.010294 -0.195381 0.000028 0.000040 -0.000088 -0.000076 0.000039 -0.123965 -0.000016 0.000218 0.000188 -0.000121 -0.000735 -0.408927
0.383207 0.000243 -0.000236 0.007654 0.316285 -0.000046 0.113812 -0.364284 -0.368809 0.000067 0.000011 0.000159 -0.283875 -0.125886 0.065360 0.033695 -0.019227 -0.000029 -0.076482 0.000134 0.175919 -0.003717 0.370243 0.100208 -0.143536 -0.292615 -0.410102 -0.417696 0.000091 -0.003340 0.155638 -0.248025 0.012438 0.119242 0.011611 0.885182 -0.000054 0.000091 0.000027 -0.000027 0.000097 0.096964 0.000061 0.000080 -0.000029 0.000052 0.000563 0.137524
0.220480 0.000042 -0.000015 0.040444 0.021420 0.000068 0.250528 -0.166265 0.460658 0.000102 0.000038 0.000113 -0.004948 -0.409093 -0.225948 0.285130 -0.220602 -0.000028 0.272317 -0.000250 0.079964 -0.003606 0.155891 0.074768 -0.187723 -0.220805 0.051956 0.023363 0.000002 -0.003139 0.050065 0.242139 0.211003 0.030513 0.011664 0.093562 -0.000086 -0.000257 0.000151 0.000090 0.000140 -0.303819 0.000008 0.000199 -0.000052 0.000106 -0.001196 0.533220
-0.373612 0.000012 0.000006 0.049288 -0.029558 0.000054 -0.234253 0.393016 0.272043 0.000005 0.000089 -0.000184 0.205254 0.064057 -0.240359 0.025840 -0.355553 0.000075 -0.105742 0.000140 0.281750 -0.001893 0.032438 -0.204517 0.270309 0.037856 -0.329056 -0.414948 0.000256 -0.003177 0.075632 0.104497 -0.078842 0.053851 0.011858 0.258903 -0.000067 -0.000391 0.000064 -0.000076 -0.000018 -0.141094 0.000157 -0.000044 -0.000030 -0.000091 0.001933 -0.433053
0.012915 0.000030 0.000948 -0.151844 0.193772 -0.000031 0.155414 0.716445 -0.228119 0.000047 0.000017 0.000137 -0.115987 -0.144720 -0.193685 -0.044587 0.065066 0.000021 0.012439 0.000098 -0.214828 -0.004464 -0.360532 0.046403 0.072051 0.351874 -0.128980 -0.437416 0.000429 -0.002534 0.148736 -0.295733 -0.130720 0.102336 0.012534 -0.125772 0.000071 -0.000076 -0.000075 0.000172 0.000126 -0.119843 -0.000077 0.000001 -0.000053 -0.000193 0.002029 -0.127463
0.050028 0.000057 0.000241 -0.109784 0.024841 -0.000189 -0.334566 0.224694 -0.215553 0.000074 0.000027 -0.000058 -0.211379 0.198736 -0.166416 0.139109 -0.010829 0.000041 0.370594 0.000185 -0.673277 -0.004970 0.554948 -0.015916 0.198764 0.699149 0.209231 0.218751 0.000079 -0.001735 0.188435 0.101830 0.000779 0.128914 0.013570 0.579976 0.000160 -0.000170 -0.000114 -0.000008 0.000013 0.424694 0.000039 0.000114 0.000047 0.000050 0.001137 -0.163311
0.003157 -0.000037 0.000027 0.106862 -0.486991 -0.000124 0.221298 0.125968 -0.471029 0.000046 0.000021 -0.000066 -0.169634 0.742344 0.503257 -0.188829 -0.704047 0.000072 0.294493 -0.000116 -0.344950 -0.004488 -0.676013 -0.364217 -0.036011 0.305310 -0.029029 -0.414409 -0.000214 -0.001863 0.235563 -0.564279 -0.430151 0.177552 0.010921 0.325721 0.000104 -0.000050 -0.000146 0.000075 0.000016 0.110689 0.000017 -0.000041 0.000128 0.000128 -0.003863 0.336153
-0.123169 -0.000069 0.000182 -0.015017 -0.000219 0.000276 -0.310166 0.092887 -0.186778 -0.000049 0.000018 0.000023 -0.003368 0.008923 0.311511 -0.166572 -0.223068 -0.000026 0.541148 0.000077 -0.325928 -0.004723 -0.256643 0.059717 0.104513 -0.215767 0.128433 -0.025413 -0.000047 -0.001860 0.141778 0.157431 0.263383 0.101774 0.011960 -0.010073 0.000078 -0.000096 -0.000080 -0.000086 0.000018 -0.367878 -0.000001 0.000144 0.000145 0.000055 -0.002788 0.461410
-0.245071 -0.000013 0.000041 0.188688 -0.232899 0.000072 0.187703 -0.287155 -0.035783 0.000049 0.000021 -0.000035 0.280454 -0.346434 0.346359 -0.049259 0.233256 0.000049 0.125656 0.000092 -0.069112 -0.003652 -0.449987 -0.327516 0.303235 -0.445416 -0.065631 -0.350290 -0.000021 -0.002250 0.193056 0.288977 0.118561 0.132699 0.012610 -0.429516 0.000064 -0.000008 0.000030 -0.000141 -0.000083 0.150143 0.000020 -0.000060 -0.000009 0.000032 -0.003249 0.221255
0.074150 -0.000057 0.000320 0.055532 0.496361 -0.000105 0.238899 -0.382367 -0.184987 0.000221 -0.000208 0.000043 -0.086661 0.136295 0.066091 0.087328 -0.256135 0.000069 -0.035828 -0.000100 0.257132 -0.003469 0.030176 0.385385 -0.014551 0.294707 -0.116694 -0.066302 0.000111 -0.002884 0.150588 -0.371172 0.372076 0.103425 0.010403 -0.214130 0.000118 0.000092 -0.000007 0.000120 -0.000128 0.107277 -0.000066 0.000151 -0.000058 -0.000007 0.001033 0.014650
-0.009207 -0.000034 0.000246 -0.392067 0.224416 -0.000070 -0.074413 -0.126921 0.224198 0.000001 -0.000028 -0.000158 0.431695 -0.469798 -0.065325 -0.217801 -0.349665 -0.000019 0.233205 -0.000128 0.123723 -0.003886 -0.232954 0.456559 0.503715 -0.281999 -0.067674 -0.199199 0.000015 -0.003064 0.121095 -0.352828 -0.518428 0.078390 0.013055 -0.209549 0.000100 0.000033 0.000068 -0.000068 -0.000030 -0.362528 -0.000092 0.000092 -0.000170 0.000087 0.000892 0.028677
0.139244 -0.000041 -0.000010 0.344064 -0.040509 0.000161 0.268008 0.179976 0.096843 -0.000123 -0.000050 0.000212 0.445095 -0.092961 -0.142466 -0.186655 0.330145 -0.000098 -0.276051 0.000025 0.279058 -0.003854 -0.116874 -0.038109 0.211054 0.208575 0.214362 -0.476858 -0.000036 -0.001644 0.154180 0.413438 -0.197788 0.106545 0.011041 -0.035206 -0.000019 0.000056 0.000152 0.000089 0.000180 0.142518 0.000037 -0.000046 -0.000023 -0.000095 0.001081 -0.186971
-0.056644 0.000003 -0.000053 0.287298 0.065235 -0.000120 0.127715 0.190678 -0.168260 0.000003 0.000003 -0.000035 0.249025 0.379545 -0.208005 0.049923 -0.196155 0.000133 -0.178895 0.000064 0.156300 -0.002605 -0.057018 -0.391298 -0.025960 0.260994 0.181455 -0.207537 0.000143 -0.002342 0.093098 0.129886 -0.071229 0.054334 0.011189 -0.000905 0.000095 0.000035 0.000089 -0.000056 0.000066 -0.182316 -0.000149 -0.000186 -0.000332 -0.000016 0.001425 -0.229072
0.074984 -0.000088 0.000506 -0.063891 -0.621515 0.000162 0.369017 0.471072 -0.124811 -0.000004 0.000032 0.000386 0.162182 -0.069516 -0.132902 0.222233 -0.437518 0.000080 0.148326 0.000105 0.315662 -0.002643 -0.346822 0.425398 0.023593 0.171480 0.031834 -0.002319 -0.000196 -0.002488 0.021346 0.209407 -0.186269 0.001825 0.010645 0.023992 -0.000140 -0.000312 -0.000116 -0.000066 -0.000065 -0.124285 0.000093 0.000034 0.000050 0.000044 0.000697 0.153639
0.329725 0.000042 0.000070 -0.131956 0.513760 -0.000050 -0.255441 -0.004475 0.026461 0.000102 -0.000059 -0.000040 0.184418 -0.023837 0.225347 0.222078 -0.124647 -0.000132 0.108847 -0.000248 -0.310282 -0.003945 -0.018488 -0.277994 -0.373876 -0.089196 0.185171 0.182663 -0.000038 -0.001284 0.084797 1.013748 -0.080899 0.048629 0.010337 0.509783 -0.000161 -0.000160 0.000116 0.000019 0.000040 -0.104914 -0.000175 0.000103 -0.000037 0.000147 0.001527 -0.067838
0.057197 -0.000284 0.000466 -0.584951 0.449876 -0.000045 0.157684 -0.227028 -0.125962 0.000020 -0.000065 0.000046 0.170281 0.182747 -0.166584 0.149808 0.091694 -0.000033 -0.107813 -0.000197 -0.211846 -0.004220 -0.176646 -0.413621 0.109324 0.218353 -0.240259 -0.184582 0.000198 -0.001790 0.069752 0.287835 0.093728 0.048943 0.010449 0.327471 -0.000103 -0.000057 0.000039 -0.000031 -0.000134 0.297673 0.000000 -0.000043 -0.000069 0.000041 -0.000233 0.344689
-0.002538 0.000270 -0.000085 0.158196 0.006957 0.000023 -0.385467 0.211290 -0.221054 -0.000139 0.000164 0.000196 0.283681 0.146354 -0.149578 0.260842 0.276682 -0.000105 0.253100 0.000077 -0.474476 -0.002277 0.042576 -0.154341 0.330124 -0.133830 -0.044837 0.289538 -0.000061 -0.002361 0.129600 0.032477 -0.280650 0.094416 0.011010 0.060617 0.000068 -0.000183 0.000098 -0.000049 -0.000039 0.363222 -0.000043 0.000043 -0.000161 -0.000090 -0.001604 0.329299
0.015599 0.000017 0.000509 -0.607312 0.263715 -0.000146 -0.284230 -0.227131 -0.031728 -0.000174 0.000005 -0.000004 -0.218768 0.133435 -0.044486 -0.188943 -0.223372 0.000032 0.093670 0.000105 -0.168779 -0.004990 -0.069510 -0.155137 0.184083 0.121916 -0.248632 0.002980 0.000052 -0.002069 0.167764 0.094358 -0.036694 0.120225 0.011038 0.088963 0.000057 -0.000032 -0.000100 0.000047 0.000014 -0.159788 -0.000064 -0.000080 0.000002 0.000013 -0.003564 0.233831
0.244452 0.000039 0.000100 -0.160656 0.555839 -0.000155 -0.197673 0.544077 0.208996 0.000276 -0.000121 0.000079 -0.247784 -0.363721 -0.525213 -0.274407 0.029338 0.000020 0.074695 0.000232 0.122514 -0.004940 -0.147195 0.260998 0.134168 0.073404 -0.070062 0.192345 0.000112 -0.003963 0.023897 -0.293005 0.298021 0.021380 0.010319 -0.041097 -0.000040 -0.000016 0.000188 0.000141 0.000044 -0.142932 -0.000217 0.000027 0.000052 0.000020 -0.003586 -0.030452
0.034558 -0.000001 -0.000149 0.006538 0.508504 0.000102 -0.088507 0.173756 0.041834 0.000066 0.000030 0.000208 -0.031346 -0.309888 -0.791730 -0.187639 -0.001326 -0.000028 -0.298490 0.000097 0.116727 -0.004256 -0.140035 0.027996 -0.091695 -0.606157 -0.261689 -0.249326 0.000281 -0.004429 0.143281 0.460435 -0.319930 0.100704 0.010349 -0.245385 -0.000050 0.000028 -0.000140 0.000107 0.000026 0.089627 -0.000017 0.000046 0.000071 0.000095 0.000613 -0.249005
-0.162630 -0.000109 0.000165 0.056999 0.007980 -0.000025 -0.095378 -0.435963 -0.004618 -0.000018 0.000031 -0.000219 -0.208938 0.490863 0.230420 0.332968 -0.369931 0.000046 0.098525 0.000054 -0.089498 -0.003389 0.088124 0.834563 0.129789 -0.088202 0.404218 0.307667 -0.000075 -0.003802 0.128237 0.390235 -0.049578 0.087411 0.010530 -0.052914 -0.000126 -0.000015 0.000147 -0.000078 0.000151 -0.288116 -0.000145 -0.000076 -0.000155 -0.000202 0.001998 0.315010
0.199030 -0.000328 -0.000092 0.621723 -0.420038 0.000280 0.176689 0.141948 -0.328608 0.000065 0.000095 -0.000063 0.304517 0.044434 0.306358 0.059214 -0.308477 -0.000077 -0.037896 -0.000105 0.419618 -0.004143 0.044021 0.387883 0.251353 -0.099352 -0.045539 0.166615 -0.000221 -0.003753 0.110888 0.031914 0.310042 0.070144 0.010969 0.080611 -0.000218 -0.000088 -0.000015 0.000105 -0.000017 -0.048123 -0.000166 0.000069 0.000192 -0.000021 0.001372 0.294240
-0.181425 0.000008 -0.000196 -0.175758 -0.473196 0.000043 0.082919 0.251040 0.000213 -0.000060 -0.000027 0.000039 -0.262149 0.024322 0.205695 0.026014 -0.354119 0.000000 0.332017 -0.000131 0.285801 -0.005695 0.005362 -0.200401 0.255716 -0.316178 0.480677 -0.025732 0.000066 -0.003626 0.032985 0.408551 -0.434736 0.022423 0.009972 0.114276 -0.000240 0.000019 0.000106 -0.000063 -0.000034 0.429489 -0.000068 0.000017 0.000039 -0.000109 0.001975 0.026946
0.003178 -0.000020 -0.000080 0.311106 0.005543 -0.000081 0.315390 -0.069425 -0.242322 0.000064 -0.000063 -0.000281 -0.281194 -0.101629 0.064143 0.080062 -0.053633 0.000052 -0.201232 0.000062 0.219616 -0.004988 -0.061958 -0.222832 0.232114 -0.003254 0.311921 0.222551 0.000076 -0.003896 0.039538 -0.000249 0.172014 0.011992 0.009419 0.195058 0.000110 0.000087 0.000075 0.000047 0.000008 0.090781 -0.000136 -0.000177 0.000104 -0.000057 0.000802 -0.224520
0.135771 0.000050 0.000187 -0.240497 0.063274 0.000040 -0.026236 -0.059011 0.010162 0.000213 0.000107 0.000019 -0.208164 0.086507 0.362351 0.079944 -0.035483 0.000056 0.160937 -0.000079 -0.041873 -0.005199 -0.384782 -0.113524 -0.227817 0.168090 0.234081 -0.258463 -0.000023 -0.004452 0.084986 -0.142936 -0.384370 0.058561 0.010068 -0.167109 0.000098 -0.000123 0.000067 -0.000202 0.000099 -0.047184 -0.000147 -0.000076 0.000104 -0.000085 0.001296 -0.230954
-0.642721 -0.000011 0.000620 0.180955 -0.103659 -0.000165 0.172300 -0.421424 0.394177 0.000126 0.000151 -0.000025 0.377017 -0.337492 0.068658 -0.150075 0.078575 0.000076 0.120631 -0.000029 0.312330 -0.006251 0.079489 -0.610408 0.116743 -0.715311 0.460364 0.268593 0.000013 -0.004521 0.104540 0.384744 0.148127 0.075909 0.010747 0.085193 -0.000087 -0.000200 0.000104 -0.000059 0.000146 -0.204044 -0.000114 -0.000014 -0.000177 -0.000011 -0.000682 0.044523
-0.141516 -0.000035 0.000248 0.361852 0.581336 0.000133 0.172989 0.089497 0.572854 0.000010 -0.000079 0.000028 -0.009686 -0.081708 0.143095 -0.145718 0.048112 -0.000116 0.348955 0.000036 -0.162457 -0.004025 0.107129 0.233287 0.107587 -0.030328 -0.024620 0.161000 -0.000101 -0.003114 0.229759 -0.062120 -0.376278 0.169972 0.012262 -0.131220 -0.000094 -0.000129 -0.000124 -0.000079 0.000054 -0.523358 -0.000060 0.000065 0.000043 -0.000093 0.001039 0.032932
0.297564 0.000013 -0.000032 0.253224 0.321474 -0.000160 -0.032311 0.115272 0.311754 -0.000265 0.000014 0.000101 -0.129230 0.375247 0.105763 -0.169041 0.093555 0.000034 0.035349 0.000064 -0.479689 -0.003246 0.407529 0.490663 0.215546 -0.203234 -0.312073 0.512287 0.000018 -0.001745 0.158902 -0.023236 -0.104825 0.119485 0.009420 0.166950 0.000148 -0.000005 -0.000120 0.000034 0.000105 -0.211794 -0.000138 -0.000288 -0.000051 0.000044 -0.004055 0.523711
-0.010049 0.000080 -0.000137 -0.056259 0.068705 0.000146 -0.687560 -0.220890 0.156288 -0.000006 -0.000015 0.000075 0.183323 0.391542 0.040497 0.234158 0.138371 -0.000037 0.001565 -0.000068 -0.220330 -0.003250 0.023783 0.593077 -0.061376 -0.465896 -0.511873 0.603126 -0.000128 -0.001033 0.101193 -0.431572 -0.245757 0.069450 0.010027 0.178524 0.000049 0.000051 -0.000087 0.000040 0.000115 -0.355119 0.000028 -0.000072 0.000102 -0.000015 -0.000827 -0.018994
0.015704 -0.000064 -0.000037 0.174326 -0.480158 0.000153 0.081169 -0.244657 0.325678 0.000001 0.000034 -0.000036 0.633174 -0.043970 0.214418 0.363717 0.030877 -0.000048 0.171902 0.000058 -0.188515 -0.003321 -0.033820 0.070696 0.106085 0.224668 0.262890 -0.322202 0.000211 -0.001775 0.153692 -0.409371 -0.104899 0.121328 0.009844 -0.134260 -0.000008 -0.000154 -0.000211 -0.000103 0.000048 -0.126395 0.000088 0.000034 0.000172 -0.000099 0.000305 -0.226176
0.653896 0.000046 -0.000224 0.195939 -0.136383 -0.000040 0.264688 0.061081 0.218220 -0.000105 -0.000055 0.000219 0.264823 -0.486280 0.213455 0.371413 -0.028734 -0.000024 0.645277 -0.000065 0.245752 -0.002992 -0.268020 -0.432205 0.227808 0.015347 0.118303 0.411051 -0.000155 -0.001847 0.081149 -0.585541 -0.141749 0.061368 0.010652 -0.071368 -0.000056 -0.000008 0.000018 0.000081 -0.000097 0.282909 -0.000048 0.000211 0.000226 -0.000088 0.000698 0.119586
0.380703 -0.000024 0.000164 0.069614 -0.221586 -0.000017 -0.486989 -0.227834 0.254954 -0.000036 -0.000041 -0.000050 -0.024386 -0.653684 -0.556795 0.062358 -0.556305 0.000008 0.551323 -0.000013 -0.063124 -0.002152 0.128207 -0.126585 -0.339649 -0.398338 -0.199998 -0.102261 -0.000142 -0.003484 -0.000904 -0.176328 -0.088731 0.000073 0.010093 -0.122419 0.000102 -0.000042 0.000120 -0.000084 0.000055 0.668385 -0.000025 0.000018 -0.000108 -0.000010 0.001288 -0.090589
-0.071260 -0.000057 0.000131 0.275979 0.008344 0.000101 -0.037298 0.295344 0.427687 0.000027 -0.000031 0.000131 0.186355 0.060510 -0.002465 -0.107548 -0.281966 -0.000087 0.025023 -0.000146 0.025808 -0.005017 0.154308 0.089929 -0.196841 0.226161 -0.217051 -0.033324 -0.000041 -0.003539 -0.002604 -0.317257 0.224255 -0.000586 0.010130 0.162947 0.000054 -0.000107 -0.000106 0.000078 0.000035 0.178154 -0.000210 0.000029 0.000250 -0.000122 0.001245 0.291570
0.178281 0.000042 -0.000164 0.302324 0.135478 0.000015 -0.269530 0.349071 0.354410 0.000206 -0.000192 -0.000055 -0.082596 0.211404 -0.133621 -0.170284 -0.148132 -0.000095 0.168012 0.000048 0.034425 -0.003050 -0.244870 -0.186934 -0.252386 -0.099798 -0.189734 -0.290215 0.000297 -0.003362 -0.003855 -0.511749 -0.433907 -0.000711 0.010852 -0.156410 -0.000064 -0.000379 -0.000075 -0.000085 0.000000 0.313447 0.000022 -0.000041 -0.000151 -0.000078 0.001943 0.242383
0.611837 -0.000044 -0.000052 -0.074783 0.352019 -0.000211 -0.144701 0.110475 0.261861 0.000021 0.000066 0.000056 -0.448188 0.429445 -0.121486 -0.044578 0.430274 -0.000043 -0.152690 -0.000050 0.149483 -0.001011 0.271415 0.314740 0.001004 0.114333 -0.052390 -0.123591 -0.000061 -0.004865 -0.037218 0.355272 -0.256083 -0.012601 0.009963 0.049342 -0.000070 -0.000012 -0.000027 0.000067 0.000018 -0.348739 0.000051 0.000054 -0.000006 -0.000178 0.001814 -0.231789
0.172064 -0.000188 0.000640 -0.366111 0.354456 -0.000028 0.383717 -0.282436 0.004132 0.000007 0.000012 0.000162 0.019037 -0.319147 -0.342061 0.474926 -0.168518 -0.000149 -0.808012 -0.000005 0.046228 -0.001410 0.041253 -0.136797 0.038594 0.250452 0.186326 -0.169053 -0.000252 -0.003593 0.080675 -0.010311 -0.180968 0.052069 0.010110 0.077287 0.000063 -0.000082 0.000044 0.000063 -0.000056 0.441465 -0.000188 0.000017 -0.000329 0.000129 -0.000148 -0.011935
0.341443 0.000047 0.000060 0.310853 0.107537 0.000092 -0.055508 -0.438423 -0.027245 -0.000216 -0.000045 0.000311 0.555073 0.075695 0.121792 0.228708 -0.097206 0.000104 -0.182175 -0.000118 0.522689 -0.000091 0.120971 0.059653 -0.754080 -0.251025 0.128485 -0.370280 0.000010 -0.002482 0.081086 -0.068987 -0.258413 0.060145 0.007912 -0.059233 -0.000001 -0.000047 -0.000019 -0.000006 -0.000023 -0.128861 0.000039 -0.000222 0.000248 -0.000057 0.001627 0.092199
0.426414 -0.000241 -0.000034 -0.013404 0.122990 0.000123 0.423160 -0.128594 0.025844 -0.000180 -0.000066 0.000121 0.454813 -0.328167 0.099719 0.371194 -0.259367 -0.000118 -0.133201 -0.000117 0.207616 -0.003543 -0.173960 -0.173649 -0.132034 0.443895 0.099665 -0.322984 0.000045 -0.003977 0.174456 0.027345 -0.143263 0.124677 0.007779 -0.235626 -0.000001 -0.000027 -0.000111 -0.000154 0.000099 -0.505801 -0.000187 0.000011 0.000111 0.000016 0.000622 0.106260
0.288958 -0.000051 0.000559 -0.025927 -0.194612 -0.000026 -0.231972 0.297977 -0.332530 0.000136 0.000016 -0.000056 0.240367 -0.047613 -0.451029 0.505797 -0.145220 0.000037 0.410086 -0.000053 0.389865 -0.000979 0.063275 -0.033578 -0.324416 0.251851 0.131022 -0.001188 0.000054 -0.003546 0.269684 -0.168869 0.035789 0.203421 0.007322 0.017937 -0.000025 0.000061 0.000051 0.000040 0.000074 -0.178846 -0.000309 0.000124 -0.000013 -0.000127 0.000517 -0.269505
-0.035703 0.000080 0.000393 0.074107 -0.403505 -0.000057 -0.280346 -0.232266 0.139470 -0.000031 -0.000135 -0.000021 0.168311 -0.104355 -0.187531 -0.079929 0.218248 0.000046 0.203880 -0.000082 -0.010033 -0.002749 0.093856 -0.427438 -0.223894 0.020954 0.095383 -0.224190 -0.000144 -0.003541 0.278443 -0.680010 0.460695 0.211793 0.007990 -0.446101 -0.000177 -0.000023 -0.000078 -0.000096 0.000038 0.534155 -0.000072 -0.000082 0.000199 -0.000104 0.001631 -0.104141
-0.156016 -0.000068 0.000456 0.008920 0.188587 0.000008 -0.142229 -0.465466 0.042262 0.000182 0.000047 0.000066 0.125553 -0.387900 0.478927 -0.465218 0.620783 0.000040 0.366827 -0.000028 -0.271076 -0.003933 0.059793 -0.047017 0.001761 -0.297077 -0.141475 -0.248999 0.000054 -0.004262 0.204967 -0.212931 0.229665 0.160939 0.007708 0.306693 -0.000039 0.000076 0.000068 0.000053 0.000035 0.392648 -0.000045 0.000208 0.000062 -0.000049 0.001157 -0.079622
-0.249696 0.000074 0.000512 0.369325 0.404006 -0.000047 0.013566 -0.016047 -0.037103 0.000218 0.000020 0.000008 -0.172057 -0.321650 0.347397 -0.422662 0.215826 0.000046 0.054393 0.000139 0.120181 -0.005466 -0.036465 -0.095136 0.404331 0.237910 0.471890 0.227559 -0.000055 -0.002338 0.266691 -0.075397 0.150806 0.183056 0.009081 -0.286660 -0.000000 0.000066 -0.000093 0.000105 -0.000102 -0.058419 -0.000050 0.000034 -0.000178 0.000044 0.001280 0.067607
-0.128847 0.000337 0.000217 -0.078007 0.546128 -0.000325 0.255823 0.289120 0.346957 -0.000367 0.000163 0.000134 0.094597 -0.431351 0.356972 -0.133787 -0.152943 -0.000080 -0.097309 -0.000003 0.071507 -0.004423 -0.137105 -0.267590 -0.071500 0.258718 0.001335 0.322471 0.000115 -0.002968 0.287880 -0.146987 -0.273169 0.211498 0.009917 -0.187717 -0.000167 -0.000014 0.000055 -0.000047 -0.000172 0.167993 -0.000092 -0.000157 0.000038 0.000027 0.001259 0.250462
-0.165526 0.000018 0.000114 0.308905 -0.096895 0.000042 0.199210 -0.001587 0.119668 -0.000204 0.000070 0.000144 0.009749 0.120691 -0.043023 0.351332 0.249841 -0.000166 -0.104524 -0.000098 0.067371 -0.003310 -0.241985 -0.334705 -0.194823 0.014622 -0.252274 -0.140718 0.000013 -0.003008 0.197970 -0.210769 0.134973 0.144614 0.008768 0.177319 -0.000190 0.000043 -0.000057 -0.000088 -0.000009 -0.268483 0.000082 -0.000040 0.000444 -0.000168 0.001738 -0.469396
-0.356728 -0.000032 0.000023 -0.025675 0.021755 -0.000284 0.199148 0.274291 0.125528 -0.000097 0.000173 -0.000030 -0.238137 0.503897 0.073904 -0.159566 0.013657 -0.000047 0.097649 -0.000084 -0.518218 -0.003841 0.142487 0.263495 -0.076054 -0.410595 -0.006088 0.410309 -0.000002 -0.003333 0.146852 -0.002740 -0.490644 0.104899 0.010739 -0.319814 -0.000029 -0.000148 -0.000215 0.000014 -0.000010 -0.047481 -0.000021 0.000052 -0.000051 -0.000304 0.002002 -0.002232
0.260526 -0.000108 0.000301 0.063411 0.066145 -0.000037 0.554938 -0.274623 0.077019 -0.000051 0.000097 0.000069 0.361381 0.110251 0.270283 0.206107 -0.227764 0.000033 -0.099750 -0.000146 -0.148817 -0.002954 -0.233817 -0.004938 -0.101721 -0.000033 -0.345558 0.176504 -0.000162 -0.003715 0.120905 -0.182815 -0.401584 0.085044 0.010373 0.243944 0.000025 -0.000040 0.000069 0.000109 0.000047 0.085486 -0.000038 -0.000028 0.000087 0.000121 0.001424 0.254528
-0.047690 -0.000077 0.000299 -0.300967 -0.604472 0.000134 -0.354769 0.014792 0.078530 -0.000132 -0.000075 0.000154 0.782617 0.062817 -0.115170 0.036778 -0.028447 0.000063 0.144813 0.000091 -0.092194 -0.004749 0.023712 -0.064300 -0.111503 0.214507 -0.303147 -0.051139 0.000125 -0.003709 0.098456 0.101215 -0.106837 0.067965 0.011635 0.179041 -0.000016 -0.000000 0.000109 -0.000012 -0.000061 -0.064889 -0.000075 0.000019 0.000029 -0.000080 0.001570 0.077299
-0.075566 0.000036 -0.000209 -0.281149 -1.114905 0.000116 0.191572 -0.543084 -0.130190 -0.000142 -0.000028 0.000043 0.115651 0.061194 -0.039074 -0.084445 0.006312 -0.000036 0.553200 -0.000106 0.255310 -0.002773 -0.097583 -0.216180 0.212393 -0.597181 -0.305142 -0.243949 0.000121 -0.001970 0.154013 -0.016840 0.156078 0.115458 0.010541 0.193459 -0.000025 0.000105 -0.000015 -0.000259 -0.000003 -0.187517 0.000025 -0.000086 0.000151 0.000066 -0.001019 0.029530
0.207723 0.000064 0.000101 -0.000366 -0.165924 0.000126 0.089767 -0.104299 0.374381 0.000129 -0.000010 0.000217 -0.506924 -0.368998 0.010221 -0.371510 0.391478 0.000025 0.172834 -0.000076 -0.133582 -0.002076 -0.532104 -0.000510 -0.062621 -0.259361 0.122757 -0.370602 0.000029 -0.003025 0.161817 0.010435 0.357978 0.130343 0.009749 0.444182 -0.000031 -0.000299 -0.000059 0.000131 0.000038 -0.052182 -0.000024 0.000105 -0.000046 0.000095 0.000538 -0.424239
-0.419791 0.000027 -0.000242 -0.252260 -0.016225 0.000174 -0.082033 -0.214462 0.415520 -0.000048 -0.000018 -0.000298 0.092056 -0.110393 0.161274 0.249181 0.207433 0.000115 0.049236 0.000061 0.248501 -0.002735 0.216322 -0.354833 0.334812 -0.184362 0.195834 0.089159 -0.000195 -0.003619 0.205425 0.238287 0.099078 0.157632 0.008383 0.189501 0.000136 -0.000230 -0.000046 0.000016 -0.000194 -0.187537 -0.000071 -0.000005 -0.000018 -0.000042 0.001273 0.005598
0.180851 -0.000189 -0.000180 -0.204439 0.303009 0.000075 0.070834 0.273220 -0.271141 -0.000022 0.000323 -0.000236 0.251128 0.104345 -0.277913 -0.301643 0.156095 -0.000069 0.026301 0.000100 -0.276565 -0.003580 -0.030978 0.102589 0.027857 -0.661478 -0.072470 0.240029 -0.000051 -0.002234 0.149662 0.008547 -0.512571 0.118227 0.008392 0.415202 -0.000018 0.000002 -0.000114 0.000076 -0.000010 0.020727 -0.000053 -0.000058 0.000237 0.000022 0.001876 -0.263456
-0.250553 0.000003 -0.000132 0.468459 0.249518 0.000153 0.411372 0.131111 -0.218795 0.000029 0.000077 -0.000142 -0.274425 -0.147650 -0.215800 0.105064 -0.556572 0.000028 0.269461 -0.000241 0.162198 -0.002649 0.330837 -0.004848 0.028776 -0.014085 -0.469927 -0.134135 0.000005 -0.002318 0.142895 0.219020 -0.346836 0.109691 0.006981 0.704655 -0.000001 -0.000023 0.000097 0.000051 0.000088 0.440783 0.000042 -0.000080 -0.000066 -0.000035 0.001575 0.210765
-0.092534 -0.000125 -0.000059 0.379573 0.358050 0.000151 0.343518 0.089497 0.022402 -0.000263 -0.000015 0.000149 0.137421 -0.231654 -0.353274 0.312020 0.237873 0.000036 0.115232 0.000006 0.215592 -0.001888 0.155377 -0.331090 0.093480 -0.307243 -0.097671 -0.094764 -0.000193 -0.002345 0.003812 0.169209 0.249356 0.003064 0.005332 -0.281922 0.000055 0.000002 -0.000041 0.000115 0.000110 0.032202 0.000039 -0.000104 -0.000044 -0.000094 0.001127 -0.142792
-0.091581 0.000040 -0.000149 -0.284514 0.307317 -0.000167 0.247974 -0.209884 0.147354 0.000011 0.000093 -0.000225 -0.295849 -0.162147 -0.657615 0.154418 -0.218178 0.000018 0.580333 0.000039 -0.497008 -0.001852 -0.033740 0.095129 -0.297778 -0.673963 0.040553 -0.155216 -0.000024 -0.002495 0.001751 0.073890 -0.523299 0.003060 0.007672 -0.438296 0.000124 -0.000038 0.000077 0.000040 0.000012 -0.158697 -0.000017 0.000131 -0.000182 0.000001 0.001870 -0.166237
