0.022748
-4.885310
-4.079385
5.668930
-7.140489
-0.000339
-7.049335
0.008014
0.849485
-5.842534
0.017976
5.611766
-6.291495
-0.002659
-0.004377
0.008060
0.020650
0.004965
-0.023664
-4.796839
-0.001453
0.020423
-6.152227
-7.917637
-0.012117
-0.008900
-0.041202
-5.241272
-0.002422
-0.003321
-5.348787
6.063383
0.000020
-6.170179
0.011823
-0.008521
5.433554
0.010609
-0.000208
-5.193344
-0.003603
4.688262
-0.025576
5.238219
-0.002520
0.008993
0.977004
-8.055249
-7.314183
0.026013
-0.005847
0.010970
-4.318341
5.742108
-5.930731
0.003945
-3.120885
0.000833
5.349061
-0.000029
-0.004679
-6.346334
0.003512
0.946307
-6.253766
0.021126
5.210936
0.007618
-0.012376
-7.079860
0.022842
-5.550241
-8.099935
-6.717090
-0.002534
-0.001058
0.005422
-0.000083
-6.214741
5.893992
-5.350380
-6.303625
-6.597456
-5.337055
-7.198084
-0.019415
-5.625381
0.005574
-0.001228
-4.200956
-4.978451
-0.005606
0.008407
0.008272
-0.000891
-0.007745
-6.684968
4.648981
-0.000725
0.006441
-0.003376
-0.004089
0.007270
-5.854156
6.025097
-7.740777
-5.513037
0.008321
-5.288556
-0.002022
-0.003532
-6.500190
-0.000733
-0.008411
-7.429001
-0.012440
-5.617634
-0.000023
0.027865
0.000724
0.002554
0.018858
0.007094
0.005630
0.011303
0.006120
0.037738
-0.001087
0.009641
-7.889303
-4.513773
-0.007485
-4.837193
5.107775
4.578215
