-0.005838
-0.008156
-0.007234
0.000000
0.000000
-0.002543
-0.006724
-0.005969
-0.005986
0.000000
0.000000
0.000000
-0.003551
-0.005076
-0.003893
0.000000
-0.006001
0.000000
0.000000
-0.002303
-0.007912
0.000000
-0.004221
-0.004937
-0.006643
0.000000
-0.002335
-0.001216
0.000000
-0.009786
-0.001650
-0.006156
-0.004312
-0.006186
-0.006822
-0.007050
-0.007373
0.000000
0.000000
-0.006200
-0.003721
0.000000
-0.005353
-0.002167
-0.006027
0.000000
-0.003707
0.000000
-0.001017
-0.003360
-0.005108
0.000000
0.000000
-0.003406
-0.002549
-0.013278
-0.006004
-0.005894
-0.005006
0.000000
-0.007320
-0.003526
0.000000
-0.006461
-0.005282
-0.005141
-0.003821
-0.003063
0.000000
-0.001306
-0.007957
-0.008052
-0.002720
-0.006898
-0.001633
-0.006553
-0.004600
-0.004374
-0.003740
-0.001638
-0.002040
-0.003022
-0.002175
-0.004548
-0.005102
-0.003701
-0.000772
-0.002672
-0.005163
0.000000
-0.006002
0.000000
0.000000
-0.001693
-0.005384
-0.004739
-0.005194
-0.003692
-0.006001
-0.005943
0.000000
0.000000
-0.001890
-0.006223
-0.003271
-0.002389
-0.035269
-0.001980
0.000000
-0.005185
-0.009408
-0.002504
-0.001109
-0.005756
-0.003249
-0.005972
-0.005020
-0.002538
0.000000
-0.005480
-0.004654
-0.001180
-0.005000
0.000000
0.000000
0.000000
-0.007153
-0.005209
-0.001176
0.000000
-0.003888
-0.006004
-0.003114
0.000000
-0.003964
-0.004337
-0.006004
-0.007401
0.000000
-0.005228
0.000000
0.000000
-0.005002
-0.003088
-0.005134
-0.007730
-0.003743
-0.007782
-0.012045
-0.002499
-0.009030
0.000000
-0.006004
0.000000
-0.006004
-0.004668
-0.006216
-0.001544
-0.005022
0.000000
0.000000
-0.003683
0.000000
0.000000
-0.001866
0.000000
-0.004337
0.000000
-0.006510
0.000000
0.000000
0.000000
-0.006284
-0.003900
0.000000
0.000000
-0.004828
-0.001932
-0.006395
-0.005722
0.000000
0.000000
-0.003168
0.000000
0.000000
0.000000
-0.005067
0.000000
0.000000
-0.005855
0.000000
0.000000
0.000000
0.000000
-0.006003
0.000000
0.000000
-0.005018
0.000000
-0.006004
-0.003868
-0.006348
0.000000
0.000000
-0.005996
0.000000
0.000000
-0.007535
-0.005200
0.000000
-0.004107
-0.003508
-0.002525
-0.008394
-0.001747
-0.005587
-0.006004
-0.004792
0.000000
-0.005110
-0.006117
-0.002237
0.000000
0.000000
-0.003750
0.000000
-0.006738
-0.003236
-0.002993
-0.010272
-0.004378
-0.005984
-0.006072
0.000000
0.000000
-0.007255
-0.008143
-0.007467
0.000000
0.000000
-0.004954
-0.006005
0.000000
0.000000
-0.001741
-0.005210
-0.006344
-0.004668
0.000000
-0.038017
0.000000
-0.005630
-0.005980
-0.002567
-0.002968
-0.004861
0.000000
-0.006247
0.000000
-0.008122
0.000000
-0.007289
0.000000
-0.003879
-0.013520
-0.005786
-0.006004
-0.002904
-0.001879
-0.006005
-0.004985
0.000000
0.000000
-0.006005
-0.015237
-0.005397
0.000000
-0.008011
-0.006614
-0.006005
0.000000
-0.005143
-0.006000
-0.004981
-0.005643
-0.001851
0.000000
0.000000
-0.002507
-0.007216
-0.004813
-0.006005
0.000000
-0.002103
-0.007471
-0.005112
-0.004859
-0.031872
0.000000
-0.016172
-0.006795
-0.001772
-0.001700
-0.003521
-0.005069
-0.006551
-0.004921
0.000000
-0.003053
-0.006004
0.000000
-0.004160
-0.002231
-0.001217
0.000000
0.000000
0.000000
0.000000
-0.003051
-0.008476
0.000000
-0.004009
0.000000
-0.001481
-0.003448
0.000000
-0.005995
-0.006004
0.000000
-0.004925
-0.005103
-0.004003
0.000000
-0.001268
0.000000
-0.003466
0.000000
0.000000
-0.002312
-0.008971
0.000000
0.000000
-0.001010
0.000000
-0.003328
-0.001722
-0.006029
-0.010533
-0.004031
-0.006606
-0.001948
-0.006004
-0.008903
-0.000822
-0.003820
-0.005981
-0.006005
-0.005448
-0.002977
0.000000
0.000000
-0.006004
-0.010305
0.000000
0.000000
-0.002017
-0.005466
0.000000
0.000000
-0.005513
-0.004628
-0.002317
0.000000
-0.005704
-0.005290
-0.006064
0.000000
-0.005927
-0.003485
-0.006004
0.000000
-0.002721
-0.003939
-0.004355
-0.006018
-0.007423
0.000000
0.000000
0.000000
-0.006872
-0.002438
-0.007750
0.000000
-0.000766
0.000000
-0.004767
0.000000
0.000000
-0.003431
-0.005618
-0.001049
-0.006431
-0.001275
-0.002318
-0.010274
-0.006512
0.000000
-0.007725
0.000000
0.000000
0.000000
-0.005362
-0.000729
-0.002832
0.000000
-0.004346
-0.001154
-0.004135
-0.007442
-0.009640
-0.008167
-0.005987
-0.002612
-0.010215
0.000000
-0.008295
0.000000
-0.007100
-0.002680
-0.004553
-0.008659
-0.001183
-0.007457
-0.006695
-0.002444
-0.003941
-0.004449
-0.004756
0.000000
-0.005305
-0.004860
-0.000956
-0.001695
0.000000
-0.008937
-0.006004
-0.003628
0.000000
-0.006168
-0.005427
0.000000
-0.006004
-0.004939
-0.003271
0.000000
-0.006003
-0.002561
-0.002455
0.000000
0.000000
-0.003723
0.000000
-0.004353
-0.005390
-0.002282
0.000000
0.000000
-0.007028
-0.011738
-0.005787
-0.007241
-0.006723
-0.006005
0.000000
-0.007343
0.000000
0.000000
-0.006056
0.000000
-0.005027
0.000000
0.000000
0.000000
-0.006003
0.000000
-0.002680
0.000000
-0.006517
-0.002592
-0.005214
-0.005399
-0.004737
-0.005672
-0.002517
0.000000
-0.005095
0.000000
-0.001734
0.000000
-0.006001
-0.006005
-0.001144
-0.007475
-0.003116
-0.002041
-0.001448
-0.002131
-0.001064
0.000000
0.000000
-0.001643
-0.010161
