-0.001809
0.020110
-0.477612
-0.000689
-0.450188
-0.250332
-0.001922
-0.013340
-0.006770
-0.362489
-0.009533
-0.002789
-0.001735
-0.023019
-0.710518
-0.349495
-0.000567
-0.465663
-0.002665
-0.273237
-0.001235
0.009659
-0.253636
-0.005859
-0.005752
-0.177290
0.036000
-0.538992
-0.004475
1.285511
-0.000601
-0.003705
-0.003558
-0.006303
-0.029635
-0.002188
-0.006932
-0.002497
0.007912
-0.004755
0.007058
-0.002040
0.000966
-0.014392
-0.000072
-0.012094
-0.000076
-0.241802
-0.010271
-0.222325
-0.011495
-0.008974
-0.003040
-0.342293
-0.001391
-0.007671
-0.032353
-0.000640
-0.004040
-0.002535
-0.000845
-0.002416
-0.002952
-0.242500
-0.001436
-0.000920
0.006290
-0.285823
-0.009666
-0.023754
-0.273954
-0.001203
-0.011304
-0.477288
-0.225502
-0.000888
-0.505744
-0.241056
-0.002505
-0.005188
-0.560486
-0.012620
-0.005902
-0.000907
-0.015119
-0.000783
-0.033448
-1.017118
-0.229676
-0.000419
-0.751919
-0.003542
-0.005194
-0.000995
-0.004017
-0.234957
-0.003084
-0.009999
-0.278668
-0.087060
-0.004121
-0.219319
-0.006247
-0.007446
0.000221
-0.006969
-1.398488
0.000726
-0.002796
-0.002341
-0.008152
-0.000431
-0.002445
-0.002440
-0.043691
-0.015585
-0.002257
-0.010983
-0.288966
-0.245538
-0.261763
-0.008423
-0.001009
-1.026784
-0.440212
-0.000478
-0.000907
