-0.019552
-0.001022
-0.025436
-0.007271
-0.002250
-0.010701
-0.001318
-0.316461
-0.007257
-0.001912
-1.383348
-0.011472
-0.001033
-1.035154
-0.009936
-0.013675
-0.000943
-0.000738
0.000377
-1.203775
-0.095587
-0.028577
-0.010242
-0.002701
-0.000478
-0.000978
-0.008674
-0.000250
-0.000096
-0.038411
-0.002914
-0.000928
-0.001020
-0.000815
-0.011798
-0.006529
-0.000919
-0.108778
-0.002027
-0.002654
0.107432
-0.003026
0.001357
-0.121332
-0.002012
-0.868497
-0.086835
0.001193
-0.001784
-0.203604
-0.287867
-0.019922
-0.235376
-0.011158
-0.035786
-0.191007
-0.002629
-0.189768
-0.234949
-0.174084
-0.009027
-0.234343
-0.060867
-0.011857
-0.000980
-0.004506
-0.017301
-0.003392
-0.001808
-0.287380
-0.000579
-0.001350
-0.273086
-0.282516
-0.001933
-0.004064
-0.088604
-0.340759
-0.004836
-0.006843
-0.008212
-0.626865
1.334832
-0.240904
-0.001526
-0.000630
-0.005993
-0.021424
0.020724
-0.519940
-0.066437
-0.001242
-0.221546
-0.254798
-0.002157
-0.015646
-0.045633
-0.008282
-0.186957
-0.009098
-0.579024
-0.001184
0.001289
-0.000392
-0.031858
0.001809
-0.001068
-0.001472
-0.003572
-0.002541
-0.000176
0.144502
-0.005396
-0.021076
-0.002031
-0.000340
