-0.029962
-0.004661
-0.011548
0.011026
0.008259
-0.013409
-0.016826
-0.045926
-0.000978
-0.003116
-0.022792
-0.008678
-0.000354
-0.012754
-0.007501
-0.014310
0.001682
-0.000349
-0.000559
0.003060
-0.001548
-0.048119
-0.008238
0.027430
0.022894
-0.000147
-0.035968
0.022566
-0.000282
-0.001668
-0.034764
0.022646
-0.003826
-0.000092
-0.004977
-0.000243
0.003307
-0.001653
0.043648
-0.008891
-0.001092
0.024967
-0.000322
-0.000380
-0.002034
0.023407
-0.054405
-0.010289
-0.001964
-0.003918
0.012931
0.005953
0.021965
-0.007048
-0.042951
-0.000978
-0.015981
-0.000064
-0.000512
0.023227
0.007189
