-0.016923
0.001338
-0.047332
-0.001374
0.016772
-0.000994
-0.000793
-0.001576
-0.000242
0.003640
-0.004791
-0.007848
0.009504
-0.000302
0.006622
-0.036058
-0.047741
-0.000117
0.043930
-0.002915
0.000091
-0.002842
-0.006164
-0.004923
-0.004394
-0.001460
-0.004525
-0.033204
0.020082
0.042929
0.010018
-0.006313
-0.004531
-0.039192
-0.001821
-0.000517
0.022537
-0.001310
-0.023046
-0.005190
0.048871
0.019948
0.019844
0.020380
-0.000168
-0.001143
-0.002460
0.018101
-0.002277
0.024402
-0.002635
-0.002299
-0.001276
0.046650
-0.003332
0.026099
-0.006968
-0.037664
-0.001237
0.026422
0.026757
-0.000521
0.000606
0.005361
-0.038040
-0.000129
0.025428
-0.013562
-0.007870
-0.001661
-0.000373
-0.000423
-0.000447
0.015735
0.040620
0.016453
-0.002135
0.022872
-0.006172
-0.004330
0.032011
-0.000659
0.016969
-0.000260
0.016387
-0.015654
-0.026303
0.040785
-0.029346
0.017142
-0.013274
0.015381
-0.000280
-0.022308
0.013058
-0.000706
-0.000746
0.018467
-0.008234
0.023348
-0.004801
-0.000383
-0.035965
-0.001738
-0.000285
-0.000280
0.007977
0.003267
-0.000090
-0.013220
0.017896
0.007242
-0.000695
-0.001431
-0.001207
-0.000424
-0.002424
-0.000893
-0.000655
-0.003322
0.027607
-0.002223
0.013012
-0.001638
-0.003996
