0.349628
1.958467
1.390283
0.013167
-1.317146
0.032922
-0.012382
-0.012918
-0.675105
-0.006990
1.516955
0.004595
-1.655103
-0.000137
-0.030353
1.456190
0.563165
-0.004296
-0.800966
1.914705
-0.000069
0.005084
0.123840
0.022431
1.716156
-0.009548
0.005463
1.952937
-1.367610
-0.732819
0.004906
1.582638
2.150965
0.675517
-0.000463
1.893126
-2.068928
-0.013504
-0.029284
1.447441
-1.234172
-1.215869
-2.134555
-0.381308
0.034199
-0.033555
-0.019483
-0.220142
-0.010612
-2.018724
-0.024071
-0.010769
-0.012855
-1.071575
-0.022910
-2.462142
-0.015894
0.612116
0.014936
-0.427975
-0.424229
-0.000182
0.000558
1.892942
3.637677
0.000072
-0.375356
1.349483
2.502144
0.005145
0.000347
0.006888
0.006642
-1.617914
-0.792063
-1.542238
0.049802
-0.299345
-0.024699
-0.004275
-0.471069
0.023748
-0.023381
0.000255
-0.893278
1.742542
1.112291
-0.713757
2.438047
-2.051949
1.829770
-0.328244
0.005560
-0.031438
-1.906259
0.000207
0.004791
-1.908639
0.023835
-2.055426
1.537810
-0.000096
0.853527
0.005418
-0.000164
-0.002957
-0.183566
1.974435
-0.000096
2.394083
-0.971693
-1.056710
0.005501
-0.005729
-0.024336
0.006908
0.016714
-0.055179
0.003970
0.023538
-0.402520
-0.006391
-1.946623
-0.001518
1.296566
