0.026479
-0.006343
-0.006339
0.046278
-0.000887
0.009027
0.004007
-0.007676
2.582142
-0.000276
-0.015470
-0.005431
0.022020
0.020660
-0.000281
-0.038137
-0.031466
0.038405
-0.019260
-0.013335
-0.000175
0.004320
-2.610049
-0.026736
-0.029247
0.009778
0.017968
0.000261
0.000245
-0.000430
-1.494299
-2.408332
0.000885
-2.505978
0.000107
0.001694
4.348855
-0.000277
-0.000254
-0.029399
0.012263
-0.000328
-0.010672
5.411267
4.012076
-0.010111
0.001513
-0.010031
-0.009564
-2.727861
-0.001627
-0.000253
0.000253
0.000362
-0.025499
0.006274
-0.000132
0.000239
2.996196
-0.024981
0.008129
-0.004380
-0.022554
0.000902
-3.025157
4.064824
0.000376
0.010655
0.000145
0.021732
-2.515749
0.000030
5.984718
-1.973543
-0.028835
0.012828
0.004111
-0.006264
0.014614
-0.000509
0.008363
0.026141
-0.000123
4.426478
-2.829879
-0.001222
-0.000130
3.332877
-0.000052
-0.003950
0.000010
-2.373107
5.768416
0.007372
5.153621
2.127583
0.015977
0.019362
-1.742043
-0.000059
0.023179
0.005212
0.000257
-0.001732
0.021222
0.014585
-0.003836
0.000372
-0.009175
-0.017455
4.775164
-0.039171
-3.131671
-0.012077
0.002698
0.000289
-0.001400
-0.000589
-3.808008
0.029454
4.460496
-0.038801
3.748988
-0.031272
0.000010
0.019865
-0.003545
0.000013
-0.013639
0.039116
0.025340
-0.000502
-0.022738
0.006699
0.006439
-0.000042
-4.215376
-0.006870
-0.002851
-0.014757
2.719450
0.007799
-2.468555
2.626205
0.550170
-0.007907
0.018783
5.529705
0.016786
-0.000580
-0.006210
0.008508
-0.001176
4.928313
0.004331
0.007891
0.010168
0.002279
3.242473
-0.022994
-3.100564
-0.003325
0.037864
-0.021319
-0.005659
0.022233
2.556803
-0.003356
-0.000142
2.187993
0.028539
0.002958
-0.019643
-0.035315
-0.001265
0.015395
0.001454
2.960627
-0.025888
-0.028607
0.000252
0.000691
0.021270
3.508161
-0.035931
0.000758
-3.070732
-3.250392
-0.001947
-0.000051
-2.000945
0.007640
4.434191
-0.014612
3.771970
0.000213
