-0.001506
-0.002391
-0.004009
-0.009577
-0.006727
-0.001148
-0.001737
0.009637
-1.226144
-0.001410
-0.004237
-0.001513
-0.004236
0.001691
-0.001379
1.511343
-0.003845
-1.340417
-0.020738
0.009875
-0.005232
-0.002256
0.289712
-0.002761
0.129775
-0.013732
-0.018693
-0.004009
-0.000300
0.005462
-0.010160
-0.044961
-0.010708
-0.534595
-0.002350
-0.001554
-0.007503
-0.011423
0.002608
-0.761898
0.590604
-0.021355
-0.016026
-0.001817
1.044109
-0.390442
-0.000663
-0.004333
-0.418885
-0.001474
-0.006117
-0.015229
-0.002749
0.709006
-0.000603
-0.000498
-0.008487
-1.589710
-0.007283
-0.001441
-0.005258
-0.001011
-0.003180
-0.003403
0.615986
-0.004264
-0.000669
-0.003401
0.209542
0.554436
0.385465
-0.013753
-0.001910
-0.005680
-0.004625
-0.002039
-0.004439
-0.007498
-0.004795
-0.012387
0.000595
-0.007191
-0.001265
-0.001674
-0.001797
-0.005561
-0.005639
-0.003293
0.123562
0.534974
-0.010864
-0.009815
-0.004454
-0.024796
-0.012047
-0.019851
-0.003133
-0.013361
-0.018402
-0.006256
-0.005048
-0.007235
-0.001960
