-0.015912
0.026877
-0.000801
-0.010659
-0.000428
-0.017050
0.001129
-0.001618
-0.002600
-0.001671
-0.008078
-0.001541
-0.009134
-0.021534
0.005025
-0.002426
-0.000522
-0.008055
0.033732
0.025129
0.028339
0.004261
-0.011027
-0.000604
-0.000701
0.000065
0.003914
-0.002310
0.030729
0.016582
-0.005697
0.003070
-0.007300
-0.043947
-0.000551
0.027230
-0.000549
0.007959
-0.000839
0.006175
-0.000338
-0.042208
-0.000350
-0.011643
0.029759
-0.035941
-0.002952
-0.000040
0.015691
0.008482
-0.001630
-0.009210
-0.000337
-0.010072
0.018390
0.008540
-0.000763
0.011327
0.004976
0.016387
0.013389
0.021576
-0.000103
-0.000696
0.057397
0.002657
-0.000752
0.031691
0.016930
-0.002140
-0.007055
-0.024233
-0.000281
0.020337
