0.114166
-0.004523
0.251708
-0.383643
-0.001580
-0.005752
-0.001248
-0.000847
-0.232269
-0.015264
0.104400
-0.000829
-0.244466
0.307854
0.278288
-0.001809
-0.005741
-0.002941
0.244615
-0.000725
-0.000612
-0.027979
-0.126990
-0.001282
-0.000359
-0.001977
0.292177
-0.001417
-0.003189
0.181520
-0.178970
-0.001796
-0.270048
-0.000090
-0.000944
-0.002306
-0.000749
-0.002341
-0.002789
-0.002646
0.081327
-0.002792
-0.004451
-0.001175
-0.046204
-0.330586
-0.000081
-0.003968
-0.010499
0.000354
-0.001720
-0.138726
-0.000210
-0.000428
-0.004322
-0.021869
-0.000369
-0.009841
0.000372
-0.002110
-0.282021
0.144281
-0.004436
-0.221501
0.036763
-0.200139
0.213111
-0.003496
-0.077356
-0.254833
-0.001244
-0.012035
-0.007927
-0.002089
-0.002091
-0.001531
0.001323
-0.003095
-0.000576
-0.000000
-0.002103
-0.001739
0.348184
-0.148001
0.247456
-0.768824
0.018126
-0.011178
-0.001211
-0.001043
-0.000425
-0.002680
-0.073797
-0.436373
-0.001701
-0.268659
-0.003898
-0.011325
-0.264772
-0.201981
-0.002217
-0.000978
0.000073
-0.000789
-0.000904
-0.016713
-0.007324
-0.000866
0.344319
-0.013917
-0.155978
0.001111
-0.001657
-0.000953
-0.001257
-0.237712
-0.001065
-0.003574
-0.002932
-0.002084
-0.222089
-0.002363
-0.001317
-0.001823
-0.413742
-0.000747
0.036355
0.001224
-0.113993
0.242099
-0.001994
-0.005823
-0.002332
-0.001513
-0.006440
-0.002067
0.000211
-0.001870
-0.006159
-0.005602
-0.271952
-0.001349
0.001256
-0.001261
-0.005324
-0.001247
-0.127228
0.209773
-0.000068
0.203767
-0.118663
-0.001853
0.053584
0.000379
-0.001689
-0.131026
-0.001673
0.298620
-0.000086
0.010313
-0.004611
0.299731
-0.001007
-0.311659
-0.002653
-0.461552
-0.006593
-0.009562
-0.001452
-0.019112
-0.080248
-0.002877
0.305126
0.224896
-0.302921
-0.012664
0.381398
-0.007614
-0.007074
-0.185469
-0.005269
-0.000508
-0.000090
-0.013838
