-7.137313
0.011232
4.955919
-6.721891
-0.008328
0.008693
0.018537
0.012712
-6.196411
-0.011271
4.118573
0.000505
-6.258160
4.537493
4.835485
-0.039321
-0.000426
-0.001157
4.953690
0.011120
-6.075503
-0.006117
-6.286965
0.001263
-0.000600
-0.002118
0.881665
0.007704
0.000400
4.473453
-5.453783
-0.002820
-6.933616
0.000007
0.032435
-0.000751
0.000252
-0.002982
0.005781
-0.026716
4.163149
-0.021357
0.002613
-0.009480
-5.257866
-5.085123
0.000314
0.000904
-0.003273
0.000921
0.001497
-3.820103
-0.000176
0.000473
0.020359
-0.040326
-0.001163
-0.024218
0.000304
0.001159
-7.993336
5.592319
-0.001124
-7.533366
-6.610599
-6.643602
4.315207
-0.029453
-5.382811
-7.499519
0.000500
-0.015458
0.024829
0.002432
0.013329
0.015000
0.005004
-0.022931
0.004755
0.000456
-0.003622
0.007006
6.568815
-5.201091
4.516354
-8.191227
-4.499766
-0.018379
-0.001507
0.000105
0.002063
-0.003037
-4.799218
-5.991959
0.017337
-7.832646
-0.004886
-0.018725
-6.658052
-6.688211
-0.001066
0.007920
-0.000475
0.024366
-0.002347
-0.008173
-0.008715
0.000466
6.023723
-0.001417
-3.936064
-0.020640
0.012989
-0.002415
0.022572
-6.728572
-0.002965
-0.003261
0.001079
-0.007214
-6.717338
-0.006856
-0.005399
0.023794
-5.761349
0.004441
-6.959457
-0.001740
-6.621166
0.688166
-0.000370
-0.005243
-0.001561
-0.009500
-0.017977
-0.002789
-0.000939
-0.003871
0.000944
-0.000626
-5.955298
-0.022211
-0.002373
0.015155
0.010084
0.012950
-4.882723
4.184343
0.000002
0.808805
-5.041174
0.027440
4.161090
-0.001524
-0.017042
-5.490343
0.013422
5.194806
0.000071
-6.248903
0.000710
5.586630
-0.001774
-6.527977
0.030588
-7.179534
0.003169
-0.013266
-0.010556
-8.512931
-4.064677
0.002845
4.105707
4.481767
-6.814414
0.006353
2.570832
-0.000919
0.011127
-5.744151
0.007328
0.018040
0.000691
-6.317542
