-2.608329
0.001326
0.003283
-2.603209
0.030085
-2.941935
0.020727
0.009155
-2.601772
0.006122
0.006998
0.000802
2.569309
4.377747
0.004406
0.031199
3.125771
0.016901
-0.007962
6.014007
5.107351
0.029655
-0.016048
-2.677258
-0.000076
3.479528
-0.004184
-3.751420
0.004222
0.001250
2.871456
0.001434
0.011242
0.000190
3.001957
-3.458560
0.000536
2.295644
-0.002659
-0.024750
0.010393
-0.012720
-0.002037
0.016244
0.018395
-0.000282
-0.002444
-1.843797
0.008800
-0.000983
-0.000214
0.012802
0.013284
3.327321
3.193601
2.491651
-0.009595
-0.008163
-0.038637
-2.179724
0.006079
0.001163
2.436052
3.475828
-0.000569
-0.005242
0.008068
-0.000806
0.024205
0.025349
-2.967200
4.008327
-0.006152
0.012040
-2.203829
3.110379
0.000904
-0.005093
0.000682
-0.018906
2.700797
-0.025811
0.006432
3.114776
2.693066
-0.015396
-0.014158
-0.002174
2.322386
-2.461073
-2.579964
0.002351
0.027284
