-0.062216 0.000004 0.000035 0.028953 -0.257015 -0.000053 0.037195 0.103499 0.000040 -0.000014 0.000631 0.032756 -0.000033 0.000043 -0.000003
-0.017290 0.000004 0.000053 0.007706 -0.093083 0.000022 -0.021038 0.156508 0.000129 -0.000020 0.000740 0.051790 -0.000048 -0.000054 0.000029
0.064268 0.000012 0.000006 0.001218 -0.134865 -0.000024 0.040506 0.259810 -0.000007 -0.000056 0.000593 0.063630 -0.000017 -0.000011 0.000051
0.135351 -0.000050 -0.000012 -0.020101 -0.012908 0.000024 0.167486 0.257496 -0.000106 -0.000031 0.000679 0.163480 -0.000032 0.000022 0.000002
0.210946 0.000024 -0.000101 -0.056782 -0.209264 0.000012 0.289954 0.262114 -0.000062 0.000017 -0.015229 0.323738 -0.000032 -0.000011 -0.000001
0.172346 0.000056 0.000095 -0.029011 0.010299 -0.000030 0.214989 0.454668 0.000056 -0.000048 0.000671 0.099575 -0.000022 -0.000047 -0.000017
0.130453 0.000029 -0.000011 0.000003 0.185033 0.000018 0.212943 0.197474 0.000052 -0.000054 0.000664 0.171946 -0.000050 0.000033 0.000027
0.150239 0.000001 -0.000007 -0.006786 0.278668 -0.000002 0.187196 0.176537 -0.000004 0.000016 0.000529 0.176478 -0.000023 0.000036 -0.000010
0.153467 -0.000005 -0.000036 -0.000102 0.299103 0.000046 0.186133 0.095359 -0.000050 0.000003 0.000743 0.184998 -0.000023 0.000010 -0.000014
0.092815 -0.000014 -0.000024 0.019351 0.230767 -0.000016 0.006214 -0.157775 -0.000021 0.000060 0.001666 0.058785 0.000033 0.000030 -0.000006
0.014298 0.000002 0.000000 0.047224 0.008443 0.000082 -0.039077 -0.159444 -0.000085 -0.000010 0.018329 0.061015 0.000013 0.000050 0.000065
-0.028291 -0.000021 0.000069 0.065318 0.097916 -0.000028 0.006839 -0.353249 -0.000051 0.000063 0.030858 -0.181951 -0.000015 0.000027 -0.000011
-0.014333 -0.000024 0.000038 0.064327 -0.066622 -0.000001 -0.045799 -0.316087 0.000013 0.000001 0.024597 -0.168952 0.000017 -0.000048 0.000029
-0.116806 -0.000002 -0.000087 0.140761 0.012496 0.000045 -0.235422 -0.378158 0.000054 0.000038 0.069593 -0.175118 0.000032 -0.000067 -0.000004
-0.156293 -0.000003 -0.000017 0.174030 -0.078619 0.000006 -0.276202 -0.289494 -0.000023 0.000029 0.087055 -0.327608 -0.000044 0.000062 0.000004
-0.216191 -0.000016 -0.000015 0.215975 -0.104786 0.000075 -0.318068 -0.237424 0.000019 -0.000003 0.109040 -0.295081 -0.000077 -0.000004 -0.000001
-0.173431 0.000021 0.000006 0.182987 -0.218635 0.000004 -0.266993 -0.422709 -0.000010 -0.000104 0.082073 -0.246671 0.000105 0.000013 0.000016
-0.118277 -0.000081 -0.000017 0.139748 0.002285 0.000059 -0.181748 -0.511696 -0.000006 -0.000012 0.052839 -0.217722 -0.000032 -0.000075 -0.000011
-0.085752 -0.000018 0.000008 0.116826 -0.017223 -0.000018 -0.200373 -0.330412 -0.000046 -0.000002 0.041732 -0.086044 0.000014 -0.000144 -0.000029
-0.045187 -0.000018 0.000003 0.090134 0.170717 0.000044 -0.194867 -0.285959 -0.000077 0.000016 0.033075 -0.103347 0.000019 0.000112 -0.000048
0.011513 -0.000020 -0.000038 0.042718 0.278653 0.000046 -0.099768 -0.011319 -0.000019 -0.000019 0.011062 -0.124472 0.000017 0.000047 -0.000010
0.149672 0.000016 0.000026 0.000087 0.262611 0.000030 0.225312 0.265365 -0.000051 -0.000002 -0.000422 0.182983 -0.000030 -0.000074 0.000013
0.344174 0.000067 -0.000096 -0.104551 0.029785 0.000012 0.350582 0.497251 -0.000072 0.000004 -0.041693 0.418051 -0.000010 -0.000075 -0.000042
0.436615 -0.000013 0.000034 -0.156010 -0.025566 -0.000027 0.386165 0.601536 -0.000011 0.000020 -0.069433 0.519508 0.000033 -0.000025 0.000031
0.386972 -0.000022 0.000159 -0.113942 -0.157781 0.000024 0.296681 0.576784 -0.000009 0.000046 -0.036860 0.259368 0.000033 -0.000081 0.000032
0.301118 0.000028 0.000036 -0.033544 0.007748 -0.000067 0.299665 0.810416 0.000009 -0.000016 0.000349 0.292976 0.000017 -0.000007 0.000007
0.237747 0.000001 -0.000027 -0.006072 -0.151019 0.000090 0.105381 0.814565 -0.000002 -0.000022 0.000760 0.155809 0.000044 0.000019 0.000005
0.241470 -0.000012 0.000104 -0.011828 0.004179 -0.000024 0.148387 0.649827 0.000027 -0.000013 0.000511 0.231765 -0.000037 0.000054 0.000016
0.286214 -0.000006 -0.000059 -0.062761 -0.038324 0.000030 0.352044 0.438003 0.000055 0.000008 -0.010921 0.178119 0.000056 -0.000016 0.000036
0.320353 0.000004 -0.000049 -0.097869 -0.185498 -0.000011 0.292282 0.456211 -0.000001 0.000061 -0.034033 0.374571 -0.000029 -0.000009 0.000030
0.338713 -0.000013 -0.000019 -0.116616 -0.022091 0.000059 0.476383 0.613622 0.000038 -0.000015 -0.043768 0.291617 0.000004 0.000001 -0.000044
0.302639 -0.000002 0.000060 -0.114485 0.116872 -0.000047 0.260608 0.637559 0.000028 0.000039 -0.046283 0.427398 0.000031 -0.000045 -0.000005
0.271051 0.000001 0.000141 -0.113871 0.037555 0.000032 0.268449 0.433170 -0.000052 -0.000036 -0.053451 0.430708 0.000003 -0.000033 0.000022
0.169257 -0.000010 0.000163 -0.056119 0.098548 0.000004 0.262246 0.336872 -0.000001 -0.000012 -0.020432 0.322827 0.000057 0.000024 0.000003
0.027763 -0.000006 0.000145 0.004942 0.215528 0.000012 0.034752 0.061622 -0.000088 0.000019 0.000347 -0.002289 -0.000031 0.000051 0.000011
-0.107686 -0.000006 -0.000042 0.112930 -0.039703 -0.000041 -0.231581 -0.265856 -0.000002 -0.000003 0.046692 -0.142086 -0.000021 0.000008 0.000002
-0.273992 0.000006 0.000011 0.230420 -0.104243 0.000059 -0.464474 -0.479050 0.000004 -0.000000 0.113796 -0.481425 0.000015 -0.000007 0.000040
-0.372166 -0.000049 0.000001 0.291296 -0.012075 0.000088 -0.388490 -0.634424 0.000094 -0.000016 0.142606 -0.488563 -0.000030 -0.000019 -0.000025
-0.376912 0.000007 0.000038 0.287162 -0.258895 -0.000011 -0.533765 -0.825948 -0.000011 -0.000031 0.132759 -0.399915 0.000029 0.000022 -0.000010
-0.368602 -0.000039 0.000045 0.275542 -0.308420 -0.000025 -0.398700 -0.883044 -0.000037 -0.000060 0.121278 -0.569191 0.000012 -0.000050 0.000079
-0.370969 0.000019 -0.000159 0.275638 -0.174108 0.000026 -0.549559 -0.897336 0.000095 0.000005 0.122255 -0.591184 -0.000069 0.000048 -0.000051
-0.464711 0.000007 -0.000055 0.339441 -0.203213 0.000095 -0.502739 -0.849365 0.000039 -0.000083 0.164498 -0.534399 0.000007 -0.000018 -0.000021
-0.516170 -0.000043 0.000104 0.372584 -0.098650 0.000029 -0.736805 -0.741194 -0.000080 0.000012 0.185986 -0.762508 -0.000045 -0.000015 0.000009
-0.521457 -0.000013 0.000034 0.375181 -0.118953 -0.000141 -0.567226 -0.584128 -0.000001 -0.000118 0.190186 -0.727536 0.000051 -0.000052 0.000011
-0.455147 -0.000001 0.000037 0.327446 -0.036680 -0.000021 -0.542111 -0.668828 -0.000000 -0.000062 0.161644 -0.517359 0.000017 -0.000031 -0.000028
-0.327693 -0.000009 0.000105 0.238804 0.158209 -0.000027 -0.407300 -0.757631 0.000015 0.000006 0.105239 -0.417197 -0.000042 -0.000003 -0.000019
-0.213797 0.000037 -0.000009 0.164121 0.022814 0.000013 -0.293310 -0.649349 -0.000063 0.000019 0.058080 -0.296537 -0.000045 -0.000068 -0.000003
-0.167524 0.000003 0.000053 0.138224 0.138251 0.000007 -0.267052 -0.459019 -0.000039 0.000067 0.044511 -0.106353 -0.000032 0.000046 0.000007
-0.178247 0.000038 0.000100 0.154141 0.122191 -0.000059 -0.257934 -0.219939 0.000125 0.000016 0.062657 -0.114890 0.000028 -0.000074 -0.000026
-0.152579 -0.000020 -0.000017 0.141261 -0.113627 -0.000011 -0.154769 -0.150631 0.000078 -0.000007 0.061844 -0.196521 0.000012 0.000048 -0.000006
-0.130928 0.000020 -0.000029 0.123772 -0.255281 -0.000023 -0.139325 -0.141083 -0.000011 -0.000078 0.060722 -0.104026 -0.000016 -0.000023 0.000003
-0.063092 -0.000029 -0.000008 0.073905 -0.315781 -0.000016 -0.067979 0.143695 -0.000028 -0.000028 0.036926 -0.024738 -0.000029 -0.000019 0.000003
-0.007915 -0.000021 -0.000028 0.044965 -0.305008 -0.000042 0.150767 0.309067 0.000015 -0.000012 0.021408 0.147359 -0.000014 -0.000044 0.000031
0.059968 -0.000025 -0.000084 0.017649 -0.354632 -0.000040 0.273964 0.320193 0.000070 0.000048 0.001436 0.092632 0.000006 -0.000045 -0.000012
0.143141 -0.000021 0.000010 -0.003438 -0.157316 0.000022 0.232707 0.594805 -0.000062 -0.000003 0.000584 0.341326 0.000005 0.000047 -0.000002
0.180836 -0.000019 0.000025 -0.035363 -0.337272 0.000051 0.161226 0.771527 -0.000020 0.000060 -0.000007 0.331248 0.000027 -0.000010 0.000030
0.221053 0.000011 0.000019 -0.072210 -0.123833 0.000024 0.327266 0.921079 -0.000092 0.000054 -0.033014 0.347907 0.000053 0.000038 0.000083
0.251231 -0.000008 -0.000038 -0.094832 -0.232440 0.000006 0.316422 0.692007 -0.000020 0.000013 -0.054695 0.237151 -0.000036 0.000018 0.000028
0.312683 0.000012 0.000037 -0.134246 -0.229534 -0.000050 0.382683 0.837454 -0.000045 0.000002 -0.083633 0.497911 0.000036 0.000149 0.000011
0.377054 0.000003 0.000004 -0.170685 -0.296816 0.000012 0.615736 0.666342 -0.000033 -0.000105 -0.105875 0.506118 -0.000006 0.000018 -0.000020
0.373523 -0.000030 0.000070 -0.161962 -0.140144 0.000026 0.424929 0.454881 -0.000058 0.000015 -0.098209 0.477011 0.000015 0.000108 0.000006
0.244873 0.000025 -0.000034 -0.061926 -0.213686 0.000054 0.264631 0.544606 -0.000162 -0.000055 -0.032111 0.402219 -0.000033 0.000034 0.000018
0.173616 -0.000070 -0.000060 -0.015574 0.045028 -0.000022 0.218592 0.208107 -0.000008 0.000023 -0.000860 0.180779 0.000061 -0.000002 0.000041
0.057660 0.000038 0.000104 0.013564 0.137830 -0.000043 0.113818 0.196743 0.000099 -0.000020 0.001122 0.112857 0.000045 -0.000046 0.000009
0.117499 0.000011 0.000167 0.004008 0.126563 -0.000048 0.085482 0.138992 -0.000058 0.000045 0.000529 0.163137 0.000063 -0.000015 -0.000014
0.116893 0.000008 0.000005 0.004661 0.095542 0.000021 0.230878 0.064263 0.000121 -0.000105 0.000785 0.245893 0.000034 0.000151 0.000011
0.172685 -0.000011 0.000014 -0.020695 0.098610 0.000013 0.142153 0.038980 -0.000017 0.000046 0.000425 0.128805 -0.000034 0.000011 0.000031
0.145809 0.000046 0.000084 -0.010906 -0.116260 0.000002 0.237710 0.218761 -0.000044 0.000046 0.000822 0.090677 -0.000025 0.000018 -0.000021
0.141938 -0.000020 -0.000037 -0.015384 0.030873 -0.000025 0.277123 0.091720 0.000053 0.000032 0.000858 0.257178 0.000019 -0.000033 0.000002
0.133796 0.000064 0.000017 -0.018135 0.100628 0.000018 0.138144 0.317231 -0.000031 0.000015 0.000756 0.165261 0.000018 -0.000026 0.000079
0.134923 0.000042 0.000001 -0.028792 0.129777 -0.000002 0.259143 0.174898 -0.000091 -0.000029 -0.000522 0.245972 0.000032 0.000026 -0.000017
0.132961 0.000038 -0.000019 -0.036420 0.390690 0.000049 0.151930 0.141624 -0.000090 -0.000050 -0.012451 0.110781 0.000014 0.000021 -0.000003
0.105143 -0.000017 0.000039 -0.018644 0.363020 -0.000062 0.112454 0.164025 0.000028 -0.000108 -0.005819 0.094494 -0.000040 -0.000075 -0.000038
0.063209 -0.000018 -0.000049 0.000403 -0.009689 0.000011 0.005604 0.089097 -0.000061 0.000016 -0.000075 0.032069 -0.000017 0.000114 0.000023
0.033952 -0.000027 -0.000038 0.000938 -0.102171 -0.000018 0.102955 -0.284457 -0.000022 -0.000022 0.000146 -0.047185 -0.000032 0.000038 0.000008
-0.050806 -0.000034 -0.000044 0.046215 -0.254037 -0.000015 0.008594 -0.168939 0.000011 -0.000024 0.000813 0.011381 0.000018 -0.000086 0.000016
-0.159587 0.000012 -0.000014 0.116301 -0.156353 0.000125 -0.238876 -0.371331 0.000023 -0.000036 0.042102 -0.236256 0.000018 -0.000009 -0.000019
-0.204903 0.000037 -0.000024 0.136911 0.045151 -0.000023 -0.113476 -0.074376 -0.000068 -0.000026 0.054613 -0.264727 -0.000003 0.000018 0.000015
-0.203776 -0.000020 -0.000014 0.122289 -0.102919 0.000019 -0.304134 -0.176554 0.000134 0.000006 0.041336 -0.110310 -0.000004 0.000113 -0.000005
-0.138578 0.000040 -0.000043 0.063235 -0.063952 -0.000046 -0.089117 0.018155 -0.000076 0.000034 0.000224 -0.089875 -0.000026 -0.000091 -0.000031
-0.088886 -0.000057 -0.000016 0.021748 -0.133986 0.000014 0.009408 0.118680 0.000022 0.000037 -0.000401 -0.071976 -0.000075 0.000023 -0.000004
-0.101879 -0.000004 -0.000074 0.030444 -0.353027 -0.000146 0.040514 -0.082484 -0.000053 -0.000027 -0.000780 -0.150647 0.000031 0.000027 -0.000029
-0.097402 0.000034 -0.000049 0.024813 -0.244584 0.000013 -0.121454 -0.171364 0.000045 -0.000022 -0.001476 0.042092 -0.000015 -0.000017 -0.000005
-0.157652 -0.000009 0.000062 0.064244 -0.151939 0.000008 -0.093134 -0.161616 -0.000026 0.000016 -0.001084 -0.085722 -0.000027 -0.000002 0.000020
-0.221545 0.000018 0.000008 0.106223 -0.368004 0.000052 -0.098613 -0.149682 0.000081 0.000019 0.002957 -0.182896 -0.000043 0.000043 -0.000017
-0.269256 -0.000009 0.000047 0.139654 -0.250111 0.000006 -0.262611 -0.225801 -0.000074 0.000032 0.029651 -0.294711 -0.000056 0.000069 -0.000023
-0.309354 0.000007 -0.000036 0.171374 -0.170783 0.000042 -0.285761 -0.154324 0.000019 -0.000032 0.058446 -0.254924 0.000012 -0.000019 0.000027
-0.235730 -0.000021 -0.000017 0.131959 -0.037580 -0.000052 -0.215065 -0.304387 -0.000002 0.000031 0.043854 -0.173063 0.000017 0.000047 0.000028
-0.107484 0.000026 -0.000032 0.061287 0.108594 0.000001 -0.042471 -0.328942 -0.000052 0.000015 0.011562 -0.035369 0.000034 -0.000069 0.000000
-0.048334 0.000010 0.000046 0.029279 0.294168 0.000018 -0.050410 -0.361715 0.000064 0.000014 0.006156 -0.010537 -0.000013 -0.000007 -0.000014
0.050321 0.000058 -0.000069 0.012459 0.471146 0.000015 0.018538 -0.390721 -0.000014 -0.000031 0.001332 0.125312 -0.000107 0.000039 -0.000005
0.087330 -0.000020 -0.000069 0.007362 0.480822 -0.000038 0.061719 -0.017901 -0.000043 0.000006 0.001094 0.007444 -0.000032 0.000005 0.000009
0.184166 -0.000006 -0.000048 -0.052813 0.258085 -0.000038 0.282519 -0.124860 -0.000073 -0.000022 -0.009353 0.203794 0.000015 0.000098 -0.000012
0.129071 -0.000001 -0.000062 -0.023692 0.594889 -0.000009 0.085088 -0.204386 -0.000028 0.000056 -0.000393 0.082882 -0.000003 -0.000067 0.000023
0.033773 0.000050 -0.000102 0.000021 0.457010 -0.000101 0.135799 -0.100388 -0.000100 0.000015 -0.000294 0.114143 0.000077 -0.000019 -0.000035
-0.041397 0.000055 0.000035 0.011423 0.624845 0.000041 -0.013875 -0.268741 0.000041 0.000042 -0.000221 -0.091186 0.000035 0.000031 0.000020
-0.118979 0.000046 0.000019 0.061009 0.341790 0.000016 -0.075502 -0.295299 -0.000029 -0.000007 0.025286 -0.207432 -0.000032 0.000113 -0.000005
-0.110689 -0.000010 0.000011 0.059595 0.218873 0.000026 -0.011416 -0.452366 0.000046 -0.000012 0.019691 -0.116954 -0.000038 0.000019 -0.000020
-0.140867 0.000008 0.000001 0.092014 0.190835 -0.000127 -0.160319 -0.417214 -0.000026 0.000061 0.043244 -0.202977 0.000012 -0.000044 0.000004
-0.126650 -0.000018 0.000037 0.092910 0.158942 0.000009 -0.187088 -0.632615 0.000073 0.000007 0.045940 -0.071093 -0.000035 0.000042 -0.000005
-0.103518 0.000039 -0.000057 0.084940 0.250613 0.000008 -0.141197 -0.702023 0.000006 0.000007 0.040960 -0.166023 -0.000024 0.000004 0.000017
-0.068156 -0.000011 -0.000058 0.060186 0.217346 0.000031 -0.134006 -0.430049 -0.000021 0.000019 0.024428 -0.129244 -0.000003 0.000033 -0.000027
-0.045075 0.000022 -0.000043 0.042570 0.049381 -0.000015 -0.037271 -0.265368 0.000098 -0.000002 0.012879 -0.029698 0.000029 0.000044 -0.000027
-0.046079 -0.000017 0.000071 0.046681 0.065297 0.000012 -0.060842 0.004357 -0.000090 -0.000019 0.018229 0.033753 0.000014 0.000111 -0.000074
-0.078251 0.000035 -0.000044 0.076324 0.037303 -0.000018 -0.088507 0.223460 0.000017 -0.000104 0.039782 -0.006404 -0.000002 0.000160 0.000040
-0.117310 -0.000037 0.000037 0.112377 -0.232210 -0.000000 -0.079907 0.236313 -0.000083 -0.000020 0.062633 -0.199752 -0.000031 -0.000040 0.000025
-0.165237 0.000011 0.000046 0.156329 -0.469041 -0.000013 -0.074859 0.020292 -0.000049 0.000032 0.086362 -0.177399 -0.000017 -0.000074 -0.000040
-0.253174 -0.000036 0.000009 0.227045 -0.558108 0.000054 -0.258361 -0.058023 -0.000012 -0.000007 0.125002 -0.263159 0.000002 0.000173 -0.000029
-0.305068 0.000032 -0.000047 0.263294 -0.590780 -0.000017 -0.413501 0.081348 0.000019 -0.000078 0.140664 -0.227335 -0.000019 -0.000022 0.000068
-0.347824 0.000026 -0.000086 0.285090 -0.498635 -0.000006 -0.273438 -0.143231 -0.000034 -0.000044 0.145372 -0.279219 -0.000062 -0.000006 0.000000
-0.286165 0.000030 0.000064 0.231065 -0.524951 0.000024 -0.339344 0.097545 -0.000005 0.000059 0.098818 -0.243373 0.000029 -0.000045 -0.000007
-0.205833 -0.000028 0.000077 0.164618 -0.672608 -0.000008 -0.339802 0.077225 0.000031 -0.000106 0.049910 -0.278608 0.000037 -0.000045 0.000022
-0.104787 -0.000024 0.000019 0.090418 -0.515231 0.000066 -0.052129 0.154396 0.000020 -0.000120 0.006000 -0.211222 -0.000012 -0.000022 0.000009
-0.021718 -0.000008 -0.000059 0.035158 -0.646937 -0.000020 0.009280 0.365912 -0.000093 -0.000020 0.000534 0.015356 0.000029 0.000047 0.000014
-0.027336 0.000019 0.000051 0.042518 -0.473101 -0.000038 0.032438 0.456310 -0.000097 -0.000043 0.006202 0.045886 0.000001 -0.000033 -0.000003
0.005899 0.000023 0.000051 0.025280 -0.209138 0.000001 0.126811 0.476742 -0.000091 -0.000012 0.001078 -0.015142 -0.000107 -0.000010 -0.000023
0.094233 0.000001 -0.000017 0.001587 -0.098650 -0.000058 0.222295 0.306661 -0.000050 -0.000013 0.000150 0.103707 -0.000032 0.000049 -0.000019
0.209073 0.000016 0.000066 -0.049820 0.143008 0.000089 0.284568 0.075037 -0.000032 0.000032 -0.007084 0.288294 0.000005 0.000150 -0.000029
0.255425 0.000027 0.000084 -0.074969 0.151868 0.000121 0.336965 0.114388 0.000033 -0.000049 -0.022662 0.223596 -0.000035 -0.000034 0.000009
0.210541 0.000003 0.000048 -0.040158 0.333573 0.000042 0.251220 0.022037 0.000026 0.000003 -0.000667 0.196549 -0.000014 -0.000005 0.000015
0.168980 0.000014 -0.000085 -0.008134 0.628410 -0.000027 0.171103 -0.063075 0.000131 -0.000006 -0.000168 0.242125 -0.000050 0.000085 -0.000013
0.193617 0.000009 0.000014 -0.023636 0.713097 -0.000066 0.213534 0.102789 -0.000004 -0.000034 -0.000339 0.161227 0.000074 0.000023 -0.000046
0.303761 -0.000037 -0.000016 -0.097878 0.767691 0.000007 0.348532 -0.159931 -0.000028 -0.000079 -0.018881 0.298774 -0.000034 0.000023 0.000022
0.433236 0.000018 0.000014 -0.189647 0.617416 0.000015 0.585221 -0.167052 -0.000002 0.000031 -0.077229 0.515654 0.000016 0.000030 0.000032
0.512491 -0.000004 0.000029 -0.250822 0.630014 0.000013 0.612997 -0.013523 -0.000090 0.000067 -0.120354 0.641644 -0.000012 -0.000017 -0.000016
0.510324 -0.000033 0.000010 -0.258645 0.837851 0.000051 0.474575 0.076555 -0.000025 0.000055 -0.130364 0.585570 -0.000046 -0.000030 0.000037
0.463999 -0.000022 -0.000015 -0.232640 0.775527 0.000071 0.463250 0.181747 0.000040 -0.000008 -0.119004 0.570643 0.000003 0.000020 -0.000011
0.392188 -0.000020 0.000014 -0.183126 0.914918 0.000006 0.525439 0.383687 0.000006 -0.000076 -0.087972 0.345837 -0.000022 -0.000037 -0.000024
0.348637 -0.000022 -0.000043 -0.154227 0.872114 -0.000112 0.448698 0.226476 -0.000024 0.000006 -0.072983 0.311213 -0.000034 -0.000008 0.000006
0.378962 0.000009 0.000041 -0.177001 0.480394 0.000112 0.380708 0.215987 0.000037 -0.000012 -0.093806 0.341157 0.000013 -0.000143 0.000054
0.329496 0.000010 0.000027 -0.142834 0.608519 -0.000025 0.450256 0.242560 -0.000051 -0.000015 -0.076068 0.402962 -0.000016 -0.000056 -0.000041
0.266744 0.000001 0.000013 -0.099100 0.339780 -0.000004 0.296158 -0.003854 -0.000026 -0.000020 -0.047807 0.205220 0.000014 0.000017 -0.000009
0.171666 0.000025 0.000056 -0.028255 0.001701 -0.000064 0.171516 -0.074500 0.000034 0.000010 -0.000695 0.127264 -0.000103 -0.000043 0.000008
0.035791 -0.000014 0.000027 0.020115 -0.079855 0.000061 0.004575 -0.108914 -0.000092 -0.000043 0.001025 0.012147 -0.000015 0.000016 -0.000087
-0.075399 0.000005 -0.000028 0.109441 -0.310106 -0.000031 -0.137787 -0.082003 -0.000022 -0.000030 0.046538 -0.150189 0.000024 0.000023 0.000070
-0.205449 0.000049 0.000004 0.191717 -0.328568 0.000040 -0.292608 -0.041088 -0.000033 -0.000104 0.092818 -0.333152 -0.000035 0.000018 0.000009
-0.244769 -0.000010 -0.000131 0.213299 -0.246951 0.000098 -0.345020 -0.000877 -0.000031 -0.000029 0.101645 -0.309933 0.000032 0.000013 0.000033
-0.204719 -0.000073 -0.000081 0.188050 -0.496566 0.000057 -0.321512 0.089744 0.000020 0.000039 0.083631 -0.379336 0.000015 0.000045 -0.000019
-0.126454 -0.000025 -0.000127 0.141960 -0.575923 0.000069 -0.138511 0.141041 -0.000016 -0.000006 0.054214 -0.146442 0.000030 0.000031 -0.000021
-0.143952 0.000031 0.000013 0.167164 -0.869314 -0.000064 -0.295372 0.107788 -0.000066 -0.000060 0.077172 -0.271078 -0.000084 0.000115 0.000030
-0.172246 -0.000024 0.000004 0.194640 -0.888641 -0.000016 -0.180464 0.194368 0.000000 0.000004 0.100862 -0.318031 -0.000029 0.000017 0.000019
-0.220181 -0.000009 -0.000073 0.228791 -0.790974 0.000056 -0.213374 0.255841 -0.000099 -0.000020 0.126326 -0.232659 0.000038 0.000017 0.000042
-0.214921 -0.000034 -0.000012 0.216412 -0.809647 0.000012 -0.343307 0.039594 0.000017 0.000036 0.115277 -0.402368 -0.000018 0.000024 -0.000028
-0.167725 -0.000011 0.000012 0.170219 -0.839093 -0.000031 -0.186453 -0.094626 0.000030 0.000008 0.077093 -0.231124 0.000003 -0.000044 -0.000004
-0.159376 -0.000016 0.000074 0.159201 -0.637113 0.000054 -0.312615 0.148284 -0.000097 -0.000077 0.063586 -0.258284 -0.000013 -0.000012 -0.000020
-0.118453 -0.000012 -0.000033 0.128475 -0.432703 -0.000022 -0.274251 -0.070608 0.000016 0.000004 0.039152 -0.120123 0.000019 0.000027 0.000030
-0.023650 0.000000 0.000060 0.077021 0.001657 0.000021 -0.255819 0.040378 -0.000016 0.000041 0.010206 -0.195660 -0.000021 -0.000013 -0.000024
0.104502 -0.000015 0.000021 0.000208 0.059441 0.000008 -0.071593 0.115924 -0.000163 -0.000056 -0.000439 0.013785 0.000037 -0.000044 0.000020
0.257012 -0.000019 0.000016 -0.062168 0.265397 0.000008 0.264283 0.151807 -0.000003 0.000022 -0.022754 0.150333 0.000031 0.000048 -0.000011
0.353375 0.000017 0.000034 -0.117737 0.607660 -0.000010 0.315184 0.124075 -0.000185 0.000013 -0.045538 0.408706 0.000015 0.000047 0.000003
0.401385 -0.000018 0.000013 -0.145262 0.667983 -0.000076 0.430226 -0.009011 -0.000024 0.000038 -0.055487 0.369481 0.000033 -0.000068 0.000006
0.429638 -0.000024 0.000076 -0.169366 0.758168 -0.000017 0.380102 0.168699 -0.000054 0.000002 -0.069559 0.480361 -0.000033 0.000045 -0.000042
0.449298 0.000009 -0.000032 -0.191355 0.503804 -0.000009 0.344126 0.033279 0.000076 0.000013 -0.086743 0.455240 -0.000014 -0.000055 0.000014
0.478451 -0.000022 0.000007 -0.217109 0.659384 0.000038 0.585364 0.195678 -0.000019 -0.000029 -0.103435 0.429583 -0.000032 0.000149 -0.000052
0.496117 0.000001 0.000047 -0.233257 0.706519 -0.000000 0.663524 0.181308 -0.000129 0.000002 -0.112558 0.580531 -0.000012 0.000058 0.000042
0.486398 -0.000029 -0.000057 -0.227808 0.818190 -0.000018 0.574601 0.245434 0.000034 -0.000013 -0.105067 0.544865 0.000061 -0.000013 0.000009
0.523621 -0.000079 -0.000014 -0.258379 0.827036 0.000053 0.481500 0.333048 -0.000011 -0.000077 -0.124532 0.554178 -0.000044 0.000069 -0.000022
0.477686 -0.000018 0.000056 -0.227266 0.862548 -0.000003 0.513804 0.115645 -0.000005 0.000061 -0.102671 0.620203 0.000022 -0.000002 -0.000000
0.428268 0.000011 0.000064 -0.190453 0.496622 0.000086 0.396525 0.117819 -0.000027 0.000003 -0.077988 0.526801 -0.000004 0.000079 0.000020
0.300027 0.000015 0.000068 -0.099962 0.549792 -0.000041 0.295687 0.116268 0.000076 -0.000048 -0.021661 0.352799 0.000001 0.000010 -0.000049
0.177306 -0.000011 0.000149 -0.020636 0.402643 -0.000078 0.314040 -0.160721 0.000068 -0.000012 -0.000280 0.127061 0.000031 0.000020 -0.000051
0.090613 0.000028 -0.000085 -0.000523 0.102287 -0.000003 0.174330 -0.173047 -0.000015 -0.000049 -0.000662 0.072247 -0.000033 0.000090 -0.000026
-0.013121 -0.000038 0.000027 -0.001876 -0.050415 0.000041 -0.041180 -0.030351 0.000048 -0.000031 -0.001428 0.126481 -0.000040 -0.000049 -0.000007
-0.152092 0.000022 -0.000005 0.027065 -0.058113 0.000013 -0.035542 0.029276 -0.000008 0.000064 -0.001656 -0.101413 -0.000120 0.000012 -0.000001
-0.311475 0.000003 -0.000000 0.103924 -0.244265 0.000001 -0.299658 0.051457 0.000048 -0.000003 0.024637 -0.263751 -0.000011 -0.000068 -0.000024
-0.369801 -0.000016 -0.000003 0.153190 -0.418422 0.000011 -0.340459 -0.027949 -0.000049 -0.000078 0.059753 -0.340226 -0.000032 -0.000027 -0.000013
-0.310987 -0.000036 -0.000069 0.121624 -0.469657 0.000016 -0.318793 0.080867 0.000073 -0.000031 0.040119 -0.183569 0.000106 -0.000003 -0.000027
-0.269318 0.000027 -0.000001 0.098433 -0.619141 -0.000016 -0.179824 0.020618 -0.000079 -0.000004 0.025647 -0.258511 0.000053 0.000017 0.000036
-0.264847 -0.000004 0.000061 0.089874 -0.494909 -0.000039 -0.210340 -0.078068 -0.000000 0.000006 0.012793 -0.283957 0.000060 -0.000074 -0.000014
-0.324843 0.000001 0.000080 0.116121 -0.393585 0.000055 -0.333733 -0.058610 0.000025 0.000014 0.018745 -0.301494 0.000020 0.000040 -0.000008
-0.388189 -0.000016 0.000048 0.147896 -0.514850 -0.000037 -0.384766 -0.112860 -0.000049 0.000016 0.028841 -0.202873 0.000024 -0.000045 0.000007
-0.400989 -0.000009 0.000018 0.146745 -0.195862 0.000005 -0.452972 -0.272436 -0.000046 -0.000013 0.018339 -0.231674 0.000035 0.000071 0.000013
-0.405964 0.000026 -0.000064 0.139464 -0.329094 0.000054 -0.295235 -0.546882 -0.000004 -0.000007 0.010343 -0.346279 0.000022 -0.000026 -0.000002
-0.461995 0.000014 -0.000087 0.171818 -0.138087 0.000010 -0.529773 -0.362737 0.000003 0.000044 0.031551 -0.291095 0.000034 0.000068 -0.000037
-0.488064 -0.000016 -0.000056 0.195402 -0.275554 -0.000026 -0.557665 -0.508560 -0.000036 0.000036 0.050715 -0.386104 0.000084 -0.000104 0.000046
-0.458133 -0.000002 0.000025 0.180407 -0.307837 -0.000053 -0.361565 -0.546414 0.000098 -0.000023 0.045721 -0.331460 0.000044 -0.000008 -0.000048
-0.416983 -0.000003 0.000092 0.159046 -0.260242 0.000035 -0.397578 -0.571847 0.000004 -0.000006 0.040059 -0.339200 0.000034 -0.000007 0.000040
-0.266071 0.000030 0.000014 0.063188 -0.272259 0.000035 -0.182158 -0.378602 -0.000035 0.000033 -0.001646 -0.082375 -0.000050 -0.000006 -0.000015
