-0.000092
-0.003900
-1.895936
5.730392
0.037085
0.000195
0.007100
0.000716
4.721501
0.002741
0.026224
4.300857
0.003746
0.009678
-0.016998
0.015602
0.029686
0.002851
-0.000800
0.009868
-0.006102
-0.004954
0.011748
0.001335
-4.168841
0.003212
0.006730
0.009843
0.000331
4.558707
-0.010822
2.316916
0.000175
-0.023617
-0.012186
-0.000099
0.000275
-3.862457
-0.018998
0.008664
0.000162
0.006350
-0.000926
0.011246
0.039359
5.639008
-0.007598
-2.801104
2.733179
-5.668708
4.915133
-2.060319
-0.009520
0.020143
-0.016868
-0.001192
-0.001726
0.022901
-0.005015
-0.018835
-0.000055
-0.000542
-2.042482
0.010127
0.000032
0.000268
-0.003032
0.014897
0.002116
-2.814816
5.687096
-3.254827
0.000838
-0.024248
-4.423607
0.016184
-0.000726
0.007343
-0.034031
-0.000856
-0.002810
0.000107
3.695202
0.031606
0.004403
0.013819
-3.071952
6.253955
0.003073
-3.514934
4.829941
5.784376
-2.315994
-0.002958
0.004118
0.001708
2.607486
3.386940
-0.000427
0.022048
6.352861
-0.000812
-0.008859
0.002040
-2.614713
-0.000068
-0.002083
-5.679422
-0.023547
-3.235922
-0.000149
0.002185
-0.018989
0.035905
3.594855
3.678899
0.016724
0.010717
5.221525
-0.000783
-0.004668
0.001685
2.747541
-0.011319
-0.001875
0.002753
-0.030376
0.008472
-0.026563
0.021930
0.000527
-0.000417
5.701229
-0.034779
-0.002457
0.000166
-2.378976
7.593244
0.003659
-0.000395
0.015106
-0.000260
-0.004201
0.003462
0.001652
-0.025098
3.482868
-0.007662
0.015461
-0.000158
0.000199
-0.000874
0.003362
0.000928
-0.038013
-0.012338
-0.000040
0.013021
-0.041149
-1.876425
0.024768
-3.489422
-0.021930
0.005784
-0.031186
0.000121
4.108109
0.000308
0.012620
-0.028115
-4.307930
-4.423909
-0.015370
0.000825
-0.009747
4.591540
0.002173
-0.013931
0.020233
2.565936
-3.533405
3.611687
3.007402
6.188381
-0.024583
0.035356
-3.615013
-0.014367
-0.000657
