-0.921963
-0.463074
0.040654
1.450789
-0.000347
2.004355
-0.000013
0.023680
3.509168
0.469227
-0.007868
-0.112319
-0.014730
-0.002392
-0.014271
-0.030530
0.036652
1.413991
0.000056
1.278222
-0.000093
-1.625727
-0.469875
1.212499
-0.087996
-1.748188
0.009050
0.000022
-0.017093
-0.021557
1.515313
-0.003328
1.501657
0.336208
-0.316558
1.650866
-0.017373
1.545014
-0.023410
0.003794
-0.015167
0.004563
0.912138
-0.000391
-0.036546
2.302786
1.797025
-0.245708
-0.001740
-1.531635
-0.656535
1.010713
-0.006159
-0.489361
-0.021721
0.015071
-0.181463
0.010425
0.002526
0.000846
1.728652
-0.000892
1.275435
-0.046825
-1.784040
1.611871
0.000164
-1.638838
-0.745994
0.210372
-0.004811
0.005492
2.099277
-0.490777
0.000445
1.638534
-0.025194
0.009846
-0.162261
-0.960848
0.002072
0.000411
0.948211
1.396038
-0.911920
-0.686723
-0.022489
1.734893
-1.794010
1.652666
0.008738
0.002657
-0.016378
-0.000236
0.004681
0.125828
1.643776
0.003665
-0.016493
-0.941220
-0.025371
0.024631
1.745394
0.002885
0.005957
0.140576
-1.057697
0.004425
-0.832030
1.799683
1.556670
0.001865
-1.834504
0.000179
-0.227451
-0.019756
0.004279
-0.000177
-1.848598
1.807945
3.828571
-0.000370
0.003662
0.000200
-0.488082
-0.163915
0.002798
-0.005451
-0.018734
0.044394
-0.391461
-0.412740
-1.433647
-0.001706
-0.710597
-0.073388
0.011201
1.449171
1.610798
-0.000902
-1.883267
-1.769240
-0.014730
-1.635415
0.171572
0.001747
-0.022582
0.000070
-0.000588
-0.030282
0.022468
0.140903
-0.000060
0.023742
0.543647
1.329618
0.008699
0.006862
1.271261
1.299353
