-7.696522
0.000499
4.302474
-0.007867
-3.497638
-6.672215
0.004969
-2.496494
-5.666994
-3.334542
0.000613
-0.011926
-6.977917
0.336557
-0.022054
1.895856
5.777171
-6.286047
-5.779069
0.000818
-0.019504
0.004589
-6.422127
-5.876711
-6.435631
-3.657445
-0.011610
-0.015095
0.009561
-7.562026
-6.235268
3.614873
-6.378306
0.006203
-6.860326
0.003416
0.020577
0.006808
0.024240
-0.001107
1.198039
0.013303
-2.406889
-6.468580
0.013573
-7.052888
-6.475414
-7.075041
-4.804377
0.015796
-0.001033
-0.025661
5.529563
0.010746
-0.019117
-0.015850
-5.985157
0.001811
0.007126
-3.492135
0.022713
-0.035064
-4.574940
-6.158935
0.001100
-2.137428
0.000077
0.004297
5.911776
-4.964272
-0.007823
-0.032572
0.016723
0.044651
-0.006678
-3.002400
-0.000844
-0.028576
-3.544447
-0.015741
3.707840
-0.023442
0.002299
0.002229
0.035057
-5.695701
-6.704180
0.004987
0.019590
-5.136058
0.018217
-6.197630
0.024237
0.012792
-6.703252
-0.003487
-3.748846
-5.808374
0.006278
0.000893
-0.002570
0.001578
0.032806
-0.020394
-6.444660
-6.770381
0.005233
-0.011335
-5.305871
-0.004661
0.010729
-0.001775
-5.691972
-8.476740
-6.284596
-5.580092
-0.016414
0.007509
0.014105
-4.482123
5.348555
-6.117653
-0.004682
0.017843
-3.592574
-5.898290
3.324233
0.026483
1.920275
0.005858
-0.035967
-4.070858
1.454802
1.633432
3.419678
7.118400
-0.003718
-6.862189
0.027703
-2.485017
0.028513
-7.157665
-6.967925
0.013439
-6.917573
-4.055058
-6.227950
-0.000978
0.023351
-0.021536
-0.002667
-5.720486
0.001097
1.736288
-6.268342
4.372180
0.008761
-4.338003
-0.027301
-0.026696
-6.742370
-3.853567
-5.777173
-0.026993
-0.018365
5.225404
-5.744636
