-0.002825
-0.493874
-0.002476
-0.002450
-0.002305
-0.002768
-0.220789
-0.633264
-0.237339
0.504713
-0.290294
-0.330247
-0.336391
-0.000803
-0.155977
-0.561311
-0.002760
-0.401850
-0.265796
-0.288810
-0.267406
-0.149997
0.433273
-0.308379
0.491575
0.439200
-0.000869
-0.000033
-0.000836
0.440110
0.384663
-0.318226
0.402180
-0.001727
-0.485347
-0.131968
-0.000056
-0.270184
-0.363286
0.334521
0.440706
0.002014
0.005176
0.000513
-0.000980
-0.016501
-0.521541
0.005286
-0.003971
-0.000856
-0.002328
-0.260180
0.000791
-0.004012
-0.079864
-0.001338
-0.000627
-0.003872
-0.480399
0.154102
0.295038
-0.339218
-0.001755
-0.001966
-0.000504
0.387165
-0.381263
-0.003404
-0.222849
-0.318955
-0.368822
0.007615
-0.330470
-0.346602
-0.002767
-0.226038
-0.577168
-0.415980
-0.003551
-0.219051
0.469323
0.000240
0.001315
0.303338
-0.000833
-0.001413
-0.384081
-0.001474
-0.028799
-0.354796
-0.000933
-0.000946
-0.148695
0.000445
