0.034399
-7.119602
0.009784
0.012303
0.010483
0.001861
-6.757004
-5.830516
-6.482955
1.125538
-5.875785
-6.268101
-6.235588
-0.013494
-5.932133
-8.221134
-0.010998
-8.121895
-6.088146
-7.102981
-6.746318
-5.861070
1.027463
-6.137559
1.118085
1.043520
-0.006955
-0.000088
0.031860
5.208136
6.310341
-6.319460
4.779765
-0.009966
-7.432169
-5.293473
-0.000025
-6.232188
-6.651075
0.670925
0.995065
0.004031
0.006391
-0.004376
-0.014057
-3.150724
-6.862083
0.007316
-0.014624
-0.009688
-6.289867
-5.863352
-0.002763
-0.017307
-6.682593
0.022047
0.001082
0.023479
-7.061014
6.794096
5.238047
-8.695260
-0.020232
-0.025648
0.002800
0.863841
-7.305882
0.006045
-7.280584
-7.622378
-7.094561
0.010122
-7.229234
-6.160857
-0.012503
-5.846725
-6.359603
-6.824796
-0.017092
-6.203312
1.099354
0.000314
-0.002112
6.517419
-0.019561
-0.009233
-6.410837
0.015652
-6.517343
-7.939907
-0.012714
0.005379
-6.435381
-0.001932
