-0.040024
-0.002223
0.000583
-0.016883
-0.015055
-0.001004
-0.000171
0.045228
0.031949
-0.000094
-0.000560
-0.000653
-0.016208
0.019031
-0.000903
-0.022420
-0.001040
0.049332
-0.054824
-0.000605
-0.000860
0.058184
-0.004060
-0.000126
0.017092
-0.000852
0.023861
0.063057
0.052599
0.069344
0.056053
0.002576
-0.001419
-0.002759
-0.000643
0.001282
-0.000706
0.042395
0.017186
0.018925
0.021135
-0.006646
-0.003792
-0.000639
-0.003836
-0.018083
0.000664
0.006589
-0.000125
0.005680
-0.017129
-0.056845
0.019060
0.000010
-0.007032
0.003811
-0.002794
-0.000382
0.016508
-0.001311
-0.000488
0.065872
-0.000320
-0.000818
-0.007990
-0.002328
-0.004753
0.051398
0.002312
-0.006947
-0.047139
-0.004219
-0.011226
-0.011250
-0.002345
0.000113
0.032225
0.000316
-0.001898
-0.002404
-0.000839
-0.003715
0.019347
0.003400
