1.576095
-0.004769
1.327045
-0.000692
0.011277
-0.015851
0.014652
-0.567366
-0.504689
0.000092
-0.016035
0.018583
0.025896
-2.413125
-0.000097
2.442768
-0.022160
-0.758773
1.966796
-0.003230
0.015653
-0.944283
2.663936
0.029257
-0.267453
0.003845
-0.327143
-1.214007
-0.771626
-1.485397
-0.864692
1.826666
0.038318
0.025559
0.004344
0.000043
0.001637
-0.491410
-2.328632
-0.035552
-0.350374
-0.009871
2.320383
-0.021234
0.003719
2.370107
-0.000328
2.628592
-0.000013
2.644422
2.271204
1.096639
-2.353972
2.368218
-0.020276
1.758762
0.016443
0.024801
-2.356512
-0.003184
0.009294
-1.229448
0.000002
0.004739
2.419549
1.187366
0.002562
-0.684954
2.317667
-0.038286
1.576270
0.016674
2.439380
0.023980
-0.055147
0.000072
-0.434538
2.418301
-0.010229
-0.091428
0.032576
0.013345
-0.281413
3.237516
