0.629035 -0.650380 -0.798402 -0.858202 0.000005 -0.000018 -0.000045 0.000001 -0.708222 -0.838463 -0.842141 0.000001 0.023343 -0.143064 -0.000069 -0.000123 0.019422 0.000093 0.718803 0.000008 -0.842144 -0.000029 -0.000027 0.000095 0.383326 0.000159 -0.000044 -0.330305 0.406000 0.440926 0.195828 -0.000004 -0.572618 0.359611
-0.462172 0.625226 0.410127 0.884103 0.000049 -0.000052 0.000027 -0.000428 1.006176 0.941109 0.885313 -0.000006 -0.040306 0.305427 -0.000016 -0.000037 -0.067109 -0.000041 -0.741944 -0.000007 0.872361 0.000057 -0.000019 -0.000003 -0.418789 -0.000004 0.000013 0.324728 -0.496346 -0.159183 -0.063021 0.000015 0.586489 -0.267346
-0.035672 0.200191 0.172016 -0.028703 0.000020 -0.000000 -0.000024 0.000002 -0.102394 0.165602 -0.143784 0.000013 -0.017468 -0.505046 0.000096 -0.000152 -0.038761 -0.000003 -0.043729 0.000020 -0.019105 0.000079 -0.000018 -0.000017 -0.104940 -0.000038 0.000105 0.232540 0.060673 0.001386 0.124812 -0.000006 0.269407 0.018450
0.475307 -0.490732 -0.494407 -0.610974 -0.000077 0.000004 -0.000066 -0.000166 -0.541036 -0.249513 -0.411667 -0.000031 0.000885 0.265766 -0.000084 0.000062 0.001381 -0.000030 0.672143 -0.000009 -0.181339 0.000037 -0.000090 -0.000056 0.478840 0.000142 0.000004 -0.258911 0.209461 0.421057 0.245389 0.000002 -0.734341 0.229518
0.343405 -0.382243 0.012375 -0.129976 0.000091 0.000014 0.000110 -0.002943 -0.247211 -0.469517 -0.413092 0.000016 0.118351 0.080111 -0.000125 0.000085 0.155691 -0.000053 0.554982 -0.000002 -0.462051 0.000077 0.000016 0.000026 0.201909 -0.000117 0.000026 -0.332096 0.284065 0.091598 0.317305 -0.000003 -0.346168 0.298575
-0.375384 0.570288 0.507923 0.386016 -0.000069 -0.000010 0.000145 -0.000010 0.823709 0.767217 0.630352 -0.000005 -0.001001 -0.127424 -0.000040 -0.000166 -0.127112 -0.000046 -0.407623 -0.000021 0.540825 0.000106 -0.000051 -0.000034 -0.025583 -0.000038 -0.000011 0.346284 -0.014888 -0.081994 -0.112913 -0.000039 0.648176 -0.225047
-0.110055 0.183334 0.362031 0.002866 -0.000027 -0.000009 0.000163 0.003343 0.046823 -0.161889 0.103087 -0.000026 -0.122159 -0.013431 -0.000001 0.000054 -0.034121 -0.000055 -0.122527 0.000006 0.096019 0.000054 -0.000047 0.000036 -0.284540 0.000021 0.000026 0.294680 -0.170903 -0.152953 -0.157626 -0.000014 0.488154 -0.049817
0.807037 -0.805386 -0.833235 -0.885141 -0.000068 -0.000009 -0.000039 -0.007431 -0.943148 -0.834880 -0.782032 -0.000037 0.183652 0.070122 -0.000096 -0.000029 0.234818 -0.000004 1.057020 -0.000004 -0.520676 0.000009 0.000028 0.000082 0.503729 -0.000020 -0.000010 -0.632284 0.704483 0.652990 0.648335 -0.000003 -0.907261 0.436178
-0.320777 0.567898 0.707369 0.716033 -0.000017 0.000010 -0.000149 0.000022 0.610753 0.499731 0.646327 0.000039 0.005136 -0.018239 0.000074 0.000012 0.004915 -0.000019 -0.248476 -0.000005 0.408375 -0.000022 -0.000032 0.000025 0.032379 0.000117 0.000126 0.263682 0.018520 0.018564 -0.098616 -0.000028 0.300337 -0.066487
0.175426 -0.158434 -0.237250 0.065563 -0.000009 -0.000006 0.000073 -0.000038 -0.404440 -0.023626 -0.178598 0.000035 0.000649 -0.026092 -0.000024 0.000005 0.139219 -0.000058 0.060874 0.000020 -0.202133 0.000013 0.000092 0.000035 0.265148 0.000010 -0.000013 -0.019080 -0.060887 -0.076972 -0.002116 -0.000007 -0.016263 0.325731
-0.035384 0.235458 0.101719 0.130447 0.000018 -0.000015 0.000050 -0.000034 0.164384 -0.126287 0.257863 0.000002 -0.024027 0.050844 -0.000064 -0.000051 0.041475 -0.000059 -0.192460 -0.000024 0.057600 -0.000022 0.000028 -0.000090 -0.028557 0.000138 -0.000057 0.100353 0.152237 0.100298 0.112814 0.000003 0.181831 -0.138482
