-0.000954
-0.026479
0.031700
-0.004336
-0.006595
-0.009520
0.043311
-0.000345
-0.000428
0.002988
0.031508
-0.039680
-0.000426
-0.021745
-0.004683
-0.002260
-0.004412
0.015166
-0.006270
0.044195
-0.000283
0.053112
-0.001503
-0.045070
0.056810
0.019330
-0.000828
-0.004991
0.015731
0.030096
-0.005527
-0.001382
0.024997
0.004540
-0.002059
0.030204
0.022435
-0.000327
-0.001591
-0.006716
0.000943
-0.000151
-0.001213
-0.003245
-0.001974
-0.014640
0.001756
-0.005461
-0.027545
0.020927
-0.000556
-0.010665
-0.003370
0.047163
-0.008333
-0.002820
-0.000910
0.014854
0.000242
-0.014394
0.000062
-0.032141
-0.024883
-0.000632
0.032970
0.039012
0.003413
-0.000950
-0.000598
0.000085
-0.019278
-0.003260
-0.025282
-0.007382
0.015814
-0.000959
-0.000303
-0.015576
0.041263
0.002050
-0.020628
-0.006435
0.050013
-0.000256
-0.000175
0.014322
-0.029296
-0.011034
0.059094
0.054046
-0.004580
0.000767
0.011829
-0.000724
-0.003709
0.017398
-0.032789
-0.004243
-0.000908
-0.007833
0.001690
-0.000072
0.014325
0.017739
-0.002196
0.012041
0.017331
-0.000281
0.065992
0.043178
-0.000174
-0.002684
-0.004782
-0.016276
0.000046
0.034253
0.009209
-0.000641
0.029131
-0.012120
-0.006574
-0.031062
-0.001124
-0.000183
-0.004799
-0.000377
0.018225
-0.000299
-0.002283
-0.024306
-0.001786
0.027148
-0.000554
0.019055
