-1.750190
0.006643
2.986863
3.541302
-1.926729
0.001511
5.474043
0.008918
0.002598
0.001996
-0.001641
0.006313
5.980884
0.002384
5.959520
5.253055
-0.034445
-2.988663
-2.508909
-2.031976
-0.009611
3.451096
0.006373
-0.002916
-0.009641
-0.005875
-5.429427
-0.004406
0.002148
2.791454
0.013988
3.499287
0.002101
-2.885304
3.112239
0.020209
5.615426
0.035459
-0.048699
-3.723938
3.822407
4.059462
-2.681980
0.000040
2.809780
-0.001611
0.006012
-2.278999
-0.000014
-0.009116
0.006234
0.006729
-0.000643
0.000463
-3.039909
3.938137
0.020420
-0.009254
-0.000074
-0.009301
-0.000625
0.004547
0.000782
0.018515
0.003846
-0.024290
0.011325
0.463785
-0.027550
-0.015147
0.000448
-0.011534
-0.019910
-2.073360
8.188049
5.176480
-2.670023
2.947994
2.324161
5.098464
-0.004893
-2.644534
0.026739
-0.011366
-2.783445
0.029684
-0.012262
0.000814
-0.002985
-5.667562
0.018719
-0.000182
3.944395
0.003385
0.011454
0.006569
-3.100584
0.000231
0.006363
3.254126
-0.026924
4.338532
-2.631295
-0.001674
0.000320
0.000004
