-0.068455 0.015873 -0.001377 -0.242790 -0.000042 -0.094896 -0.192605 -0.000071 0.087678 0.092365 -0.099505 -0.000013 0.043313 -0.617362 0.299523 -0.536366 -0.000034 0.000007 -0.052846 -0.064090 0.000123 -0.220020 0.194878 -0.000024 0.015893 0.250059 0.000040 0.269416 -0.473282 0.279236 -0.608808 0.163031 -0.001061 0.215062 0.015112 0.181491
0.005153 -0.027904 -0.001233 -0.270565 0.000067 -0.097037 -0.308498 0.000014 -0.072552 -0.395191 -0.145630 0.000041 0.001044 -0.459422 -0.106502 -0.283115 0.000034 0.000015 -0.340095 -0.143821 0.000021 0.043503 0.076439 -0.000039 -0.157000 0.252237 0.000040 0.278740 -0.120808 0.298409 -0.351200 0.359275 -0.000340 0.296807 -0.256231 0.021288
-0.101305 -0.118115 -0.001607 -0.108846 0.000141 0.213297 -0.373817 0.000023 0.240067 0.227931 -0.203611 0.000074 -0.155110 -0.344758 -0.275827 0.194692 0.000030 0.000006 -0.034000 -0.152677 0.000109 -0.195425 0.317953 -0.000034 -0.301173 -0.000853 0.000021 0.139426 0.115227 0.063458 -0.178417 0.215871 0.000450 -0.049023 -0.370389 -0.104815
-0.039524 0.026566 -0.000929 0.010214 -0.000063 0.186869 -0.120899 0.000051 0.077870 0.212430 -0.046907 -0.000031 -0.575775 0.179169 0.322141 -0.007895 0.000040 0.000002 0.052296 -0.048986 0.000004 -0.056891 0.400844 0.000050 -0.366107 0.065559 0.000016 -0.026238 -0.332379 0.095268 -0.016935 -0.232465 0.000325 0.054967 -0.428595 -0.117061
0.369943 -0.071088 -0.003274 0.062344 0.000098 -0.246802 -0.108727 0.000175 -0.009933 0.196076 -0.277049 -0.000038 -0.010967 0.125210 0.207749 0.493130 0.000035 -0.000008 0.168383 -0.017123 -0.000119 0.030240 0.117510 0.000034 -0.200165 0.141595 0.000009 -0.178822 -0.168080 0.049329 0.255618 -0.394315 0.000138 -0.084864 0.021514 -0.037838
0.373666 -0.084874 -0.000889 0.031837 0.000197 -0.668388 -0.204482 0.000140 -0.190252 -0.159991 0.261892 0.000007 0.120654 0.257150 0.144429 -0.025869 -0.000006 -0.000005 0.136425 -0.171627 -0.000057 -0.146088 -0.264293 0.000008 -0.303136 0.318214 -0.000017 -0.157672 -0.036527 -0.217230 -0.214811 0.052615 -0.000002 -0.238762 -0.279056 0.016381
0.203200 0.037083 -0.000801 -0.307581 0.000103 -0.022471 -0.024771 -0.000004 0.350810 -0.232280 0.484258 0.000015 -0.064231 0.257892 -0.310712 -0.029023 -0.000024 0.000015 -0.007414 -0.222741 -0.000006 0.128542 -0.174073 0.000065 -0.185251 0.268373 -0.000010 -0.106489 0.404780 -0.212165 -0.027226 0.374702 -0.000633 -0.165271 -0.065675 -0.014196
0.247345 0.362458 -0.000255 -0.382192 0.000063 -0.441478 0.074160 0.000030 0.098537 -0.070319 0.188575 0.000029 0.105419 -0.003072 -0.096457 0.235970 -0.000006 0.000006 -0.080755 -0.251540 -0.000119 0.271702 0.051276 0.000017 -0.272303 0.252728 -0.000017 -0.111759 0.417330 0.125379 0.139827 0.360427 -0.001035 0.129970 0.117260 0.278913
0.146240 0.064646 -0.002333 -0.013087 0.000037 0.005457 0.120027 0.000030 0.195630 0.243219 0.120270 0.000033 0.281676 0.095176 0.099739 0.328214 0.000002 0.000014 0.132319 0.057597 -0.000052 0.174446 0.247255 -0.000019 -0.024466 0.446413 -0.000032 -0.212087 -0.040421 -0.250001 0.431454 0.044638 -0.005273 0.300878 0.087065 -0.137098
-0.120579 0.361884 -0.001830 0.240971 0.000029 0.471960 -0.151586 0.000111 -0.106580 -0.081957 0.079123 -0.000025 0.252374 -0.021647 -0.311026 0.033769 0.000032 0.000032 -0.102491 -0.082788 -0.000105 0.228366 0.158779 0.000003 0.108272 0.341713 0.000058 -0.573053 0.371234 0.303511 0.414437 -0.431215 -0.006702 0.193836 0.252744 -0.271986
-0.060289 0.424426 -0.003745 0.128112 -0.000117 0.318237 -0.038992 0.000067 -0.440652 -0.081069 0.403769 -0.000017 0.032849 0.082290 0.107144 0.236621 0.000048 -0.000012 0.387802 0.028610 0.000121 0.081524 -0.392259 -0.000015 0.063226 -0.145644 -0.000018 -0.341476 0.432744 0.408503 0.005228 -0.523311 -0.009117 -0.120996 0.353586 -0.107951
0.154943 0.184867 -0.002413 -0.000779 0.000062 0.277641 -0.164869 -0.000139 -0.219024 0.330560 0.409707 -0.000068 -0.389764 0.097759 -0.090123 0.093270 -0.000028 0.000042 0.015101 -0.047853 -0.000131 0.183274 0.036029 -0.000002 0.164435 0.094364 -0.000014 0.254334 -0.191343 0.157906 -0.261332 -0.439049 -0.007848 -0.238128 0.227223 -0.082252
0.193304 0.282065 -0.001515 -0.180378 0.000046 0.237359 0.182437 0.000040 0.200622 -0.113613 0.095004 -0.000090 -0.272493 -0.061622 -0.108067 -0.140141 -0.000045 -0.000012 -0.101653 -0.014835 0.000003 -0.005502 -0.030455 -0.000013 0.059490 0.153844 0.000018 0.071159 -0.155516 0.460798 -0.004201 -0.300917 -0.006856 -0.101735 0.339257 0.211761
0.057559 0.038966 -0.000905 -0.417585 -0.000066 -0.156492 -0.263190 -0.000151 0.469997 -0.004607 -0.024735 -0.000035 -0.396974 -0.194062 0.453758 -0.431679 -0.000040 -0.000013 0.274714 -0.146566 0.000047 0.246442 0.100390 0.000005 -0.255731 0.063174 0.000065 0.226543 -0.090431 0.213703 0.041422 -0.011606 -0.006735 -0.172014 -0.271866 -0.279560
-0.165886 0.041048 0.000776 -0.190800 0.000025 -0.073301 -0.021827 -0.000050 0.270308 -0.122974 0.136499 -0.000052 -0.215646 -0.180817 0.409866 -0.111737 0.000003 -0.000011 -0.109507 -0.232374 0.000006 0.293136 0.018509 0.000033 -0.381026 -0.077651 0.000010 0.173662 0.272056 -0.028200 0.066611 -0.025718 -0.005229 0.116312 -0.066690 -0.027788
-0.037506 0.076591 0.000753 -0.165690 0.000011 -0.196772 0.116521 -0.000007 0.288506 -0.034223 0.174894 0.000010 -0.153267 0.155279 0.280645 -0.062858 -0.000018 0.000029 -0.082542 -0.083883 0.000029 0.254337 -0.209328 -0.000014 -0.222018 0.269728 0.000056 -0.121016 0.293205 0.115359 -0.093707 0.250741 -0.004907 0.286384 0.140916 -0.227289
0.235285 -0.013927 0.000687 0.033056 0.000058 0.198277 -0.146706 0.000059 0.252675 0.217660 -0.046057 -0.000026 0.175108 0.216541 0.130337 0.004335 -0.000017 0.000006 0.037170 -0.089074 -0.000017 -0.341040 -0.316141 -0.000034 0.009185 0.245100 -0.000002 0.017150 -0.029507 0.146522 -0.100252 0.023231 -0.003758 0.284437 0.387531 -0.214109
-0.039395 0.236217 0.000482 0.137153 -0.000025 0.009004 -0.091352 0.000172 0.158284 0.166613 0.088684 0.000012 -0.050502 0.374723 -0.202006 -0.174492 0.000048 0.000004 0.234459 -0.035767 -0.000063 -0.375433 -0.046229 -0.000023 0.009676 0.354573 -0.000034 -0.411593 0.012002 0.342758 -0.328428 0.126802 -0.000771 0.085498 0.077722 0.536199
0.002449 -0.021437 0.000009 0.028340 0.000004 0.217994 0.039156 0.000007 0.243729 -0.102829 0.052168 -0.000002 0.202410 0.122107 -0.209507 0.273807 -0.000092 0.000014 0.271817 -0.204436 0.000030 0.090973 0.199194 0.000088 -0.108541 0.345528 -0.000014 0.236242 0.218195 0.533562 0.100603 0.099182 -0.000591 -0.233876 -0.197094 0.167402
0.169589 -0.125461 -0.000161 0.259245 -0.000036 0.063345 -0.074190 0.000145 0.089394 0.075029 -0.086633 -0.000021 0.074910 0.060778 0.206092 0.157424 0.000013 0.000005 0.092419 -0.211293 -0.000048 -0.063286 0.461089 -0.000041 0.153844 0.434221 -0.000086 0.021219 -0.149697 0.257560 0.048917 -0.102554 0.000630 -0.118348 0.293049 0.133502
-0.092192 -0.130367 0.000221 0.091418 0.000049 0.226785 0.183846 -0.000079 0.204586 0.330414 -0.091732 -0.000041 -0.059045 -0.069225 -0.013291 0.273774 -0.000075 -0.000023 -0.090725 -0.000962 0.000072 0.442239 -0.158810 -0.000021 0.050306 0.633453 -0.000032 0.065909 -0.070077 0.093529 -0.265400 -0.204382 0.000569 -0.037178 0.067266 0.250772
-0.244568 0.019465 0.000017 0.132747 0.000028 -0.091325 -0.171008 0.000058 -0.017553 0.153746 -0.009783 -0.000046 -0.215085 -0.245173 -0.007081 0.457310 0.000054 0.000060 -0.166503 -0.337538 0.000042 -0.114521 0.075500 -0.000052 -0.361671 0.222968 0.000014 -0.112252 0.126956 0.330700 0.402623 -0.185551 0.000436 0.132337 0.187487 0.185906
-0.322611 0.288324 0.000068 -0.130150 -0.000029 -0.007927 0.269078 -0.000159 0.187552 0.018943 -0.076004 -0.000004 0.020157 -0.173189 -0.374694 0.227220 -0.000007 0.000039 -0.210251 -0.072596 -0.000042 0.001672 0.055745 0.000025 -0.351604 0.132566 -0.000005 -0.110089 0.231317 0.058385 0.215442 -0.136090 -0.000210 0.010744 0.008639 0.415957
0.010848 0.228242 0.000255 -0.074508 0.000024 -0.109929 0.342344 0.000276 0.205958 0.224444 -0.325912 0.000039 -0.017938 0.010814 0.232277 0.339684 -0.000018 -0.000076 -0.093952 0.126372 0.000013 -0.078808 0.067893 0.000040 -0.421170 0.089386 0.000037 0.145248 0.393969 0.044035 0.354809 0.234459 -0.000176 -0.235975 -0.249331 0.389506
0.249803 0.438260 0.000629 -0.033923 0.000047 -0.582527 0.028482 -0.000085 -0.092426 0.139492 -0.406417 -0.000058 0.342952 0.409023 0.405591 0.215189 0.000002 0.000058 0.349818 0.406099 -0.000054 -0.136952 0.031347 -0.000069 -0.116816 0.019017 -0.000006 0.318917 0.211984 0.095804 0.540603 -0.025548 -0.000240 -0.442731 -0.221939 0.366005
0.154266 -0.253717 -0.000265 -0.074909 0.000034 -0.294392 0.115439 0.000207 -0.020109 -0.028923 -0.354673 0.000035 -0.199858 0.021213 -0.095963 0.010535 -0.000031 0.000021 0.226553 0.122768 -0.000073 -0.304142 0.081085 -0.000027 0.106991 0.109881 -0.000022 0.082583 0.478833 0.049550 0.384125 0.084414 -0.000045 -0.238876 -0.186816 0.391875
0.211593 -0.143507 -0.001636 0.003294 0.000026 -0.418626 0.399522 0.000053 0.136770 -0.039458 -0.093295 0.000071 -0.020503 0.184478 -0.262297 -0.119688 -0.000063 0.000006 -0.001320 0.236164 -0.000072 0.046023 -0.065406 -0.000051 0.063363 0.207144 -0.000078 0.528075 0.342685 0.083027 0.027067 0.576633 -0.000165 -0.209292 -0.077959 0.220881
0.040202 0.084085 -0.003020 -0.165177 -0.000057 0.291188 0.003356 -0.000146 0.444349 -0.393953 -0.069470 0.000007 0.052074 0.299572 -0.228526 -0.096952 0.000051 -0.000010 0.059811 0.103984 0.000098 0.265751 0.232673 -0.000006 0.004492 -0.005133 -0.000050 0.002298 0.123749 0.254342 0.190024 0.010083 0.000127 -0.214433 0.277561 -0.005570
0.084301 0.407117 -0.003089 0.171347 -0.000028 0.293049 0.027916 -0.000041 0.323802 -0.309217 0.049239 0.000041 -0.135527 0.329915 0.242351 -0.235278 0.000044 -0.000039 0.015702 -0.029961 -0.000027 0.304507 -0.126334 -0.000007 0.021342 -0.130473 -0.000010 -0.033290 -0.040732 0.473583 -0.169528 0.252401 0.000618 0.000692 0.201759 -0.243373
-0.091121 0.182555 -0.003714 -0.005059 0.000163 0.295151 0.219218 0.000008 0.229644 0.107972 0.184246 0.000002 -0.050105 -0.212706 -0.360599 0.403292 -0.000066 -0.000013 0.110452 0.040853 -0.000104 -0.023017 0.004135 -0.000059 0.118865 -0.329329 -0.000015 0.045120 -0.212833 0.211727 -0.201305 -0.246329 0.000435 -0.064954 0.166916 -0.062295
-0.157009 0.696738 -0.002119 0.132073 0.000007 0.269743 -0.257399 0.000007 -0.326733 0.161730 0.363047 -0.000019 0.049813 0.089063 -0.195297 0.226541 -0.000010 -0.000007 0.041044 -0.201778 -0.000142 0.106983 -0.070384 -0.000016 -0.152124 0.265545 0.000049 -0.074035 -0.003868 0.387989 -0.056752 0.017225 -0.000693 -0.081801 -0.036487 -0.235076
-0.082063 0.258231 -0.001254 0.000109 0.000004 -0.290313 0.107235 0.000070 0.002339 0.220396 0.512488 0.000029 -0.160463 0.111834 -0.086771 0.473119 -0.000016 -0.000000 -0.343424 0.187650 0.000076 -0.026635 0.158575 -0.000095 0.091302 0.173337 0.000007 0.304243 -0.239069 0.467405 0.215217 0.118948 -0.001318 0.072713 0.029564 -0.028634
-0.259710 0.115469 -0.003513 -0.144776 0.000038 0.262030 0.392383 -0.000058 -0.116122 -0.091646 0.536274 -0.000039 0.309867 0.087417 -0.054820 0.593981 -0.000036 -0.000005 -0.142367 0.035466 -0.000042 0.081274 -0.052057 -0.000038 0.258839 0.398743 0.000012 -0.033473 -0.226795 0.557077 -0.062327 0.134331 -0.001643 -0.188660 0.312009 -0.074846
-0.442344 -0.003166 -0.002304 -0.106775 0.000079 -0.250735 -0.165414 -0.000025 0.064378 -0.087920 -0.200894 -0.000033 0.305670 0.411827 -0.150590 0.337744 -0.000018 0.000004 -0.301871 0.157151 -0.000139 0.063346 0.098204 -0.000035 0.128826 0.371870 -0.000005 0.055121 -0.133426 0.333330 0.236664 -0.268363 -0.001372 -0.144696 0.082005 0.062447
-0.255117 0.234080 -0.003345 0.079381 -0.000027 -0.081963 -0.133931 -0.000138 0.477824 0.131301 -0.279372 -0.000040 -0.180184 0.414372 -0.129467 0.046263 -0.000033 0.000004 -0.086938 0.145146 -0.000120 -0.001087 -0.117514 -0.000028 0.259483 -0.261532 0.000025 0.200920 0.123876 0.240937 0.209399 -0.055529 -0.000838 -0.207514 -0.221471 -0.222825
-0.357826 0.133141 -0.002756 0.333192 0.000035 0.102904 -0.345336 -0.000164 -0.022967 0.034866 -0.083378 0.000110 -0.341093 0.130952 -0.295423 0.085559 -0.000078 -0.000028 0.002024 -0.164831 0.000048 0.019893 0.217829 -0.000023 -0.137601 -0.067335 0.000039 0.291177 0.122663 0.328352 0.290595 -0.243817 -0.003277 -0.238608 -0.094606 -0.212872
-0.636625 0.160267 -0.002535 0.134224 0.000104 -0.093524 -0.216042 0.000016 -0.432755 -0.036766 -0.242836 0.000025 -0.014621 -0.042940 -0.223767 0.239882 0.000029 -0.000019 0.169075 -0.137636 0.000086 0.401612 0.492493 0.000068 0.058233 0.281285 -0.000019 -0.243418 0.028943 0.468101 0.096708 -0.781042 -0.001704 -0.406966 0.185817 -0.166002
-0.101553 0.352241 -0.004692 0.215651 0.000001 -0.082054 -0.238722 0.000039 0.037595 -0.362429 -0.132446 0.000090 -0.022310 0.073604 0.136952 0.119706 -0.000038 0.000016 0.071327 -0.218028 0.000104 -0.051011 0.256798 0.000021 -0.303212 -0.231588 0.000010 -0.310062 -0.248640 0.078628 0.024263 -0.956875 -0.004446 -0.001094 -0.034657 0.338767
-0.206206 0.205395 -0.000980 0.202282 0.000027 0.157383 -0.427218 0.000021 0.153444 0.028950 -0.041398 -0.000043 0.145236 -0.041430 0.217947 0.070540 -0.000033 0.000010 -0.073027 -0.205288 -0.000003 0.005720 0.095359 -0.000042 -0.628457 0.008219 0.000049 -0.302375 -0.423500 0.093411 0.007108 -0.404694 -0.004961 -0.028877 0.398611 0.337928
-0.049677 0.325806 -0.002215 0.122037 -0.000019 -0.150698 -0.413400 -0.000024 0.466272 0.212401 0.355131 0.000023 -0.087125 0.021051 -0.000704 0.106008 -0.000029 0.000010 -0.079848 0.141068 -0.000017 0.131770 -0.209428 -0.000025 0.160417 -0.200110 0.000027 0.135802 -0.167202 0.000507 0.003940 -0.506992 -0.005277 -0.283742 0.118498 0.228093
0.066245 0.077679 -0.002222 0.252645 -0.000028 0.058754 -0.223766 0.000147 0.069159 0.216495 0.444494 0.000041 -0.369891 -0.115431 -0.130819 -0.113321 -0.000039 0.000023 -0.579612 -0.072415 0.000045 -0.082320 -0.011522 0.000031 0.428678 -0.264655 -0.000059 0.091296 0.217955 0.038067 -0.098059 0.056168 -0.005512 -0.062917 0.136388 -0.020488
-0.045553 0.292329 0.000827 -0.013542 0.000020 -0.179317 0.004170 -0.000045 -0.112368 -0.550333 0.310368 0.000004 0.041283 -0.213297 -0.317860 0.032295 -0.000015 0.000001 -0.336726 -0.301623 0.000141 0.028601 -0.089966 -0.000055 -0.022695 0.144012 -0.000012 0.097272 0.154641 0.268730 -0.194781 0.340534 -0.002520 -0.145994 0.209822 0.050789
0.013409 0.267831 -0.001377 -0.067576 0.000012 -0.277899 0.301306 0.000099 0.039652 -0.117474 0.215402 -0.000048 -0.241588 -0.080876 0.298144 0.045399 -0.000031 0.000016 0.071374 -0.355185 -0.000013 -0.021721 -0.134075 -0.000075 0.058190 0.343259 0.000008 0.460661 -0.029719 -0.208712 -0.091900 0.039116 -0.001022 -0.222931 0.163882 -0.286887
-0.051086 0.313113 -0.000165 -0.014560 0.000017 -0.245433 0.014733 -0.000084 -0.136804 -0.090210 0.061336 0.000019 -0.341146 -0.078585 0.175073 -0.354625 -0.000054 -0.000027 0.095049 -0.039113 0.000074 0.133730 0.111389 -0.000007 0.004125 0.106320 -0.000048 0.516666 0.146847 0.175944 0.064656 0.125378 -0.000094 -0.153870 -0.089074 -0.084096
0.300653 0.149732 -0.000857 0.104521 0.000056 0.016080 -0.056533 0.000008 0.399302 0.340088 -0.280377 -0.000042 0.139254 0.030502 0.073731 -0.059407 0.000017 0.000005 -0.091954 -0.127697 -0.000090 -0.093122 -0.070008 -0.000034 0.153522 0.193401 -0.000006 -0.175781 -0.410889 -0.033080 -0.010414 -0.067340 0.000157 0.014031 0.147627 0.167097
0.189462 0.300592 0.000594 0.155879 0.000028 0.139749 -0.310075 -0.000046 0.305356 0.442184 0.021737 0.000009 0.034762 -0.020507 -0.086089 -0.132045 0.000055 0.000010 0.036691 -0.060753 0.000074 -0.006976 -0.036888 -0.000062 -0.050130 -0.460229 0.000003 -0.278805 -0.073397 -0.213874 -0.066656 0.080704 0.000208 -0.125857 0.011702 0.241437
0.083279 0.207767 0.000702 0.108820 -0.000194 0.069823 -0.307417 0.000007 0.004731 -0.175524 0.387170 0.000004 -0.132777 0.165632 0.049877 -0.051849 -0.000019 0.000024 0.260031 0.062870 -0.000175 -0.135474 0.066027 -0.000059 -0.068413 -0.522812 0.000013 -0.117561 -0.301042 0.140340 0.074128 -0.171408 0.000312 -0.078231 -0.282803 0.049974
-0.149257 0.001736 0.000823 -0.002851 0.000044 0.090716 -0.352200 0.000034 -0.297974 -0.122827 0.263812 0.000013 0.038082 0.092327 -0.036437 0.280145 -0.000013 0.000016 0.256214 0.238300 -0.000090 0.344079 -0.093870 -0.000067 -0.175939 -0.365669 0.000024 -0.457240 -0.079597 0.166161 -0.196562 0.106884 0.000295 -0.080386 0.098304 0.203165
-0.020463 0.140733 0.000526 -0.077557 -0.000006 0.080200 -0.514203 -0.000000 -0.034959 0.180491 0.009687 0.000048 0.010240 0.233987 -0.003481 0.028955 -0.000058 -0.000009 0.503135 0.229018 -0.000042 0.520958 0.199723 0.000026 -0.259144 -0.178395 -0.000005 -0.274197 -0.395114 0.263977 -0.393605 -0.029729 0.000322 -0.037266 0.181415 -0.198792
0.163603 0.065184 0.000068 -0.188175 0.000097 0.097317 -0.383803 0.000034 0.078758 0.219021 -0.102110 0.000023 0.194652 0.145450 -0.013656 0.405141 0.000024 0.000025 0.346064 0.036321 0.000032 0.219457 0.164300 0.000071 -0.458458 -0.019037 0.000010 -0.442498 0.161333 -0.490699 0.146650 -0.240525 0.000532 0.058737 -0.025707 -0.123326
0.471537 0.264314 -0.000002 0.013517 0.000072 -0.028227 0.057172 -0.000090 -0.077702 0.010526 -0.244610 0.000005 -0.021838 0.192137 -0.105315 0.338268 -0.000035 0.000015 -0.085255 0.000854 -0.000051 -0.143652 -0.325063 0.000009 -0.112979 -0.036820 -0.000007 -0.277826 0.269120 -0.407349 -0.262936 0.195555 0.000417 0.322446 -0.441034 0.169778
0.066230 0.265966 0.000724 0.011187 0.000050 -0.205829 -0.127390 0.000234 0.040195 -0.154915 -0.230991 -0.000021 0.208042 0.352224 -0.281984 0.164154 -0.000019 -0.000006 -0.094630 0.164111 0.000073 0.056513 -0.179146 0.000056 0.100609 0.259899 0.000004 -0.338920 0.045559 -0.327063 -0.020388 0.079780 0.000386 0.068624 -0.177815 -0.046795
0.003140 0.064819 0.000082 -0.138515 -0.000119 -0.174247 -0.350861 0.000010 0.164808 0.112442 -0.213293 0.000054 0.103150 0.015555 0.121796 -0.105153 0.000039 0.000012 -0.177498 -0.132368 -0.000067 -0.025435 -0.384516 -0.000013 -0.020262 0.011830 0.000026 0.193866 0.076695 0.050781 -0.169902 0.444594 0.000391 -0.039622 -0.002905 -0.200534
-0.093189 -0.305733 -0.000932 -0.151622 0.000052 0.085448 0.151174 0.000089 -0.017568 0.213518 0.080513 0.000024 0.254993 -0.144619 0.278659 -0.033728 -0.000014 0.000012 -0.178340 -0.168517 0.000070 0.050794 0.051722 -0.000023 -0.044356 -0.154944 -0.000042 -0.088160 0.158944 0.253470 -0.057811 -0.059559 0.000315 0.000972 0.170589 -0.248464
-0.112634 0.133016 -0.000691 -0.087414 0.000034 0.159116 0.348532 -0.000132 -0.211340 -0.160934 -0.167589 -0.000032 0.037357 -0.013142 -0.139438 0.093474 0.000051 0.000023 -0.237036 -0.146532 -0.000118 0.375635 0.229043 -0.000030 -0.079734 -0.275156 -0.000027 -0.188683 -0.335462 0.086417 0.111487 0.206868 -0.001067 -0.172578 0.100539 -0.166476
-0.173090 0.041271 0.000670 -0.038512 0.000282 -0.037997 0.298209 -0.000183 -0.025150 -0.435074 -0.379638 0.000000 -0.178136 0.227083 -0.025171 -0.080604 0.000016 -0.000015 -0.136638 -0.102667 0.000116 0.082503 0.323513 -0.000022 -0.081651 -0.145721 -0.000032 -0.149142 -0.202654 -0.080546 0.336997 -0.128041 -0.001132 0.057709 0.179635 -0.416430
-0.411078 0.351506 0.000216 0.001142 -0.000120 -0.307308 0.027707 0.000026 -0.198565 0.133297 -0.278658 0.000071 -0.137927 0.055599 -0.040696 -0.053291 0.000053 -0.000005 0.192583 -0.337835 0.000061 -0.233126 0.165655 0.000025 -0.219283 0.199300 -0.000014 -0.117598 -0.224764 -0.000650 0.024167 -0.140100 -0.000441 0.156158 0.207778 -0.304755
-0.077385 0.234955 0.000023 0.006360 -0.000090 0.234095 0.005944 0.000055 0.223663 0.259991 -0.117079 0.000001 -0.543947 0.386928 0.076408 0.294669 -0.000030 0.000004 0.189398 0.054866 0.000273 -0.087643 -0.270139 -0.000073 0.054543 -0.015628 -0.000060 -0.014275 -0.008989 -0.225081 0.046582 0.159015 0.000381 0.089431 0.000451 -0.213884
-0.001118 0.559464 -0.000144 -0.166769 0.000013 -0.294220 0.098279 0.000082 0.193741 -0.067880 0.146459 0.000037 -0.284669 0.244946 -0.192035 0.285005 -0.000015 -0.000000 0.030702 0.037228 0.000067 0.059767 -0.123908 0.000067 -0.262828 0.054696 -0.000012 0.133051 -0.136486 -0.067791 0.141702 0.031660 0.000334 0.110808 0.083058 0.283421
0.185888 0.114976 0.000603 -0.142262 0.000071 -0.320112 0.074420 0.000152 0.101971 -0.093903 0.100943 -0.000090 0.324079 -0.290957 -0.115638 0.300330 -0.000016 0.000012 0.179376 0.073662 0.000117 0.207516 -0.540659 -0.000064 -0.197842 0.173561 0.000002 0.512380 -0.385939 -0.282939 -0.233376 0.325942 -0.000672 0.084733 0.360193 0.194148
-0.111132 0.394771 0.000041 0.096389 -0.000101 -0.229258 0.134093 0.000007 -0.094624 -0.247517 -0.069158 0.000057 0.415723 -0.192067 -0.025083 0.169850 -0.000016 0.000008 0.507435 0.007961 0.000097 0.115293 -0.185697 -0.000039 0.058859 -0.170229 -0.000078 0.224119 -0.282029 -0.142164 -0.187692 0.133921 -0.002253 0.403418 0.008178 0.567869
-0.121914 0.185650 -0.001880 0.166520 0.000004 -0.016924 -0.052477 -0.000083 -0.211146 -0.009143 0.175236 -0.000001 0.220148 0.026392 -0.457364 0.117129 -0.000038 -0.000007 0.180340 -0.070384 -0.000026 0.105580 0.257688 -0.000063 0.080042 -0.147396 -0.000003 0.083662 -0.241519 -0.025826 -0.347186 0.112215 -0.001757 0.495427 0.005435 0.096443
-0.248324 0.324712 -0.002678 -0.038144 0.000093 0.010526 -0.034356 0.000014 -0.247763 -0.110600 -0.334664 -0.000013 0.441076 0.036010 -0.194713 0.357261 0.000017 0.000006 -0.111198 0.002548 -0.000039 0.166089 0.245786 0.000010 0.186175 0.156615 -0.000028 -0.011021 -0.329767 -0.524635 0.237169 -0.055947 -0.002439 0.375188 0.151172 0.118668
-0.275714 0.017235 -0.001287 -0.111146 -0.000099 0.092362 -0.005958 0.000008 -0.642751 0.364702 0.014911 -0.000015 -0.052729 0.106751 -0.122165 0.157165 -0.000037 -0.000000 0.161012 -0.061903 0.000007 0.060358 -0.152234 0.000035 0.060674 -0.316607 -0.000031 -0.163773 0.093082 -0.544587 -0.172018 0.043580 -0.002532 0.283623 -0.157289 0.254449
-0.324352 -0.363651 0.000086 0.014300 -0.000102 -0.021738 -0.015593 -0.000072 -0.010930 -0.007939 0.381648 0.000072 -0.430966 0.039353 -0.367423 -0.224227 -0.000106 -0.000014 0.210278 -0.284589 -0.000094 0.334755 0.019008 0.000113 -0.077261 -0.178375 0.000005 -0.169417 0.360708 -0.591558 -0.080251 0.124373 -0.000532 0.057444 -0.482926 -0.330596
-0.215712 -0.112191 0.000126 0.063162 -0.000029 -0.244043 -0.296170 -0.000025 -0.059472 -0.280997 0.204871 0.000025 -0.008312 0.419632 0.165328 -0.111197 -0.000058 0.000014 -0.049350 -0.217467 -0.000143 -0.015718 0.105266 -0.000040 0.249148 -0.235923 -0.000013 -0.585121 -0.150478 -0.008495 0.024352 0.017258 -0.001015 -0.036254 -0.381213 -0.239778
-0.187022 0.091878 -0.001928 0.172789 -0.000011 0.216827 -0.235248 -0.000149 -0.358904 -0.166482 0.232837 -0.000000 0.122430 0.315379 -0.188389 -0.303212 0.000023 -0.000017 0.005846 -0.141189 0.000053 0.016273 -0.229806 0.000021 0.220082 -0.167075 -0.000031 -0.364253 0.000796 0.001696 0.026493 -0.498514 -0.001072 -0.107567 -0.113690 -0.041400
-0.090060 0.036755 -0.002037 0.017286 -0.000255 0.023560 0.033979 -0.000089 -0.363414 0.135968 -0.024141 -0.000016 0.036788 0.171094 0.254893 0.138773 -0.000028 0.000016 0.022806 0.155562 0.000086 0.203815 -0.414482 -0.000072 0.034924 -0.191230 0.000019 0.001222 0.027801 -0.615031 0.287583 -0.240848 -0.002533 -0.056969 0.530951 -0.248718
-0.022055 -0.010898 -0.000634 0.079528 0.000034 0.147256 -0.272532 0.000047 -1.056884 -0.240418 -0.005931 -0.000063 0.132563 0.312752 0.085432 -0.051000 -0.000040 0.000017 -0.137085 0.218358 -0.000038 -0.065874 -0.014394 -0.000020 -0.328292 -0.292262 0.000004 0.026762 0.342655 -0.095898 0.376014 -0.348003 -0.002198 -0.080261 0.043400 -0.029797
0.062882 -0.251718 -0.001093 -0.070907 -0.000044 -0.117733 -0.121076 -0.000034 -0.586748 0.087368 -0.233631 -0.000023 -0.065069 0.082818 0.185122 0.085933 0.000065 -0.000007 -0.353167 0.342508 0.000246 0.005187 0.035389 0.000051 0.019569 -0.482324 -0.000005 0.278162 -0.010804 -0.135163 0.193515 0.302505 -0.001820 -0.148022 0.009931 -0.166413
-0.354013 -0.281034 -0.001293 -0.163961 -0.000029 -0.013235 -0.249357 -0.000120 0.086165 0.013460 0.134295 -0.000018 0.019983 0.052790 0.350598 -0.038119 -0.000017 -0.000007 -0.225948 0.472920 0.000062 0.288081 -0.092972 0.000002 0.075190 0.033584 0.000072 0.013437 0.024515 0.110531 -0.293203 0.052146 -0.002295 -0.159430 -0.013573 -0.193069
-0.440158 -0.373534 -0.003107 -0.270385 -0.000029 0.065026 -0.338924 -0.000242 -0.069474 -0.098626 0.279609 0.000028 0.057899 0.278243 0.394266 -0.470560 -0.000064 -0.000030 -0.268983 0.094121 0.000082 0.320672 0.267300 0.000031 0.027897 -0.150733 0.000005 0.327819 0.012762 -0.181716 -0.534236 0.054401 -0.001847 0.093675 0.244316 -0.482480
0.030485 0.052128 -0.000699 -0.046896 0.000047 0.088383 -0.349686 0.000042 -0.772301 -0.057129 0.242875 0.000026 0.208094 0.447096 0.022921 -0.623680 0.000031 0.000024 -0.044638 -0.184121 -0.000072 0.028230 0.079172 -0.000013 -0.171206 0.084719 0.000028 0.132391 0.265094 -0.012942 -0.456185 0.050350 -0.002762 0.093194 -0.036766 -0.093491
0.215980 -0.321548 0.000775 -0.397826 0.000025 -0.007145 -0.153214 0.000087 -0.185066 0.360683 0.108026 0.000059 -0.121274 0.030305 0.120536 0.136351 0.000016 -0.000046 -0.240404 0.169507 -0.000013 -0.321110 0.066340 0.000055 0.056819 0.044258 -0.000026 -0.127540 0.328456 -0.252412 -0.072968 0.034061 -0.003585 0.342381 -0.003894 -0.040734
-0.006420 -0.192885 0.000723 -0.041109 -0.000066 0.539278 -0.133561 0.000124 0.113812 0.239059 0.058838 -0.000021 0.010976 0.002659 0.182979 0.157742 -0.000018 -0.000029 0.053098 -0.140786 -0.000012 -0.198021 -0.334864 0.000011 -0.005782 0.229841 -0.000010 -0.507204 0.369359 0.184155 -0.510795 -0.199470 -0.002158 0.339500 0.161997 -0.132101
-0.387656 0.188249 -0.000210 -0.099229 -0.000156 0.409202 -0.180229 -0.000080 0.318856 0.047600 0.116987 0.000004 0.078823 0.124364 -0.076870 -0.079845 0.000045 -0.000002 -0.070409 -0.060356 -0.000030 0.043691 -0.432414 0.000002 0.092349 0.113877 -0.000031 -0.141055 0.047441 0.118456 -0.589873 0.236000 -0.000518 0.326807 -0.092703 0.261051
-0.157232 0.059468 0.000758 -0.071157 0.000036 -0.296127 -0.143477 -0.000024 0.265230 0.113869 -0.251698 0.000065 -0.068654 -0.164278 0.056588 0.128512 -0.000052 -0.000022 0.108967 -0.034700 -0.000037 0.119112 -0.045074 0.000035 0.332647 -0.301226 -0.000013 0.222474 -0.162195 -0.066210 0.031677 0.416488 -0.000168 0.195065 -0.301324 -0.168618
-0.388450 -0.007750 0.000539 -0.117799 0.000072 -0.320401 -0.258849 -0.000020 0.255225 0.082091 0.213791 -0.000072 -0.099940 -0.300283 0.053260 -0.004805 0.000018 0.000003 0.128836 0.217822 -0.000025 0.300029 0.037474 0.000073 0.433438 -0.098298 0.000005 0.338645 -0.405813 0.055125 -0.043447 0.079487 0.000489 0.364101 -0.151974 0.036341
-0.234209 -0.224656 0.000084 -0.427111 0.000084 0.086950 0.106513 -0.000057 -0.234588 0.033208 0.056851 0.000063 -0.028060 -0.675979 -0.052825 -0.074510 -0.000081 0.000062 0.399550 0.248443 0.000173 -0.048290 0.004909 -0.000019 0.161473 -0.032966 0.000041 0.204241 -0.293505 -0.125882 -0.421705 0.027210 -0.001117 -0.128267 0.142198 0.507867
-0.190676 0.343489 -0.000012 -0.159133 0.000073 0.071433 -0.176578 0.000041 -0.060845 -0.199078 -0.276114 -0.000037 0.066375 -0.155954 -0.114079 -0.212773 0.000042 -0.000011 0.196653 -0.068334 -0.000006 0.078046 -0.168158 0.000002 -0.145270 -0.343206 -0.000021 0.018493 -0.080799 -0.284047 -0.193001 0.404392 -0.000579 -0.164287 0.307981 0.065381
-0.235172 0.473047 -0.000131 -0.151799 -0.000058 0.287845 0.116827 -0.000074 -0.226012 0.124580 -0.041763 -0.000058 0.028007 -0.120890 -0.125172 -0.325893 0.000006 0.000014 -0.185604 0.041707 -0.000019 -0.103948 -0.591793 0.000011 -0.101509 -0.456830 0.000079 -0.518618 -0.439319 0.072201 -0.114784 0.081266 -0.002028 -0.029644 0.031158 0.362305
-0.063829 0.316738 0.000035 -0.218332 -0.000033 0.021148 -0.232474 -0.000153 0.183358 -0.124728 -0.059282 -0.000002 -0.249937 -0.252939 0.201886 0.109505 0.000023 -0.000047 -0.099019 0.080564 -0.000116 -0.025421 -0.116854 -0.000023 -0.016083 -0.534523 -0.000043 0.042221 -0.172925 -0.037325 0.270482 -0.050012 -0.004385 -0.124490 -0.180293 -0.088506
0.279646 0.005440 -0.000196 -0.170533 0.000195 0.055852 -0.311095 0.000087 0.263167 -0.373220 0.109347 0.000006 0.015966 -0.262084 0.171372 -0.158584 -0.000002 0.000008 -0.689271 0.187880 -0.000185 -0.262179 0.002236 -0.000032 0.051727 -0.023727 0.000043 -0.271742 -0.258898 -0.147751 0.315335 -0.060934 -0.006518 -0.262393 0.257439 0.000108
-0.037254 -0.174300 0.000099 -0.005439 0.000099 -0.049050 0.155744 0.000017 -0.011130 -0.094731 0.081894 0.000005 -0.004957 -0.479672 0.036515 -0.016234 -0.000016 -0.000025 -0.685132 0.369112 0.000072 -0.074636 0.315445 -0.000024 0.198755 -0.030352 0.000080 -0.449152 0.015042 0.005271 0.317486 0.011319 -0.004632 -0.299600 0.413096 0.472960
-0.061620 0.190806 0.000608 -0.104169 -0.000073 0.188354 0.180740 0.000003 0.034912 -0.484810 0.010563 -0.000053 -0.083657 0.044408 -0.475835 -0.327102 -0.000016 -0.000007 -0.714787 0.215513 -0.000100 -0.000882 0.190695 0.000008 -0.070082 0.002401 0.000006 0.060703 0.056979 -0.063700 -0.058878 0.147180 -0.004362 -0.006160 -0.107794 0.121076
0.181448 0.052986 0.000660 -0.214790 -0.000008 -0.178205 -0.203186 0.000025 0.115572 0.128035 -0.469952 -0.000010 -0.083757 0.267440 -0.360378 0.270857 -0.000063 -0.000003 -0.201587 0.157084 -0.000019 0.000992 0.216492 0.000070 0.059679 -0.222364 0.000010 0.077637 -0.079426 -0.277003 0.218477 -0.028024 -0.004274 -0.173702 0.158661 -0.084105
0.161490 -0.025996 0.000622 -0.002420 -0.000004 -0.104963 -0.069792 -0.000051 -0.015195 -0.382014 -0.666256 0.000089 -0.039235 0.126713 -0.089996 0.233697 -0.000032 -0.000004 -0.294770 0.014190 -0.000181 -0.046641 0.039538 0.000004 0.004443 0.109069 -0.000028 0.436411 0.119290 -0.300774 -0.143546 -0.051377 -0.004369 -0.124715 -0.408621 -0.004632
0.185416 -0.445847 0.000708 0.233805 -0.000021 0.271959 -0.000022 0.000034 -0.021738 -0.451220 0.108466 0.000032 -0.063742 -0.078787 -0.120531 0.054452 0.000037 0.000004 0.129084 0.178340 -0.000038 -0.050514 -0.373658 0.000001 0.205965 0.059979 0.000041 0.078230 0.330165 -0.221422 0.197057 -0.129594 -0.002029 -0.024561 0.020954 -0.101911
0.142975 -0.298050 0.000284 0.305562 0.000041 0.310708 0.027781 0.000121 -0.198162 -0.114486 -0.042227 -0.000029 -0.158551 -0.010633 -0.092473 -0.097638 0.000072 -0.000009 0.138120 0.277143 0.000012 0.242161 0.145550 0.000016 0.362036 0.010770 -0.000024 0.196285 0.038303 -0.237507 0.124774 -0.095921 -0.000978 -0.282935 0.116476 -0.307130
0.055106 -0.204992 0.000053 0.120095 0.000049 0.256199 -0.205036 0.000003 -0.297320 -0.012899 0.016147 0.000035 0.275201 0.056230 -0.175126 -0.267289 -0.000017 -0.000002 0.129887 0.226922 0.000063 0.010669 0.008403 0.000030 0.515277 0.035854 -0.000044 -0.397326 0.226004 0.185411 -0.377215 -0.129572 0.000013 -0.232808 -0.286439 -0.406965
0.154567 0.089885 0.000003 -0.073446 0.000025 0.023225 -0.038854 -0.000174 0.302840 0.259816 -0.142614 -0.000015 0.371723 0.271645 0.263480 0.001439 -0.000008 -0.000016 -0.252567 0.033012 -0.000047 0.415997 0.042033 0.000035 0.400848 -0.316673 0.000020 -0.294011 0.083499 -0.266869 -0.026152 0.138337 0.000505 -0.198148 -0.309196 -0.407637
0.111705 0.020795 -0.000047 -0.016138 0.000115 -0.209277 -0.065561 0.000015 0.240959 0.118268 0.273002 -0.000016 0.288015 0.122995 0.564855 -0.098475 0.000012 0.000010 0.082496 -0.136784 -0.000217 0.066207 -0.123960 0.000035 0.086175 -0.301188 -0.000016 -0.175092 0.294447 -0.050512 -0.405867 0.164963 0.000424 -0.221579 0.151972 -0.094390
-0.020900 -0.408586 0.000049 -0.110433 0.000195 -0.006065 0.142971 0.000067 0.652112 -0.112781 0.045114 -0.000029 -0.363561 -0.585417 0.623548 -0.128079 -0.000049 -0.000005 -0.130466 0.131643 0.000077 -0.000347 -0.304191 -0.000034 0.205926 -0.238556 -0.000023 0.277237 0.394144 -0.669571 -0.476902 -0.090885 0.000569 -0.121313 -0.246963 0.088479
0.168071 -0.182339 0.000283 -0.001399 0.000023 0.185631 0.049519 0.000037 -0.209141 -0.391116 0.171975 0.000008 -0.408638 -0.601627 0.253195 -0.165084 0.000015 -0.000024 0.003929 0.030242 0.000043 -0.016126 0.006830 -0.000044 0.452846 0.144987 0.000009 -0.145667 0.056308 -0.310183 -0.242513 0.105531 0.000555 -0.046722 -0.301118 -0.087120
0.173347 -0.043528 -0.001155 -0.039599 0.000053 -0.175088 -0.260588 0.000195 -0.391512 -1.299753 0.015404 -0.000041 -0.241945 -0.534655 -0.117123 -0.138437 0.000015 0.000024 0.256886 0.000603 -0.000121 -0.303164 0.092442 -0.000007 0.235213 0.351276 0.000037 0.197676 0.348029 -0.513403 0.331865 0.104811 -0.000168 0.107170 -0.364855 -0.230191
0.083854 0.241783 0.000068 -0.250122 0.000088 0.168452 -0.311002 -0.000075 -0.555203 -1.064397 -0.055438 0.000050 -0.305614 -0.053815 -0.537079 -0.123833 -0.000017 0.000008 0.421240 0.048511 0.000110 0.200760 0.172749 0.000028 0.055310 0.239658 -0.000052 0.000555 0.280210 -0.290419 0.240695 0.147548 -0.000208 -0.185453 -0.037925 0.078044
0.112139 0.416773 0.000839 -0.359059 0.000013 -0.023023 -0.181215 -0.000021 0.102011 -1.186455 0.069969 -0.000019 -0.052449 0.045299 -0.056300 -0.065668 0.000054 -0.000001 0.237273 0.359952 0.000074 0.321359 0.108633 0.000026 0.208304 0.238484 -0.000026 0.035654 -0.006634 -0.163697 0.180491 -0.351815 -0.000195 0.026210 -0.272701 -0.102541
0.232659 -0.177123 0.000448 -0.338284 -0.000032 -0.098247 -0.270079 -0.000005 0.061714 -0.310656 -0.170879 0.000047 0.322012 -0.091926 -0.067072 -0.005155 -0.000032 -0.000001 0.216316 0.237229 0.000080 -0.058547 -0.215878 0.000074 0.181469 0.047468 -0.000001 0.170459 -0.034268 -0.461195 -0.125071 -0.001461 0.000366 -0.042170 0.532905 -0.116441
-0.079532 0.063521 0.000770 -0.122747 0.000063 -0.101079 -0.087472 0.000067 -0.141035 -0.281077 -0.140509 -0.000020 0.289158 -0.133227 -0.403965 -0.416567 -0.000035 -0.000000 -0.367970 0.223571 -0.000108 -0.163230 -0.476486 -0.000018 0.111668 0.321646 0.000028 -0.283875 -0.204975 0.015612 -0.433884 0.315141 0.000198 0.196047 0.244573 -0.000862
-0.337738 -0.117313 -0.001289 -0.101538 -0.000022 0.025409 -0.129003 -0.000031 -0.004624 0.033136 -0.094361 -0.000026 0.154283 -0.166528 -0.196008 0.029574 -0.000059 -0.000013 -0.304241 0.098614 -0.000028 -0.333097 -0.195138 0.000028 0.142252 0.148934 -0.000017 0.040605 -0.273338 -0.115280 0.220446 0.093080 0.000255 0.066619 0.213469 -0.127260
-0.218367 0.069884 -0.003413 -0.024391 -0.000057 0.334537 -0.134657 0.000021 0.274054 0.110537 0.042205 0.000004 0.330242 0.084715 -0.656894 0.017131 -0.000007 0.000015 -0.267119 0.153424 -0.000135 -0.111055 -0.145163 0.000064 0.056021 0.306362 0.000021 0.275780 -0.344187 -0.393649 -0.232405 0.041031 0.000389 -0.206793 -0.082386 0.180167
0.094651 0.024687 -0.004386 -0.007350 0.000042 -0.193788 0.146968 -0.000046 0.165285 -0.109727 0.115665 -0.000025 0.062480 -0.073249 -0.071328 0.232371 -0.000063 0.000011 0.180026 0.219567 -0.000064 -0.093466 -0.246185 -0.000070 0.065830 -0.084493 0.000011 -0.163885 0.013554 -0.484657 -0.040110 0.015778 -0.000192 -0.254620 0.066687 0.306011
0.028150 0.111182 -0.005237 -0.226464 0.000061 -0.285734 0.239174 0.000044 -0.477408 -0.036360 0.038489 0.000047 -0.073553 0.325735 -0.019336 0.128547 -0.000043 0.000017 0.317453 0.070907 0.000031 0.056774 0.046949 0.000072 -0.031803 -0.117695 0.000001 -0.110159 0.161249 0.106317 -0.072946 -0.093593 0.000271 -0.240969 -0.400156 0.478753
0.035937 -0.231638 -0.002566 -0.242691 -0.000106 -0.038798 0.506165 0.000062 0.146068 -0.024811 0.063177 -0.000027 0.046420 0.040452 0.166252 0.277243 0.000013 0.000016 -0.204484 -0.014861 0.000044 0.001715 0.199160 -0.000040 0.056619 -0.076515 -0.000012 0.067089 0.160701 0.125339 0.338917 0.306241 0.000031 -0.389240 0.035407 0.324187
0.166587 -0.209709 -0.002480 -0.231802 0.000001 0.189162 0.429617 0.000016 0.264348 0.104605 0.058413 0.000006 -0.138259 0.098886 -0.130271 -0.112024 -0.000028 0.000020 -0.473270 -0.118740 -0.000039 0.051553 0.667763 0.000019 0.120566 -0.085440 -0.000112 0.477098 0.086699 0.055935 0.040226 -0.038763 0.000542 -0.107020 -0.314112 0.057538
0.011133 0.092907 -0.000450 -0.126117 0.000036 0.030890 0.398576 -0.000100 0.207097 0.057949 0.036008 0.000001 0.426712 0.203206 0.112115 0.046901 -0.000018 -0.000002 -0.002668 0.125196 -0.000071 0.034395 0.093080 -0.000036 0.132036 -0.350371 -0.000014 0.233553 -0.280625 -0.085948 0.060265 -0.235742 0.000367 -0.073859 -0.313937 0.140679
0.121707 0.236638 -0.001023 -0.247185 0.000105 0.277757 -0.281585 0.000002 -0.117441 0.150494 0.447832 0.000077 0.110314 0.217599 0.313678 -0.599694 -0.000037 0.000020 0.133676 0.157510 -0.000038 -0.107300 -0.101464 -0.000031 0.043915 0.295365 0.000014 0.373056 -0.316476 -0.344082 -0.190053 -0.071543 -0.000167 -0.041981 -0.202893 0.192621
0.096238 0.104185 0.000367 -0.230914 0.000103 0.184919 0.048322 -0.000102 -0.029855 0.373460 0.721548 0.000035 -0.168176 0.232062 0.260109 -0.642997 -0.000012 0.000008 0.021307 -0.097069 0.000142 -0.109462 -0.763022 -0.000088 -0.115649 0.223047 -0.000015 -0.035167 0.138271 0.027274 -0.195731 0.147327 -0.000013 0.101465 -0.078073 0.032864
-0.165468 0.020014 0.000563 -0.222523 0.000034 -0.183539 -0.020953 0.000078 0.157539 0.376444 -0.020612 -0.000020 -0.151386 0.135499 0.200274 0.106448 -0.000029 0.000021 -0.005342 -0.000601 -0.000122 -0.034683 -0.321712 0.000123 0.223109 0.154593 -0.000007 0.134310 0.155439 -0.407469 0.137128 0.270386 -0.000098 0.192536 -0.050641 -0.089527
-0.150622 -0.297459 -0.000356 0.020653 -0.000153 -0.212366 0.015787 -0.000022 0.329515 -0.165649 0.049851 0.000065 0.035421 -0.222950 -0.146695 -0.119318 -0.000039 -0.000027 -0.255910 0.029629 0.000114 -0.099626 -0.458921 -0.000014 0.102621 0.197391 -0.000004 0.010937 0.252945 -0.211526 -0.045158 0.032200 0.000121 0.172396 -0.082269 -0.023897
-0.442115 -0.132407 -0.001964 -0.086193 -0.000053 -0.561982 0.217360 0.000082 -0.311088 -0.153070 0.239135 -0.000044 -0.169861 0.029723 -0.080409 -0.055055 0.000019 0.000023 -0.140280 0.106023 -0.000093 -0.082380 -0.514938 0.000121 -0.145305 0.132782 -0.000017 -0.026662 0.355358 0.177856 -0.020383 0.286515 -0.000106 0.170880 0.032093 0.180586
-0.424570 -0.099297 0.000240 -0.076798 -0.000151 -0.355865 0.172559 0.000003 -0.510151 0.117178 0.210504 0.000053 0.152443 0.118637 -0.070403 0.092683 -0.000048 -0.000014 0.004870 -0.011623 0.000121 -0.085537 0.243393 0.000024 -0.315176 -0.317051 -0.000005 -0.087444 0.132255 0.161298 -0.023574 0.097213 -0.000101 0.049412 0.274153 -0.095166
-0.218642 0.242352 0.000640 -0.367910 0.000017 -0.364620 0.175117 -0.000160 -0.465448 0.306150 -0.202838 -0.000050 0.224662 0.301937 0.260871 0.156512 -0.000058 0.000019 -0.157988 -0.079936 0.000068 0.524821 0.465911 0.000006 0.052385 0.035680 -0.000009 0.048830 -0.088211 0.222100 0.246213 0.117900 0.000085 0.077129 0.396906 -0.462701
0.077443 -0.279428 0.000815 -0.153212 -0.000095 -0.070605 0.088022 -0.000042 0.046003 -0.377602 -0.136853 -0.000019 -0.069838 0.240087 0.335216 0.192496 0.000058 -0.000021 0.005037 -0.075060 0.000074 0.227712 0.557325 0.000121 0.412215 0.051524 0.000036 -0.469214 0.003534 -0.083832 0.253636 -0.087747 -0.000289 0.013760 0.541493 -0.336085
0.101540 -0.286526 0.000688 0.149292 -0.000091 0.053832 -0.002460 -0.000122 -0.446737 -0.059504 0.242615 -0.000002 0.020514 -0.014245 0.247387 0.030324 -0.000032 -0.000004 -0.054622 0.024829 0.000043 0.062097 0.120150 -0.000022 0.386159 0.380030 0.000019 -0.057241 -0.190103 -0.229770 0.203362 0.251801 -0.000167 -0.051216 0.279110 -0.263334
-0.072825 -0.089511 0.000784 0.204383 0.000102 0.761836 0.092576 0.000080 -0.232228 -0.116357 0.099509 0.000067 -0.122952 0.254472 0.402614 0.050568 0.000059 0.000008 0.070365 0.018587 0.000045 0.081347 0.358084 -0.000018 -0.258002 0.266415 -0.000010 0.026536 -0.285064 -0.135786 0.192884 0.288595 0.000118 -0.042373 -0.165415 -0.042233
-0.273238 -0.108550 0.000170 0.191534 0.000095 0.732532 0.074988 0.000074 -0.272279 0.394403 0.320706 -0.000040 -0.151766 0.000705 0.174942 0.081465 0.000005 -0.000009 0.306086 0.230344 -0.000028 0.152442 -0.007643 -0.000024 -0.196864 -0.019101 -0.000021 -0.013372 0.183340 -0.242124 0.215076 -0.418053 0.000499 0.111359 -0.318402 0.324682
-0.012648 -0.042903 0.000823 0.050527 -0.000012 0.002131 0.169776 0.000080 0.109227 0.217898 0.012232 -0.000011 -0.041000 -0.044565 0.062642 0.378742 -0.000011 -0.000058 0.055564 0.174037 0.000077 0.143630 -0.213923 -0.000016 0.109254 0.123079 0.000030 -0.089394 -0.392924 0.062528 -0.073093 -0.027532 0.000025 -0.026821 0.070192 0.246578
-0.158886 -0.083750 0.000137 0.063661 0.000010 0.075573 -0.081663 0.000039 0.249845 0.679687 -0.106938 -0.000052 0.218607 0.044575 0.030333 0.238918 -0.000078 -0.000012 0.382624 0.031095 -0.000052 0.259787 -0.570530 -0.000131 0.143055 0.315778 0.000016 0.098212 -0.008039 0.267670 -0.152252 0.018564 -0.001664 -0.220505 0.072560 0.126198
0.001970 0.050589 -0.001980 0.343135 -0.000030 -0.152412 -0.052841 0.000042 0.107413 0.051980 0.116641 -0.000074 0.061711 -0.103329 -0.340263 -0.066431 -0.000047 -0.000004 0.089770 -0.008748 -0.000031 0.013053 -0.572484 0.000011 0.019698 0.176639 0.000048 0.210727 0.290570 0.233479 -0.025179 -0.198095 -0.000505 -0.060607 -0.202487 0.338284
-0.041467 0.019362 -0.001303 0.212458 0.000055 -0.444220 -0.097514 0.000085 0.411279 -0.161951 -0.069938 0.000060 0.184439 -0.152865 -0.448849 0.266228 0.000017 0.000003 0.310941 -0.019652 0.000012 -0.020378 -0.120436 -0.000018 0.157458 0.045607 -0.000050 0.445641 0.084130 0.367674 0.519530 -0.470773 -0.000031 -0.021013 0.178368 0.174957
0.159577 -0.321061 -0.000379 0.396349 -0.000053 -0.361405 0.340572 0.000017 0.267545 -0.798616 -0.300459 -0.000004 -0.019540 -0.023629 -0.229602 0.169496 0.000030 -0.000026 0.359470 0.165097 0.000071 -0.145152 0.128796 0.000014 0.096955 0.265181 0.000005 0.054874 -0.098950 0.148129 0.289788 -0.414735 0.000094 0.154812 0.052485 -0.017422
0.107643 -0.192035 -0.001175 0.167528 -0.000089 -0.097607 0.250027 -0.000033 0.245825 -0.401635 0.061277 0.000023 0.314350 -0.207693 -0.333305 -0.271653 -0.000011 -0.000013 0.102198 0.038699 -0.000013 0.160302 -0.260171 -0.000018 0.197199 0.120041 -0.000014 0.744018 -0.223346 -0.026394 0.462066 -0.067323 0.000479 0.066274 -0.449188 -0.432723
0.145603 0.142164 0.000382 0.278943 0.000023 -0.059652 0.575336 0.000273 -0.291897 -0.165435 -0.080406 -0.000132 0.000418 0.042591 -0.160010 -0.226146 -0.000015 -0.000040 -0.074316 0.201726 -0.000033 0.127810 0.352515 0.000071 0.405927 0.414937 -0.000026 0.205608 -0.153317 0.006608 0.370473 0.102019 -0.000010 0.074062 -0.466530 -0.096462
-0.133932 -0.242523 -0.001068 0.101865 0.000051 0.272186 0.273458 -0.000070 0.041261 0.088063 0.353030 -0.000025 -0.002560 -0.333269 -0.388411 0.006454 -0.000021 0.000004 0.129778 0.134368 -0.000036 0.134104 0.413587 0.000022 0.043604 0.220183 0.000009 -0.092331 0.286790 -0.279939 0.331290 0.302180 0.000645 -0.103845 -0.094750 0.078047
-0.256569 -0.072946 -0.000505 -0.007082 -0.000020 0.426598 0.263308 0.000033 0.065236 0.079133 0.011174 -0.000008 -0.384045 -0.154883 -0.106811 -0.113262 0.000015 -0.000028 0.374083 0.189112 0.000048 0.224637 -0.020567 0.000019 0.011385 -0.013221 -0.000012 -0.197180 0.390725 -0.000765 -0.085519 0.550116 -0.000033 -0.116222 -0.164695 0.338496
-0.324172 0.005980 -0.000705 -0.024596 -0.000030 0.147054 0.220727 0.000142 0.005819 0.104139 -0.296866 -0.000043 -0.660639 0.126331 0.048798 0.069776 -0.000033 -0.000006 0.240202 -0.031369 -0.000006 -0.015739 -0.043132 0.000007 0.063792 0.140988 0.000006 -0.050390 0.361147 0.508587 0.062016 0.198625 -0.001298 0.188375 0.058483 0.580718
0.032353 -0.239859 -0.000335 -0.023669 0.000061 0.042672 -0.023197 -0.000000 -0.146770 0.556564 0.089396 -0.000047 -0.452064 0.055322 -0.194101 0.368791 -0.000031 -0.000013 0.371873 0.062985 -0.000031 -0.344791 0.060952 -0.000092 0.299420 0.249627 -0.000005 0.225144 0.042946 0.231328 -0.245195 -0.010662 -0.000409 0.358629 0.353001 0.017471
0.039384 -0.080732 -0.002283 -0.029091 0.000027 -0.172062 0.081206 0.000069 -0.140388 -0.172049 -0.028702 -0.000003 -0.145747 0.561538 -0.194337 -0.101629 -0.000066 0.000007 -0.007923 -0.027175 0.000123 -0.173833 -0.194423 0.000025 -0.089032 0.216758 0.000007 0.608159 -0.048301 0.105747 -0.034378 -0.150374 -0.001151 0.344852 0.029297 -0.161424
-0.145139 -0.224240 -0.003019 0.089005 -0.000057 -0.124343 0.214834 0.000148 -0.396866 -0.203191 0.237950 -0.000050 0.123474 0.171137 -0.185610 -0.077158 0.000023 0.000006 -0.109095 0.246030 -0.000023 -0.203735 -0.040497 0.000007 0.117783 0.214790 -0.000010 0.343598 -0.044421 -0.078778 0.069910 0.231301 -0.001105 0.055442 0.100928 -0.116170
-0.225289 -0.111285 -0.004567 -0.213667 0.000142 -0.141661 0.404302 -0.000036 -0.318338 0.206651 0.209845 -0.000018 0.043919 -0.049072 -0.037711 -0.091207 0.000034 0.000015 -0.087238 0.432347 -0.000065 0.147242 0.216134 0.000023 0.111870 0.195882 -0.000076 0.363771 -0.168878 -0.313739 0.127544 0.059376 -0.002212 -0.056676 -0.146551 0.082837
0.076111 0.006307 -0.005208 -0.220535 0.000026 -0.011022 0.155449 -0.000072 0.040100 -0.204320 -0.462444 -0.000048 0.453385 -0.121387 0.642997 0.181993 0.000036 0.000003 -0.283824 0.009292 -0.000055 -0.083287 -0.380687 -0.000060 -0.154546 -0.173553 -0.000002 0.100361 -0.242375 -0.434443 -0.016532 0.067651 -0.002402 0.065826 0.062468 -0.042161
-0.104716 0.010642 -0.004434 -0.279016 0.000007 0.336906 0.097616 -0.000091 0.143214 -0.023346 -0.065783 -0.000042 0.429607 0.016133 0.266237 -0.385104 -0.000036 -0.000016 -0.155378 -0.148085 0.000104 0.104324 -0.144487 0.000033 -0.142673 -0.100470 0.000059 0.109545 0.066495 -0.045071 -0.149011 0.051142 -0.002140 0.035454 -0.330123 -0.119942
-0.105490 -0.231228 -0.003112 -0.243328 0.000032 0.324217 0.379856 -0.000048 -0.146531 0.539816 -0.141777 0.000006 0.083802 0.022870 -0.222588 -0.413491 -0.000018 -0.000007 0.107745 0.143525 0.000031 -0.005094 -0.090172 -0.000019 0.074276 -0.024519 0.000018 -0.334749 0.293386 -0.044689 -0.127102 -0.224692 -0.002884 -0.094829 -0.391097 0.002178
-0.098877 -0.457386 -0.001581 -0.015831 -0.000176 0.132388 -0.041763 0.000060 -0.267654 -0.048563 -0.584952 -0.000000 -0.193794 -0.269096 -0.054555 0.031933 0.000066 -0.000003 0.224662 -0.027131 0.000060 -0.208684 0.082494 0.000016 -0.375018 -0.145396 -0.000036 -0.206857 -0.228634 -0.078880 0.264007 -0.370430 -0.002955 0.133739 -0.445842 0.032841
0.033659 -0.138885 -0.003359 0.086266 -0.000041 0.192626 -0.071341 -0.000030 -0.199440 0.137102 -0.313094 -0.000070 -0.066252 -0.296610 0.023505 0.241642 -0.000001 0.000032 0.026829 -0.158258 -0.000135 -0.186441 0.067208 0.000044 -0.218300 -0.281569 -0.000019 -0.277670 0.145852 0.297314 -0.000722 -0.303559 -0.003146 0.031217 -0.029901 0.051362
0.062531 -0.134769 -0.001404 0.098676 -0.000005 -0.122770 -0.004340 0.000141 -0.051421 0.019076 -0.508361 0.000029 0.158573 -0.218262 0.038627 -0.017693 0.000017 -0.000000 -0.240506 -0.094119 0.000081 0.268459 -0.338708 -0.000038 0.228555 -0.385905 -0.000013 -0.192515 0.187909 0.300984 -0.086605 -0.349767 -0.003289 -0.091890 0.246655 -0.101493
0.166560 -0.297041 -0.002742 0.125138 -0.000039 -0.037309 0.327670 -0.000100 0.389051 0.193977 -0.269721 0.000015 0.420039 -0.570348 -0.272607 -0.183937 0.000018 0.000028 -0.018584 0.081487 -0.000020 0.222223 -0.092187 0.000061 0.206813 -0.193091 0.000015 -0.319618 0.354324 -0.000405 0.235709 -0.144102 -0.002722 -0.115316 0.579469 -0.202935
0.048950 -0.070837 -0.005076 0.306490 -0.000052 -0.418352 0.533312 -0.000065 0.244658 -0.043804 -0.259774 0.000012 0.373503 -0.432682 0.083222 -0.530834 -0.000002 -0.000035 -0.147678 0.199391 0.000060 0.368233 0.096532 0.000011 -0.063249 0.191977 0.000024 -0.108392 0.016748 0.389716 0.082699 -0.181213 -0.003802 -0.121283 0.316742 -0.290418
0.314153 -0.476026 -0.003790 0.013449 0.000162 -0.475427 0.285833 -0.000045 0.401856 -0.072377 0.140190 0.000005 0.150835 -0.403220 0.012200 -0.293079 -0.000022 -0.000004 0.003470 0.174872 -0.000012 -0.058854 -0.093878 -0.000002 0.085312 -0.010375 0.000003 0.352357 -0.201355 0.133867 -0.179922 0.095248 -0.002887 -0.019492 0.406483 -0.524897
0.048180 -0.044837 -0.005358 -0.161293 0.000024 -0.073698 0.033385 0.000028 -0.037108 -0.229712 -0.055215 0.000000 0.120994 0.003225 0.112545 -0.317884 0.000052 0.000025 -0.045510 0.102062 0.000068 0.044433 0.640583 0.000014 -0.316001 0.026262 -0.000019 0.357998 -0.256820 0.101413 0.074208 0.324908 -0.002790 0.041850 -0.072126 0.021580
0.203426 -0.006864 -0.003582 -0.381310 -0.000057 -0.231398 0.332517 -0.000028 -0.526658 -0.167935 -0.292680 0.000064 -0.299210 -0.062076 0.060091 -0.332983 -0.000018 -0.000005 -0.083626 0.038091 0.000103 -0.261377 0.357072 0.000027 -0.022534 0.184442 0.000021 0.385595 -0.280227 0.110810 0.037649 0.392516 -0.002092 0.204839 -0.233540 0.278314
0.037874 -0.395978 -0.003138 -0.095308 0.000057 0.151387 0.201443 -0.000084 -0.101611 -0.114261 -0.157028 0.000155 0.183468 0.019218 -0.202144 -0.021388 -0.000016 -0.000013 0.424368 0.215386 -0.000011 -0.276940 0.010912 -0.000019 0.070931 -0.146843 0.000032 0.006072 -0.529903 -0.131456 -0.217403 0.204686 -0.000280 -0.004475 -0.065527 0.166022
0.071538 -0.025010 -0.003666 0.062512 -0.000041 -0.044026 0.048165 -0.000021 -0.279356 0.470278 -0.163496 -0.000039 -0.270153 0.078125 -0.459131 -0.109017 -0.000018 0.000027 0.487892 0.326592 -0.000030 -0.126675 -0.096995 0.000031 0.156311 -0.226037 -0.000021 -0.139529 0.006212 -0.346692 -0.301425 0.268495 0.000431 -0.209373 0.203842 0.248588
0.157664 0.215616 -0.001537 0.068821 0.000004 -0.343932 0.232893 -0.000175 -0.368097 -0.067349 -0.090427 -0.000007 -0.161181 0.297451 -0.056439 -0.086001 -0.000031 0.000000 -0.019883 -0.109043 0.000138 -0.225003 0.137536 -0.000059 -0.325938 0.003928 -0.000025 -0.196202 -0.021727 0.108922 -0.199663 -0.376693 0.000653 0.111169 -0.019508 0.332447
0.059007 -0.115686 -0.002885 -0.110687 -0.000096 0.023172 -0.133875 -0.000041 0.168030 0.242284 0.094182 0.000012 0.126567 -0.052512 -0.051880 0.507004 -0.000055 0.000009 0.154767 -0.192095 0.000121 -0.187660 0.035410 -0.000020 -0.283678 -0.335682 -0.000021 0.160199 0.155012 -0.437865 -0.036812 -0.046660 -0.000354 0.087979 -0.124858 -0.064691
-0.147127 -0.389072 -0.002142 -0.163199 0.000036 -0.176133 0.408118 0.000038 0.283676 -0.083084 -0.322361 -0.000028 -0.269425 -0.067737 0.384221 0.189714 0.000020 -0.000011 0.181939 0.081092 0.000045 0.459222 0.284890 -0.000034 -0.002653 -0.086599 -0.000012 0.054563 -0.218714 -0.018854 -0.532243 -0.303773 -0.000904 -0.038242 0.138621 0.408964
0.036013 -0.216072 -0.001705 -0.074950 -0.000150 -0.055408 0.249214 -0.000017 -0.107846 0.006863 0.294677 -0.000011 -0.032535 -0.226557 -0.045093 -0.008357 0.000084 -0.000012 -0.001363 0.180097 -0.000112 0.144131 0.143554 0.000016 -0.165831 -0.156934 -0.000017 -0.109274 -0.175179 0.041412 0.147013 0.087229 -0.000469 -0.192928 0.341537 0.338777
0.063495 0.022037 -0.001454 0.033437 -0.000037 0.118475 -0.062861 0.000032 0.020263 0.426290 0.004552 0.000009 -0.073901 0.128476 0.060758 -0.236655 0.000049 0.000021 0.050043 0.000226 -0.000073 0.176700 -0.092773 0.000020 -0.414423 0.028066 -0.000005 0.023232 -0.340932 0.229164 0.252940 0.047372 -0.001933 0.039417 0.148972 0.016897
-0.059245 0.037030 -0.001078 -0.017238 0.000020 0.168155 0.348456 -0.000027 -0.227336 0.345009 -0.110091 -0.000102 0.206076 -0.058913 0.327145 -0.237167 0.000036 0.000035 -0.002341 -0.513549 0.000050 -0.067253 0.017556 0.000066 -0.432278 -0.106225 -0.000027 -0.273530 0.081617 0.285444 0.056633 0.047396 -0.001656 -0.003783 -0.016849 -0.215123
-0.199479 -0.035718 -0.001022 -0.031829 -0.000030 0.243447 0.631538 -0.000032 0.269200 -0.036082 0.512918 0.000027 0.220158 -0.184962 -0.000077 -0.027771 -0.000064 -0.000041 -0.269047 -0.116694 -0.000138 -0.426430 -0.156601 -0.000067 0.020456 -0.199601 0.000014 -0.461971 -0.104269 -0.062419 0.022830 -0.390288 -0.002545 0.261789 -0.090389 -0.010782
-0.116181 0.228196 -0.001414 -0.006026 0.000259 0.009465 0.276553 0.000036 0.280588 -0.118677 0.278214 0.000047 0.277703 0.214862 -0.097588 -0.096418 -0.000018 -0.000002 -0.011656 0.008301 0.000256 -0.111795 -0.180500 0.000058 -0.092055 -0.056238 -0.000015 -0.371293 -0.216065 0.058091 -0.007022 0.210337 -0.001932 -0.148040 0.006154 -0.038847
-0.019909 0.333314 -0.000275 -0.068907 0.000006 -0.091945 0.015275 -0.000049 0.215812 -0.070978 -0.133364 -0.000002 0.658635 -0.073145 0.473429 0.013874 0.000072 -0.000006 -0.140087 -0.133166 -0.000134 0.016775 0.084709 -0.000022 -0.114912 -0.043986 0.000002 -0.059160 -0.047654 -0.001987 0.120074 0.126192 -0.002597 -0.239633 -0.023291 -0.080114
0.035982 0.123247 -0.000956 -0.136206 -0.000048 -0.117502 0.206096 -0.000095 0.405943 0.083843 -0.341011 -0.000024 -0.018080 -0.242366 0.745238 -0.015358 0.000037 -0.000019 -0.147730 0.169629 -0.000116 0.446313 -0.156044 -0.000024 -0.135537 -0.047367 0.000077 0.337250 0.409821 0.130529 -0.118535 0.031593 -0.001729 -0.516942 -0.502232 -0.087156
0.235398 -0.250953 0.000086 -0.153281 -0.000019 0.094438 0.012263 -0.000109 -0.110779 0.060073 0.051954 -0.000065 -0.168857 -0.120352 0.073496 -0.000820 0.000061 0.000011 0.014071 0.205931 0.000024 -0.015430 -0.012427 -0.000023 -0.061134 -0.307418 -0.000027 0.052726 0.377511 0.388225 0.124914 0.000258 -0.000866 -0.626072 0.276281 0.040156
0.311093 -0.388534 0.000311 -0.179484 0.000025 0.186957 0.008245 -0.000147 0.116974 0.215950 -0.383879 0.000115 -0.017593 -0.026320 0.041910 0.017586 -0.000044 -0.000041 0.022201 -0.083104 -0.000111 0.358434 0.174596 -0.000136 0.439008 -0.000777 -0.000022 -0.439413 0.050449 0.108836 0.229460 -0.379949 -0.001394 -0.094139 0.227366 -0.149012
0.242867 -0.204523 0.000471 0.000536 0.000072 0.220759 0.138037 -0.000120 0.221002 -0.159604 -0.087771 0.000037 -0.152003 -0.161718 -0.230771 -0.211704 -0.000035 -0.000009 -0.247317 -0.197753 0.000134 0.062261 0.415567 -0.000027 0.324186 -0.238346 0.000014 -0.197933 -0.092515 0.159640 0.012005 -0.185711 -0.004018 0.183158 -0.268067 0.104611
0.358855 -0.338384 0.000587 -0.119676 -0.000060 -0.095450 -0.115383 0.000057 -0.077409 -0.246352 0.437475 -0.000047 -0.047074 -0.038600 -0.156777 -0.527241 0.000023 0.000022 -0.181164 -0.493438 0.000034 -0.196449 0.181277 -0.000036 0.307231 -0.808227 -0.000019 0.275397 -0.060500 0.362807 -0.007000 0.200205 -0.005839 0.081540 -0.495660 -0.144907
