-0.535502
-0.273291
-0.013844
-0.002177
-0.023400
-0.015944
-0.013664
-0.003048
-0.001096
-0.012289
-0.020641
-0.003644
-0.004461
-0.396782
-0.017385
-0.198864
-0.369550
-0.002526
-0.012041
-0.001351
-0.011733
-0.234553
-0.011357
-0.385266
-0.002631
0.393521
-0.205574
-0.010055
-0.010653
-0.004297
-0.008277
-0.020730
-0.022118
0.001443
-0.002930
-0.002778
-0.000938
-0.011399
-0.001367
-0.015119
-0.000646
-0.000801
-0.014629
-0.002084
-0.261460
-0.176011
-0.020015
-0.713527
-0.002667
0.383913
-0.001175
-0.002822
-0.020698
-0.011327
-0.002256
-0.003758
-0.364484
0.282202
-0.016541
-0.317745
0.223972
-0.018566
-0.005132
-0.020630
-0.316750
-0.013025
-0.007166
-0.001703
-0.000831
-0.003629
-0.034704
-0.019003
-0.511837
-0.003704
-0.256821
-0.017027
-0.002880
-0.002992
-0.002059
0.220246
-0.003568
-0.008895
-0.000056
-0.002041
-0.244672
-0.020215
-0.012473
-0.001506
-0.008257
0.274869
-0.014767
-0.002553
-0.003704
-0.007401
-0.343195
-0.001913
-0.001529
-0.004381
-0.003944
-0.019620
-0.079748
-0.029529
-0.007106
-0.005389
-0.013054
-0.015718
0.016112
-0.020160
-0.002559
-0.001678
-0.336451
-0.001552
-0.009008
0.003391
-0.403024
-0.113101
-0.018889
-0.011891
-0.007922
0.006077
-0.003939
-0.026230
-0.186082
-0.022411
-0.222641
0.213645
-0.392485
-0.306983
-0.018370
-0.285644
-0.368225
-0.244432
-0.001373
-0.261909
0.056047
-0.388300
0.335584
-0.008346
0.247889
-0.001634
-0.009556
-0.020432
0.003187
-0.008137
-0.000712
0.356142
-0.408767
-0.001480
-0.001045
-0.003302
0.219288
-0.366905
-0.022089
-0.003652
-0.016860
-0.002503
-0.017120
-0.001663
-0.012879
-0.024026
-0.000189
-0.056598
-0.244105
-0.353729
-0.007140
-0.009179
-0.018739
-0.514664
0.286610
-0.382853
-0.000673
-0.385726
-0.013470
-0.417253
-0.247122
-0.099378
-0.019815
-0.006504
-0.007610
-0.002565
-0.001351
-0.000930
0.349388
-0.001494
-0.000715
-0.003689
-0.009262
-0.000628
-0.005930
-0.001700
-0.019588
-0.025814
-0.003044
-0.307484
