-0.004888
-0.001706
-0.006005
0.000000
-0.007157
-0.005409
-0.007224
0.000000
-0.005218
0.000000
0.000000
0.000000
-0.001690
-0.005950
-0.005364
-0.006005
0.000000
0.000000
-0.002345
-0.005879
0.000000
-0.006284
-0.009461
0.000000
-0.001890
-0.002261
-0.004884
-0.005910
0.000000
0.000000
0.000000
-0.003304
0.000000
0.000000
-0.004736
-0.006112
0.000000
-0.006005
-0.006005
-0.006523
0.000000
0.000000
-0.006004
-0.000928
-0.006021
-0.010047
-0.007138
-0.006138
-0.006504
0.000000
0.000000
-0.005432
0.000000
-0.005924
0.000000
0.000000
0.000000
-0.006412
-0.006005
0.000000
0.000000
0.000000
-0.005936
0.000000
0.000000
-0.004774
0.000000
-0.006005
-0.007300
-0.006487
-0.006005
0.000000
0.000000
-0.002310
-0.005847
-0.006845
0.000000
-0.006071
-0.002093
-0.006005
-0.002952
-0.002373
-0.005615
-0.000375
-0.005606
-0.000963
-0.004723
0.000000
-0.006109
-0.006005
-0.002333
0.000000
-0.001968
0.000000
0.000000
-0.004342
-0.006044
-0.006705
-0.007354
-0.000453
-0.001954
0.000000
-0.000895
0.000000
-0.001639
0.000000
-0.002646
-0.006005
-0.006283
-0.006916
0.000000
-0.002620
-0.006025
-0.006005
0.000000
-0.005543
-0.007873
0.000000
-0.002040
-0.005496
-0.004368
-0.006005
0.000000
-0.005849
-0.002837
-0.001805
-0.027306
0.000000
-0.006003
-0.006085
-0.050706
-0.006005
-0.002018
-0.005693
-0.001234
-0.002810
-0.002437
-0.004746
-0.006681
-0.005963
-0.006372
0.000000
-0.006114
0.000000
-0.003507
-0.001731
0.000000
-0.006044
-0.006005
0.000000
0.000000
-0.010958
-0.040202
-0.026410
-0.003302
0.000000
-0.027389
0.000000
-0.006108
-0.006005
-0.005106
-0.008680
-0.037660
-0.005834
-0.006169
0.000000
-0.006005
-0.005369
-0.002575
-0.007213
-0.006003
-0.008686
-0.004498
-0.006005
-0.002952
-0.006005
-0.004641
-0.009233
-0.010054
-0.003142
-0.009164
0.000000
0.000000
0.000000
-0.005843
-0.006000
0.000000
0.000000
-0.007337
-0.006301
-0.005880
0.000000
0.000000
-0.006622
0.000000
0.000000
0.000000
-0.003040
-0.004144
0.000000
-0.004639
0.000000
-0.005817
-0.006005
-0.006005
0.000000
-0.006159
0.000000
-0.005096
-0.002006
-0.007099
-0.005510
-0.006402
0.000000
0.000000
0.000000
0.000000
-0.005808
-0.007702
0.000000
-0.004459
-0.006446
-0.005065
0.000000
0.000000
-0.006301
-0.000822
-0.001305
-0.022242
-0.009161
-0.002398
0.000000
0.000000
-0.005219
0.000000
0.000000
0.000000
-0.004774
0.000000
0.000000
-0.001463
-0.001775
0.000000
-0.006005
-0.003802
-0.000632
-0.002846
0.000000
-0.003980
-0.003536
-0.003115
0.000000
-0.005960
-0.006075
-0.002163
-0.006392
-0.003374
-0.001953
0.000000
0.000000
-0.005903
0.000000
-0.004703
-0.008887
-0.001488
-0.005405
-0.001250
0.000000
-0.005041
-0.000559
-0.002333
0.000000
-0.001712
-0.006539
0.000000
-0.003623
0.000000
-0.006058
-0.006405
0.000000
-0.006005
-0.006980
-0.006413
0.000000
-0.005975
-0.003291
-0.005213
0.000000
0.000000
0.000000
-0.005754
0.000000
-0.004511
-0.001662
0.000000
-0.008621
-0.002743
-0.006090
-0.005096
-0.003008
0.000000
-0.006205
0.000000
0.000000
-0.005531
-0.002411
-0.003379
0.000000
-0.004629
-0.005708
-0.026561
0.000000
0.000000
-0.004884
0.000000
-0.006169
-0.006151
0.000000
-0.006985
-0.006002
-0.006042
0.000000
0.000000
-0.010172
0.000000
0.000000
0.000000
-0.001592
-0.006005
0.000000
0.000000
-0.001566
0.000000
0.000000
-0.000452
-0.005819
-0.006081
0.000000
-0.002569
-0.005664
-0.006004
-0.005802
0.000000
0.000000
-0.002495
-0.004907
0.000000
-0.006007
0.000000
-0.022221
-0.006005
-0.006005
0.000000
0.000000
0.000000
0.000000
0.000000
0.000000
-0.005032
0.000000
-0.002839
0.000000
0.000000
-0.004121
-0.006005
-0.002344
-0.004419
0.000000
-0.010345
0.000000
0.000000
-0.005678
0.000000
-0.003622
-0.005096
-0.006567
0.000000
-0.006530
-0.005247
0.000000
-0.005619
-0.005075
-0.000588
-0.002765
-0.001613
-0.009202
-0.005193
0.000000
-0.005639
-0.006192
-0.006163
-0.001745
-0.005621
-0.006003
0.000000
0.000000
-0.004142
-0.002946
0.000000
-0.001541
