-0.006787
-0.007103
-0.023999
-0.003756
-0.000613
-0.001954
-0.001338
-0.018290
-0.000219
-0.004394
-0.005287
-0.001047
-0.000926
-0.005003
-0.011704
-0.000967
-0.013540
-0.007949
-0.010964
-0.000718
-0.000774
-0.001155
-0.006250
-0.000796
0.155281
-0.028531
-0.002235
0.179272
-0.000866
-0.004102
-0.000448
-0.024786
-0.001127
0.000397
-0.001397
0.133395
-0.027292
-0.001485
-0.002736
-0.022725
-0.029467
-0.008788
-0.010004
-0.004067
0.113899
-0.024521
-0.001709
-0.006674
-0.020141
-0.024988
-0.004272
-0.002911
-0.005952
-0.004440
-0.002637
-0.001082
-0.001236
-0.006036
-0.009188
-0.003519
-0.005163
0.054174
-0.036760
-0.000921
0.122029
