-0.010744
-0.006573
0.010802
0.019564
-0.000333
0.001243
-0.000587
0.017112
-0.000849
-0.002514
-0.000681
0.000863
-0.000354
0.002648
-0.007971
0.000654
-0.004075
-0.011283
-0.004645
0.000353
0.004127
0.000043
-0.008348
-0.000521
6.939551
-0.341866
0.016007
8.534846
0.013408
0.001858
-0.000034
0.044021
-0.009903
-0.000403
0.000811
10.437524
-0.364068
0.002881
0.003716
-0.005457
0.019525
0.027956
0.013832
0.010208
8.786080
-0.446400
-0.008916
0.008918
0.009905
-0.371637
-0.005378
0.009257
0.027103
0.000566
0.000920
-0.000535
-0.002050
0.002825
0.000652
0.016637
0.013762
7.766366
-0.019542
-0.000623
8.717471
