-0.010759
-0.191877
-0.001335
-0.205095
-0.002930
-0.001978
-0.005501
-0.005470
-0.001798
-0.604026
-0.152894
-0.411904
-0.200831
0.180847
-0.000647
0.275696
-0.403271
-0.004769
-0.002282
-0.270581
0.403140
0.363133
-0.153793
-0.302616
0.371815
-0.002108
-0.000986
-0.295674
-0.196597
-0.005439
-0.006064
-0.013654
-0.001623
-0.312491
-0.002271
-0.001942
-0.241039
-0.004416
-0.334675
-0.001977
-0.408251
-0.015763
-0.002244
-0.000414
-0.119861
-0.002588
-0.026357
0.325687
0.292380
-0.001488
-0.009458
-0.001947
0.029313
-0.004250
-0.324303
-0.431765
-0.174174
-0.002247
-0.197623
-0.005891
-0.001931
-0.002131
-0.130937
-0.004285
-0.345714
-0.004563
-0.253275
-0.376627
-0.316484
0.362455
-0.305560
-0.004093
-0.002366
-0.721696
-0.001991
-0.003221
-0.001905
-0.003944
-0.204004
-0.001574
-0.004386
0.351229
-0.002733
-0.275429
-0.001526
-0.408631
-0.006267
-0.003387
-0.024720
0.238699
-0.440877
-0.001507
-0.008615
-0.001769
-0.404034
-0.001848
-0.573056
-0.002435
-0.005246
0.366747
-0.002778
0.376912
-0.002076
-0.388524
-0.003466
-0.010347
-0.436922
0.175498
-0.001612
0.342803
-0.324966
-0.461934
-0.005099
-0.004253
-0.004277
