-0.540303 0.007376 -0.279693 0.210043 0.225495 -0.000074 0.398512 0.265219 -0.004945 -0.098291 -0.037659 -0.306744 0.365736 -0.088152 -0.356604 0.413055 -0.425900
0.135046 -0.138991 -0.111831 -0.001903 -0.250010 -0.000067 0.045181 -0.098103 -0.003426 -0.174509 -0.060059 -0.177598 0.656246 -0.178444 0.301079 -0.177489 -0.259282
0.191260 -0.436964 -0.409372 0.106489 0.346940 0.000047 -0.188237 0.322133 0.007595 -0.051518 -0.212190 0.246554 -0.198343 0.058308 0.158881 -0.963668 -0.418463
0.454110 -0.125458 0.503042 0.076130 -0.213857 -0.000042 -0.149320 0.095183 0.067324 0.116808 -0.385695 0.032512 0.041255 -0.155439 0.227825 0.175265 -0.578223
0.232323 -0.415506 -0.076671 0.209645 0.219416 -0.000091 0.066041 -0.050939 0.052445 0.175801 0.210119 -0.152062 -0.318220 0.212143 0.557121 -0.063316 -0.081131
-0.012416 0.166547 -0.127055 0.145735 -0.161844 0.000105 0.620497 0.022121 0.007753 -0.252686 0.703938 -0.220602 0.246321 0.012084 -0.291810 0.493445 0.114628
0.054538 -0.148793 -0.126353 -0.036996 -0.250785 0.000077 -0.422008 -0.239680 0.020263 -0.024225 -0.045191 -0.265416 0.230753 0.155807 0.524346 -0.021455 -0.441870
-0.135321 0.162666 -0.019779 -0.075637 -0.327557 -0.000050 0.390810 0.043687 0.087427 0.268033 -0.319450 -0.289373 0.150095 0.073522 0.057036 0.682844 -0.215204
0.363790 0.035901 0.299530 -0.395479 -0.003350 0.000039 0.089533 -0.084619 0.113307 0.498593 -0.780575 0.121769 0.353420 0.196589 0.188835 0.223690 -0.077696
0.041340 0.426395 0.426340 -0.623951 -0.270951 0.000048 0.508219 0.129066 0.190087 0.315924 -0.095131 0.226865 -0.194201 0.076910 -0.592775 -0.138089 0.622161
-0.206927 0.231442 0.000028 0.219128 0.143529 0.000066 -0.340494 0.216580 0.019347 -0.392488 0.671204 0.009407 -0.644559 -0.041008 0.144634 -0.165668 0.281912
-0.204606 -0.026276 -0.061178 -0.164685 -0.031938 0.000017 -0.027249 0.542619 -0.012404 -0.641769 0.341416 0.443042 -0.557891 0.075432 0.005745 -0.102004 -0.064684
0.131507 0.157746 -0.169537 0.554847 -0.436856 -0.000060 -0.274476 -0.642061 0.037008 0.014214 0.148185 -0.301605 -0.337728 0.170430 0.019828 -0.059657 -0.463691
0.044896 0.368494 0.306302 0.298485 -0.055001 -0.000099 0.248396 -0.084326 0.211286 -0.281528 -0.161060 -0.185752 0.339032 -0.442192 0.205788 -0.106220 0.470394
-0.239995 -0.257131 0.174919 -0.263475 0.163477 -0.000088 -0.350300 0.015553 0.093681 -0.554791 -0.062772 -0.154923 0.557811 0.341273 0.167871 -0.646380 -0.457256
-0.008081 0.517748 0.062662 0.081720 0.476667 0.000124 -0.355854 0.522851 0.089674 -0.123071 -0.131675 -0.208689 0.314934 0.429266 -0.121756 0.343516 0.118683
-0.017016 0.022666 0.566456 0.194171 0.370987 0.000040 0.020019 -0.175218 0.183776 -0.052366 -0.281585 0.498080 -0.262682 0.148088 -0.148337 0.363107 -0.107594
-0.453516 0.315402 -0.199659 0.230171 -0.454576 -0.000013 -0.383986 0.264690 0.110808 -0.313491 0.165834 -0.180652 -0.514043 -0.422102 -0.101510 0.044318 -0.356393
-0.022285 -0.295391 -0.685802 -0.554729 0.081820 -0.000108 0.406844 0.207551 0.025553 0.468087 0.049882 0.025707 -0.045003 -0.076855 0.203950 -0.127531 -0.082094
-0.022520 -0.081758 0.216731 -0.000004 0.642040 -0.000089 0.605976 -0.271977 0.259930 -0.369176 -0.018563 0.113222 -0.011172 -0.028837 0.535281 -0.291074 0.454306
-0.214590 -0.207763 -0.459056 0.282745 0.085335 0.000146 0.375097 0.278734 0.277628 -0.497144 -0.182595 0.005503 -0.255235 -0.161524 0.010794 -0.347812 -0.758758
-0.617895 0.114636 -0.013355 0.181639 0.066447 -0.000169 -0.232464 -0.118646 0.090086 0.412388 0.315953 -0.853347 0.008121 0.153572 -0.194910 -0.195258 0.031740
0.108955 -0.340396 0.388593 -0.074204 -0.081762 -0.000042 -0.389249 -0.185090 0.069119 0.340063 0.311556 -0.462152 0.284990 0.169339 -0.322606 -0.047801 -0.445871
-0.196769 0.101379 0.287612 0.166177 0.061543 -0.000151 0.042472 0.546157 0.305688 -0.067660 -0.365171 -0.489122 -0.116077 0.022820 -0.100946 0.052797 -0.659835
0.484076 -0.021273 -0.222109 0.087055 -0.197063 0.000084 -0.033687 0.029101 0.086519 0.653779 -0.061538 -0.137986 0.556296 -0.032737 -0.447928 0.195995 -0.596568
-0.035334 0.291827 -0.039890 -0.092499 0.232018 0.000042 0.417695 -0.192892 0.261724 -0.417210 -0.319772 0.125750 0.407892 -0.289551 0.322305 0.235258 -0.325152
-0.046670 0.427046 0.006760 -0.141563 0.118475 -0.000051 0.364610 0.399585 0.340044 -0.299763 0.100862 -0.172160 -0.285974 -0.132753 -0.049054 0.233305 -0.054306
-0.190386 0.220838 0.492149 0.323603 -0.439875 0.000090 -0.398400 -0.002646 0.141108 -0.605280 0.026184 -0.160376 -0.543280 -0.188891 0.281576 -0.144715 -0.137008
-0.039832 0.121936 -0.465712 0.059774 0.327984 -0.000055 0.228807 -0.095206 0.243897 0.479320 -0.187551 -0.316028 -0.178265 0.474686 0.524356 -0.049007 0.249698
-0.338272 0.250839 0.048386 -0.102882 -0.396337 0.000162 -0.307895 -0.522773 0.029962 0.112263 -0.254742 -0.077943 0.083100 0.223509 0.179508 -0.002643 0.262471
-0.234785 -0.335530 0.629770 0.066722 0.459866 -0.000058 -0.330104 -0.370037 0.067870 -0.311480 0.312252 -0.071618 0.777612 0.063004 -0.107345 -0.238553 0.167687
-0.279128 0.629845 0.299707 -0.109025 0.271372 -0.000043 0.332479 -0.233168 0.015557 -0.234735 0.203013 0.099764 0.242056 0.121099 0.023484 0.223907 0.951961
-0.319475 0.486441 -0.088370 -0.284614 -0.193173 -0.000058 -0.480343 0.366472 0.189720 -0.113126 0.356909 0.021252 -0.091722 -0.628887 -0.777460 -0.235020 -0.602539
0.533691 0.393908 0.426705 -0.468303 -0.933718 0.000037 -0.630793 0.113749 0.403619 -0.422539 -0.385500 0.425521 0.337234 0.456413 0.138806 0.270297 0.094699
0.237608 0.313138 -0.375327 0.059498 -0.035914 0.000103 0.455907 0.346435 0.306419 -0.280276 0.125090 -0.352420 0.011520 -0.500643 0.490551 0.056863 -0.101797
0.431146 0.376736 -0.457194 0.188589 -0.432639 0.000039 0.068112 0.083044 0.237607 -0.186619 0.242478 -0.531171 -0.139557 -0.270390 0.579869 -0.225930 -0.106512
0.399499 -0.055212 -0.029997 0.057205 0.404831 0.000030 0.141342 -0.571563 0.026518 -0.646478 0.476630 0.348818 0.378564 0.293501 0.333896 0.156354 -0.144202
-0.094370 0.110310 -0.211093 0.539745 0.105518 -0.000058 0.016431 -0.270159 0.204720 0.047062 -0.556356 0.657533 0.383292 -0.271526 -0.009512 0.344653 -0.217371
0.227164 0.006889 0.256708 -0.013223 -0.300632 -0.000107 0.072321 0.367686 -0.107588 0.103770 0.211808 -0.392882 -0.152796 0.567333 -0.649839 -0.019981 0.219320
-0.096316 -0.061405 0.590829 0.129490 -0.401460 0.000257 -0.130485 0.171856 -0.061932 -0.411689 -0.475911 -0.093420 0.587145 0.175935 -0.002913 0.278183 0.469460
0.204819 0.271817 -0.172208 -0.299492 -0.052343 -0.000042 -0.203971 0.036046 0.020895 1.008569 -0.005750 0.127367 -0.055462 -0.181111 0.235567 0.133416 0.057166
0.364163 -0.180826 -0.133371 0.604931 0.113500 0.000051 0.011748 0.382596 -0.010379 -0.079073 0.048514 -0.132802 -0.142744 -0.170276 -0.091591 -0.294044 0.363180
0.390327 -0.227178 0.079247 0.039047 -0.692163 -0.000135 -0.142333 -0.159145 -0.104736 0.081063 0.407216 -0.038278 -0.237784 -0.091796 0.339663 -0.311310 0.131812
0.078242 -0.193884 0.022160 0.196486 0.051357 -0.000091 -0.659464 -0.494725 0.025859 -0.329633 0.551196 0.088434 0.434727 -0.574509 0.584354 -0.292226 -0.097811
-0.307825 -0.082172 -0.595426 0.228832 -0.296841 -0.000093 -0.049660 -0.230615 -0.002403 -0.034381 -0.167232 0.325364 -0.041709 0.054870 0.136595 0.340496 -0.533221
-0.135833 -0.083468 0.254586 -0.099783 -0.163036 0.000036 0.068377 -0.031054 -0.034545 -0.394211 -0.391316 0.338385 0.299974 0.025287 0.309522 0.390732 0.028202
-0.122255 0.406380 0.183851 0.280650 -0.266179 0.000078 0.108553 0.190324 0.040336 -0.393910 -0.539328 -0.027101 0.248224 -0.227861 0.218784 -0.046462 0.262709
-0.262376 0.635910 -0.066127 -0.152096 -0.010251 -0.000085 -0.785217 -0.194343 0.160718 -0.391673 0.193336 0.219271 -0.137936 -0.008080 -0.013357 -0.232603 -0.252704
-0.412924 0.508533 0.061758 -0.340309 0.028469 -0.000048 -0.525272 -0.032688 0.224960 0.176082 -0.243686 -0.008669 0.318203 0.225408 -0.382901 -0.256603 -0.232600
-0.123229 0.151811 0.273873 -0.204932 0.610214 -0.000095 -0.184366 0.657305 0.055149 -0.245185 0.400752 0.306224 0.286430 -0.499177 0.238982 0.302323 0.552131
0.118096 -0.277729 0.811389 -0.603138 0.287793 -0.000073 0.211954 0.019160 0.260023 0.304579 -0.376916 0.418111 0.412517 -0.368481 -0.209733 0.035758 -0.003383
0.178608 0.356401 -0.155440 0.201347 0.191887 -0.000043 0.392162 -0.350489 0.290072 -0.187430 0.439323 0.553263 -0.214387 -0.007786 -0.175531 0.269176 -0.368334
-0.117937 -0.002091 -0.326107 -0.344976 -0.106143 0.000057 -0.445348 -0.367906 0.462045 0.195039 0.315609 0.220291 0.359571 0.081336 0.090510 -0.116052 0.099860
0.040319 -0.137246 -0.347437 -0.623204 0.115563 -0.000205 0.422257 -0.413077 0.078665 -0.091625 0.852748 0.520360 0.448231 -0.148066 -0.525232 -0.182474 -0.052805
0.330377 -0.657751 0.290445 0.664321 -0.377035 -0.000047 -0.188373 0.035370 0.232021 -0.045336 -0.626052 0.248903 0.184595 0.660176 0.040904 0.171904 -0.153338
-0.117002 0.004021 0.024532 0.145310 0.358250 -0.000169 -0.424699 0.191316 -0.048347 -0.042334 -0.247446 0.092760 0.580669 -0.058075 -0.533207 -0.488586 -0.252593
-0.539378 -0.291937 0.226148 -0.303813 0.043591 0.000076 0.168247 -0.179706 0.161607 0.027972 -0.040475 0.326855 0.324952 -0.316420 -0.254619 -0.172706 0.095606
0.069974 -0.104934 0.007904 0.204374 -0.286142 0.000049 -0.040060 -0.261417 0.042807 0.371154 -0.239205 0.377344 -0.273376 -0.188392 0.367509 0.301281 -0.202218
-0.301222 0.740601 -0.170482 0.219705 -0.005128 -0.000040 0.161287 -0.729042 0.050508 0.408236 0.123266 -0.260850 0.088320 -0.166427 -0.829683 0.042489 0.104928
-0.270174 0.545946 0.036551 0.182789 -0.001002 -0.000021 -0.427483 0.086296 0.191300 -0.069635 -0.208424 0.151382 0.179372 0.148994 -0.443578 0.072170 -0.287410
0.074670 -0.107225 -0.009638 0.832521 -0.370129 0.000145 0.280304 -0.224744 0.064287 -0.024027 -0.214636 -0.021400 -0.265671 -0.038840 -0.296930 -0.406238 0.226639
-0.241737 -0.194045 -0.530535 -0.256715 0.274258 0.000085 0.321008 -0.311668 0.270832 0.445159 0.411362 0.408304 0.215284 -0.315530 -0.494761 -0.266644 -0.101131
0.005773 -0.476402 -0.121809 0.101957 0.044798 0.000207 -0.196483 0.157658 0.198766 -0.295982 0.351278 0.227762 0.241535 -0.042977 0.013235 -0.302386 -0.224270
-0.457322 0.080118 -0.016079 -0.249010 0.161705 0.000052 0.013232 0.108528 0.240067 -0.119844 0.334311 0.041829 0.164902 0.483913 -0.189820 0.345003 0.497696
-0.036812 -0.077818 0.463746 -0.029075 0.029808 -0.000078 -0.500413 0.176671 0.141022 0.181328 -0.134874 0.155588 -0.119954 0.001201 -0.194896 0.063259 -0.237127
0.041366 0.373329 -0.479408 0.269723 -0.363023 -0.000055 -0.076036 -0.003570 0.307542 0.283965 -0.548388 -0.000290 0.182535 -0.284601 0.370482 0.063518 -0.237942
-0.022595 0.027211 0.051469 -0.151616 0.194483 -0.000085 0.448656 -0.149432 0.167320 0.321970 -0.030111 0.287975 0.098656 -0.570634 -0.134170 -0.064712 -0.084688
0.037920 0.472954 -0.130588 -0.409351 -0.370299 -0.000044 0.161757 -0.144819 0.242770 -0.276087 -0.310867 0.350804 0.322783 0.512309 -0.125427 0.295444 -0.017624
-0.156866 0.023524 0.426209 0.029918 0.018691 0.000137 -0.296192 0.037905 0.081010 0.074902 -0.113893 -0.053981 0.605066 0.298908 0.035838 0.113008 0.199640
0.064165 0.153774 -0.183288 -0.297558 0.069496 0.000087 0.246290 -0.373362 -0.033263 -0.120840 0.330854 0.164581 -0.254721 0.345459 -0.076287 -0.278956 0.473142
-0.327308 0.001060 0.006942 -0.368413 -0.270623 0.000262 0.231401 0.378620 0.030211 0.039335 0.250866 -0.290328 -0.283038 0.603606 -0.381072 0.414013 0.202379
0.198136 0.543863 -0.076088 0.204148 0.328689 -0.000207 -0.097861 0.389434 -0.001379 0.107080 0.460624 0.103762 -0.629394 -0.245905 -0.207441 -0.035630 -0.015212
-0.137125 0.262080 0.159161 0.187122 -0.019084 0.000086 0.578515 -0.367092 -0.186917 0.315859 0.062875 -0.118272 -0.439491 -0.223595 0.221097 0.533904 0.486735
-0.400888 0.060930 0.189616 -0.153985 0.237517 -0.000002 -0.109874 -0.001696 -0.169369 0.341896 0.191113 -0.136258 0.010407 -0.177772 0.456358 0.346509 0.171380
0.421865 0.159835 -0.104425 0.144223 -0.071675 -0.000080 0.103909 0.059100 -0.026192 0.062508 0.124620 0.883699 -0.675073 0.114405 -0.006346 0.104951 0.227259
0.002679 0.454134 0.427099 -0.401555 -0.033328 0.000140 0.666708 -0.099365 -0.037330 -0.303676 -0.771644 -0.172896 -0.361756 0.306374 -0.180351 0.034086 -0.231291
-0.054323 0.010421 0.333728 -0.105062 0.208540 -0.000021 0.147170 -0.688726 -0.043366 0.250207 -0.294163 -0.484391 0.263932 0.520258 -0.156779 -0.073705 -0.464604
0.049111 -0.024712 -0.423997 0.165475 0.393473 0.000084 0.333235 -0.083488 0.116680 -0.096286 0.053387 0.136761 0.172809 0.188795 0.783034 0.274518 0.705454
0.066752 -0.432369 0.152479 0.010399 0.008877 0.000132 0.263400 -0.304833 0.296554 0.722760 0.259359 0.212099 0.187090 0.123792 -0.115178 0.015863 0.207571
0.208598 0.234737 -0.442683 0.420224 0.557188 0.000109 -0.086223 0.260822 0.224097 0.001681 0.036442 0.093709 0.226423 0.236554 -0.345318 0.073308 -0.125723
0.110732 -0.086695 0.062556 -0.391454 0.318336 0.000117 0.095663 -0.148834 0.181633 0.126728 0.314930 0.031686 0.291538 0.259694 -0.384412 -0.250712 0.113344
-0.008413 0.365669 0.355384 0.452441 0.144555 0.000019 0.492966 -0.207159 0.492118 -0.410072 -0.282925 0.278498 -0.054833 -0.472275 -0.071289 0.035305 0.015867
-0.096235 -0.873945 0.010708 0.504194 -0.133330 0.000125 -0.082915 -0.554250 0.271558 -0.162573 0.350086 0.312530 -0.005305 -0.021177 -0.202206 -0.446722 0.140076
-0.304517 -0.431773 0.022242 -0.404983 -0.216817 -0.000023 0.167153 0.405582 -0.004814 -0.246321 -0.488639 0.012658 -0.202327 -0.009861 0.595588 -0.418643 -0.165979
-0.282190 0.327928 -0.144288 -0.481042 0.073013 0.000031 0.020130 0.036944 -0.175809 0.286736 -0.209727 -0.353714 0.041458 0.644403 -0.253623 -0.055602 0.130438
-0.531814 -0.229042 0.664998 0.033799 0.071704 0.000091 -0.199246 -0.305107 -0.043786 0.091256 0.184958 0.157178 -0.328674 0.307984 -0.333564 -0.263352 0.055974
0.006336 -0.005428 -0.036085 -0.219325 -0.096063 0.000079 0.094890 0.287245 0.207912 0.660450 0.330905 -0.206300 0.109132 -0.231350 -0.342432 -0.246688 0.344640
-0.091325 0.057336 -0.400664 0.267207 -0.514683 -0.000009 -0.468772 0.376290 0.291063 -0.032474 0.209749 -0.155771 -0.014256 0.155482 0.040503 0.121082 0.138256
-0.276417 -0.205155 0.145997 0.161230 -0.052771 -0.000197 0.445797 0.258969 0.236343 -0.211218 0.144081 0.090054 -0.261960 -0.192245 -0.205205 0.202691 -0.310538
0.062190 0.361320 -0.042158 0.253148 0.112943 -0.000071 0.686034 -0.622217 0.334225 -0.423846 -0.329901 -0.490418 -0.141271 0.269156 0.311016 0.027855 -0.377589
0.154503 -0.100047 0.352802 -0.202200 0.050743 -0.000186 0.012264 -0.039655 0.232126 -0.025039 0.182841 -0.025223 0.331630 -0.159237 -0.023782 -0.062317 -0.411526
-0.275717 -0.033225 0.314151 0.023903 0.032181 -0.000040 -0.289209 0.245734 -0.019701 0.310531 -0.812935 0.408200 -0.134206 -0.537754 0.169763 0.335598 -0.181847
-0.190597 -0.156845 -0.175915 0.534460 0.036293 -0.000051 -0.336740 0.291978 0.002820 -0.138655 0.089935 0.248515 0.181728 -0.426484 0.103567 -0.085559 0.000800
0.144278 0.208520 0.074449 -0.223787 0.006109 0.000042 -0.225446 0.137104 0.089575 0.195616 0.174465 -0.119038 -0.031250 0.031806 0.131703 -0.182407 0.228392
0.106896 -0.003404 -0.303704 0.178053 0.010734 -0.000036 0.232458 -0.259286 -0.063232 -0.229632 0.608925 0.109209 0.229357 -0.175856 -0.594381 0.209050 -0.309072
0.267755 -0.447318 -0.082465 -0.089130 -0.061896 -0.000046 0.096334 0.509111 0.182250 0.182346 -0.011059 -0.139694 -0.126138 0.028915 -0.220602 -0.144837 -0.752345
0.183623 0.398464 -0.141225 -0.164256 0.118923 -0.000044 -0.209930 0.442809 0.082137 0.061309 0.808145 -0.272680 -0.416478 -0.189888 -0.288295 -0.593284 0.152347
0.151635 0.551016 -0.279470 0.288856 -0.132711 0.000021 0.534819 -0.195565 0.240918 -0.411181 -0.064354 0.533225 -0.201384 -0.357372 0.289072 -0.049990 0.449885
-0.406226 0.222997 -0.142804 -0.422158 -0.620617 0.000199 0.521190 -0.069691 0.251144 0.054763 -0.175853 -0.591105 -0.503235 -0.151496 -0.008823 -0.552240 -0.288073
0.162476 -0.131227 0.050927 -0.191746 0.217738 -0.000094 0.105328 0.227800 0.237054 -0.209467 -0.052724 0.539634 -0.449261 0.243271 0.469803 0.361572 -0.283905
-0.236336 0.003009 0.033175 0.486022 0.296378 -0.000015 -0.195099 -0.049911 0.067268 0.330222 -0.237809 0.255719 0.344631 0.585823 -0.183742 0.476950 0.358785
-0.234222 0.347303 -0.278935 0.365281 0.376396 0.000087 0.087330 0.089962 0.010879 0.133236 0.284360 0.123379 -0.023233 -0.101682 0.141799 0.781816 0.207416
-0.175353 -0.641373 0.531464 -0.131523 -0.131611 -0.000165 0.190302 -0.073531 0.000420 0.360335 0.009676 -0.342239 -0.449931 0.429478 0.056978 -0.415843 0.114497
-0.180357 -0.200329 -0.001684 0.093157 -0.121547 0.000019 0.461634 -0.119103 -0.026620 -0.368461 -0.431730 0.106607 0.167283 0.035588 -0.032411 -0.078214 0.059329
-0.311368 0.443758 0.320946 -0.143746 0.395572 0.000093 0.234302 0.462115 0.261702 0.252139 0.101018 -0.630178 -0.383668 0.068740 0.094287 0.311186 0.262673
-0.183370 0.018404 -0.032910 -0.279690 0.055675 0.000044 -0.130786 0.174797 -0.001341 -0.289566 -0.258688 0.355345 -0.024222 0.277258 0.398175 0.328483 -0.195716
-0.346927 -0.277370 0.907961 -0.188417 0.111524 -0.000132 -0.541034 -0.252314 -0.120932 0.174165 -0.450026 0.292855 0.090327 0.034002 0.366480 -0.017666 -0.016333
-0.214797 -0.385033 0.269310 0.289743 0.343513 0.000315 0.361605 -0.035250 -0.005744 -0.173495 0.052725 -0.004918 -0.368129 0.623609 -0.194989 0.265938 -0.453339
0.357627 0.275394 0.094561 -0.160271 -0.324212 0.000291 -0.431455 0.242518 -0.017601 -0.063998 0.165497 -0.333587 -0.010330 -0.252893 0.175667 -0.309391 -0.474086
0.438797 0.372156 0.558933 0.395087 -0.065247 0.000014 -0.107310 -0.114635 0.118258 0.146709 -0.202852 0.194431 -0.147215 0.213209 -0.379913 0.319069 0.406065
-0.469338 -0.329931 -0.024111 -0.416383 0.382550 -0.000044 0.045541 0.536486 0.196130 0.261402 0.111394 0.378665 -0.011328 0.173932 -0.149728 0.006822 0.078631
-0.239940 0.182091 -0.275452 0.062730 -0.011119 0.000049 0.171087 0.434123 0.209636 0.217815 0.373543 -0.516936 -0.043838 -0.096294 0.023360 0.492657 -0.127712
-0.103614 0.050000 0.206957 0.030300 -0.009170 -0.000014 -0.057459 0.321747 0.201254 -0.535667 -0.121174 0.110636 -0.049346 0.286268 -0.562489 -0.518689 -0.260870
0.124020 0.108608 -0.299641 -0.269245 0.174022 -0.000017 0.353170 -0.064325 0.099264 0.069554 -0.149499 -0.087801 -0.115889 0.205698 0.823088 -0.208078 0.340522
-0.398529 0.037090 -0.136716 0.019490 -0.292028 0.000055 -0.020264 0.229629 0.303859 -0.826823 0.432788 -0.013239 0.202808 -0.084974 0.536408 0.218899 0.268374
-0.429881 0.013936 -0.105526 0.599058 0.067074 -0.000018 -0.262418 0.144837 0.005709 0.191388 -0.525740 -0.146703 0.290195 0.436155 0.002817 0.123837 0.194744
0.041241 0.110918 -0.431220 -0.142309 -0.661030 0.000087 -0.966379 0.532111 0.127889 0.035550 0.297411 0.193286 -0.129559 0.497742 -0.183435 0.026030 0.249936
0.098258 -0.312343 -0.101263 0.004449 -0.177334 0.000047 0.744559 -0.004473 -0.008100 0.146922 0.174619 -0.049069 -0.388526 -0.162635 0.164335 -0.077780 0.095249
0.074554 0.574326 0.006986 -0.109772 0.175304 -0.000043 0.445134 -0.173579 -0.050460 -0.052373 -0.068875 -0.319383 0.024592 -0.307811 0.044719 -0.188678 0.010245
0.215485 -0.270163 -0.306612 0.541626 -0.160727 0.000054 0.421635 0.182911 0.143359 -0.029534 0.567939 -0.483647 -0.308468 0.580793 -0.054350 0.114204 0.158027
0.151657 0.357263 0.370038 -0.056873 0.208221 0.000051 0.378048 0.022452 -0.055534 -0.644144 0.234241 -0.285448 0.154774 0.131693 0.009469 0.052348 0.203128
0.777712 -0.336057 0.001517 -0.080300 -0.137903 0.000081 0.125672 0.309436 0.211111 0.019239 0.482225 -0.071636 0.020479 -0.317418 -0.435419 -0.560703 -0.288722
-0.035462 0.119849 0.076633 0.061482 -0.358161 0.000008 0.241546 -0.384888 0.007736 0.032724 -0.478757 -0.552497 0.213811 0.003390 0.236945 -0.550927 -0.338525
-0.073858 0.095123 -0.095738 -0.391147 0.018745 0.000050 -0.049385 0.028923 0.317439 0.391510 -0.013618 0.003559 -0.191199 0.145655 0.037135 0.023861 0.118076
0.368124 -0.064368 -0.098838 0.417841 -0.259024 0.000048 -0.741700 0.017369 0.144310 0.452016 0.228916 -0.090723 0.135590 0.014744 0.119831 -0.204359 -0.119971
-0.152528 0.360745 0.483432 0.050569 -0.563506 -0.000076 -0.144428 -0.154961 0.205648 0.043932 0.007770 -0.012569 -0.161138 -0.357311 -0.171012 -0.148680 -0.037381
-0.197565 -0.481895 0.457886 0.069021 -0.005173 -0.000113 -0.118998 -0.360842 0.382454 0.087926 0.530130 -0.603577 -0.261678 0.341412 0.566222 0.036875 -0.267394
0.017694 -0.122885 -0.016959 0.228383 -0.051363 -0.000026 -0.141159 -0.237768 0.185198 0.211409 0.104434 -0.016173 -0.260047 -0.184226 0.002153 -0.210070 -0.136543
0.486438 0.200565 0.169338 0.152701 0.295957 -0.000071 -0.169484 0.544320 0.141867 0.083588 0.093525 -0.382883 0.116306 -0.196539 -0.363702 -0.176807 -0.044279
-0.075799 0.117401 0.154717 0.306000 0.196485 -0.000069 0.570282 -0.441002 0.009872 0.004073 -0.492889 0.301028 0.305944 -0.543676 0.155633 -0.211258 0.445485
-0.256710 0.121775 -0.125898 -0.211048 -0.530933 0.000004 -0.416617 0.374771 0.345301 0.233939 -0.413659 0.088051 -0.334693 0.231633 0.340152 -0.384771 0.073744
0.225211 0.068796 -0.152351 0.185259 0.513187 -0.000098 -0.447145 0.413640 0.054377 0.179025 -0.036036 -0.152807 0.223945 0.206136 0.088407 0.076448 -0.349760
0.164872 -0.358528 -0.221401 -0.135961 -0.154440 0.000128 -0.080093 -0.208864 0.041615 -0.032286 -0.464596 -0.001084 0.120388 -0.084628 0.138597 -0.569807 -0.787876
0.092548 0.071485 -0.163385 -0.410282 0.240051 0.000156 -0.202201 0.464637 0.001893 0.175536 0.221803 0.221535 0.361705 -0.198354 0.172464 0.265969 -0.147881
0.058081 -0.126136 0.052693 -0.123558 0.198587 -0.000032 -0.148176 0.211592 0.049749 0.191290 -0.109498 0.281630 -0.003298 -0.205977 0.184155 0.413615 -0.217047
0.534425 -0.107275 0.889509 0.222602 -0.233655 0.000127 0.016611 0.345382 0.193350 -0.178875 0.407210 -0.349787 -0.023007 -0.188174 0.236155 0.624919 -0.127698
0.147868 0.291141 0.456174 0.047167 0.332294 0.000052 -0.018571 -0.152957 0.485248 0.242986 0.295154 -0.328322 0.374219 -0.723753 0.045345 -0.085691 0.172116
0.192927 0.461401 0.228922 -0.057136 0.334092 -0.000093 0.458363 -0.196794 0.157117 -0.225465 0.060893 0.115933 0.225390 -0.071232 0.203591 -0.004235 0.610505
0.260426 -0.077019 -0.309019 0.294731 0.111677 0.000286 -0.126241 -0.206973 0.283433 0.049499 -0.121128 0.361278 0.260176 0.750602 0.763062 -0.079593 0.517548
-0.140618 -0.178475 -0.174538 0.192531 -0.276077 0.000003 0.058619 -0.477441 0.056375 0.053265 0.280315 0.405386 -0.374888 0.228620 -0.132540 -0.154079 -0.125195
-0.137709 0.208185 -0.027004 0.316282 -0.272152 0.000099 -0.169927 -0.385786 0.146277 0.228984 0.403556 -0.316144 -0.008463 -0.435934 0.004066 0.080051 0.328892
-0.385811 -0.025502 -0.187912 0.391252 -0.175093 -0.000057 0.008679 0.450251 0.163587 -0.097348 -0.473891 0.152069 -0.254731 0.073632 -0.038697 0.051497 0.423072
0.059439 -0.139776 0.085218 0.183858 -0.722873 0.000064 -0.054597 -0.008871 0.254549 0.797457 -0.286790 -0.444034 0.035007 0.309659 -0.058313 -0.041385 0.066084
0.002303 -0.011830 0.511107 0.203564 0.312288 0.000162 0.342543 -0.206966 0.055690 0.329534 0.389510 0.008463 -0.236519 -0.385369 -0.025773 0.504598 0.358098
-0.153190 -0.183534 0.216099 0.041066 -0.536097 -0.000043 -0.202680 -0.066911 0.070229 -0.215852 0.292968 -0.271627 0.038479 0.109727 0.274733 0.650362 -0.135840
0.182889 -0.093389 -0.067834 -0.979688 -0.300289 -0.000107 -0.083633 -0.064411 0.195908 0.417192 0.169386 0.563489 -0.516859 0.109422 0.227547 -0.216782 -0.450987
0.137397 -0.299821 -0.152525 -0.076188 -0.279951 -0.000004 0.112364 0.330083 0.082272 -0.193725 -0.128235 0.968067 -0.336423 0.012190 0.276056 0.108315 -0.106378
0.728436 0.139682 0.164425 0.950376 -0.186401 -0.000056 0.258646 -0.023112 0.023001 -0.163699 0.003588 -0.087242 -0.148360 -0.197596 -0.149720 0.066744 0.266214
0.219199 0.153759 -0.386213 -0.093496 0.373967 -0.000017 -0.183899 0.147418 -0.014491 0.406337 0.278581 0.272410 0.286597 -0.236207 0.474542 0.044256 0.220291
0.347240 -0.282276 0.098795 0.446128 -0.287601 -0.000003 0.054985 -0.055007 -0.012497 0.031596 -0.116784 -0.063384 0.301170 0.104949 0.127472 0.087775 0.029898
-0.369487 -0.305242 -0.262785 -0.447690 -0.346599 -0.000124 -0.285434 -0.236289 0.018412 0.770522 0.310942 -0.130655 -0.902938 0.239499 0.255327 -0.479614 0.197583
0.351470 0.461177 0.066253 -0.260418 -0.568984 -0.000070 -0.065317 0.135922 -0.014774 0.075563 0.098364 -0.201727 0.637722 0.043350 -0.191108 0.126963 0.204521
0.489598 0.325481 0.667455 -0.202451 -0.266288 0.000005 0.115219 0.030000 0.083083 0.348274 -0.193908 0.085847 -0.280326 -0.155856 -0.044098 0.124299 0.233641
-0.281921 0.100331 0.186039 0.139543 -0.306421 -0.000058 -0.142626 0.080606 0.384549 -0.349125 -0.103089 0.134283 0.234824 0.065111 0.220880 0.261576 0.074367
-0.180715 -0.206698 -0.253627 0.052297 -0.118587 -0.000015 0.237527 0.272776 0.270882 -0.370399 -0.129028 0.532098 0.223402 -0.040964 0.184346 0.322040 -0.283356
0.101159 -0.008849 0.046837 0.494609 0.579964 0.000053 -0.154309 -0.131396 0.133560 0.570860 0.415287 -0.113461 -0.171735 0.105710 -0.557799 0.040986 -0.040763
0.436125 0.005453 -0.426485 -0.374866 -0.100761 0.000073 -0.288360 0.234291 0.073440 0.019905 -0.029001 0.551895 0.297455 0.553663 -0.064153 -0.315854 0.223906
-0.024626 -0.243454 0.013121 0.136348 0.159864 0.000053 -0.004540 -0.036606 0.119254 -0.003166 0.255967 -0.063471 -0.001296 -0.168719 -0.260289 -0.487820 -0.034245
-0.420120 -0.209001 -0.202115 -0.341042 0.115370 0.000042 0.226815 0.308317 0.017835 0.132480 0.504644 0.151035 -0.098102 -0.531792 -0.200147 -0.311622 0.381847
1.213350 0.140966 0.059922 0.256577 -0.167991 0.000057 0.130266 0.413719 0.306859 -0.057037 0.169127 0.233401 0.125347 -0.000335 -0.122984 -0.191087 -0.097570
-0.005789 0.570017 -0.340714 -0.151439 -0.225962 -0.000147 0.180584 -0.319329 0.074544 0.019779 -0.501291 -0.282681 -0.257454 0.619529 0.030037 -0.345013 -0.457846
-0.187539 0.009813 0.610058 0.013345 -0.070209 0.000081 0.003583 -0.406239 0.031945 -0.644823 0.070461 0.094139 0.102931 0.257034 -0.361975 -0.123862 -0.162264
0.102882 -0.123664 -0.051726 -0.209487 0.426803 -0.000053 0.250791 0.276397 0.009608 0.034923 0.165655 0.084087 -0.396515 0.140993 0.271463 -0.078901 0.102974
-0.006151 0.281166 -0.186304 0.174941 -0.389457 0.000153 -0.072236 -0.617561 -0.228302 -0.390305 -0.385830 0.260386 0.091937 0.014845 -0.082792 -0.447912 -0.528689
-0.276839 0.028177 -0.533653 -0.304899 0.444934 -0.000266 0.046679 0.072574 0.138497 0.280686 -0.028730 0.002211 0.729306 0.147570 0.034692 -0.024403 -0.078683
-0.123691 -0.246659 0.060447 -0.385094 -0.166954 0.000033 -0.333710 0.287532 -0.028295 0.136397 -0.003252 0.067311 0.052239 -0.529483 0.050877 -0.045807 -0.056179
-0.285102 -0.165272 -0.133363 0.284783 -0.498420 0.000254 -0.471703 0.022065 0.145084 0.219446 -0.121581 -0.414683 0.145935 0.190923 0.342209 -0.001004 0.216776
-0.675162 0.134133 0.152723 -0.070218 0.629709 -0.000021 0.548119 0.083676 0.203969 -0.011436 -0.277410 -0.507200 -0.242018 -0.155284 0.086123 -0.388856 -0.004919
0.643827 -0.232609 0.057869 -0.007811 0.928056 0.000037 0.516832 -0.475826 0.188778 0.457505 0.214890 0.506435 -0.067433 0.482602 -0.292499 -0.508205 -0.039816
0.118022 0.220285 -0.113139 -0.237552 0.244872 -0.000120 0.288346 -0.192588 0.440579 -0.052240 0.131683 0.054596 0.107431 0.003274 -0.030373 0.044223 -0.188286
0.140918 -0.307754 0.054219 0.152368 -0.195848 0.000040 -0.063090 0.759360 0.242239 0.491942 -0.325042 0.449086 -0.400569 0.128158 -0.327069 0.028544 0.031527
-0.257624 -0.671001 0.042581 -0.047322 0.272523 0.000077 0.032610 -0.108067 0.094720 0.279696 0.133191 0.642761 -0.673085 0.035359 0.590050 0.282330 0.070303
-0.114638 -0.836410 -0.126273 0.253491 -0.099650 0.000164 0.509073 0.480822 0.253221 0.409880 0.217217 0.035901 0.505644 -0.136010 -0.091789 0.191270 0.510754
