-0.365946 0.014808 -0.000005 -0.118456 -0.000042 0.000036 -0.000485 0.531462 -0.066215 -0.000086 0.106723 0.000074 -0.307345 -0.003819 0.016744 -0.000007 -0.454827 -0.276121 0.018199 0.112433 0.237231 -0.000012 0.244626 0.330219 -0.000148 0.200260 0.271951 -0.114272 0.023909
-0.103120 -0.027014 -0.000018 0.401981 -0.000093 0.000004 -0.000323 -0.122056 -0.323234 0.000107 0.154201 -0.000107 -0.394371 -0.004169 -0.064524 0.000140 0.130952 -0.007389 0.349140 -0.056165 0.081073 0.000030 -0.362875 0.281772 -0.000090 0.361952 -0.497840 0.329844 0.057347
0.608436 0.138044 -0.000040 0.098764 -0.000039 0.000081 -0.000381 -0.119994 -0.297346 -0.000271 0.247697 -0.000012 -0.062803 -0.005578 0.170326 0.000040 -0.074206 0.215538 -0.091246 -0.054558 -0.190245 0.000011 -0.131425 0.101414 0.000060 -0.119652 -0.588852 0.307898 -0.134679
0.145929 0.217023 0.000042 -0.171319 0.000021 0.000145 -0.000754 -0.130508 -0.045049 0.000020 -0.694158 0.000061 0.429783 -0.004621 0.248591 -0.000076 0.456648 0.007985 -0.075072 -0.012737 -0.459209 0.000010 0.251556 -0.154468 0.000132 0.085034 -0.073493 0.115535 0.562850
-0.134412 0.133588 -0.000133 -0.236857 0.000016 0.000036 -0.000726 0.106195 0.067439 0.000182 -0.173385 -0.000255 -0.224210 -0.005125 0.164891 -0.000288 0.112354 -0.157690 0.045681 0.215098 -0.081686 0.000053 0.189859 -0.262635 -0.000084 0.079160 -0.007979 0.635002 -0.116916
-0.261442 0.139118 0.000083 0.167581 0.000159 0.000037 -0.000350 0.255941 0.353276 -0.000074 -0.122640 -0.000138 -0.163864 -0.004854 0.165308 0.000028 -0.066917 -0.176486 -0.244261 0.403960 0.151098 -0.000047 -0.118812 -0.240765 -0.000198 0.356994 0.801248 -0.003095 -0.300840
-0.240783 0.222792 -0.000144 0.234582 0.000103 0.000026 -0.000389 -0.112610 -0.020042 -0.000217 -0.048861 -0.000064 0.503190 -0.002778 0.277600 -0.000089 0.055976 0.319139 -0.002942 -0.140914 -0.080733 -0.000002 0.163934 -0.329968 0.000025 -0.097623 -0.101640 -0.191807 0.229804
0.594548 0.076290 -0.000037 -0.523947 0.000013 -0.000034 -0.000296 -0.024044 -0.000697 0.000139 -0.637836 0.000215 -0.133771 -0.002895 0.088790 0.000039 -0.277445 0.121211 0.401273 0.571529 0.237256 0.000000 -0.074564 -0.180216 -0.000075 0.208888 0.057027 0.000264 -0.168822
0.230560 0.086922 0.000049 0.021855 -0.000088 0.000093 -0.000339 0.101836 -0.265541 -0.000147 -0.060940 -0.000019 -0.163666 -0.004078 0.103356 0.000056 0.000201 -0.483833 0.548155 -0.105508 0.322006 -0.000034 -0.016321 0.618090 0.000063 -0.141782 -0.419504 0.364124 -0.002403
0.200207 0.140324 -0.000022 0.531864 -0.000128 -0.000091 -0.000515 -0.042669 0.201815 -0.000097 -0.138558 0.000130 -0.103437 -0.001296 0.183419 -0.000040 0.224086 -0.960956 -0.005921 0.341804 0.595490 -0.000021 0.189572 0.111813 0.000016 -0.232878 -0.033838 0.093379 -0.070367
-0.184822 0.041783 -0.000009 -0.085345 -0.000042 0.000024 -0.000336 -0.220321 0.491055 0.000015 0.141051 -0.000180 0.071657 -0.002113 0.083068 -0.000079 0.104714 -0.304909 0.298513 0.216697 -0.040197 0.000046 -0.155028 0.337908 0.000083 0.298280 -0.179023 -0.087735 -0.395483
-0.116205 -0.006731 -0.000051 -0.307889 -0.000078 0.000001 -0.000667 -0.393185 0.028835 0.000068 0.045891 0.000073 -0.085198 -0.002103 -0.008167 0.000072 0.160653 0.314790 -0.112245 -0.032218 -0.047108 -0.000071 -0.265075 0.527402 -0.000040 -0.146113 -0.150398 0.194236 0.147232
0.312346 -0.022376 -0.000003 0.425635 0.000037 -0.000207 -0.000540 -0.396985 0.237343 0.000055 0.312216 -0.000152 -0.070862 -0.003001 -0.035474 0.000034 -0.154018 -0.228468 -0.399071 -0.206293 0.218692 -0.000122 -0.439412 0.587790 -0.000046 -0.368657 -0.185588 0.138892 -0.170474
-0.137207 -0.001406 -0.000004 -0.029731 -0.000106 0.000046 -0.000368 0.440465 -0.352611 -0.000008 -0.235561 0.000094 -0.166599 -0.002387 -0.000746 0.000001 -0.051134 0.410519 0.018628 0.166613 -0.047728 0.000012 -0.339390 -0.137303 0.000051 -0.149627 -0.019420 0.538311 -0.075851
0.111200 0.067663 -0.000072 -0.159703 -0.000066 0.000068 -0.000440 0.270215 -0.614789 0.000056 -0.229173 0.000039 0.460697 -0.002063 0.089844 0.000047 0.475939 -0.005525 -0.228296 -0.348753 -0.071799 -0.000015 0.001067 -0.545039 0.000127 -0.441673 0.051754 0.356388 -0.022269
-0.064866 0.085342 -0.000057 -0.290275 0.000077 0.000042 -0.000369 0.611870 -0.167968 -0.000037 -0.063432 0.000057 -0.148406 -0.001719 0.103733 -0.000050 0.088214 -0.311030 0.118252 -0.351310 -0.035053 0.000076 -0.507083 0.244585 -0.000068 0.125034 -0.256847 -0.455899 0.285212
-0.271507 0.182588 -0.000029 0.106096 -0.000004 -0.000042 -0.000664 0.121616 -0.147211 0.000026 -0.262300 0.000002 0.259245 -0.001365 0.234923 -0.000046 0.128285 -0.110714 -0.261196 0.240218 -0.302722 0.000059 -0.233762 -0.218583 -0.000114 0.574325 -0.294543 0.006344 -0.032892
0.200669 0.166913 0.000024 0.388677 0.000082 -0.000134 -0.000250 0.264781 -0.301951 0.000110 0.050938 0.000089 0.016160 -0.000517 0.204729 0.000120 -0.070057 -0.135716 0.023165 -0.120217 0.049666 -0.000036 0.086859 0.110658 0.000018 -0.329489 0.093585 0.004860 -0.182102
-0.016601 0.190493 -0.000003 -0.313733 -0.000068 0.000023 -0.000550 0.033022 0.584424 -0.000005 0.369106 0.000076 -0.303429 -0.002741 0.242685 0.000069 -0.139270 -0.460398 0.167013 -0.040357 0.179501 0.000028 -0.129490 0.212353 -0.000222 0.510932 0.051805 0.271689 0.376926
0.240860 0.236322 0.000026 0.230738 0.000081 0.000144 -0.000340 -0.121772 0.477518 -0.000105 0.107640 0.000006 0.379310 -0.000707 0.310639 0.000127 0.102153 -0.122752 -0.282426 -0.138071 -0.715926 -0.000014 0.490799 -0.055430 0.000169 -0.012888 -0.198209 0.366982 0.069605
-0.086133 0.027194 0.000062 0.171981 -0.000081 0.000191 -0.000393 -0.395099 0.315517 0.000010 -0.397222 0.000128 -0.395088 -0.002467 0.041978 0.000011 0.035531 0.032703 -0.379811 0.076655 -0.049226 -0.000048 0.167030 0.324965 0.000035 0.219449 0.028298 0.198100 0.109812
0.052078 0.197489 -0.000007 -0.194427 -0.000118 -0.000137 0.000009 -0.033405 -0.010355 -0.000164 -0.746018 0.000052 -0.546468 -0.002826 0.270325 0.000230 -0.096042 0.128585 -0.335658 -0.266716 0.031806 -0.000072 0.335384 -0.163452 -0.000080 0.172212 0.419453 0.114931 -0.076310
0.170335 0.162833 0.000011 -0.077631 0.000066 0.000084 -0.000578 -0.040823 -0.032738 -0.000092 -0.053574 0.000093 0.442996 -0.002181 0.211108 0.000021 0.171180 0.630489 0.133268 -0.176546 0.064582 0.000048 0.337674 -0.036881 -0.000017 -0.388718 -0.954382 0.366654 -0.101688
0.136580 0.003073 -0.000100 0.241475 0.000072 0.000179 -0.000029 -0.082256 0.509094 0.000106 0.116610 -0.000057 0.168556 -0.001584 0.010258 0.000094 0.381488 -0.322977 0.434324 0.055037 -0.387212 0.000178 -0.071820 0.111411 -0.000068 -0.165396 -0.077230 0.016299 -0.003261
0.162642 0.146870 0.000121 0.003124 -0.000140 0.000085 -0.001197 0.083633 0.070206 0.000001 0.042036 0.000039 -0.034406 -0.000959 0.198447 -0.000068 -0.469821 -0.338206 -0.059367 -0.768055 0.455956 -0.000028 -0.263909 0.172611 -0.000015 0.051060 -0.132017 0.034068 -0.483856
0.450547 0.137223 0.000072 0.075829 0.000263 0.000031 -0.000523 -0.006796 0.232591 -0.000095 0.252938 -0.000074 0.454681 -0.000740 0.173629 -0.000050 -0.494873 0.251539 0.160556 0.121957 -0.143860 -0.000005 -0.015282 0.374749 -0.000052 -0.378610 -0.393822 0.248909 -0.049101
-0.295609 0.091956 0.000051 0.106981 -0.000116 -0.000032 -0.001070 0.311454 -0.106224 0.000037 0.543224 -0.000129 0.135357 -0.000955 0.150784 0.000080 -0.031161 -0.359136 0.133417 -0.482774 -0.268146 -0.000154 0.338225 0.526497 -0.000020 -0.016140 0.103490 -0.166608 -0.167213
-0.378236 0.167213 0.000058 -0.000074 -0.000174 -0.000147 -0.000986 0.307230 -0.062733 -0.000072 0.106431 -0.000024 -0.199605 -0.003036 0.221041 -0.000057 0.326525 -0.216149 -0.334337 -0.579308 0.427972 -0.000019 0.603874 -0.300410 -0.000033 0.598674 -0.201648 0.293436 0.358009
-0.179258 0.023452 0.000052 0.089470 0.000033 -0.000033 0.000303 0.013962 0.357624 -0.000051 0.353583 0.000008 0.125354 -0.003800 0.054628 -0.000109 -0.039948 0.465618 0.148454 0.400939 0.305693 -0.000142 0.063669 -0.169579 -0.000077 0.301354 -0.208684 0.146972 -0.081415
-0.021111 0.124556 -0.000044 -0.046399 -0.000068 -0.000020 -0.000165 -0.146750 0.294832 -0.000019 0.249070 -0.000173 0.082593 -0.001979 0.164631 -0.000082 -0.034437 0.150014 -0.268145 -0.220964 0.507028 0.000006 0.865641 0.041844 0.000088 0.100524 -0.188393 -0.278910 0.098453
0.081738 0.079510 -0.000010 -0.275320 0.000115 0.000009 -0.000602 0.304946 0.000529 0.000045 0.003751 0.000076 0.216427 -0.001455 0.116866 -0.000023 0.135748 0.077130 0.022764 0.286858 0.223459 0.000143 -0.277112 0.360220 0.000141 0.138318 -0.107574 -0.212738 -0.171738
0.513047 0.076811 0.000020 -0.338792 -0.000068 -0.000155 -0.000398 -0.313182 0.014088 -0.000106 0.235384 0.000046 0.173241 -0.002315 0.112735 -0.000039 -0.402022 -0.033157 -0.129698 0.241106 -0.585678 -0.000041 -0.402120 0.236745 -0.000110 -0.169582 0.158523 0.050359 0.047592
0.049397 0.055390 -0.000003 -0.066019 -0.000009 -0.000086 -0.000398 0.249375 -0.149656 0.000327 0.223717 -0.000188 0.104624 -0.002936 0.075287 -0.000056 0.113726 -0.393821 0.273958 0.306138 0.514819 -0.000000 -0.125275 0.337710 0.000038 -0.059723 0.100302 0.128222 -0.355879
-0.493985 0.000037 0.000055 -0.224516 0.000016 0.000035 0.001440 0.213762 -0.143667 -0.000081 0.255263 -0.000105 -0.382339 -0.003327 0.000099 0.000049 0.393975 -0.695693 0.642703 -0.267303 0.171010 0.000054 0.244088 0.002952 0.000125 -0.108465 0.218831 0.246637 0.091536
-0.418046 0.178166 0.000044 -0.089276 -0.000064 -0.000074 -0.000066 -0.170918 -0.008955 0.000045 0.121639 0.000105 -0.058643 -0.004165 0.212138 -0.000067 -0.066809 0.349162 0.377419 0.389988 -0.207856 0.000024 -0.188853 0.255250 -0.000182 0.129045 0.019601 0.373022 0.109340
-0.389474 0.303587 0.000107 0.156918 0.000127 -0.000060 -0.000778 -0.142409 0.052535 0.000181 -0.449117 0.000058 -0.303351 -0.004550 0.355999 0.000076 -0.036120 -0.333912 0.201821 -0.554873 -0.253566 -0.000055 0.108013 -0.369960 0.000050 0.326640 0.114755 -0.111169 0.300585
0.042884 0.207880 0.000075 0.305680 0.000077 0.000023 -0.000546 0.185966 0.290676 0.000185 0.020149 -0.000026 -0.102740 -0.005513 0.253065 0.000039 0.255046 -0.376271 -0.143346 -0.564561 -0.041407 0.000058 -0.175121 -0.019478 0.000017 0.186941 0.113727 -0.318290 -0.369554
0.073805 0.217686 -0.000050 0.022610 0.000083 -0.000072 -0.000402 0.389714 0.055096 -0.000085 -0.437889 0.000202 -0.091094 -0.006327 0.261023 0.000086 0.341420 0.231695 -0.269387 -0.098509 -0.284538 0.000081 0.115203 0.061588 -0.000021 -0.206273 -0.649013 0.060299 0.145520
0.011548 0.107125 0.000065 0.261904 0.000026 0.000057 -0.000501 0.292951 0.328165 -0.000126 0.213448 -0.000117 0.399695 -0.004937 0.129260 -0.000120 -0.081525 0.133082 -0.427954 0.420995 -0.534689 0.000037 -0.224426 -0.211563 -0.000055 0.170358 -0.010621 0.053275 0.570272
-0.342043 0.080348 0.000024 -0.348441 -0.000072 0.000058 0.000924 0.656571 0.244894 0.000064 0.101337 0.000052 -0.231599 -0.002882 0.101179 0.000035 -0.205707 -0.157798 0.095585 0.209686 -0.108949 0.000105 0.122252 0.580073 0.000084 0.067922 -0.008508 0.041269 -0.212613
0.540687 0.071370 0.000014 -0.059238 0.000149 0.000030 0.001254 -0.027029 -0.096628 0.000169 0.003880 -0.000005 0.198634 -0.002354 0.094472 -0.000067 0.125609 -0.326414 -0.428841 0.151315 -0.193611 -0.000016 -0.386090 0.124803 -0.000089 -0.292508 0.014239 0.015297 0.006765
-0.059578 -0.016183 -0.000037 0.124082 0.000130 0.000201 0.001224 -0.518214 0.081214 0.000057 -0.166850 -0.000077 0.512915 -0.002727 -0.028117 -0.000037 -0.094448 -0.155021 -0.000143 0.413793 0.098561 -0.000065 0.421385 0.328242 0.000120 0.032788 -0.105391 0.249553 0.263377
0.074610 0.082796 -0.000023 0.485885 -0.000092 0.000217 -0.000409 -0.571555 0.097288 -0.000184 -0.177377 0.000050 -0.083073 -0.000751 0.104695 0.000078 -0.301732 -0.289997 -0.094586 0.613593 0.417343 0.000070 0.284967 -0.328166 0.000112 0.183676 0.213140 0.385943 0.472771
-0.033313 -0.068526 -0.000010 0.025034 -0.000026 0.000094 -0.000269 0.043843 0.277466 0.000183 -0.013844 0.000065 0.073482 -0.001144 -0.081677 0.000002 -0.295950 -0.204575 -0.319371 0.359837 0.482720 0.000072 0.462234 -0.021761 -0.000056 0.169842 0.129771 0.868959 -0.740079
0.407273 -0.059544 0.000055 0.093513 -0.000110 0.000171 -0.000166 0.083279 0.282984 -0.000119 0.097764 -0.000254 -0.285128 -0.002680 -0.095689 -0.000019 -0.634790 0.460534 -0.349435 0.554863 -0.076762 -0.000207 -0.211778 0.258488 -0.000330 0.200142 0.751713 0.164977 -0.316660
0.192689 -0.027579 -0.000089 -0.351051 0.000032 0.000058 -0.000314 0.173044 0.426257 -0.000001 -0.040582 -0.000047 -0.786698 -0.004046 -0.033173 -0.000043 -0.432658 0.026575 -0.192215 0.125473 0.200068 0.000088 -0.357086 0.075967 -0.000024 0.071210 -0.263363 0.009852 0.422768
0.222539 0.036223 0.000024 -0.417817 -0.000012 0.000137 -0.000258 0.322822 0.222350 0.000377 -0.119483 0.000039 0.265998 -0.002924 0.058135 -0.000036 0.243967 -0.490373 0.351849 0.149780 0.528196 -0.000062 0.113536 -0.069000 -0.000044 -0.252367 -0.244672 -0.759081 -0.251459
-0.062088 -0.037487 -0.000114 -0.180824 0.000117 -0.000154 -0.001104 0.552587 -0.318356 0.000197 0.330738 -0.000047 0.439656 -0.000907 -0.042508 0.000042 0.468047 -0.126010 0.188277 0.270820 0.110645 -0.000018 0.115222 -0.281055 -0.000002 0.479700 0.168895 -0.349236 -0.223517
-0.206497 0.002749 -0.000059 0.035460 0.000072 0.000271 0.000046 -0.191925 0.120280 -0.000055 0.026869 0.000002 0.123599 -0.000778 0.003492 -0.000073 0.377960 0.165346 -0.117994 0.395506 -0.025061 0.000004 0.263098 0.347989 -0.000030 -0.039938 0.183971 -0.061190 -0.651499
0.188882 0.075055 0.000020 0.088275 -0.000005 0.000139 -0.000446 0.208687 -0.428250 -0.000212 -0.096170 -0.000005 0.506610 -0.001412 0.093787 -0.000028 0.092894 -0.353581 0.050743 -0.182906 0.311094 0.000123 0.056113 -0.131672 0.000126 -0.089220 0.096349 0.236012 -0.132218
-0.005556 0.121919 0.000037 -0.001895 -0.000027 -0.000215 -0.000312 -0.202057 0.246344 0.000061 0.211357 0.000032 0.215293 -0.000025 0.166889 0.000141 -0.125047 -0.028429 -0.423746 0.039637 0.114986 -0.000030 -0.083907 0.139489 -0.000043 0.091508 0.317376 0.013787 0.159918
0.063087 0.053218 -0.000030 -0.015812 -0.000162 -0.000095 -0.000284 -0.006876 0.200054 0.000108 0.563635 0.000103 -0.495670 -0.000345 0.068474 -0.000082 -0.064866 -0.407140 -0.596042 -0.474518 -0.015192 0.000094 -0.065112 -0.149168 0.000037 0.383408 0.383361 0.146275 0.360721
-0.577435 0.047340 0.000082 0.130788 0.000006 0.000043 0.000075 0.413019 0.097273 0.000054 0.131806 -0.000009 -0.524976 -0.000391 0.058924 -0.000022 0.293176 0.360168 0.077962 0.345278 -0.250739 0.000079 -0.191291 -0.000606 0.000058 0.248855 0.084015 -0.043499 0.276501
0.187212 -0.018210 -0.000007 0.310750 0.000252 0.000056 0.000720 -0.333309 -0.065215 -0.000144 -0.297154 0.000024 -0.360764 -0.000410 -0.025518 0.000072 0.147676 -0.065415 -0.124315 -0.492212 0.212761 -0.000091 0.228419 -0.836498 -0.000040 0.304137 0.239976 -0.230779 0.408680
-0.121692 -0.004828 0.000111 0.603565 -0.000014 -0.000009 -0.000159 0.135380 -0.189022 -0.000106 -0.433968 0.000066 0.192778 -0.001964 -0.004688 0.000043 0.060886 -0.101170 0.084914 0.268011 -0.153227 0.000053 0.286491 -0.020382 -0.000038 -0.002444 0.356832 -0.512175 -0.095665
0.378454 0.131056 -0.000027 0.493509 0.000024 0.000139 -0.000457 0.131163 -0.362830 0.000075 -0.092055 -0.000053 0.357672 -0.000224 0.161694 0.000037 -0.083544 -0.441282 -0.193329 -0.200381 0.019020 -0.000028 -0.209387 0.319455 0.000135 0.015752 -0.431145 -0.609148 -0.215519
-0.053143 0.195425 0.000051 -0.213567 0.000054 -0.000307 -0.000760 0.786662 0.161486 -0.000064 -0.306189 0.000142 0.153985 -0.000573 0.229675 0.000089 -0.225644 -0.398550 -0.599632 -0.450730 0.247946 0.000063 -0.041193 0.614914 -0.000051 -0.005441 -0.327920 0.067916 -0.352722
-0.288253 0.182647 -0.000023 -0.088149 -0.000003 0.000052 -0.000590 0.085277 0.168704 -0.000085 0.139780 0.000085 0.030957 -0.001656 0.222491 0.000067 0.181718 0.013283 -0.236759 -0.452229 -0.526377 0.000039 0.160278 0.379742 -0.000067 0.259770 0.029702 0.151739 0.027901
0.181336 0.286267 -0.000016 0.093713 0.000002 0.000026 -0.000299 -0.262444 -0.037873 -0.000255 -0.355789 0.000053 -0.490616 -0.000881 0.342080 -0.000061 -0.403683 0.152293 -0.001320 -0.152593 -0.756915 -0.000031 -0.182243 0.486166 -0.000003 -0.429956 0.262152 0.125112 0.551749
-0.184219 0.186263 0.000069 0.175630 0.000023 -0.000152 -0.000634 -0.613841 -0.111398 0.000069 -0.133615 -0.000022 -0.330853 0.001061 0.227340 -0.000090 -0.249829 0.112446 -0.028191 -0.689355 -0.366494 0.000013 0.216120 -0.289087 -0.000159 0.393698 0.304146 0.543650 -0.290004
0.745189 0.042318 -0.000007 0.126356 -0.000027 -0.000019 -0.000660 -0.008575 0.351202 -0.000129 -0.413565 0.000041 0.013201 -0.000422 0.069609 0.000044 -0.553084 0.009433 -0.395419 0.153513 0.248280 0.000028 -0.034670 -0.220812 -0.000017 -0.000144 0.324768 -0.230906 0.154142
-0.027755 0.042604 -0.000082 0.186554 0.000106 -0.000110 -0.000090 0.310176 0.191597 0.000105 -0.108555 -0.000211 0.163825 -0.001042 0.057831 0.000057 0.446232 -0.071835 -0.066023 -0.014000 0.528808 -0.000100 0.379912 -0.815249 -0.000147 0.214043 -0.285980 -0.203385 -0.105117
0.011188 0.003219 -0.000095 -0.560019 -0.000130 0.000044 -0.000679 -0.187280 0.390017 0.000181 0.086426 -0.000098 0.051989 -0.002547 0.025457 -0.000031 0.395371 0.292012 -0.386017 -0.139996 0.563871 0.000091 0.176658 -0.236292 -0.000043 -0.372861 -0.209696 -0.525207 0.478562
0.576932 0.072663 0.000003 -0.153495 0.000051 -0.000044 0.000447 0.079286 -0.108615 0.000042 0.153445 0.000144 0.232549 -0.002771 0.105994 -0.000024 0.094145 -0.572351 -0.027019 -0.563145 0.184583 -0.000027 -0.010584 0.386667 -0.000162 -0.300065 -0.202941 -0.109016 -0.437586
-0.143516 0.197548 0.000015 -0.132684 0.000114 0.000026 0.000349 -0.342916 0.016517 0.000083 -0.230354 0.000119 0.717588 -0.004032 0.252513 0.000038 -0.009366 0.108378 -0.215594 -0.257397 0.186792 -0.000051 -0.165570 0.469950 -0.000129 -0.341178 -0.204342 -0.125905 -0.129273
-0.020442 0.259705 0.000052 -0.220692 -0.000016 0.000040 -0.000516 -0.031878 -0.063603 0.000015 -0.428681 0.000061 0.042753 -0.003599 0.309860 -0.000070 -0.216663 -0.390830 -0.075578 -0.028623 0.086927 -0.000002 -0.311862 0.117517 -0.000277 -0.164589 0.144721 0.377332 0.052155
0.040819 0.166197 -0.000226 -0.122956 0.000011 -0.000042 -0.000444 0.482110 -0.054449 -0.000080 -0.012254 0.000339 0.153359 -0.007499 0.201042 0.000022 -0.004646 -0.245264 0.637975 0.380282 -0.578305 -0.000024 0.209389 0.123386 0.000037 0.113511 0.470999 -0.689218 0.050883
0.431634 0.115644 -0.000108 0.008018 -0.000020 0.000046 -0.000332 0.053152 0.171900 -0.000187 0.109672 0.000062 -0.425595 -0.005631 0.147137 0.000014 -0.541237 -0.114278 0.311223 0.041725 0.159386 0.000033 0.021149 -0.074602 -0.000059 0.291526 0.038842 0.013742 0.269337
-0.200324 0.123968 -0.000105 0.730869 0.000033 -0.000150 0.001044 -0.001543 -0.035090 0.000145 -0.031480 0.000021 -0.064924 -0.004255 0.152404 0.000049 -0.063971 0.350839 0.301484 0.149130 -0.187840 0.000057 -0.012975 -0.549401 -0.000048 -0.155209 0.318217 0.096596 0.103099
-0.141826 0.140774 -0.000150 -0.315090 -0.000143 0.000303 -0.000331 -0.232075 0.008871 -0.000074 0.026479 -0.000053 0.119913 -0.000339 0.183482 0.000053 -0.232131 -0.039527 -0.289889 -0.079826 0.635747 -0.000095 0.023798 -0.623899 0.000064 0.265611 0.501702 -0.182724 0.657404
-0.132879 0.099838 -0.000016 0.014673 -0.000002 0.000043 -0.000577 0.298137 0.080600 -0.000094 0.174165 0.000058 0.136900 -0.000161 0.125411 0.000053 0.254559 -0.692385 0.191248 0.389769 0.241471 -0.000018 0.040622 -0.050302 0.000045 -0.059319 -0.075661 -0.131369 0.155197
0.029385 -0.138885 0.000088 0.070269 0.000049 0.000035 -0.000814 -0.095021 0.540507 0.000041 0.165907 0.000178 -0.121660 -0.000158 -0.158571 -0.000033 0.669155 0.122026 0.191113 0.615627 -0.074636 -0.000054 0.282198 0.016034 -0.000157 0.123369 -0.557653 -0.200862 0.032780
0.117065 -0.008108 0.000117 0.098371 -0.000032 0.000190 -0.000091 0.127364 -0.322600 0.000011 0.182640 0.000064 0.107866 0.000839 -0.021980 0.000142 0.681934 -0.047063 0.305689 0.388267 0.065875 -0.000047 -0.125078 -0.177667 0.000051 0.223283 -0.243049 -0.416130 -0.009382
-0.035991 -0.007078 0.000080 0.191136 0.000069 -0.000112 0.000158 0.004643 0.001000 -0.000012 -0.238755 0.000063 0.098079 -0.000228 -0.011715 -0.000270 -0.214251 -0.104466 -0.123111 -0.044822 0.271082 0.000071 0.229694 0.643885 0.000052 -0.226253 0.163794 0.300210 -0.422490
0.017861 0.104619 -0.000102 -0.519841 -0.000006 -0.000096 0.000058 0.016172 -0.181140 0.000025 0.032645 0.000267 0.569815 -0.000403 0.156750 0.000051 -0.630011 -0.185210 -0.364759 0.506449 0.290713 0.000036 -0.133093 -0.071327 -0.000128 0.519234 0.187759 0.273654 0.276612
0.043427 0.040813 0.000015 0.104842 -0.000007 -0.000104 0.000222 0.083569 -0.527328 -0.000190 0.579811 -0.000098 -0.412275 -0.000271 0.068869 0.000020 -0.595203 0.215456 0.014650 -0.184669 -0.243337 -0.000026 -0.108586 -0.484902 -0.000047 0.059785 0.509393 0.088587 0.718175
0.465934 0.231152 0.000007 -0.158096 -0.000143 0.000057 0.000605 -0.200719 0.688716 -0.000229 -0.374890 0.000154 0.108989 -0.002083 0.265171 0.000049 -0.035959 0.337453 0.056182 0.067540 0.160457 0.000029 0.332374 -0.186836 -0.000026 -0.116076 -0.117607 -0.227267 0.232253
-0.164084 0.200250 0.000028 0.067079 -0.000006 -0.000099 -0.000177 -0.188825 0.530877 -0.000171 0.333040 -0.000066 -0.162152 -0.001260 0.261701 -0.000179 -0.043956 -0.030437 0.083547 -0.415890 -0.118931 0.000040 0.441144 -0.192984 -0.000039 0.084670 0.422247 0.337428 -0.110422
-0.481915 0.019336 0.000012 0.036974 -0.000137 0.000171 0.000438 -0.109787 -0.076820 0.000031 0.069750 -0.000110 -0.065334 0.001000 0.027994 -0.000196 0.311929 -0.073375 0.076575 -0.050345 0.297388 0.000080 -0.206921 0.256055 0.000083 -0.252270 0.235818 0.145662 -0.526708
-0.107536 -0.002186 0.000062 0.224047 -0.000123 -0.000045 -0.000963 0.284413 0.401961 -0.000129 0.120266 -0.000020 0.384826 -0.000295 -0.000416 0.000014 0.332966 -0.315467 -0.082951 0.499731 -0.003006 0.000039 0.323059 0.326358 -0.000056 -0.111214 0.316698 0.185762 -0.421220
0.421786 -0.001766 0.000028 0.086301 0.000043 0.000310 -0.000697 -0.148102 0.149861 0.000188 -0.118425 -0.000022 -0.069601 0.000455 -0.001832 -0.000008 0.690433 0.038233 -0.337289 0.163342 -0.057621 0.000071 0.194763 0.211180 -0.000050 -0.398066 -0.190656 -0.097349 -0.095070
-0.174247 0.027728 0.000035 0.069737 -0.000098 0.000034 -0.000244 0.068588 0.309243 0.000111 0.047349 0.000085 -0.359859 -0.002204 0.028959 -0.000059 0.253471 0.081142 0.176473 -0.169701 0.151143 -0.000131 0.080651 -0.484077 -0.000045 0.610724 0.089495 -0.284437 0.019061
-0.196017 0.007021 0.000037 -0.029517 -0.000068 -0.000063 0.000435 0.152623 -0.069542 0.000061 0.239541 0.000159 -0.353974 -0.003187 0.017558 0.000094 -0.390912 0.214409 0.394750 -0.565036 -0.509360 -0.000072 0.349475 -0.206623 -0.000280 0.430588 -0.138189 0.061733 0.545734
0.718566 0.019753 -0.000127 -0.244845 -0.000094 -0.000050 -0.000073 0.279439 -0.071176 -0.000007 0.097289 0.000056 0.489955 -0.003956 0.033403 0.000024 -0.509259 -0.209180 0.265403 -0.238246 -0.103826 0.000041 0.277045 -0.152404 0.000095 -0.078751 -0.474059 -0.120799 -0.270355
-0.248522 0.080303 -0.000005 0.085341 -0.000042 -0.000040 -0.000593 0.341729 -0.232582 -0.000150 0.456782 0.000057 0.230571 -0.000793 0.127956 -0.000078 0.115662 -0.089328 0.367191 0.183199 0.457527 0.000215 0.013213 -0.111888 -0.000039 -0.156788 -0.148522 -0.046532 0.235411
0.306770 0.134963 0.000022 -0.186394 -0.000113 0.000071 -0.000471 -0.059057 0.138030 -0.000155 -0.325367 0.000055 0.031702 -0.000075 0.191318 0.000082 0.120021 -0.108580 -0.177269 0.159507 0.154455 -0.000043 0.614860 -0.357296 0.000034 0.057665 0.311279 -0.297904 0.531346
-0.163621 0.110814 -0.000050 0.014163 0.000046 -0.000002 -0.000786 -0.051494 -0.363628 0.000049 -0.006324 -0.000133 -0.245481 0.000619 0.163310 0.000010 -0.258983 -0.243029 0.207109 0.084191 -0.037709 -0.000044 0.122039 0.240430 0.000006 -0.004335 0.185183 0.142328 0.292713
-0.100279 -0.002513 -0.000026 0.280928 0.000026 -0.000066 -0.000761 -0.131206 -0.022338 -0.000010 0.029106 -0.000089 -0.136837 0.002506 -0.003946 0.000196 -0.060701 0.236056 0.009365 -0.087826 0.336641 0.000018 -0.429199 -0.340788 0.000043 -0.359592 0.168574 0.009491 0.123198
-0.000628 -0.002086 0.000018 0.351606 0.000076 0.000210 -0.000220 -0.358744 -0.458770 0.000117 -0.362258 -0.000092 0.355555 0.004290 -0.004411 0.000156 -0.032330 -0.015214 0.307549 -0.105824 0.052527 0.000029 -0.574848 -0.210180 0.000030 -0.169363 -0.014539 -0.065719 -0.056950
-0.202364 0.089217 0.000080 0.270918 0.000044 0.000035 -0.000125 -0.200315 -0.345368 -0.000066 0.154576 -0.000142 -0.397307 0.002953 0.105357 0.000102 -0.024353 0.660236 0.146904 -0.512374 0.393958 -0.000077 -0.551050 0.139537 -0.000082 -0.450812 0.250926 0.126780 -0.228452
-0.276154 0.149146 0.000029 0.460388 0.000015 0.000076 -0.000404 -0.001409 -0.274709 -0.000114 -0.172509 0.000127 -0.352106 0.001056 0.172591 0.000005 -0.026000 -0.028450 0.182810 0.180449 -0.075242 -0.000105 -0.073899 0.154385 -0.000156 0.092407 0.213144 -0.030526 -0.387010
-0.157869 0.049155 -0.000035 0.433861 -0.000068 0.000031 -0.000008 0.332277 0.033653 -0.000012 0.324870 -0.000040 0.237073 -0.000406 0.066241 0.000115 -0.654463 -0.319661 0.069897 -0.025592 -0.357166 -0.000061 0.137712 0.505785 0.000073 0.590291 0.000166 -0.314003 -0.131554
-0.182355 0.156599 0.000079 0.003784 0.000038 -0.000045 -0.000609 -0.170317 -0.495109 -0.000005 -0.400124 -0.000080 0.299869 -0.001126 0.215746 -0.000027 0.003854 -0.097869 0.188150 -0.092730 0.302513 0.000096 -0.916846 -0.260599 -0.000086 0.339722 -0.082354 -0.374034 0.013563
-0.444792 0.061203 0.000050 0.008344 -0.000081 0.000034 0.000090 -0.528244 0.117662 0.000102 0.064547 -0.000004 -0.347366 -0.002553 0.094225 0.000075 0.450645 -0.160047 0.104198 -0.169524 -0.335560 0.000059 0.112468 -0.133964 -0.000017 0.014483 0.141572 0.395141 0.257436
-0.018177 0.088664 -0.000055 -0.315255 -0.000163 -0.000170 -0.000637 -0.280057 0.312706 0.000218 -0.340313 -0.000074 0.227591 -0.004014 0.133394 -0.000123 -0.098399 -0.058847 -0.155157 0.163107 0.172112 0.000063 -0.882326 -0.470168 0.000086 0.015000 0.273807 -0.055494 0.121090
0.250574 0.036092 0.000051 -0.030347 0.000026 0.000012 -0.000038 0.638609 -0.311383 -0.000029 0.189616 -0.000019 0.219651 -0.003100 0.045264 -0.000113 -0.051211 -0.133831 0.077507 0.028130 -0.247576 0.000072 -0.476663 -0.329233 -0.000082 0.083754 0.185449 0.417406 -0.047790
0.315972 0.176383 0.000110 0.144170 0.000061 -0.000070 -0.000468 -0.215297 -0.219772 -0.000083 -0.069643 -0.000144 -0.132526 -0.002754 0.215331 0.000006 -0.215667 0.127692 0.283483 -0.526954 -0.439307 0.000094 -0.218689 -0.034661 -0.000013 0.019620 -0.234980 0.026967 -0.119025
0.303397 0.049749 -0.000045 -0.024128 0.000031 0.000183 -0.000123 -0.158466 0.267107 0.000189 -0.073373 -0.000199 -0.097746 -0.002142 0.078826 0.000086 0.076522 0.099498 0.233089 0.183987 -0.280782 0.000108 -0.330079 -0.133272 -0.000042 -0.238044 0.324102 0.396805 -0.779629
0.059003 0.088335 -0.000034 -0.035496 -0.000021 -0.000103 -0.000435 0.091351 0.107385 0.000104 0.333274 0.000058 -0.073213 -0.000608 0.141386 0.000029 0.353099 -0.100261 -0.124853 -0.262863 0.202711 -0.000070 -0.401836 -0.052263 0.000040 -0.085834 -0.001161 -0.346650 0.132909
-0.099346 -0.001161 -0.000025 0.250821 0.000031 0.000089 -0.000557 -0.118426 -0.218153 0.000232 0.255727 -0.000008 -0.036928 0.000021 0.009944 0.000001 0.161716 0.106803 -0.254995 0.064807 0.544660 -0.000032 0.010188 0.148551 -0.000011 -0.011504 0.198721 -0.204888 0.148257
-0.035225 0.059822 0.000066 -0.360807 0.000005 0.000012 -0.000243 0.013727 0.160491 -0.000267 -0.083836 0.000008 -0.328299 -0.000662 0.110188 0.000079 0.360633 -0.445704 0.292807 -0.074171 0.094400 0.000014 -0.136049 -0.035507 0.000055 0.022383 0.070214 0.253721 -0.008692
-0.193241 0.033340 -0.000032 0.121498 0.000116 0.000302 -0.000508 -0.396844 -0.271197 0.000315 0.298285 -0.000038 0.040074 -0.001100 0.078293 -0.000059 0.169914 -0.223332 -0.218840 -0.145263 0.027243 -0.000021 -0.328296 -0.093976 -0.000068 -0.287588 0.390616 0.380627 0.545546
0.271811 -0.072440 0.000057 -0.035205 -0.000046 -0.000013 -0.000033 -0.111804 -0.247421 0.000067 0.030432 0.000010 0.077762 -0.001192 -0.083231 0.000202 -0.028749 0.174525 0.314030 -0.242257 0.163757 -0.000069 -0.111652 0.146019 -0.000018 -0.081211 0.094320 -0.192831 -0.061581
-0.365984 -0.077805 -0.000034 -0.150391 -0.000031 0.000196 -0.000159 -0.177797 -0.483029 -0.000060 -0.189327 -0.000147 -0.092442 -0.002258 -0.090624 0.000088 -0.590246 0.812544 0.167722 -0.110207 -0.265472 -0.000012 0.031763 -0.035965 0.000036 0.611137 -0.002663 0.273195 -0.581292
0.457837 -0.006560 -0.000047 -0.148351 0.000020 0.000042 -0.000325 0.272003 -0.429794 0.000013 0.113541 -0.000052 0.363766 -0.003118 -0.006524 -0.000174 -0.181572 -0.342398 0.290595 -0.253806 -0.197772 0.000021 0.027847 0.006772 0.000015 -0.242281 -0.149530 0.045929 -0.312168
0.496574 0.028046 -0.000022 -0.088803 0.000068 0.000035 -0.000484 0.444766 0.141416 -0.000038 0.027693 0.000003 -0.286843 -0.002048 0.048594 0.000101 -0.135158 0.155739 0.023182 -0.231884 0.232326 0.000151 0.423259 -0.343861 0.000014 0.022588 0.392407 0.137746 0.026522
-0.423241 0.020818 -0.000002 -0.015311 -0.000128 -0.000092 0.000317 -0.481467 0.200133 -0.000148 0.229028 0.000012 -0.383531 -0.005025 0.031965 0.000164 -0.157533 0.716030 -0.060946 -0.517151 0.107632 0.000025 0.436866 -0.029528 -0.000072 -0.330129 0.029110 0.330558 0.387121
-0.021365 -0.000805 0.000046 0.127452 0.000006 0.000141 -0.000014 0.107395 -0.186157 -0.000130 -0.072098 0.000003 0.241667 -0.004552 0.000654 0.000073 0.083800 -0.197774 -0.269007 0.061522 0.302294 -0.000053 -0.203347 -0.177830 0.000136 -0.350777 0.002073 0.112439 0.060207
-0.350390 -0.007997 -0.000008 0.000655 -0.000148 -0.000224 -0.000455 -0.284438 0.054085 0.000053 0.097188 0.000050 -0.023134 -0.003759 -0.008315 0.000057 0.218336 0.222946 0.330747 0.405933 0.413592 0.000189 -0.200610 0.124344 -0.000123 -0.097590 0.092818 -0.289836 0.173800
0.334382 0.056971 0.000102 0.122225 -0.000019 -0.000037 -0.000508 0.144266 0.125268 0.000114 -0.099483 0.000183 -0.062079 -0.003425 0.069213 0.000032 0.058324 0.139833 -0.074228 -0.690232 -0.004902 -0.000016 0.640506 -0.142056 -0.000085 -0.274183 -0.265416 -0.171514 0.302232
-0.162396 0.090239 -0.000028 0.256679 0.000274 -0.000008 0.000576 -0.124528 0.192051 -0.000106 -0.187261 0.000074 0.055914 -0.004378 0.114807 0.000143 -0.312097 -0.207601 0.063112 -0.251730 -0.083104 0.000031 0.015244 0.087951 0.000036 0.445514 -0.681472 0.010667 0.231298
-0.399918 0.052243 0.000058 0.000863 0.000001 -0.000028 -0.000383 0.249881 -0.108389 -0.000301 0.208651 -0.000101 -0.205344 -0.004734 0.053824 -0.000037 0.395059 0.055193 -0.466318 -0.244113 0.051106 0.000077 0.127609 -0.069299 0.000120 1.012042 0.199333 0.075776 -0.784366
-0.141097 0.034808 -0.000027 -0.003885 -0.000096 0.000038 -0.000348 0.023732 0.190789 -0.000034 -0.127978 -0.000030 -0.031679 -0.003088 0.052484 -0.000142 -0.177215 0.216891 0.079287 0.217752 -0.556160 -0.000002 0.042141 -0.084194 0.000035 0.010265 0.233235 0.259791 -0.283751
-0.086461 0.069477 0.000029 -0.043931 0.000067 0.000049 -0.000578 -0.041750 -0.461369 0.000002 -0.496094 -0.000118 0.126183 -0.002905 0.083197 0.000043 0.347530 0.216660 -0.211135 0.032443 0.079522 0.000043 0.177805 0.355520 -0.000083 -0.325775 0.216117 0.525265 -0.392414
0.438635 0.009568 0.000010 0.150738 -0.000120 -0.000070 -0.000541 0.605564 0.102656 0.000053 -0.202267 -0.000152 -0.442003 -0.003394 0.021809 -0.000070 -0.023401 -0.310926 -0.129949 0.309717 0.193863 0.000095 0.097776 0.239960 0.000047 -0.970050 -0.555794 -0.021118 0.592683
0.283141 -0.103335 0.000028 0.242894 0.000119 -0.000001 0.000439 -0.100397 0.429079 -0.000067 0.020821 0.000152 -0.024824 -0.003243 -0.126808 -0.000048 0.269928 -0.097243 -0.245451 0.288865 -0.273082 0.000062 0.123731 -0.207553 -0.000080 -0.355249 0.455150 -0.172616 0.685515
-0.084388 -0.115775 -0.000021 0.089523 0.000114 -0.000192 -0.000851 -0.069732 -0.174054 0.000070 0.321631 -0.000009 0.147879 -0.001546 -0.141260 -0.000030 -0.411456 0.060078 0.508584 -0.042026 0.172773 -0.000008 0.211290 0.060262 -0.000082 -0.067781 0.267883 -0.236335 0.409981
-0.469076 -0.010891 0.000018 0.152772 -0.000073 0.000139 -0.000371 -0.163688 0.304548 -0.000201 -0.494862 -0.000385 -0.085558 -0.002800 -0.002993 0.000012 0.281554 -0.024529 0.314488 -0.293960 -0.444739 0.000006 -0.196131 -0.101716 -0.000157 0.161308 -0.308108 -0.250586 -0.174968
0.184628 0.072328 0.000038 0.050188 0.000043 -0.000026 -0.000670 -0.104546 -0.446123 -0.000154 -0.440846 -0.000058 0.240118 -0.002313 0.107757 -0.000160 0.267652 0.157853 -0.685253 0.079512 0.058406 0.000016 0.183905 -0.075426 0.000122 0.355160 -0.262759 0.496802 -0.021625
0.331443 0.280196 -0.000022 0.041773 -0.000176 -0.000162 -0.000516 -0.371539 -0.866239 0.000060 -0.452012 0.000019 0.405620 -0.003441 0.365591 -0.000011 0.135720 -0.555414 -0.522922 0.489544 0.549598 -0.000003 0.595590 -0.056591 -0.000018 0.405624 0.128776 -0.310734 -0.206964
0.452404 0.152079 -0.000033 -0.042308 0.000118 0.000005 -0.000498 0.059843 -0.050027 0.000230 -0.329589 -0.000076 0.305381 -0.002551 0.175222 -0.000087 -0.446460 0.273318 -0.457699 0.060064 -0.265543 0.000078 -0.555469 0.044071 0.000004 0.417145 0.139017 0.150078 -0.702547
0.565477 0.314893 0.000055 -0.570320 0.000075 0.000078 -0.000449 0.252701 0.329677 0.000077 -0.220629 -0.000081 -0.213137 -0.003472 0.375683 -0.000059 0.185686 0.764817 -0.118276 0.239511 0.219159 -0.000079 -0.293573 0.329497 0.000045 -0.548748 -0.101636 -0.114414 0.135276
-0.342428 0.217645 -0.000020 -0.276827 0.000019 0.000008 -0.000263 0.363321 -0.011630 0.000146 -0.264732 -0.000090 -0.667995 -0.002076 0.254798 0.000051 -0.259790 0.140627 0.147771 -0.282568 0.180623 0.000025 -0.656833 0.016954 -0.000197 -0.226903 0.079820 -0.138053 0.055305
-0.298898 0.051856 0.000024 0.033475 0.000040 0.000074 0.000089 0.211039 -0.077751 0.000000 -0.384981 0.000021 0.210090 -0.002239 0.071986 0.000061 -0.383990 0.080341 0.123565 0.012680 -0.234100 0.000225 -0.075120 -0.178619 -0.000078 0.469456 -0.003080 -0.043059 0.169098
-0.408711 -0.031636 0.000089 0.035118 0.000049 0.000063 -0.000474 -0.034569 -0.287291 -0.000226 -0.568823 -0.000020 0.235644 -0.001299 -0.038617 -0.000028 -0.581875 0.381798 0.288245 0.062046 -0.143323 0.000226 -0.161776 0.433820 -0.000152 -0.342031 -0.024386 0.198558 0.172127
-1.063804 0.155143 0.000032 -0.097184 0.000211 0.000104 -0.000413 -0.548725 0.468273 -0.000369 -0.372532 -0.000080 0.246246 -0.000577 0.188392 -0.000202 -0.008574 -0.086447 -0.028886 0.336485 0.016044 0.000007 -0.197884 0.054094 -0.000271 0.348248 0.037811 0.137871 -0.114535
-0.115961 0.068980 -0.000086 0.031564 0.000062 0.000022 -0.000439 0.246837 0.042210 -0.000136 -0.070574 0.000061 0.134457 0.000864 0.131459 -0.000041 -0.095850 -0.133109 -0.173653 0.027441 0.238210 -0.000038 -0.139767 -0.145876 0.000103 0.121553 -0.226167 0.001430 -0.272724
0.052916 0.066296 -0.000073 0.156876 0.000005 0.000021 -0.000417 -0.370309 0.218851 -0.000082 0.583407 -0.000091 0.195339 0.002977 0.107515 -0.000009 -0.185972 0.454953 -0.094237 0.117927 -0.246375 0.000106 -0.398984 -0.127992 0.000203 0.217327 -0.183630 0.373230 -0.070444
-0.038222 0.184952 0.000006 0.287264 0.000110 -0.000082 -0.000803 -0.133561 -0.155826 0.000034 0.428234 0.000044 0.183246 -0.000241 0.217090 0.000016 0.501334 0.158977 0.119679 0.304006 0.224030 -0.000217 0.241007 0.240049 -0.000070 -0.078678 -0.134538 -0.076995 -0.165946
0.146187 0.111303 -0.000003 0.065837 0.000098 -0.000130 -0.000230 -0.218518 0.291131 -0.000179 -0.105238 -0.000125 -0.063744 -0.002158 0.147516 0.000016 0.505698 0.037432 -0.140856 0.289396 0.045263 0.000145 -0.042598 -0.351463 -0.000008 0.177344 0.342996 0.055754 0.120651
0.111004 0.180272 -0.000007 0.591117 -0.000054 -0.000207 -0.000665 0.299568 -0.029602 -0.000005 0.323790 -0.000126 -0.207044 -0.005639 0.209973 0.000046 0.397099 0.298537 -0.228629 0.058530 -0.250243 -0.000025 -0.606643 0.029153 0.000010 -0.199696 -0.145966 -0.127084 -0.039466
0.167056 0.097572 -0.000044 -0.217391 0.000034 -0.000015 -0.000490 0.309487 -0.116979 0.000078 0.027226 -0.000065 -0.092956 -0.007071 0.114165 0.000057 0.155154 0.128450 -0.018365 0.313211 -0.325381 0.000130 -0.120911 -0.288562 -0.000022 -0.065049 0.071096 -0.254164 0.013042
0.193629 0.072390 -0.000055 0.296671 -0.000019 -0.000009 -0.000581 -0.034292 -0.484989 -0.000169 0.328870 -0.000006 -0.368612 -0.006604 0.112168 0.000001 -0.012893 -0.035995 0.042123 0.256387 -0.235252 0.000027 -0.145376 0.315271 0.000045 0.494325 0.016314 0.252994 0.240938
-0.727674 0.227248 -0.000021 -0.425796 0.000097 -0.000209 0.000472 -0.217535 -0.347353 0.000175 -0.143658 -0.000051 0.216221 -0.004832 0.294966 -0.000185 -0.045444 0.050703 -0.106331 -0.123328 -0.204372 0.000063 -0.465781 -0.120507 0.000030 -0.081708 0.633337 0.189415 -0.086345
0.099471 0.246727 0.000071 -0.312223 0.000047 0.000010 -0.000318 -0.175092 -0.128966 -0.000192 0.390752 0.000162 0.668082 -0.006167 0.318760 -0.000127 -0.406111 -0.064059 -0.029795 -0.002315 0.269388 0.000025 -0.411406 0.115163 0.000054 -0.212914 0.174360 0.623428 0.004915
-0.198872 0.120035 -0.000056 0.074637 -0.000107 -0.000155 -0.000624 0.194351 0.491656 0.000122 0.039619 0.000078 -0.177371 -0.005052 0.159008 0.000316 -0.279378 -0.190764 -0.144225 -0.431351 -0.316229 0.000025 -0.095684 -0.090628 -0.000014 0.052771 0.203763 0.148034 0.221709
0.112247 0.253015 -0.000048 -0.531522 0.000099 0.000029 -0.000371 -0.288027 0.347459 -0.000171 -0.164683 0.000076 -0.139161 -0.001192 0.317613 0.000019 0.252400 0.466209 0.004555 0.329730 0.769942 -0.000029 -0.261827 0.200210 -0.000007 -0.022287 -0.131519 -0.085320 -0.503403
-0.198566 0.161514 0.000017 -0.347748 -0.000061 -0.000028 -0.000602 -0.007525 0.267407 -0.000107 0.297544 -0.000203 0.106895 -0.002351 0.203142 -0.000073 0.122666 -0.062274 -0.048790 -0.271376 0.307676 -0.000009 0.336110 -0.299095 -0.000138 0.059761 -0.037384 -0.254721 0.276627
0.207473 0.174020 0.000050 -0.454181 -0.000012 0.000158 -0.000275 0.042679 -0.243565 -0.000052 -0.133979 0.000018 -0.225829 -0.000910 0.214593 -0.000078 0.031121 0.632443 0.158518 0.267257 0.079489 -0.000043 -0.073751 -0.093259 0.000019 -0.009863 -0.221687 -0.016263 0.055733
-0.440275 0.103552 0.000026 -0.051909 0.000006 0.000031 0.000732 -0.266747 -0.478555 0.000082 0.250377 0.000197 0.191041 -0.000514 0.113567 0.000040 0.064943 0.145525 0.137020 -0.777099 0.222702 -0.000022 -0.268685 0.304212 -0.000078 -0.134344 0.143887 -0.230306 0.192800
0.343273 0.187480 0.000035 -0.502930 0.000282 0.000045 -0.000323 0.019441 -0.349510 0.000069 0.094314 -0.000141 -0.204418 -0.001904 0.251550 -0.000046 -0.125192 0.125959 0.600938 -0.649124 -0.347744 -0.000085 0.014563 0.373128 -0.000155 0.161323 -0.181394 -0.123740 -0.048484
0.438855 0.298840 0.000047 0.010538 0.000003 0.000013 0.000927 -0.066106 0.108388 0.000044 0.473367 -0.000195 0.484995 -0.000673 0.353584 0.000038 -0.357761 -0.207978 0.278728 0.041611 -0.368475 0.000056 0.158947 0.124007 -0.000202 0.185029 0.380653 -0.075627 0.094873
-0.330182 0.109119 -0.000005 0.077941 0.000288 -0.000053 -0.000501 0.214314 -0.034510 0.000075 0.497300 -0.000261 0.595729 -0.001031 0.137325 0.000121 0.281270 0.012261 -0.109503 0.138533 -0.435745 -0.000067 0.163646 -0.169354 0.000043 -0.053434 0.474670 0.573881 -0.107035
-0.106134 0.236569 0.000044 0.278419 0.000040 -0.000114 -0.000451 0.243626 -0.234519 -0.000048 -0.073374 -0.000105 0.453301 -0.003125 0.279386 -0.000082 0.108914 -0.059644 0.433088 -0.111235 0.259558 -0.000057 -0.201847 -0.036370 0.000023 -0.415177 -0.100651 -0.080375 -0.502711
-0.345737 0.144010 -0.000087 0.183008 0.000016 0.000043 -0.000363 0.053514 -0.289735 0.000193 0.225715 0.000103 -0.235710 -0.002939 0.183580 -0.000079 -0.016304 1.030327 0.092323 0.350740 0.246688 0.000115 -0.394673 -0.117960 -0.000052 0.160796 -0.346351 0.180762 -0.030202
0.130535 0.069528 0.000094 0.153679 -0.000102 -0.000033 -0.000239 0.009313 0.115701 0.000008 0.126181 -0.000019 -0.730807 -0.004083 0.082603 -0.000002 0.394718 0.620875 0.070108 -0.350211 0.272277 -0.000089 0.376166 -0.245563 -0.000011 -0.296267 -0.247364 -0.224592 -0.299820
0.349301 0.226259 0.000024 0.389729 0.000009 0.000158 -0.000425 -0.405989 0.378029 -0.000045 -0.029181 0.000048 -0.215106 -0.001372 0.262005 0.000038 -0.277082 0.014678 -0.031072 -0.227825 -0.077054 0.000059 0.376137 0.206705 -0.000124 -0.082988 0.333683 -0.021472 0.386314
-0.018462 0.200813 -0.000004 -0.237799 -0.000115 -0.000022 -0.000522 0.115923 0.290747 0.000047 -0.397923 -0.000207 0.071067 -0.001511 0.228485 -0.000012 0.081379 0.056322 0.346047 -0.260666 -0.261906 0.000194 0.150971 -0.123538 -0.000028 0.012319 -0.118806 0.052772 0.088407
0.248532 0.075668 0.000046 -0.208336 0.000103 -0.000046 -0.000510 -0.574574 -0.124665 0.000200 -0.228401 0.000007 0.430120 -0.000772 0.103984 -0.000084 0.174116 -0.668111 0.237688 0.267456 0.054283 -0.000005 0.151895 0.169332 0.000038 0.185131 0.030659 0.202668 -0.123855
-0.239393 0.096292 0.000180 -0.169579 0.000004 -0.000009 0.000983 -0.206100 0.353474 0.000395 -0.030379 -0.000073 0.253074 -0.001028 0.151401 -0.000005 0.215984 0.219285 -0.005905 0.284095 -0.152860 0.000101 0.104959 -0.582246 0.000002 0.256903 -0.041015 -0.106864 0.161128
-0.407398 -0.004743 0.000104 0.497964 -0.000015 0.000144 0.001225 0.299337 0.265056 -0.000126 -0.243502 -0.000080 0.304030 -0.000588 -0.008185 -0.000007 -0.278895 -0.007171 0.056802 -0.166605 0.025743 -0.000030 0.560794 -0.231844 -0.000041 0.024449 0.249363 -0.026021 0.032995
-0.670236 -0.001050 -0.000080 0.143397 0.000139 -0.000235 -0.002095 0.106861 -0.283192 -0.000027 -0.133311 0.000089 0.191073 -0.000525 -0.001171 0.000089 -0.155565 0.156369 0.020218 -0.053718 0.177116 0.000041 0.081821 -0.177962 0.000114 -0.198328 -0.153146 -0.198321 0.313493
-0.498299 0.042823 0.000066 0.111967 0.000101 0.000070 0.000463 0.233292 0.095210 -0.000155 -0.110753 -0.000020 0.141086 0.000340 0.079554 0.000083 0.249328 0.529780 -0.511266 0.114381 0.143506 0.000081 0.054463 0.361321 -0.000162 -0.113204 -0.181259 0.064684 -0.498539
0.194150 0.066360 0.000082 0.030512 -0.000036 -0.000023 0.001443 0.242232 0.099388 -0.000041 -0.651389 -0.000036 -0.869907 -0.000450 0.103831 -0.000070 -0.159589 0.193185 0.081829 -0.434091 0.150749 0.000031 0.041127 0.100181 0.000077 -0.603759 -0.021589 -0.238867 0.111703
0.316795 0.113288 0.000055 0.072586 -0.000099 -0.000108 -0.000571 0.521495 -0.408159 -0.000054 -0.124401 -0.000104 -0.556805 -0.000283 0.151119 0.000094 0.240558 -0.203502 -0.006655 -0.170819 -0.150772 0.000053 0.054483 0.635537 -0.000032 -0.294509 0.543047 -0.225090 0.432515
0.211817 0.281172 -0.000035 -0.392567 0.000135 -0.000088 -0.000364 -0.067537 -0.385785 -0.000115 -0.255043 -0.000105 -0.567326 -0.001725 0.365920 -0.000054 0.372337 -0.079726 0.007827 -0.083379 0.332029 -0.000028 -0.036060 0.141631 -0.000030 0.073389 -0.541326 0.003970 0.366135
-0.231386 0.141559 0.000003 -0.034490 -0.000135 -0.000142 0.000640 -0.413515 -0.466209 0.000185 -0.072807 0.000105 0.268789 -0.003546 0.191177 -0.000065 -0.180747 0.338015 0.014714 -0.087958 0.022534 -0.000086 -0.093810 0.206931 -0.000036 0.573301 -0.237665 0.063765 0.212295
-0.488608 0.229980 0.000083 0.089009 0.000246 0.000037 0.000874 -0.268584 -0.281546 -0.000052 -0.328794 0.000158 0.333737 -0.002567 0.288556 -0.000028 0.242725 0.219634 -0.043421 -0.217834 -0.334942 -0.000006 -0.343434 -0.336999 0.000023 0.526135 -0.072560 -0.510659 -0.142611
0.637352 0.199738 0.000024 -0.143893 -0.000049 -0.000043 -0.000276 0.007393 0.256763 0.000160 0.137386 -0.000143 0.245724 -0.002948 0.233347 -0.000014 0.164409 0.008273 -0.025760 -0.459440 -0.519312 0.000121 -0.302079 0.313221 -0.000042 0.154298 -0.372981 -0.096114 -0.657060
0.007220 0.104490 -0.000033 -0.163841 0.000025 0.000008 -0.000606 -0.068746 0.444153 0.000109 -0.223880 0.000057 -0.129916 -0.005192 0.132413 0.000136 0.093305 0.257947 0.331986 0.020019 0.323193 0.000020 0.258028 -0.375444 -0.000055 0.081533 0.653792 -0.394640 -0.219357
-0.543113 0.071940 -0.000101 0.343138 0.000027 0.000044 -0.000042 0.480097 0.699711 -0.000251 0.055804 -0.000245 -0.453205 -0.001814 0.098992 -0.000089 -0.261676 0.219135 0.485548 0.210587 -0.119599 -0.000135 0.387035 0.279874 0.000075 -0.693282 0.122826 -0.120067 -0.266100
0.523765 0.008593 -0.000053 0.145581 0.000135 -0.000113 0.000539 0.197070 0.282867 -0.000083 0.035714 -0.000101 -0.016205 -0.002053 0.016663 -0.000067 -0.431221 -0.142931 0.393070 -0.040618 -0.715588 -0.000012 -0.205175 0.053052 -0.000063 -0.026770 0.260794 -0.282912 -0.408424
0.136355 0.013294 -0.000134 0.058699 0.000093 0.000085 -0.000516 -0.097967 0.022008 -0.000059 -0.404709 0.000083 0.226324 -0.001351 0.020343 0.000119 0.005178 -0.234754 0.121155 -0.204261 -0.335889 0.000034 -0.231625 0.401965 0.000039 -0.639466 -0.159620 -0.457524 0.565174
-0.306096 -0.003875 0.000079 0.445935 -0.000023 0.000108 -0.000715 -0.539633 -0.241225 0.000092 0.292226 -0.000019 0.291755 -0.001495 -0.003961 -0.000064 0.200977 -0.007588 0.202263 -0.142955 0.229582 -0.000148 -0.594275 0.049897 0.000085 -0.066668 -0.124453 -0.321044 0.387257
0.032366 -0.016803 0.000060 0.206693 -0.000088 0.000081 -0.000418 -0.234604 -0.317158 -0.000070 0.202610 -0.000184 0.028438 -0.001204 -0.032612 0.000040 -0.124917 -0.185546 -0.249352 -0.163886 -0.338254 -0.000044 -0.534844 0.374852 0.000061 0.319307 -0.111565 0.494796 0.022923
0.030796 0.022947 -0.000015 -0.016806 0.000059 0.000038 -0.000230 -0.144925 0.233762 -0.000080 0.377263 0.000026 0.347174 -0.001136 0.049187 -0.000127 0.376631 0.347641 -0.430038 -0.347786 -0.153616 0.000030 0.214706 -0.474509 -0.000045 0.321018 -0.042523 -0.425272 0.098590
-0.111096 0.006090 0.000103 0.181988 -0.000087 0.000005 -0.000227 -0.014316 -0.162987 0.000170 0.016046 0.000092 0.240376 -0.000794 0.008139 -0.000051 -0.235822 0.435120 0.074172 -0.270472 0.122700 0.000028 0.004529 0.027033 0.000046 0.166569 -0.234789 -0.498364 0.017325
-0.048479 -0.066047 0.000046 0.037252 0.000033 -0.000033 0.000334 -0.206728 -0.086681 -0.000048 -0.097420 0.000252 0.101390 -0.000544 -0.077783 -0.000077 0.395079 0.287188 0.196322 -0.366408 -0.139104 0.000111 -0.312051 0.089334 0.000111 -0.679509 -0.735713 0.264458 0.019897
