0.307094
-0.333200
-0.552583
-0.396235
0.244947
-0.415263
-0.238103
0.293560
-0.000722
-0.440662
-0.000098
0.000557
-0.003184
-0.001024
-0.348931
-0.001517
-0.019383
-0.005202
-0.001132
-0.001614
0.000276
0.118915
-0.003176
-0.224472
0.337379
-0.511703
-0.001884
-0.002475
-0.016562
0.003300
0.018662
-0.118756
0.268682
-0.351951
-0.001052
-0.000752
-0.577014
-0.142457
-0.303184
0.001513
-0.203718
-0.001139
0.214964
-0.001677
-0.032560
-0.335977
-0.010802
-0.003144
-0.001857
0.000149
0.002063
-0.137275
0.379417
-0.013636
0.000374
-0.012837
-0.006227
-0.000260
-0.382820
0.001112
-0.000999
-0.005419
-0.000537
0.004348
0.000010
-0.000081
-0.001783
0.001475
0.214428
-0.256998
0.266508
0.000103
-0.002085
-0.000307
-0.001249
-0.250773
-0.022623
0.289781
-0.402758
-0.527245
-0.178482
0.198653
-0.001502
-0.129279
-0.012910
-0.324679
-0.300282
-0.002508
-0.000799
0.248541
-0.250656
-0.003656
0.206901
0.330775
-0.002432
-0.005173
-0.001736
0.002166
-0.410305
0.000676
-0.122779
-0.010637
-0.000935
-0.001306
-0.004905
-0.002743
-0.000055
0.000293
-0.017041
-0.271363
-0.001159
-0.426639
-0.518263
-0.000081
-0.289815
-0.383496
0.001872
0.017663
0.001679
-0.454076
-0.014624
-0.375101
-0.000022
-0.305750
-0.004574
0.282035
0.000953
0.262830
-0.230207
-0.024511
-0.348416
0.003794
-0.001375
-0.001217
-0.002449
0.004151
-0.000899
0.196449
-0.243874
0.004730
0.003394
