-0.000444
-0.008884
0.077248
-0.256273
0.084415
-0.592452
0.000663
0.006212
-0.007012
-0.237394
0.226915
0.044587
0.005841
-0.163332
-0.001773
-0.001692
0.322357
-0.424755
-0.135568
-0.000925
-0.000671
0.004635
0.193683
-0.000902
0.003270
0.004639
0.002400
-0.241164
0.000110
0.011753
-0.008487
-0.009805
-0.082844
-0.006498
-0.000042
-0.324027
-0.299240
0.025192
0.269893
0.001512
0.001802
0.002134
0.002607
-0.003587
-0.004814
-0.004165
-0.148147
-0.001592
-0.000669
0.006383
0.024245
0.006132
0.001319
-0.363845
0.098570
-0.001455
0.004920
-0.294204
-0.332851
0.163580
-0.001311
-0.424929
0.003188
-0.000139
-0.001202
0.224478
0.247062
-0.001844
0.003216
-0.003417
0.000580
0.000012
0.142653
-0.266732
-0.000006
0.002389
-0.002081
0.245011
0.100562
-0.297271
0.324385
-0.001022
-0.113316
-0.001039
0.318355
-0.315180
0.004491
0.364070
-0.003778
0.267533
-0.000028
0.009479
0.005863
-0.000928
-0.286404
-0.001373
0.349176
-0.007359
-0.000558
-0.005270
0.002010
-0.100343
0.456165
-0.000024
0.004945
-0.001132
-0.478490
0.004247
0.000341
-0.071500
0.231508
-0.002591
-0.246818
-0.004438
-0.000758
-0.004318
-0.000046
-0.000974
-0.311625
-0.002025
0.001431
-0.001696
-0.407111
-0.359598
-0.199036
0.014903
-0.000157
-0.001082
-0.243608
-0.000085
0.177925
0.037380
0.003799
-0.084437
-0.201343
-0.001085
