-0.005097
-0.002144
-0.016473
0.008917
-0.016923
-0.001163
-0.002590
-0.002474
-0.001724
0.096683
-0.000904
-0.012932
-0.002900
-0.001813
-0.001382
-0.002392
-0.002221
-0.000827
0.147203
-0.003349
-0.007158
0.000602
0.000464
-0.000849
0.000226
-0.003752
-0.001856
-0.020681
-0.005607
-0.011807
-0.003271
-0.002062
-0.011516
-0.003226
-0.006086
-0.004356
-0.022971
-0.002232
-0.006265
-0.002849
0.000054
-0.005818
-0.002997
-0.000927
-0.024996
-0.001792
-0.018826
-0.011973
-0.023206
-0.000126
-0.003867
-0.012597
-0.004044
-0.018748
-0.004700
-0.023260
-0.002451
-0.000790
-0.022127
0.203621
0.078535
-0.003270
-0.002393
-0.003385
-0.021649
0.002342
-0.003656
-0.001799
-0.023687
-0.007125
-0.000146
-0.001637
-0.002799
-0.011489
-0.009068
-0.016337
-0.015555
-0.003967
0.000960
-0.017870
-0.002155
-0.004758
0.112856
-0.009151
-0.006314
-0.003300
-0.020538
-0.014821
-0.001702
-0.002126
-0.004547
-0.014424
-0.013103
-0.022913
-0.000484
-0.016310
-0.002903
0.001435
-0.011164
-0.005459
-0.026578
-0.003833
0.000065
-0.002063
-0.004570
-0.001320
0.119637
-0.000687
0.000263
-0.006679
-0.002218
-0.012091
-0.000351
-0.001303
-0.007555
-0.002642
-0.002043
-0.000590
-0.001967
-0.003775
-0.003969
-0.006207
-0.028005
0.157280
-0.021064
-0.002500
-0.000816
-0.000723
-0.036783
-0.016145
-0.003660
-0.012836
-0.004204
-0.007896
-0.000638
-0.008098
0.129253
-0.002144
-0.021300
-0.000960
-0.009369
-0.002841
-0.041987
-0.021941
-0.002652
-0.040341
-0.049426
-0.024986
-0.045930
-0.000524
0.177298
-0.001277
-0.002540
-0.002017
-0.004790
-0.003194
-0.001411
-0.004453
-0.001184
-0.005948
-0.003487
-0.000424
