-0.080429
-0.005802
-1.136744
-0.029735
-0.271829
0.193117
0.004581
-0.011912
-0.009350
-0.003786
-0.002781
-0.233871
-0.002052
-0.013843
-0.002667
-0.012454
-0.000152
-0.057899
-0.005701
-0.003520
-0.000107
-0.668472
-0.302843
-0.081398
-0.006500
-0.001041
-0.001371
-0.191985
-0.006121
-0.001619
0.148971
-0.003440
-0.251484
-0.002253
-0.000869
-0.006629
-0.354300
-0.001124
-0.004039
-0.008591
-0.197241
-0.292201
-0.007297
-0.001091
-0.003820
-0.000420
-0.152700
-0.018103
-0.567768
-0.161557
-0.000297
-0.011398
-0.008347
-0.000209
-0.023190
0.002967
-0.209392
0.000064
-0.153340
-0.002722
-0.203884
-0.008111
-0.308566
-0.002415
-0.000020
-0.011302
-0.012372
-0.000780
0.000285
-0.001658
-0.474557
-0.629009
-0.001917
-0.008608
-0.005557
-0.002130
-0.019288
-0.000009
-0.000470
-0.638023
0.123499
-0.002319
-0.001360
-0.000016
-0.001258
-0.001718
-0.005332
-0.000927
-0.003859
0.028378
-0.019124
-0.001318
-0.921408
-0.772364
-0.004462
-0.001039
-0.027202
-0.074549
-0.000717
0.765450
-0.099958
-0.002420
-0.819105
0.016007
-0.028502
-0.002313
-0.006805
-0.002283
-0.000931
-0.606092
-0.509993
-0.001109
-0.143204
-0.005789
-0.010125
-0.001118
-0.001755
-0.203921
0.023717
-0.001215
0.102091
-0.000327
0.002502
-0.000150
-0.002095
-0.002621
-0.015284
-0.127669
-0.001810
0.013649
-0.030257
-0.001250
-0.005238
-0.022895
-0.004547
-1.068490
-0.001741
-0.012741
-0.066108
-0.007097
-0.001736
-0.001178
0.001929
-0.030745
-0.166725
-0.000464
-0.002068
-0.285121
-0.000910
-0.006958
-0.000246
-0.031559
-0.011883
-0.557119
-0.007100
0.538364
-0.870228
1.191639
-0.456149
-0.000641
