-0.000445
-5.326476
-6.265585
6.577973
-0.011603
5.961994
4.626383
-0.000031
-6.136245
-5.776689
-0.000170
-0.000504
-0.008793
0.023425
-0.000461
9.415042
-6.646787
4.916095
-0.000854
0.000355
4.968705
0.957384
5.024611
0.000815
-0.000679
4.791950
5.339765
0.000413
-0.000262
5.333289
5.316905
-5.419277
-6.768252
0.925829
4.184261
-0.000843
-7.247849
-0.000024
-8.086858
0.000065
-6.041784
-6.949865
-9.131346
-0.000137
0.001909
-6.555571
0.000776
0.020333
-0.007779
-7.559596
-6.862511
-7.664799
-9.131370
-0.000242
-7.161906
-6.325811
-0.000165
-5.985361
0.000056
-0.000006
-0.006201
7.006578
5.803360
