-2.056326
0.005046
-2.610060
-1.328080
0.002842
-0.000216
0.018837
0.004726
-0.041287
0.027028
0.009200
-2.193986
-0.022295
-0.027841
3.867824
0.020876
-1.256003
0.025086
-0.013986
-1.891646
7.031757
-0.009880
3.760199
0.000382
0.003098
-0.016309
-2.725315
0.001205
0.000483
0.010761
3.539653
0.000456
0.003740
-0.002601
0.006572
2.256615
5.646185
-0.000305
0.005713
-0.003058
0.024992
-0.027058
0.017397
-0.007442
-0.000710
0.022868
-2.599025
-0.023045
0.026398
0.000261
-0.001854
-0.000396
5.434816
0.000511
0.000614
0.009199
-2.727938
-3.035710
-0.008954
0.023110
-2.782106
4.207416
0.000833
0.018511
-1.745714
-0.005385
-0.000794
