0.001183
0.018569
0.000792
-2.057003
-0.021475
-4.079684
0.007618
-0.003899
0.003420
0.019505
3.342836
0.016798
0.029105
0.014569
0.000307
0.026450
0.026006
0.016769
-0.000191
-2.854225
-4.490602
-2.347501
-4.450007
-0.000330
2.100437
-0.015067
0.029134
-0.021856
-0.009873
-1.494032
-2.351546
5.814279
5.668337
0.017939
-3.113927
0.000685
-0.021212
0.034375
2.732190
-1.872631
0.003253
-0.007662
0.019883
-3.716380
0.003774
-0.001354
0.036610
5.746351
2.634424
-0.020656
0.008728
4.304894
3.041593
3.956497
-2.834610
0.000098
0.000205
0.000642
2.479148
-2.740673
0.006163
-0.010468
-0.024460
2.833047
0.001353
0.000108
-2.750653
0.022762
-2.195777
3.896292
-0.000292
-0.000923
3.693364
0.000569
0.001352
0.000722
-0.033812
-0.000629
6.126686
-0.011770
-2.737961
-0.013357
0.008139
-0.019784
-1.977332
0.019077
-0.019102
-4.949609
-0.005992
-3.610549
3.293398
2.438913
0.001753
3.830509
4.122645
0.000046
-0.002135
-1.541394
-0.002509
3.924695
4.836179
0.024210
-0.038511
-0.001428
6.731292
0.000639
-0.019173
3.191604
0.000637
-0.001508
-2.949881
0.000520
-2.224285
0.021535
