-0.002197
-0.001441
0.411465
-0.000361
-0.196017
0.292962
0.348562
-0.134515
-0.001581
-0.282638
0.004616
-0.002153
0.000483
-0.004133
-0.000600
-0.000838
0.008661
-0.001604
-0.001493
-0.000566
0.394846
-0.001013
-0.000700
0.262542
0.001819
0.298574
-0.011894
-0.001668
0.195001
0.001922
-0.001883
-0.001102
-0.010531
-0.000206
-0.000720
-0.381242
-0.002765
-0.001223
-0.000070
0.195425
0.001038
-0.001140
0.105557
-0.001181
-0.004921
0.002168
-0.096463
0.009233
0.347170
0.000928
-0.001096
-0.000056
-0.009847
-0.117384
-0.000021
-0.000581
0.002775
0.001139
-0.001005
-0.007993
-0.416448
-0.018667
-0.000041
-0.012612
0.244919
-0.000955
-0.001965
-0.429958
-0.028904
-0.169251
-0.097526
0.003274
-0.000030
-0.001068
-0.247607
0.002393
0.001991
0.000466
0.001572
-0.099693
0.349911
0.000426
-0.003527
-0.002914
0.002491
0.335576
-0.264753
-0.000185
-0.182969
-0.012121
-0.000239
-0.000086
-0.339774
0.000303
-0.086108
0.006509
-0.246916
-0.001224
-0.265295
0.004063
-0.214197
-0.001078
-0.004487
-0.000798
-0.253254
-0.000087
-0.003284
-0.000123
-0.000996
0.157026
-0.101158
-0.001672
0.004335
-0.003817
-0.003142
-0.007154
0.002506
-0.462495
-0.000462
-0.205277
0.005517
-0.001173
-0.000811
-0.000598
0.084369
-0.007530
0.001618
-0.004776
-0.001959
0.002664
-0.001638
-0.000742
-0.001370
-0.001079
0.001438
0.293955
0.038626
0.000811
0.063225
-0.001862
0.002235
0.002282
-0.001956
-0.168603
-0.000032
-0.000694
-0.018699
-0.385343
-0.191676
0.052166
0.002598
-0.258689
-0.000708
0.001408
0.002065
0.000803
-0.329478
0.034588
-0.000211
-0.001779
0.009427
-0.001779
-0.001030
0.001545
-0.000098
-0.004801
-0.354221
0.168936
0.234352
-0.251980
-0.352876
-0.001770
-0.074948
0.002267
-0.260319
-0.021404
-0.000080
-0.217350
0.487812
0.353781
-0.000110
0.000837
-0.000679
0.110923
-0.001293
