-0.000790
-0.000412
-0.007382
0.090301
-1.155435
-0.007606
-0.006695
-0.004920
0.002359
-0.007886
-0.002289
-0.014890
-0.014929
-0.000920
-0.001452
-0.002395
-0.004015
0.004987
-0.005717
-0.000886
-0.001436
-0.003021
0.014441
-0.001888
-0.001816
-0.003353
-0.000733
0.000452
-0.000416
-0.008936
0.000340
-0.024763
0.001656
-0.017434
0.000125
-0.000868
-0.005624
-0.000995
-0.014355
-0.001848
1.484295
-0.008288
-0.008060
-0.001046
-0.001976
0.147503
-0.032640
-0.003526
-0.001679
-0.017881
-0.000591
-0.002350
-0.000069
-0.001512
-0.006111
0.337947
-0.000775
-0.009278
-0.004537
-0.019851
-0.001355
-0.001347
-0.001053
0.339569
-0.000962
-0.001560
-0.013691
-0.009815
-0.012821
-0.004206
-0.001811
-0.011188
0.752881
-1.443896
-0.020107
-0.001015
-0.002605
-1.729620
-0.001767
-0.000808
-0.001485
-0.009902
-0.004134
-0.000053
-0.001179
-0.005641
-0.004621
-0.020478
-0.014927
-0.017694
0.728404
-0.002751
-0.002507
1.105484
-0.003394
-0.001972
-0.002142
-0.010558
-0.004127
-0.003290
-0.012827
-0.003056
-0.000868
-0.008895
-0.002188
-0.001912
-0.001097
-0.003733
-0.000512
-0.415315
-0.000041
-0.005057
0.260549
-0.003368
0.000131
0.923326
-0.000467
-0.004276
0.001651
-0.005625
0.128410
-0.006383
-0.012266
-0.000992
-0.013654
-0.002207
-0.000457
-0.016455
-0.001565
-0.001950
-0.011660
-0.002141
-0.003980
-0.411687
-0.003172
-0.002562
-0.003933
0.110812
-0.000899
-0.007036
-0.000578
-0.001806
-0.552717
-0.001188
-0.000585
-0.005896
-0.004819
-0.001531
-0.000120
0.426275
-0.001578
-0.010623
0.267432
-0.003333
-0.000753
