2.631989
-0.007665
-0.000041
-0.000322
0.000476
-0.000053
0.000072
0.043652
0.010165
0.007796
9.101395
0.018113
5.259453
-0.000869
0.000010
-0.018131
0.000114
-0.000339
-0.008121
-0.007490
-0.000121
-0.009216
0.026576
0.001813
0.001519
0.000931
0.002519
-0.000694
-0.001021
-0.004874
7.386682
0.001455
-0.001442
-0.018171
0.006373
0.000066
-0.000005
-0.007564
0.000750
2.052016
0.037549
-0.011221
5.927012
0.009607
0.000585
0.008653
0.001622
0.000001
1.626281
-0.000320
0.016106
0.000934
0.020024
-0.478470
0.000798
-0.000103
-0.008716
0.013669
-0.000200
0.018935
-0.005095
5.595681
0.000075
0.011308
0.011332
-0.001020
-0.034792
-0.000013
8.357246
0.021139
0.000125
-0.013996
0.002629
-0.000062
-0.000800
0.003321
2.807200
-0.000189
0.002851
0.000573
0.000607
-0.002289
0.274566
-0.005659
-0.021797
-0.483491
-0.007940
0.002587
-0.005302
-0.010717
-0.022209
0.031477
0.004628
-0.004177
0.502849
0.017049
0.006352
-0.007273
0.002879
-0.000423
0.000011
-0.000201
0.000343
-0.006852
-0.001335
-0.011907
-0.006896
0.000557
-0.040925
-0.000125
-0.000704
-0.002162
-0.315348
0.006303
0.508718
0.008308
6.862507
0.000205
-0.001422
-0.002286
0.000065
-0.013682
5.761849
6.855525
-0.000239
-0.000510
0.000151
0.008474
-0.000130
0.009243
0.000434
0.000016
-0.010724
-0.000470
-0.001176
0.014714
-0.020269
-0.291200
0.003430
0.008325
-0.009785
0.005672
5.534107
-0.006743
0.000064
-0.000128
0.007879
-0.000228
-0.003017
-0.000874
0.019156
-0.005791
0.000005
0.014156
0.027289
0.015787
-0.001191
2.254827
-0.000240
-0.015341
-0.000816
0.000009
0.000439
0.000985
0.001353
0.000191
-0.025140
0.038708
