-0.013541
0.003553
-0.004887
0.028733
3.636449
-0.000646
-0.000350
4.697468
-0.001840
0.004821
-0.000253
0.005673
0.004748
-0.008751
0.006475
-0.000693
4.526728
3.102628
-1.973543
-0.001044
-0.001394
0.000660
-0.000829
6.350130
-0.012623
-2.522291
0.008012
-0.002507
0.010464
-0.006082
4.447989
0.000230
-0.000204
0.001997
0.019422
-0.005952
0.021519
-3.018720
-3.787325
-0.014516
-0.000132
0.025595
-0.005182
3.684654
0.000299
0.017352
0.011361
0.006097
-0.023979
-3.215767
0.000389
-0.025696
-3.611792
0.011644
0.000607
0.005555
-0.001044
-1.817953
2.436309
0.033240
0.000480
-4.484456
-4.286970
0.000460
3.892239
0.004970
-0.000021
-0.018512
3.856798
0.020382
-0.000185
0.004618
0.001352
5.851601
0.001005
-2.487678
-0.018085
0.016250
-0.000754
0.000505
0.000225
0.019411
0.004482
0.000081
0.002447
0.012200
-0.000637
-0.008956
0.002151
-0.003528
6.038936
-0.041460
-3.126234
0.002873
0.018537
-3.869643
3.795802
0.017797
0.021255
0.022611
-2.367467
-0.014686
0.000259
-0.010984
-3.386913
4.220151
0.029206
-0.001926
0.001398
0.016746
-2.671384
-0.004253
0.003210
-3.518275
0.000405
3.547078
0.000003
-0.003090
-0.000658
0.000208
0.029348
-0.000558
0.000376
0.000038
-0.037633
0.003054
0.001922
2.645421
0.014315
-2.681939
-0.022602
3.492954
0.000111
0.016322
0.001007
0.039087
0.009843
0.008411
0.001228
0.000097
0.005614
-0.014740
3.753109
-0.004828
-0.013049
-0.010032
-0.001900
-0.000494
-2.293603
-0.038691
4.163965
5.410641
-3.062677
0.009017
-4.352108
-1.651474
-0.016942
0.023762
-0.000216
0.000119
-0.012094
0.000464
0.025194
-1.900478
-0.008094
-0.025672
-0.000531
0.000090
0.007045
0.007622
-0.002687
0.014546
0.007020
2.126902
-0.001482
-0.000026
-2.153365
3.350660
4.890006
-0.009121
0.017725
0.001001
-0.020670
-0.015261
-0.004863
-3.090184
0.001201
-0.000957
3.108762
0.024516
0.009142
4.699216
-0.010508
0.004455
0.007779
