-0.000119
0.003992
0.062786
0.047918
0.045122
-0.063963
-0.009423
-0.000266
0.005792
0.043615
-0.000577
0.045331
-0.034401
-0.047211
-0.004458
-0.001117
-0.059326
-0.001257
-0.002252
-0.013847
0.003447
0.005475
-0.022560
0.017281
-0.000340
0.000604
0.029896
-0.000329
-0.000857
-0.004529
0.004604
-0.000308
0.056932
0.046665
-0.001811
-0.000123
-0.003450
-0.006828
-0.076925
0.052158
-0.004845
-0.002110
-0.000099
-0.000410
-0.000394
-0.000273
-0.038033
-0.000742
0.004617
-0.026238
0.023855
-0.000076
0.005359
0.013024
0.025922
-0.027262
-0.002360
-0.002435
-0.001032
-0.000098
-0.020421
-0.000028
-0.001338
0.056193
-0.003961
-0.025728
0.051777
-0.038377
-0.002792
