-0.038235
-0.001687
-0.001100
-0.007650
-0.012565
0.811519
-0.001118
-0.002375
-0.739695
-0.017518
-0.000553
-0.001613
0.753371
-0.014800
-0.001051
-0.000902
-0.001876
-0.004412
0.000597
-1.280838
-0.008453
-0.008932
-1.086596
-1.303146
-0.015798
-0.001615
0.572228
1.224155
-0.001350
0.169043
-0.009361
-0.003750
0.249564
0.001765
0.002105
-0.013199
-0.006082
-0.016775
-1.114641
-0.006366
-0.022749
-0.002662
-0.005079
-0.012642
-0.000377
-0.011544
1.379816
-0.005882
-0.008327
-1.026578
-0.002265
-0.020711
0.129102
-0.016762
-0.003976
0.290675
-0.013566
-0.013037
-0.004640
-0.084004
-0.020800
-0.000426
-0.002190
0.000068
-0.001652
-0.000723
-0.001150
-0.005276
-0.475787
-0.019776
-0.003896
-0.013361
-0.001121
-0.003715
-0.001612
