0.622806
0.237637
-0.077102
-0.049473
-0.036411
-0.013169
-0.047793
-0.046141
0.288583
0.259800
-0.060842
0.303720
-0.017906
-0.008539
-0.039410
-0.078231
-0.018131
0.504381
-0.021954
-0.175573
-0.041016
0.312698
-0.027450
0.781188
-0.068045
-0.031691
0.072887
-0.036383
-0.039101
0.417483
-0.062453
-0.033153
-0.048159
-0.006001
-0.058327
0.588048
-0.007032
0.136558
-0.050392
-0.059617
-0.053736
-0.030862
0.323995
-0.072467
0.949386
0.125052
-0.078427
-0.023486
-0.001460
-0.040305
-0.105137
0.131724
0.896454
-0.005418
-0.034682
-0.061873
0.156147
0.242183
-0.206348
-0.069368
0.285040
-0.006949
-0.001162
-0.003916
0.174408
-0.034313
-0.089026
-0.016636
-0.005990
-0.001043
-0.030942
-0.078194
-0.063389
-0.058279
-0.040899
-0.021842
-0.051974
0.209127
-0.197897
-0.052133
-0.016906
-0.017444
-0.010161
0.147360
-0.033493
-0.229044
-0.065735
-0.064365
-0.057905
-0.059254
-0.012112
-0.053852
-0.069947
-0.063467
-0.046129
-0.078054
-0.000727
-0.045632
-0.082968
-0.017886
-0.069535
-0.064043
-0.070403
-0.011085
-0.042599
0.176010
-0.049637
-0.063080
0.146972
0.114265
-0.014883
0.169964
-0.082497
0.403936
-0.033815
-0.000105
-0.029334
-0.037904
0.853815
-0.082803
-0.041494
-0.005818
-0.069090
-0.038423
-0.170989
-0.036160
-0.014236
-0.068975
-0.007235
-0.050549
0.510067
-0.067203
-0.062326
-0.055879
-0.024075
-0.068699
-0.040223
-0.012038
-0.022717
-0.076499
-0.058025
-0.052675
-0.025234
-0.492189
-0.092850
0.231183
-0.001698
-0.009187
-0.049562
-0.030991
-0.030012
-0.085281
-0.058951
-0.020505
-0.083233
-0.088602
0.299484
-0.064022
-0.166530
-0.031011
-0.011912
-0.002164
-0.034277
0.261256
-0.014557
-0.029562
0.341271
-0.064384
-0.011696
-0.061259
-0.212458
-0.060362
-0.003595
-0.031446
-0.044962
0.142152
-0.061255
-0.014378
0.842562
0.346250
0.198750
-0.069379
-0.104947
-0.030356
0.366004
-0.037028
-0.070644
0.134065
-0.062831
-0.066782
-0.042298
-0.003443
-0.073910
-0.016984
0.456187
0.826290
0.115724
-0.039825
-0.035771
-0.082406
-0.005314
-0.088886
-0.031139
-0.022684
-0.080247
-0.067102
-0.002600
-0.036554
0.546302
-0.038936
-0.047293
-0.036368
-0.020506
0.236399
-0.004619
-0.060527
0.164567
0.186862
-0.051523
0.173853
0.287842
-0.055935
-0.028831
-0.046172
-0.007829
0.173557
-0.059618
0.206371
-0.070277
-0.003881
-0.051004
-0.046625
-0.003675
-0.084773
-0.073371
-0.061915
-0.000791
0.366725
-0.084921
-0.056881
-0.056392
-0.065424
-0.103133
-0.024788
-0.049505
-0.054427
-0.061912
-0.002677
0.536786
-0.091472
-0.037266
0.204965
-0.019140
-0.007386
-0.005905
-0.031595
0.218337
-0.098411
-0.028780
0.150056
-0.039819
0.331169
0.389250
-0.084804
0.160466
-0.059038
-0.064142
-0.031663
0.415398
-0.037265
-0.015652
-0.001095
-0.003830
-0.070903
-0.069982
-0.051739
0.126442
-0.032454
-0.056504
-0.055946
-0.080947
-0.030902
-0.009929
-0.041646
-0.056400
-0.033612
-0.069583
0.214181
-0.051228
-0.050073
-0.015796
0.230359
-0.031593
0.199447
-0.050637
-0.050188
-0.041890
-0.038929
-0.026542
-0.009740
-0.046484
-0.028057
0.360612
0.164328
-0.061672
0.190926
0.793730
-0.040959
-0.053979
-0.036583
-0.015945
-0.015843
-0.031530
-0.051781
-0.089244
0.168554
0.288733
0.162702
-0.044541
0.207848
-0.004574
-0.031322
-0.041914
-0.031880
-0.034776
-0.046298
0.756937
-0.005227
0.331199
-0.043779
-0.005282
-0.035764
-0.014773
-0.040770
-0.052544
-0.087784
-0.020539
-0.047714
-0.034609
-0.038875
-0.030057
-0.063984
-0.012565
-0.081813
-0.053073
-0.004575
-0.041098
-0.069071
-0.061473
-0.002676
-0.003960
0.280384
-0.057334
-0.010501
-0.025371
-0.084924
-0.031636
0.146263
-0.061171
-0.035946
-0.039758
-0.035314
-0.055289
-0.038903
0.156660
0.233031
0.033162
-0.020719
-0.048873
-0.044634
-0.088377
-0.052304
-0.047280
0.164262
-0.017603
-0.020016
-0.045336
-0.006116
-0.002935
0.152692
0.135375
-0.061788
0.453080
-0.005201
-0.001956
-0.130788
-0.050989
-0.036681
-0.006451
-0.054083
-0.070085
-0.096615
-0.053090
-0.712192
0.244718
-0.065135
-0.068407
-0.073823
-0.051005
-0.049819
