-0.038734
-0.123742
-0.031606
-0.077180
-0.252853
-0.241421
-0.095330
-0.002436
-0.045534
-0.031456
-0.025024
-0.055893
-0.335179
-0.054068
-0.042347
-0.045994
-0.185089
-0.343825
0.000000
-0.056175
-0.031710
-0.300432
-0.257276
-0.039774
-0.015100
0.095806
-0.066430
-0.032303
-0.031573
-0.057398
-0.055450
0.045187
-0.039956
-0.382449
-0.025996
0.027807
-0.064652
-0.087435
-0.055180
-0.174860
-0.048183
-0.349394
-0.039433
0.026536
-0.329412
-0.028414
-0.075340
-0.091564
-0.338357
-0.031690
0.001768
-0.033640
-0.332462
-0.054454
-0.467866
0.011226
-0.048498
-0.064004
-0.114926
-0.051726
-0.064887
0.009340
-0.217032
-0.029589
-0.031109
-0.288206
-0.019864
0.005946
0.913701
-0.029593
0.012784
-0.030619
-0.372665
-0.025873
-0.053175
-0.043672
-0.030408
-0.041813
-0.039293
-0.061125
-0.029101
-0.067092
-0.322108
-0.042505
-0.034161
-0.031539
0.056939
-0.031678
-0.034606
-0.022626
-0.071090
-0.166272
-0.176445
-0.419793
-0.103574
0.059673
-0.269664
-0.043444
-0.007630
-0.098778
-0.008984
-0.126422
-0.031515
-0.023919
-0.029699
-0.062361
0.034401
-0.031622
-0.030959
-0.070386
-0.031512
-0.242152
-0.028363
-0.077628
-0.063683
-0.031682
-0.082212
-0.037217
-0.133928
-0.100386
-0.054863
0.000000
-0.267112
-0.068671
-0.027968
-0.020736
-0.106550
-0.189181
-0.023772
-0.088717
-0.076992
-0.192593
-0.022029
-0.093934
0.922543
-0.048418
0.041333
0.940213
-0.027243
-0.035222
-0.001926
-0.148445
-0.004432
-0.007246
-0.260056
-0.263634
-0.046258
-0.026066
-0.147051
-0.051081
-0.030128
-0.031571
-0.417440
-0.162466
-0.048424
-0.042527
-0.202255
-0.286369
-0.037365
-0.043168
-0.052325
-0.051819
0.072618
-0.206576
-0.123092
-0.022441
-0.054124
-0.034689
-0.362745
-0.070202
-0.172602
-0.030092
0.055687
-0.316682
-0.038846
-0.047405
-0.031117
-0.046721
-0.261716
-0.058395
-0.216307
-0.290375
-0.488993
-0.066201
-0.041404
-0.209046
-0.290682
-0.021384
-0.376166
-0.057330
-0.062476
-0.066801
0.000000
-0.036499
-0.195874
-0.346469
-0.043201
-0.037264
-0.032679
-0.076411
-0.028551
-0.049057
-0.029271
-0.075616
-0.080289
-0.019052
-0.017807
-0.069616
-0.018165
-0.204820
-0.031801
-0.249704
-0.064552
-0.029836
-0.503042
-0.033268
-0.044937
-0.184362
-0.088380
-0.029751
-0.336545
-0.371804
-0.028685
-0.218231
-0.029205
-0.189643
-0.054183
-0.030899
-0.015841
-0.239053
-0.023750
-0.026365
-0.052413
-0.096088
-0.058324
-0.295158
-0.036011
-0.055198
-0.207015
-0.048268
-0.029285
-0.031715
-0.080421
-0.057091
-0.264791
-0.043205
0.132987
-0.024156
-0.031728
0.027151
