-0.001900
-0.038744
0.032824
0.000038
-0.004567
4.100145
-0.000172
0.023456
-2.164821
-3.160442
-0.018376
-0.020695
-0.024697
-0.006867
-0.000008
4.486696
3.835436
-2.466578
-0.002695
-0.007782
0.000107
-0.003788
0.012611
3.591969
0.015658
0.020065
0.016214
0.007451
-0.002606
-0.001247
0.000009
-0.000824
-4.741129
-0.002779
-0.038939
-0.000024
0.002456
0.000168
-1.865289
-0.004887
0.000956
0.004397
-0.008858
0.001853
-0.000571
3.602420
-0.000101
-0.006168
-0.012613
5.046756
0.017409
-3.326944
-0.000441
0.001333
-0.000057
-0.026080
-0.000732
-0.000207
-0.002012
0.011401
0.000060
0.034867
-0.029332
0.027171
0.014187
-0.006200
-0.011891
0.020182
3.579341
0.001986
-3.193786
0.003421
2.928474
-0.000409
4.112021
-2.473697
4.410260
-0.003977
-0.005052
-0.001423
-2.771848
-0.003313
-1.476178
-0.000021
-0.009375
-0.030583
-0.003011
0.016292
-0.012356
-0.012480
3.290600
-2.428544
-0.000134
-0.008754
-0.014434
0.000069
4.873597
-2.774284
-2.227529
5.496782
5.334297
0.033036
-0.000191
-0.007995
0.026516
0.000532
-2.768193
-1.977547
-3.473072
-0.024271
0.004039
0.010217
-1.586458
-1.658735
-0.000663
2.527709
-3.563135
2.437190
0.006480
-0.015801
5.739063
2.686747
-0.005828
-0.000022
0.010499
3.448128
-0.014041
-0.034041
3.223044
4.167148
0.000140
0.000094
0.005649
-4.035697
3.275967
0.003612
0.000239
-0.006451
-0.007870
0.000057
-0.006674
-0.002003
0.033691
0.030505
-0.000031
-0.000002
