0.000000
-0.001418
0.000000
0.000000
-0.004335
-0.006216
-0.007231
-0.006004
-0.005672
-0.005179
-0.002540
-0.012296
-0.005085
0.000000
0.000000
-0.005978
0.000000
-0.005629
-0.002030
0.000000
-0.003168
-0.004405
-0.000625
-0.002870
-0.005644
-0.006302
0.000000
0.000000
-0.003733
0.000000
-0.000441
0.000000
-0.009286
0.000000
-0.005716
-0.007140
0.000000
0.000000
-0.001462
0.000000
-0.001402
-0.005662
0.000000
-0.006001
-0.006005
0.000000
0.000000
0.000000
0.000000
-0.005108
-0.006763
0.000000
-0.001734
0.000000
-0.004463
-0.001512
-0.004426
-0.005201
0.000000
0.000000
-0.004832
0.000000
-0.001867
0.000000
0.000000
0.000000
-0.001835
-0.003700
0.000000
0.000000
0.000000
0.000000
0.000000
0.000000
-0.003643
-0.003395
-0.006001
-0.005082
-0.001892
-0.005986
-0.005610
-0.005211
-0.004995
-0.025261
-0.005831
0.000000
-0.005297
0.000000
-0.003095
-0.006005
0.000000
-0.004368
0.000000
-0.005304
-0.001633
-0.006666
-0.001536
-0.011152
-0.004425
-0.006005
0.000000
0.000000
-0.005025
0.000000
-0.006004
-0.002457
-0.005220
-0.001476
-0.005100
0.000000
-0.006004
0.000000
-0.003109
-0.002647
-0.006001
-0.006492
0.000000
0.000000
-0.003626
0.000000
0.000000
-0.004775
0.000000
0.000000
-0.005669
-0.006459
-0.003150
-0.003290
-0.005870
-0.011859
0.000000
-0.004641
-0.002238
0.000000
0.000000
-0.000806
-0.001385
-0.001803
-0.005400
0.000000
-0.006005
-0.004942
-0.005567
-0.007328
-0.006005
-0.001271
0.000000
-0.005108
-0.000846
-0.005059
-0.006003
0.000000
0.000000
0.000000
-0.006492
-0.007070
-0.006003
-0.009901
-0.005422
-0.005262
-0.002335
-0.001644
-0.006159
-0.002921
0.000000
-0.002477
-0.006004
0.000000
-0.004030
-0.003155
0.000000
-0.008189
-0.005883
0.000000
0.000000
-0.005993
-0.005355
0.000000
0.000000
-0.002662
-0.002559
0.000000
-0.006004
-0.005085
-0.001421
-0.008591
-0.001268
0.000000
-0.003397
-0.006960
-0.002217
0.000000
-0.001924
-0.004205
0.000000
0.000000
0.000000
-0.004025
-0.002407
-0.002603
-0.005699
0.000000
0.000000
-0.015270
-0.006073
0.000000
0.000000
-0.006004
-0.002700
-0.005618
-0.006697
0.000000
-0.006031
-0.002476
-0.003888
-0.014969
0.000000
-0.014234
-0.002094
0.000000
-0.006003
0.000000
0.000000
-0.003669
-0.006005
-0.006683
0.000000
0.000000
-0.002327
-0.005219
-0.006315
0.000000
-0.004668
-0.005534
-0.004783
0.000000
-0.005104
-0.000796
0.000000
0.000000
-0.002456
-0.006004
0.000000
-0.005052
-0.007362
0.000000
-0.003119
-0.009281
0.000000
0.000000
-0.005231
-0.006956
0.000000
-0.004630
0.000000
0.000000
0.000000
0.000000
0.000000
-0.005861
-0.001819
-0.003894
-0.005135
-0.009939
-0.009385
-0.002421
-0.005298
-0.003556
-0.006004
0.000000
-0.005058
-0.004936
0.000000
-0.003800
-0.004488
0.000000
0.000000
-0.003322
-0.007687
-0.005632
-0.002259
0.000000
0.000000
0.000000
-0.001695
-0.006005
0.000000
-0.001873
-0.004351
-0.002478
-0.026427
-0.005452
-0.000418
-0.005647
-0.006046
-0.005821
0.000000
0.000000
-0.008402
-0.006076
0.000000
0.000000
-0.012153
-0.000948
-0.005991
0.000000
-0.005400
-0.006003
0.000000
-0.006003
-0.003119
-0.005997
0.000000
-0.006002
0.000000
-0.006003
-0.009296
0.000000
0.000000
-0.009285
-0.007248
-0.004393
-0.000477
-0.006004
-0.008071
0.000000
-0.009911
-0.001463
0.000000
0.000000
0.000000
-0.005109
0.000000
-0.004896
0.000000
-0.003817
0.000000
0.000000
-0.004372
-0.004840
0.000000
0.000000
-0.010318
-0.005069
0.000000
-0.004389
-0.002371
-0.003392
-0.003234
0.000000
-0.004896
-0.005977
-0.004558
-0.006901
-0.002338
0.000000
0.000000
-0.005503
0.000000
-0.003740
0.000000
-0.009294
-0.006270
-0.005199
-0.002833
-0.001969
-0.002779
-0.005937
-0.005700
0.000000
0.000000
0.000000
-0.003276
-0.004800
0.000000
-0.002034
0.000000
-0.006688
-0.001482
-0.004292
-0.001687
-0.005439
-0.003558
-0.006003
-0.001040
-0.003418
-0.029516
0.000000
0.000000
-0.004515
-0.003712
0.000000
-0.006185
0.000000
0.000000
-0.002355
-0.006002
0.000000
0.000000
-0.014132
