0.048821 0.189332 0.153500 0.039048 -0.071588 0.099634 0.000094 -0.000068 -0.000272 -0.065781 -0.019476 0.000075 0.039410 0.042592 -0.001605 -0.049729 0.301732 0.225589 -0.012909 0.000056 -0.354846 -0.000181 -0.069539 -0.334674 -0.207376 -0.050899 -0.000638 0.116504 0.000069 -0.024269 0.123291 -0.000056 -0.000063 -0.218785 -0.124993 0.000106 0.035017 -0.000027 0.040899 -0.000107
-0.016194 0.202670 0.022630 0.387502 -0.227299 -0.333435 0.000062 -0.000063 -0.000809 -0.099665 -0.425652 0.000027 0.235512 0.152544 -0.000964 -0.024484 0.015738 -0.046692 0.108077 -0.000087 0.184542 -0.000058 -0.107781 0.344405 0.040347 0.091505 -0.000673 0.037369 0.000093 -0.176576 -0.180233 0.000009 0.000105 -0.396039 -0.244706 0.000127 0.114992 0.000162 0.142182 -0.000085
-0.013650 -0.004175 -0.045571 0.149738 0.088763 -0.048988 0.000059 0.000023 -0.000870 0.040619 0.464236 0.000008 0.230257 0.040972 -0.000890 -0.023369 0.482031 -0.262619 -0.320987 -0.000105 -0.095645 0.000054 0.065942 0.308930 -0.197482 -0.316989 0.000599 0.062008 -0.000297 -0.404848 -0.168080 -0.000051 -0.000081 -0.189231 -0.346088 -0.000105 0.034302 0.000083 0.039561 0.000109
0.174651 -0.095194 0.236497 0.133905 -0.293558 -0.099017 -0.000013 0.000041 -0.000060 -0.136333 0.261912 -0.000120 0.281486 0.111538 -0.002120 0.016138 0.042183 0.073720 0.238342 -0.000104 -0.020770 0.000277 -0.177066 -0.003526 -0.314128 -0.133409 -0.000420 -0.155232 -0.000134 0.215616 0.192328 -0.000158 0.000119 0.059180 -0.187231 -0.000061 0.085490 -0.000173 0.102169 -0.000142
0.107070 0.251626 -0.035230 -0.371802 -0.116490 -0.190582 0.000374 -0.000202 -0.001375 -0.027218 0.413365 0.000074 -0.076048 0.092401 -0.001696 -0.174963 0.011937 0.219102 0.209907 -0.000046 0.142158 0.000057 0.186315 -0.009267 -0.158714 0.307838 -0.000950 -0.266662 -0.000032 0.103877 0.063466 -0.000074 -0.000065 0.005087 -0.073484 -0.000079 0.071688 -0.000015 0.090414 -0.000030
0.408135 -0.071775 -0.003732 -0.120663 0.210778 -0.019648 -0.000097 0.000104 -0.001420 0.043892 -0.056941 -0.000038 -0.163250 0.132135 -0.001387 0.140907 0.074565 -0.013434 0.041986 0.000137 -0.210231 -0.000311 0.461438 -0.168439 -0.132825 0.084199 0.000000 0.012624 0.000149 -0.009906 -0.110200 0.000016 -0.000134 -0.480809 0.154613 -0.000174 0.100982 0.000093 0.124670 -0.000179
-0.350994 -0.176773 0.191114 -0.193888 -0.270851 0.117234 -0.000110 -0.000029 -0.000194 -0.058484 -0.334094 0.000106 0.029217 0.031383 -0.000587 0.122023 -0.092136 0.097718 0.062433 -0.000200 0.003037 0.000016 0.208733 0.292676 0.133328 0.012246 -0.000522 -0.124790 -0.000167 -0.298320 -0.013575 0.000103 -0.000066 -0.232287 -0.005924 -0.000001 0.021359 0.000169 0.029372 0.000042
0.413311 0.067679 0.231793 -0.165806 0.146870 -0.038870 0.000148 0.000141 -0.000559 -0.275355 0.268033 0.000072 0.416442 0.087681 -0.000834 0.024814 -0.218290 0.083221 -0.365046 -0.000106 -0.244369 0.000173 -0.214450 -0.332203 -0.071620 -0.003666 -0.000051 -0.148406 0.000032 0.064582 0.144363 -0.000065 0.000034 -0.153994 -0.194949 -0.000215 0.065130 0.000116 0.080524 -0.000254
0.181699 -0.013187 0.039697 0.328848 0.252020 -0.099752 -0.000031 0.000075 -0.000494 0.010751 0.379324 -0.000290 0.068581 0.059319 -0.001023 0.151267 -0.212585 0.429955 0.353537 0.000091 0.055389 0.000049 -0.375410 0.102381 0.140194 0.076857 -0.000362 -0.061578 -0.000051 -0.109866 -0.018671 -0.000046 -0.000277 0.006402 -0.632508 0.000163 0.042611 -0.000061 0.052563 0.000269
0.122425 -0.106437 -0.244000 -0.002314 -0.182381 0.311389 0.000283 -0.000085 -0.001220 0.113830 -0.136175 0.000075 -0.006636 0.091507 -0.001997 -0.246732 0.216835 0.300581 -0.129718 0.000048 0.162900 -0.000154 -0.248964 0.253118 0.242833 0.074487 -0.001391 -0.177080 -0.000068 -0.032988 0.095818 0.000021 0.000110 0.279134 -0.015934 0.000109 0.068435 -0.000024 0.084898 -0.000006
0.001439 0.055636 -0.123057 0.260182 0.042710 -0.005468 0.000031 0.000000 -0.000802 0.008460 -0.144425 -0.000005 -0.102231 0.052457 -0.000976 -0.065170 0.597834 -0.026008 0.046977 -0.000057 -0.045493 -0.000135 0.045842 0.287759 0.180691 0.081535 -0.000522 0.080701 0.000174 -0.293403 -0.355523 -0.000010 -0.000032 -0.030067 -0.000615 0.000167 0.039568 0.000289 0.050604 -0.000065
0.308154 0.012595 -0.086944 -0.017417 0.239759 -0.362567 0.000068 0.000078 0.000042 0.355889 -0.017965 0.000053 0.056912 0.094669 -0.001503 -0.378469 0.355598 -0.239321 0.381884 0.000055 -0.141881 -0.000090 0.695760 0.359566 0.105584 0.118892 -0.000047 0.050174 0.000061 0.003591 0.177388 -0.000017 -0.000170 -0.056759 -0.245123 0.000031 0.071711 -0.000104 0.089144 -0.000012
0.065296 -0.160443 0.192792 -0.187812 0.042825 -0.078003 0.000023 -0.000099 -0.000333 0.146545 0.112907 0.000046 -0.040514 0.068784 -0.001700 0.156826 -0.174749 -0.375436 0.153448 0.000178 -0.154285 -0.000060 0.052307 0.031015 0.229208 -0.031528 0.000189 -0.129833 0.000230 -0.106812 -0.083436 0.000238 -0.000161 0.011732 0.748404 0.000079 0.050240 0.000110 0.062368 -0.000443
-0.036340 -0.102400 0.314263 0.033616 -0.072414 -0.010214 -0.000074 -0.000090 -0.001178 -0.247090 0.047366 0.000082 0.143835 0.042637 -0.001934 0.295997 0.227057 -0.339530 -0.109314 0.000085 -0.020597 0.000031 0.103586 -0.157213 0.059245 0.070628 -0.000354 -0.024779 0.000218 -0.190145 -0.165541 0.000112 -0.000065 0.030175 0.049224 -0.000209 0.032646 -0.000162 0.039725 -0.000195
-0.133050 -0.148042 -0.107100 0.015364 -0.352876 -0.186088 -0.000078 0.000151 -0.000639 0.298011 0.029797 0.000064 0.267089 0.056924 -0.001615 0.279454 -0.254221 -0.073482 -0.413122 -0.000045 -0.236501 0.000080 0.236646 -0.348406 0.019320 -0.434509 -0.000161 -0.080024 -0.000221 0.079787 -0.212676 -0.000032 0.000158 -0.368549 0.369297 -0.000041 0.046780 0.000177 0.054087 -0.000182
-0.096418 0.132307 0.231561 0.053816 0.547809 -0.305058 -0.000070 0.000062 -0.000896 -0.094017 0.030418 -0.000038 0.118649 0.094768 -0.001501 0.420137 -0.167383 -0.001106 0.323968 0.000004 -0.434643 0.000098 -0.099547 -0.050808 0.391952 0.191670 0.000594 0.310638 0.000124 0.274167 -0.051523 0.000097 -0.000092 0.181013 0.265076 0.000076 0.075798 0.000134 0.088840 -0.000128
0.016738 -0.050193 -0.050620 0.022313 -0.148710 -0.484360 0.000067 -0.000208 -0.000257 -0.203468 -0.070312 -0.000049 0.098621 0.193624 -0.000331 -0.206359 -0.049910 -0.247835 0.132905 -0.000077 0.122014 0.000037 -0.369842 0.241652 0.392142 -0.066076 -0.000731 -0.246498 0.000047 0.121924 0.052886 0.000089 -0.000170 0.062008 0.496814 0.000193 0.153569 0.000178 0.181295 0.000003
0.060007 -0.043973 -0.074807 0.154550 -0.335986 -0.137262 0.000042 0.000016 -0.001033 -0.195678 -0.014063 0.000169 0.082381 0.130624 -0.000897 -0.246637 0.169284 -0.027637 -0.058072 0.000026 -0.126874 0.000184 0.004226 0.107349 -0.169447 -0.017183 -0.000079 0.140690 0.000057 -0.000978 -0.186642 0.000008 -0.000121 -0.078151 0.287053 0.000100 0.105641 0.000005 0.123254 0.000024
-0.195403 0.288283 -0.111795 0.000942 -0.199363 0.407602 -0.000044 -0.000117 -0.000263 0.189026 0.180998 0.000081 -0.069358 0.097922 -0.000242 -0.312692 0.005380 -0.122660 -0.110671 0.000107 0.450363 0.000015 -0.287587 0.227130 -0.272835 0.062303 0.000078 -0.145948 -0.000005 0.100625 -0.023915 -0.000063 -0.000024 0.195657 -0.108486 -0.000428 0.072354 0.000099 0.090633 -0.000247
0.195542 -0.376015 0.390645 -0.014676 0.027917 0.117125 0.000003 -0.000021 -0.001055 0.029390 0.309295 -0.000128 0.014544 0.055241 -0.000193 0.178418 0.085439 -0.256573 0.245292 -0.000057 0.264747 -0.000045 0.054196 -0.407246 -0.077223 -0.155226 -0.000634 -0.072334 0.000133 0.006474 -0.100350 0.000084 -0.000040 -0.148600 -0.156419 -0.000183 0.039787 -0.000120 0.053157 -0.000163
0.165850 -0.209531 -0.141132 0.225900 -0.214027 -0.282175 0.000219 -0.000081 -0.000488 -0.001274 -0.052537 0.000100 -0.157250 0.014555 -0.001101 0.133840 0.526021 -0.167142 -0.223686 0.000054 0.099834 -0.000128 0.238440 -0.179929 -0.422627 -0.166405 -0.000844 -0.084909 -0.000049 -0.006371 0.098426 -0.000418 -0.000082 -0.141651 -0.092422 0.000410 0.008990 -0.000074 0.013575 0.000124
0.279111 0.127702 0.152615 -0.130155 0.267153 0.066540 -0.000035 0.000151 -0.000955 -0.197478 -0.130785 -0.000240 -0.008581 0.033870 -0.001421 -0.206935 -0.289512 0.551587 -0.337065 0.000101 -0.115459 0.000156 0.146010 -0.308140 0.120637 0.392430 -0.000872 0.385537 -0.000134 0.109751 -0.132311 0.000012 0.000100 0.214184 -0.112760 0.000171 0.026993 0.000102 0.032606 0.000163
0.175682 0.289735 -0.158060 0.063939 -0.288076 0.002368 -0.000059 -0.000112 -0.000026 -0.334732 -0.125429 -0.000116 -0.424914 0.128146 -0.000932 0.095330 0.000960 0.041395 -0.221161 0.000161 0.153169 0.000002 -0.148793 -0.071460 0.349841 0.167390 -0.000115 -0.207802 -0.000210 -0.145832 -0.157465 0.000082 -0.000120 -0.002931 0.123529 0.000114 0.106639 0.000239 0.122240 0.000015
0.395294 -0.023805 0.509249 -0.191197 -0.149931 -0.110314 0.000168 -0.000069 -0.000301 0.025722 -0.255961 -0.000047 0.018479 0.115088 -0.000275 0.005701 0.079735 0.003730 -0.037327 0.000016 -0.418794 0.000055 -0.198687 0.275933 -0.035946 0.140034 0.000719 0.235791 0.000012 0.184661 0.013029 0.000017 0.000112 -0.250941 -0.493091 0.000147 0.089834 -0.000047 0.106210 -0.000074
0.243929 -0.169763 -0.063205 0.395825 -0.106653 0.361688 0.000073 -0.000070 -0.000109 0.042138 0.184258 -0.000004 -0.140502 0.100693 -0.000840 0.125725 -0.464334 -0.019380 0.027851 -0.000006 -0.119166 -0.000074 -0.023621 0.056481 0.306141 -0.049784 -0.000638 0.008868 0.000126 0.019654 -0.062616 -0.000099 0.000073 -0.052745 -0.106739 0.000058 0.079029 0.000051 0.094504 -0.000156
-0.615130 -0.220842 0.141984 -0.150655 0.093889 0.265119 0.000111 -0.000001 -0.001044 0.186535 0.336839 -0.000057 0.042900 -0.002828 -0.001634 0.282670 0.247627 0.194774 -0.077396 -0.000054 -0.180690 0.000024 -0.158765 0.082265 -0.373239 -0.123213 -0.000895 -0.021107 0.000070 -0.115483 0.500334 -0.000202 0.000035 0.305038 0.016908 0.000143 -0.002247 0.000117 -0.002556 -0.000258
0.082108 -0.057383 -0.166303 0.183878 0.083019 0.119753 -0.000111 -0.000280 -0.000542 -0.045010 -0.041516 0.000116 -0.120848 0.055278 -0.001372 0.012784 0.018934 -0.078620 0.020842 0.000104 -0.122756 -0.000122 -0.420555 -0.143908 -0.140096 0.522143 -0.001509 -0.230138 -0.000189 -0.112345 0.096169 -0.000174 0.000106 -0.401354 0.179407 0.000201 0.040183 0.000135 0.049724 -0.000003
0.208135 -0.089823 -0.242712 0.295028 -0.423571 -0.298934 -0.000052 -0.000038 -0.001465 -0.226155 -0.277407 -0.000058 -0.032447 0.087744 -0.002518 0.118969 0.210806 -0.068936 0.206599 0.000111 -0.115917 0.000041 0.314282 0.026606 0.016859 0.038796 -0.001082 0.003410 -0.000083 0.100188 0.051284 0.000151 0.000044 0.013867 0.049822 -0.000077 0.066075 -0.000054 0.080416 0.000139
-0.135889 -0.127742 0.246972 0.043537 -0.070810 -0.001623 0.000047 0.000209 -0.001649 -0.128743 0.517875 0.000042 -0.067388 0.060989 -0.002606 -0.149259 0.326534 -0.005176 0.352424 0.000101 0.052635 0.000078 0.315079 -0.225768 -0.102429 0.276668 -0.000693 -0.171218 0.000038 -0.101392 0.078353 -0.000160 -0.000123 0.049171 -0.007350 -0.000096 0.037198 -0.000052 0.049535 0.000119
0.063784 0.316944 0.082912 0.203195 0.463076 0.052585 0.000065 -0.000042 -0.000825 -0.125254 0.138895 0.000128 -0.251760 0.012342 -0.002066 0.051516 -0.395100 0.329543 -0.149453 -0.000111 -0.145435 -0.000248 -0.286768 0.111373 0.330587 -0.603105 -0.000313 0.081493 -0.000043 -0.096390 -0.195910 -0.000242 -0.000092 -0.405655 0.041625 0.000082 0.006887 0.000265 0.011256 -0.000193
0.250109 0.128941 0.199718 -0.399211 0.259466 -0.209718 -0.000185 0.000004 -0.000513 -0.022985 -0.146786 -0.000057 -0.353900 0.077511 -0.001216 0.115976 -0.069670 0.123343 -0.277725 0.000118 -0.043764 -0.000020 0.034237 -0.047797 -0.417712 -0.022034 -0.000928 0.038733 0.000003 0.455176 0.012938 0.000119 -0.000113 -0.249150 0.049010 -0.000249 0.060389 -0.000048 0.072209 -0.000034
0.230487 -0.156059 -0.086696 -0.091278 0.133727 0.238202 -0.000149 -0.000135 -0.000635 0.031659 0.224273 -0.000050 -0.113489 0.010018 -0.001273 0.292307 0.333205 0.047212 -0.003966 -0.000150 -0.166644 -0.000244 -0.119053 0.428019 -0.103229 0.016042 -0.000848 -0.263760 -0.000192 -0.325212 0.102114 -0.000328 0.000028 0.024403 -0.041115 -0.000022 0.007478 0.000259 0.009725 -0.000345
0.079202 -0.151110 -0.322170 -0.053665 -0.166735 0.237644 -0.000052 -0.000042 -0.000794 0.131042 -0.005167 0.000111 -0.046194 0.101746 -0.001093 -0.393670 -0.128829 0.035679 -0.040164 0.000092 -0.542170 0.000177 -0.225743 -0.223112 0.577930 0.014920 -0.001639 0.161279 -0.000054 0.339399 0.510855 -0.000360 -0.000238 -0.079228 -0.109727 -0.000047 0.079073 -0.000104 0.093003 -0.000121
0.154911 0.184653 0.218675 -0.069782 0.319778 -0.249069 -0.000242 0.000143 -0.000300 0.397131 0.031203 -0.000010 0.211533 0.120976 -0.001559 0.162607 0.192352 -0.197894 0.016943 -0.000075 -0.396200 -0.000190 -0.274815 0.036380 0.065894 -0.242567 -0.001449 -0.158638 0.000133 0.007341 0.380562 0.000090 -0.000143 -0.222104 0.001186 0.000303 0.091827 0.000032 0.113559 -0.000153
-0.004183 -0.035008 0.126289 0.145480 0.318182 0.029045 -0.000016 -0.000068 -0.001299 0.108012 -0.056672 0.000149 0.343699 0.064809 -0.002206 -0.141200 0.179360 0.100317 -0.028918 -0.000032 0.078845 -0.000067 0.145408 -0.458537 -0.241565 0.164385 -0.001450 0.014224 0.000022 -0.088197 -0.274097 -0.000315 0.000251 0.332038 0.375453 -0.000066 0.046907 0.000082 0.062918 -0.000191
-0.301016 0.172926 -0.012454 0.238349 0.026500 0.406174 0.000138 -0.000122 -0.000885 -0.199989 0.103848 -0.000134 -0.286196 0.090730 -0.001900 0.179095 0.081837 0.245381 0.160427 -0.000135 -0.246432 0.000215 0.328785 0.030761 -0.304843 0.021397 -0.000933 0.060885 0.000064 -0.291965 0.062162 -0.000096 0.000119 -0.108080 0.144762 0.000132 0.066589 -0.000155 0.084450 -0.000105
0.144528 -0.140432 0.087796 -0.042216 0.067391 0.310892 0.000034 0.000111 -0.000545 0.040879 -0.052306 0.000205 -0.283201 0.112821 -0.001531 0.196477 0.082727 -0.219152 0.100821 -0.000207 -0.162494 0.000150 0.487416 -0.255380 -0.204664 0.022558 -0.001083 0.051519 -0.000292 -0.000409 0.130858 -0.000083 0.000006 0.002408 0.170968 -0.000179 0.081977 -0.000234 0.103461 0.000026
-0.111053 -0.015091 0.027535 0.344200 0.084917 0.094831 -0.000131 0.000086 0.000564 0.033017 -0.166826 -0.000047 0.074736 0.049431 -0.001087 0.224100 0.046082 -0.126062 0.011215 -0.000102 0.272771 0.000167 0.018318 -0.025475 -0.081761 -0.426477 -0.000197 0.269510 -0.000140 0.253853 -0.001060 -0.000025 0.000001 0.197645 -0.040662 0.000203 0.034987 -0.000030 0.044322 0.000006
-0.106546 0.267826 0.020407 -0.107309 0.145795 -0.023661 -0.000163 -0.000075 -0.000790 0.180421 -0.000299 -0.000053 -0.116566 0.031096 -0.001463 -0.095599 0.191025 -0.050981 0.026488 -0.000084 0.241322 0.000076 0.250121 -0.613249 0.362350 -0.114348 -0.000745 -0.161791 -0.000006 0.167573 0.157494 -0.000147 -0.000230 0.145297 0.040231 0.000053 0.024812 0.000024 0.029714 -0.000332
0.120265 -0.249236 0.470382 -0.036068 -0.072180 -0.216892 -0.000138 0.000022 -0.000687 -0.220342 0.076039 0.000097 0.013636 0.072017 -0.001154 0.376111 -0.040643 0.059692 0.389492 0.000004 0.226036 -0.000070 -0.533821 0.082089 0.048925 -0.019310 -0.000061 0.052447 0.000186 0.040693 0.362026 -0.000131 0.000024 0.077346 -0.167252 -0.000070 0.055754 0.000045 0.067409 0.000057
0.202284 -0.101880 -0.103967 0.295150 -0.182290 0.201110 0.000123 -0.000201 -0.000194 0.106985 -0.018237 0.000085 0.232894 0.124173 -0.000229 -0.215046 -0.289845 0.002509 0.197803 0.000130 -0.127600 -0.000032 -0.324698 0.302806 0.039921 0.033697 -0.000674 0.403841 0.000113 0.201007 -0.008585 0.000014 -0.000054 0.164586 -0.032632 0.000032 0.096562 -0.000084 0.114195 0.000258
0.179950 -0.092221 0.057148 0.100445 0.248219 -0.172943 0.000119 -0.000112 -0.000409 -0.106371 0.296250 0.000071 0.117469 0.097101 -0.001074 -0.182385 0.084399 -0.067893 0.020818 0.000094 -0.214172 -0.000232 0.032959 0.096401 -0.257859 0.043582 -0.000235 0.016413 -0.000205 0.098924 0.386572 0.000115 0.000009 0.046129 -0.190612 0.000173 0.072761 -0.000051 0.090466 -0.000149
-0.401807 0.083276 0.051743 -0.231718 0.020560 0.142952 -0.000178 -0.000038 -0.000117 0.017634 0.163624 0.000066 -0.122090 0.105558 -0.000574 0.006697 0.065990 0.015826 0.026636 0.000061 0.310132 -0.000128 0.030268 -0.009612 -0.289529 0.239102 -0.000143 0.299514 -0.000186 -0.004491 -0.107239 -0.000100 0.000045 -0.166936 0.069286 0.000089 0.083020 0.000030 0.100420 -0.000123
0.394315 0.120937 0.287251 -0.097588 0.252886 0.012597 0.000068 0.000003 -0.000663 0.128521 -0.017836 -0.000105 -0.243653 0.125142 -0.000744 0.036463 0.221613 -0.456674 -0.303306 0.000048 0.036464 0.000188 0.002435 0.153821 -0.380124 -0.339352 -0.000165 -0.051543 0.000126 0.223141 0.100629 0.000114 0.000025 0.074064 0.045541 -0.000054 0.094364 -0.000026 0.113917 -0.000392
-0.254429 0.425306 -0.209814 0.065352 -0.092360 0.276022 -0.000311 -0.000051 -0.000831 0.099216 0.016336 0.000125 0.118380 0.086348 -0.001318 0.312104 -0.019607 -0.209899 -0.393403 -0.000204 0.007588 0.000073 0.173222 -0.150078 -0.388586 -0.287461 -0.000315 0.034472 0.000211 -0.325532 -0.150391 -0.000111 0.000030 -0.075850 0.200669 -0.000063 0.068544 -0.000204 0.081071 -0.000151
-0.079287 -0.619997 0.139703 -0.230592 0.281892 -0.294896 0.000054 -0.000235 0.000847 0.609396 -0.138973 -0.000021 0.168444 0.120463 -0.001774 0.215829 0.349925 -0.277919 0.002076 -0.000122 0.282888 -0.000037 0.131652 0.205559 -0.384307 0.080750 0.000195 0.074632 0.000116 -0.042783 0.311183 0.000067 -0.000035 0.097045 -0.296439 -0.000169 0.088979 0.000194 0.106976 -0.000090
-0.066684 -0.590762 0.329496 0.186400 -0.068256 -0.267113 0.000137 0.000050 -0.000240 0.064369 0.140491 -0.000032 -0.056828 0.058201 -0.000988 0.410692 0.111270 -0.016227 -0.281805 -0.000161 -0.289626 0.000032 0.132139 -0.268233 0.090829 0.053774 -0.000469 -0.305013 0.000087 0.574791 -0.202995 -0.000105 0.000172 -0.030915 -0.016404 0.000050 0.037923 -0.000287 0.051474 -0.000048
-0.122848 -0.089343 0.209854 0.074593 -0.109013 -0.404376 -0.000040 0.000082 -0.001030 0.340805 0.094252 -0.000018 -0.186368 0.109426 -0.001911 0.006895 0.176655 -0.126822 -0.630832 0.000071 -0.227824 -0.000107 -0.031520 0.166316 -0.028888 -0.378348 -0.001401 -0.009217 -0.000233 -0.336829 0.167462 0.000097 0.000033 -0.002411 0.098455 -0.000280 0.085441 0.000040 0.105916 -0.000177
0.308878 0.432117 -0.243379 0.268235 0.175174 0.088759 -0.000090 -0.000111 -0.001237 0.277566 -0.079695 0.000083 0.092942 0.105488 -0.002060 0.147440 0.073931 0.211711 -0.101000 0.000091 -0.069455 -0.000081 -0.263108 -0.215000 0.378919 -0.470996 -0.001702 0.110313 0.000132 -0.104473 0.020011 -0.000285 0.000181 -0.034417 -0.169434 -0.000059 0.087959 -0.000078 0.101324 0.000017
-0.048783 0.038813 -0.180910 0.300681 0.283534 -0.009796 0.000136 0.000000 -0.000868 0.139838 -0.031998 0.000048 -0.005977 0.022930 -0.002638 0.184490 0.294629 -0.163917 -0.034573 0.000011 0.033965 -0.000094 -0.264762 0.122396 -0.192600 0.254399 -0.002186 0.062792 0.000054 0.014942 0.219910 -0.000060 0.000032 0.203129 -0.246185 0.000124 0.016839 -0.000078 0.023156 0.000062
0.069567 -0.273586 -0.086740 0.002198 -0.000841 0.214664 -0.000186 0.000146 -0.001233 0.328571 0.283148 0.000089 -0.006960 0.054633 -0.002430 -0.192285 -0.374907 -0.166063 0.058938 0.000090 0.181719 0.000130 -0.351469 -0.104775 -0.107219 0.004613 -0.000951 -0.000260 -0.000065 0.488964 0.042205 -0.000155 -0.000096 -0.057476 0.156869 -0.000036 0.037387 -0.000046 0.048174 -0.000154
-0.069759 -0.078600 -0.003797 -0.016679 0.052002 0.321051 0.000367 0.000083 -0.000610 0.176413 -0.226932 -0.000059 0.003924 0.007539 -0.000344 0.054509 0.162483 -0.131661 0.239162 0.000052 0.106906 0.000013 0.074026 -0.190012 0.025422 -0.002624 -0.000793 -0.210909 0.000142 0.316580 -0.024297 0.000175 -0.000263 -0.092889 0.520605 0.000224 0.003902 0.000042 0.005567 -0.000112
0.188229 -0.194432 -0.103429 0.324070 0.372872 0.418853 0.000114 -0.000244 -0.001233 0.229281 0.268904 0.000035 -0.072300 0.035417 -0.001471 0.087237 -0.184173 -0.037898 -0.080592 0.000176 0.091572 0.000164 0.067959 0.257234 -0.264610 -0.317280 -0.002261 0.174424 0.000113 -0.016531 -0.289036 0.000056 0.000082 0.030677 -0.405641 -0.000101 0.025309 -0.000189 0.032761 0.000036
0.218350 -0.000651 -0.251987 -0.154073 -0.425538 0.090760 -0.000210 -0.000230 -0.000612 0.460258 -0.094208 0.000109 -0.081429 0.054110 -0.001095 0.043994 0.161353 -0.048054 -0.059006 -0.000110 -0.044275 0.000159 -0.096170 0.081602 -0.180519 -0.137410 -0.000553 0.151527 0.000132 0.353499 -0.280254 -0.000214 0.000038 0.138831 -0.132547 0.000244 0.040174 -0.000075 0.051847 -0.000035
-0.026179 0.009181 0.413328 -0.341921 0.124956 0.137268 0.000010 -0.000088 -0.000294 -0.077075 -0.310699 -0.000005 -0.135566 0.073784 -0.001891 0.139265 -0.168563 0.182394 -0.085333 -0.000083 0.266068 0.000210 0.066172 0.377362 0.334159 -0.156829 -0.001981 -0.164052 0.000018 -0.022120 -0.211353 -0.000023 0.000068 -0.223548 -0.363934 0.000055 0.053674 0.000183 0.067129 0.000114
-0.110952 -0.014984 -0.027559 -0.127420 -0.568007 -0.400449 -0.000041 -0.000237 -0.000484 0.100687 -0.031438 -0.000282 0.629370 0.042503 -0.001144 0.166707 0.132486 0.016701 0.040366 0.000107 -0.000590 0.000176 -0.077218 -0.090936 -0.037278 -0.651138 -0.000287 0.231563 -0.000059 0.303801 0.120970 0.000058 -0.000036 -0.071347 -0.499005 -0.000290 0.030162 0.000042 0.037427 0.000090
0.176680 -0.080898 -0.019258 -0.155798 0.116572 -0.200140 0.000071 -0.000058 -0.000946 -0.119422 -0.157919 -0.000105 0.290246 0.005475 -0.001015 -0.018294 0.288520 0.203995 0.002996 0.000068 0.040690 -0.000177 -0.311715 -0.046808 -0.086158 0.006892 -0.000433 0.115668 0.000128 0.090805 0.002029 0.000079 0.000051 -0.196358 -0.002999 -0.000117 0.005458 0.000139 0.005508 -0.000226
-0.208296 -0.009583 -0.031073 0.204759 -0.009427 0.075225 -0.000282 0.000210 -0.000409 -0.148360 0.003499 0.000067 0.066291 0.150504 -0.001905 -0.017085 -0.188027 0.023586 -0.190625 0.000037 0.505636 0.000085 -0.133841 0.013956 -0.046155 -0.085299 -0.000603 0.148346 -0.000114 -0.027927 0.076262 -0.000010 -0.000027 -0.160416 -0.092465 -0.000033 0.116734 0.000310 0.140423 0.000036
0.011176 0.169645 0.340021 -0.150009 -0.077694 -0.083340 0.000128 0.000051 -0.000323 0.106488 0.372490 0.000087 -0.396558 0.147862 -0.001814 -0.196258 -0.302955 -0.050784 0.007643 -0.000105 0.059241 -0.000129 -0.132352 -0.385210 0.250361 -0.055195 -0.000449 0.172625 -0.000042 -0.218590 0.447017 0.000036 -0.000062 0.211871 0.158766 -0.000019 0.114946 -0.000013 0.140107 -0.000100
0.007425 0.122238 -0.206170 -0.204065 0.059091 -0.002302 -0.000058 0.000023 -0.000544 0.391496 0.100576 0.000102 0.147789 0.126382 -0.000637 0.368346 0.039364 -0.614491 0.232071 0.000014 0.072110 0.000101 -0.147432 -0.126919 0.176005 0.266754 -0.000040 -0.200513 0.000020 -0.109358 -0.114318 -0.000129 -0.000315 -0.228484 0.487333 -0.000055 0.095229 0.000086 0.115820 0.000129
-0.240295 -0.045093 0.123710 0.025176 -0.362740 0.151766 -0.000025 0.000139 -0.000630 -0.098773 -0.180129 0.000031 -0.186631 0.000219 -0.001397 0.235548 0.236494 0.038554 0.054164 0.000125 -0.001369 -0.000009 0.011081 -0.197733 -0.109918 0.119153 0.000202 0.240395 -0.000034 0.176966 -0.199863 0.000168 -0.000193 0.032848 -0.191355 0.000076 0.000446 -0.000093 0.000358 -0.000182
0.033512 -0.003289 -0.268033 -0.091728 -0.196448 -0.183891 0.000142 0.000010 -0.000892 0.112217 0.012904 0.000005 -0.110447 0.014667 -0.001264 -0.265737 0.006776 0.234537 0.047463 0.000063 0.629491 0.000050 -0.135850 0.279018 -0.107619 -0.036610 -0.001475 0.300403 0.000123 0.101167 -0.243019 0.000053 -0.000061 0.008510 -0.057768 0.000252 0.012530 -0.000090 0.014381 0.000051
-0.045472 0.007495 0.159521 -0.083008 -0.310913 -0.162610 0.000040 -0.000094 -0.000429 0.299655 -0.290468 -0.000078 -0.284565 0.076073 -0.000727 0.266534 0.273564 -0.181305 -0.032421 0.000162 0.085590 0.000082 -0.425734 0.337396 -0.003343 0.045463 -0.001007 -0.127225 0.000169 0.091836 -0.472922 0.000196 0.000079 0.299686 0.336882 -0.000037 0.056696 -0.000029 0.069713 -0.000184
0.261998 -0.053227 0.105401 -0.169957 0.163642 0.273931 0.000019 -0.000122 -0.000206 0.209729 -0.001877 0.000109 0.080278 0.086053 -0.001429 -0.110672 0.092000 -0.066165 -0.095186 -0.000072 -0.139418 0.000081 -0.015503 -0.078384 0.125926 0.179601 0.000101 0.098803 0.000055 -0.112909 -0.197846 -0.000057 -0.000158 -0.001267 -0.404324 0.000104 0.062893 0.000034 0.076051 0.000033
-0.192845 0.036529 -0.114600 -0.222607 -0.522808 0.066791 0.000120 -0.000222 -0.001405 0.131252 0.090198 -0.000126 -0.124300 0.127802 -0.001793 0.060981 -0.081456 0.180136 0.047977 -0.000004 -0.281009 0.000000 -0.244803 -0.085004 0.282956 -0.024998 -0.000312 0.362114 0.000153 0.398104 -0.104107 0.000157 0.000036 -0.029424 -0.137252 -0.000153 0.097243 -0.000132 0.115793 -0.000214
-0.043181 0.010855 -0.077889 0.185439 -0.110626 0.329313 0.000044 0.000047 -0.001007 -0.431841 0.096816 -0.000039 0.122171 0.264846 -0.000941 0.187440 -0.228745 -0.317272 -0.127375 -0.000072 -0.232693 0.000056 0.003821 -0.331180 -0.189877 -0.105497 -0.000264 0.040063 0.000002 0.013186 0.343574 0.000117 0.000016 -0.568413 -0.003414 -0.000268 0.203997 -0.000069 0.246376 0.000101
0.035444 -0.357937 0.239348 -0.022670 -0.111868 0.180092 0.000444 0.000067 -0.000408 -0.057650 -0.004680 -0.000086 -0.250641 0.062742 -0.000940 0.097257 -0.060900 0.090233 -0.047952 -0.000069 0.211901 -0.000017 -0.182477 0.017764 -0.400160 0.096642 -0.000773 0.359883 -0.000198 -0.290532 0.256686 0.000080 -0.000108 0.038335 0.461906 -0.000024 0.048665 -0.000119 0.060035 0.000137
0.224440 0.020960 -0.018511 0.441541 -0.266052 0.034914 -0.000002 0.000083 0.000060 0.085660 -0.241576 -0.000092 -0.026688 0.075746 -0.000273 0.142193 -0.133571 -0.072547 0.046823 -0.000108 0.281149 0.000048 -0.076384 -0.034014 -0.028078 -0.519186 -0.000680 -0.421981 0.000174 0.284293 -0.075954 -0.000135 -0.000104 0.050181 0.172718 0.000147 0.062061 0.000061 0.071945 -0.000105
0.075972 0.108514 0.318953 -0.507762 -0.236335 -0.170442 0.000081 0.000092 -0.000376 0.455392 0.082254 -0.000017 -0.188162 0.057314 -0.000984 0.161263 -0.040207 0.440192 0.487207 -0.000053 -0.057062 0.000139 0.085162 -0.306938 0.194856 -0.067341 -0.000960 -0.437449 0.000098 0.182511 -0.333161 0.000122 0.000087 0.010206 0.203866 -0.000243 0.042825 -0.000242 0.052922 -0.000270
-0.134257 0.208433 0.377257 0.048221 -0.205637 0.066270 -0.000148 -0.000074 -0.000753 0.060909 -0.082135 -0.000063 0.144661 0.138001 -0.000625 -0.507741 0.074434 0.178284 0.159396 -0.000114 -0.037954 0.000457 0.139417 0.012453 0.127038 -0.412774 -0.000213 -0.108250 0.000071 0.160080 -0.224148 -0.000189 -0.000097 0.035044 0.169197 -0.000236 0.107343 0.000104 0.127940 0.000103
0.188391 0.037890 0.290866 -0.090131 0.044773 -0.122980 0.000148 0.000104 -0.001029 -0.147773 0.322086 -0.000113 -0.134682 0.152540 -0.000807 -0.393396 0.038400 -0.158204 -0.013130 0.000002 -0.264124 -0.000031 0.421612 -0.003081 0.298470 0.190204 0.000118 -0.456320 0.000170 -0.162010 0.162247 0.000010 -0.000087 -0.258434 -0.206544 0.000132 0.120375 -0.000004 0.141983 -0.000117
-0.039833 0.105942 -0.232046 0.045492 0.337071 -0.124656 0.000051 0.000230 -0.000847 0.115519 -0.021415 -0.000033 0.242062 0.149455 -0.001368 -0.437967 0.290033 0.334738 -0.253165 0.000095 0.031904 -0.000005 -0.361932 0.055261 0.236700 0.390095 -0.000405 0.058404 0.000060 0.031721 -0.101044 -0.000057 -0.000010 0.015963 0.179526 0.000066 0.111743 0.000415 0.137748 -0.000193
0.089549 -0.126862 0.304433 0.084135 0.118888 0.105942 0.000154 0.000010 -0.001315 -0.273147 -0.086101 -0.000062 -0.139807 0.062673 -0.002594 0.024810 -0.004040 0.117486 0.289803 0.000046 0.266917 -0.000060 -0.013381 -0.105645 -0.236643 0.084426 0.000300 0.076544 -0.000077 -0.351923 0.349560 0.000016 0.000016 -0.039405 0.241429 -0.000027 0.041232 0.000156 0.055788 -0.000081
-0.016114 -0.062416 -0.277910 0.561667 -0.198643 -0.049429 0.000054 0.000003 -0.000409 -0.145604 0.212252 -0.000048 0.248445 0.005233 -0.001556 -0.152859 -0.015760 0.278241 0.400751 -0.000357 -0.014835 0.000064 0.250222 0.310480 -0.219793 -0.114746 -0.000711 0.228087 -0.000388 -0.064798 0.023556 0.000101 0.000091 0.275575 -0.204771 -0.000083 0.004792 -0.000036 0.005218 0.000095
-0.239823 0.045265 -0.366938 -0.135114 -0.207521 0.297519 -0.000007 -0.000179 -0.001427 0.054738 -0.023889 0.000128 -0.441568 0.073838 -0.001842 0.074264 0.256865 -0.019220 -0.164899 0.000090 -0.009883 -0.000098 0.098021 -0.141570 0.131837 -0.196263 -0.000910 -0.154942 -0.000046 0.233641 0.423125 -0.000006 0.000124 0.156943 0.375869 0.000055 0.056982 0.000040 0.071012 -0.000185
-0.230790 0.270155 -0.222816 0.346505 0.192947 -0.669595 0.000108 -0.000116 -0.001185 -0.001779 0.153808 0.000036 -0.130113 0.052670 -0.001495 0.242881 0.224834 0.170383 -0.252049 -0.000124 0.346667 -0.000040 -0.066264 -0.114969 0.106113 0.271260 -0.000445 -0.525286 0.000000 -0.191201 -0.100018 0.000102 0.000109 0.124957 0.230586 -0.000354 0.041830 -0.000098 0.052142 0.000078
0.034953 0.186911 0.534870 -0.170667 0.079143 -0.028151 -0.000022 -0.000047 -0.001149 0.116586 0.077938 0.000176 0.093385 0.043654 -0.001306 -0.015406 -0.247372 0.028069 0.007036 0.000068 0.390163 0.000075 0.092253 0.055906 0.019224 -0.000604 0.000351 -0.418108 -0.000011 -0.364070 -0.240206 -0.000268 0.000013 -0.081958 -0.065050 0.000216 0.030643 -0.000071 0.040251 -0.000025
-0.350070 0.236826 0.159614 0.436406 0.241222 0.155479 0.000106 0.000064 -0.000292 -0.058443 0.019779 0.000014 0.310560 0.098208 -0.002127 0.187651 0.097328 -0.261749 0.103825 0.000159 -0.019846 -0.000084 -0.023012 -0.053324 0.106524 -0.227221 -0.000245 -0.024214 -0.000110 -0.044386 -0.100138 -0.000137 0.000022 -0.004778 0.048390 -0.000019 0.073982 0.000098 0.090576 0.000201
0.071410 -0.142368 0.471112 -0.513128 0.522001 0.373045 -0.000073 -0.000020 -0.000326 0.411219 0.093055 0.000096 0.033683 0.097077 -0.001750 -0.031076 -0.391918 -0.143245 0.076723 0.000007 0.246652 -0.000145 -0.059055 0.161466 -0.257675 0.275416 -0.000579 0.576140 -0.000031 -0.049867 0.095990 -0.000011 0.000092 0.216438 0.043127 -0.000016 0.070010 0.000054 0.089384 -0.000056
-0.121525 0.075445 0.369029 -0.092713 0.140551 0.163616 -0.000087 0.000217 -0.000965 0.400067 0.130991 -0.000066 -0.048024 0.060750 -0.001704 -0.180067 0.206463 -0.104094 0.081009 -0.000204 -0.419175 -0.000010 0.040360 -0.004394 -0.110957 0.083983 -0.000478 -0.125322 -0.000128 -0.040820 0.197594 0.000195 -0.000059 -0.058836 -0.249433 -0.000171 0.047884 -0.000129 0.055738 -0.000171
-0.060149 0.162090 0.102839 -0.127895 0.272607 0.210930 0.000020 0.000170 -0.000708 -0.090634 -0.343253 0.000019 0.009860 0.063806 -0.001740 -0.234112 0.189110 0.137128 -0.174752 -0.000052 -0.119457 -0.000261 -0.157259 0.054701 0.139516 -0.114692 -0.000527 -0.020955 0.000053 0.068193 -0.259051 -0.000120 0.000048 -0.350957 0.270108 -0.000006 0.047776 0.000042 0.058903 -0.000062
0.471596 -0.329109 0.458704 0.007385 0.183535 0.155366 0.000194 0.000065 -0.000762 0.114419 -0.063992 0.000052 -0.211443 0.060260 -0.001419 0.472772 0.027311 -0.165491 0.033737 0.000072 0.057466 -0.000121 0.072042 -0.102764 -0.304181 -0.112846 0.000627 -0.146566 -0.000226 -0.020985 0.186137 -0.000135 -0.000020 -0.028126 -0.070282 0.000168 0.044064 -0.000086 0.054375 -0.000028
0.126327 -0.061175 -0.327489 -0.329275 0.208248 0.053091 0.000056 0.000198 -0.000135 -0.449080 -0.158946 0.000028 0.169379 0.034163 -0.001187 -0.009648 0.038955 0.274869 -0.324328 -0.000065 0.198015 -0.000153 0.129618 0.034415 0.027608 -0.160461 -0.000540 0.620026 -0.000189 -0.015098 -0.192534 -0.000139 -0.000184 -0.247565 -0.278061 -0.000237 0.024270 -0.000055 0.032664 -0.000107
-0.549767 0.100485 -0.095633 -0.057431 0.171804 0.030136 0.000066 0.000157 -0.000994 0.213527 -0.006318 -0.000096 0.087268 0.055626 -0.001358 0.323861 -0.066425 -0.048047 -0.015109 -0.000175 0.485223 0.000043 0.006699 0.120522 0.136883 0.045634 -0.000156 -0.411345 0.000040 -0.121082 0.078734 -0.000184 -0.000184 -0.536674 0.341914 -0.000317 0.041124 0.000066 0.051279 -0.000104
0.032105 0.056851 -0.102644 -0.119983 0.395530 0.170556 -0.000071 0.000105 -0.000945 0.045025 0.092188 -0.000093 0.159721 0.002374 -0.001221 -0.354377 -0.099337 -0.109832 0.080616 -0.000160 0.006320 0.000080 -0.010076 -0.332874 0.183292 0.139896 0.000050 -0.302140 0.000012 0.193711 0.417983 -0.000097 0.000056 -0.028492 -0.064450 0.000189 0.002291 0.000132 0.002404 -0.000253
0.090124 0.319143 -0.102517 -0.153717 -0.055691 0.015432 -0.000032 -0.000186 0.000661 0.092403 0.043428 -0.000033 -0.220429 0.031739 -0.000371 0.037841 -0.146123 0.119920 0.170160 0.000064 0.010735 -0.000043 -0.173698 0.214760 0.254415 0.168027 -0.000273 0.349657 -0.000067 0.110187 -0.139660 0.000026 0.000042 -0.173163 0.295801 -0.000134 0.023437 -0.000017 0.028882 -0.000156
0.280047 0.284718 -0.102186 0.159536 0.084640 0.101944 -0.000060 -0.000150 -0.000757 0.067659 0.033862 0.000027 0.151117 0.093612 -0.001463 -0.078973 -0.502630 -0.199804 0.131150 0.000161 -0.080215 -0.000183 -0.462688 0.064642 0.129177 0.113417 0.000355 0.089001 0.000171 0.203974 -0.033633 0.000046 0.000024 0.055635 -0.030789 0.000198 0.072955 -0.000119 0.085406 -0.000139
0.280871 0.040016 -0.122681 0.042411 -0.068955 0.173468 0.000072 0.000108 -0.000740 0.212379 -0.048759 0.000090 -0.103034 0.157806 0.000201 -0.156014 0.129649 -0.195280 -0.008065 0.000202 -0.053859 0.000136 0.242246 0.167301 0.052635 0.021612 0.000279 -0.144467 0.000038 -0.102535 -0.352635 0.000066 -0.000126 -0.150953 -0.202914 -0.000168 0.121189 -0.000232 0.148683 -0.000086
0.033174 0.035864 0.309341 0.223464 -0.379156 -0.007113 0.000028 -0.000198 -0.000789 -0.196571 -0.134534 0.000037 -0.023425 0.128877 -0.001031 -0.269150 0.000370 0.125135 -0.308128 0.000021 -0.138431 -0.000154 0.352810 -0.103288 -0.407512 0.311752 -0.000536 0.239779 0.000226 0.033088 0.106682 0.000149 0.000050 0.230338 -0.151214 -0.000052 0.099296 0.000076 0.122065 -0.000305
-0.238725 0.002300 0.197546 0.181616 0.387967 -0.305337 -0.000038 -0.000276 -0.001614 -0.035908 0.001762 -0.000038 0.197499 0.103531 -0.002309 0.230882 -0.240712 -0.023810 -0.037865 -0.000173 0.028033 -0.000062 0.395962 0.148086 -0.273094 0.122958 -0.000319 -0.350949 -0.000056 -0.270922 0.145835 -0.000038 0.000091 0.029609 0.118155 0.000136 0.075267 -0.000208 0.097876 -0.000193
0.259972 0.111739 -0.169391 -0.174192 -0.050554 -0.073467 -0.000226 -0.000002 -0.000851 -0.048816 -0.164987 0.000104 0.054889 0.080166 -0.001087 0.155481 -0.055852 0.329889 -0.038699 -0.000037 0.228627 0.000125 -0.014585 0.018427 -0.140427 0.060765 -0.000628 -0.007983 0.000283 0.011371 0.050668 -0.000034 -0.000144 -0.091052 -0.010502 0.000211 0.056646 0.000179 0.073716 0.000076
-0.294135 -0.211775 -0.075861 0.196199 0.027922 -0.167957 -0.000083 -0.000056 -0.000157 -0.034893 0.182486 0.000116 -0.290224 0.021396 -0.001484 0.309993 -0.304059 -0.184195 0.037911 0.000170 0.120147 0.000044 -0.148909 0.440254 0.247067 0.089329 -0.001166 -0.117472 -0.000115 0.004655 0.079728 -0.000129 0.000058 -0.120814 0.104983 0.000246 0.014430 0.000083 0.019222 -0.000312
-0.103056 -0.062787 -0.143868 -0.209876 0.039325 -0.454627 -0.000028 -0.000068 -0.000164 0.102314 -0.110121 -0.000098 0.164399 0.005562 -0.001845 0.291857 0.305587 0.107044 0.233723 -0.000036 0.025135 -0.000049 0.297124 0.052602 -0.041306 -0.090177 0.000029 0.375951 0.000093 0.404060 -0.047965 0.000006 0.000088 -0.131515 -0.231597 0.000311 0.004630 0.000135 0.005484 -0.000168
0.072629 -0.062881 -0.105025 -0.062393 0.027413 -0.263332 -0.000137 0.000078 -0.000896 0.082716 -0.366907 -0.000009 0.400764 0.101398 -0.000714 -0.035434 -0.197132 0.179251 -0.285117 -0.000054 -0.175374 -0.000173 0.084898 -0.005812 -0.038847 0.113407 -0.000605 -0.049720 -0.000071 0.415839 0.140900 -0.000014 0.000040 0.001027 -0.158937 -0.000022 0.080079 0.000046 0.096614 0.000045
0.210094 0.185331 -0.148864 -0.316361 -0.008303 0.461627 0.000069 -0.000002 -0.000708 0.180583 -0.367180 -0.000008 -0.168905 0.052697 -0.000601 0.169542 0.144045 -0.149646 -0.057931 -0.000190 -0.141975 0.000165 0.000687 -0.198802 -0.252525 -0.051259 -0.000216 0.088834 -0.000023 -0.096046 0.262199 0.000061 -0.000281 0.077146 0.188142 -0.000203 0.035157 0.000161 0.049082 -0.000042
0.454127 0.091379 -0.257257 0.327320 -0.050476 0.240452 0.000125 0.000033 -0.000748 -0.022483 -0.313662 -0.000009 0.329546 0.006497 -0.001344 -0.293531 -0.057167 -0.149968 0.117132 -0.000048 0.090026 0.000052 0.120005 -0.073143 0.344361 -0.063034 -0.000503 -0.079757 0.000171 -0.080698 -0.006284 -0.000332 -0.000001 0.024812 -0.432955 -0.000013 0.005301 -0.000085 0.006446 -0.000043
0.091688 -0.057927 -0.339642 0.100838 -0.000588 -0.062539 0.000010 -0.000154 -0.000445 0.278226 -0.592586 0.000035 -0.189572 0.008802 -0.001302 -0.611369 0.178294 0.378397 0.002197 -0.000006 -0.206715 0.000046 0.179389 0.092606 -0.078079 0.456798 -0.001460 0.419886 0.000171 0.080114 0.269723 0.000209 -0.000131 0.276296 0.083301 -0.000040 0.007787 0.000023 0.008708 -0.000098
-0.376027 0.012795 -0.003431 0.358597 -0.263312 0.249990 0.000409 0.000154 -0.000205 0.152383 -0.233098 0.000139 -0.001109 0.144451 -0.001193 0.428722 -0.036998 -0.238277 0.106500 -0.000182 -0.010762 0.000115 0.082479 -0.281508 -0.224433 0.020003 -0.000580 -0.023293 -0.000161 -0.149608 -0.004843 0.000074 0.000020 -0.168452 0.243346 -0.000351 0.115892 0.000222 0.139240 -0.000272
-0.006939 0.075834 -0.190723 -0.074911 -0.326716 -0.135818 -0.000068 0.000166 -0.000598 -0.233407 0.299793 0.000032 -0.130453 0.171623 -0.001005 0.204245 0.132170 -0.040744 -0.342987 0.000058 0.208319 -0.000028 -0.175698 -0.532980 0.069582 0.363150 -0.000988 -0.122715 0.000171 0.054349 0.304080 -0.000055 -0.000029 0.188516 0.310837 0.000063 0.140581 0.000063 0.162683 0.000014
-0.015703 0.026837 -0.172991 0.072238 -0.054593 -0.094403 -0.000019 0.000025 -0.000389 -0.079016 -0.137135 -0.000081 -0.011357 0.170967 -0.001020 -0.236746 0.335749 0.020167 -0.351987 -0.000199 0.132436 -0.000007 0.309731 0.129483 0.052043 0.065815 -0.000237 -0.109323 0.000034 -0.007363 -0.180049 -0.000219 -0.000029 0.072552 -0.078188 -0.000163 0.130702 0.000232 0.154936 -0.000204
-0.314462 -0.053604 0.052391 -0.038549 -0.077561 -0.078059 0.000142 0.000135 -0.000493 -0.161184 0.429260 0.000021 -0.010173 0.004403 0.000064 0.233610 0.046827 0.028603 -0.197213 0.000006 0.147246 0.000098 0.001582 0.060005 0.260785 -0.060776 -0.000121 -0.025254 0.000069 -0.053724 -0.106057 -0.000135 0.000039 0.321438 0.140540 0.000128 0.002977 0.000106 0.005471 -0.000341
-0.100236 0.055612 -0.151174 -0.044139 -0.020288 0.129117 -0.000093 -0.000109 -0.000556 0.209748 0.063085 0.000066 0.093622 0.013609 -0.001631 0.030175 -0.052694 -0.355131 -0.108090 -0.000160 -0.070560 0.000147 0.273443 0.120668 0.279927 -0.040019 0.000574 0.213384 -0.000021 0.065924 -0.194878 -0.000084 0.000027 0.643933 -0.065799 -0.000120 0.008141 0.000014 0.011511 0.000157
0.488046 0.281003 -0.061908 0.102303 0.007983 0.167863 -0.000105 -0.000085 -0.000849 0.121852 -0.033551 -0.000132 0.369749 -0.002762 -0.001585 0.058882 -0.292671 0.006912 -0.226659 0.000051 0.180612 0.000029 -0.284659 0.233276 -0.141585 0.334717 -0.000352 0.100868 -0.000226 -0.224751 -0.412267 0.000004 -0.000066 0.227919 -0.069517 0.000054 -0.002608 0.000204 -0.002704 -0.000198
-0.444105 0.255470 0.013045 0.177020 -0.198156 -0.224638 -0.000033 -0.000174 -0.000986 -0.304827 0.110354 -0.000103 0.176984 0.004143 -0.000617 0.253612 0.243910 -0.124971 -0.082534 -0.000044 0.002901 -0.000110 -0.037050 -0.262825 0.065329 -0.002249 -0.001138 0.041277 0.000062 -0.092121 0.002410 0.000099 -0.000116 0.333228 0.034173 0.000048 0.004205 -0.000213 0.004197 -0.000204
0.195998 -0.046294 0.088810 0.111223 -0.120615 -0.320038 -0.000012 -0.000057 -0.001364 0.231518 0.002463 0.000131 -0.188673 0.045025 -0.000987 -0.235294 -0.097403 -0.079422 -0.233529 -0.000289 0.037038 0.000212 0.295712 -0.256172 0.072391 0.450279 -0.000530 -0.353432 0.000056 -0.061250 0.503278 -0.000076 -0.000146 0.202047 0.004984 -0.000109 0.030633 -0.000140 0.043028 -0.000041
-0.119098 -0.008972 -0.059109 0.121735 -0.232486 -0.150114 0.000069 0.000026 0.000833 0.240375 -0.369539 -0.000014 0.140342 0.042947 -0.000633 -0.122576 -0.230599 0.086494 0.115230 0.000097 -0.052585 -0.000109 0.219549 0.068563 -0.088680 -0.017220 -0.000106 -0.254060 0.000129 0.133797 0.176270 -0.000202 0.000105 -0.134728 0.287836 -0.000080 0.029664 -0.000065 0.036953 -0.000220
-0.057879 -0.017156 -0.150682 -0.292065 -0.157224 -0.281422 0.000143 -0.000094 -0.000299 0.003249 0.128624 0.000078 -0.011475 -0.000338 -0.001257 0.270635 0.274437 0.275602 -0.010913 -0.000035 0.039606 -0.000180 -0.095674 0.336761 -0.108262 -0.062860 -0.000880 0.015656 0.000003 -0.102306 0.157242 -0.000049 -0.000101 0.037185 0.020605 0.000049 -0.000106 -0.000044 -0.000251 -0.000272
-0.140949 0.142494 0.172142 0.237452 -0.133437 -0.086376 0.000059 -0.000081 -0.000335 -0.269894 0.057572 0.000050 0.165771 -0.091226 -0.000801 0.163257 -0.164042 0.000653 0.187470 0.000051 0.028542 -0.000077 -0.008915 0.380285 0.003968 0.433526 -0.001212 0.079394 -0.000117 -0.330106 -0.308435 -0.000059 -0.000007 -0.344396 -0.420722 -0.000046 -0.053400 -0.000069 -0.078677 -0.000245
0.080243 -0.010445 -0.096089 -0.029231 -0.223991 -0.371196 0.000115 0.000166 -0.000039 0.234396 0.346694 -0.000134 -0.035264 -0.002196 -0.001921 -0.348730 -0.374648 -0.112025 -0.015147 0.000061 -0.136434 -0.000142 0.261634 0.187741 0.033541 -0.026673 -0.001550 0.016939 -0.000080 0.004897 -0.211595 0.000106 -0.000150 -0.173626 0.446018 0.000227 -0.001789 0.000059 -0.002010 -0.000139
-0.010464 0.081550 0.006195 0.143791 0.349606 -0.022238 0.000161 0.000207 -0.000647 0.128344 -0.231806 0.000026 0.369239 0.040125 -0.001480 -0.016306 -0.035790 -0.035060 0.190987 -0.000115 -0.060568 0.000103 -0.014534 -0.040834 0.140506 0.008419 -0.000713 0.178551 -0.000141 -0.178464 -0.222299 -0.000158 -0.000009 0.032111 0.045256 -0.000010 0.025503 -0.000087 0.037713 -0.000006
0.080166 -0.162168 0.223826 0.381475 0.486938 0.053000 0.000141 -0.000026 0.000160 0.346429 0.156229 0.000065 -0.224469 0.034706 -0.001043 -0.284570 0.421609 -0.081329 -0.417733 0.000090 0.141130 -0.000027 0.042317 -0.257465 0.195927 0.021368 0.000484 0.223735 0.000000 -0.072881 -0.077715 -0.000084 0.000065 -0.009331 -0.246313 0.000040 0.022579 0.000391 0.030589 0.000040
0.292484 0.031671 0.028955 -0.169722 0.167327 -0.192367 0.000076 -0.000184 -0.000527 0.344902 0.080029 -0.000334 -0.331232 0.094789 -0.001323 -0.551309 0.080094 -0.088844 -0.025202 0.000182 -0.031212 0.000082 0.127863 -0.184123 -0.011391 0.263574 0.000025 -0.006203 -0.000008 0.267883 0.192157 -0.000121 0.000001 0.023491 0.241520 0.000091 0.071356 -0.000090 0.089248 -0.000044
-0.355744 -0.179173 0.271458 -0.250141 0.116397 -0.341890 -0.000085 -0.000118 -0.000806 -0.048191 -0.135062 0.000123 0.110865 0.097074 -0.002070 -0.008512 0.105819 0.330922 -0.056358 -0.000080 -0.110513 -0.000160 0.081382 -0.250543 0.262741 0.019405 -0.000450 0.097664 -0.000058 -0.136533 0.301523 0.000117 -0.000196 -0.521785 0.192360 -0.000083 0.074349 -0.000059 0.090120 0.000002
-0.012796 -0.001017 -0.122940 0.320864 -0.265836 0.240263 0.000045 -0.000171 -0.000658 -0.310388 -0.104102 -0.000027 0.182853 0.136223 -0.000507 0.135982 -0.070326 0.364231 0.064767 0.000021 0.090182 -0.000119 0.131199 0.126798 -0.222594 0.146675 -0.000047 -0.259221 0.000159 -0.333807 -0.073286 0.000012 0.000156 0.264733 0.155639 -0.000095 0.109133 0.000065 0.128956 -0.000291
-0.028792 0.200650 0.273519 0.308422 -0.026516 -0.058373 0.000138 0.000118 -0.000299 -0.026551 -0.236307 -0.000092 0.288254 0.126230 -0.001452 -0.022238 0.204442 -0.031194 0.259293 -0.000117 0.037873 0.000006 -0.009977 0.121700 -0.411659 -0.037632 -0.000440 -0.318246 -0.000021 0.289322 0.259070 -0.000018 -0.000026 0.201091 -0.011662 -0.000254 0.096895 0.000064 0.117185 -0.000266
-0.073720 -0.180261 0.142572 0.140584 0.148743 0.225898 0.000040 -0.000173 -0.000011 -0.304592 0.070176 -0.000138 -0.142862 0.101042 -0.001722 0.600267 -0.045550 -0.206827 -0.261664 -0.000155 -0.265917 -0.000173 0.129346 0.115495 0.238100 -0.129317 -0.000357 -0.000221 0.000026 0.153337 0.187913 0.000035 -0.000036 0.098144 -0.379043 -0.000057 0.077057 -0.000125 0.094619 -0.000129
-0.340006 -0.197676 -0.168888 -0.002156 -0.169908 -0.020386 -0.000047 0.000217 -0.001412 -0.070595 -0.096029 0.000042 0.371610 0.113683 -0.001206 -0.499651 0.034671 0.065267 0.028845 -0.000155 -0.202367 0.000105 0.181767 0.076978 0.430559 -0.284839 -0.000690 -0.000250 -0.000058 -0.111529 0.215826 0.000153 -0.000217 -0.315378 -0.031374 0.000035 0.087512 -0.000131 0.105377 -0.000040
-0.087477 0.016513 -0.064532 0.271835 0.028746 0.317618 -0.000037 0.000013 -0.000795 0.004329 0.058927 0.000018 -0.145029 0.076857 -0.001229 -0.159670 0.033462 0.166328 -0.146687 -0.000055 0.101381 -0.000112 0.061459 -0.318058 0.037513 -0.035853 0.000298 -0.122018 -0.000292 -0.164214 0.009636 0.000185 0.000038 -0.400111 0.182314 0.000309 0.061392 -0.000014 0.072046 -0.000064
0.279841 -0.204545 -0.085615 -0.517348 -0.111571 0.026045 0.000038 -0.000087 -0.001228 0.164598 0.391817 0.000034 -0.127101 0.032320 -0.002230 0.135209 0.180842 0.282563 0.487306 -0.000097 -0.343553 0.000123 0.110118 -0.011288 0.034736 0.131523 -0.002030 0.060945 0.000150 -0.141223 0.336248 -0.000070 0.000035 -0.416120 -0.117904 0.000227 0.023497 0.000024 0.029137 -0.000037
0.363192 0.170320 0.202374 -0.070669 -0.186059 0.004817 -0.000022 -0.000110 -0.000408 -0.324104 -0.361641 0.000032 -0.014001 0.097659 -0.000763 -0.049147 -0.061624 -0.468318 0.292393 0.000031 -0.142371 -0.000001 0.571001 0.145191 -0.107430 0.079256 -0.000303 0.036403 0.000123 -0.135944 0.108100 -0.000232 -0.000100 0.009600 0.026689 0.000244 0.067460 0.000039 0.088354 0.000123
0.098415 0.003392 0.108178 0.152300 -0.026718 0.002652 0.000020 -0.000192 -0.001268 -0.008023 -0.295048 -0.000014 0.116468 0.114822 -0.001541 0.161878 0.092613 0.161039 -0.001017 0.000060 -0.213133 -0.000157 -0.036885 -0.193159 0.089878 0.350204 -0.000401 -0.224742 -0.000080 -0.272495 0.128475 -0.000221 -0.000073 0.341967 0.340927 -0.000165 0.082885 -0.000169 0.103553 0.000220
0.020223 -0.335208 0.111520 -0.036905 -0.361300 0.186413 0.000112 0.000137 -0.000743 -0.215229 -0.012149 -0.000030 -0.176746 0.181396 -0.001613 -0.030205 0.009460 0.049801 0.022232 -0.000063 -0.157134 0.000214 -0.128477 0.223278 -0.144407 0.282970 -0.000149 0.147332 0.000082 0.265207 -0.167094 0.000123 -0.000033 0.011746 -0.193228 0.000006 0.138282 0.000301 0.167792 -0.000076
0.316937 -0.042616 0.258504 -0.162905 -0.254142 0.061761 0.000277 -0.000039 -0.001058 -0.526593 0.274763 -0.000200 0.169908 0.124106 -0.001197 0.155427 -0.220000 0.028113 -0.394541 0.000053 -0.267905 0.000137 0.034692 0.059064 0.168585 -0.168962 0.000021 -0.151288 0.000018 -0.054096 -0.318926 0.000123 0.000106 -0.099030 0.230983 -0.000134 0.100070 0.000231 0.119267 0.000041
0.083378 0.356082 -0.417315 0.215761 -0.189708 0.177794 -0.000216 -0.000128 -0.000614 0.021081 -0.234167 0.000073 0.194942 0.186882 -0.001026 -0.080373 -0.190163 0.072751 -0.079126 0.000129 0.569443 0.000202 -0.021800 -0.221791 0.142287 0.048428 -0.000982 -0.115083 0.000182 -0.371603 -0.151967 -0.000151 -0.000109 -0.051365 -0.143599 0.000003 0.144896 0.000108 0.175000 0.000063
0.099120 0.128782 0.247963 -0.135500 -0.249789 -0.035099 -0.000003 0.000219 0.000018 -0.080897 -0.314811 0.000034 0.221540 0.090008 -0.000886 -0.175143 -0.055168 -0.262816 0.041018 -0.000091 0.232476 -0.000131 0.008732 0.105833 0.414113 0.088089 0.000851 0.104882 0.000103 0.120575 0.015105 -0.000080 -0.000099 0.441104 0.005303 -0.000038 0.069367 -0.000286 0.083763 -0.000331
0.130747 -0.257178 0.213028 -0.113011 -0.287247 0.023903 -0.000006 0.000119 -0.000503 -0.158937 -0.025208 0.000107 -0.037940 0.033950 -0.001467 -0.031272 0.000767 0.335998 -0.024233 -0.000037 0.001771 0.000058 -0.215936 0.282344 0.029175 0.032592 -0.000671 0.190500 0.000100 0.174519 0.048927 -0.000028 -0.000048 0.257430 -0.007936 0.000012 0.024071 0.000057 0.032716 -0.000150
-0.050330 0.147996 0.029281 -0.174877 -0.258904 0.217086 -0.000034 -0.000078 -0.000746 -0.426519 -0.071686 -0.000112 0.224034 0.040232 -0.001560 0.176107 -0.300905 0.157846 -0.104393 -0.000023 0.033106 -0.000238 0.441864 -0.187866 0.009057 0.334616 0.000263 -0.156057 -0.000105 -0.022461 -0.157789 -0.000046 0.000059 -0.051378 -0.119039 -0.000175 0.027624 0.000128 0.039090 -0.000114
0.241362 -0.109857 -0.227457 -0.046821 -0.215584 -0.027767 -0.000193 0.000140 -0.000753 -0.123898 -0.039273 -0.000193 -0.033108 0.028982 -0.000733 -0.114458 0.112975 0.004126 -0.145295 -0.000073 -0.000203 -0.000077 0.029540 -0.168148 -0.167137 0.197479 -0.000539 -0.110334 -0.000056 0.205497 -0.444918 -0.000017 0.000068 -0.451257 -0.003569 -0.000240 0.017590 0.000213 0.024000 -0.000128
0.014170 0.064601 -0.144411 0.256832 0.151893 0.126613 -0.000045 0.000091 -0.000931 0.077955 -0.138066 0.000097 0.091633 0.088584 -0.000463 -0.002726 -0.180272 -0.010479 -0.138129 -0.000313 -0.031470 0.000166 -0.333420 -0.007107 -0.149137 0.277048 0.000195 0.136122 0.000220 0.062057 0.069388 0.000172 0.000037 0.034357 0.104261 -0.000278 0.063932 0.000291 0.081002 -0.000038
-0.008493 -0.464226 0.087239 0.155357 0.193404 0.210391 0.000035 -0.000097 -0.000991 -0.226257 -0.131718 -0.000234 0.113006 0.029109 -0.001390 0.396321 -0.088313 -0.036824 0.015907 -0.000010 0.430771 0.000095 -0.418488 -0.115361 -0.114623 0.026991 -0.001286 0.133910 0.000176 0.107263 0.106252 0.000101 -0.000176 0.173027 0.182176 0.000070 0.018086 0.000056 0.024009 -0.000333
-0.002490 -0.093789 -0.129994 0.509062 0.110172 -0.063482 0.000052 -0.000072 -0.000539 0.132090 0.325422 0.000059 0.517408 0.129872 -0.001711 -0.074074 -0.109040 -0.016257 -0.047406 -0.000024 0.342049 -0.000139 0.093341 -0.036416 0.040587 0.150068 -0.001058 -0.283297 0.000042 -0.280114 -0.116416 -0.000127 -0.000073 0.026091 0.077201 0.000137 0.094423 0.000412 0.115488 -0.000221
-0.035819 -0.065175 0.144523 0.099152 -0.081054 0.233187 0.000058 -0.000156 -0.000702 -0.135846 0.161906 -0.000226 0.236359 0.124252 -0.001314 0.013971 -0.274258 -0.176239 0.143680 -0.000021 -0.073085 0.000052 0.090404 -0.084151 0.517860 -0.618168 -0.000723 0.087717 -0.000006 0.200792 -0.023700 0.000004 -0.000105 0.062945 0.061424 -0.000127 0.096874 0.000162 0.114565 -0.000167
-0.451670 -0.039768 -0.407558 -0.131208 -0.053451 0.015054 -0.000024 -0.000051 -0.000764 -0.405932 0.175936 0.000099 0.086588 0.042732 -0.001709 0.273815 -0.103993 -0.298801 -0.305238 0.000074 0.261317 0.000276 -0.014479 -0.019408 0.092493 -0.138676 -0.000707 0.324188 -0.000130 -0.034955 -0.087160 -0.000162 0.000199 -0.352028 -0.287138 -0.000074 0.030847 -0.000025 0.042269 -0.000332
-0.056334 0.113807 -0.186734 -0.075368 -0.276938 0.072838 -0.000069 -0.000111 -0.000906 0.247156 0.128354 -0.000005 -0.129888 0.000214 -0.001022 -0.084953 0.204142 -0.071026 0.347197 -0.000041 0.120522 0.000156 -0.078464 -0.025592 0.065201 -0.071281 -0.000784 0.358916 -0.000032 0.447363 0.229946 -0.000196 -0.000021 0.391860 -0.194209 -0.000079 -0.000695 0.000064 -0.000104 -0.000150
-0.077206 -0.071080 0.062130 -0.156752 -0.156725 -0.159080 0.000027 -0.000062 -0.001684 0.103846 -0.003117 -0.000059 0.294882 0.075683 -0.002534 -0.208815 -0.033939 0.493473 -0.026772 0.000090 0.253414 0.000071 0.237981 -0.034168 -0.132692 0.183590 -0.003109 0.099964 -0.000058 -0.303132 0.044107 0.000078 0.000002 0.434806 -0.221540 0.000038 0.055975 -0.000005 0.070443 -0.000107
-0.103030 0.053902 0.190095 0.125806 0.036237 -0.276731 -0.000186 -0.000097 -0.000794 -0.023921 -0.116547 0.000107 -0.029461 0.134052 -0.002025 0.068255 -0.049332 -0.210463 -0.176124 0.000018 -0.280045 0.000019 -0.035102 -0.063400 -0.165192 0.387703 -0.001050 0.256538 -0.000138 0.302144 0.014643 0.000037 -0.000074 0.081498 0.201364 0.000134 0.100645 0.000102 0.122786 -0.000099
0.228130 0.138942 -0.111932 0.054121 0.130473 0.021216 -0.000161 -0.000119 -0.000718 -0.187122 -0.264930 0.000049 -0.192549 0.066576 -0.000767 0.253049 -0.475013 0.129311 0.271369 -0.000058 -0.277694 -0.000049 -0.414989 0.126803 -0.154578 0.056787 -0.000108 0.291063 0.000010 0.052723 0.255120 -0.000222 0.000076 0.005605 0.591182 0.000089 0.045548 0.000324 0.057684 0.000131
0.335303 -0.292836 -0.008724 -0.101121 -0.031759 0.232785 0.000015 0.000041 -0.000137 -0.170892 0.084056 0.000087 -0.120404 -0.005180 -0.001409 0.056723 -0.143551 0.176344 -0.014652 -0.000039 0.218290 -0.000029 0.171924 -0.006945 0.052065 -0.286769 -0.000615 -0.019716 -0.000230 0.225445 0.305031 0.000101 -0.000022 0.609157 0.301348 0.000117 -0.003197 0.000179 -0.004520 -0.000102
-0.004002 0.171385 -0.281659 -0.014153 0.279603 -0.156125 -0.000249 -0.000226 -0.001062 -0.204757 0.192716 0.000047 0.206139 0.054639 -0.000432 0.359855 0.271140 -0.117911 0.220532 -0.000019 0.335089 -0.000018 0.341232 0.007848 0.138348 -0.285309 -0.000739 -0.401980 0.000039 0.378399 -0.160267 -0.000045 -0.000055 0.263769 0.222203 -0.000139 0.039554 0.000026 0.051329 -0.000077
-0.309208 0.149848 -0.237789 -0.275123 -0.247007 0.163411 0.000021 0.000059 -0.000637 -0.149837 0.087015 0.000027 -0.113624 0.108394 -0.000769 -0.141385 0.130761 0.301595 -0.122628 0.000054 0.283679 0.000009 0.193667 0.114606 -0.005868 -0.147098 -0.000900 0.014974 -0.000000 -0.070383 -0.194442 -0.000095 -0.000185 -0.787033 -0.006413 0.000033 0.077165 0.000073 0.094785 0.000077
-0.034422 0.090687 0.019389 -0.104450 0.044484 0.243942 -0.000114 -0.000163 -0.001070 0.118576 -0.255131 0.000089 -0.065993 0.123618 -0.001687 -0.101519 0.017618 -0.145786 -0.141218 0.000175 -0.075997 -0.000009 0.000482 -0.261810 0.242017 -0.104915 -0.001102 0.052397 0.000212 -0.182000 0.256445 0.000096 -0.000069 -0.194276 0.114505 -0.000208 0.095879 -0.000130 0.116368 -0.000017
-0.049671 -0.200301 -0.009839 -0.001998 -0.073428 0.099224 -0.000146 -0.000086 -0.001112 0.012774 -0.088089 0.000059 0.172886 0.113706 -0.001606 -0.079771 -0.125577 -0.117377 0.062279 0.000101 -0.067910 -0.000037 0.184057 -0.325097 0.045631 -0.166041 -0.001821 0.345607 0.000089 -0.073195 0.116201 0.000129 -0.000180 -0.004147 0.219074 0.000250 0.085618 0.000057 0.105599 0.000001
-0.337752 0.165448 0.110244 -0.389412 -0.057375 0.038349 -0.000110 0.000058 -0.000165 -0.022094 0.045675 -0.000131 -0.239274 0.103806 -0.001080 0.104926 -0.113536 0.086572 0.061125 -0.000167 0.125327 0.000014 0.155453 0.022387 0.210954 0.484005 -0.000121 -0.050287 -0.000389 0.021173 0.146733 0.000037 0.000076 -0.221909 -0.159179 0.000122 0.079569 -0.000012 0.097820 -0.000015
-0.010072 0.003350 -0.282290 -0.099914 0.317334 -0.031774 -0.000067 -0.000093 -0.000675 -0.011591 -0.163771 0.000061 -0.121599 0.126258 -0.001147 0.004204 -0.135517 0.223828 -0.171211 0.000124 -0.110080 0.000045 0.011330 0.103752 -0.075620 0.483585 0.000509 0.035280 -0.000076 -0.079750 0.224390 -0.000190 0.000092 -0.066336 0.161585 -0.000380 0.095354 0.000060 0.117433 -0.000007
0.406686 -0.142079 0.025716 0.016684 0.102446 0.093107 -0.000153 -0.000044 -0.000373 -0.281624 -0.051228 0.000127 -0.129151 0.183968 -0.001556 0.165796 0.008826 -0.092197 -0.165249 -0.000047 0.280555 -0.000092 -0.242055 0.179031 0.094437 0.115780 0.000222 -0.181629 0.000199 0.085055 -0.472332 -0.000059 0.000016 0.066319 0.246656 0.000073 0.139291 -0.000008 0.167264 -0.000131
-0.162660 -0.126134 -0.857713 0.149580 0.183729 0.408474 0.000160 0.000062 -0.000480 0.095379 0.296975 0.000023 -0.059936 0.173818 -0.000791 -0.128616 -0.020890 0.002751 -0.094841 -0.000058 0.127395 -0.000071 0.124686 0.079659 -0.018429 -0.038933 -0.000751 0.261513 0.000163 0.104744 -0.177087 -0.000158 0.000016 -0.329624 -0.040338 -0.000118 0.138270 -0.000019 0.165951 -0.000081
-0.512413 -0.383841 0.017159 0.203175 -0.345708 -0.032398 -0.000110 0.000040 -0.000956 -0.028700 -0.308458 -0.000068 0.321566 0.188879 -0.001201 -0.057432 0.362535 0.253460 0.008808 -0.000089 0.045466 -0.000089 -0.103485 0.544602 -0.293336 0.094631 -0.000435 -0.033810 -0.000114 0.019399 0.002268 -0.000207 0.000183 0.027927 0.101584 0.000195 0.149529 -0.000126 0.178200 0.000106
0.059023 0.095268 -0.135618 -0.038447 -0.106894 0.097972 0.000003 0.000191 -0.001184 -0.064412 -0.115857 0.000097 0.250376 0.133155 -0.001554 0.045576 0.186511 -0.120745 0.116609 -0.000099 0.153475 0.000140 0.018381 -0.154099 0.142314 -0.088479 -0.000255 0.121150 -0.000095 0.028916 -0.356815 0.000100 -0.000052 -0.053976 -0.018120 0.000108 0.098903 -0.000056 0.118447 0.000205
-0.242991 0.174670 -0.218512 -0.059503 -0.030230 -0.326381 -0.000058 0.000069 -0.000402 0.106370 0.063699 0.000015 -0.151222 0.066301 0.000049 0.209566 0.060316 -0.011501 0.116880 -0.000006 0.252578 0.000090 -0.056897 0.260436 0.153364 0.049956 -0.000575 0.374710 0.000104 -0.094611 -0.031316 -0.000269 0.000176 0.197785 0.106093 0.000075 0.050963 0.000045 0.062897 -0.000177
-0.016597 0.363339 0.192638 -0.112087 -0.050341 -0.148071 -0.000130 -0.000046 -0.000481 -0.087718 0.090965 -0.000173 0.047290 0.086312 -0.001454 -0.066968 0.086457 -0.230128 0.216345 -0.000067 -0.115740 -0.000051 0.160729 -0.019317 0.027721 -0.106214 -0.000579 0.106768 0.000046 -0.017488 0.099051 -0.000028 -0.000010 -0.262785 0.003474 0.000216 0.064469 -0.000196 0.078446 0.000279
-0.086443 0.140369 -0.228731 -0.096122 -0.287247 0.162168 0.000070 -0.000049 -0.000706 -0.145343 0.363412 0.000075 -0.186591 0.076389 -0.001625 -0.462747 -0.068568 0.003487 -0.203955 -0.000009 0.004977 0.000188 0.335040 0.234104 0.012862 0.328747 -0.001491 0.355756 0.000258 -0.283408 -0.245649 -0.000184 -0.000098 -0.166581 -0.285007 -0.000206 0.058467 -0.000240 0.070864 -0.000044
0.440705 -0.065902 0.115833 -0.267292 -0.776670 0.032927 0.000195 0.000121 -0.000869 0.027612 -0.002615 -0.000086 -0.019569 0.115556 -0.000312 0.055977 -0.076358 0.106917 0.069317 -0.000079 -0.152916 0.000410 -0.016447 -0.090585 0.170045 0.087919 -0.000106 -0.086388 -0.000128 0.077484 0.295424 -0.000028 -0.000071 0.301699 -0.327848 -0.000089 0.084521 0.000295 0.102257 0.000114
-0.029774 -0.170034 0.175144 0.642878 -0.081018 -0.275094 -0.000006 -0.000170 -0.001175 -0.005542 0.018223 -0.000056 0.176694 0.147363 -0.001595 0.152736 0.071700 0.162000 0.642142 0.000162 -0.049577 -0.000148 -0.273041 -0.306880 0.098860 0.031954 -0.000205 -0.020362 -0.000108 -0.015168 0.108353 0.000065 -0.000120 -0.001881 0.194510 -0.000026 0.111675 -0.000027 0.135870 0.000055
-0.072933 -0.113479 -0.268781 0.094423 -0.267930 -0.323747 -0.000132 0.000007 -0.001134 -0.273956 0.067362 -0.000227 0.302589 0.130681 -0.001272 0.025916 0.170495 -0.034994 -0.095074 0.000070 0.180163 -0.000197 -0.270433 0.242875 -0.134273 0.130083 0.000428 -0.056727 -0.000168 0.126562 -0.547659 -0.000043 0.000064 -0.244891 0.092056 0.000268 0.097576 -0.000190 0.120533 -0.000033
-0.147384 -0.314350 0.166603 0.092097 -0.021276 -0.058857 0.000351 -0.000076 -0.000578 -0.072399 -0.098135 0.000378 -0.004073 0.108214 -0.001293 0.318114 0.172308 0.484120 -0.341989 0.000160 0.109627 -0.000017 0.039340 0.032996 -0.092052 -0.295773 -0.000834 -0.007296 0.000149 0.012644 -0.104707 -0.000209 0.000029 -0.207073 -0.205236 0.000047 0.085743 -0.000300 0.103908 -0.000222
0.191779 -0.008581 -0.514042 -0.466405 0.073180 0.064632 0.000076 0.000009 -0.000027 -0.214214 -0.037184 0.000017 -0.267536 0.087589 -0.000286 -0.022315 -0.195959 0.386565 -0.011660 -0.000051 0.088660 -0.000097 0.350440 -0.126176 0.217185 -0.093392 -0.000494 -0.130817 0.000302 0.624042 -0.054851 -0.000091 0.000040 0.059016 0.374541 -0.000146 0.063580 0.000170 0.082446 0.000026
0.069248 -0.008000 -0.057933 -0.117180 -0.126087 0.089738 0.000135 -0.000181 -0.000636 0.153999 0.106708 -0.000141 -0.013585 0.100123 -0.001710 -0.297369 0.180630 0.280238 0.205047 0.000038 -0.212820 0.000112 -0.183884 -0.034018 0.082139 -0.163710 -0.001590 0.156586 -0.000163 0.249251 0.215941 -0.000056 -0.000086 0.159271 -0.088238 0.000002 0.075025 -0.000008 0.096115 -0.000148
-0.345443 -0.024489 0.285275 -0.002136 -0.021207 -0.471554 -0.000049 0.000149 -0.001350 0.479447 0.124449 0.000075 0.221403 0.068168 -0.002193 -0.095066 -0.021535 -0.041933 -0.106749 -0.000066 -0.304654 0.000054 0.072650 -0.116864 0.026216 0.101003 -0.001567 0.152479 -0.000130 0.114199 -0.254562 -0.000085 -0.000058 0.054008 -0.077967 0.000039 0.051035 -0.000299 0.064353 0.000148
0.139886 -0.013158 0.013767 -0.226983 -0.151806 0.478793 -0.000100 0.000085 -0.001749 0.037035 -0.047349 -0.000073 0.079919 0.022284 -0.002932 -0.406005 0.037567 -0.192280 0.228214 -0.000089 -0.103044 -0.000009 0.131474 0.117388 -0.279954 -0.060140 -0.002047 0.223214 0.000046 0.262899 -0.121370 -0.000126 0.000135 -0.009470 -0.063619 -0.000206 0.014548 0.000183 0.019827 -0.000118
0.217548 0.090298 -0.044704 0.533804 -0.133676 -0.187153 0.000000 0.000045 -0.000720 0.039086 -0.085268 0.000140 -0.217096 0.041441 -0.002350 0.162586 -0.197411 -0.200800 0.390356 0.000073 0.121048 -0.000118 -0.138092 0.136093 0.147448 0.197555 -0.001320 0.132759 -0.000057 -0.015519 0.143886 0.000248 0.000026 -0.051004 -0.148541 -0.000094 0.027127 -0.000053 0.034307 -0.000443
0.115877 -0.210329 0.156018 -0.084010 -0.186858 -0.091282 0.000143 0.000092 -0.000750 0.174140 0.377699 0.000078 -0.358677 0.083860 -0.001246 -0.249122 -0.240294 -0.260061 -0.377087 0.000086 0.069260 -0.000095 0.053142 0.215805 0.074444 0.056434 -0.000882 -0.417315 0.000158 -0.365416 0.252108 -0.000145 0.000157 -0.355813 -0.116616 0.000014 0.062917 0.000064 0.078025 -0.000168
-0.224532 0.049360 0.293579 0.026297 -0.102372 0.050049 0.000257 -0.000171 -0.000432 -0.234835 -0.081997 0.000020 -0.146497 0.059520 -0.001024 0.299851 -0.042276 0.069344 -0.192888 -0.000068 0.208581 -0.000060 -0.115310 -0.021984 -0.034475 -0.115526 -0.000742 -0.570947 0.000167 -0.021425 0.478851 -0.000199 -0.000143 0.087001 0.036770 -0.000188 0.047548 -0.000128 0.055380 -0.000056
-0.325519 -0.104123 0.062697 0.123032 0.047595 0.425725 -0.000299 -0.000068 -0.001041 0.035773 0.186881 0.000066 -0.054783 0.045906 -0.000874 -0.329307 0.022291 0.176373 0.044519 -0.000185 0.210940 0.000192 0.068708 0.241584 0.059513 0.046441 -0.000495 -0.292874 -0.000031 -0.028990 0.136737 -0.000111 0.000035 0.375458 -0.135863 0.000054 0.032899 0.000034 0.041631 -0.000082
-0.565348 -0.216174 -0.110551 -0.127638 0.046207 0.407263 0.000123 0.000101 -0.001030 0.065635 0.337601 0.000065 -0.625361 -0.001239 -0.001679 0.449224 0.310802 0.305429 -0.160473 0.000043 0.105020 -0.000034 -0.037818 -0.125244 -0.183671 -0.242553 -0.000159 0.205725 0.000247 -0.269910 0.450037 -0.000022 -0.000119 -0.102433 -0.036078 0.000006 -0.000686 0.000057 -0.001007 0.000157
0.001374 0.236295 -0.253312 0.360385 0.245315 0.407730 0.000075 -0.000013 -0.000399 0.106374 0.053111 -0.000136 0.086433 0.065395 -0.001862 0.365413 0.141048 -0.334488 -0.036074 0.000087 -0.105091 -0.000025 -0.152525 0.029932 0.257618 0.017694 -0.000432 -0.035252 -0.000156 0.189908 -0.269587 -0.000171 0.000055 -0.199376 -0.658471 -0.000010 0.051013 -0.000061 0.063095 -0.000072
-0.155881 0.037072 0.278053 0.039815 -0.189184 0.055607 0.000319 -0.000152 -0.000949 0.641431 -0.180525 0.000218 -0.126826 0.064785 -0.001697 -0.345040 -0.521579 0.145428 -0.007460 0.000046 -0.358052 -0.000135 -0.063061 0.016090 -0.203496 0.028736 0.000137 0.079728 0.000148 -0.081617 -0.168361 0.000085 0.000112 -0.286505 0.092922 0.000050 0.052850 0.000110 0.061816 -0.000030
-0.193850 0.234052 0.138335 -0.189424 -0.193069 -0.398125 0.000160 -0.000084 -0.000918 -0.237922 0.056218 0.000042 0.381323 0.011378 -0.001358 -0.096638 -0.275781 -0.225759 -0.067316 -0.000076 0.056895 -0.000098 0.182010 0.389639 -0.094238 -0.015830 -0.001408 0.281554 -0.000097 0.024263 -0.029082 0.000137 0.000083 0.041149 -0.040151 0.000029 0.008369 -0.000237 0.010352 -0.000228
0.033662 -0.018944 0.239738 0.007017 0.113512 -0.154332 -0.000029 0.000032 -0.000853 -0.034154 0.003007 -0.000041 0.253706 0.005667 -0.001700 -0.147576 -0.406894 -0.274686 0.097729 0.000102 0.019776 -0.000052 0.049920 -0.028060 0.099462 0.581217 -0.000658 -0.160428 -0.000391 -0.083238 0.081122 -0.000051 0.000001 0.069822 0.096464 0.000048 0.005088 -0.000134 0.005682 -0.000145
0.006156 0.263925 0.239257 0.265487 -0.002779 0.457420 0.000062 0.000002 -0.000485 -0.110400 -0.099107 -0.000237 0.055536 0.076686 -0.000960 -0.117251 -0.185979 0.248173 0.160288 0.000036 0.148896 0.000195 -0.151513 0.139212 0.091967 0.043529 -0.000392 0.077388 -0.000124 -0.264676 -0.178350 -0.000230 0.000042 0.080551 -0.138447 -0.000372 0.059069 -0.000035 0.069098 0.000093
0.099113 0.119522 0.010772 0.036263 0.031285 0.027274 -0.000003 -0.000290 -0.000400 -0.401472 0.045739 0.000084 0.018755 0.062258 -0.000764 -0.043618 0.339787 -0.196198 0.099774 0.000030 0.021512 0.000242 -0.197680 -0.185969 -0.036157 0.034913 -0.000476 0.158823 -0.000100 0.273418 -0.070507 0.000005 0.000149 0.153590 0.306074 0.000049 0.040864 0.000177 0.055477 0.000160
-0.131334 -0.310399 -0.316767 0.119483 0.296381 0.207390 0.000030 0.000096 -0.000298 0.095291 0.057202 0.000014 0.058287 0.065046 -0.000727 -0.350827 0.002074 0.170908 -0.060415 -0.000203 0.190640 -0.000006 0.034099 0.071651 0.372320 -0.017687 0.000491 0.039573 0.000053 0.461981 -0.141805 -0.000047 -0.000078 0.012403 0.043701 0.000056 0.044114 0.000082 0.059654 -0.000098
0.043272 0.327352 -0.370180 0.143543 0.262442 0.046496 0.000128 -0.000044 -0.000824 -0.203874 0.100559 0.000073 0.269410 0.128019 -0.001816 -0.297933 0.026421 0.294880 -0.138405 -0.000031 0.222936 -0.000111 0.400074 0.242220 -0.110774 -0.261092 -0.000219 -0.055703 -0.000116 -0.040009 0.010418 0.000059 -0.000005 0.229010 -0.181177 -0.000112 0.098758 0.000397 0.117742 0.000044
0.210982 0.048700 0.109097 0.000230 0.183112 0.228559 -0.000148 0.000228 -0.000529 -0.006536 -0.026994 -0.000231 0.259605 0.044721 -0.001446 0.013335 -0.160521 -0.084371 -0.114536 -0.000037 -0.092576 -0.000049 0.202477 0.250900 -0.493234 0.197175 -0.000211 0.212276 -0.000043 0.473791 0.028724 0.000230 -0.000123 0.118663 -0.491323 -0.000027 0.033032 -0.000248 0.042043 -0.000077
