-0.006688
0.000014
0.009819
-0.003627
0.004811
0.008449
-0.009529
-0.000607
-0.000081
-0.436373
-0.001009
2.419197
0.021992
0.027260
-0.000432
-0.011689
0.000301
0.000063
7.616898
-0.000505
-0.012087
0.004642
0.000613
-0.001119
-0.528345
-0.005409
-0.005779
7.096248
0.031330
0.000220
6.533130
-0.016717
-0.001331
-0.000384
-0.002337
0.007389
0.000512
-0.000050
-0.011847
0.007366
0.000040
0.021619
0.000087
-0.004546
-0.007953
0.014097
-0.005100
-0.001809
-0.000374
0.000476
7.302656
0.000469
0.010745
0.001137
0.012802
-0.000619
-0.000000
0.028688
0.000054
-0.015131
-0.000400
0.009694
0.000032
-0.013665
0.015068
-0.018158
-0.000072
0.001587
6.703894
-0.017411
0.022206
-0.007637
0.000603
-0.000462
-0.000014
-0.007812
0.000133
-0.005807
-0.000610
-0.007132
-0.002506
0.004089
0.014857
8.292418
0.002051
0.003140
0.012085
0.000061
0.007867
-0.001585
-0.017435
-0.290889
0.009877
-0.011271
-0.000679
-0.022072
0.003771
-0.000140
0.000926
-0.241158
-0.000071
-0.002535
7.766166
-0.000428
0.000244
-0.000781
0.012444
0.000077
0.020294
0.001176
0.001043
0.000126
0.002620
-0.000001
0.000226
-0.000707
-0.000573
0.006300
0.000465
5.783324
-0.001063
-0.022920
