-0.007409
-0.044399
0.005635
-0.000329
0.055204
-0.005283
0.022390
0.055241
-0.044851
-0.001873
-0.005634
-0.012518
0.039028
0.020057
-0.000341
0.033986
-0.000239
-0.032150
-0.022685
0.045985
-0.015754
-0.012933
0.001643
0.002295
-0.002415
0.029355
-0.023620
0.002352
-0.001574
-0.038868
0.055155
0.021434
0.043454
-0.024452
0.000543
-0.003093
-0.000383
0.014876
-0.000785
-0.001240
-0.011098
0.011715
0.039562
-0.000717
-0.000217
0.001612
0.051999
0.002508
-0.002556
0.042044
-0.002384
0.051980
-0.001068
-0.000278
0.037156
0.008193
-0.000144
-0.000069
-0.049419
-0.009745
0.000893
-0.000594
0.049240
-0.001542
-0.000259
0.003522
-0.002839
-0.001776
-0.059564
-0.009337
