-0.065787
1.584550
2.591817
-0.009496
-1.937770
-0.057202
-0.247014
-1.543398
1.722350
-0.008841
0.221616
-0.008181
-0.642025
-0.280106
0.000123
-0.470732
0.024508
2.517185
2.789623
-0.865203
0.024099
-0.015137
1.881213
2.186517
-0.020729
-0.567414
1.542095
1.757971
-0.100484
1.509960
-1.833283
-0.289166
-0.713087
3.244309
2.245477
0.097593
0.016002
-0.357983
2.714356
0.004786
-0.015272
-0.234921
-0.768931
0.016929
0.020671
1.943743
-1.880448
-0.143679
2.051536
-0.680759
-0.030379
-1.796847
-0.002347
0.032853
-0.512443
2.206723
-0.000049
0.028988
0.100917
2.327532
0.000018
1.768579
-1.559137
0.013569
0.006417
2.008775
1.253181
1.692616
1.302877
2.143353
