-0.001659
-0.489891
-0.001324
-0.630824
-0.002441
0.222680
-0.146564
-0.077486
-0.001421
-0.001456
-0.043271
0.397911
-0.000778
-0.000044
-0.005880
-0.220009
-0.005102
-0.001556
0.260799
-0.252140
-0.233141
-0.303765
0.003279
-0.001746
-0.058089
-0.003576
0.003528
-0.212212
-0.231768
0.005371
0.261586
-0.372651
-0.002883
-0.003196
0.272506
-0.001797
-0.336112
0.212685
-0.307280
-0.001888
-0.008249
-0.004619
-0.000462
0.330228
-0.002751
-0.036511
-0.171174
0.000197
-0.007140
-0.023004
-0.268781
0.163754
-0.007196
-0.088958
-0.183088
0.103816
-0.417655
-0.163099
-0.209972
0.264672
0.374785
-0.003600
-0.148093
-0.001659
-0.229747
-0.001688
-0.152671
-0.007801
0.433777
-0.001676
-0.001567
-0.127680
-0.213342
0.238008
-0.239259
-0.001191
0.393654
0.082406
-0.000052
0.281235
0.013379
0.031781
-0.002655
-0.014788
0.000974
0.392023
-0.000422
-0.002634
-0.004641
-0.002638
0.231886
-0.002538
0.011548
0.231712
-0.001883
-0.073918
-0.003647
-0.680018
-0.177246
-0.001354
-0.290589
-0.001012
-0.300586
-0.000142
-0.000722
0.379671
-0.042868
-0.153971
-0.002691
-0.000984
0.000398
-0.003763
-0.001125
-0.001086
-0.012920
-0.002274
-0.001957
