0.047657 0.040102 -0.000049 -0.022813 -0.000019 -0.009150 0.061632 -0.035497 -0.017716 -0.000032 -0.058318 -0.019817 -0.000013 -0.000031 -0.041178 0.066859 -0.000041 -0.000003
-0.296994 0.028988 0.000029 -0.006745 0.000015 -0.009710 0.156257 0.050257 -0.006757 0.000014 -0.051243 0.006029 -0.000018 -0.000029 0.104799 0.051238 0.000004 0.000017
-0.226966 0.010661 -0.000013 0.029549 0.000055 -0.008772 0.201508 0.012137 -0.001421 0.000063 0.066211 -0.004011 -0.000004 0.000079 0.023427 0.026547 0.000037 0.000021
-0.274471 0.001219 -0.000022 0.099190 0.000077 -0.008628 0.107998 0.044025 0.024833 -0.000022 0.053856 0.071627 -0.000015 0.000079 0.087912 0.004187 -0.000037 0.000015
-0.387910 0.000508 -0.000015 0.156663 0.000034 -0.008098 0.265249 0.182296 0.068262 0.000064 0.224583 0.217105 -0.000008 0.000065 0.101656 -0.005509 -0.000031 0.000037
-0.108230 0.000038 -0.000001 0.164476 -0.000028 -0.007955 0.422818 0.132883 0.074330 0.000032 0.139314 0.100025 -0.000014 0.000001 0.110589 -0.014712 -0.000055 0.000038
-0.116016 -0.001857 -0.000072 0.183293 0.000057 -0.008697 0.481832 0.139909 0.082149 0.000021 0.099790 0.109050 -0.000014 -0.000058 0.085949 -0.022793 0.000061 0.000030
0.177724 -0.016320 0.000004 0.256643 -0.000064 -0.009097 0.648110 0.204810 0.117377 0.000037 0.281471 0.125575 0.000007 0.000026 0.303679 -0.049180 0.000066 0.000067
0.170802 -0.038218 0.000008 0.326862 0.000092 -0.009177 0.577440 0.317452 0.156565 0.000003 0.278910 0.266770 -0.000040 0.000016 0.285286 -0.080063 -0.000038 0.000032
0.107371 -0.041344 0.000022 0.332585 -0.000034 -0.009101 0.393326 0.356132 0.163006 0.000013 0.392626 0.225577 0.000029 -0.000125 0.273005 -0.083395 0.000068 -0.000023
0.017532 -0.013783 0.000056 0.258001 -0.000042 -0.009005 0.300420 0.209095 0.121383 0.000040 0.156975 0.244972 -0.000047 -0.000028 0.161813 -0.044552 0.000040 -0.000060
0.036830 -0.000161 0.000031 0.132674 -0.000038 -0.009775 0.103984 0.127368 0.046116 0.000003 0.158948 0.030059 0.000073 0.000038 0.047836 -0.000108 -0.000014 -0.000006
-0.150485 0.028967 0.000015 -0.004453 0.000044 -0.009840 0.212849 0.036940 -0.000617 0.000059 0.032223 -0.004968 -0.000038 -0.000054 -0.003280 0.043043 0.000057 0.000001
-0.151345 0.108274 -0.000010 -0.160061 0.000003 -0.010908 0.024654 -0.176696 -0.091395 -0.000023 -0.282900 -0.203775 -0.000003 0.000029 -0.137250 0.148645 0.000021 0.000038
0.127423 0.129324 -0.000019 -0.206598 0.000045 -0.011439 -0.318402 -0.280631 -0.112921 -0.000004 -0.249284 -0.275105 0.000019 -0.000080 -0.261681 0.181308 0.000002 -0.000051
0.047413 0.113772 -0.000008 -0.182360 0.000148 -0.010751 -0.479372 -0.124170 -0.089382 0.000045 -0.153456 -0.177251 -0.000048 0.000069 -0.254095 0.166356 -0.000072 0.000021
0.296450 0.082041 0.000012 -0.118622 -0.000066 -0.011096 -0.687155 -0.102220 -0.045743 -0.000028 -0.131000 -0.147213 -0.000008 0.000070 -0.067069 0.129054 0.000018 0.000111
0.208974 0.045638 0.000022 -0.036439 0.000019 -0.010754 -0.750917 -0.008109 -0.000404 -0.000015 -0.135278 -0.039988 -0.000022 -0.000014 0.029786 0.083431 0.000002 0.000057
0.440739 0.060327 0.000015 -0.064605 -0.000080 -0.009968 -0.441790 -0.034140 -0.018623 0.000029 -0.122292 -0.044031 -0.000018 -0.000027 -0.056170 0.102721 0.000015 -0.000011
0.572247 0.079526 0.000011 -0.102654 -0.000062 -0.010348 -0.348797 -0.053359 -0.045802 -0.000038 -0.127037 -0.135620 -0.000007 -0.000053 -0.133325 0.127457 0.000068 0.000030
0.453822 0.076806 -0.000015 -0.099558 0.000007 -0.009997 -0.411162 -0.171558 -0.042413 -0.000041 -0.123530 -0.107246 -0.000019 0.000014 -0.176450 0.124007 -0.000132 -0.000024
0.441018 0.042572 0.000013 -0.031696 -0.000007 -0.010579 -0.444916 -0.056466 -0.000126 -0.000014 -0.029593 -0.103286 -0.000004 -0.000023 0.028462 0.081008 -0.000018 0.000027
0.264271 -0.001066 -0.000042 0.117292 -0.000021 -0.010872 -0.593547 0.049708 0.063587 -0.000035 0.029185 0.118602 -0.000038 0.000081 0.100097 -0.001453 0.000031 -0.000005
-0.026591 -0.005804 -0.000025 0.128622 -0.000078 -0.010202 -0.428333 0.121401 0.084030 -0.000008 0.057079 0.129738 -0.000013 -0.000037 0.146595 -0.009769 0.000046 0.000031
0.002853 -0.000183 0.000009 0.004345 0.000004 -0.009774 -0.148299 -0.029106 0.023198 0.000019 0.032499 -0.001709 -0.000011 -0.000017 0.009096 0.025097 0.000071 0.000058
-0.059329 0.085713 -0.000014 -0.226741 0.000061 -0.009883 -0.093601 -0.230597 -0.083898 0.000036 -0.354177 -0.275276 -0.000066 -0.000022 -0.165299 0.154055 -0.000019 0.000050
-0.163118 0.115922 0.000016 -0.291890 -0.000038 -0.009955 -0.125870 -0.292456 -0.126159 0.000003 -0.427212 -0.251949 -0.000018 -0.000066 -0.209068 0.192023 0.000082 0.000014
-0.231816 0.068793 0.000050 -0.169466 0.000083 -0.009718 -0.152191 -0.093444 -0.053538 0.000054 -0.131030 -0.263063 0.000007 -0.000021 -0.153235 0.125932 0.000060 -0.000030
-0.015402 0.018489 -0.000002 -0.019497 -0.000039 -0.010053 -0.040940 -0.101938 0.000285 -0.000051 -0.062564 -0.034366 -0.000022 0.000012 -0.064052 0.051616 0.000021 -0.000030
0.035623 0.000699 0.000024 0.066277 -0.000035 -0.010554 -0.052815 0.075164 0.013893 -0.000034 0.003802 0.000133 -0.000065 -0.000135 0.021625 0.002725 0.000014 0.000017
0.285234 0.000430 -0.000022 0.136922 -0.000044 -0.010277 0.104037 0.149444 0.048295 -0.000000 0.095679 0.118059 0.000003 -0.000065 0.057018 0.001540 -0.000006 -0.000014
0.343569 0.000202 0.000019 0.190850 -0.000023 -0.010583 0.274055 0.156002 0.079863 -0.000095 0.214117 0.162771 0.000026 0.000015 0.231855 -0.003368 0.000028 0.000034
0.343330 -0.061131 0.000034 0.321111 -0.000090 -0.009792 0.063547 0.352853 0.169961 0.000019 0.194123 0.257148 0.000008 0.000041 0.249324 -0.096399 0.000036 -0.000021
0.512529 -0.100550 0.000016 0.381291 0.000063 -0.009112 0.355661 0.396568 0.214024 0.000001 0.322323 0.256371 0.000023 0.000052 0.368039 -0.144843 -0.000037 -0.000025
0.265945 -0.085341 0.000033 0.350875 -0.000004 -0.009108 0.458334 0.322402 0.193354 0.000025 0.289324 0.310138 -0.000044 0.000004 0.244673 -0.127694 -0.000037 -0.000100
0.235943 -0.062815 0.000031 0.319097 0.000058 -0.008695 0.606050 0.220183 0.169085 0.000001 0.327323 0.322899 -0.000008 -0.000011 0.184190 -0.102820 -0.000014 -0.000029
-0.000729 -0.047316 -0.000082 0.297321 0.000040 -0.008824 0.548534 0.208041 0.153095 0.000045 0.189365 0.274036 -0.000009 0.000021 0.301768 -0.085119 0.000034 0.000005
0.046733 -0.046837 0.000039 0.297265 -0.000007 -0.008801 0.616669 0.288580 0.154567 -0.000010 0.249869 0.359913 -0.000004 0.000052 0.252747 -0.084728 -0.000073 -0.000030
0.083867 -0.039368 0.000011 0.289929 -0.000017 -0.008827 0.448097 0.217960 0.148818 -0.000038 0.209439 0.176822 -0.000027 0.000041 0.239450 -0.076519 -0.000003 0.000015
-0.047209 -0.010028 0.000007 0.233501 0.000100 -0.008828 0.412650 0.194287 0.111089 -0.000015 0.167944 0.286623 0.000016 0.000041 0.269724 -0.040992 0.000025 -0.000050
0.098659 -0.000356 0.000011 0.192126 0.000075 -0.009224 0.388186 0.203672 0.084639 -0.000089 0.223956 0.111033 -0.000048 0.000079 0.160433 -0.015734 -0.000027 -0.000018
0.096184 0.000172 0.000012 0.132448 -0.000071 -0.008802 0.252200 0.094217 0.055086 -0.000033 0.049044 0.152696 -0.000002 0.000018 0.187080 0.001034 0.000021 -0.000045
0.241067 0.000097 0.000017 0.142539 -0.000073 -0.009383 0.251659 0.134695 0.076897 -0.000051 0.131686 0.068954 0.000018 -0.000020 0.128284 -0.013022 -0.000025 0.000007
0.024652 0.000083 -0.000023 0.117783 0.000036 -0.008647 0.187073 0.052095 0.077362 0.000021 -0.001938 0.090728 -0.000045 -0.000007 0.041650 -0.012575 -0.000014 0.000023
-0.022317 0.000589 -0.000033 0.067163 -0.000022 -0.009088 0.222482 0.096413 0.053153 0.000070 0.037628 0.005188 -0.000018 0.000139 0.085348 0.001084 -0.000055 0.000028
-0.186100 0.000756 -0.000002 0.039702 0.000038 -0.009367 0.281537 0.058751 0.037242 -0.000077 -0.028094 -0.052271 -0.000020 0.000018 -0.009098 0.001443 0.000054 0.000058
-0.290866 0.000855 0.000007 0.009519 0.000004 -0.009868 0.114465 -0.056019 0.020636 -0.000039 0.007209 0.001949 0.000013 -0.000047 0.069615 0.001695 -0.000021 -0.000101
-0.378250 0.000810 0.000010 0.001484 -0.000007 -0.009639 -0.036335 -0.008104 0.019635 -0.000037 -0.031758 0.042928 0.000011 -0.000044 0.076445 0.004099 0.000003 -0.000021
-0.257679 0.001044 -0.000011 -0.036760 -0.000036 -0.009432 -0.061639 0.020596 0.007444 -0.000015 -0.055353 -0.127781 -0.000050 -0.000147 -0.074775 0.027980 -0.000070 -0.000024
-0.019379 0.010736 0.000045 -0.073901 -0.000061 -0.009858 0.042699 -0.037711 -0.000183 -0.000010 -0.002141 0.002321 -0.000005 -0.000026 -0.084012 0.056486 -0.000134 -0.000043
-0.046816 0.029002 0.000022 -0.094613 -0.000018 -0.010162 -0.019694 -0.031598 -0.012655 0.000056 -0.055349 -0.082021 -0.000075 0.000068 -0.024816 0.078880 -0.000034 0.000101
-0.173168 0.013448 -0.000016 -0.035900 0.000067 -0.009869 -0.001907 -0.067361 0.000227 0.000028 -0.070069 -0.062437 0.000031 -0.000023 -0.060100 0.056378 -0.000009 0.000024
-0.068524 0.001792 0.000003 0.010682 -0.000040 -0.010322 0.072414 0.020825 0.006911 0.000036 0.009161 -0.054322 0.000013 0.000018 -0.011847 0.033846 0.000004 -0.000053
0.077944 0.002015 0.000012 0.031691 0.000018 -0.010248 -0.012312 0.042449 0.015194 0.000013 -0.005877 -0.043983 -0.000031 -0.000057 -0.024997 0.017541 0.000010 0.000039
-0.052960 0.003592 0.000024 0.004394 -0.000009 -0.010554 0.055185 0.033420 -0.000910 0.000021 0.025910 0.026138 0.000019 0.000009 0.039760 0.034893 0.000037 0.000113
0.022363 0.040458 -0.000004 -0.071005 -0.000096 -0.009658 -0.011575 -0.046217 -0.005806 -0.000071 -0.096492 -0.019382 -0.000027 -0.000017 -0.147693 0.081940 0.000025 -0.000013
0.117961 0.054091 -0.000011 -0.092316 0.000009 -0.008757 -0.048775 -0.038605 -0.023849 -0.000023 -0.064243 -0.165937 0.000007 0.000056 -0.027484 0.098221 -0.000019 -0.000009
0.025598 0.069120 -0.000020 -0.102181 -0.000004 -0.008856 -0.384414 -0.100885 -0.039792 -0.000004 -0.150246 -0.205056 -0.000040 0.000061 -0.137488 0.115040 0.000017 0.000046
-0.247263 0.079157 0.000009 -0.104463 0.000019 -0.008776 -0.246411 -0.145584 -0.050196 0.000056 -0.128379 -0.188330 0.000004 -0.000016 -0.080720 0.125721 -0.000036 0.000046
-0.295680 0.092172 0.000035 -0.116867 0.000132 -0.008920 -0.495097 -0.054338 -0.064704 -0.000069 -0.129106 -0.063715 -0.000008 -0.000035 -0.142744 0.140009 -0.000047 0.000021
-0.223720 0.110900 -0.000047 -0.167622 -0.000038 -0.008867 -0.381777 -0.144303 -0.094130 -0.000069 -0.157226 -0.149839 0.000023 0.000039 -0.156058 0.166529 0.000094 0.000014
-0.261050 0.119619 0.000016 -0.211525 0.000003 -0.008798 -0.350136 -0.177565 -0.116285 -0.000037 -0.142073 -0.270457 -0.000019 -0.000063 -0.138679 0.181332 0.000032 0.000016
-0.394554 0.102627 0.000001 -0.216273 -0.000033 -0.008860 -0.098381 -0.191838 -0.109973 -0.000031 -0.307883 -0.116776 -0.000004 0.000031 -0.259126 0.164069 0.000061 -0.000033
-0.256105 0.083131 0.000009 -0.195748 0.000036 -0.008754 0.021790 -0.125374 -0.093525 -0.000008 -0.224841 -0.110727 0.000008 0.000039 -0.105906 0.139003 -0.000025 -0.000012
-0.255229 0.030357 0.000007 -0.087699 0.000020 -0.008875 0.328380 -0.068404 -0.026340 0.000033 -0.112111 -0.108084 0.000064 -0.000073 -0.094071 0.067870 -0.000044 -0.000019
-0.211248 0.001968 -0.000003 -0.005625 -0.000033 -0.008936 0.274336 0.017346 -0.000710 0.000023 -0.010568 -0.125479 0.000007 0.000007 0.002545 0.022360 -0.000005 0.000006
-0.112024 0.000678 0.000083 0.114154 0.000093 -0.009746 0.534048 0.129210 0.035800 -0.000001 0.053058 0.102545 0.000009 -0.000079 0.067247 0.001031 -0.000020 0.000011
-0.075222 -0.004118 -0.000023 0.222100 0.000043 -0.009428 0.464931 0.166780 0.096535 0.000020 0.303095 0.249190 0.000001 -0.000031 0.205342 -0.031836 0.000017 -0.000003
0.114700 -0.020299 0.000003 0.300032 0.000074 -0.009506 0.330744 0.321808 0.138494 0.000020 0.296007 0.333748 -0.000004 0.000043 0.295010 -0.060470 -0.000117 0.000030
0.070641 -0.004147 0.000000 0.280416 0.000100 -0.009687 0.226505 0.226966 0.122259 -0.000013 0.162703 0.280893 0.000029 0.000130 0.304996 -0.043036 -0.000080 -0.000058
0.308167 0.000871 -0.000015 0.211609 0.000018 -0.009317 0.193339 0.234888 0.084050 0.000015 0.217338 0.200644 -0.000001 0.000035 0.096678 -0.013425 0.000069 -0.000012
0.277949 0.001109 0.000038 0.104890 -0.000040 -0.009799 0.185939 0.078299 0.025288 0.000017 0.069914 0.023490 0.000071 0.000131 -0.000921 0.002144 0.000026 -0.000051
0.307559 0.000662 0.000015 0.081138 -0.000061 -0.009415 0.333988 0.062657 0.018775 -0.000016 0.133697 0.035218 0.000027 -0.000042 0.050114 0.001082 -0.000021 0.000100
0.019460 0.000235 0.000049 0.091853 0.000057 -0.009508 0.280574 0.141505 0.029756 0.000027 0.109251 0.089463 -0.000027 0.000028 0.038245 0.000519 0.000093 0.000023
-0.264498 -0.002570 -0.000057 0.157689 0.000041 -0.009602 0.168044 0.187053 0.073976 -0.000120 0.099131 0.125135 0.000016 0.000033 0.227990 -0.011450 0.000080 -0.000018
-0.255882 -0.006461 -0.000028 0.166381 0.000101 -0.009649 0.028647 0.133572 0.085890 0.000009 0.195702 0.130001 0.000014 0.000037 0.156045 -0.015375 0.000120 -0.000034
-0.369979 -0.000378 0.000025 0.093871 0.000048 -0.010012 0.396080 0.124520 0.044588 0.000017 0.015407 0.037969 -0.000008 -0.000042 0.057554 -0.000305 -0.000051 -0.000016
-0.413289 0.005296 0.000020 -0.003735 0.000138 -0.010233 0.350031 -0.083028 -0.000063 -0.000039 -0.009559 -0.003815 0.000045 -0.000042 -0.025825 0.029661 0.000042 -0.000024
-0.351288 0.027344 -0.000022 -0.083925 -0.000041 -0.010239 0.431732 -0.037499 -0.016050 -0.000016 -0.160852 -0.026853 0.000020 0.000022 -0.097672 0.062805 -0.000021 -0.000016
-0.438686 0.031860 -0.000006 -0.131722 0.000019 -0.009856 0.151323 -0.123998 -0.048670 -0.000006 -0.159030 -0.093197 0.000039 0.000022 -0.185539 0.074524 -0.000051 -0.000021
-0.541748 0.021640 0.000041 -0.148563 0.000042 -0.009450 0.062154 -0.101406 -0.057466 -0.000004 -0.000810 -0.060584 0.000050 0.000042 -0.213085 0.069208 -0.000025 0.000031
-0.472042 0.058961 -0.000004 -0.248342 0.000041 -0.009734 -0.085303 -0.181586 -0.116146 0.000093 -0.260507 -0.101205 0.000008 -0.000010 -0.273700 0.124391 0.000006 -0.000031
-0.513004 0.092356 -0.000035 -0.335434 -0.000104 -0.009274 -0.039585 -0.315478 -0.167355 -0.000031 -0.195394 -0.191125 0.000002 -0.000039 -0.207871 0.171758 -0.000019 -0.000028
-0.275187 0.117718 -0.000022 -0.404554 -0.000019 -0.009270 -0.089872 -0.265894 -0.205780 -0.000017 -0.302494 -0.384828 0.000023 -0.000041 -0.280112 0.206946 -0.000000 0.000027
-0.561290 0.122466 -0.000073 -0.412976 -0.000047 -0.008966 -0.117128 -0.313012 -0.206609 0.000018 -0.373044 -0.256366 0.000029 0.000042 -0.428601 0.211762 -0.000080 -0.000058
-0.553100 0.118262 -0.000073 -0.403650 -0.000021 -0.008423 -0.089110 -0.258853 -0.196029 -0.000071 -0.297848 -0.339648 0.000002 0.000043 -0.285300 0.205253 0.000036 0.000021
-0.833445 0.152514 0.000042 -0.481340 0.000106 -0.008885 -0.150355 -0.349988 -0.242520 0.000040 -0.517773 -0.396357 0.000037 0.000004 -0.437316 0.249535 0.000020 -0.000049
-0.821485 0.148676 0.000023 -0.483938 0.000100 -0.009207 -0.139717 -0.364534 -0.239439 0.000046 -0.454493 -0.302634 -0.000023 -0.000028 -0.372627 0.246635 0.000036 -0.000011
-0.545459 0.147397 0.000028 -0.467787 -0.000053 -0.009945 -0.419650 -0.403695 -0.228843 -0.000016 -0.504819 -0.489087 -0.000012 -0.000016 -0.345379 0.244360 0.000093 0.000034
-0.495179 0.150236 -0.000023 -0.442047 0.000029 -0.009931 -0.472275 -0.348243 -0.221131 0.000038 -0.367022 -0.331801 0.000008 0.000007 -0.449379 0.242620 -0.000037 -0.000042
-0.175213 0.114916 0.000015 -0.328435 0.000077 -0.010488 -0.658735 -0.280644 -0.157805 -0.000075 -0.252810 -0.361030 0.000064 0.000026 -0.300861 0.189805 0.000022 -0.000007
0.282542 0.104498 0.000020 -0.262784 0.000068 -0.010805 -0.794484 -0.228855 -0.127169 0.000037 -0.237134 -0.162438 0.000029 0.000051 -0.315703 0.165635 -0.000021 0.000050
0.546437 0.043811 0.000022 -0.105396 0.000068 -0.010890 -0.699208 -0.085973 -0.035916 0.000007 -0.201797 -0.030848 0.000000 0.000001 -0.088381 0.078293 -0.000016 0.000100
0.657157 0.018909 0.000035 -0.035534 -0.000041 -0.011448 -0.602126 -0.019787 -0.012328 0.000038 -0.082369 -0.003432 0.000036 -0.000083 -0.073100 0.036470 -0.000061 -0.000045
0.917054 0.000620 0.000002 0.046861 -0.000006 -0.011425 -0.529249 -0.003368 -0.000470 -0.000048 0.049954 0.009179 0.000006 0.000087 0.102903 0.002602 -0.000037 0.000018
0.813753 -0.000159 0.000073 0.133067 -0.000051 -0.011481 -0.302665 0.121805 0.036614 0.000038 0.154753 0.063846 0.000023 -0.000026 0.076364 -0.000024 0.000061 0.000014
0.846644 -0.007902 -0.000074 0.231307 -0.000021 -0.011201 -0.235353 0.172340 0.089479 0.000024 0.326001 0.177292 0.000048 0.000103 0.120190 -0.040925 -0.000036 0.000028
0.841971 -0.030185 0.000001 0.304735 0.000020 -0.010937 -0.210810 0.289219 0.125103 -0.000059 0.388324 0.273392 0.000017 -0.000053 0.177523 -0.071229 -0.000015 0.000002
0.898552 -0.037712 0.000003 0.340967 -0.000027 -0.010559 -0.411460 0.355830 0.136724 -0.000010 0.412099 0.400354 -0.000007 -0.000027 0.231450 -0.081106 0.000032 0.000065
0.952113 -0.056042 -0.000075 0.393242 -0.000018 -0.010319 -0.468411 0.382978 0.161169 0.000068 0.412725 0.443427 -0.000011 -0.000027 0.388754 -0.103673 -0.000038 0.000030
0.820851 -0.063531 -0.000020 0.410932 -0.000027 -0.010725 -0.367255 0.392200 0.168387 0.000021 0.453092 0.483974 0.000038 0.000055 0.336365 -0.112227 -0.000117 -0.000020
0.947216 -0.064732 0.000010 0.411853 -0.000007 -0.010837 -0.200155 0.380421 0.167902 0.000040 0.422050 0.296685 0.000011 0.000003 0.311163 -0.113779 0.000040 0.000009
1.027059 -0.074963 -0.000001 0.444730 -0.000008 -0.010871 -0.029853 0.391135 0.184777 -0.000041 0.442398 0.351277 -0.000039 0.000105 0.432891 -0.130009 0.000079 0.000023
0.970466 -0.094381 0.000025 0.504325 0.000007 -0.010683 0.156461 0.369121 0.217957 0.000062 0.526738 0.414393 -0.000016 0.000021 0.444111 -0.158801 0.000030 0.000097
0.771348 -0.098275 0.000015 0.540479 -0.000022 -0.011237 0.456361 0.551715 0.234779 0.000016 0.592219 0.420827 0.000021 0.000164 0.412263 -0.169338 0.000067 -0.000015
0.614407 -0.104971 -0.000008 0.563352 -0.000009 -0.010875 0.477015 0.545286 0.248768 0.000031 0.528702 0.604531 -0.000013 0.000053 0.440442 -0.179540 -0.000029 -0.000015
0.385381 -0.099539 0.000013 0.531563 -0.000061 -0.010231 0.502280 0.477033 0.234259 0.000028 0.544339 0.542144 -0.000024 -0.000036 0.528198 -0.168993 -0.000042 0.000015
0.174386 -0.075302 -0.000046 0.434628 0.000027 -0.010086 0.714371 0.395851 0.182843 -0.000009 0.557173 0.516239 -0.000013 0.000117 0.414045 -0.130017 0.000051 0.000097
-0.237196 -0.064839 -0.000030 0.349305 -0.000005 -0.009495 0.708846 0.305253 0.142405 -0.000025 0.306711 0.372110 0.000074 0.000047 0.363345 -0.106361 -0.000021 0.000005
-0.163016 -0.036109 -0.000003 0.203982 0.000048 -0.009479 0.579166 0.143214 0.066657 0.000000 0.354778 0.188578 0.000009 0.000041 0.092320 -0.056822 0.000023 0.000047
-0.492716 -0.018229 -0.000012 0.056647 -0.000020 -0.009970 0.551362 0.014954 0.010681 0.000007 0.162482 0.171678 0.000028 0.000036 0.035875 -0.026091 0.000055 0.000021
-0.337702 -0.000034 0.000019 -0.109553 -0.000027 -0.009814 0.202013 -0.139479 -0.031061 0.000018 0.033590 0.023387 -0.000009 0.000042 -0.123878 0.015135 0.000019 -0.000038
-0.394213 0.026002 -0.000008 -0.249271 -0.000014 -0.009527 0.152526 -0.223960 -0.105112 -0.000002 -0.249218 -0.109753 0.000044 -0.000019 -0.257667 0.086272 -0.000021 -0.000016
-0.608953 0.064979 0.000035 -0.345676 0.000014 -0.009711 -0.097899 -0.389130 -0.157782 -0.000022 -0.319222 -0.234961 0.000004 -0.000064 -0.367571 0.141009 -0.000135 0.000032
-0.451573 0.104672 -0.000002 -0.434089 0.000037 -0.009623 -0.391377 -0.438161 -0.208783 -0.000022 -0.398590 -0.339260 -0.000006 -0.000022 -0.306954 0.194060 0.000018 0.000014
-0.633707 0.127830 -0.000026 -0.469067 -0.000020 -0.009357 -0.553012 -0.418564 -0.230762 -0.000070 -0.408807 -0.292772 0.000013 -0.000006 -0.326987 0.221648 -0.000032 0.000018
-0.537740 0.152233 0.000020 -0.506791 0.000039 -0.009405 -0.369111 -0.453035 -0.255850 0.000011 -0.456229 -0.342362 0.000017 0.000052 -0.421477 0.248653 -0.000016 -0.000050
-0.674085 0.138081 -0.000024 -0.462771 -0.000073 -0.010165 -0.379357 -0.426020 -0.227731 -0.000006 -0.378639 -0.428693 -0.000011 0.000003 -0.487731 0.225009 0.000029 -0.000053
-0.406073 0.107194 0.000001 -0.385266 -0.000024 -0.009822 -0.249152 -0.420042 -0.175031 0.000028 -0.237964 -0.278081 -0.000023 0.000095 -0.341324 0.182525 0.000009 -0.000045
-0.356718 0.087080 0.000015 -0.341418 -0.000097 -0.010311 -0.143417 -0.279309 -0.142836 0.000069 -0.182915 -0.320431 -0.000022 0.000023 -0.349535 0.156634 -0.000088 0.000047
-0.214364 0.069437 -0.000009 -0.302241 0.000060 -0.010769 -0.204283 -0.349755 -0.118044 -0.000004 -0.350499 -0.268350 -0.000014 -0.000028 -0.270516 0.135337 0.000019 -0.000034
-0.217162 0.062007 0.000001 -0.286628 -0.000022 -0.010804 -0.159082 -0.256222 -0.112788 0.000070 -0.136572 -0.130443 -0.000020 -0.000071 -0.299979 0.128548 0.000118 0.000015
0.029348 0.044266 0.000013 -0.231895 -0.000038 -0.010327 -0.570313 -0.190673 -0.086517 0.000040 -0.133167 -0.170890 0.000011 -0.000105 -0.105516 0.105450 0.000005 -0.000098
0.054375 0.019906 0.000012 -0.161047 -0.000050 -0.010961 -0.694679 -0.137381 -0.049604 -0.000025 -0.076866 -0.141882 0.000027 0.000041 -0.069061 0.071612 -0.000047 -0.000058
0.061430 0.015804 -0.000022 -0.131743 -0.000033 -0.010433 -0.443059 -0.132053 -0.038771 0.000054 -0.041677 0.000043 -0.000039 -0.000020 -0.154058 0.061811 -0.000025 -0.000038
-0.114130 0.036257 0.000014 -0.159771 0.000039 -0.010667 -0.542768 -0.187197 -0.063739 -0.000092 -0.023379 -0.166630 -0.000074 0.000007 -0.177757 0.083058 -0.000028 0.000001
-0.162282 0.062104 -0.000015 -0.196333 -0.000027 -0.009995 -0.210606 -0.219670 -0.095045 0.000018 -0.079349 -0.170788 0.000009 0.000044 -0.184941 0.109510 -0.000002 0.000060
-0.192311 0.072944 0.000034 -0.192768 0.000074 -0.010142 0.228129 -0.172924 -0.104105 -0.000031 -0.248391 -0.156814 -0.000026 0.000033 -0.130382 0.116129 0.000046 0.000005
-0.223763 0.025250 -0.000013 -0.076418 0.000039 -0.010885 0.184429 -0.061922 -0.037116 0.000036 0.016891 -0.038905 0.000004 0.000015 -0.057375 0.048206 -0.000032 0.000005
-0.140235 -0.000068 -0.000018 0.082440 -0.000061 -0.011383 0.479068 0.006747 0.011971 -0.000018 0.032125 0.192388 -0.000025 0.000136 0.021930 0.000310 0.000035 -0.000016
0.032786 -0.028654 0.000018 0.226701 0.000137 -0.011947 0.486026 0.238898 0.098412 0.000061 0.175905 0.232060 -0.000008 -0.000022 0.162988 -0.056658 -0.000034 -0.000014
-0.034413 -0.046604 -0.000003 0.312995 -0.000069 -0.011933 0.376791 0.349075 0.141164 -0.000020 0.387696 0.416343 0.000004 -0.000106 0.344019 -0.088190 -0.000071 -0.000113
0.103963 -0.066000 -0.000003 0.396774 -0.000040 -0.011541 0.394509 0.309474 0.180771 0.000045 0.484566 0.368763 0.000011 -0.000042 0.282648 -0.120911 -0.000041 -0.000009
0.357849 -0.059925 0.000049 0.400221 0.000033 -0.011945 0.388489 0.290742 0.174764 -0.000062 0.521647 0.341627 0.000010 -0.000080 0.295624 -0.117434 -0.000016 0.000057
0.392879 -0.060397 0.000011 0.387921 0.000017 -0.011134 0.370295 0.271607 0.168020 0.000022 0.373290 0.425469 0.000004 0.000004 0.405429 -0.117092 -0.000037 0.000043
0.222361 -0.036949 0.000010 0.313413 0.000009 -0.011032 0.335259 0.296960 0.125831 -0.000055 0.403875 0.259247 0.000009 -0.000026 0.213725 -0.083469 -0.000051 0.000079
0.241753 -0.029532 -0.000008 0.254921 -0.000016 -0.010432 0.527345 0.288507 0.102266 -0.000002 0.300796 0.264733 -0.000010 -0.000031 0.245106 -0.066220 0.000036 -0.000026
0.065430 -0.058143 -0.000007 0.278788 0.000035 -0.009657 0.481515 0.217642 0.134415 -0.000010 0.354195 0.184423 0.000016 0.000022 0.183620 -0.094734 0.000019 0.000015
-0.160400 -0.079004 0.000027 0.305118 -0.000096 -0.009610 0.387591 0.254956 0.164662 -0.000026 0.207342 0.268435 -0.000005 0.000015 0.327647 -0.115135 -0.000036 -0.000003
0.026869 -0.033159 0.000041 0.210486 0.000017 -0.009500 0.132523 0.173113 0.111745 0.000068 0.149760 0.104411 0.000008 0.000095 0.160543 -0.054565 0.000018 0.000021
0.131532 0.000973 -0.000015 0.065906 0.000057 -0.009131 0.180307 0.088193 0.018411 0.000047 0.108084 0.118036 0.000018 -0.000012 0.104534 0.001859 -0.000051 -0.000036
0.006846 0.040448 -0.000012 -0.044798 -0.000003 -0.009226 -0.075678 -0.059715 -0.018245 -0.000018 -0.013567 -0.116571 0.000038 0.000049 0.010613 0.069955 -0.000069 0.000058
-0.109621 0.075563 -0.000009 -0.102331 0.000021 -0.009005 -0.194694 -0.057798 -0.053634 -0.000011 -0.047592 -0.064023 0.000001 0.000022 -0.124520 0.114957 0.000069 -0.000033
-0.306613 0.069562 0.000023 -0.090272 0.000052 -0.008973 -0.200390 -0.118695 -0.042313 0.000070 -0.096259 -0.036691 -0.000011 -0.000037 -0.154045 0.109564 0.000037 0.000046
-0.289735 0.076627 0.000006 -0.114598 0.000041 -0.009670 -0.255759 -0.115474 -0.047767 0.000072 -0.185255 -0.070848 0.000025 0.000071 -0.180530 0.122852 0.000088 0.000046
-0.316818 0.080357 0.000022 -0.151221 -0.000028 -0.009225 -0.150129 -0.209201 -0.059233 -0.000011 -0.180385 -0.127174 0.000042 -0.000026 -0.173172 0.133625 0.000008 -0.000031
-0.081378 0.088307 0.000047 -0.198408 -0.000009 -0.009350 -0.173382 -0.160312 -0.082386 -0.000016 -0.272233 -0.165846 0.000038 -0.000009 -0.088824 0.149305 0.000017 0.000039
-0.235024 0.063561 -0.000022 -0.177764 -0.000003 -0.009721 -0.214142 -0.190241 -0.059641 0.000011 -0.243164 -0.279285 0.000011 0.000002 -0.159727 0.123080 -0.000033 0.000099
-0.199896 0.043827 -0.000016 -0.143722 -0.000024 -0.009605 -0.282049 -0.065636 -0.035012 -0.000032 -0.084291 -0.172522 0.000021 -0.000008 -0.064368 0.097960 0.000008 0.000016
0.029708 0.053516 -0.000030 -0.157540 0.000002 -0.009342 -0.286934 -0.230250 -0.045308 0.000010 -0.175198 -0.199887 0.000014 -0.000129 -0.132756 0.108257 0.000023 0.000031
-0.069187 0.047621 0.000056 -0.127228 0.000004 -0.009278 -0.128049 -0.114047 -0.029600 -0.000042 -0.192191 -0.186719 -0.000008 0.000024 -0.195901 0.097234 -0.000008 0.000042
-0.005778 0.014119 0.000010 -0.053051 0.000024 -0.009386 -0.087202 -0.103720 0.000088 0.000073 -0.011002 -0.004605 -0.000038 0.000136 0.001585 0.054492 0.000003 0.000007
-0.109016 0.000403 0.000007 0.012110 0.000045 -0.009811 0.090844 0.035648 0.019252 -0.000047 -0.087139 0.019919 -0.000005 -0.000065 0.043918 0.016451 0.000018 0.000014
-0.383901 0.000417 -0.000009 0.011334 -0.000055 -0.010254 0.263140 -0.072247 0.014950 0.000016 0.015918 -0.078934 -0.000012 0.000043 -0.005671 0.019986 -0.000021 0.000021
-0.403959 0.028854 -0.000015 -0.053281 -0.000020 -0.010326 0.233375 -0.100910 -0.000527 -0.000038 -0.078400 -0.023651 -0.000001 -0.000023 -0.000180 0.067673 -0.000093 -0.000029
-0.427716 0.065312 -0.000024 -0.118671 0.000040 -0.010423 0.214618 -0.084731 -0.044672 0.000037 -0.165541 -0.127062 0.000036 -0.000011 -0.051224 0.109456 -0.000041 -0.000026
-0.386268 0.034144 0.000009 -0.061952 0.000019 -0.010919 0.374403 -0.083137 -0.010800 -0.000038 -0.183175 -0.069165 -0.000039 -0.000025 -0.011727 0.068285 -0.000019 -0.000046
-0.289696 0.000705 0.000023 0.013770 -0.000042 -0.011006 0.350127 -0.015944 0.001022 -0.000008 -0.108719 -0.048199 -0.000064 0.000005 0.003369 0.006795 0.000030 0.000035
-0.009150 -0.016270 -0.000017 0.121526 -0.000021 -0.011064 0.157729 0.138338 0.058597 -0.000042 0.021085 0.112373 0.000041 -0.000016 0.089005 -0.024522 -0.000081 -0.000013
0.031926 -0.013669 0.000009 0.144883 0.000025 -0.011279 0.112726 0.106415 0.065219 -0.000005 0.194247 0.133289 -0.000019 0.000039 0.076246 -0.022988 0.000050 0.000026
0.230529 -0.000505 -0.000032 0.151478 -0.000066 -0.011160 0.333243 0.083545 0.057259 0.000050 0.156447 0.073365 -0.000000 -0.000099 0.122168 -0.002185 0.000021 -0.000003
0.606784 -0.000145 -0.000010 0.202631 0.000113 -0.010599 0.196235 0.178101 0.078334 0.000031 0.270219 0.215155 -0.000048 0.000057 0.270279 -0.009821 0.000009 -0.000032
0.497785 -0.000149 -0.000002 0.237379 0.000009 -0.010624 0.071365 0.293283 0.098226 -0.000034 0.319435 0.163630 0.000020 0.000023 0.294763 -0.021452 -0.000014 0.000012
0.168625 -0.010525 0.000013 0.261343 0.000003 -0.011350 -0.212287 0.187916 0.118780 0.000005 0.289814 0.235703 0.000036 -0.000037 0.197522 -0.040495 0.000058 -0.000100
0.203822 -0.000244 -0.000058 0.186862 -0.000004 -0.010968 -0.152557 0.158638 0.078650 0.000015 0.130734 0.082308 0.000008 -0.000081 0.256770 -0.006885 0.000054 -0.000031
0.024134 0.000680 -0.000027 0.060263 -0.000043 -0.010682 0.067854 0.001975 0.000476 0.000007 0.123111 0.082346 0.000014 0.000070 0.125020 0.004948 -0.000048 -0.000018
-0.009982 0.037090 -0.000007 -0.048875 0.000042 -0.010413 0.119824 -0.084457 -0.016894 0.000011 -0.039389 -0.069804 0.000017 -0.000005 -0.040242 0.068941 -0.000029 -0.000049
0.071313 0.037068 -0.000037 -0.076394 0.000020 -0.010362 -0.007353 -0.031306 -0.023706 -0.000010 -0.144618 -0.074119 0.000026 0.000073 -0.025720 0.076020 -0.000036 -0.000099
0.107691 0.043919 -0.000010 -0.114210 0.000016 -0.010455 0.055987 -0.161594 -0.041415 -0.000026 -0.120006 -0.103303 0.000042 0.000020 -0.037044 0.089582 0.000016 -0.000005
-0.041049 0.033303 -0.000013 -0.104639 -0.000069 -0.010802 -0.161157 -0.063671 -0.033556 -0.000041 -0.195910 -0.139669 0.000017 -0.000022 -0.076300 0.078281 -0.000016 0.000011
0.025190 0.055208 0.000001 -0.142588 -0.000021 -0.010821 -0.425081 -0.114050 -0.065458 0.000026 -0.172206 -0.130623 0.000048 -0.000055 -0.034241 0.105271 0.000011 0.000007
0.120950 0.067794 0.000023 -0.167808 0.000015 -0.010741 -0.645115 -0.118751 -0.088094 -0.000049 -0.060698 -0.055338 0.000035 -0.000026 -0.087578 0.122831 -0.000119 -0.000011
0.045611 0.067092 0.000032 -0.176005 -0.000042 -0.011443 -0.738535 -0.145609 -0.097954 0.000016 -0.060373 -0.206863 -0.000050 -0.000010 -0.174634 0.124864 -0.000022 0.000017
0.143988 0.079645 -0.000023 -0.229678 0.000071 -0.011403 -0.710617 -0.173408 -0.129581 0.000004 -0.208969 -0.161979 0.000029 0.000002 -0.173277 0.146468 -0.000089 -0.000030
0.217983 0.101431 0.000043 -0.287749 -0.000045 -0.011161 -0.615481 -0.177967 -0.164162 -0.000051 -0.234016 -0.251738 0.000010 -0.000072 -0.128126 0.177152 0.000017 0.000067
0.177144 0.104625 0.000074 -0.302320 0.000075 -0.012050 -0.619157 -0.222409 -0.171081 0.000013 -0.209875 -0.285579 0.000036 -0.000084 -0.114149 0.181528 -0.000030 -0.000018
-0.124484 0.084572 -0.000002 -0.245191 -0.000020 -0.011422 -0.355417 -0.240429 -0.137899 0.000016 -0.183078 -0.097481 0.000015 -0.000024 -0.067253 0.151109 0.000016 0.000056
-0.100224 0.025469 0.000031 -0.097548 -0.000081 -0.010807 -0.168914 -0.084283 -0.048203 0.000029 -0.071956 -0.059205 -0.000009 -0.000011 -0.063832 0.068330 0.000019 0.000029
