-0.000897
0.037679
-0.000483
-0.020323
0.029027
0.020339
-0.000737
-0.008442
-0.000126
-0.005899
0.017973
0.016075
0.022170
0.027105
-0.020927
0.015249
-0.005713
0.021937
0.000099
-0.000245
0.014999
-0.002222
0.000087
0.015922
0.012841
-0.006734
-0.009151
-0.000147
0.000068
0.001870
0.000807
-0.001443
-0.004299
-0.000372
-0.000315
0.001717
0.015591
0.012804
-0.000319
-0.002826
-0.001244
-0.007530
0.014258
-0.001177
0.000136
0.027378
-0.000570
-0.002513
-0.029203
0.053355
0.017556
-0.009406
-0.001166
0.022716
0.023841
-0.022271
0.000004
-0.001367
-0.009074
0.023195
-0.001288
0.000991
-0.000302
-0.031827
-0.000483
0.013270
0.004360
0.025930
-0.000827
-0.000815
-0.001039
0.016488
0.014867
-0.001988
-0.000179
-0.002855
-0.000190
-0.003486
-0.029112
0.023265
-0.001495
-0.000220
-0.000238
-0.012840
-0.000159
0.034016
-0.026917
-0.003992
-0.000432
-0.000485
-0.021604
-0.003330
-0.007430
-0.046184
0.025759
-0.000612
-0.001355
-0.001277
0.005706
-0.000327
-0.000481
0.016467
0.008337
0.052618
-0.005846
0.017938
-0.003013
-0.000382
-0.000047
0.012707
0.014829
0.025641
-0.002338
-0.020797
-0.034247
0.053861
0.006298
-0.000512
0.028979
-0.004932
-0.000068
-0.000184
0.000523
-0.001505
0.007693
-0.000745
-0.002241
0.002296
-0.002042
0.027169
-0.000551
0.047757
-0.000183
-0.012668
-0.001230
0.029835
-0.006664
0.013701
-0.008876
0.033139
-0.000314
0.015346
0.008030
-0.012090
-0.000167
0.009338
-0.000742
0.009561
0.017136
-0.006541
-0.000491
0.001698
-0.001475
-0.000261
0.018979
-0.001948
-0.001031
-0.000921
-0.000090
-0.000989
-0.004262
