-0.000015
-0.000286
-0.009341
-0.000152
7.694917
-0.489463
-0.013280
-0.022029
0.005407
-0.000228
-0.000662
-0.009600
0.000390
0.030061
0.006322
0.002145
0.000246
-0.006166
0.011850
-0.023382
0.002858
0.001279
-0.019075
0.030388
0.001099
0.000030
0.022581
-0.005659
0.000086
-0.027196
-0.000133
0.007510
-0.000577
0.001238
-0.088737
0.003841
0.005783
-0.009557
-0.000426
0.001187
0.012560
-0.001285
-0.021898
-0.000199
0.000177
0.004522
-0.000436
-0.009960
0.011877
0.000499
-0.000247
-0.000419
0.009260
0.000675
0.024318
-0.003212
-0.009565
0.001877
-0.000024
-0.000955
-0.001832
0.014681
0.000924
-0.005431
0.037811
-0.000213
-0.015555
0.016669
0.011329
7.814471
0.002068
0.007486
0.000303
0.001757
0.016775
-0.003986
-0.008246
-0.006966
0.001137
8.665035
0.011457
-0.004449
0.004637
-0.000099
-0.002396
0.012978
-0.002580
-0.020856
-0.011587
0.000536
0.000596
-0.004996
0.000054
0.025189
6.780993
0.000134
-0.001806
-0.001281
0.000873
-0.007816
0.002810
-0.012896
-0.006912
0.002785
0.000319
0.000133
0.005556
0.028766
-0.001755
0.005815
-0.005681
-0.001590
-0.011479
-0.003724
-0.000943
0.016448
-0.000160
0.000004
-0.392045
-0.003648
-0.001507
0.001277
-0.000005
0.000470
-0.000125
-0.008656
0.004568
0.000066
-0.402511
-0.016331
-0.000270
-0.018286
-0.005849
0.000186
0.000644
-0.010163
-0.005365
0.000106
0.000058
0.000452
-0.000805
0.000226
-0.009846
-0.014488
0.000797
-0.007993
-0.024244
0.000154
-0.000001
0.004348
0.000540
0.007099
0.015702
-0.009201
0.024027
-0.023162
-0.003994
-0.000608
0.016744
-0.013613
-0.004051
0.017138
0.003738
-0.019592
0.018667
0.000310
0.000129
-0.018215
-0.001003
-0.000989
-0.000088
0.037260
0.015510
0.013181
0.000356
0.015894
0.000147
0.016665
6.647737
-0.013565
0.039854
0.000188
0.005074
0.007414
9.476111
-0.004885
0.002626
-0.000048
-0.033390
-0.006831
-0.007716
0.005293
-0.012552
-0.000133
0.002305
-0.000259
-0.000065
0.001195
