0.000000
0.000000
-0.005988
-0.014740
-0.071390
-0.018721
-0.073176
0.000000
0.038969
0.000000
0.000000
-0.041308
0.000000
-0.098309
0.000000
-0.011011
0.000000
0.051033
0.006384
-0.038434
-0.070366
0.000000
-0.017710
0.000000
-0.039108
-0.005980
0.000000
0.000000
-0.024217
-0.069319
0.054248
-0.098247
0.000000
0.004588
-0.009713
-0.071807
0.000000
-0.032156
-0.041501
0.025746
-0.010440
-0.029631
0.000000
0.000000
-0.021324
0.000000
-0.057745
0.000000
-0.015753
-0.042736
0.000000
-0.071219
0.001415
0.000000
-0.009645
-0.059844
-0.029091
-0.026623
-0.023878
0.000000
-0.037723
0.000000
0.000000
-0.007523
