-0.008860
0.366881
-0.000513
-0.007312
-0.000890
-0.000423
-1.096410
-0.008393
-0.017963
-0.002803
-0.004897
-0.001460
-0.001648
0.423011
-0.027558
0.838768
0.120818
-1.548474
-0.002020
-0.343402
0.189766
-0.017435
-0.001099
-0.000807
-0.012538
-0.005652
-0.005402
-0.004986
-0.006449
-0.001763
-0.017439
-0.027598
0.976379
-0.026597
-0.000483
-0.003082
-0.011135
-0.012198
-0.023934
-0.000926
1.061096
-0.011724
-0.360503
-0.824258
-1.385414
0.000589
-0.011082
-0.015126
-0.012855
-0.001187
-0.173609
-0.006181
-0.004096
-0.001865
-0.121726
-0.002488
0.061580
-0.397593
-0.041782
-0.001064
0.368563
0.656525
0.151143
-0.000851
0.016843
-0.002449
-0.023449
0.742078
-1.333029
0.631867
0.003554
-0.001111
0.947933
-0.017456
-0.001917
-0.002532
-0.001460
0.000083
-0.007496
-0.000750
-0.002062
-0.002279
-0.007967
-0.000950
-0.003969
-0.018108
-0.011862
-0.009515
-0.013727
-0.011383
1.043137
-0.006152
-0.020688
-0.001731
-0.000380
-0.014108
-0.001730
-0.004120
-0.003090
