-0.027066
5.291060
-0.000858
0.000467
0.023341
0.000005
-1.676441
0.026136
0.022381
-0.001379
0.002830
-0.022063
-0.000248
-3.349444
0.009746
6.293151
4.630945
-1.724248
-0.006092
2.686033
-2.058135
-0.030437
-0.027335
0.003454
0.038543
-0.028572
-0.008724
0.000083
0.011052
-0.002375
-0.007076
0.049331
-3.127755
-0.010930
-0.000074
0.025161
-0.004794
0.009730
0.002929
0.000148
-2.646946
0.007524
4.631547
-2.013152
-1.592932
0.001351
-0.030957
-0.008925
-0.020103
0.012978
5.874681
0.027458
-0.012402
0.002681
4.015289
-0.000844
4.199715
4.171475
6.125835
-0.018408
0.283245
-1.703892
4.595032
-0.000177
0.032931
-0.003665
-0.019635
-2.845254
-1.267709
4.966201
0.011712
-0.022444
-2.926615
-0.035572
0.004107
-0.008462
0.006060
-0.000412
-0.032997
-0.000205
-0.035166
0.016183
-0.028442
0.036288
-0.005133
0.007997
-0.017187
0.011884
-0.027274
0.006613
-2.929634
0.000381
0.022399
0.014801
-0.000250
-0.029060
0.037013
0.013450
-0.007470
