-0.000009 0.000064 -0.000036 -0.000038 -0.000030 0.670619 0.002020 0.000041 0.185705 -0.000027 -0.262089 -0.055141 0.000039 -0.000158 -0.000077 0.034008 0.283505 -0.016204 0.000011 0.013694 -0.000069 -0.000060 -0.000014 -0.000070 0.000072 0.347629 -0.062782 -0.000110 -0.000111 -0.000013 -0.221247 -0.013245 0.402241 -0.000033
-0.000001 -0.000058 -0.000030 0.000025 0.000013 0.361065 -0.011597 0.000007 -0.097190 0.000024 -0.264442 0.154975 -0.000082 -0.000079 -0.000018 -0.135992 0.288616 -0.119979 0.000006 -0.384121 -0.000051 -0.000032 0.000119 0.000004 0.000058 0.052753 -0.017446 -0.000187 0.000043 0.000014 -0.005742 0.086004 0.502345 0.000036
0.000017 -0.000095 0.000026 -0.000026 -0.000028 0.223624 -0.078708 -0.000032 -0.083115 0.000097 -0.057981 0.447683 0.000080 -0.000113 -0.000154 0.245045 -0.135278 -0.228831 0.000003 -0.263651 -0.000049 0.000134 0.000106 0.000095 0.000061 0.108898 0.056571 0.000043 -0.000111 -0.000019 0.051573 0.119378 0.125794 0.000014
-0.000024 -0.000091 0.000010 0.000006 0.000023 0.122360 -0.075296 0.000095 -0.009092 -0.000030 0.006693 0.294671 0.000058 -0.000034 0.000105 -0.361921 0.033065 0.005550 -0.000009 -0.118948 0.000118 0.000080 -0.000045 -0.000047 0.000021 0.517649 0.019243 -0.000039 -0.000028 -0.000042 -0.236311 0.017333 -0.190906 0.000016
0.000006 0.000068 -0.000042 0.000020 -0.000026 0.318652 0.294673 -0.000008 -0.265675 -0.000046 0.142439 0.189670 -0.000003 0.000115 -0.000068 -0.227054 -0.105764 0.044331 0.000025 -0.068550 -0.000159 0.000065 -0.000027 -0.000055 0.000024 0.367191 0.147229 -0.000108 0.000104 0.000024 0.120566 0.007365 -0.244573 0.000029
0.000006 0.000057 0.000010 -0.000012 -0.000024 0.144139 -0.300388 0.000006 -0.262961 -0.000010 0.128293 0.316021 0.000042 0.000027 -0.000140 0.005607 -0.257495 0.206938 -0.000011 -0.249161 0.000023 -0.000086 -0.000056 0.000050 -0.000046 0.249533 0.226021 -0.000054 -0.000009 0.000087 0.388833 0.044023 0.005943 -0.000022
-0.000007 -0.000051 0.000029 0.000022 -0.000066 0.377187 -0.125703 -0.000002 -0.027601 0.000007 0.257254 0.368567 -0.000029 0.000178 0.000025 -0.243819 -0.032501 0.158294 -0.000028 -0.173679 -0.000090 -0.000030 -0.000106 -0.000130 -0.000030 0.268045 0.226715 0.000005 0.000012 0.000011 0.066303 -0.090583 -0.032510 0.000106
0.000003 -0.000075 -0.000034 0.000025 -0.000017 0.086763 -0.139881 -0.000064 0.136817 -0.000075 0.256658 0.525330 -0.000048 -0.000126 -0.000043 0.073046 0.088028 0.251441 0.000026 -0.153589 0.000087 -0.000036 -0.000055 -0.000061 0.000021 0.057506 0.165822 -0.000054 -0.000116 0.000011 0.155757 -0.083312 -0.113351 -0.000071
-0.000009 0.000059 -0.000013 -0.000013 0.000047 -0.079169 -0.143406 -0.000088 0.181055 0.000006 0.216172 0.430702 -0.000047 -0.000078 0.000060 -0.010307 0.059001 -0.116345 -0.000014 -0.226956 -0.000008 -0.000017 -0.000027 -0.000079 -0.000076 -0.215259 -0.000748 -0.000067 -0.000197 -0.000092 -0.021599 -0.001296 -0.002030 0.000007
-0.000020 -0.000067 -0.000094 -0.000026 -0.000003 -0.097991 -0.016845 0.000000 0.182980 0.000032 0.059591 0.076577 -0.000032 0.000030 0.000187 -0.059703 -0.129785 0.009767 0.000049 -0.341468 0.000047 -0.000046 -0.000060 -0.000066 0.000011 -0.328174 0.001183 -0.000030 -0.000146 0.000015 -0.179424 0.092156 -0.007892 0.000044
-0.000012 0.000107 -0.000002 -0.000021 0.000013 0.211311 0.025859 0.000031 0.201467 0.000006 0.123510 -0.584224 -0.000072 -0.000030 0.000016 -0.100999 -0.005445 0.072293 0.000047 -0.117890 -0.000114 -0.000047 0.000091 0.000003 -0.000043 -0.279330 -0.063208 0.000147 -0.000222 -0.000027 -0.332867 0.018226 -0.001665 0.000044
0.000009 -0.000058 -0.000035 -0.000048 -0.000019 0.217698 0.004928 0.000073 0.311370 -0.000032 0.152905 -0.727648 0.000176 0.000185 -0.000115 0.032954 -0.028654 0.127947 -0.000003 -0.121285 -0.000026 -0.000017 0.000112 -0.000028 -0.000012 -0.134573 -0.140464 0.000006 0.000019 0.000012 -0.015597 0.029814 0.095131 0.000040
-0.000007 -0.000071 0.000044 0.000061 -0.000011 0.182071 -0.154008 -0.000027 0.413117 0.000126 0.305082 -0.653650 0.000157 0.000037 -0.000036 0.367232 0.220971 0.084822 -0.000005 0.098085 0.000072 -0.000044 -0.000113 -0.000029 0.000003 -0.154966 -0.281686 -0.000012 -0.000210 0.000036 0.120537 -0.000542 0.279564 0.000020
0.000005 0.000126 0.000007 -0.000006 -0.000000 0.017896 -0.442798 0.000000 0.208601 -0.000013 0.305827 -0.343882 -0.000009 -0.000055 -0.000098 0.387518 0.071961 -0.309342 0.000029 0.005665 0.000052 -0.000016 -0.000082 0.000100 -0.000020 -0.111110 -0.383993 -0.000057 0.000124 0.000038 0.030219 0.080951 0.467281 0.000009
-0.000015 0.000060 -0.000022 0.000050 -0.000010 -0.145609 -0.440734 0.000001 0.148956 -0.000019 0.165799 -0.126489 0.000059 -0.000041 0.000035 0.228358 0.131651 -0.238764 -0.000006 -0.061395 0.000049 -0.000053 0.000033 0.000022 -0.000079 -0.115327 -0.202738 0.000020 -0.000015 0.000010 0.103501 0.059101 0.356830 -0.000051
0.000014 0.000078 -0.000002 -0.000010 -0.000005 -0.208026 -0.030743 -0.000004 0.160040 -0.000056 0.070308 -0.030525 -0.000071 -0.000084 -0.000081 -0.039627 0.503133 -0.263360 0.000014 -0.139552 0.000081 -0.000085 0.000043 -0.000010 0.000048 -0.018078 -0.129200 -0.000016 -0.000046 0.000025 0.026187 0.014106 0.019612 0.000005
0.000010 0.000000 -0.000015 0.000006 -0.000026 -0.279303 0.003362 -0.000028 0.221471 -0.000023 -0.216978 0.188586 0.000051 0.000109 -0.000086 0.007516 0.252293 0.030561 0.000008 -0.108259 -0.000049 0.000144 0.000071 -0.000026 0.000003 0.053639 0.136234 -0.000028 -0.000033 -0.000026 0.144327 0.016291 -0.048799 -0.000018
0.000003 -0.000027 0.000025 -0.000031 -0.000009 -0.209425 0.217822 0.000037 0.137433 0.000082 -0.195102 0.373385 -0.000024 0.000151 0.000031 0.024699 0.179161 0.149771 0.000001 -0.360469 0.000155 -0.000095 -0.000059 -0.000053 -0.000022 -0.145116 -0.131897 0.000180 -0.000201 0.000018 0.081821 -0.001936 -0.236775 -0.000021
0.000003 -0.000031 -0.000086 -0.000095 0.000006 -0.071534 0.262068 0.000005 0.126706 0.000055 -0.024543 0.147223 -0.000098 0.000001 0.000041 -0.010634 0.328853 0.247986 0.000047 -0.348417 0.000002 0.000002 -0.000103 0.000023 -0.000019 -0.131193 -0.385973 0.000087 -0.000091 -0.000018 -0.164908 -0.024587 -0.174408 -0.000027
0.000023 0.000000 0.000005 -0.000032 0.000019 -0.525248 -0.211105 0.000021 0.039445 0.000009 -0.200306 -0.065675 0.000029 0.000053 0.000035 0.048031 0.302439 -0.036478 -0.000014 -0.406387 -0.000010 -0.000016 -0.000075 -0.000079 0.000053 -0.035396 -0.547803 0.000056 0.000222 0.000015 0.067395 0.053272 0.121874 -0.000008
-0.000007 0.000106 -0.000008 -0.000004 -0.000001 -0.319947 -0.209847 0.000021 0.344351 -0.000102 -0.138651 0.005987 -0.000019 0.000015 0.000083 0.326348 -0.028262 -0.030493 -0.000021 -0.068264 -0.000010 0.000023 -0.000060 -0.000036 0.000031 0.218246 -0.676539 -0.000080 -0.000188 0.000002 -0.005079 -0.016571 0.102552 -0.000056
-0.000010 -0.000005 -0.000089 0.000017 -0.000014 -0.054212 -0.076398 -0.000040 0.356815 0.000008 -0.170888 -0.114931 0.000177 0.000094 0.000015 0.019008 -0.078784 0.037312 0.000005 0.029397 0.000026 -0.000147 0.000055 0.000018 -0.000001 0.332423 -0.595241 0.000037 -0.000208 0.000043 0.156049 -0.013620 -0.160726 -0.000143
0.000004 -0.000012 -0.000008 -0.000085 -0.000008 -0.297249 0.069906 -0.000016 0.338435 -0.000031 -0.049429 -0.152653 0.000040 0.000030 0.000044 0.137612 -0.128617 -0.033466 -0.000018 -0.000487 0.000023 0.000035 -0.000036 -0.000072 0.000043 0.445253 -0.607893 0.000031 -0.000145 -0.000021 0.120868 -0.030218 0.060782 -0.000054
-0.000008 -0.000014 0.000010 0.000012 0.000009 -0.406642 0.100340 -0.000009 0.047520 -0.000009 -0.438903 -0.272567 0.000018 0.000105 0.000110 0.105798 0.063609 0.107993 -0.000008 -0.160528 0.000057 -0.000060 -0.000053 -0.000015 -0.000019 0.275113 -0.963533 -0.000032 0.000074 -0.000063 0.173989 -0.009782 -0.183721 -0.000078
-0.000004 -0.000091 0.000031 -0.000015 -0.000008 -0.280307 0.106638 -0.000003 -0.283574 -0.000012 -0.526326 0.050297 0.000050 0.000025 0.000021 0.328264 0.032087 0.136115 -0.000008 -0.062649 -0.000077 0.000017 -0.000042 -0.000008 0.000020 0.027121 -0.643002 -0.000053 0.000164 0.000024 0.555682 -0.002103 -0.244980 -0.000035
-0.000008 0.000030 0.000085 -0.000027 -0.000004 -0.093477 0.034242 0.000043 -0.035695 0.000035 -0.382435 0.108398 -0.000021 -0.000030 -0.000083 0.224779 0.080464 0.306430 -0.000012 -0.029972 -0.000052 0.000013 0.000010 -0.000002 0.000007 0.084466 -0.667463 0.000080 0.000085 0.000015 0.173258 -0.024719 -0.388613 -0.000025
-0.000010 -0.000056 0.000081 0.000021 0.000001 0.108765 -0.083868 -0.000024 -0.104494 -0.000021 -0.174559 -0.123013 0.000029 0.000036 -0.000039 0.026000 0.103209 0.053297 -0.000027 0.031837 -0.000032 0.000035 0.000028 -0.000024 0.000026 0.183861 -0.288168 0.000131 0.000018 -0.000026 0.111232 -0.012732 -0.533395 -0.000005
0.000030 0.000007 -0.000020 0.000011 0.000045 0.270425 -0.256784 -0.000017 0.138790 0.000030 -0.089529 -0.046605 0.000109 -0.000007 0.000001 0.034006 0.049493 -0.060304 -0.000003 -0.133339 -0.000102 0.000060 0.000103 -0.000003 -0.000114 0.062166 0.016592 0.000113 -0.000098 -0.000002 -0.017140 0.018857 -0.192781 0.000077
0.000010 0.000077 0.000008 0.000005 0.000025 0.160460 -0.027466 -0.000103 -0.100943 -0.000054 -0.105668 -0.117163 0.000083 -0.000010 0.000021 0.108536 0.183000 -0.083726 -0.000007 -0.104830 -0.000054 -0.000005 0.000006 -0.000104 -0.000049 -0.170455 0.176046 0.000077 0.000160 0.000047 -0.111575 0.028423 0.306091 0.000023
-0.000003 0.000008 0.000029 0.000014 0.000035 0.203338 0.128089 0.000007 0.079385 -0.000074 -0.334581 0.172083 -0.000099 0.000116 0.000020 -0.036753 0.241370 0.088865 0.000022 -0.038075 0.000037 -0.000042 -0.000116 0.000055 0.000026 -0.183047 0.318388 -0.000100 -0.000077 0.000018 -0.181643 -0.003033 0.242888 0.000051
-0.000006 0.000062 -0.000033 0.000021 0.000018 0.304633 -0.006321 0.000033 0.145601 0.000022 -0.236615 0.165335 -0.000030 0.000016 -0.000074 -0.206859 0.150073 0.190445 -0.000008 0.000004 -0.000029 0.000028 -0.000099 0.000024 -0.000073 -0.071781 0.354113 -0.000167 -0.000017 0.000018 -0.184262 -0.011713 -0.110199 -0.000050
0.000001 -0.000035 0.000053 -0.000050 -0.000058 0.438345 -0.519524 0.000017 0.095362 -0.000021 -0.155583 -0.003175 -0.000096 -0.000028 -0.000024 0.075207 -0.133753 0.271363 -0.000006 0.152954 0.000049 -0.000045 0.000069 -0.000148 0.000143 -0.000798 0.039868 0.000094 0.000068 -0.000015 -0.168429 -0.001826 0.012658 -0.000008
-0.000016 -0.000028 -0.000031 -0.000039 0.000012 0.529676 -0.367114 0.000031 -0.154064 -0.000027 -0.066464 -0.282227 0.000063 0.000116 -0.000101 -0.034405 0.012206 0.197455 -0.000028 0.050503 -0.000011 -0.000001 0.000035 0.000040 -0.000020 -0.123737 -0.310782 -0.000049 -0.000150 -0.000050 -0.165341 0.034998 0.187104 0.000021
-0.000005 -0.000066 0.000027 0.000003 0.000040 0.514608 -0.202259 0.000022 -0.245645 0.000004 0.021369 -0.069080 0.000078 0.000058 0.000116 0.151528 0.265707 0.004843 -0.000018 0.095145 -0.000026 0.000034 -0.000035 0.000036 0.000023 -0.117670 -0.322545 0.000005 0.000002 -0.000008 -0.177900 -0.000611 0.223283 0.000074
0.000011 -0.000041 0.000017 -0.000028 0.000016 0.195969 0.076650 0.000105 -0.447285 -0.000009 -0.019120 -0.076827 0.000110 -0.000007 -0.000003 0.022739 0.078753 0.052903 -0.000033 -0.046294 0.000051 -0.000054 0.000027 -0.000139 0.000004 -0.055535 -0.388475 0.000029 0.000080 0.000041 -0.264263 0.055937 0.233229 0.000026
0.000022 -0.000055 0.000019 -0.000016 0.000014 0.375142 -0.124660 0.000044 -0.115246 -0.000043 0.203418 0.247664 -0.000046 -0.000117 -0.000211 -0.079319 0.024891 0.138833 0.000008 0.018448 0.000025 -0.000030 -0.000119 -0.000052 -0.000044 0.011065 -0.025231 0.000084 -0.000182 0.000012 -0.240582 0.020074 -0.070117 0.000009
-0.000024 0.000018 -0.000007 -0.000013 -0.000001 0.143333 -0.325968 -0.000024 -0.048589 0.000031 0.134467 0.311584 0.000056 0.000095 -0.000000 0.051269 0.058671 -0.001294 0.000006 0.045415 -0.000044 -0.000001 0.000056 -0.000014 0.000111 0.006730 0.042826 -0.000049 0.000101 0.000049 -0.036937 0.098871 -0.171663 0.000044
0.000019 -0.000005 -0.000024 0.000027 -0.000026 -0.046678 -0.227612 -0.000023 -0.234489 0.000081 0.264627 0.146728 -0.000049 -0.000225 -0.000080 0.501057 -0.049227 -0.019919 0.000013 0.144567 -0.000080 0.000084 0.000048 -0.000069 0.000024 -0.176269 -0.161489 -0.000050 -0.000186 -0.000025 -0.171610 0.205974 -0.209255 -0.000038
0.000007 0.000116 -0.000010 -0.000030 -0.000011 0.187689 0.166362 -0.000011 -0.000566 -0.000107 0.461862 -0.219564 0.000020 0.000027 0.000041 0.222962 0.532726 0.317094 0.000014 0.149568 -0.000104 -0.000009 0.000039 -0.000020 0.000040 0.222962 0.001937 0.000026 0.000108 0.000025 -0.131207 0.068992 -0.186064 0.000008
0.000005 -0.000013 0.000042 -0.000013 0.000013 -0.135008 -0.005505 0.000003 0.213413 0.000056 0.142850 0.009948 0.000025 0.000039 -0.000004 0.241830 0.133430 0.131987 0.000020 -0.183315 -0.000103 0.000085 0.000114 -0.000021 -0.000015 0.179715 0.057672 0.000026 -0.000207 0.000010 -0.274895 0.235868 -0.115361 0.000045
-0.000004 0.000011 0.000040 -0.000006 0.000025 -0.147594 -0.081871 0.000026 0.113289 0.000005 0.112116 0.111564 -0.000009 -0.000034 -0.000013 0.458630 -0.010295 0.233379 -0.000010 -0.352011 0.000089 0.000074 -0.000094 -0.000104 -0.000100 0.223409 0.114513 -0.000029 -0.000210 0.000022 -0.006182 0.281713 -0.139053 0.000013
-0.000005 0.000036 0.000015 -0.000013 -0.000048 -0.154007 -0.199484 0.000024 -0.008702 -0.000007 0.056609 0.301455 -0.000058 0.000020 0.000015 0.385848 -0.156556 0.057896 0.000017 -0.363108 -0.000023 0.000056 -0.000073 -0.000048 -0.000067 0.161404 0.053253 0.000042 0.000200 -0.000025 -0.011769 0.329123 -0.220336 0.000063
-0.000002 -0.000030 0.000029 0.000018 -0.000019 -0.167584 -0.093920 -0.000050 0.176682 -0.000012 0.007628 0.158321 -0.000051 0.000115 0.000018 0.313100 -0.139367 0.115376 0.000005 -0.223148 -0.000154 0.000083 -0.000003 0.000026 0.000077 0.344680 -0.148227 0.000126 0.000360 0.000014 0.205246 0.271755 0.098669 0.000023
0.000007 0.000072 0.000005 0.000038 -0.000030 -0.333954 -0.229044 0.000005 0.013414 -0.000017 0.220913 0.233864 0.000021 -0.000047 -0.000010 -0.126904 -0.033239 -0.074555 0.000020 -0.054828 0.000027 0.000034 0.000014 -0.000006 -0.000028 0.172655 -0.445781 0.000059 -0.000177 0.000023 0.192367 0.316476 0.236132 0.000000
0.000004 -0.000038 -0.000011 -0.000038 -0.000021 -0.141523 0.125642 0.000016 0.165263 0.000050 0.267834 0.089039 0.000051 0.000076 -0.000048 -0.124482 0.313974 -0.068706 -0.000001 0.007272 -0.000030 0.000007 0.000013 0.000003 -0.000081 0.095088 -0.305745 -0.000022 0.000148 -0.000016 0.109469 0.202805 0.190030 0.000018
-0.000002 0.000051 -0.000003 0.000002 -0.000011 -0.316224 -0.008195 0.000020 0.213844 0.000021 0.133775 0.212702 0.000066 -0.000004 0.000003 0.044268 0.114000 0.084008 -0.000007 -0.047528 0.000029 -0.000085 0.000070 0.000003 -0.000028 0.096460 -0.289166 -0.000023 0.000060 -0.000044 0.396172 0.245325 0.045075 -0.000044
0.000014 0.000019 -0.000000 0.000031 0.000080 -0.186577 0.511252 0.000058 0.257152 0.000006 0.139500 0.116973 -0.000062 0.000043 -0.000001 -0.035008 0.026749 0.009126 -0.000017 0.095584 0.000149 -0.000032 -0.000143 -0.000008 -0.000079 -0.055524 -0.194058 -0.000026 -0.000084 -0.000016 -0.021226 0.167787 0.029159 -0.000056
0.000002 -0.000003 -0.000022 0.000013 -0.000047 -0.109062 0.001823 -0.000026 0.185633 0.000051 -0.122132 0.038088 -0.000028 -0.000061 0.000060 -0.023999 -0.190699 0.318286 0.000014 -0.145189 -0.000028 -0.000045 0.000092 -0.000163 0.000062 -0.205282 -0.034133 0.000040 0.000050 -0.000005 0.051039 0.233490 -0.002299 0.000025
0.000019 0.000018 0.000043 0.000037 0.000020 -0.139238 0.026595 -0.000066 0.364602 -0.000095 0.062513 0.063057 -0.000026 0.000116 0.000065 0.037490 -0.154521 0.187495 0.000007 -0.267269 -0.000035 -0.000027 0.000046 -0.000036 0.000022 -0.043666 -0.037586 0.000053 -0.000055 -0.000017 -0.343993 0.184961 0.035998 0.000026
-0.000001 0.000142 -0.000007 0.000029 -0.000060 -0.003419 -0.140178 0.000050 0.202164 -0.000032 0.048771 -0.061450 -0.000031 -0.000049 -0.000035 0.176117 -0.030644 0.033520 -0.000037 -0.531474 0.000025 0.000026 -0.000129 -0.000098 0.000042 -0.144990 -0.004268 -0.000027 -0.000049 0.000010 -0.066269 0.248392 -0.218764 -0.000049
0.000010 0.000061 -0.000016 0.000013 0.000021 0.192175 0.108820 -0.000020 0.223056 0.000018 0.084799 -0.029854 0.000001 -0.000255 0.000075 0.001374 -0.034962 0.183398 -0.000009 -0.053660 0.000011 0.000028 0.000080 -0.000079 -0.000044 0.072357 -0.001547 0.000093 0.000237 0.000029 0.303695 0.066345 -0.094525 0.000040
-0.000008 0.000040 0.000026 -0.000016 0.000026 0.239878 -0.143460 -0.000002 0.278938 0.000031 0.012382 0.127180 -0.000008 -0.000035 0.000028 -0.004481 -0.204525 0.149627 -0.000005 -0.017312 0.000022 0.000022 -0.000013 0.000027 -0.000053 -0.070855 0.185487 -0.000083 0.000190 0.000002 -0.089548 0.087498 -0.001253 -0.000081
0.000005 0.000117 -0.000029 -0.000012 0.000009 0.227986 -0.098603 0.000017 0.361109 0.000053 -0.366986 0.182062 -0.000025 -0.000041 -0.000014 0.038468 -0.469158 0.046080 0.000006 -0.109413 -0.000024 0.000021 0.000147 -0.000041 -0.000010 0.151468 0.308692 -0.000075 0.000111 0.000008 -0.442199 0.062514 0.396085 -0.000030
-0.000005 0.000071 -0.000009 0.000004 0.000028 0.215462 0.176670 0.000024 0.275630 0.000004 -0.530188 0.127321 0.000011 -0.000025 0.000101 -0.082577 -0.325464 0.162745 0.000020 -0.051706 -0.000038 0.000005 0.000053 -0.000007 0.000018 0.276827 0.066344 0.000086 -0.000138 -0.000020 -0.518388 0.035036 -0.010124 -0.000033
0.000005 0.000040 0.000028 0.000014 0.000017 -0.030983 0.120343 0.000022 -0.263172 0.000045 -0.678978 0.023418 -0.000026 0.000069 0.000063 -0.085727 -0.090616 -0.082733 -0.000014 -0.377698 0.000116 -0.000010 -0.000027 0.000073 0.000033 -0.016451 0.318088 0.000026 -0.000122 0.000027 -0.784581 0.179278 0.195715 -0.000149
0.000014 0.000053 -0.000007 -0.000030 -0.000012 0.000751 -0.066352 0.000045 -0.226633 0.000010 -0.413350 0.258724 -0.000119 0.000031 -0.000014 -0.119450 -0.010907 0.120660 -0.000002 -0.211302 -0.000045 0.000028 0.000029 0.000011 0.000026 0.222246 0.120770 -0.000025 -0.000122 0.000049 -0.686140 0.103491 -0.114548 -0.000024
-0.000017 -0.000050 -0.000049 -0.000030 0.000016 0.117700 0.110197 0.000013 -0.102051 -0.000044 -0.129561 0.216540 -0.000026 -0.000106 0.000050 -0.121891 0.195026 0.080663 -0.000009 -0.020364 0.000032 0.000039 0.000117 -0.000135 -0.000026 0.281280 -0.052686 -0.000050 -0.000222 0.000019 -0.757596 0.022535 -0.017497 -0.000031
-0.000006 -0.000056 0.000033 0.000063 -0.000024 0.106028 0.189712 -0.000069 -0.160448 -0.000004 -0.200662 0.011164 -0.000042 0.000104 -0.000019 -0.083235 0.109630 0.211905 -0.000008 -0.143082 0.000008 0.000022 -0.000069 -0.000084 0.000004 0.254794 -0.250720 -0.000112 -0.000089 0.000016 -0.769236 0.020475 -0.104130 -0.000030
0.000008 -0.000206 0.000011 -0.000038 0.000033 0.166194 -0.084207 -0.000052 -0.010456 -0.000003 -0.174564 0.109360 -0.000059 -0.000108 -0.000045 0.329501 0.021851 0.129507 -0.000002 0.197803 -0.000002 0.000030 -0.000033 0.000020 0.000076 0.298870 -0.252254 0.000007 -0.000230 -0.000041 -0.576343 -0.001899 0.177862 -0.000002
-0.000020 -0.000042 -0.000031 0.000041 0.000025 0.107164 -0.043006 -0.000000 -0.226116 -0.000007 -0.403871 0.197151 -0.000052 0.000099 0.000015 0.213909 0.074535 0.218180 0.000027 0.009995 -0.000033 -0.000063 -0.000006 -0.000065 0.000024 0.165198 -0.284502 0.000005 -0.000135 0.000016 0.092718 0.066387 0.101587 -0.000051
0.000027 -0.000072 0.000022 0.000013 0.000032 0.182219 -0.177878 0.000022 -0.187483 -0.000094 -0.364761 0.051299 -0.000074 0.000035 -0.000060 -0.057720 0.122338 0.400848 0.000016 0.005333 -0.000047 0.000084 -0.000148 -0.000048 0.000086 0.242619 -0.155106 0.000098 0.000141 0.000045 0.028988 0.036436 0.091370 -0.000024
0.000009 0.000063 -0.000013 -0.000014 -0.000018 -0.024259 0.125820 0.000012 -0.319537 -0.000061 -0.218866 -0.012782 -0.000020 0.000026 0.000021 0.121219 0.189827 0.469935 0.000008 -0.009728 0.000078 0.000068 0.000094 -0.000089 0.000112 -0.002331 -0.138258 -0.000053 -0.000104 -0.000040 0.095462 0.006479 -0.002219 -0.000026
0.000009 -0.000043 -0.000051 0.000030 -0.000002 -0.071762 0.061833 0.000023 -0.287606 0.000065 -0.094756 -0.118148 0.000048 -0.000081 -0.000019 0.054260 -0.020624 0.269226 -0.000016 -0.215807 0.000047 0.000082 -0.000111 0.000042 -0.000022 -0.191865 0.058016 0.000069 -0.000005 0.000017 -0.324572 0.087930 0.303170 0.000025
-0.000009 -0.000119 0.000009 0.000024 0.000028 -0.076338 0.016267 0.000022 -0.014440 0.000021 0.137995 -0.286066 -0.000040 0.000004 0.000076 0.086853 -0.086701 0.205610 0.000070 0.142724 0.000041 -0.000043 -0.000033 -0.000056 -0.000008 0.195582 0.021546 -0.000004 -0.000035 0.000018 -0.268280 0.049249 0.163116 -0.000008
0.000007 0.000011 0.000003 0.000024 0.000022 0.075802 -0.280651 -0.000019 -0.028242 -0.000007 0.078677 0.101797 -0.000003 -0.000038 0.000141 -0.126734 -0.114948 0.373182 0.000023 0.234925 0.000086 0.000079 0.000012 -0.000036 0.000064 0.429527 0.309578 -0.000009 0.000113 -0.000004 -0.091167 0.034697 0.003498 0.000034
-0.000010 -0.000021 -0.000016 -0.000040 0.000005 -0.121428 -0.322061 -0.000030 -0.326105 -0.000005 -0.058696 0.474521 0.000046 -0.000050 -0.000010 -0.324659 -0.078689 0.241307 0.000006 0.114893 -0.000016 -0.000020 0.000067 -0.000050 0.000038 0.190036 0.433881 0.000106 0.000161 -0.000023 -0.123078 0.152193 0.147234 -0.000039
0.000014 -0.000056 -0.000088 -0.000057 0.000029 -0.081662 0.030000 0.000024 -0.513427 0.000027 0.188130 0.013218 -0.000087 0.000090 -0.000084 -0.385392 -0.022478 0.155582 -0.000020 0.315770 -0.000045 -0.000069 0.000061 0.000045 -0.000026 0.105022 0.217909 0.000039 -0.000282 0.000028 -0.319222 0.154918 0.226044 -0.000027
-0.000013 -0.000035 -0.000048 0.000005 -0.000002 0.085770 -0.126237 0.000012 -0.255174 0.000021 0.406032 -0.094157 0.000029 -0.000025 -0.000033 -0.455584 -0.106939 -0.016928 0.000015 0.281185 0.000045 0.000052 -0.000006 -0.000116 0.000039 0.054862 0.112466 0.000133 -0.000074 0.000013 -0.701052 0.149860 0.140243 -0.000038
0.000001 -0.000002 0.000001 0.000021 0.000030 0.019136 -0.122353 -0.000008 -0.346871 -0.000049 0.237748 -0.361849 0.000096 -0.000024 -0.000077 -0.918846 -0.055176 0.016829 0.000035 0.074770 -0.000045 -0.000022 0.000117 -0.000136 0.000041 -0.267212 0.024011 0.000029 -0.000074 -0.000034 -0.447982 0.174079 0.211891 0.000002
0.000019 -0.000186 -0.000015 0.000012 -0.000037 0.007875 -0.116464 -0.000023 -0.028035 -0.000084 0.145138 0.241454 0.000031 -0.000069 0.000089 -0.588324 -0.166640 0.200821 0.000022 0.034909 0.000017 -0.000079 -0.000003 -0.000157 -0.000010 0.034814 0.067567 -0.000079 0.000111 0.000011 -0.120098 0.043943 -0.009931 -0.000019
-0.000022 0.000013 -0.000059 0.000054 -0.000021 0.282739 -0.276327 -0.000023 0.162715 0.000045 0.286457 0.079978 -0.000020 -0.000026 -0.000024 -0.444364 0.046724 0.422118 -0.000016 0.205482 0.000046 0.000029 0.000064 -0.000030 -0.000043 0.069455 0.018619 -0.000058 0.000231 0.000005 0.283992 -0.004554 -0.230185 -0.000015
-0.000003 -0.000055 -0.000008 0.000046 -0.000050 -0.090410 -0.388857 0.000002 -0.185904 -0.000025 0.225866 -0.079466 0.000070 -0.000048 -0.000108 -0.051086 -0.127673 0.056621 0.000011 0.096834 -0.000047 -0.000026 0.000116 -0.000012 0.000038 -0.159528 0.003869 -0.000059 0.000067 -0.000011 0.441110 0.143827 -0.303996 -0.000005
0.000004 0.000016 0.000016 -0.000030 -0.000011 0.056123 -0.333751 -0.000051 0.064063 -0.000054 0.501873 0.181787 -0.000026 0.000108 0.000015 0.022317 -0.320718 -0.003533 0.000007 0.295267 -0.000072 0.000038 -0.000062 -0.000011 0.000072 -0.370876 -0.119420 -0.000149 -0.000238 -0.000027 0.330645 0.060754 -0.093124 -0.000042
0.000004 -0.000018 0.000043 -0.000037 -0.000021 0.194462 -0.153758 0.000032 0.141826 -0.000093 0.370910 0.020495 -0.000120 -0.000066 0.000018 -0.057533 0.012680 -0.004618 -0.000026 0.408706 0.000030 0.000001 0.000044 -0.000089 0.000013 -0.439930 -0.074939 -0.000097 -0.000061 0.000016 0.224145 0.020428 0.004924 -0.000045
-0.000002 -0.000038 -0.000031 0.000019 0.000021 0.095836 -0.062360 -0.000013 0.109077 -0.000032 0.327072 0.039695 0.000049 0.000048 0.000120 0.049945 0.054976 -0.182490 0.000003 0.408411 0.000033 -0.000025 0.000078 -0.000048 -0.000027 -0.375056 0.293906 0.000085 0.000172 0.000010 0.129567 0.028597 -0.006235 -0.000021
-0.000006 -0.000081 0.000060 0.000009 -0.000015 0.055811 -0.143795 -0.000055 -0.035313 0.000057 0.352331 0.233812 0.000009 0.000075 0.000106 -0.430736 0.040606 -0.173529 0.000016 0.534730 -0.000002 -0.000010 0.000043 -0.000041 0.000028 -0.248548 0.510356 0.000039 -0.000048 0.000093 0.020432 -0.001668 0.277973 -0.000042
0.000001 -0.000050 0.000032 -0.000023 -0.000039 -0.306120 0.072316 0.000025 -0.008868 -0.000098 0.171618 0.030983 -0.000049 -0.000055 0.000049 -1.052002 -0.007734 -0.112801 0.000015 0.403588 0.000152 0.000070 0.000034 -0.000143 -0.000133 -0.058105 0.623076 -0.000028 -0.000166 0.000085 0.326837 0.001600 0.381903 -0.000045
-0.000020 -0.000064 0.000028 -0.000016 -0.000040 -0.177727 -0.196844 -0.000021 0.227841 -0.000020 0.202240 -0.490414 0.000022 0.000061 0.000222 -0.837528 -0.017668 -0.150166 0.000007 0.119728 -0.000023 -0.000001 -0.000102 -0.000046 -0.000079 -0.004629 0.273123 0.000109 0.000063 -0.000086 0.434100 0.029395 0.307545 0.000076
-0.000010 -0.000030 -0.000022 0.000011 -0.000011 -0.394392 0.043705 -0.000001 -0.007596 -0.000037 0.075679 -0.256532 -0.000032 0.000048 -0.000200 -0.230835 -0.291944 -0.055879 -0.000013 -0.130229 -0.000022 -0.000027 0.000007 -0.000012 0.000010 -0.088204 0.119123 -0.000026 -0.000124 -0.000015 0.417082 0.141036 0.220981 -0.000020
-0.000010 -0.000062 0.000009 0.000047 0.000026 -0.317292 0.097357 0.000022 0.258722 0.000083 -0.081978 0.088845 0.000065 0.000069 0.000069 0.055584 -0.403683 -0.006503 0.000002 -0.019524 -0.000045 -0.000041 -0.000060 -0.000079 0.000081 -0.275520 -0.144820 -0.000075 -0.000036 0.000010 0.073499 0.110397 0.099010 -0.000050
0.000002 0.000034 -0.000015 0.000015 -0.000023 -0.263721 0.325087 0.000030 0.291893 -0.000021 -0.101703 -0.045086 -0.000023 -0.000069 -0.000137 0.136804 -0.676261 0.253956 0.000020 0.002545 0.000162 0.000038 -0.000047 -0.000007 -0.000019 -0.307984 -0.126785 0.000037 -0.000038 -0.000023 -0.152652 0.002455 -0.052465 -0.000001
-0.000019 -0.000042 -0.000017 0.000017 0.000029 -0.203610 0.193849 -0.000026 0.394428 -0.000001 -0.297962 -0.576126 -0.000000 -0.000062 -0.000049 0.132965 -0.630738 0.399101 0.000019 0.027239 0.000113 -0.000028 -0.000046 -0.000000 -0.000063 -0.190721 -0.031093 -0.000102 0.000023 0.000040 -0.168108 -0.007267 -0.142025 0.000019
0.000010 -0.000003 0.000033 0.000024 0.000038 -0.226028 0.334370 0.000024 0.253270 -0.000113 -0.445909 -0.544493 0.000094 0.000040 -0.000082 -0.459949 -0.509166 0.170023 -0.000012 0.002105 -0.000050 -0.000033 0.000026 -0.000008 -0.000019 -0.291185 0.159243 -0.000083 0.000029 0.000040 -0.284775 -0.005979 0.045638 -0.000028
-0.000006 0.000044 0.000004 0.000013 0.000021 -0.088581 0.037299 0.000071 0.396213 -0.000034 -0.386975 -0.737138 -0.000012 -0.000034 0.000049 -0.405132 -0.636675 0.211097 -0.000008 -0.065367 0.000031 -0.000155 0.000140 0.000036 -0.000153 -0.175873 -0.105299 -0.000086 -0.000059 -0.000051 -0.067387 0.009546 -0.091215 -0.000049
-0.000004 0.000014 -0.000010 -0.000006 -0.000018 0.134026 0.020907 -0.000010 0.386138 0.000025 -0.412472 -0.806775 -0.000019 0.000070 0.000058 -0.203136 -0.334755 0.159775 -0.000011 0.014359 -0.000019 0.000072 -0.000161 -0.000142 0.000078 0.004003 0.030628 -0.000059 0.000175 0.000014 0.010754 -0.006780 -0.106628 -0.000047
-0.000010 0.000035 -0.000097 -0.000038 0.000030 0.227916 0.001012 -0.000060 0.448814 -0.000021 -0.314360 -0.749263 0.000025 0.000042 0.000043 -0.133153 -0.311846 0.066067 0.000006 0.100735 -0.000026 0.000046 -0.000119 0.000034 0.000019 0.150308 -0.052332 -0.000145 0.000128 0.000055 0.001348 -0.004641 0.155879 0.000041
-0.000011 0.000050 -0.000027 -0.000082 0.000026 0.116887 0.123778 -0.000027 0.062377 -0.000102 -0.216886 -1.125675 0.000095 0.000035 0.000047 0.019513 -0.457007 -0.235716 -0.000020 -0.094319 0.000034 -0.000044 0.000138 -0.000001 -0.000064 -0.003789 -0.102083 -0.000034 0.000202 0.000002 -0.160041 0.089753 0.186032 0.000040
0.000008 -0.000022 0.000020 -0.000012 -0.000024 0.146390 0.091648 0.000011 0.039033 0.000056 -0.007369 -0.505492 -0.000021 -0.000005 0.000030 0.070857 -0.220787 -0.014089 0.000017 -0.129195 0.000024 0.000027 -0.000023 0.000066 0.000037 0.009409 -0.002593 -0.000013 -0.000159 0.000013 -0.046694 0.086841 0.300632 0.000089
-0.000004 0.000064 -0.000003 -0.000030 -0.000013 0.095291 0.102788 0.000016 -0.157305 0.000168 -0.067899 -0.520438 -0.000046 -0.000121 0.000026 0.207716 -0.463640 0.115305 0.000011 -0.082829 -0.000005 -0.000045 -0.000014 0.000059 0.000029 -0.169559 -0.029864 -0.000080 0.000053 -0.000013 0.063209 0.102332 0.291087 0.000090
0.000011 0.000029 -0.000002 -0.000014 0.000022 0.113227 0.275203 0.000018 -0.059623 -0.000032 0.062781 -0.230512 0.000005 0.000031 0.000034 -0.135824 -0.154634 0.086002 -0.000016 0.278078 -0.000066 0.000038 0.000031 -0.000071 0.000018 0.002338 0.029334 -0.000085 -0.000094 -0.000081 -0.113855 -0.013980 0.147273 -0.000019
0.000000 -0.000052 -0.000013 0.000007 -0.000059 0.115251 0.002932 0.000040 0.163796 0.000015 0.069332 -0.213837 -0.000035 0.000031 -0.000033 -0.035295 -0.244763 -0.004109 0.000008 0.157316 0.000032 0.000029 0.000041 -0.000070 -0.000041 0.087610 -0.115730 0.000058 -0.000224 0.000083 -0.005929 -0.012555 0.078962 -0.000042
0.000008 -0.000018 0.000081 -0.000017 0.000011 0.242328 0.069951 -0.000035 -0.046285 0.000001 0.048279 0.064680 -0.000053 0.000048 0.000066 -0.146918 -0.158636 -0.139173 -0.000021 -0.060972 -0.000039 0.000068 -0.000044 -0.000019 0.000015 -0.049995 0.023744 -0.000063 -0.000293 0.000025 0.535495 -0.024870 -0.002208 -0.000003
-0.000001 0.000056 -0.000009 -0.000026 -0.000009 -0.105884 0.071123 -0.000023 -0.144808 -0.000101 0.062741 0.320633 -0.000050 -0.000042 0.000008 -0.051257 -0.130970 -0.236082 0.000068 -0.254600 -0.000047 0.000081 0.000051 -0.000106 0.000021 -0.098744 -0.162286 0.000054 -0.000117 -0.000026 0.456765 0.022274 -0.134008 0.000026
0.000019 0.000064 0.000005 -0.000041 0.000028 0.034086 0.085393 0.000000 0.208330 -0.000037 0.106767 0.441493 -0.000041 0.000043 0.000008 0.025742 -0.132782 -0.078579 0.000006 -0.245097 -0.000008 0.000023 0.000013 -0.000078 -0.000028 0.192139 0.038287 -0.000037 -0.000080 -0.000063 0.298937 -0.010247 -0.042122 0.000024
-0.000005 0.000024 -0.000002 0.000015 -0.000004 0.066794 0.244602 0.000032 0.018202 0.000009 0.226793 0.080080 -0.000096 -0.000062 -0.000031 -0.003267 0.025261 -0.055017 0.000022 -0.165810 -0.000064 -0.000018 0.000073 -0.000051 -0.000132 0.300085 -0.348635 -0.000073 0.000086 0.000003 0.056681 -0.013418 -0.085979 -0.000037
-0.000001 0.000036 -0.000021 0.000045 -0.000023 -0.054759 -0.108101 -0.000018 -0.195820 -0.000023 0.092723 -0.021654 -0.000116 0.000080 0.000066 0.049866 0.137176 -0.075148 -0.000002 -0.055506 -0.000044 -0.000022 0.000034 -0.000094 -0.000056 0.306146 -0.349192 0.000076 0.000072 -0.000017 0.059017 0.002885 0.043161 0.000055
-0.000001 -0.000039 0.000011 0.000002 -0.000080 -0.030091 0.005561 0.000007 -0.219717 0.000008 0.120674 -0.004552 0.000157 -0.000012 -0.000008 -0.056132 0.011570 -0.118385 0.000004 0.054579 0.000063 0.000065 0.000003 0.000055 0.000018 0.023932 -0.366464 0.000051 0.000011 0.000023 -0.143717 -0.006281 -0.144798 -0.000014
0.000012 -0.000072 -0.000013 -0.000013 -0.000025 -0.107459 -0.036999 -0.000087 -0.172274 0.000042 0.106136 0.118225 -0.000158 0.000087 0.000045 -0.089444 -0.035912 -0.212342 0.000022 0.174217 0.000051 -0.000020 0.000008 0.000094 0.000015 0.116741 0.025336 0.000191 -0.000051 0.000013 -0.228995 -0.002271 -0.265664 -0.000076
0.000000 0.000020 0.000006 -0.000032 -0.000002 -0.136077 -0.312533 0.000034 -0.193640 -0.000030 0.189715 -0.121659 -0.000004 0.000027 -0.000039 0.178050 -0.019617 -0.102515 0.000014 0.115961 0.000038 -0.000004 -0.000003 -0.000039 -0.000006 0.273118 0.297128 0.000169 0.000079 -0.000003 -0.148887 -0.000213 0.010348 -0.000057
-0.000006 -0.000020 0.000001 -0.000065 0.000080 -0.167930 -0.146503 0.000017 -0.284944 0.000065 0.179764 -0.250211 -0.000176 -0.000075 0.000030 0.126612 -0.062137 0.001776 0.000013 0.110110 0.000077 0.000105 0.000178 -0.000072 -0.000020 0.195082 0.250477 0.000043 -0.000085 0.000017 -0.034019 -0.005702 0.048583 -0.000026
-0.000005 -0.000060 0.000022 -0.000008 -0.000011 -0.067839 -0.155281 0.000014 -0.116870 0.000036 0.255598 -0.279632 -0.000034 0.000012 0.000043 0.076840 0.036805 0.202068 -0.000036 0.114139 0.000047 0.000006 0.000001 -0.000074 0.000028 0.265171 0.476350 0.000031 -0.000216 0.000012 -0.124438 -0.049360 -0.093635 -0.000019
-0.000026 -0.000001 -0.000050 0.000040 -0.000014 -0.204439 0.027064 0.000038 -0.250535 -0.000042 -0.085279 -0.183401 0.000048 -0.000102 0.000031 0.021239 -0.218588 0.062094 -0.000036 0.074451 -0.000045 0.000065 -0.000098 -0.000073 -0.000033 0.012673 0.151158 0.000002 -0.000309 -0.000000 -0.033924 -0.003885 -0.272559 0.000006
-0.000015 0.000026 0.000056 0.000010 0.000042 -0.138090 0.035772 0.000040 -0.089945 0.000059 -0.183519 0.005334 -0.000097 -0.000032 -0.000023 0.124611 -0.030132 0.135606 -0.000010 0.164175 -0.000044 0.000020 0.000026 0.000091 0.000040 0.103457 0.143524 -0.000057 -0.000336 0.000004 -0.239350 -0.055635 -0.087763 -0.000029
0.000009 0.000050 0.000022 -0.000035 0.000048 -0.092706 -0.437385 -0.000027 0.039741 0.000054 -0.045827 0.052569 0.000027 -0.000059 0.000018 0.022082 0.023203 0.043910 0.000015 -0.008973 0.000023 0.000042 0.000032 0.000004 -0.000018 0.160169 -0.000222 -0.000027 -0.000199 -0.000012 -0.454632 -0.004952 -0.006230 0.000066
0.000003 -0.000001 0.000017 0.000005 -0.000063 -0.047126 -0.240104 0.000003 0.038730 0.000048 0.004182 0.069204 0.000125 -0.000045 0.000022 -0.148129 0.013896 -0.051493 0.000022 0.209854 0.000025 -0.000065 0.000125 -0.000011 -0.000020 0.187490 -0.224861 -0.000101 0.000087 -0.000040 -0.230541 -0.054495 0.158530 0.000008
0.000000 -0.000114 -0.000044 -0.000014 0.000046 -0.166386 -0.131977 0.000028 0.067175 -0.000026 -0.101644 -0.096717 0.000001 0.000093 -0.000019 0.031583 0.147696 -0.082091 0.000013 0.286358 -0.000093 -0.000021 0.000024 -0.000026 0.000004 -0.063382 -0.113961 -0.000103 -0.000044 -0.000078 0.083208 -0.065201 0.363645 -0.000036
-0.000006 -0.000079 -0.000015 0.000025 -0.000025 -0.185565 -0.037969 -0.000040 0.077556 -0.000022 -0.097250 -0.177545 0.000053 0.000038 -0.000019 0.343440 0.482874 -0.000008 -0.000006 0.523414 -0.000079 -0.000009 0.000091 -0.000083 -0.000028 0.034147 -0.245581 0.000010 -0.000170 -0.000035 0.160232 -0.138594 0.266254 -0.000024
0.000007 -0.000073 0.000053 0.000014 0.000012 -0.201303 0.014451 0.000024 0.100246 0.000078 0.006732 0.046995 0.000021 0.000015 -0.000035 0.205194 0.230221 0.027000 0.000001 0.354440 -0.000027 -0.000156 0.000027 -0.000025 0.000037 0.010772 -0.009964 -0.000048 -0.000058 -0.000035 0.424719 -0.105795 0.393698 0.000061
0.000000 -0.000051 0.000005 -0.000022 -0.000004 -0.202176 -0.037731 0.000050 -0.047091 -0.000021 -0.185219 0.060718 -0.000097 0.000154 -0.000097 0.408138 0.211764 0.077067 -0.000012 0.306463 0.000068 0.000043 -0.000006 0.000002 0.000018 -0.213125 0.056841 0.000054 -0.000112 0.000012 0.302070 -0.053988 0.152339 -0.000051
0.000022 0.000002 0.000038 -0.000013 0.000058 0.042512 0.017923 0.000052 -0.142125 0.000058 -0.092869 -0.124567 -0.000049 0.000082 0.000060 0.204852 0.298386 -0.003923 -0.000020 0.219114 -0.000087 0.000042 -0.000040 -0.000047 -0.000016 -0.273861 0.268803 -0.000025 -0.000312 -0.000015 0.053326 -0.026464 -0.050118 0.000001
-0.000004 0.000069 -0.000017 0.000037 0.000000 0.494656 -0.178920 0.000018 0.450744 0.000024 0.160897 -0.210489 0.000042 0.000039 -0.000011 0.157118 0.307626 -0.131197 0.000037 0.237957 0.000063 0.000016 -0.000061 0.000054 0.000039 0.011601 0.276948 -0.000027 -0.000042 0.000021 0.133947 -0.114753 -0.301046 0.000043
-0.000000 0.000036 -0.000008 0.000028 -0.000035 0.391731 -0.134814 0.000019 0.198418 0.000010 -0.005680 0.226197 0.000026 0.000043 -0.000031 0.315509 -0.058794 -0.407057 0.000023 0.466248 0.000003 -0.000061 0.000044 -0.000047 0.000017 -0.182014 0.049511 -0.000124 -0.000232 0.000027 0.261457 -0.002435 -0.376265 -0.000034
0.000010 0.000003 -0.000025 -0.000034 -0.000020 0.153502 -0.212926 0.000020 -0.079094 -0.000118 -0.028789 0.332999 0.000032 0.000190 -0.000041 0.353252 -0.103810 -0.410741 -0.000032 0.274924 0.000064 0.000021 0.000113 0.000012 -0.000015 -0.398767 0.259089 0.000079 -0.000039 0.000047 0.290819 0.102451 -0.439118 0.000010
0.000011 0.000006 0.000011 -0.000009 0.000038 0.223857 -0.027209 0.000044 -0.016315 0.000064 0.107244 0.303847 0.000040 -0.000066 -0.000109 0.092629 0.065463 -0.137388 -0.000008 0.236715 0.000024 0.000063 -0.000083 -0.000042 0.000040 -0.196728 0.075133 0.000030 -0.000183 -0.000012 0.096560 -0.004027 -0.694484 -0.000042
0.000005 0.000066 0.000020 0.000021 -0.000005 0.098095 0.098501 0.000067 -0.034701 0.000051 -0.219941 0.162707 -0.000008 -0.000053 -0.000006 -0.186456 -0.029730 -0.278755 -0.000007 -0.130631 -0.000053 -0.000021 -0.000013 0.000052 -0.000070 -0.116372 0.137547 -0.000079 0.000068 -0.000014 -0.025581 0.100529 -0.555717 0.000022
0.000003 0.000029 -0.000020 0.000021 -0.000036 0.467621 -0.018387 -0.000006 0.168281 -0.000072 -0.061686 -0.015790 0.000057 -0.000080 -0.000016 -0.238902 -0.086547 -0.287010 0.000033 -0.062782 -0.000047 -0.000152 0.000006 0.000053 0.000040 0.028300 0.019744 0.000078 -0.000090 -0.000003 -0.078653 0.088383 -0.375769 0.000018
-0.000005 0.000105 -0.000013 -0.000024 0.000034 0.490612 0.140502 0.000049 0.297882 -0.000029 0.041954 -0.148319 0.000008 0.000070 0.000078 -0.254071 0.003117 -0.367680 -0.000009 0.080702 0.000068 0.000016 -0.000060 -0.000029 0.000069 -0.102566 -0.187062 -0.000047 -0.000086 -0.000002 -0.185927 0.007436 -0.516867 -0.000014
-0.000006 -0.000034 0.000047 -0.000025 -0.000025 0.090896 -0.144114 0.000009 -0.001954 -0.000023 -0.017312 -0.052132 0.000018 0.000108 0.000029 -0.121832 -0.205211 -0.502921 -0.000029 0.134116 0.000026 -0.000036 -0.000017 -0.000019 -0.000132 -0.176389 -0.365965 0.000048 -0.000085 0.000004 -0.203658 0.073460 -0.580785 -0.000033
0.000013 0.000052 -0.000013 -0.000034 0.000002 0.093226 -0.228433 -0.000032 0.160713 -0.000018 -0.270410 -0.107150 -0.000108 0.000009 0.000039 -0.211744 -0.502562 -0.335983 0.000017 0.306929 -0.000072 0.000042 -0.000080 -0.000037 0.000002 -0.061657 -0.106087 0.000091 -0.000129 -0.000002 -0.100501 0.081212 -0.453039 -0.000094
0.000014 -0.000015 -0.000001 -0.000025 0.000011 -0.068626 -0.081854 0.000059 -0.117360 0.000029 -0.257733 -0.176696 0.000055 -0.000047 -0.000064 0.010284 -0.428942 -0.256071 -0.000003 0.096766 0.000050 0.000025 -0.000010 -0.000050 -0.000020 -0.008638 -0.016932 0.000045 -0.000131 0.000005 -0.147075 0.111185 -0.525112 0.000084
-0.000003 -0.000093 -0.000067 0.000015 -0.000023 -0.045250 0.169636 0.000040 0.074345 0.000034 -0.056539 -0.371414 0.000026 -0.000131 0.000222 0.068986 -0.471040 -0.374168 0.000025 0.079225 0.000004 0.000064 0.000043 -0.000014 0.000065 0.139240 -0.207910 0.000067 0.000051 0.000004 -0.101125 0.072292 -0.317821 0.000057
-0.000026 -0.000070 0.000000 -0.000013 0.000029 0.042424 0.166773 0.000073 0.123572 -0.000001 0.010615 -0.377746 0.000050 0.000218 0.000077 0.118155 -0.060903 -0.076126 0.000007 -0.069976 -0.000002 -0.000017 0.000093 -0.000101 0.000061 0.442037 -0.090056 -0.000010 -0.000024 -0.000002 0.265935 0.031642 -0.319153 0.000020
-0.000039 0.000043 -0.000066 -0.000030 -0.000051 -0.022766 0.123430 0.000013 0.043036 0.000050 0.203724 0.220262 -0.000026 0.000080 -0.000019 0.420984 -0.300994 -0.137411 0.000017 -0.000071 -0.000026 -0.000062 -0.000022 -0.000043 0.000031 0.125785 -0.054366 0.000025 -0.000139 -0.000040 0.300449 0.099089 0.104015 -0.000024
-0.000019 0.000002 0.000019 -0.000005 0.000020 0.069824 0.113030 -0.000020 0.188171 0.000041 0.309193 0.444916 -0.000052 0.000050 -0.000015 -0.332538 0.085532 -0.072678 0.000011 0.036681 -0.000101 -0.000047 0.000057 -0.000025 0.000031 0.246360 0.099776 0.000029 -0.000060 0.000039 0.248169 0.004296 0.272732 -0.000062
-0.000011 0.000005 -0.000014 -0.000006 -0.000021 -0.056792 0.159032 0.000011 0.119122 -0.000032 0.048603 0.490960 -0.000086 -0.000102 -0.000022 -0.396145 -0.210037 -0.059264 -0.000012 -0.101449 0.000070 0.000042 -0.000027 -0.000108 0.000004 0.063876 0.232486 -0.000033 -0.000130 -0.000012 0.211176 0.045347 0.109903 0.000007
0.000005 -0.000067 0.000039 -0.000027 0.000016 -0.056342 0.344218 -0.000005 -0.392703 -0.000014 0.064502 0.278017 -0.000000 -0.000133 0.000019 -0.175096 0.045786 0.099369 0.000007 -0.049714 -0.000024 -0.000017 0.000005 -0.000003 -0.000067 0.030094 0.021689 -0.000052 0.000055 -0.000001 -0.045994 0.102229 -0.036388 0.000022
-0.000002 0.000067 -0.000021 -0.000039 0.000057 0.046600 -0.091910 0.000002 -0.068153 0.000016 0.013840 0.036473 -0.000052 -0.000090 0.000008 -0.138518 -0.032567 0.046296 -0.000013 -0.067845 -0.000153 -0.000077 -0.000031 0.000004 0.000023 0.200632 0.069554 -0.000025 -0.000086 0.000001 -0.141899 0.172493 -0.171754 0.000027
-0.000013 0.000022 0.000013 0.000002 -0.000023 -0.193030 -0.189452 0.000010 -0.122677 -0.000089 0.032874 0.038599 0.000037 0.000036 -0.000024 0.101762 -0.044389 -0.267215 0.000003 -0.037266 0.000180 -0.000036 0.000047 -0.000039 0.000073 0.197382 -0.019630 0.000033 -0.000005 0.000015 -0.220256 0.215831 -0.239665 -0.000035
0.000007 -0.000022 -0.000001 0.000026 0.000044 -0.033946 -0.056419 -0.000019 0.012942 -0.000061 0.251211 -0.303759 0.000046 0.000101 -0.000075 0.038208 0.000101 -0.009762 0.000005 0.088939 -0.000089 -0.000016 -0.000133 -0.000086 0.000066 0.006083 -0.019806 -0.000073 0.000009 0.000019 -0.302689 0.136738 -0.294207 0.000080
-0.000009 -0.000005 -0.000011 0.000018 -0.000012 -0.141024 0.080594 -0.000038 0.001019 0.000020 0.094270 -0.224682 0.000100 0.000035 0.000127 -0.350283 0.058140 -0.250800 0.000025 0.000413 -0.000044 0.000016 0.000108 -0.000001 -0.000127 0.014570 -0.007881 -0.000036 -0.000079 -0.000033 0.012967 0.222847 -0.008889 0.000005
0.000018 -0.000122 -0.000002 -0.000029 0.000027 -0.163140 -0.063822 0.000028 -0.153372 0.000086 0.040060 -0.032992 -0.000006 0.000056 0.000050 -0.016593 -0.129861 -0.101440 0.000002 0.027485 -0.000035 -0.000029 0.000036 0.000012 -0.000036 0.015179 0.098587 -0.000040 -0.000135 0.000030 0.080627 0.296726 0.011537 -0.000011
-0.000013 0.000029 0.000090 0.000021 0.000020 -0.094502 0.014172 -0.000015 0.118844 0.000028 0.198370 -0.104786 -0.000051 -0.000009 -0.000021 0.177011 -0.335438 0.157591 0.000036 -0.282100 -0.000024 -0.000039 0.000007 0.000014 0.000015 -0.103814 0.208578 -0.000048 0.000134 -0.000059 -0.124646 0.258923 -0.168316 0.000057
0.000004 0.000037 0.000062 0.000012 -0.000022 -0.093315 -0.080397 0.000029 0.072959 -0.000003 0.357238 -0.310089 0.000015 -0.000072 -0.000026 0.160361 0.230445 -0.039703 -0.000006 0.014845 -0.000046 -0.000009 -0.000007 0.000009 -0.000126 0.108728 0.041465 0.000043 0.000017 -0.000033 -0.030511 0.115021 -0.387026 0.000059
-0.000013 -0.000095 -0.000030 0.000029 0.000002 -0.209019 -0.048968 -0.000043 0.249133 -0.000047 0.066933 -0.134463 0.000042 -0.000064 0.000039 0.392535 0.327193 -0.297529 0.000001 0.246609 0.000064 -0.000010 0.000042 -0.000092 -0.000023 0.126071 0.171705 0.000011 0.000192 0.000014 -0.409280 0.065769 -0.086864 -0.000025
-0.000012 -0.000095 -0.000001 -0.000013 0.000051 -0.415498 -0.019709 -0.000082 0.107178 0.000056 -0.130123 0.001576 -0.000060 -0.000001 0.000010 0.217313 0.260110 -0.439165 0.000027 0.199730 0.000040 0.000029 0.000059 0.000040 -0.000036 0.114407 -0.001694 -0.000019 0.000015 0.000010 0.001878 0.079459 -0.114969 -0.000050
0.000022 -0.000107 0.000012 0.000043 0.000023 -0.425725 -0.221820 -0.000047 -0.001224 0.000050 -0.217840 0.250983 0.000001 0.000031 -0.000069 0.125034 0.296062 -0.680424 -0.000013 0.390887 0.000040 0.000050 0.000020 0.000028 -0.000040 0.100728 -0.003482 -0.000036 0.000035 0.000086 -0.138243 0.114383 -0.223563 -0.000019
0.000013 0.000105 -0.000031 0.000016 0.000057 -0.193352 0.128127 0.000031 -0.083460 -0.000030 -0.195395 0.010402 -0.000036 0.000112 0.000071 -0.010693 0.465848 -0.670527 0.000014 0.635651 0.000024 -0.000010 0.000099 -0.000011 -0.000021 0.218465 -0.084129 -0.000022 0.000174 -0.000079 0.196675 0.078689 -0.399840 -0.000005
-0.000000 0.000038 0.000030 0.000017 0.000012 0.056884 -0.015723 -0.000043 0.104142 -0.000041 -0.480596 0.387689 -0.000041 -0.000030 -0.000018 -0.157085 0.416988 -1.000977 -0.000028 0.689384 0.000016 -0.000023 0.000047 -0.000013 -0.000083 0.161718 -0.059057 -0.000085 -0.000093 -0.000020 0.351515 0.136539 -0.278686 0.000030
