-0.029896
-1.891070
0.006204
-0.021949
0.007118
0.000896
0.034305
3.639115
-0.000960
-0.000239
-0.002138
-0.004806
-2.057790
-0.032890
0.002279
-0.012636
-2.637191
0.002281
0.012242
0.027602
0.000035
-1.957525
0.009126
-0.012584
-0.005396
0.014417
-0.008108
-0.013108
0.003494
-0.024575
0.001503
4.549884
-0.013540
-0.029693
0.000734
-0.009132
0.029025
-2.152505
0.000171
0.011678
0.004075
0.031690
2.677368
-2.142455
-0.028640
0.008901
-0.013456
0.018939
0.177705
-0.004838
-0.043366
-0.019401
0.034740
0.002253
-2.178834
-2.417352
0.023238
-0.019919
-2.593861
-0.001415
0.023143
