-0.111126
-0.000524
0.379085
-0.011514
2.634640
-0.102503
-0.062129
-0.003369
-0.006291
-0.031607
-0.111990
-0.058665
-0.039106
-0.047411
-0.058736
-0.075728
-0.011682
-0.068018
-0.088524
-0.051234
-0.013014
0.186676
-0.000695
0.318232
-0.060571
-0.011334
3.854884
-0.120568
-0.063274
-0.026177
-0.006943
0.327102
-0.015690
0.330157
-0.103403
-0.031543
-0.057848
0.252822
0.737528
-0.129450
-0.018047
0.200280
-0.078126
-0.032843
0.456797
-0.031119
-0.008200
-0.042664
-0.017576
-0.014289
-0.012385
-0.027362
0.563343
0.166652
-0.001951
-0.063152
-0.045995
-0.094655
0.225067
-0.038876
-0.074892
-0.055561
-0.083927
-0.026561
-0.003865
-0.003129
-0.062196
-0.014112
-0.050897
0.738918
-0.026321
-0.039846
-0.051378
-0.080881
-0.076057
-0.049305
-0.089951
-0.037218
-0.073455
-0.056198
-0.006789
0.230965
-0.043237
-0.096676
-0.029467
-0.050677
0.393991
-0.005820
0.007330
-0.021707
-0.023869
-0.060502
0.321067
3.000084
-0.050989
-0.024265
-0.002448
-0.075694
-0.030804
-0.031477
-0.030651
0.532781
-0.022505
-0.012576
-0.220290
-0.050925
-0.017202
3.209064
-0.007891
-0.021430
-0.105962
-0.065381
-0.073921
-0.071447
-0.102147
2.778302
0.179877
-0.103367
-0.026478
0.216392
-0.074230
-0.049560
-0.071819
0.132670
-0.047094
0.422573
-0.056010
-0.002393
-0.007138
-0.087839
-0.009340
0.453359
-0.052878
-0.013268
-0.016200
-0.006850
-0.059567
-0.067198
-0.055848
-0.093685
-0.010144
-0.071712
2.465562
-0.096342
-0.556353
-0.035462
-0.008907
-0.078125
0.266293
0.301165
-0.089579
-0.028914
-0.029916
-0.090932
-0.039691
-0.082390
-0.015554
-0.028478
-0.008350
-0.054120
-0.095572
-0.088807
-0.000581
-0.057736
-0.097136
-0.034307
-0.034711
-0.039185
-0.016882
-0.042046
0.231788
-0.052265
-0.001527
-0.042493
0.161071
-0.093868
-0.079725
-0.008013
0.466428
0.977467
-0.027693
0.381103
-0.102126
0.356323
0.005838
-0.047717
-0.030206
-0.003494
-0.045480
-0.050135
-0.037723
-0.040294
-0.074608
0.398322
-0.014420
-0.078020
-0.011612
-0.026016
0.020741
-0.043386
0.669054
-0.058664
-0.099949
-0.049859
-0.029329
0.371538
-0.092703
-0.015821
-0.029957
-0.008045
-0.040631
-0.015924
-0.044138
-0.017695
-0.018295
-0.001465
-0.000220
-0.031681
-0.032733
-0.012765
-0.036738
-0.002548
-0.086634
-0.030443
-0.009336
-0.064969
-0.062101
-0.004435
-0.003846
-0.055020
-0.028501
-0.061330
-0.070449
0.884267
-0.090840
4.415531
0.615107
-0.009494
3.329360
-0.465559
-0.023713
-0.061949
-0.006721
-0.074352
-0.057166
-0.042948
0.554863
-0.000690
-0.036468
-0.000377
-1.702940
-0.077996
-0.033223
0.550902
-0.079347
-0.085297
-0.053022
-0.002809
-0.012489
-0.037490
-0.072458
-0.002919
-0.023364
-0.036212
0.423926
-0.029581
0.570621
4.231129
-0.001860
-0.021829
-0.000980
-0.072433
-0.032508
-0.007182
-0.005249
-0.048823
1.350186
-0.052200
-0.075802
-0.043902
-0.027088
-0.081991
-0.101363
-0.001634
-0.030961
-0.000540
-0.068563
-0.030007
-0.042492
-0.047093
-0.080922
-0.094926
0.273416
0.386793
-0.031758
0.663578
-0.052042
-0.005302
-0.014508
-0.030366
