0.000394
0.020747
0.018694
-0.000508
0.014233
-0.013974
-0.000151
-0.005227
-0.005113
0.020723
-0.000221
-0.001543
-0.001906
-0.000318
0.022007
-0.000231
-0.005987
-0.000326
-0.000474
-0.038541
0.012580
-0.005588
-0.026832
-0.002490
0.013098
0.012973
-0.029281
-0.038631
0.000038
-0.002258
0.005234
0.000279
-0.003343
0.027053
-0.000877
-0.004982
-0.038533
-0.004850
0.017910
-0.003528
-0.000979
0.016160
0.022459
0.000689
-0.001289
-0.023799
-0.000276
-0.008960
-0.035262
-0.008260
0.019164
0.008909
0.000566
-0.003671
0.006927
-0.037271
0.002611
-0.000797
0.022257
-0.002098
-0.000283
-0.000066
0.006938
0.010151
-0.015176
-0.001990
-0.048414
0.015096
0.043910
-0.000638
0.019359
-0.001772
-0.034251
-0.001110
-0.000805
-0.001232
-0.044501
-0.002693
0.016779
-0.000239
-0.041193
-0.030906
0.000007
0.021557
-0.001071
0.023557
-0.000821
0.017376
0.022400
-0.005224
-0.001253
-0.024936
-0.004261
-0.002796
0.000557
-0.010995
-0.000959
-0.000475
0.017258
-0.004841
0.009538
-0.002166
-0.004693
0.025242
0.017331
-0.000404
-0.009724
0.016008
-0.031914
0.021400
0.060995
-0.000326
0.000080
-0.038770
-0.000366
-0.002660
0.002667
-0.000185
-0.008281
-0.001804
-0.019863
0.018771
-0.015016
-0.000067
-0.053317
0.013932
-0.002454
0.000920
-0.008804
-0.005013
-0.041088
0.005127
-0.006985
0.015944
-0.001703
-0.001754
0.015446
0.023209
0.023794
