-0.001425
-1.162054
-1.100747
0.002918
-1.925747
1.970075
0.000934
1.337910
-0.011842
-1.386456
-0.019876
-0.003668
-0.003115
0.006698
-1.747907
0.000303
1.367071
0.000071
-1.410272
0.738922
-0.234869
-0.004523
0.483595
1.493606
-0.227424
-0.252031
1.383473
2.987817
-0.000075
0.037204
0.018007
1.307755
0.836941
-0.485941
-0.002560
-0.020082
0.671769
-0.077598
-0.315651
0.001306
-0.018518
-1.881075
-0.461479
0.010982
1.135968
1.684553
-0.005505
0.382409
1.708652
-0.020869
-1.773324
-0.138306
-0.511212
-0.014661
-0.465643
0.784315
-0.081252
-0.020342
-0.475022
1.832365
-0.031914
-0.000012
-0.438878
0.047418
2.751114
-0.399680
0.589288
-1.679966
-0.914293
-0.203451
-2.038318
-0.016678
1.365447
-0.011334
-0.000206
-0.452156
0.818440
1.221813
-1.866286
0.000174
0.761261
2.581502
-0.000028
-0.414007
0.010013
-0.099593
0.009383
-1.784238
-0.397880
-1.628383
0.013425
1.166215
1.817266
0.006486
-0.000470
0.205732
-0.330810
0.014301
-1.748458
1.793336
-0.199598
0.003295
1.704543
-1.332247
-1.930480
-0.001171
0.028329
-0.764400
1.643082
-1.711176
-1.302290
-0.388728
-0.000074
1.603835
0.010302
1.176828
-0.011224
0.000083
1.306270
-0.006233
2.434983
-1.731278
0.137384
0.004839
0.214043
-2.123982
0.022222
0.002218
-0.016759
1.560633
0.865898
-0.009227
0.005258
-2.126194
-0.014237
-0.000499
-0.337390
-1.486791
-0.205287
