0.803335
-5.932387
0.001204
-7.711073
0.026003
0.001717
5.852081
-0.005015
-6.289836
0.012454
-6.344738
0.007449
0.013991
1.083116
-0.004372
-0.017876
-6.903424
-0.024237
-8.105882
-6.481450
-9.092337
0.025583
-6.083655
-0.017578
-7.155884
-7.551814
-6.748540
0.005620
-0.004601
0.002977
-6.262487
-0.001861
-7.588892
-0.022421
1.311341
0.011433
0.017222
-5.784935
1.309601
-7.308065
-6.966713
-6.271122
-7.915812
1.380435
0.014675
-0.041632
-0.003609
-6.245899
-0.000061
-7.069053
-6.474454
8.353855
0.000653
-6.472902
0.000133
-8.023341
0.000863
-0.007495
5.853095
-7.361580
0.390327
0.737455
-7.964384
-7.910616
-6.703307
7.057939
-7.344618
-5.444363
-7.934766
-7.319304
-7.026578
