-0.003548
-0.155282
0.322633
0.259085
-0.007036
-0.336037
0.000422
-0.006824
-0.310997
-0.013168
-0.007356
-0.000829
-0.000124
0.003048
-0.000604
-0.002153
-0.090098
-0.011903
-0.156783
-0.001249
-0.000774
0.304546
-0.004425
-0.001534
-0.002736
-0.006482
-0.005437
-0.223135
0.256774
-0.002251
-0.007285
0.309256
-0.003877
-0.001242
0.000463
-0.175614
-0.009584
-0.001332
-0.001285
-0.007695
-0.002196
0.178431
-0.001164
-0.008919
0.005561
-0.000584
0.201807
-0.073655
-0.004983
-0.175557
0.384004
-0.004287
-0.000602
-0.029626
-0.002483
-0.009374
-0.190161
0.017945
-0.002121
-0.000838
-0.006343
-0.002723
-0.005991
-0.001916
0.000746
0.218602
-0.005868
-0.448881
-0.000053
-0.033181
-0.158089
0.290388
-0.147293
0.126070
-0.005559
-0.237372
-0.139386
-0.222115
-0.001602
-0.001005
-0.004084
-0.005000
0.341011
-0.110183
-0.008454
0.360041
-0.243166
-0.053439
-0.001746
-0.004840
0.079638
-0.001544
-0.006912
0.131788
-0.003392
0.395690
-0.002188
0.202488
-0.022133
0.002388
-0.375315
-0.533890
-0.001248
0.121625
-0.011026
-0.227298
-0.001218
-0.008381
-0.001514
0.337625
-0.008001
-0.018971
-0.003782
-0.000513
0.229131
-0.116853
-0.163309
-0.000384
-0.537516
0.001507
-0.008113
0.394286
-0.010869
-0.002150
-0.003123
-0.005266
0.234202
0.002604
-0.000712
-0.103249
-0.012583
-0.314499
-0.002304
-0.012966
-0.045723
-0.006180
-0.002028
0.001363
0.002658
-0.001537
-0.010290
-0.000193
-0.002986
-0.426151
-0.197703
0.004178
-0.002362
-0.246667
-0.005515
-0.006240
0.001336
0.086497
0.001626
-0.215080
-0.002911
-0.315130
-0.010467
-0.004325
-0.150284
-0.006653
-0.004490
-0.001311
0.158217
0.003861
-0.245026
-0.045424
-0.050826
0.002788
-0.274977
-0.002523
-0.003185
