-0.018605
-5.663142
4.748636
4.261921
0.012706
-6.334755
-0.000976
0.005970
-6.811611
0.027699
-0.009669
-0.002230
-0.000064
0.002500
0.003893
0.000122
-6.720164
0.007567
-5.494196
0.039349
0.000541
4.773463
0.016997
0.005506
0.028521
0.011949
-0.007997
-5.773177
5.597454
0.003696
-3.170882
3.792935
-0.003400
-0.009610
0.000492
-5.931176
0.001003
0.021013
-0.007879
0.003358
-0.004676
4.490996
0.010620
-0.018581
0.008056
0.000366
4.411750
-4.605167
-0.031193
-5.741292
1.059105
0.031121
0.000260
-2.568639
0.005711
-0.000462
-4.841411
-5.460764
0.023986
0.011444
0.014177
0.002944
0.003162
-0.011165
0.000656
4.225600
0.023241
-6.483243
-0.000340
-5.103495
-5.030027
5.320845
-5.989719
-4.325405
-0.029355
-6.588126
-5.143601
-5.267810
-0.000237
-0.001518
-0.001647
-0.013345
5.137076
-7.811107
-0.004347
5.869223
-6.669433
-7.063044
0.002407
-0.017900
4.742741
0.004006
-0.030298
0.190730
-0.023968
4.999354
-0.013921
4.439626
-7.511546
0.004251
-5.454878
-6.580385
0.022641
5.039142
0.004507
-6.675955
-6.575340
-0.007110
-0.003081
0.919752
-0.029669
-0.499017
0.007005
-0.003999
6.271724
-6.780110
-7.056958
-0.008324
-8.639221
0.000342
0.022023
4.529727
0.000930
0.030123
0.009205
-0.017330
0.446974
-0.003669
-0.002169
-4.485437
-0.006165
-7.585638
0.015518
-0.021879
-7.709584
-0.002211
-0.000399
0.000505
-0.005755
0.006250
0.025442
-0.000454
-0.003225
-5.597105
-6.740500
0.006514
0.000290
-6.355944
0.003184
-0.011826
-0.001189
-4.971844
-0.002291
-4.603995
-0.015653
-5.875226
-0.023959
0.005669
-6.588396
0.029294
-0.001236
0.001590
4.609974
-6.759157
-6.322300
-4.444328
-5.847357
-0.002731
-4.960806
0.005207
0.006060
