0.254023 0.127215 0.299282 -0.421384 0.245744 0.058736 0.001860 -0.026535 0.000026 0.000096 -0.099653 -0.199619 -0.233878 0.213279 -0.000035
-0.246399 0.237296 -0.350005 0.054792 -0.323534 0.388548 0.049314 -0.038916 0.000102 0.000044 0.490469 0.082700 -0.299307 -0.277795 -0.000024
-0.336994 0.042303 0.176710 0.017515 -0.183992 0.134011 0.051559 -0.022310 -0.000051 -0.000003 0.237783 0.285775 -0.413595 -0.090229 -0.000016
0.128117 -0.368642 0.113412 0.381304 0.379395 0.123404 0.098170 0.812247 0.000031 0.000058 0.008990 0.120170 0.143949 0.470826 -0.000058
0.073934 -0.194982 0.004719 -0.381180 -0.101970 0.210450 0.097614 0.001880 0.000010 -0.000061 -0.024132 0.000157 -0.107168 0.034961 0.000047
0.066983 -0.379458 0.286235 -0.102245 -0.121189 0.013267 -0.008134 0.177745 0.000005 0.000064 0.269810 0.002052 -0.022348 0.133574 -0.000042
-0.201732 -0.043074 -0.117069 0.246638 0.010124 -0.472439 -0.022314 0.373910 0.000017 0.000058 0.145156 0.360605 -0.043245 -0.388055 -0.000071
0.423384 0.161804 -0.101139 -0.159649 0.275163 -0.023962 -0.035578 -0.305964 0.000032 0.000019 -0.099975 -0.425397 0.142710 -0.154962 0.000003
-0.135453 0.467747 -0.114660 0.091091 0.597153 0.255880 0.046277 -0.269199 0.000053 -0.000055 -0.255596 0.233046 -0.121076 -0.172112 0.000035
-0.213997 0.130336 0.457456 -0.238150 0.131698 0.598697 0.017872 -0.394044 0.000030 0.000011 -0.778858 -0.004396 0.425827 0.204800 -0.000106
0.716797 0.277469 -0.152757 0.013098 0.081998 0.655592 0.091040 -0.117499 0.000062 -0.000111 0.148019 0.201346 -0.010279 0.017524 -0.000020
0.154367 -0.206813 0.017476 0.176273 -0.009587 0.282366 0.131990 -0.153157 -0.000078 0.000186 0.463312 -0.011964 -0.158618 -0.257966 0.000098
-0.030132 0.343728 0.171237 -0.389147 0.029928 0.404968 0.031529 -0.184870 0.000138 -0.000021 -0.151407 0.182807 -0.692597 -0.223344 0.000003
-0.108688 -0.049814 0.204434 -0.015915 -0.071519 0.048928 0.057970 0.218993 0.000086 -0.000013 0.064195 -0.244909 -0.296912 -0.099475 0.000012
0.007652 0.679258 -0.283527 -0.129533 -0.254033 -0.006413 0.002422 0.077648 0.000011 -0.000081 -0.173931 -0.187182 -0.036111 0.042398 0.000029
0.137739 0.621265 0.028418 0.088971 0.240479 -0.068107 -0.016104 0.137138 0.000057 0.000047 -0.234535 0.370985 -0.306524 -0.808429 -0.000068
0.268874 -0.011314 -0.014176 -0.338152 0.390151 -0.290453 0.006112 0.123522 0.000000 0.000027 -0.252677 0.188465 -0.002038 -0.050365 -0.000019
0.287014 0.516197 -0.261530 0.132395 0.646521 0.214017 0.018345 -0.217278 -0.000009 0.000055 -0.211853 0.038445 -0.597663 0.004621 -0.000043
-0.142915 -0.047618 0.099777 0.181755 0.212684 0.327046 0.001417 0.434380 0.000028 0.000054 0.035964 0.202464 -0.170382 -0.351497 0.000028
-0.188663 -0.752836 0.301428 0.274545 0.225702 0.153310 -0.022984 0.069855 0.000004 0.000011 0.553656 0.217758 -0.014164 0.140827 0.000061
-0.092183 -0.291336 -0.130697 0.088906 -0.270075 0.264243 -0.090200 -0.019480 -0.000035 0.000035 -0.002680 0.134385 0.229920 0.054875 0.000043
0.220147 -0.190487 -0.004592 -0.184673 -0.386020 0.389855 -0.012935 0.121898 0.000070 0.000078 -0.210802 -0.046446 -0.187342 -0.068384 0.000057
-0.382805 -0.132441 0.139710 0.136577 -0.104346 0.393019 0.020956 -0.239561 0.000070 0.000033 0.590006 -0.305282 -0.572309 0.344256 0.000023
0.104392 0.069662 0.034548 -0.392139 0.124464 0.214865 0.109851 -0.016441 0.000001 -0.000021 -0.174912 -0.045138 0.040239 -0.334115 -0.000079
-0.701005 -0.387198 0.060612 -0.246139 0.130383 0.032963 0.119430 -0.543163 0.000099 -0.000053 -0.035138 0.220452 0.227224 -0.827500 0.000011
-0.032976 -0.215324 0.159775 0.413188 0.723584 0.159072 0.086462 -0.553711 0.000021 -0.000062 0.646895 0.002601 -0.277397 0.338520 0.000034
0.215516 -0.608362 0.217807 -0.036210 0.711895 -0.333099 0.065394 0.359519 0.000034 -0.000054 0.142641 0.222939 -0.482583 0.342905 -0.000011
-0.633884 0.287322 -0.743634 0.365899 -0.939022 0.369952 0.123558 0.454824 0.000013 -0.000054 0.166342 0.243212 -0.124852 -0.174166 0.000078
-0.175828 -0.141652 0.173494 0.032824 -0.012889 0.002918 0.037426 -0.072378 0.000102 0.000009 0.212527 0.052858 0.193437 0.166056 -0.000049
0.535933 0.095626 -0.241563 0.154820 -0.156239 -0.136866 0.105759 0.134929 0.000155 0.000027 0.065249 -0.190777 0.247712 0.175712 -0.000055
-0.202175 0.187396 -0.165398 0.425265 0.125811 0.333143 0.106663 0.065656 -0.000016 0.000062 0.541572 0.305754 -0.387003 -0.169076 0.000045
-0.637594 -0.612230 0.179169 0.096082 0.303321 -0.016670 0.167825 -0.272990 0.000003 -0.000065 0.030581 -0.195775 -0.418137 -0.139500 0.000026
0.130430 0.148620 -0.008725 -0.357568 0.324067 0.575477 0.067652 -0.175435 0.000048 0.000023 -0.596874 -0.305941 -0.135785 0.225469 0.000020
0.050620 0.320232 -0.441420 0.425002 0.301179 -0.019928 0.010149 0.114450 -0.000025 -0.000031 -0.258438 0.027871 -0.184010 0.415594 -0.000006
0.287841 0.015660 0.242796 -0.272026 -0.190967 -0.298469 0.076815 0.269428 0.000039 0.000089 0.338661 0.106396 0.244587 -0.060844 -0.000052
-0.256562 -0.215795 -0.292057 -0.306886 -0.226495 -0.315953 0.070845 0.410371 0.000018 0.000082 -0.427001 0.734300 0.458321 0.184716 -0.000000
-0.168502 -0.081604 -0.116980 -0.092396 0.453967 -0.177457 0.001144 0.140491 0.000014 0.000117 -0.265835 -0.084603 0.029275 -0.401010 0.000058
0.379183 0.026796 -0.032586 -0.638627 0.084941 0.093034 -0.002098 -0.148731 -0.000010 0.000040 0.350374 -0.012695 -0.399598 0.296176 -0.000027
0.053965 -0.328319 0.114415 0.013524 0.121860 0.032719 -0.022255 0.502168 0.000028 -0.000110 0.049221 0.070855 0.103034 0.002665 -0.000037
-0.011089 -0.524294 0.129205 -0.000691 -0.003042 0.194485 -0.010215 -0.074038 0.000018 -0.000035 -0.262560 -0.184602 -0.120253 -0.233756 0.000060
0.150242 -0.299130 0.282584 -0.157149 0.299295 -0.082920 0.032995 -0.060166 0.000025 -0.000018 -0.088457 -0.305148 -0.252986 -0.070442 0.000047
0.341783 -0.140798 -0.083300 0.020430 0.062296 0.386336 0.058954 0.147105 -0.000005 -0.000001 -0.215748 -0.611202 0.509268 0.425528 0.000094
0.198364 -0.105872 0.228682 0.147043 -0.021822 0.242215 0.082375 0.065936 0.000090 0.000077 -0.249828 -0.002091 0.313822 0.005730 0.000062
0.146339 -0.157299 0.347072 -0.074668 0.115962 0.724475 0.119776 -0.911539 0.000057 -0.000015 0.107987 -0.307232 0.127126 0.367246 -0.000048
0.114975 -0.071526 0.033186 -0.432362 -0.066095 0.246545 0.077712 -0.129096 -0.000033 0.000013 0.290541 -0.196513 0.601216 -0.029815 0.000028
-0.166362 0.159626 0.409761 0.107786 -0.045596 0.540211 0.156399 -0.090199 0.000029 0.000036 -0.574260 -0.204844 -0.302006 -0.257555 -0.000028
-0.299114 0.592472 0.194691 -0.119292 0.271395 0.033880 0.156594 -0.483341 0.000055 -0.000075 -0.399839 -0.090856 -0.055110 -0.002787 -0.000023
-0.085339 0.233932 0.098348 0.130305 0.219758 -0.259202 0.000320 0.495848 0.000077 0.000091 0.010001 -0.138301 -0.313567 0.215821 -0.000008
-0.113324 0.256611 0.025745 0.326852 -0.075622 -0.275439 0.099772 0.213988 -0.000002 -0.000056 0.330822 0.115816 -0.171494 0.280868 0.000054
0.267806 -0.076449 -0.301174 -0.100856 0.026530 0.441031 0.110026 0.427780 0.000047 -0.000008 -0.270318 -0.090217 -0.305577 0.065280 -0.000024
-0.214795 -0.250471 0.133291 0.527450 0.194143 0.194617 0.098727 0.247123 0.000027 -0.000079 0.067916 -0.241815 -0.043880 -0.092289 -0.000027
-0.436254 0.197166 0.307994 0.158547 0.131278 0.102132 0.038564 -0.113783 0.000047 0.000011 -0.992881 -0.378272 0.417378 -0.347904 0.000004
-0.163384 0.297734 -0.000913 0.089694 -0.058391 -0.424745 -0.009535 0.174715 0.000034 -0.000093 0.145994 -0.142958 0.386694 0.191353 -0.000030
-0.239047 0.041900 -0.160468 -0.023278 -0.347181 -0.344553 0.003551 0.471537 -0.000031 -0.000055 -0.769713 0.229377 0.580562 0.237986 0.000111
-0.072356 -0.060061 -0.166810 0.506687 0.133792 -0.343150 -0.000264 0.233711 0.000039 -0.000041 -0.002093 -0.379993 0.227206 0.087566 -0.000013
0.109547 -0.479411 -0.302409 -0.281569 -0.123629 -0.152551 0.004743 0.239549 0.000040 0.000017 -0.325228 -0.394922 -0.429695 -0.366240 0.000025
-0.534647 -0.226411 -0.682436 0.475280 0.841876 0.054697 -0.002753 -0.121771 0.000023 -0.000028 0.093923 0.600358 -0.195369 0.294665 0.000020
0.433840 -0.435215 -0.352613 0.094406 0.333432 0.107165 0.002728 0.002019 0.000162 -0.000121 0.258939 0.051362 -0.045245 0.105903 -0.000090
-0.057237 -0.497029 0.187295 0.000881 0.151173 -0.010203 -0.006672 -0.135232 0.000054 -0.000008 0.143114 0.071971 0.066533 -0.006748 -0.000065
-0.279221 -0.359501 -0.461280 0.044027 -0.351873 -0.005293 -0.025490 -0.082208 0.000060 -0.000026 0.224436 0.229032 0.019415 -0.088850 0.000016
-0.071100 0.125978 -0.470726 -0.336285 0.327973 0.147879 -0.021845 -0.041686 -0.000008 -0.000003 0.065459 0.010775 -0.363380 0.023360 0.000053
0.125131 0.192197 0.138070 0.164994 -0.175744 -0.003278 0.038313 0.132001 0.000058 -0.000009 0.009850 0.001745 0.330404 0.020893 -0.000050
-0.007159 0.042423 0.029755 -0.253997 -0.201235 -0.035178 0.015480 -0.285622 0.000010 -0.000029 -0.342089 -0.001335 0.337225 0.183777 0.000020
0.075429 -0.256071 -0.780501 0.239066 0.322903 0.791373 0.057842 -0.593621 0.000072 0.000064 -0.249361 0.167627 -0.150569 -0.424992 -0.000007
-0.006338 -0.021250 0.009598 -0.355626 0.325680 0.051076 -0.012115 -0.453075 0.000070 -0.000055 0.069644 0.443307 0.128403 -0.429221 -0.000017
-0.003057 0.162485 -0.017033 -0.720812 0.176025 -0.049592 -0.030266 0.116283 -0.000013 0.000035 -0.503243 0.375202 -0.397338 0.061330 0.000039
0.230275 -0.097544 0.409430 0.096399 0.431117 -0.218879 -0.098278 0.390293 -0.000010 -0.000181 -0.124562 -0.097207 0.111656 0.109685 0.000049
-0.229126 -0.273910 0.053792 -0.349177 -0.192641 0.341548 -0.027990 -0.168180 0.000025 0.000065 -0.050768 -0.254976 0.144394 0.144198 0.000005
0.064874 0.296933 -0.109944 -0.026364 -0.177420 -0.106844 -0.019355 0.377517 0.000031 -0.000031 -0.334344 0.269274 0.423300 0.084841 0.000047
0.328984 0.166803 0.232156 -0.031379 0.078728 -0.233517 -0.001673 0.253156 -0.000026 0.000032 -0.102586 0.446033 0.621635 -0.078507 -0.000053
0.313864 -0.084132 -0.024756 0.120378 0.380322 0.027720 0.062018 0.010394 0.000015 -0.000062 -0.464528 0.116695 0.273375 0.059092 0.000117
0.128883 -0.010374 0.574421 -0.048143 0.138726 0.398091 0.098953 -0.047155 -0.000029 -0.000027 -0.325890 -0.693775 -0.042538 -0.075405 -0.000019
-0.395744 0.282982 0.454456 0.132802 0.214976 0.159103 0.103624 0.144685 -0.000010 -0.000031 -0.021074 0.032599 -0.076793 0.270533 -0.000048
-0.180697 -0.009040 0.013025 -0.519339 -0.180391 0.349707 0.154166 -0.332981 -0.000028 -0.000029 0.371218 -0.094055 -0.417682 -0.081762 -0.000054
0.260805 -0.261761 0.113262 0.380633 0.135553 0.337807 0.141894 0.330842 0.000107 -0.000187 0.224535 -0.175444 -0.124237 -0.022304 -0.000046
0.080059 -0.027062 -0.407083 0.081912 -0.525699 -0.171741 0.118701 0.386739 0.000107 -0.000020 -0.412551 0.069018 0.595277 0.348766 -0.000079
-0.076220 0.316681 0.161618 0.156715 0.041044 -0.332703 0.086405 0.242367 0.000016 -0.000030 -0.100555 -0.350116 0.024881 -0.147523 -0.000004
-0.065134 -0.295469 -0.461042 -0.374887 0.083899 -0.108146 0.074874 -0.350401 0.000107 -0.000064 -0.270408 0.102404 0.404155 0.051130 0.000060
-0.054665 0.137443 0.052908 0.231549 0.244772 -0.011931 0.000038 -0.521704 0.000003 -0.000040 0.135122 -0.249516 -0.052844 -0.220362 -0.000022
-0.055409 -0.143099 0.011435 -0.161883 0.470222 -0.398508 0.001055 0.008343 0.000135 -0.000066 -0.190979 -0.355256 0.276881 0.177550 0.000017
0.319461 0.033835 -0.213358 0.262969 -0.110985 0.238808 -0.000115 -0.404898 0.000101 -0.000061 0.314775 -0.083009 0.023166 -0.249059 0.000161
0.157568 0.020712 -0.156044 0.237051 -0.153092 0.286759 0.014062 -0.027920 0.000030 0.000067 -0.297465 -0.449312 0.516238 0.062350 -0.000025
-0.290866 -0.126140 0.091411 -0.077516 -0.356377 0.102109 0.177126 0.738109 -0.000007 -0.000089 -0.056093 0.031338 0.146298 0.394230 0.000051
-0.445503 0.049260 0.010284 -0.028084 -0.028326 0.217658 0.169686 -0.733770 0.000007 0.000014 -0.201228 -0.381361 -0.191228 0.139073 -0.000045
0.001779 0.252033 0.184556 0.040092 0.019465 0.236084 0.001450 -0.070442 0.000091 -0.000032 -0.169827 0.465518 0.239570 -0.244742 -0.000049
0.141866 -0.113370 -0.073758 0.146292 0.120822 -0.147216 0.000375 0.531412 -0.000018 -0.000034 -0.158234 -0.334078 -0.139650 0.183070 -0.000051
-0.118837 -0.060020 -0.374884 -0.152197 -0.387217 -0.021176 0.060978 0.130189 0.000020 0.000085 -0.298911 -0.158891 0.168604 0.084915 -0.000003
0.120274 0.149725 0.351883 0.293203 -0.095563 0.312029 0.007572 0.067327 0.000002 0.000109 -0.167047 -0.178700 0.236970 0.137116 -0.000056
-0.208638 0.072557 0.167503 0.143461 -0.158147 -0.221230 0.072321 0.000992 0.000004 0.000023 0.304151 -0.024234 0.439519 -0.194250 0.000021
0.024983 0.617002 -0.021626 -0.304739 -0.466991 0.226921 0.043426 -0.701934 0.000044 0.000047 0.354436 0.334252 0.323606 -0.341773 -0.000013
-0.238625 -0.159534 -0.033608 0.001202 -0.248373 0.136501 0.113691 -0.032795 0.000014 0.000044 0.132271 -0.035896 -0.251573 -0.173888 0.000025
0.010232 -0.096748 0.184621 0.108939 -0.390131 0.282734 0.063265 0.561777 0.000026 0.000023 -0.143617 0.108666 0.226358 0.315588 -0.000028
-0.483250 -0.186710 0.008655 0.017718 -0.601767 0.084739 0.189892 0.094203 -0.000017 0.000033 -0.284641 -0.067404 0.379951 -0.008790 0.000004
0.401222 0.112117 -0.148455 -0.371696 0.323897 -0.291477 0.166256 0.471681 -0.000003 0.000089 -0.320167 0.088596 -0.239312 -0.119346 0.000076
-0.013122 0.063216 0.066918 -0.121125 0.527477 -0.235183 0.233047 -0.021947 -0.000002 -0.000007 -0.348869 -0.096278 0.002597 -0.478274 0.000045
-0.208584 -0.159428 0.486849 0.151449 0.134177 -0.018755 0.131293 -0.148806 0.000017 -0.000081 0.035216 -0.131406 0.326894 -0.549016 -0.000023
0.177818 -0.195080 -0.699744 -0.422593 0.034806 0.145088 0.155197 -0.323986 0.000013 0.000030 0.090776 0.402252 -0.245862 -0.325509 0.000062
-0.085606 -0.090234 0.038650 0.059265 0.347751 0.248119 0.153469 -0.716713 0.000022 0.000062 0.391256 0.205992 0.287848 0.160461 -0.000065
0.096895 -0.117804 -0.101062 -0.287583 0.220566 -0.078783 0.192986 0.078758 0.000144 0.000083 -0.171314 0.080490 -0.142988 -0.420478 0.000020
-0.073411 0.213059 0.029961 -0.010912 0.046032 -0.159110 0.057106 0.151501 0.000004 -0.000079 0.013037 0.232980 0.316181 -0.116922 -0.000016
-0.149296 -0.041961 -0.135164 0.248375 0.282148 -0.141018 0.018950 0.394999 -0.000026 -0.000041 -0.469146 -0.133662 -0.225622 -0.183824 0.000034
0.113163 -0.380011 0.060555 -0.141119 -0.171143 -0.023307 -0.020716 -0.071916 0.000022 -0.000027 -0.045632 0.295377 0.594247 -0.623150 0.000063
-0.233987 -0.033602 0.312145 0.031360 -0.282058 0.188683 -0.047532 -0.012908 0.000023 -0.000008 0.169833 -0.467425 0.341978 -0.201103 -0.000024
-0.072657 0.015427 -0.318442 -0.105850 -0.756211 -0.155665 -0.119243 -0.252201 -0.000002 0.000055 0.593069 -0.217334 -0.246446 -0.158537 -0.000025
0.216403 -0.142453 -0.121515 -0.026409 0.260866 0.035450 -0.042810 -0.581962 0.000015 -0.000078 0.253600 0.092674 -0.227717 0.039021 -0.000021
0.120696 0.275025 0.123400 0.048793 0.182044 0.296992 0.000567 0.157203 0.000041 -0.000072 -0.223000 -0.033782 0.326607 0.178294 0.000084
-0.242108 0.100379 -0.081063 0.152481 -0.458590 0.024143 0.087966 -0.217862 0.000002 0.000033 0.307431 0.079824 0.271390 0.168789 -0.000001
0.257307 0.447669 0.230965 -0.632609 -0.395594 -0.063912 0.038723 0.125667 -0.000029 0.000100 -0.250710 -0.058365 -0.025370 -0.191070 0.000016
0.364783 0.833323 0.241476 -0.010824 -0.165052 -0.143254 0.036014 -0.186712 0.000034 0.000028 -0.025310 -0.259450 0.420520 -0.010949 -0.000068
-0.412224 0.378414 -0.133100 0.253848 -0.000019 0.162286 0.005399 -0.049638 -0.000008 0.000022 -0.027598 0.272048 -0.035934 -0.037320 -0.000005
0.325173 -0.329677 0.096940 -0.286509 -0.322459 0.536309 0.031045 0.170727 -0.000010 0.000117 -0.279205 0.250142 0.034901 0.361394 -0.000008
-0.395045 -0.326963 0.341596 -0.273898 0.051874 0.209368 0.059493 0.371845 0.000042 -0.000065 0.138419 0.097024 -0.213731 0.064582 -0.000025
-0.101405 -0.095324 0.331401 0.013200 -0.019256 -0.130065 0.097618 0.215332 -0.000029 0.000057 0.261355 0.298461 0.174675 0.226043 0.000003
0.063306 0.352264 -0.334366 -0.179749 -0.025304 -0.034818 0.037938 -0.041691 0.000039 0.000004 0.190975 -0.311977 -0.312309 0.162562 0.000011
-0.237941 0.265922 0.345754 0.097177 0.375113 -0.233959 0.014370 -0.395396 0.000118 -0.000039 -0.110687 -0.339338 -0.436666 0.013824 0.000142
-0.019347 0.301030 -0.236459 0.062930 0.378574 -0.206464 0.002754 -0.008762 0.000019 0.000012 -0.293506 -0.264054 0.642580 0.581344 -0.000024
0.170891 -0.157983 -0.182323 -0.029953 -0.048311 -0.236592 -0.003151 0.151603 -0.000006 -0.000027 -0.003287 0.196485 0.674663 0.469776 -0.000038
-0.370718 0.093670 0.080602 -0.389577 -0.204179 -0.256584 0.000032 0.050546 0.000052 -0.000057 0.021918 -0.148520 -0.254727 -0.250713 -0.000024
0.041775 -0.136277 0.004229 -0.159680 -0.184511 0.560603 0.098951 0.012892 0.000014 -0.000026 -0.249016 -0.285688 -0.026128 0.215898 -0.000054
0.263624 -0.053589 0.145055 -0.009488 0.292035 0.104420 0.137626 0.144351 -0.000068 0.000064 -0.072745 -0.165652 -0.486854 0.360677 -0.000019
0.386419 -0.403289 -0.588382 -0.166093 0.079305 0.226122 0.126917 -0.120776 0.000024 0.000017 0.279554 -0.069495 0.047399 -0.040508 -0.000011
-0.203452 0.039619 0.062125 -0.164725 0.002846 -0.086365 0.080454 -0.355208 0.000027 -0.000082 0.399619 0.129844 0.048227 -0.427280 0.000028
-0.512623 0.202601 -0.044911 -0.111501 -0.458656 -0.464425 0.116876 -0.201111 -0.000017 0.000053 0.176881 0.104971 0.059966 -0.431141 0.000002
0.569112 -0.196568 -0.230401 -0.271189 0.026551 -0.047234 0.109100 0.307684 0.000036 -0.000033 0.016998 -0.090777 0.417705 0.097636 0.000045
-0.737558 0.155674 0.146739 0.097600 -0.661159 -0.175863 0.066977 0.104764 0.000044 0.000100 0.422635 -0.380154 -0.081944 0.134564 0.000025
0.090008 -0.068478 0.151582 0.108672 -0.076104 -0.115214 0.154538 0.044561 -0.000040 -0.000024 -0.016492 -0.027005 0.237268 -0.160277 0.000071
0.137421 -0.136022 -0.082677 -0.458791 0.204378 -0.069114 0.070922 -0.393379 0.000096 -0.000040 -0.011005 0.060486 -0.044834 -0.495446 0.000027
0.203779 -0.000782 0.257856 0.249071 -0.285535 0.133858 0.079293 -0.196468 0.000045 -0.000069 0.322429 -0.279499 0.474537 0.062760 0.000096
0.005815 0.303511 0.424270 0.419825 0.174451 -0.102147 0.172060 0.192048 0.000005 -0.000006 0.258682 0.025875 -0.101184 -0.149128 -0.000045
0.046439 0.014429 0.278241 -0.092621 -0.177768 -0.368612 0.137802 0.563324 0.000081 -0.000067 0.101738 -0.131122 0.189876 -0.481963 -0.000161
-0.099935 0.188164 0.036503 -0.071327 -0.340539 0.283966 0.100798 0.103493 0.000027 -0.000028 0.469532 -0.093657 -0.287059 0.365426 -0.000009
-0.266084 -0.181651 0.401775 0.136436 -0.068303 -0.395909 0.090769 0.138892 0.000089 0.000102 -0.070751 -0.049056 -0.138438 -0.294199 -0.000043
0.375659 -0.427348 -0.091343 0.296415 0.047603 0.412065 0.051741 0.273550 -0.000022 0.000108 -0.088597 -0.305697 -0.035236 -0.120251 0.000023
-0.591009 -0.508258 -0.060926 -0.040046 -0.725091 -0.281233 0.112529 0.003761 0.000044 -0.000023 -0.071843 0.303900 0.414593 -0.375781 0.000043
0.009821 -0.053408 0.263498 0.187987 -0.091976 0.695234 0.094728 0.063223 0.000011 -0.000030 0.266053 0.316645 0.265804 -0.020363 -0.000042
-0.311566 0.007750 -0.371481 0.177983 -0.041047 0.101126 0.168250 -0.187237 0.000013 -0.000057 0.011970 -0.181197 -0.080400 0.051223 -0.000002
-0.278503 0.033425 0.609386 -0.476970 -0.062883 0.238005 0.100063 -0.651478 -0.000039 0.000099 0.347286 -0.019182 -0.010598 -0.152499 0.000076
0.166967 0.039182 0.127970 0.243835 0.220813 -0.056678 0.033497 0.066196 -0.000028 -0.000071 -0.153710 0.404945 0.285019 -0.066728 -0.000011
0.068752 0.084993 -0.378518 0.094769 -0.127826 -0.237864 0.036044 -0.262044 -0.000080 -0.000004 0.273909 -0.448091 -0.166233 -0.191145 0.000089
-0.695522 0.193227 -0.181793 -0.052463 0.121959 -0.688943 0.087867 -0.114849 -0.000016 -0.000041 0.282038 0.398079 -0.116127 -0.412854 0.000015
0.103187 -0.471820 -0.012738 -0.262058 0.043282 -0.244526 0.082082 0.343919 -0.000072 0.000012 0.455931 -0.053952 0.002075 0.208507 0.000022
0.300734 -0.692817 -0.160817 0.580293 0.320495 0.173635 0.019146 0.562879 0.000031 -0.000044 -0.021981 0.344885 0.070369 0.116121 -0.000046
0.073249 -0.128852 -0.002207 0.098221 0.048188 0.000920 0.027822 0.576193 -0.000046 -0.000112 0.227421 0.176542 0.013421 0.242511 -0.000011
-0.239763 0.470546 -0.304845 -0.123476 0.097907 -0.272239 0.017315 -0.725381 0.000024 0.000068 0.054553 0.275363 0.165299 0.118416 0.000078
0.477011 0.630535 -0.380782 0.249338 -0.237050 -0.544612 -0.049812 0.074738 0.000018 0.000100 0.670277 -0.225428 0.150817 -0.126086 -0.000120
-0.228221 0.432266 -0.104285 0.321687 -0.193693 -0.600716 0.054822 -0.553946 0.000001 -0.000041 0.465588 -0.158581 -0.071638 0.128694 -0.000058
0.073693 -0.217119 -0.289245 -0.157445 0.131128 0.305400 -0.013867 0.080730 0.000070 -0.000071 0.114896 0.144491 0.176474 0.351386 0.000023
0.118826 -0.491074 -0.874416 -0.151917 -0.291873 0.011120 0.034757 0.029429 -0.000011 0.000067 0.257028 -0.109062 0.126708 0.064513 0.000052
0.544496 -0.062911 -0.142718 0.055045 0.081770 0.346387 0.007727 0.192315 0.000001 0.000006 -0.146614 -0.245340 0.155048 0.420947 -0.000058
0.233396 0.083356 0.085225 0.288653 -0.465115 -0.537403 0.088421 0.760183 0.000016 0.000035 -0.007259 -0.168891 -0.028417 0.003914 -0.000070
-0.512646 0.021797 -0.949740 -0.003537 0.095754 -0.435281 0.130055 0.027607 0.000085 0.000025 0.013540 0.040533 0.318883 0.023309 0.000029
0.447963 0.086404 0.231401 -0.449928 -0.195728 -0.601698 0.133829 0.029445 0.000058 0.000062 -0.051338 -0.270343 0.129298 0.032446 0.000068
0.414280 0.348527 -0.177486 0.248992 -0.029500 -0.372983 0.177892 -0.665121 0.000133 -0.000031 0.631749 -0.219725 0.355677 -0.297143 -0.000012
-0.278859 0.501996 -0.544800 -0.280493 -0.384841 -0.062908 0.240926 -0.266395 0.000020 0.000039 0.241074 -0.131970 -0.399896 0.220139 0.000124
-0.063570 0.235510 -0.271072 -0.124383 0.062626 -0.099869 0.210483 0.257553 0.000038 -0.000033 0.377050 0.263088 -0.142107 -0.101987 0.000136
0.270841 0.082962 -0.142734 0.008054 0.253346 -0.046430 0.270114 0.467437 0.000020 0.000057 -0.216914 0.573529 -0.211105 0.184392 -0.000009
-0.019913 0.093024 -0.045208 0.081947 -0.658996 0.036785 0.170633 0.393863 0.000122 -0.000031 0.224656 -0.308247 0.102640 0.181131 -0.000025
0.023637 -0.363407 -0.226728 -0.517845 -0.142846 -0.100142 0.201903 0.371071 0.000045 -0.000136 -0.186926 -0.034768 -0.127278 0.054974 0.000022
-0.140611 -0.108189 0.111339 0.060316 0.402246 0.237809 0.117077 -0.247107 0.000059 -0.000110 -0.230059 -0.232345 -0.517412 -0.325691 -0.000005
0.196318 0.093171 -0.141147 -0.254308 0.601121 -0.805802 0.053294 0.146569 0.000071 0.000119 0.480007 -0.056590 0.065815 0.248427 0.000036
0.074531 0.021774 -0.084753 0.230082 0.266477 -0.452960 0.100948 -0.688125 0.000011 -0.000071 0.526210 0.112602 0.205616 -0.232845 -0.000003
-0.194368 -0.014444 0.176328 0.203485 0.568836 -0.301947 0.165415 -0.339851 -0.000044 0.000099 0.157358 -0.051732 -0.224432 -0.646854 -0.000048
0.114951 0.231247 -0.449800 0.011223 0.475886 -0.123367 0.047414 -0.243540 -0.000058 0.000045 -0.077245 -0.172217 -0.319842 0.113447 -0.000025
-0.475448 0.197130 0.528798 -0.024920 -0.432569 -0.366334 0.018019 0.247494 0.000024 -0.000010 0.163949 -0.213939 0.354530 -0.751886 0.000018
-0.389531 -0.203449 -0.291702 0.322725 -0.058920 0.183026 0.121592 0.269003 0.000030 0.000023 0.259264 -0.113930 -0.571164 0.033577 -0.000009
-0.212973 0.154961 0.233638 -0.079219 -0.227084 0.029347 0.014683 0.396861 0.000015 0.000090 0.031480 0.514103 0.188817 0.133592 0.000116
-0.093757 0.055083 -0.044527 -0.487351 0.023975 -0.298033 0.056621 0.323069 0.000036 -0.000044 -0.003617 0.532724 0.068616 0.222364 0.000019
-0.261379 -0.012629 -0.255204 -0.164776 -0.036162 -0.212017 0.074119 -0.419882 0.000112 -0.000085 0.354025 -0.533660 -0.616819 -0.434719 0.000045
