3.741277
0.010424
0.001127
0.211338
-0.025761
3.782940
-2.868223
-2.488518
-2.199430
0.002596
0.006734
-0.022971
-0.027867
-1.073149
0.017670
0.025075
-1.131896
0.012564
0.013071
-0.022139
0.009125
0.006323
-0.038717
5.099668
-0.013453
-1.549300
0.017154
0.031058
-0.025542
0.001221
-0.000002
0.002455
-2.542040
0.001977
-0.013107
0.000119
-0.013277
-0.012672
0.023054
-2.525348
0.001370
0.029968
0.000767
0.010344
-0.026031
0.000006
0.004216
0.001833
0.018446
-0.021277
-2.010536
-0.000129
0.013323
-0.005833
-1.715028
-2.718586
-2.583674
-0.002813
5.064341
0.000313
-0.016880
0.006741
3.716944
4.185535
-1.917426
0.001956
0.016487
5.301206
5.209594
-0.025962
0.012590
-0.000017
0.000062
-0.022707
0.019400
0.000401
0.003365
-0.018862
-0.018748
