0.002071
-0.273146
-0.003953
0.001487
0.048402
-0.002194
-0.001723
-0.406698
-0.025737
0.406549
-0.001897
-0.001676
-0.001175
-0.000020
-0.000989
0.222631
-0.330113
0.072294
-0.005613
-0.005947
-0.000032
-0.257819
-0.080764
-0.177338
0.389405
-0.026430
-0.322687
-0.356461
-0.005763
-0.462374
-0.001276
-0.466779
-0.001350
-0.000696
0.423049
-0.019406
-0.403392
-0.003879
0.005414
-0.022982
-0.442527
-0.380323
-0.061282
-0.110680
0.346479
-0.000157
-0.001105
0.001662
-0.025854
0.005517
0.000885
0.046041
0.000012
-0.006998
-0.193800
-0.002061
-0.000961
0.000238
-0.465082
-0.357127
-0.386700
-0.548906
-0.004005
-0.475233
-0.139153
0.238014
-0.399398
0.011326
-0.209699
-0.005353
0.309330
-0.000970
-0.353262
0.002544
-0.003989
-0.326954
-0.175127
0.002237
-0.465961
0.041999
0.111122
-0.002124
-0.030754
-0.001755
0.433399
-0.153175
-0.001244
0.211786
-0.015691
-0.222140
-0.000642
0.001813
-0.290327
0.000345
0.276856
-0.403558
-0.001106
-0.001759
-0.430565
-0.001362
-0.344956
-0.330921
0.187093
-0.000986
0.004629
-0.002630
-0.004408
-0.001480
-0.302036
-0.476074
-0.001906
-0.505218
-0.554182
0.141939
