-0.000300
-0.006536
-0.000046
0.047967
-0.001525
-0.000277
0.007411
0.018113
-0.012705
-0.017233
-0.000217
0.023736
-0.000347
0.039981
0.008335
0.027205
0.000296
0.027554
-0.005971
-0.023081
0.045359
0.000993
-0.003834
-0.000133
-0.004059
0.017237
-0.001056
-0.020532
0.021915
0.015322
-0.004002
-0.000247
-0.009949
-0.035115
-0.000174
0.021455
-0.000080
-0.000649
-0.011155
0.003772
0.004650
-0.062997
0.013127
0.046193
-0.000241
-0.000749
0.030797
-0.074871
0.057803
0.006359
-0.053631
-0.001202
-0.033679
0.007047
0.018060
