-2.335284
-0.014220
3.713663
0.016226
0.020946
-2.778348
2.462051
0.007717
-2.066339
0.002394
-2.795511
-0.011567
-1.683169
-1.619296
0.017014
0.008412
0.016973
-0.005039
0.018264
-0.001580
-0.002402
0.005567
2.907287
0.004579
0.007504
-0.012617
-0.003449
5.190358
-0.006980
5.368052
-0.000212
-0.000976
6.369408
-0.000463
0.025790
0.003397
0.023909
-0.014896
0.331868
0.014913
0.022250
-0.012810
0.033861
-0.030590
-0.021383
0.026415
0.004711
-1.968594
0.030841
3.341784
-0.028420
-1.940155
0.001780
3.526738
-3.309412
0.006635
-0.003953
0.008199
-0.007027
0.010051
-0.004078
-0.618253
-0.000175
5.544308
4.786059
0.000106
0.011574
0.000064
0.033289
-0.031469
-2.423925
-0.010359
-3.268933
0.013046
-0.006930
0.000466
-0.029842
0.000051
0.001322
0.019258
5.106168
0.000219
-0.000030
-1.479434
0.000112
-0.003224
-0.000240
-0.000598
0.024275
-0.014466
0.019154
-1.430594
