0.021977
0.000095
-0.039496
0.024870
-3.646451
0.016559
-3.497166
-1.446447
3.957285
-3.140932
0.015047
-0.007483
-0.018106
0.012355
0.006717
-0.000172
2.995386
-3.412692
0.006847
0.014762
5.482621
-2.739366
2.404777
-0.000221
-0.014196
-0.002477
0.000025
0.005199
-0.021855
0.008407
-2.401054
-2.759674
0.004695
0.010486
-0.003212
3.831180
-0.000130
0.001812
5.435977
0.000183
2.619333
0.020627
0.000055
0.000012
0.017473
3.265635
0.003605
-0.014652
-2.305934
-0.000044
-0.026138
0.000695
-0.007125
0.000616
-0.004612
-2.407050
-2.722003
-2.330496
2.726675
-3.020108
-0.024473
0.003270
0.007773
-0.000141
0.019331
-1.852726
0.018224
0.003656
-0.022693
0.028271
-0.000948
-2.789035
5.674709
0.002613
4.808264
-0.015597
3.102349
0.001652
-0.005118
-4.206920
-0.006676
4.405763
0.031795
0.041906
4.333150
2.687294
-2.767677
0.000303
-0.000254
3.058433
-0.005398
0.000265
2.917227
0.000126
0.032431
-1.419843
-0.008991
-0.022606
-0.004575
3.481274
-0.000357
-3.776648
5.881345
0.010546
0.008102
3.154610
0.001585
-0.000204
0.003395
-0.000303
