-0.001918
-0.311992
0.175513
-0.546303
-0.024797
-0.007542
-0.276926
-0.006245
0.053508
-0.001172
-0.005990
-0.370994
-0.027009
-0.012499
-0.011061
-0.002213
-0.404295
-0.002114
-0.007166
-0.011911
-0.030876
-0.314334
-0.014178
-0.008465
-0.009154
-0.006710
-0.247856
-0.009490
-0.328061
-0.000850
0.283659
-0.017299
-0.010311
-0.323105
-0.011655
-0.010702
-0.357847
-0.001058
-0.018207
-0.014499
-0.180384
-0.006242
0.252102
0.008904
-0.014321
0.011527
-0.474292
-0.008658
-0.019466
-0.009313
0.292962
0.018623
-0.368872
-0.013046
-0.008320
-0.001181
-0.012964
-0.010569
-0.000691
-0.383116
-0.003381
-0.005022
0.160758
-0.299184
0.340747
-0.000928
0.403046
-0.005678
-0.031980
-0.015333
-0.284203
-0.011479
0.011945
-0.005203
-0.030496
-0.019285
-0.018877
-0.338141
-0.013851
-0.001703
-0.001515
-0.014166
-0.356687
-0.281140
-0.019143
-0.026000
-0.563072
-0.006646
0.219660
-0.013506
-0.002812
-0.020742
-0.136785
-0.030167
-0.001858
0.133880
-0.005996
-0.029574
-0.001493
-0.341693
0.052497
-0.005795
0.027378
0.400675
-0.021724
0.357747
-0.020839
-0.271737
-0.018583
-0.019224
-0.492411
-0.024024
-0.007337
-0.016584
-0.516258
0.172014
-0.477096
-0.017431
-0.004613
-0.300249
-0.126868
-0.014117
0.289706
-0.024690
-0.002256
-0.013227
-0.007672
-0.011558
0.016769
-0.001106
-0.021914
-0.012027
-0.002323
-0.348410
-0.156578
0.017323
-0.003039
-0.006900
-0.012261
-0.313328
0.034180
-0.340604
-0.529257
-0.405367
-0.013090
0.210350
-0.002667
-0.024032
-0.007797
-0.029572
-0.013576
0.340902
-0.034615
-0.002162
-0.002050
-0.004353
-0.364948
-0.008566
0.023884
-0.009476
-0.243220
-0.009976
-0.251112
-0.010465
-0.391863
-0.009573
0.124231
-0.014328
