-0.380482
-0.001626
0.005455
-0.006821
-0.381619
-0.183356
-0.044336
-0.289250
-0.371533
-0.020825
-0.827758
-0.382524
0.000998
-0.320948
-0.002167
-0.001604
0.315666
-0.326739
0.004091
-0.005892
0.000275
0.266449
0.002487
-0.014323
-0.475011
-0.009303
-0.005876
-0.020494
-0.257523
-0.013510
0.002894
-0.031355
-0.024681
-0.185411
0.000362
-0.001349
-0.002067
-0.536171
-0.290076
-0.015558
-0.001673
0.178065
0.000695
-0.002468
0.249917
0.359645
-0.001428
-0.001366
-0.019727
0.000968
-0.256266
0.002465
-0.377799
-0.000931
-0.004575
-0.471918
-0.432880
-0.351751
-0.214095
-0.032859
-0.012291
0.479178
-0.010736
-0.318468
-0.160376
-0.289284
-0.397015
-0.358866
-0.010625
-0.001241
-0.000741
-0.027162
-0.408764
-0.020935
0.001140
0.485065
0.000130
-0.221015
-0.002170
0.396464
-0.018366
0.012268
-0.000530
0.001076
-0.347398
-0.001664
0.003835
-0.004636
-0.031261
0.009326
-0.006681
0.004215
0.000815
-0.008418
-0.002197
-0.019212
0.013002
-0.002874
-0.193943
-0.001285
-0.002059
-0.001898
-0.000768
0.001855
-0.524477
-0.010644
-0.001753
-0.000782
-0.001525
-0.002053
0.141916
-0.000797
-0.000857
-0.000732
0.449394
-0.004909
0.481286
0.000581
0.452280
-0.005014
-0.002034
0.001927
-0.007376
-0.000080
-0.009300
-0.001404
-0.480016
0.010786
0.004618
-0.408100
-0.494001
-0.001589
-0.214078
0.376065
0.005636
-0.010287
0.387617
0.001180
-0.001052
0.006122
0.001025
0.491740
-0.007194
-0.002588
0.000670
0.415156
-0.003257
-0.005914
-0.002402
-0.001112
-0.010349
-0.002052
-0.001715
-0.008009
-0.144638
-0.000991
0.002830
0.009846
0.467097
-0.000877
0.000519
-0.206126
-0.017959
0.001602
0.006231
-0.006521
-0.220438
-0.000354
-0.019185
-0.017078
-0.009115
-0.001576
-0.001460
0.004159
0.003243
-0.410042
-0.407969
-0.091761
