0.187826
-0.001654
0.001118
-0.001119
-0.007686
0.120825
-0.001590
0.002553
-0.009307
0.096715
-0.204447
0.015262
-0.000846
-0.001760
-0.003721
0.110863
-0.000750
-0.143124
0.003716
-0.008919
-0.001067
0.004039
-0.015719
-0.002849
-0.000976
-0.027971
-0.000095
-0.003355
-0.118870
0.308048
-0.069327
-0.001719
-0.006650
-0.002655
-0.102085
-0.206590
-0.000601
0.134877
0.281900
-0.438620
-0.001620
-0.339742
-0.007176
0.002938
-0.007580
-0.000451
0.002152
0.185667
-0.004744
-0.303789
-0.005597
0.003962
-0.000231
0.271474
-0.268265
0.013964
-0.171240
-0.185209
-0.212081
0.267477
0.373783
-0.009307
0.247783
-0.000705
0.059728
0.000440
-0.001155
0.001363
-0.337261
-0.000807
0.258172
-0.010457
-0.317627
-0.006298
0.306284
-0.003659
0.344763
-0.000380
-0.002340
-0.008233
-0.004024
-0.173181
0.002559
-0.006397
-0.002329
-0.001017
-0.001293
-0.164841
0.416980
-0.000444
-0.002155
-0.000153
0.002074
0.003463
-0.000186
-0.002002
0.012927
-0.002613
0.003409
-0.001274
-0.003728
-0.266229
0.146490
0.004058
-0.001153
-0.363756
-0.007318
-0.015876
0.016618
0.155141
0.305622
-0.315946
-0.008231
0.229077
0.095573
-0.002615
-0.009633
-0.001443
-0.178696
0.195038
-0.007431
-0.171835
-0.001125
-0.002816
-0.018089
0.000069
-0.000311
-0.439974
-0.001307
-0.000822
0.137368
-0.000919
-0.006818
-0.000666
-0.002421
-0.005757
-0.001334
-0.000378
-0.229992
-0.257132
-0.319481
0.172333
-0.000649
-0.217743
0.283807
-0.001425
-0.204104
0.003925
-0.028773
-0.440168
0.000307
-0.000905
-0.001137
-0.004398
-0.000692
-0.454015
-0.135355
-0.082194
0.002815
-0.000875
-0.004012
-0.001063
-0.001453
0.384880
-0.001812
0.004570
-0.110580
-0.000317
-0.170971
-0.003848
-0.031875
-0.000890
-0.033935
-0.007688
-0.004300
-0.009803
-0.263877
0.002027
-0.002346
0.000473
0.096317
