-0.049423
-0.005508
0.000055
-0.043369
-0.000673
0.001676
-0.005826
0.002202
0.030814
-0.004073
-0.006174
-0.003869
-0.000574
0.016965
-0.000172
-0.000204
0.010699
-0.000445
-0.017495
-0.024378
-0.002687
-0.014976
-0.000154
-0.002640
-0.016293
0.033674
-0.000104
-0.000528
-0.000338
-0.007261
-0.006928
-0.000877
0.004322
0.000745
-0.000115
0.031503
-0.000404
-0.004220
-0.000691
0.023619
0.010392
0.010743
0.036720
-0.004902
-0.020241
-0.037700
-0.018400
-0.003080
-0.001293
-0.032709
0.015898
0.043599
-0.029605
0.025339
-0.005215
-0.011013
-0.000302
0.014837
0.014257
-0.004278
-0.003592
0.014828
-0.000708
-0.052285
-0.000317
-0.000398
-0.015026
-0.004670
-0.003631
-0.011547
-0.033900
-0.006590
-0.020403
-0.013953
-0.001266
-0.039258
0.000061
-0.009149
0.018715
0.025460
-0.003247
-0.000721
0.057875
-0.004666
0.016616
0.016838
-0.006416
0.008974
-0.003975
-0.001939
0.000185
-0.002057
-0.003706
0.025567
0.018955
-0.005708
-0.004080
0.017590
0.018044
-0.028486
0.001657
0.002399
-0.008849
-0.000109
-0.004535
-0.004553
-0.011862
-0.000091
-0.010668
0.020689
0.016433
-0.001669
0.005829
0.036054
-0.000367
-0.000536
-0.001840
0.001072
-0.000016
0.013327
-0.008615
0.016043
0.025059
0.009533
-0.013202
0.015851
-0.023180
0.000136
0.061182
-0.001042
-0.000042
0.012614
0.040968
-0.001052
0.006226
-0.000736
0.012387
-0.004370
-0.000270
-0.023247
0.039057
-0.008822
0.033403
-0.008185
0.017778
-0.000359
0.028172
