0.012028
0.000281
-0.007489
-0.033366
-0.032316
-2.305044
0.005610
3.824518
0.009381
-1.696507
5.818393
0.023330
-2.854793
-0.017701
-0.004823
-0.020014
-0.000387
0.044252
0.000621
3.902607
0.003072
0.010993
-2.717482
0.000286
0.016683
5.328734
0.013018
-0.003864
0.294759
0.008883
-0.023652
-1.523782
-0.006494
0.019390
-0.021035
-1.549481
-0.000305
-0.004596
0.012186
0.020850
0.050665
0.000961
-0.027153
-0.009091
-0.000034
0.007103
0.010727
-1.320150
0.000591
-0.024685
-0.013817
-0.001564
0.000433
6.383397
-0.000253
-0.038294
0.003508
0.002018
-0.001536
0.024892
-0.007315
0.002649
0.002688
0.007396
-0.000016
0.003532
0.006065
-0.000356
0.001352
-0.019223
-0.026901
0.017616
0.001840
-0.000078
-2.232803
0.007629
-0.010683
0.002771
0.008097
-0.009165
0.021266
-0.019150
-2.302436
0.004013
0.013000
5.995121
-0.007172
0.024185
0.005314
-1.752832
-0.010683
-0.023430
-0.001400
0.002490
0.036731
-0.024886
-0.022358
-0.003795
-0.002738
6.232834
-0.001827
0.004372
-0.000236
0.028604
0.000353
-0.015659
3.542404
0.025831
0.024182
3.430526
-0.004831
0.015616
0.002309
0.027817
0.024292
-0.002277
-3.008409
-0.003390
-2.161374
4.921623
-0.012560
-0.004096
0.011150
-0.000296
-0.007165
0.000302
-0.012835
-3.348919
-0.005440
-0.003329
