0.016044
0.017642
0.016499
-0.001948
-0.024926
-0.001107
0.000139
-0.000265
-0.000737
0.040609
0.004314
-0.005368
0.001506
0.016530
-0.001092
0.030282
0.007097
0.018729
0.012584
-0.000086
-0.020165
0.032168
-0.001490
0.000013
-0.002330
-0.019081
-0.005241
-0.004285
0.000882
-0.001148
-0.000314
-0.008919
-0.007620
0.024750
-0.001982
0.016520
-0.007383
0.010898
-0.001435
-0.000383
0.051140
-0.000141
-0.001788
0.010279
-0.000064
-0.018214
-0.002396
0.000047
-0.002162
-0.000620
-0.000322
0.017371
-0.006561
-0.001051
-0.000525
-0.017880
0.017450
-0.002085
-0.000417
-0.000806
-0.000841
0.017166
-0.000428
0.000835
-0.000224
-0.001821
-0.001777
-0.000158
0.016954
-0.004176
-0.005274
0.009305
-0.000626
0.017799
0.044638
-0.004506
-0.000227
0.019023
-0.006475
0.008105
0.014079
-0.002064
-0.018586
-0.000959
0.022741
-0.007252
-0.000285
-0.000111
-0.012500
0.019920
-0.032083
-0.000051
0.012189
-0.001624
-0.000507
-0.001063
0.016321
0.015344
0.033540
0.043421
0.019776
-0.022709
-0.004048
-0.001678
-0.001517
-0.007695
0.001054
0.034535
-0.003535
0.016494
-0.013150
-0.011643
-0.012883
-0.002490
-0.000771
-0.017769
-0.000319
-0.000102
-0.042800
-0.000294
0.008337
-0.001213
-0.004035
-0.007161
0.018426
0.011200
-0.013858
-0.000356
-0.000183
-0.023301
0.017968
-0.004532
0.000778
-0.000425
-0.000839
0.003289
-0.022015
0.014754
-0.006732
-0.000183
-0.028123
-0.031604
0.006986
-0.000351
-0.019783
-0.020518
-0.000371
0.016354
-0.001132
-0.000688
0.000298
0.037438
-0.010382
-0.000307
-0.003515
-0.000359
-0.029773
-0.001640
-0.024012
-0.001677
-0.004576
-0.000517
-0.009389
-0.000345
-0.000295
-0.000043
-0.014618
-0.022861
-0.007119
0.000390
-0.006874
0.020028
-0.027290
-0.001308
-0.000698
0.006753
0.012331
0.013752
0.008192
-0.000248
0.028817
-0.000662
0.013801
-0.005721
-0.013942
-0.006646
0.028956
-0.000180
0.005499
0.042846
-0.000299
-0.000047
-0.000037
-0.001301
-0.006298
-0.013914
0.006687
