0.309854 -0.150851 -0.008025 0.299797 -0.000089 -0.000145 -0.501936 0.000029 0.000049 -0.296435 0.122831 -0.758374 0.000062 -0.000242 0.000020 0.000002 -0.000111 -0.268051 0.000076 0.278939 -0.313607 0.418827 0.162046 0.000016 0.079394 -0.030301 -0.304146 -0.000134 0.353682 -0.000084 0.000014 0.000133
-0.383333 -0.283201 0.493282 -0.168830 -0.000076 0.015466 0.219322 0.000067 0.000133 0.138863 0.207063 0.330427 0.000041 0.000014 0.000305 -0.000052 0.000041 0.402916 -0.000026 -0.212475 -0.283948 -0.457699 0.167976 -0.000081 -0.147297 -0.105387 -0.087912 -0.000027 0.211440 -0.002125 -0.000128 0.000098
-0.126391 -0.246410 0.029235 -0.581696 -0.000039 0.224272 -0.181558 -0.000039 -0.000096 -0.117166 -0.002403 -0.336734 0.000150 0.000109 -0.000011 0.000096 -0.000209 -0.063738 0.000110 -0.183499 -0.212938 -0.137039 -0.020159 0.000014 -0.046724 -0.072291 0.030669 0.000022 -0.265377 -0.001934 -0.000020 0.000090
0.584784 -0.017763 0.366202 -0.830676 0.000037 0.077563 0.070629 0.000064 -0.000220 0.186049 0.019254 -0.128916 -0.000078 -0.000012 -0.000040 -0.000264 0.000098 0.130016 -0.000250 0.042249 0.115066 -0.153619 -0.203281 -0.000066 -0.021518 -0.051485 -0.033917 0.000016 0.085877 -0.002092 -0.000052 -0.000097
-0.044207 0.282754 0.003087 -0.154246 -0.000099 0.056342 0.850237 0.000063 -0.000010 0.139936 0.154016 0.215273 -0.000020 0.000060 0.000112 0.000138 0.000187 -0.032394 0.000347 -0.389573 0.480326 0.308768 -0.078166 -0.000152 -0.535137 0.296722 -0.284772 0.000094 -0.039650 -0.002261 -0.000051 -0.000044
0.184447 0.018281 -0.219993 0.020341 0.000172 0.135205 0.399134 -0.000058 -0.000010 -0.095187 0.032192 0.072462 0.000058 0.000036 0.000173 -0.000171 0.000097 0.364923 -0.000096 0.067225 -0.611227 -0.015400 -0.601140 -0.000037 0.167724 0.334819 0.203757 -0.000075 0.394882 0.000514 0.000114 -0.000039
-0.139915 0.174367 -0.362589 -0.574601 0.000017 0.158276 -0.061505 0.000107 0.000148 -0.140946 0.186932 -0.045837 0.000040 0.000113 0.000110 -0.000094 0.000044 -0.013284 -0.000219 -0.139351 0.093750 -0.356306 0.328005 -0.000202 -0.256790 -0.125230 -0.039686 0.000036 0.215063 0.000287 0.000118 -0.000272
-0.500168 0.563478 0.700511 0.152309 0.000093 0.232990 -0.248636 -0.000137 -0.000262 -0.133909 0.197190 0.129453 0.000105 -0.000048 0.000075 0.000113 0.000047 0.189597 -0.000076 -0.027900 0.059594 -0.284139 -0.211526 0.000017 0.240575 -0.037563 -0.560190 0.000116 -0.258086 0.000056 0.000021 0.000165
-0.058395 0.362633 0.463031 0.641686 0.000132 -0.287669 -0.345495 -0.000040 -0.000089 -0.320607 0.032894 0.008088 -0.000048 -0.000038 -0.000003 -0.000296 0.000033 0.017190 -0.000007 0.093182 -0.071552 0.162409 0.200304 -0.000005 -0.219489 -0.133474 0.476521 0.000054 0.190281 0.000262 0.000161 -0.000033
-0.203674 0.238599 0.368617 0.017700 -0.000167 -0.631352 -0.415204 0.000157 -0.000046 0.101723 0.098657 0.066828 -0.000052 -0.000112 0.000043 0.000075 0.000020 0.126791 -0.000052 0.018428 -0.198140 0.105764 0.060377 -0.000031 -0.694364 0.525817 0.306864 0.000014 0.019811 -0.000271 0.000139 0.000149
-0.022783 -0.215228 0.283678 0.337439 -0.000053 -0.030598 0.369084 -0.000074 0.000181 0.212984 -0.054088 0.270223 0.000074 -0.000167 -0.000173 -0.000083 0.000048 -0.068103 0.000203 0.074205 0.347593 -0.440516 0.075442 -0.000029 0.271351 0.128391 0.116648 -0.000004 0.221982 -0.002309 -0.000084 0.000083
-0.019975 0.060746 -0.035205 0.183452 -0.000176 0.006308 0.170417 -0.000260 0.000098 0.131959 0.112934 0.099093 -0.000175 -0.000062 0.000037 0.000051 -0.000016 -0.627700 0.000015 -0.201376 0.054420 0.306251 -0.369533 -0.000066 0.236570 -0.178454 0.013864 -0.000242 0.187980 -0.002294 -0.000111 0.000143
0.171346 0.249345 -0.256478 -0.013608 -0.000074 -0.132046 0.217037 0.000106 -0.000220 0.386803 0.020868 -0.522278 0.000012 -0.000119 -0.000058 -0.000333 -0.000012 -0.289483 0.000038 0.552608 0.279279 -0.208177 -0.682586 -0.000086 0.272417 0.056779 -0.144338 0.000139 -0.262654 -0.000166 -0.000001 0.000105
0.096410 0.012285 -0.403189 -0.212278 0.000006 -0.249838 -0.235785 0.000117 -0.000085 0.341041 0.180804 -0.258189 0.000151 0.000094 0.000118 -0.000287 -0.000130 -0.182517 -0.000107 0.099225 -0.178215 -0.364616 -0.099531 0.000029 0.164229 0.233872 0.251625 0.000013 -0.133995 -0.002050 0.000023 -0.000084
-0.474344 0.152023 -0.391755 -0.073423 0.000037 0.429843 -0.489623 0.000145 -0.000093 0.168561 0.070894 -0.311359 0.000086 -0.000139 0.000043 0.000068 -0.000047 -0.438437 -0.000107 -0.481908 -0.545223 0.206866 -0.079518 -0.000074 0.075172 -0.732639 -0.350664 0.000061 0.152382 -0.000643 -0.000018 0.000123
0.326773 0.112041 0.403835 -0.108244 -0.000306 0.107237 0.230215 -0.000032 -0.000157 -0.047863 0.152419 0.254575 0.000038 -0.000152 0.000025 -0.000165 -0.000127 -0.642288 -0.000031 -0.321467 -0.307909 -0.576630 -0.351298 -0.000007 0.654373 -0.396655 0.196069 -0.000072 -0.051754 0.000593 -0.000070 -0.000118
0.024696 -0.178379 -0.313180 0.117451 0.000055 0.066406 0.292028 -0.000085 -0.000065 0.334847 0.308022 0.282317 -0.000171 0.000118 -0.000106 -0.000158 -0.000029 -0.306197 -0.000065 -0.090092 0.026035 -0.781877 0.087273 -0.000175 -0.013905 -0.016229 0.345181 0.000120 0.083560 -0.001304 0.000008 0.000004
-0.371022 -0.539452 -0.082693 -0.032358 -0.000057 0.251504 0.274122 -0.000009 -0.000032 -0.012744 0.147724 -0.208402 -0.000061 0.000157 0.000143 0.000009 0.000045 0.107446 0.000058 0.001514 -0.561116 -0.472739 -0.219810 -0.000078 0.009312 0.619513 -0.180305 0.000028 -0.506732 -0.000541 0.000089 -0.000016
-0.153921 0.097745 0.197012 0.099780 -0.000080 -0.109024 -0.388287 -0.000048 0.000040 -0.236310 0.190242 -0.292470 -0.000253 0.000084 -0.000123 0.000043 -0.000035 -0.081167 0.000051 0.405825 0.252286 -0.151514 0.350069 0.000056 -0.211173 0.044909 -0.307931 -0.000024 0.265306 -0.000751 -0.000029 0.000092
-0.261175 0.423642 -0.426145 0.402803 0.000028 -0.046366 -0.071138 0.000245 0.000024 0.720051 0.285612 0.101489 -0.000067 0.000058 0.000004 -0.000007 -0.000267 -0.216003 -0.000151 -0.257881 0.272671 -0.098015 0.129022 0.000165 0.172670 0.314683 -0.148898 -0.000001 -0.460987 -0.001602 0.000096 -0.000027
-0.136371 -0.290804 -0.406466 -0.256239 -0.000062 -0.143262 -0.122152 0.000156 0.000061 -0.017458 0.106560 -0.286869 0.000098 0.000045 -0.000143 -0.000054 -0.000012 -0.517561 -0.000232 0.216681 -0.166967 0.517632 -0.311501 -0.000125 -0.032659 -0.011804 -0.092427 0.000143 0.088108 -0.001669 -0.000179 -0.000007
0.228114 0.010545 0.505535 0.037433 -0.000078 -0.025282 0.737816 -0.000054 -0.000081 -0.505922 0.226141 -0.078320 -0.000010 -0.000128 0.000135 0.000217 -0.000194 -0.358803 -0.000143 -0.246591 0.030429 -0.315880 -0.147634 -0.000074 0.513812 0.122406 -0.328965 -0.000006 0.099697 0.000396 0.000122 0.000051
0.012271 0.214057 -0.114620 -0.168958 -0.000081 -0.200159 0.453807 -0.000247 0.000072 -0.527431 0.176523 -0.244374 -0.000020 0.000154 -0.000092 0.000257 -0.000039 -0.038774 -0.000040 0.200315 -0.220085 0.100971 -0.016525 0.000029 -0.107510 -0.252831 -0.065980 -0.000013 0.076732 0.000246 0.000032 -0.000141
-0.486562 0.023597 0.602476 -0.058701 -0.000041 0.205867 -0.162704 0.000075 -0.000161 0.158804 0.092316 -0.009266 -0.000057 0.000026 0.000006 0.000002 0.000127 0.323452 0.000192 -0.400018 -0.080564 0.260871 -0.389308 0.000046 0.028639 0.002390 -0.142245 0.000006 0.139594 0.000375 -0.000049 0.000062
0.210874 0.428019 0.276487 -0.219093 -0.000087 -0.213473 0.024956 0.000068 -0.000106 0.133131 0.046518 -0.229647 0.000092 0.000077 0.000195 0.000080 -0.000024 -0.130330 -0.000105 -0.522938 -0.012500 0.536130 -0.292715 -0.000052 -0.265962 0.303986 0.233159 -0.000071 -0.368657 -0.000237 -0.000108 0.000125
-0.079808 -0.317536 0.157867 0.037676 -0.000039 0.103913 -0.239979 -0.000187 0.000038 0.596004 0.166959 0.138062 0.000009 0.000129 -0.000026 0.000170 0.000045 -0.264242 0.000046 0.619239 0.245612 -0.473006 0.183194 -0.000325 -0.141697 -0.115727 -0.268430 0.000063 -0.214106 -0.001978 0.000079 0.000071
-0.281081 0.119254 -0.106534 0.554853 -0.000015 -0.305859 -0.039787 0.000082 0.000089 0.367149 0.064959 0.015631 -0.000073 -0.000112 0.000025 0.000159 0.000014 0.214356 -0.000034 0.166593 0.427946 -0.026400 -0.040916 0.000051 0.094387 0.676280 -0.118090 0.000177 0.116985 0.000283 -0.000012 0.000020
0.067723 -0.527956 -0.055955 -0.536302 0.000052 -0.497830 0.115257 -0.000261 0.000148 0.281431 0.187323 -0.309047 -0.000008 -0.000181 -0.000019 -0.000192 -0.000021 -0.392619 -0.000044 0.114158 0.067922 0.107567 -0.026924 -0.000073 0.406023 -0.393242 -0.330965 0.000099 -0.209894 -0.000989 -0.000001 0.000063
0.305132 0.195565 -0.006790 0.012243 -0.000033 0.134891 0.179994 -0.000214 0.000064 -0.300742 0.351340 0.045977 0.000024 0.000154 0.000217 0.000064 -0.000179 -0.437147 0.000041 0.359087 0.275088 -0.083272 0.271610 0.000158 -0.155862 0.676397 -0.415000 -0.000141 0.067629 0.000204 -0.000013 0.000033
-0.205000 0.150644 0.259326 0.664659 0.000075 0.010235 0.215976 -0.000040 -0.000151 0.174941 0.230582 -0.539902 -0.000211 0.000027 0.000173 0.000028 0.000017 0.181151 0.000097 0.167470 0.205620 0.041467 -0.114442 0.000078 -0.122402 -0.517148 0.142115 0.000027 -0.431345 -0.002992 -0.000039 -0.000018
-0.142390 0.138481 -0.093736 0.526574 0.000006 0.431463 -0.108166 0.000066 -0.000044 -0.112973 0.340364 -0.113647 -0.000095 0.000184 -0.000205 -0.000163 0.000056 -0.368783 -0.000044 0.055702 -0.056416 0.284410 -0.016083 0.000007 -0.071671 -0.207444 0.116171 0.000025 -0.001969 -0.000905 -0.000073 -0.000134
0.009167 0.136370 0.401261 -0.034927 -0.000083 0.014711 -0.117124 -0.000024 -0.000132 0.337447 0.213680 0.484678 0.000115 -0.000061 -0.000144 -0.000201 -0.000201 -0.410668 0.000009 0.038030 -0.391602 0.076088 -0.201180 -0.000093 -0.473112 0.223255 0.089882 0.000035 -0.342551 -0.001189 -0.000060 0.000007
-0.458651 0.207368 0.567510 -0.348733 0.000095 0.136057 -0.165474 -0.000082 -0.000021 -0.604596 0.199524 0.343103 -0.000030 0.000077 0.000123 -0.000113 -0.000054 -0.148541 0.000012 -0.144370 -0.166725 -0.115539 -0.194049 -0.000013 -0.035264 -0.083881 0.282757 0.000065 0.019260 -0.000011 -0.000013 -0.000240
0.354272 0.108902 -0.114657 -0.217877 0.000090 0.483252 -0.204059 -0.000020 -0.000045 0.253545 0.047965 -0.430849 -0.000438 0.000109 -0.000098 -0.000056 -0.000104 0.234636 -0.000050 -0.114460 0.023406 -0.187937 0.018290 0.000021 -0.277902 -0.521390 -0.131165 -0.000220 0.515274 0.000242 0.000041 -0.000120
0.224109 0.067913 -0.253886 0.150186 -0.000120 -0.002042 0.213541 0.000090 0.000052 0.466828 0.028488 0.023191 -0.000063 0.000003 0.000015 -0.000210 0.000091 -0.112960 0.000125 -0.001851 -0.053386 -0.538426 0.470274 -0.000021 0.478983 0.216550 -0.769184 -0.000018 0.000321 0.000295 0.000042 -0.000195
0.042354 0.502902 -0.254946 0.006750 -0.000120 -0.070947 0.043555 -0.000065 0.000088 0.240965 0.304431 -0.089279 0.000153 0.000031 -0.000047 0.000084 0.000097 0.333479 0.000040 0.545471 0.038508 -0.317487 0.004944 -0.000075 0.357168 0.269063 -0.572052 0.000204 0.096394 0.000048 -0.000083 0.000075
-0.045825 0.056158 -0.113154 0.279140 0.000101 0.274352 -0.215750 0.000165 -0.000116 0.032715 0.092422 0.424507 0.000184 -0.000144 -0.000008 -0.000149 0.000130 0.358196 0.000053 -0.110603 0.055886 0.631485 -0.059903 -0.000034 0.390539 0.195856 0.172305 0.000017 -0.090829 0.000134 -0.000035 -0.000002
-0.005927 -0.119577 0.055940 0.049526 0.000045 0.215235 -0.279131 -0.000066 -0.000125 0.040343 0.100314 0.341244 0.000013 0.000145 0.000117 -0.000030 -0.000072 -0.248525 -0.000027 0.394138 0.189644 0.097110 0.118113 -0.000127 0.122357 -0.219080 0.334673 0.000099 -0.336150 -0.000991 0.000073 -0.000189
0.032078 0.148680 -0.202187 0.004912 0.000043 0.292622 0.162760 0.000131 0.000146 -0.087023 0.002341 0.316610 0.000252 -0.000104 -0.000353 0.000121 0.000053 0.527949 0.000016 0.145191 0.032338 0.696577 0.510929 0.000092 0.187586 -0.135175 -0.527667 -0.000111 -0.123122 -0.000324 -0.000001 0.000064
0.261242 -0.048115 0.161530 0.297171 0.000085 0.447835 -0.242134 -0.000080 0.000049 0.274842 0.052224 0.355181 0.000112 -0.000104 -0.000039 -0.000149 -0.000063 0.363702 -0.000046 0.094097 -0.445025 0.436267 -0.000564 0.000108 -0.298680 -0.304593 0.299013 -0.000059 -0.153349 0.000294 0.000043 0.000060
0.018265 0.197226 0.517271 0.186045 0.000078 -0.000230 -0.408688 0.000059 -0.000043 -0.489707 0.013759 0.187782 0.000222 -0.000040 0.000312 0.000105 0.000241 0.107910 0.000010 -0.226260 0.308749 -0.275493 0.423989 0.000082 -0.021254 0.769499 0.478422 0.000030 0.129566 -0.000195 -0.000036 0.000266
-0.505591 -0.109277 0.033980 0.150218 0.000059 -0.034541 -0.177547 0.000026 0.000100 -0.125778 0.003202 0.105968 -0.000124 0.000039 -0.000130 0.000068 -0.000020 0.063205 0.000180 0.133278 0.194710 -0.040890 -0.225322 -0.000020 -0.169512 0.165234 -0.140336 -0.000005 0.681809 -0.000149 0.000023 0.000041
-0.004758 -0.051760 -0.293907 0.028579 -0.000044 0.082451 0.153310 -0.000223 -0.000199 -0.178545 0.076997 -0.188355 -0.000064 0.000122 0.000163 -0.000092 0.000012 0.154240 -0.000127 0.106676 0.260526 0.179318 0.054788 -0.000007 0.245585 0.051977 0.144284 0.000053 0.005706 -0.001335 -0.000151 -0.000005
-0.028105 -0.103799 0.355558 0.063319 -0.000133 -0.031621 -0.194610 0.000044 -0.000271 0.552913 0.112455 -0.273211 0.000104 -0.000028 -0.000047 0.000112 0.000119 0.316897 -0.000109 -0.491174 -0.428581 0.127375 0.105084 -0.000030 0.364649 -0.356248 -0.101546 -0.000113 -0.467559 -0.001601 0.000027 -0.000006
0.089631 -0.188396 -0.675463 -0.183253 0.000064 0.113918 -0.034563 0.000143 0.000098 0.043595 0.276886 -0.240391 -0.000064 0.000026 0.000016 -0.000042 0.000057 0.184375 0.000085 0.063149 -0.668363 0.278773 -0.088560 0.000122 0.239098 0.154464 0.054707 -0.000193 -0.375417 0.000050 -0.000092 -0.000047
0.204995 0.084820 -0.010056 0.230841 0.000082 0.378944 -0.349501 0.000126 0.000115 0.788954 0.018561 0.539101 0.000158 0.000029 0.000258 -0.000135 0.000090 0.406342 -0.000078 -0.295866 -0.452405 0.120184 0.395196 -0.000098 -0.450022 -0.018754 0.315421 0.000044 -0.009282 -0.001000 0.000074 0.000225
-0.072967 -0.198246 0.287821 0.001016 -0.000035 0.389482 -0.264149 0.000099 0.000168 0.347985 0.052942 -0.239265 -0.000016 -0.000360 -0.000110 0.000048 -0.000046 0.274878 0.000041 0.006917 -0.218144 0.079953 -0.264217 0.000129 0.144466 0.231459 -0.292952 -0.000026 -0.294574 -0.001425 -0.000050 0.000317
-0.063794 -0.055936 -0.154999 -0.034939 -0.000037 0.287091 -0.319276 -0.000049 0.000084 0.426672 0.007282 -0.789118 0.000051 0.000036 -0.000143 -0.000150 0.000162 -0.098584 -0.000086 0.067759 0.077048 -0.064779 -0.763172 -0.000011 -0.092362 -0.225563 0.093506 0.000065 -0.047161 -0.000212 0.000161 -0.000040
0.050800 0.317424 0.486304 0.360907 0.000106 -0.056044 -0.346833 -0.000004 0.000054 -0.086736 -0.181849 -0.447675 -0.000007 0.000159 0.000024 -0.000002 -0.000056 -0.294089 -0.000003 -0.083118 -0.303907 -0.212531 0.319522 0.000080 -0.294472 -0.358822 -0.041447 0.000093 0.133575 -0.000030 0.000029 0.000000
0.472056 -0.047711 0.235534 0.431856 0.000069 -0.339099 -0.289678 0.000006 0.000044 0.481464 -0.083248 0.214643 0.000050 -0.000241 -0.000279 0.000111 0.000096 -0.097621 0.000060 -0.080434 -0.453180 -0.140486 0.207053 0.000053 0.301212 -0.192416 0.098781 0.000034 0.494058 -0.000114 -0.000053 -0.000083
0.184596 0.537708 0.342799 -0.160932 -0.000018 -0.031176 0.141031 0.000083 -0.000275 0.153812 0.251845 -0.443263 0.000137 -0.000234 0.000040 0.000148 0.000018 -0.689804 -0.000092 -0.620224 0.156258 -0.142221 0.046200 -0.000015 0.137218 -0.053754 -0.002468 0.000209 -0.742447 -0.002758 -0.000014 -0.000035
0.092950 -0.199101 -0.000619 0.262332 -0.000128 0.215751 -0.079337 0.000007 0.000054 0.611840 0.100825 0.206900 0.000034 -0.000079 0.000121 0.000117 0.000041 -0.038564 0.000361 -0.344156 -0.170913 0.274375 0.197834 0.000117 0.304972 0.416171 -0.024439 -0.000170 -0.634367 -0.001677 -0.000120 0.000433
0.252064 0.298354 -0.124326 0.157283 0.000267 -0.110634 -0.419814 -0.000135 0.000186 -0.384382 0.000512 -0.174887 -0.000076 0.000047 -0.000112 -0.000366 -0.000079 0.129284 -0.000141 -0.183079 0.147368 0.526433 0.162791 -0.000097 -0.086511 0.002380 0.615542 0.000356 0.054637 -0.001480 0.000004 -0.000019
-0.377456 0.051929 -0.005059 -0.107213 0.000049 0.253676 0.061888 -0.000166 0.000021 0.010883 0.141880 0.096559 0.000026 0.000260 0.000193 -0.000302 -0.000129 0.464006 -0.000099 -0.160007 0.334492 0.077458 -0.124367 0.000155 0.215393 0.092143 0.273921 0.000102 0.046164 -0.002386 -0.000066 0.000126
0.147120 -0.190369 0.076043 0.003363 -0.000040 0.426438 -0.246977 -0.000030 -0.000192 -0.079349 0.190404 0.122183 0.000117 0.000132 0.000043 -0.000015 0.000127 0.397443 0.000056 0.353822 0.002688 0.159540 0.015402 -0.000166 -0.476887 -0.127162 0.732415 0.000240 0.270027 0.000208 0.000041 0.000122
-0.116680 0.257461 -0.024064 -0.464363 -0.000012 0.406506 -0.431339 0.000027 -0.000260 -0.149161 0.227384 -0.088875 0.000038 -0.000141 -0.000048 -0.000035 0.000106 -0.136171 -0.000080 -0.516082 -0.111610 0.372197 0.494947 0.000131 0.439347 -0.495018 -0.242254 -0.000127 -0.236946 0.000002 -0.000010 -0.000273
-0.466765 -0.207317 0.284059 -0.109767 0.000178 0.286646 -0.052462 -0.000059 0.000374 -0.270524 0.005223 -0.024764 -0.000171 -0.000108 0.000123 -0.000085 0.000079 -0.241497 -0.000084 -0.584927 -0.118985 -0.264121 0.139830 -0.000028 -0.275814 0.119166 -0.042831 -0.000001 0.275097 0.000221 0.000002 -0.000156
-0.450131 -0.328881 0.043652 0.062617 0.000042 -0.280386 -0.232028 0.000158 0.000091 0.122191 0.017214 0.345466 0.000144 -0.000100 0.000127 0.000070 -0.000006 0.228222 -0.000023 0.463579 -0.033813 -0.215981 0.138724 0.000009 0.315245 0.238265 0.260072 -0.000208 -0.407801 -0.001965 -0.000004 0.000018
-0.145871 0.302745 0.238531 0.012236 0.000077 0.498678 -0.211640 0.000220 -0.000072 -0.291450 -0.021989 0.239945 0.000130 0.000017 0.000008 -0.000233 -0.000200 0.132244 0.000120 0.151002 -0.005883 -0.019518 -0.004501 0.000033 -0.133600 0.234326 -0.293146 0.000003 -0.088582 0.000168 0.000068 -0.000002
-0.381600 -0.192671 -0.211483 0.009952 -0.000072 0.534225 -0.083523 0.000040 -0.000077 0.230100 0.049057 0.080229 0.000043 0.000035 -0.000155 0.000098 -0.000159 -0.009539 -0.000061 -0.171371 0.467301 0.205784 0.279171 0.000182 -0.074213 0.230208 -0.063440 0.000061 -0.041351 -0.000537 0.000108 0.000062
-0.312962 -0.598258 0.199382 -0.344854 0.000140 0.174125 -0.149076 0.000003 -0.000127 -0.274857 0.015135 0.368516 -0.000059 -0.000042 -0.000049 -0.000110 0.000039 0.125853 0.000053 0.288942 -0.126664 0.092317 -0.331910 -0.000136 0.249840 0.511194 -0.272844 0.000046 -0.151185 -0.000150 -0.000156 -0.000128
-0.071051 -0.369257 0.348321 -0.410923 0.000023 -0.100693 0.351269 0.000134 -0.000201 -0.214995 0.365776 0.308777 -0.000100 0.000013 0.000052 -0.000184 -0.000039 -0.304699 -0.000013 0.144125 -0.418113 -0.359327 0.174198 -0.000004 -0.252457 0.019324 0.282121 -0.000013 -0.474173 -0.000923 -0.000032 -0.000034
0.086345 0.066264 -0.021784 -0.335489 0.000065 0.578283 0.149279 0.000053 0.000294 -0.121424 0.037352 -0.083760 0.000114 -0.000013 -0.000285 -0.000080 -0.000136 -0.117977 -0.000074 -0.192293 0.380576 -0.282252 -0.287630 -0.000012 -0.009665 -0.156167 0.642137 -0.000226 -0.276628 0.000247 -0.000047 0.000026
-0.138571 0.214948 -0.012865 0.400520 0.000090 0.069206 0.020799 0.000059 0.000068 0.156241 -0.003934 0.156156 -0.000073 0.000171 -0.000191 -0.000192 -0.000182 -0.037965 0.000197 -0.593993 -0.635111 0.222455 0.099826 -0.000066 -0.583522 0.156188 -0.028565 -0.000197 0.025214 -0.001442 0.000132 -0.000215
-0.049504 0.118766 0.245183 0.006677 -0.000073 0.095039 -0.162166 -0.000040 -0.000256 -0.293960 0.040377 0.174619 -0.000037 -0.000156 0.000125 0.000102 0.000031 -0.221650 0.000083 0.056186 0.106519 -0.099655 0.202917 0.000009 0.270561 -0.226878 0.210372 0.000144 0.060745 -0.001135 -0.000149 0.000067
-0.524096 0.144649 -0.198421 0.140641 0.000208 -0.401169 -0.403434 0.000203 0.000061 -0.150719 0.181703 -0.265040 -0.000078 -0.000100 -0.000020 -0.000395 0.000033 0.295039 -0.000032 0.009572 -0.189859 0.120115 -0.003154 -0.000036 0.740605 0.067801 -0.013122 0.000136 -0.335522 -0.000485 -0.000124 -0.000088
-0.037805 0.021979 -0.185993 -0.109007 -0.000003 0.087299 -0.581424 -0.000030 -0.000145 0.022272 0.126580 -0.203496 0.000127 0.000037 0.000171 0.000210 -0.000062 -0.612802 -0.000125 0.003299 -0.578751 -0.272526 -0.033709 -0.000050 -0.092257 0.183097 -0.291371 -0.000030 0.122371 -0.000378 0.000115 -0.000126
0.014701 0.123644 0.005376 -0.197570 -0.000036 -0.434149 -0.055398 0.000192 -0.000346 0.905312 0.106610 0.077109 -0.000030 0.000032 -0.000031 -0.000025 -0.000019 0.424942 -0.000069 -0.234228 -0.467273 0.044628 0.328744 -0.000153 -0.093677 -0.501168 0.143896 0.000101 -0.452585 0.000500 0.000043 -0.000126
-0.037484 0.279191 0.248040 -0.431674 -0.000013 0.812408 0.057337 -0.000159 0.000069 0.493990 -0.002190 0.576990 -0.000037 -0.000091 -0.000085 -0.000120 0.000197 -0.242581 -0.000011 -0.383941 0.664971 0.241006 -0.117204 -0.000053 0.055049 -0.699546 -0.251143 -0.000106 0.243022 -0.000366 0.000115 -0.000220
-0.093481 -0.225566 -0.334127 -0.134549 -0.000126 0.313644 0.439685 0.000010 0.000055 -0.434591 0.046654 0.119766 -0.000115 -0.000136 0.000033 0.000113 0.000205 -0.056796 -0.000357 0.664857 -0.140430 -0.047455 -0.259313 -0.000115 -0.462745 -0.108598 0.221098 0.000102 -0.288947 0.000128 0.000008 -0.000096
0.249087 0.702802 0.034189 0.265679 0.000104 0.402765 0.472349 0.000129 0.000152 -0.192112 0.121411 0.016118 0.000077 -0.000181 -0.000070 -0.000028 -0.000143 0.206082 -0.000137 -0.284339 -0.165037 0.474309 -0.109156 -0.000166 -0.817673 0.264488 -0.100833 0.000021 0.377626 -0.000499 -0.000133 0.000121
0.057846 0.146743 0.179877 0.316494 -0.000019 -0.468330 0.559554 0.000017 0.000231 -0.016708 0.286546 0.307011 0.000045 -0.000081 -0.000078 0.000134 -0.000010 0.358626 0.000001 0.033196 -0.112140 -0.439088 0.431128 -0.000146 0.270615 0.147177 0.153570 -0.000035 0.356147 -0.001738 0.000046 -0.000294
0.252947 -0.088806 -0.396617 0.017871 0.000087 0.159398 -0.036566 0.000055 0.000145 0.089952 0.100915 -0.012674 -0.000031 0.000046 0.000034 -0.000144 0.000103 0.431331 0.000047 0.837950 -0.159042 -0.256479 -0.015036 0.000344 -0.169689 0.460076 -0.235908 0.000003 0.005939 -0.000703 0.000011 0.000201
0.016783 0.321961 0.092433 -0.206492 0.000040 -0.304041 -0.098000 -0.000032 -0.000247 -0.000614 0.047704 0.173946 -0.000116 -0.000045 0.000198 0.000070 0.000039 -0.019871 0.000076 -0.234179 0.165282 0.064130 0.220974 0.000080 -0.272916 0.331574 -0.067293 0.000044 0.315723 -0.001214 0.000063 0.000025
-0.094865 -0.243667 -0.274120 0.012959 0.000221 -0.120554 -0.187599 -0.000044 -0.000189 -0.067788 0.059498 0.157301 0.000117 -0.000057 -0.000052 -0.000239 -0.000021 0.054074 -0.000017 0.492545 0.379332 0.817872 0.637339 0.000024 -0.138076 -0.106363 0.035413 -0.000016 -0.105575 -0.000871 0.000011 0.000202
0.017048 -0.008356 -0.293652 -0.205397 -0.000034 -0.346094 -0.184326 -0.000042 0.000071 0.037283 0.180570 -0.069068 0.000008 -0.000270 0.000206 0.000089 -0.000009 0.192618 0.000085 0.685254 -0.303951 -0.284386 0.201289 0.000050 -0.182000 -0.025688 -0.131648 -0.000065 0.067767 -0.000012 0.000040 -0.000054
0.329620 0.313007 0.168673 -0.201034 -0.000195 0.022631 0.278566 -0.000113 0.000094 0.401351 0.174135 0.076980 -0.000018 0.000130 -0.000191 0.000039 0.000070 -0.143164 0.000184 0.172155 -0.253004 0.039916 -0.006912 -0.000066 -0.642675 -0.426051 -0.189111 -0.000084 0.125443 -0.000066 -0.000022 0.000097
-0.032233 -0.080638 0.003171 0.672856 0.000057 0.205267 0.226514 0.000037 0.000288 0.457714 0.207321 0.115479 0.000079 -0.000135 -0.000148 0.000231 -0.000219 0.289159 0.000043 0.148253 0.316015 -0.128064 0.484151 0.000097 0.372976 -0.136138 -0.110206 0.000057 -0.227520 0.000244 0.000083 -0.000159
0.464155 0.245902 0.280523 0.381591 0.000066 0.503602 0.222723 -0.000185 0.000047 -0.097757 0.178823 0.299781 -0.000156 -0.000105 -0.000253 0.000068 -0.000046 0.081641 0.000136 0.063532 0.019318 0.070746 -0.403975 0.000085 0.104047 0.419020 0.405700 -0.000130 0.269578 0.000498 0.000011 0.000032
0.069100 0.322874 -0.399352 -0.185948 -0.000125 0.159441 -0.026220 0.000042 0.000025 -0.181171 0.158898 0.257408 -0.000001 0.000101 -0.000049 -0.000055 0.000011 -0.308937 -0.000088 0.021041 -0.005577 0.025846 -0.427203 0.000056 0.318809 0.218906 0.098419 -0.000043 0.002510 0.000211 0.000081 -0.000266
0.220770 0.150290 -0.368124 0.019953 -0.000089 0.040136 -0.019035 0.000093 0.000185 0.005572 0.123346 -0.584953 0.000066 0.000162 -0.000083 -0.000205 -0.000059 -0.355875 0.000041 -0.551464 0.108576 -0.218521 0.284889 0.000164 -0.315161 -0.255936 0.153326 0.000091 0.369995 -0.000951 0.000002 -0.000044
-0.112505 0.053437 -0.193498 -0.206573 0.000088 0.027834 -0.233163 -0.000023 -0.000318 0.334940 0.246949 0.015681 -0.000162 0.000025 -0.000224 0.000097 0.000032 -0.037574 0.000347 0.347634 0.143785 0.210691 -0.474916 -0.000092 -0.036180 0.395207 0.168163 0.000178 -0.462200 -0.001352 0.000039 -0.000171
0.163018 -0.416648 0.111405 0.121512 0.000353 -0.361708 0.261962 0.000040 -0.000006 -0.446755 0.245937 -0.633276 0.000170 -0.000099 0.000056 0.000084 -0.000074 0.027517 0.000177 -0.328054 0.238494 0.072459 0.094130 -0.000240 0.456220 -0.075430 0.331339 0.000014 0.312227 -0.000078 0.000106 0.000109
0.175162 -0.347862 -0.606125 -0.147341 -0.000042 -0.221953 0.027055 0.000118 0.000084 0.787289 0.120532 -0.178545 -0.000006 -0.000124 0.000005 0.000136 0.000115 -0.124421 -0.000130 0.573169 -0.386562 0.238178 0.507747 0.000075 -0.498351 -0.373867 -0.187799 -0.000159 -0.168891 0.000344 0.000081 0.000038
0.401437 0.429265 -0.237833 0.049766 0.000107 0.223881 -0.214827 0.000146 -0.000010 -0.016775 0.245873 -0.174093 0.000378 0.000098 -0.000015 -0.000152 0.000109 -0.264268 -0.000038 -0.254979 0.067288 0.389277 0.349762 -0.000145 -0.314600 0.009780 -0.600747 -0.000183 0.311210 -0.002066 -0.000047 -0.000185
0.086522 -0.005257 0.017669 -0.338987 0.000063 -0.059979 0.140290 0.000131 -0.000073 0.016671 0.099923 -0.742728 -0.000139 0.000152 0.000141 -0.000092 -0.000121 -0.069886 -0.000122 -0.370262 -0.116028 -0.366206 0.101875 0.000078 0.253614 -0.185410 0.412256 0.000040 0.034082 0.000055 0.000039 -0.000181
-0.043422 0.424243 0.452663 -0.090165 0.000055 -0.375728 -0.102057 0.000135 -0.000166 0.004740 0.155093 0.354260 0.000150 -0.000159 0.000087 0.000047 -0.000007 0.221353 -0.000089 -0.518034 0.040541 -0.147114 -0.192717 0.000127 0.161034 0.285993 0.206267 -0.000128 0.315454 0.000710 0.000153 0.000050
-0.001123 0.455421 -0.095766 0.194725 0.000107 0.065181 0.153958 -0.000262 -0.000358 -0.275107 0.260709 -0.324151 -0.000021 -0.000163 0.000129 0.000128 -0.000105 0.298309 -0.000318 -0.561155 0.109265 0.070035 -0.031257 -0.000083 0.282159 0.239700 -0.035920 0.000137 0.025403 -0.000572 0.000106 -0.000008
0.079499 -0.089142 -0.089123 -0.018500 -0.000047 -0.053575 -0.173903 -0.000195 0.000023 -0.256019 0.161564 -0.175632 -0.000167 0.000140 0.000081 -0.000048 -0.000056 0.059837 0.000028 0.121437 -0.078024 0.613671 -0.528062 0.000134 0.210692 0.756150 -0.050453 0.000097 0.186761 -0.000327 0.000008 -0.000310
0.133218 -0.106764 -0.145894 0.372408 0.000014 -0.359928 -0.040865 -0.000013 0.000076 0.294418 0.190106 -0.132126 0.000229 -0.000150 0.000145 -0.000016 -0.000119 -0.116052 0.000103 0.439355 0.038176 0.046704 0.244881 0.000054 -0.207071 -0.021872 -0.237102 0.000158 0.259688 -0.000614 -0.000001 -0.000141
0.088937 -0.076103 -0.048937 0.239073 0.000106 -0.038168 0.123611 0.000086 -0.000009 0.236668 -0.001026 -0.254268 -0.000193 0.000099 0.000391 0.000130 0.000214 0.026741 -0.000009 -0.011003 0.044055 0.142612 0.002563 0.000022 -0.124555 0.064084 0.163011 0.000099 0.153733 -0.002065 -0.000016 0.000317
-0.434022 0.056760 -0.197503 0.144128 0.000152 -0.360794 -0.545552 -0.000102 0.000067 0.072222 -0.021704 0.212978 0.000033 -0.000097 0.000081 0.000010 0.000039 -0.160627 0.000020 0.599262 -0.121508 0.316728 -0.039928 0.000015 0.295253 -0.364430 0.268870 0.000105 -0.262271 -0.002695 -0.000006 -0.000058
0.096275 -0.003197 -0.106495 0.088430 -0.000031 -0.148390 -0.148455 0.000130 -0.000018 -0.368366 0.024904 -0.002943 -0.000072 -0.000080 0.000100 -0.000404 0.000102 -0.116877 0.000105 -0.187442 -0.288793 0.217479 -0.047349 -0.000033 0.509504 -0.029409 0.423215 0.000050 0.486752 -0.000925 0.000093 -0.000300
-0.054808 0.062142 0.207678 0.545342 0.000006 0.123432 0.189291 0.000010 -0.000091 -0.311875 0.004296 0.012097 -0.000205 0.000177 -0.000109 -0.000003 0.000064 -0.249406 0.000021 -0.384483 -0.212774 -0.122463 0.152513 -0.000065 0.183570 -0.239386 0.065227 0.000186 0.235793 0.000198 0.000003 -0.000022
-0.702002 -0.102480 -0.129762 0.098751 0.000046 0.095084 -0.417779 0.000218 0.000216 0.008581 0.157063 -0.086572 0.000066 0.000313 0.000103 0.000161 -0.000107 -0.001560 -0.000313 -0.052675 -0.110807 0.207722 -0.317465 -0.000290 0.219142 0.169172 -0.106230 -0.000091 -0.290371 -0.000694 0.000082 -0.000128
-0.143144 0.106763 0.373791 -0.472718 -0.000057 -0.720079 0.006951 -0.000060 0.000021 0.068556 0.236973 -0.405369 0.000003 -0.000250 0.000109 -0.000065 -0.000112 -0.463890 -0.000049 -0.329528 0.008174 -0.152588 -0.148360 0.000067 -0.205956 -0.165844 -0.119835 0.000056 0.348736 -0.002093 -0.000081 -0.000112
0.055620 0.208361 -0.158269 -0.206101 -0.000040 -0.522083 0.093384 0.000098 0.000196 0.071207 0.124502 0.097109 0.000006 -0.000160 -0.000260 0.000074 -0.000024 -0.141781 0.000057 -0.473134 0.195344 0.289761 0.225410 0.000040 0.064067 0.296578 -0.128058 -0.000204 0.387999 -0.002101 0.000038 0.000113
0.480928 0.121698 -0.224597 0.111999 0.000228 -0.439361 -0.349015 -0.000007 -0.000168 0.354484 0.142393 -0.514047 -0.000079 0.000061 0.000039 0.000107 0.000041 -0.047740 -0.000041 0.094159 -0.103850 0.235967 0.271703 0.000103 0.203660 0.447294 -0.261086 -0.000103 -0.328870 -0.000375 -0.000036 0.000182
-0.332571 0.207042 -0.455840 -0.252634 -0.000112 0.114022 -0.092373 -0.000060 -0.000268 0.048327 0.015209 -0.653927 0.000127 -0.000076 -0.000109 -0.000410 0.000035 0.261791 -0.000160 0.091473 -0.119191 -0.185411 0.292582 0.000073 -0.159715 0.223068 -0.382005 0.000227 -0.090503 -0.001715 -0.000019 -0.000022
-0.157413 -0.030439 -0.064316 0.042784 -0.000117 -0.211517 -0.054024 0.000042 0.000144 0.072432 0.167950 -0.244698 -0.000314 -0.000002 -0.000117 -0.000283 0.000035 0.295100 0.000091 0.320368 -0.000961 -0.077449 0.381299 -0.000128 -0.022500 -0.402947 -0.173488 0.000040 0.285649 0.000437 0.000084 0.000086
0.383100 0.298155 -0.122974 0.586130 0.000093 0.645984 0.396613 -0.000164 0.000366 -0.240223 -0.071780 0.150424 0.000099 -0.000095 -0.000090 0.000005 0.000113 0.451026 -0.000096 0.299564 -0.629568 -0.145744 0.224853 0.000049 0.377966 -0.509067 0.131505 -0.000035 0.034105 -0.000167 -0.000035 -0.000052
0.812391 -0.027535 0.204439 0.033625 -0.000044 -0.083209 0.042578 -0.000144 0.000014 -0.007486 0.002990 0.533147 -0.000122 -0.000121 0.000019 0.000218 -0.000106 0.106849 0.000091 -0.000427 -0.023437 -0.100138 0.422543 0.000179 0.464397 0.308729 -0.053897 0.000010 -0.031882 0.000442 0.000046 -0.000157
-0.051164 -0.131525 0.396143 -0.134858 0.000129 -0.412568 0.587926 0.000238 0.000405 0.025751 0.043971 0.044133 -0.000040 0.000141 0.000327 -0.000022 -0.000048 0.104387 0.000142 -0.194900 0.155521 -0.133571 -0.065479 0.000030 -0.340754 0.110526 0.562893 -0.000025 0.281840 -0.001988 -0.000146 0.000090
-0.149533 -0.251281 -0.194402 0.105998 0.000039 -0.055799 0.198636 0.000047 -0.000070 0.420453 0.145259 0.411922 0.000067 -0.000264 -0.000140 -0.000057 -0.000154 -0.467462 -0.000358 -0.052508 -0.301505 -0.253258 0.232317 0.000047 0.168594 -0.310426 -0.624788 0.000055 0.505921 -0.000720 0.000054 -0.000078
0.238534 0.374244 0.287688 -0.145955 -0.000033 -0.148493 0.228798 0.000030 0.000005 0.146455 0.258080 0.474442 -0.000272 -0.000027 0.000124 -0.000172 0.000110 0.077557 0.000129 -0.007144 -0.224480 0.293387 0.012694 0.000164 -0.368416 0.209414 -0.814624 -0.000095 0.611752 -0.001372 0.000104 -0.000091
-0.214550 -0.254889 -0.328099 -0.217473 -0.000017 -0.123015 -0.067039 0.000070 0.000420 0.146792 0.194192 -0.430140 0.000044 0.000018 -0.000359 -0.000037 0.000033 -0.140475 -0.000104 -0.116328 0.057359 -0.068730 0.327546 0.000029 -0.508018 -0.031076 0.262499 -0.000068 0.050154 -0.002340 0.000031 0.000063
0.322925 0.006527 -0.012545 0.085287 -0.000044 0.007182 -0.030162 -0.000030 -0.000065 -0.014905 0.042620 -0.149315 -0.000130 -0.000010 -0.000058 -0.000162 0.000058 -0.270809 0.000008 -0.107143 -0.310609 -0.196729 0.373764 0.000118 0.003701 -0.278721 0.228112 0.000116 0.411994 -0.001329 0.000228 -0.000143
-0.282997 -0.010400 -0.212121 -0.128387 -0.000057 -0.282676 -0.122151 0.000037 -0.000169 -0.540023 0.139212 0.113151 0.000105 -0.000131 -0.000100 -0.000157 -0.000043 -0.529579 0.000028 0.373279 0.091762 0.313264 -0.547812 -0.000097 -0.281118 0.297251 0.837686 0.000021 0.327475 -0.001661 0.000027 -0.000034
-0.490464 0.148123 0.014954 -0.291031 0.000004 -0.176154 0.233461 0.000125 -0.000280 0.194798 0.141328 -0.033035 0.000197 0.000042 0.000097 0.000110 0.000217 0.142160 0.000247 -0.079561 -0.238933 -0.081907 -0.311805 0.000143 -0.007171 -0.334382 0.117921 -0.000026 -0.106009 0.002087 0.000076 0.000070
0.507884 -0.123642 -0.139680 -0.251666 -0.000127 -0.232742 -0.070304 -0.000111 -0.000055 0.099479 0.041436 0.111115 0.000034 0.000048 -0.000042 0.000010 0.000088 -0.048173 0.000157 -0.497563 0.377688 0.207973 0.335117 0.000039 0.397700 0.255741 -0.041508 -0.000117 0.239225 -0.000057 -0.000094 -0.000116
-0.220281 -0.081967 0.626269 0.159230 -0.000047 0.218095 -0.010434 -0.000051 -0.000439 -0.233468 0.150203 -0.216190 0.000013 -0.000090 -0.000106 -0.000024 0.000048 -0.286779 -0.000094 0.346275 0.039246 -0.053932 -0.192457 -0.000008 -0.182226 -0.099488 0.164078 -0.000087 -0.205886 0.000405 0.000030 0.000032
-0.310859 -0.241646 0.186839 0.445208 -0.000064 -0.017161 0.792821 -0.000221 0.000017 0.075813 0.103813 0.400300 -0.000100 -0.000074 -0.000212 -0.000057 -0.000207 -0.255469 -0.000121 0.085444 0.008968 0.151399 -0.391353 0.000031 -0.069633 0.342340 -0.622060 -0.000138 -0.056158 0.000883 0.000247 -0.000028
-0.237608 -0.280554 0.161594 0.381687 0.000047 -0.096731 -0.019151 0.000034 0.000057 0.009396 0.290278 -0.200284 0.000018 -0.000053 -0.000042 -0.000158 -0.000070 0.111801 0.000142 0.171805 0.056657 0.284096 0.084298 0.000239 0.019114 -0.198032 0.136160 -0.000243 0.327265 0.001719 -0.000085 0.000127
0.027405 -0.274374 -0.337590 -0.189473 -0.000079 -0.398254 0.317528 0.000068 -0.000400 0.313117 -0.004800 0.437291 0.000045 0.000003 -0.000105 -0.000068 -0.000116 0.216134 0.000087 0.374878 -0.162489 -0.033846 0.213780 -0.000070 0.108125 0.112301 0.000597 -0.000021 0.317768 -0.000182 -0.000078 -0.000234
-0.014341 0.021420 -0.215295 0.007465 -0.000005 0.265916 -0.295301 -0.000163 -0.000054 0.402468 0.198932 0.115521 -0.000051 0.000022 -0.000039 -0.000060 0.000036 -0.032956 -0.000233 -0.299503 -0.006775 0.012455 0.157037 0.000028 -0.154703 0.477348 0.125946 0.000023 -0.001620 0.000529 -0.000245 0.000039
-0.092914 0.094239 -0.107306 -0.046976 -0.000182 0.245621 -0.144776 0.000017 0.000207 -0.160120 0.004764 0.266804 0.000143 0.000089 -0.000077 0.000199 -0.000182 0.165587 0.000061 0.150823 -0.652801 0.335743 -0.003638 0.000102 0.140088 -0.041757 -0.054383 0.000075 -0.316289 0.000510 0.000060 -0.000324
-0.043268 0.289858 0.097577 -0.022861 -0.000113 -0.122702 -0.038113 -0.000037 0.000079 -0.425761 0.189987 0.196225 0.000103 -0.000133 -0.000021 -0.000210 0.000196 0.186391 0.000011 -0.169564 -0.232120 -0.040842 0.282254 -0.000018 -0.051501 -0.281507 0.406301 0.000054 0.034209 0.000560 0.000089 -0.000009
0.125501 -0.310481 -0.013704 -0.050390 -0.000333 -0.599633 -0.081920 0.000164 0.000110 0.242636 0.300738 -0.212233 0.000102 0.000148 0.000085 -0.000172 0.000038 0.149898 0.000006 0.372871 -0.728671 -0.010458 -0.055662 0.000031 0.383933 0.279522 -0.427011 0.000052 -0.050306 0.000212 0.000075 -0.000031
0.236634 -0.189827 0.620101 -0.253125 -0.000173 0.381057 0.024472 -0.000011 -0.000221 -0.014877 0.238237 0.038387 0.000216 -0.000091 0.000155 -0.000158 -0.000008 -0.117245 -0.000109 -0.213090 0.259963 0.543638 -0.016463 -0.000138 -0.406919 0.339273 -0.372387 -0.000069 -0.262294 -0.001051 -0.000004 -0.000052
0.105885 -0.280048 -0.512705 0.085723 0.000044 0.280364 0.743815 -0.000028 0.000412 0.311084 0.129773 0.124544 0.000044 0.000045 -0.000090 -0.000006 -0.000006 0.111421 0.000004 0.023845 0.221800 0.228540 -0.532832 0.000095 0.396155 -0.125978 -0.212252 0.000024 0.513726 0.000402 -0.000052 0.000221
-0.153673 0.311121 -0.076280 0.401688 0.000157 -0.014798 0.238340 0.000118 0.000071 0.378147 0.026630 0.274111 0.000173 0.000190 -0.000163 -0.000090 0.000146 0.141586 0.000049 0.329636 0.040382 0.033857 -0.162441 -0.000162 -0.094405 0.048989 -0.466086 -0.000064 0.016886 0.000251 0.000067 -0.000048
-0.484388 -0.236295 0.185480 -0.194886 -0.000077 0.212371 0.104034 -0.000056 -0.000194 -0.448155 0.156131 -0.090991 -0.000315 -0.000337 -0.000036 -0.000130 -0.000141 0.031748 -0.000169 -0.518701 0.570131 0.424919 -0.304596 -0.000053 -0.140247 0.903968 -0.135212 0.000118 -0.030990 0.000238 0.000200 -0.000042
-0.610166 -0.208508 -0.101660 -0.221426 -0.000196 0.358543 0.465878 -0.000107 0.000069 0.093185 0.163056 -0.091400 0.000077 0.000073 -0.000149 -0.000074 -0.000040 -0.105869 -0.000010 0.023224 0.420699 -0.290465 -0.163800 -0.000014 -0.052623 -0.145835 0.121319 0.000081 -0.033084 -0.001303 -0.000050 0.000124
0.071380 0.138324 -0.057696 0.094229 -0.000045 -0.315466 0.242398 0.000005 0.000073 -0.252844 0.250362 0.120856 -0.000317 -0.000129 -0.000015 -0.000257 0.000036 0.031928 -0.000018 -0.131664 0.348111 -0.271039 0.250117 -0.000056 0.202647 0.044274 0.203565 -0.000146 0.290353 -0.000836 -0.000124 0.000215
0.324240 0.049750 -0.082886 -0.087395 -0.000092 0.185283 0.258067 0.000168 0.000084 -0.199821 0.107117 -0.074874 -0.000201 0.000045 -0.000048 -0.000120 0.000103 -0.343091 -0.000070 0.063228 0.090881 -0.605505 0.100891 -0.000045 0.351561 -0.071849 0.131552 0.000041 0.142884 -0.002040 -0.000012 0.000156
0.066223 0.263275 0.436934 -0.402318 0.000020 -0.171225 -0.074437 0.000160 -0.000105 0.148930 0.094059 0.003293 -0.000307 -0.000036 0.000096 0.000022 0.000027 -0.090060 0.000228 -0.484972 0.174594 0.036104 -0.022679 -0.000003 0.011933 0.156095 0.148434 -0.000112 0.101236 -0.001738 0.000182 -0.000073
-0.713998 -0.012081 -0.569949 0.151524 0.000058 0.202633 0.634306 -0.000091 0.000074 -0.372979 0.086769 0.269571 -0.000131 0.000197 -0.000058 -0.000010 0.000200 0.106408 0.000153 -0.093852 0.059687 -0.093327 0.174387 0.000040 0.541644 0.039615 -0.299020 0.000008 0.293953 -0.001988 0.000114 -0.000008
-0.464441 -0.777318 0.067439 -0.031333 -0.000179 0.101401 0.130045 -0.000169 0.000048 -0.320980 0.063339 -0.239068 0.000007 0.000172 0.000068 -0.000074 0.000160 -0.128079 0.000083 -0.244786 -0.333943 -0.119821 0.035624 -0.000082 -0.091262 -0.018317 -0.334863 -0.000059 0.031700 -0.001281 -0.000040 -0.000159
-0.183592 -0.199826 0.380022 0.431380 0.000081 -0.017626 0.132749 -0.000049 0.000148 0.124070 0.015252 0.186918 0.000012 0.000062 0.000107 -0.000172 0.000015 -0.068052 -0.000124 -0.157692 0.280517 -0.062564 -0.128740 0.000141 -0.074342 0.121411 0.087521 -0.000014 0.245529 -0.000254 -0.000054 0.000052
0.194008 -0.113586 0.030553 -0.288240 0.000034 -0.072008 -0.632181 0.000081 -0.000092 0.515409 0.007157 0.216825 -0.000006 0.000077 -0.000012 0.000102 0.000049 -0.506489 -0.000055 0.128405 0.139733 -0.407797 0.372459 0.000303 -0.182781 0.455020 0.200489 0.000145 -0.229005 -0.000080 -0.000043 0.000009
-0.078327 0.140619 0.034591 0.181974 0.000220 0.110016 0.373996 0.000050 0.000135 -0.140761 0.021476 -0.196828 0.000015 0.000008 0.000022 0.000090 -0.000064 -0.007449 0.000110 0.325210 -0.082940 -0.134463 0.501726 -0.000253 -0.165837 -0.031628 0.087313 0.000118 -0.584692 0.000345 -0.000082 -0.000177
-0.208486 0.562238 -0.251778 0.020104 0.000063 -0.214354 0.352804 0.000008 0.000162 -0.103506 0.112443 0.116208 -0.000016 0.000127 -0.000055 -0.000035 0.000100 0.247310 -0.000153 -0.168242 -0.149899 -0.293905 0.154968 -0.000116 0.179520 -0.183867 0.437619 0.000061 -0.368962 -0.000380 0.000020 -0.000088
-0.540929 -0.399927 0.147384 -0.185930 -0.000079 -0.214289 -0.374632 0.000140 0.000170 -0.441597 0.171728 -0.120124 -0.000150 -0.000010 -0.000473 -0.000024 -0.000206 -0.198397 -0.000139 0.253396 0.118252 -0.020773 0.515147 -0.000102 -0.541831 -0.201583 0.274249 0.000099 0.002014 -0.001128 0.000092 -0.000025
0.177454 0.453515 0.072973 -0.385750 0.000036 -0.075279 -0.271736 0.000199 0.000065 -0.085185 -0.003608 0.538500 0.000046 -0.000056 -0.000012 0.000053 0.000165 -0.480437 0.000024 0.145934 0.300884 0.089409 0.279781 0.000014 0.254336 -0.330477 0.094070 0.000039 0.121647 -0.001606 0.000015 -0.000106
0.006631 -0.117683 0.250041 -0.065569 0.000065 0.011475 0.255964 0.000055 0.000172 -0.140299 0.052297 -0.129848 0.000095 -0.000044 0.000414 -0.000143 0.000186 0.018805 -0.000168 -0.147959 0.022749 0.155461 0.111747 -0.000083 -0.249403 -0.128305 -0.309889 -0.000075 0.233457 -0.001641 0.000016 0.000106
0.290139 -0.225262 0.221918 -0.199138 0.000126 0.073728 0.173636 -0.000033 -0.000255 0.237210 -0.042890 0.006102 -0.000054 0.000045 0.000128 -0.000145 -0.000045 0.212585 -0.000068 0.104906 0.216861 -0.016606 -0.248485 0.000110 0.404447 0.137947 -0.008401 0.000158 -0.017239 -0.001074 0.000006 -0.000018
0.042208 -0.179657 0.076267 -0.261458 0.000134 0.266239 -0.095791 -0.000057 -0.000273 0.056711 -0.154759 0.350308 0.000085 0.000108 -0.000174 0.000103 -0.000120 0.035849 -0.000023 0.050667 0.164702 -0.142745 -0.081070 -0.000343 0.693741 0.325745 -0.408200 0.000117 -0.431466 0.000714 0.000182 -0.000069
0.813887 0.267372 -0.014322 0.026621 0.000078 0.216011 0.051280 -0.000084 -0.000026 0.360447 -0.056683 0.027479 -0.000013 -0.000118 0.000133 -0.000061 -0.000097 0.122686 -0.000141 0.335803 -0.399390 -0.071507 0.027112 0.000022 -0.161809 0.212374 0.179668 0.000120 -0.462482 -0.000915 0.000141 -0.000036
0.278764 -0.213561 -0.260628 0.083321 0.000088 0.147070 0.252223 -0.000049 0.000089 0.351245 0.009198 0.065915 0.000081 -0.000044 0.000215 -0.000127 0.000038 -0.162999 0.000172 0.312612 0.439604 -0.011196 0.602922 -0.000065 0.148480 -0.698243 0.503287 -0.000023 -0.097817 -0.000366 0.000079 -0.000251
-0.317515 0.089139 -0.210916 -0.266172 0.000142 -0.238057 0.163477 0.000141 0.000163 -0.312902 0.245006 -0.429471 0.000025 -0.000008 0.000074 -0.000253 0.000023 0.227705 -0.000104 0.146974 -0.165025 -0.217241 0.404810 0.000001 -0.035772 -0.021367 0.199408 0.000119 -0.082485 0.000441 -0.000046 -0.000022
-0.543320 0.208960 -0.206788 0.342889 -0.000017 0.021779 0.097035 0.000186 -0.000162 0.024717 0.055744 -0.135845 -0.000051 -0.000238 0.000178 0.000098 -0.000041 0.625477 0.000041 -0.188350 -0.212790 0.104863 0.152738 0.000090 0.027019 0.305594 -0.442103 0.000096 -0.181339 0.000104 0.000196 0.000138
0.254278 -0.268467 -0.029730 -0.282021 -0.000154 0.118939 -0.365196 -0.000038 -0.000082 0.139126 0.095376 -0.079663 -0.000118 0.000007 -0.000019 0.000061 0.000035 0.199284 -0.000264 0.035658 -0.162965 0.425933 0.114946 0.000062 0.078465 0.046202 -0.003207 -0.000046 -0.044644 -0.001035 0.000013 -0.000011
-0.204042 -0.106316 0.033774 -0.067444 0.000166 -0.038533 0.392311 0.000022 0.000204 -0.400477 0.225068 -0.257348 0.000121 -0.000113 -0.000138 0.000255 -0.000093 0.375075 -0.000122 0.518872 0.012138 0.256192 -0.037131 0.000162 0.221305 -0.321274 -0.033201 -0.000095 0.020396 -0.001894 0.000048 -0.000000
0.319862 -0.215680 0.037371 0.615077 0.000040 0.137703 0.369372 0.000002 0.000221 -0.133286 0.248017 -0.084865 0.000025 -0.000145 0.000050 -0.000029 0.000008 0.225900 -0.000032 0.048096 -0.326595 0.410042 0.200328 -0.000002 -0.085124 0.382456 -0.469445 -0.000042 0.169823 -0.001352 -0.000115 0.000039
-0.025551 0.290992 0.156872 0.005387 -0.000031 -0.675285 0.258167 0.000052 0.000348 0.064763 0.085094 0.064788 0.000198 -0.000074 0.000083 -0.000036 0.000059 0.575217 0.000034 0.177694 -0.245785 -0.514031 -0.127748 -0.000005 -0.051022 0.200017 0.429066 -0.000052 -0.036667 -0.001492 -0.000086 -0.000055
-0.060901 0.223232 0.183367 -0.075553 0.000149 -0.760070 0.066040 0.000161 -0.000103 0.111458 0.179691 -0.397771 -0.000105 0.000138 0.000112 -0.000214 0.000173 0.216842 0.000062 0.069749 0.142863 0.249907 0.632906 0.000009 -0.411542 -0.157406 0.209127 0.000032 -0.116489 -0.000692 -0.000153 -0.000116
-0.276314 -0.278901 0.009601 -0.108180 -0.000100 0.280971 -0.271276 0.000024 -0.000010 -0.202143 0.000343 0.350839 0.000194 0.000030 0.000068 0.000183 0.000063 -0.108429 0.000018 -0.008880 0.152575 0.008425 0.301180 -0.000084 -0.015282 0.506256 0.126084 -0.000042 -0.137784 0.000230 0.000271 0.000025
0.380927 -0.243137 -0.168595 -0.153862 -0.000081 -0.091837 0.078636 0.000047 0.000011 0.428280 -0.010442 0.001137 -0.000041 -0.000065 0.000090 0.000057 0.000182 0.449798 -0.000022 -0.399356 0.236159 0.031252 0.394938 0.000037 0.180285 0.273523 0.549003 -0.000026 -0.295861 -0.000050 -0.000008 -0.000213
0.992064 -0.178783 0.025249 -0.924867 0.000241 0.208230 0.138891 0.000021 0.000168 -0.509596 0.225670 -0.166511 -0.000115 -0.000153 -0.000030 0.000032 0.000248 -0.063913 0.000057 0.107079 0.255383 0.018824 0.326401 -0.000094 0.390978 -0.102851 0.061306 -0.000071 0.322582 0.000575 -0.000105 0.000025
-0.392107 0.197831 0.061624 -0.172230 -0.000055 0.351095 0.057797 0.000107 -0.000152 -0.021302 0.189352 -0.007985 0.000110 -0.000134 -0.000021 0.000078 -0.000003 -0.354653 0.000066 -0.056812 0.179748 -0.257783 -0.091136 0.000157 0.151611 -0.245020 -0.203319 0.000027 -0.225621 -0.002717 -0.000115 -0.000070
-0.389905 0.222713 0.076180 -0.067541 0.000085 -0.179823 0.085166 -0.000084 -0.000076 -0.982918 0.003027 0.196486 -0.000117 0.000038 -0.000046 0.000080 -0.000099 0.028657 0.000105 0.467254 -0.563061 0.039790 -0.152089 0.000014 -0.069601 0.073863 -0.149162 0.000151 0.487666 0.000106 0.000069 0.000126
0.133524 0.437508 0.259377 -0.292515 0.000149 0.285206 0.284210 0.000028 0.000021 0.486479 -0.008288 -0.124056 0.000014 -0.000291 -0.000024 0.000107 -0.000119 0.510564 -0.000123 -0.047114 0.332461 0.301473 -0.270880 0.000104 -0.220234 -0.264753 -0.379043 0.000008 0.314834 -0.001136 0.000048 0.000015
0.168619 0.004151 0.853443 -0.520158 0.000037 -0.181894 -0.363716 0.000103 -0.000002 -0.199056 -0.011334 0.281721 -0.000012 -0.000090 0.000007 0.000152 0.000225 0.294002 0.000035 0.134217 0.302773 -0.344995 0.148896 -0.000013 0.143797 0.318535 -0.113818 -0.000158 0.134455 -0.000499 -0.000008 -0.000162
-0.386301 -0.152816 0.030621 0.403657 0.000039 -0.073306 -0.061927 0.000004 -0.000041 0.441118 0.130780 0.017115 0.000053 -0.000106 -0.000091 0.000024 0.000164 0.010520 -0.000047 -0.099172 0.091143 -0.346976 0.133274 0.000056 -0.071473 0.076365 0.341954 0.000287 -0.417993 0.000082 0.000006 -0.000019
-0.012807 -0.338188 0.091007 0.149345 -0.000063 0.466613 -0.163364 0.000032 -0.000050 0.048072 0.472467 -0.451710 0.000399 0.000262 -0.000112 0.000015 -0.000130 0.171635 -0.000101 0.034072 0.042851 -0.225432 0.122165 -0.000007 0.104827 0.089077 0.409651 0.000070 -0.213867 0.000068 0.000050 -0.000112
0.259886 -0.001463 -0.128386 0.245259 -0.000037 0.477620 0.590950 0.000006 0.000285 -0.301545 0.437860 0.249644 -0.000022 0.000067 -0.000038 0.000076 -0.000236 -0.015653 -0.000034 -0.197821 -0.071376 0.175897 0.076390 -0.000124 0.100484 -0.010341 0.316942 -0.000159 -0.119979 -0.000996 0.000027 -0.000089
0.344247 0.265159 0.270939 -0.350265 0.000044 0.118510 0.066488 0.000033 0.000137 -0.209337 0.013685 0.004510 0.000072 0.000048 0.000066 -0.000022 -0.000108 0.416645 -0.000095 0.224421 0.003575 0.005518 0.122851 -0.000004 0.096670 -0.228961 0.009298 0.000169 -0.116729 -0.002608 0.000073 -0.000067
-0.029669 0.319311 0.260079 -0.178045 0.000092 -0.040824 -0.111183 -0.000037 -0.000042 0.076451 0.079348 -0.194357 0.000056 -0.000357 0.000112 -0.000003 0.000102 0.181585 -0.000071 -0.048475 0.122393 -0.059443 -0.489145 -0.000011 0.329843 -0.181757 0.020986 0.000042 -0.068064 -0.002223 -0.000195 0.000048
0.046686 0.188107 0.061181 0.200334 -0.000067 -0.386268 0.456330 -0.000026 0.000006 0.040946 0.043795 0.150851 -0.000027 0.000117 -0.000075 0.000185 0.000233 -0.225691 0.000079 0.170236 0.319899 0.248717 -0.447321 0.000096 0.179767 0.050205 0.181689 -0.000139 -0.114540 0.000224 0.000078 -0.000072
-0.003933 -0.132626 0.052707 -0.210862 -0.000121 -0.126542 -0.095568 -0.000209 -0.000103 0.040807 0.145875 0.131580 -0.000383 -0.000060 -0.000223 0.000059 -0.000121 -0.033491 0.000035 0.442628 0.118566 0.037074 -0.356097 -0.000100 0.215307 0.097918 0.264398 -0.000021 -0.047196 -0.001369 0.000127 -0.000014
-0.404378 0.513810 0.003396 -0.252282 0.000090 -0.178714 -0.029554 -0.000198 0.000197 0.754497 0.255349 -0.708631 0.000061 0.000079 -0.000073 -0.000015 0.000004 0.375946 0.000060 0.332040 0.427491 -0.217327 -0.471372 0.000118 -0.993081 -0.019569 -0.018214 -0.000055 0.125737 -0.000581 0.000187 -0.000035
0.044631 0.297221 -0.384537 -0.083166 -0.000021 0.188154 -0.445528 0.000096 0.000414 0.121968 0.103520 -0.335277 0.000035 0.000021 0.000072 0.000125 0.000101 0.187087 0.000195 0.281957 0.174422 0.221209 -0.437198 0.000072 0.610921 0.130096 0.187098 0.000109 -0.442951 -0.001330 0.000033 -0.000185
0.495166 0.002823 0.166056 -0.518589 -0.000079 -0.237641 0.212649 -0.000064 0.000134 -0.162251 -0.026808 0.441262 0.000122 -0.000015 0.000098 -0.000210 -0.000079 -0.590485 0.000069 0.285641 0.333783 0.285343 0.070910 -0.000146 -0.206996 0.198510 0.000261 0.000027 -0.020684 -0.000869 0.000160 0.000142
-0.376853 -0.491885 -0.147861 -0.023574 -0.000033 0.403538 -0.872298 0.000110 0.000134 -0.164559 0.030290 -0.005666 0.000020 0.000143 0.000056 0.000177 -0.000148 -0.159222 -0.000101 0.331277 -0.250640 0.158717 0.208093 0.000131 0.002486 0.259652 0.173194 -0.000009 -0.460314 -0.002250 0.000048 -0.000092
-0.002635 -0.016609 0.191861 0.037273 0.000060 0.324706 -0.209804 -0.000013 -0.000165 -0.493038 0.086983 -0.390276 -0.000065 -0.000089 0.000043 0.000083 0.000052 -0.444554 -0.000105 -0.319118 -0.304827 0.241023 -0.106563 -0.000110 -0.112740 0.157414 0.253540 -0.000236 -0.109796 -0.001771 -0.000121 -0.000070
-0.322470 -0.067927 0.310741 0.060177 -0.000120 -0.318641 -0.085505 -0.000134 -0.000006 -0.196838 0.094620 -0.321327 0.000057 0.000067 0.000020 -0.000113 -0.000022 0.212402 0.000121 0.175623 -0.047625 0.305666 -0.624353 -0.000077 0.013176 -0.109186 -0.120165 0.000058 0.091224 -0.001599 -0.000047 0.000044
-0.299232 -0.060562 -0.151397 0.487400 -0.000063 -0.052983 0.272065 0.000148 -0.000012 0.017347 0.148995 -0.321442 -0.000085 -0.000063 -0.000088 -0.000152 0.000004 -0.174752 0.000330 -0.342716 -0.186151 -0.645190 -0.000196 0.000040 0.280203 -0.306521 0.257634 -0.000099 0.444702 -0.000078 -0.000074 -0.000238
0.189648 0.004012 -0.205081 -0.439676 -0.000052 -0.664974 -0.135882 0.000097 0.000014 0.036034 0.081592 0.003234 -0.000179 -0.000029 0.000150 0.000064 -0.000161 -0.442717 -0.000101 0.006543 -0.201966 0.002683 -0.205047 0.000102 -0.158321 0.122510 -0.130895 0.000160 0.597292 -0.001335 -0.000119 -0.000172
0.191535 0.165939 0.342212 -0.146865 0.000044 0.217446 0.005525 -0.000073 0.000183 -0.377346 0.219990 0.084294 0.000216 0.000068 -0.000051 0.000024 0.000255 -0.617707 0.000035 0.302482 0.156750 -0.113474 -0.078048 0.000050 -0.301306 0.176403 0.153477 -0.000014 0.068875 0.000192 -0.000068 0.000295
0.035402 -0.020306 0.062427 0.327844 0.000109 -0.049339 -0.090001 -0.000073 -0.000191 -0.135411 0.196198 0.094936 0.000203 -0.000128 0.000051 -0.000066 0.000020 -0.074297 0.000037 0.197885 0.008435 -0.279221 0.359699 0.000115 0.344596 -0.046848 0.041975 0.000165 0.114732 -0.000748 0.000008 -0.000040
-0.257972 -0.122548 -0.080955 0.065424 -0.000064 -0.079754 0.262996 -0.000059 -0.000078 -0.614730 0.028610 0.004542 -0.000116 0.000036 -0.000027 -0.000079 -0.000087 0.259219 0.000038 -0.143806 0.270704 0.319628 0.237772 -0.000028 0.169025 0.141707 0.368873 -0.000007 -0.079127 -0.004145 -0.000028 0.000097
0.061983 -0.040013 0.004642 0.416320 0.000300 -0.368545 0.769562 0.000203 -0.000112 0.125575 0.010772 0.490924 0.000142 -0.000006 -0.000388 0.000266 -0.000206 -0.270731 0.000054 -0.043412 -0.577930 0.105457 -0.012444 -0.000004 -0.012546 -0.304647 0.246984 0.000041 -0.067306 -0.002327 -0.000177 0.000040
0.284809 -0.252228 0.404374 0.121141 0.000070 0.278945 -0.198519 0.000084 0.000070 -0.356289 0.070773 -0.399600 -0.000034 -0.000047 0.000054 0.000080 0.000271 0.028948 0.000146 -0.109904 0.108688 0.458454 -0.127332 0.000055 0.091010 0.370851 0.120348 -0.000042 0.209969 -0.000784 0.000120 -0.000178
