0.001787
-0.000080
-1.759009
0.026653
5.093562
-0.049530
0.000050
-0.002600
4.378712
-1.890168
0.006966
-0.012587
-0.023721
0.024535
0.012357
0.009498
0.015299
3.196866
0.009430
0.000185
0.024156
-0.908004
3.769017
-1.350551
-0.003986
0.011884
-0.000455
5.421409
0.024470
4.847827
-0.017266
-0.003183
0.000132
-0.013956
-0.016911
-0.003350
0.013506
0.016573
0.000800
0.019679
-2.479422
-0.002952
0.029185
-3.612075
4.575815
0.016725
-0.000018
-0.012768
6.391733
0.012145
-0.004121
0.001482
-0.002114
-0.003944
-0.000486
-0.003166
0.000133
-1.339786
0.010091
-2.972054
-0.000300
-2.612469
-2.086067
-2.513120
0.003440
0.344865
5.777981
-1.577981
0.000897
