-0.050682
-0.480022
0.000080
-0.265534
0.277800
-0.025914
-0.000407
-0.001566
-0.505527
0.322903
0.409384
-0.436097
-0.009230
0.463338
-0.418136
-0.000777
0.001612
0.000289
-0.001222
-0.000669
0.355901
-0.397761
-0.000489
-0.272444
0.289621
-0.001937
-0.343418
-0.298258
-0.177948
-0.422485
-0.000729
-0.003698
-0.382335
0.004981
-0.502586
-0.001184
-0.002184
-0.001200
0.411589
-0.334184
0.423330
-0.161513
-0.001559
-0.001487
-0.294675
0.485297
-0.342339
0.301055
-0.671982
-0.000849
0.407673
0.004985
-0.374040
-0.239732
-0.637606
-0.371817
-0.300242
0.198353
-0.283779
-0.265706
0.001928
-0.414209
-0.406860
-0.000962
-0.433072
-0.001423
-0.205199
-0.342477
-0.000205
-0.001226
-0.268011
-0.002316
-0.000079
-0.000020
-0.244361
0.456723
-0.340501
-0.189465
-0.288567
