-5.811801
-6.487801
-0.000483
-6.660741
6.943348
-5.387880
-0.001083
-0.013344
-7.896762
5.658350
0.969879
-7.243902
-4.352379
1.185301
-6.541487
0.008465
0.004583
0.003154
0.017382
0.012181
6.246216
-6.931553
-0.002203
-7.350260
0.859930
0.018719
-7.578785
-5.421613
-7.029511
-7.703825
-0.012051
-0.016552
-7.043387
0.011128
-7.685146
-0.018607
0.010732
0.013801
1.029267
-7.406910
1.097933
-5.719092
-0.006248
-0.033755
-8.302717
6.075551
-5.481596
0.658752
-8.923220
0.013943
0.980098
0.008064
-7.196545
-7.598935
-7.323895
-5.984385
-6.540613
6.937753
-6.386689
-7.336493
0.005791
-7.063307
-7.253584
-0.008189
-6.394984
0.017070
-5.522826
-7.195190
-0.000392
0.033752
-7.097763
0.019704
0.008830
-0.000111
-7.240517
1.136963
-6.327347
-4.956834
-6.866315
