-0.001178
0.264123
-0.122637
-0.017306
-0.003290
0.424274
-0.035559
-0.022422
-0.011710
-0.377644
-0.008245
0.294927
-0.022946
-0.041504
-0.389171
-0.126733
-0.002212
-0.176409
-0.018879
0.234087
0.128835
-0.365546
-0.401520
-0.008293
-0.265155
-0.004634
-0.001929
-0.313143
-0.013736
0.386495
-0.003549
-0.001935
-0.006863
-0.018737
-0.002008
-0.019442
-0.003056
-0.022882
-0.021014
0.001126
-0.000781
0.206584
-0.005225
-0.002292
-0.020864
-0.233453
-0.000834
-0.034270
-0.009494
-0.029524
0.193008
-0.167173
0.485353
0.000343
-0.004795
0.002282
-0.016264
-0.001433
-0.030185
-0.023814
-0.001483
-0.018751
-0.000575
-0.235305
-0.019308
-0.150683
0.247141
-0.061836
-0.003199
-0.255641
-0.251078
-0.010331
-0.127976
-0.440861
-0.012993
0.302559
0.095039
-0.301592
-0.001757
-0.581666
-0.241286
-0.003483
-0.024697
-0.209236
0.345775
0.311361
-0.040859
-0.185056
-0.333733
-0.022689
-0.030765
-0.042766
-0.010559
-0.002804
0.000694
0.299017
-0.019568
-0.568741
-0.020322
-0.028135
-0.541255
-0.016678
-0.024610
-0.001352
0.281855
-0.013050
-0.039375
-0.264552
-0.001370
-0.022099
-0.006451
0.298827
-0.008454
-0.002179
