-0.025797
0.000559
0.001475
0.008737
0.035377
0.025279
-0.029100
0.000013
-0.011996
-2.832848
-0.000081
0.001497
4.730415
3.281209
0.006715
0.001443
3.645834
-0.042397
5.658805
5.211832
0.027907
-3.005800
0.008006
0.010667
4.060527
2.756028
0.024254
-0.021811
-3.703544
0.000953
-0.008225
-0.000066
0.012913
3.016579
0.001539
2.498255
-0.004145
0.031976
-2.399216
4.176246
0.000334
0.006224
0.000000
-0.000837
-3.737333
-2.099432
3.873469
-0.004846
-0.000118
0.000198
2.971768
4.300562
2.776916
2.614678
0.004282
0.001629
-0.002166
-0.001325
-3.191840
-2.829715
-2.572629
3.490319
0.024238
-2.215159
-1.832635
0.027400
0.035518
-1.722921
-3.406537
8.099586
3.878419
5.285321
-0.006857
0.033218
-4.723189
5.719631
-2.300032
-4.458875
-2.505070
-2.151580
-1.748571
-0.000037
4.031324
-0.000231
4.094318
0.003643
