-0.015362
-0.035933
0.000550
-0.001937
-0.000827
-0.012165
-0.015176
-0.011991
-0.013941
0.156224
0.001551
-0.001811
-0.027457
0.157485
-0.002752
0.001701
-0.005371
0.000087
-0.002175
-0.005064
0.116731
-0.000111
0.155173
-0.010695
-0.011778
-0.019231
-0.001958
-0.000622
0.062456
0.002544
-0.013093
-0.000930
-0.002095
-0.002946
0.187032
-0.004275
-0.027094
-0.003493
-0.005626
-0.002497
-0.050172
-0.003280
-0.014307
-0.002531
-0.001867
-0.025335
-0.027842
-0.001221
-0.006968
-0.004132
-0.011183
-0.003467
-0.012990
-0.023562
0.002377
-0.004080
-0.006721
-0.001429
0.071263
-0.001981
-0.001478
0.000217
-0.000903
-0.001926
-0.002078
-0.020906
0.062610
-0.003962
-0.019334
-0.001594
-0.011565
-0.001278
-0.042610
-0.005997
-0.015005
-0.007778
-0.002366
0.141292
-0.000577
-0.008314
-0.000225
-0.006727
-0.018432
-0.005292
-0.013955
-0.004129
-0.001361
0.000342
-0.000255
-0.014523
-0.001501
-0.008800
-0.003280
-0.017857
-0.005532
-0.000596
0.109011
-0.000148
-0.005538
0.000812
-0.014922
-0.002920
