0.022742
-0.000230
0.000200
0.027241
-0.003370
0.034766
0.009979
0.032404
-0.018396
5.666854
-0.001862
-0.160342
0.035403
7.176425
-0.509668
-0.003025
-0.007886
-0.000776
0.012762
0.020582
6.050529
-0.002789
7.184229
-0.024532
-0.003253
-0.000907
-0.009308
-0.000812
5.340421
-0.000917
0.001727
-0.007312
0.000302
0.000748
8.239733
-0.005973
5.456492
0.004201
0.002012
-0.014690
2.529362
-0.009577
0.024773
-0.002969
-0.000447
-0.005511
0.019215
-0.007949
0.012268
-0.001686
-0.015641
0.029862
-0.007980
-0.011497
-0.000928
0.004528
2.867347
0.000702
7.990671
-0.001428
-0.006985
0.397324
-0.006232
0.002918
-0.003727
0.010400
4.558223
-0.005896
-0.012350
0.001496
0.010843
-0.000340
0.016135
-0.000512
0.006785
0.004526
-0.580898
5.759567
0.000242
0.015227
0.000029
0.000067
-0.019734
0.013026
-0.000652
0.002024
-0.001124
0.000253
0.000088
-0.004888
0.001702
-0.011639
-0.004636
0.022826
-0.006551
-0.004014
6.637604
-0.000015
0.005320
-0.001107
-0.027501
-0.002307
