-0.000294
0.042345
-0.001562
-0.082474
-0.002590
-1.238957
-0.000865
-0.001341
-0.003270
-0.001560
0.000482
-0.580598
-0.004394
-0.005353
-0.500980
-0.002432
-0.001357
-0.005946
-0.451843
-0.001180
-0.351775
-0.801135
-0.001663
-0.315946
0.061839
-0.906602
-0.495478
-0.006891
-0.002684
-0.228996
-0.353215
-0.018498
-0.750103
-0.279570
-0.001964
-0.191405
-0.400485
-0.380321
-0.000537
-0.441353
-0.002333
0.545577
-0.003399
-0.013209
-0.005102
-0.001089
-0.438311
-0.001429
-0.006668
-0.000503
-0.446573
-0.004077
-0.013827
-0.003039
0.000656
-0.313480
-0.001153
-0.006252
-0.005385
0.187636
-0.012870
-0.004304
-0.712606
-0.369746
-0.007542
-0.018931
0.000311
-0.008748
-0.001459
-0.000519
-0.559585
0.156965
-0.005390
-0.002536
-0.000626
-0.001636
-0.013350
-0.001508
-0.003372
-0.113118
-0.001559
-0.013002
-0.033927
-0.014125
0.006309
-0.000622
-0.001077
-0.001042
-0.219037
-0.139490
-0.006212
-0.006513
-0.001161
-0.001876
-0.013460
-0.001801
-0.232847
-0.434975
0.000203
-0.028015
-0.975951
-0.010967
0.403468
-0.001879
0.000816
-0.329669
0.053622
0.082159
-0.183822
-0.259063
0.002454
1.355990
-0.012014
-0.002200
-0.054789
0.001035
-0.007537
-0.060026
-0.366321
-0.010199
0.000259
-0.001287
-0.018235
-0.017255
-0.378108
-0.774110
