0.000050 -0.183830 0.138971 -0.132400 -0.092262 0.045317 -0.000038 -0.024092 0.010870 0.136327 -0.186235 -0.000063 0.000051 0.370491 0.265150 -0.514028 -0.318657 -0.067240 -0.076982 -0.000119 0.166750 -0.320854 0.285264 0.016862 -0.147003 0.029012 -0.298351 -0.065022 0.000011 0.073001 -0.072727 0.008914 0.000201
-0.000062 0.411523 0.001768 -0.044335 -0.487003 -0.049646 0.000270 -0.194630 0.018449 -0.005658 0.449353 0.000139 0.000048 0.107270 -0.159826 -0.236692 0.450942 0.087069 0.063533 0.000095 -0.360678 0.026403 0.009811 -0.362640 0.005468 0.036042 -0.155878 0.089499 -0.000042 0.053563 0.222622 -0.222344 -0.000238
-0.000073 -0.146647 -0.186835 0.125776 -0.122669 -0.038593 0.000033 -0.167456 0.029297 0.279579 -0.247995 -0.000034 -0.000059 0.199306 -0.159624 -0.256873 0.062580 0.157015 0.092773 0.000050 -0.028915 -0.145180 -0.317428 -0.017989 0.011681 0.048850 -0.284471 0.054545 -0.000019 0.244850 -0.369227 -0.463202 -0.000179
-0.000036 0.086516 -0.155428 -0.005128 0.044978 0.101975 -0.000015 0.405679 0.051692 -0.202493 0.170863 0.000045 -0.000036 0.226086 0.119393 -0.084748 0.092448 0.116127 0.163153 0.000120 -0.328025 0.229687 0.002061 -0.156948 0.080792 0.083224 -0.000118 -0.141471 -0.000098 0.152040 -0.142582 -0.536499 0.000387
0.000007 -0.209940 0.466784 0.056630 0.043012 0.202574 0.000053 0.148066 0.008896 -0.020499 0.154681 0.000179 -0.000185 0.034720 0.224562 -0.224476 0.136575 0.127892 0.108678 -0.000230 -0.211423 -0.235387 -0.414460 0.013176 0.053733 0.023447 -0.068558 -0.025004 0.000020 0.206078 0.443701 -0.105754 -0.000291
0.000091 0.024391 0.433519 0.112089 0.175753 -0.404587 -0.000172 0.057231 0.001529 0.396915 -0.001960 -0.000074 0.000024 0.206846 -0.347192 -0.237744 -0.429800 0.085959 0.287211 0.000035 -0.216011 -0.077596 0.167987 0.094817 -0.108374 0.001926 0.166223 0.073606 -0.000040 0.053908 0.016795 0.004215 -0.000192
0.000073 -0.203163 0.155867 0.018137 0.139387 -0.013617 -0.000065 -0.018519 0.010811 0.062142 0.276193 0.000108 0.000045 -0.158271 -0.004844 -0.303299 0.065407 -0.139568 0.148421 -0.000098 0.099747 0.033840 -0.051663 -0.279390 -0.087307 0.017472 -0.067473 -0.139615 -0.000000 -0.152255 -0.241568 -0.316667 0.000057
-0.000101 0.270465 0.124138 -0.227613 -0.314800 -0.221447 -0.000028 -0.009182 0.026363 0.276058 0.158838 0.000058 -0.000017 0.137837 0.338032 0.077983 0.291667 0.033956 0.187234 -0.000131 -0.156863 -0.173113 -0.041605 -0.124038 -0.058082 0.043745 -0.026386 0.234195 0.000025 -0.096528 -0.097684 -0.038519 0.000030
0.000058 0.248949 -0.475629 -0.442916 -0.176846 -0.202437 0.000126 -0.000932 0.031784 0.064400 -0.138267 -0.000092 0.000075 0.331678 0.296280 0.560435 0.538038 0.315178 -0.119878 -0.000189 -0.046880 0.315303 0.213871 0.062860 -0.269595 0.054533 -0.023068 -0.079536 -0.000017 0.128665 -0.079748 -0.011005 -0.000218
0.000013 -0.118302 -0.392355 -0.125408 -0.069754 -0.066591 -0.000005 -0.326613 0.030251 -0.171978 0.267270 0.000008 -0.000319 0.001235 0.182378 0.051230 0.085231 -0.488019 -0.531601 0.000001 0.298180 0.197716 0.294731 0.169851 0.067955 0.047504 0.163880 -0.179034 -0.000011 0.257561 0.011404 0.181517 -0.000062
-0.000023 0.316999 0.307537 -0.149989 -0.127256 0.052487 -0.000027 -0.039213 0.006587 -0.104022 -0.289844 0.000225 0.000083 -0.043629 -0.345300 -0.065303 0.021263 -0.414041 -0.200494 -0.000011 -0.087856 -0.032845 -0.234157 0.180849 0.081908 0.006847 0.275751 0.426572 0.000023 0.189390 -0.105914 0.295356 -0.000242
0.000015 -0.266213 0.244929 0.083240 0.177053 0.020015 0.000027 -0.173280 0.009563 0.277002 -0.000184 -0.000058 -0.000058 0.208358 0.056616 -0.173030 -0.025052 -0.240480 -0.241460 -0.000125 -0.095134 0.310237 -0.139599 -0.244177 0.264363 0.023336 0.200372 0.137767 0.000038 0.221267 -0.085836 -0.054188 -0.000175
0.000063 0.143077 -0.026972 0.047493 0.251484 0.033979 0.000044 -0.118931 0.013105 -0.023371 -0.185471 -0.000011 -0.000035 -0.348665 0.136184 0.155005 -0.111481 0.037329 0.290965 0.000375 -0.312820 -0.415943 0.026925 0.322119 -0.011988 0.021498 0.286698 0.060483 0.000036 0.033285 -0.206235 -0.262101 -0.000085
-0.000030 -0.001731 0.002442 0.051413 -0.195273 -0.029657 0.000042 0.024216 0.014542 -0.252082 -0.008804 -0.000010 -0.000047 0.258275 -0.189363 0.091742 0.058263 0.173781 0.330627 -0.000090 -0.209976 -0.201432 0.203021 0.422657 -0.047209 0.027648 -0.010868 0.156345 0.000024 -0.291404 0.102783 0.085231 0.000171
0.000117 -0.096646 0.089815 -0.028652 0.377084 -0.295542 -0.000040 -0.032304 0.051583 0.052000 -0.519737 0.000188 0.000049 -0.067864 -0.146316 0.085148 -0.182747 0.118724 0.058118 0.000185 -0.356463 0.352045 0.186535 -0.236200 -0.097501 0.083160 -0.590243 0.080330 -0.000106 -0.463083 0.122565 -0.079052 0.000018
-0.000041 0.302690 0.173606 -0.191740 -0.016246 0.387409 -0.000015 -0.004418 0.042076 0.086703 -0.011497 -0.000018 0.000091 0.012636 0.074191 -0.193467 -0.148549 -0.039674 0.054790 -0.000083 -0.130988 -0.440443 0.581514 -0.165822 0.202554 0.062092 0.243811 0.418711 0.000049 -0.195033 -0.080614 0.080160 0.000074
0.000043 -0.071821 -0.203907 -0.121380 -0.145721 0.008491 0.000030 -0.001593 0.047756 0.307306 -0.135775 0.000064 0.000095 -0.149349 0.075914 0.184825 -0.056016 -0.160772 0.136343 0.000071 -0.209561 0.152558 0.196345 0.023680 0.288738 0.074873 -0.138993 -0.271662 0.000002 0.075083 0.099375 -0.136440 -0.000199
-0.000017 0.115244 -0.022801 -0.054394 -0.285372 -0.521687 0.000087 0.017395 0.045805 -0.033182 -0.006528 0.000053 -0.000139 0.102270 -0.322723 0.163258 -0.010988 -0.002243 0.062888 -0.000061 -0.125349 -0.173315 -0.435296 -0.050408 -0.023970 0.070021 -0.309522 -0.117897 -0.000050 0.335892 0.248377 -0.038903 0.000191
0.000044 0.110997 0.203060 -0.088952 0.238122 0.162948 0.000051 -0.180117 0.039128 0.188044 -0.064360 -0.000001 -0.000035 -0.025226 -0.201187 -0.053581 0.030713 0.008502 -0.777788 0.000134 0.119738 0.089705 0.045370 -0.117820 -0.167715 0.058342 -0.411810 -0.033240 -0.000082 0.001530 0.100848 -0.145140 -0.000093
0.000031 0.030347 0.179530 0.116235 0.402232 0.113387 -0.000007 0.117123 0.096154 0.198367 0.084732 0.000081 -0.000160 0.221763 -0.118596 -0.189311 0.005067 -0.320953 0.549221 0.000034 -0.099061 -0.199602 -0.004992 0.075858 -0.499617 0.143186 0.047092 0.176969 0.000049 -0.080455 -0.366462 0.126437 0.000064
0.000096 -0.584197 0.184102 0.286315 0.029702 -0.067706 -0.000153 -0.096389 0.039079 -0.326091 -0.301318 -0.000090 0.000201 0.383702 -0.334957 -0.149022 -0.053051 -0.190267 0.053421 0.000047 -0.062252 -0.020667 -0.265257 0.099683 -0.362969 0.062593 0.036875 0.225572 0.000023 -0.231859 -0.106343 -0.008349 0.000262
0.000029 0.448320 0.231411 -0.403544 -0.290434 0.279897 0.000026 -0.074471 0.000827 0.067376 -0.219013 -0.000147 0.000191 0.141333 0.340959 -0.062341 -0.337766 -0.388572 0.115991 -0.000073 0.006321 -0.060086 -0.365690 0.221651 0.293386 0.002408 0.033970 -0.132225 0.000016 -0.151410 0.023245 -0.138350 -0.000107
0.000026 -0.004016 0.075791 -0.541314 -0.134835 -0.151526 0.000056 -0.129797 0.028289 -0.129724 0.007628 0.000186 -0.000084 -0.687813 0.006450 0.175692 -0.185370 -0.344099 -0.037840 0.000111 -0.086936 -0.045645 -0.006498 0.353011 0.522189 0.049746 -0.294743 0.088883 -0.000055 0.055807 -0.026722 0.112527 0.000032
0.000103 0.005223 -0.170686 -0.282158 -0.208581 -0.262036 0.000021 -0.110382 0.076402 0.048395 -0.199115 0.000018 0.000111 0.542316 0.129300 -0.052031 -0.099283 0.088653 0.254720 -0.000027 -0.267362 0.037461 -0.047055 -0.499400 0.027718 0.116597 -0.366079 -0.058761 -0.000007 0.247608 0.056952 -0.122187 -0.000199
0.000086 -0.105357 -0.058204 0.309904 -0.235962 -0.028690 0.000001 -0.146488 0.005246 0.223473 -0.198574 0.000173 -0.000068 -0.105516 0.278114 0.134409 0.008233 0.141960 0.099502 0.000110 0.109549 -0.204720 0.218092 -0.179609 -0.210996 0.011927 0.027366 0.139498 0.000096 -0.236809 0.184750 -0.648779 0.000097
0.000036 0.103614 -0.227883 0.091966 0.435527 0.130935 0.000006 0.119966 0.039995 0.273067 -0.249202 0.000065 0.000050 0.411786 -0.048340 -0.166875 0.382109 -0.138567 -0.141007 -0.000155 -0.300725 0.095692 0.077610 -0.152721 -0.226666 0.064813 0.109901 0.258135 0.000023 0.182034 -0.113403 0.203543 0.000033
0.000021 -0.069975 0.004943 0.011005 -0.140922 -0.050972 0.000124 -0.156595 0.025044 0.299182 0.284763 -0.000017 -0.000033 0.243775 -0.259040 0.123778 -0.220988 0.165704 -0.173010 0.000009 -0.154104 -0.120434 0.076419 0.434635 0.035125 0.037280 -0.285163 -0.189530 -0.000021 0.061906 0.356247 -0.099489 0.000107
-0.000107 -0.115927 -0.090803 0.198181 0.014692 -0.191399 0.000016 0.288679 0.016809 -0.080109 0.137172 0.000046 -0.000009 0.097379 -0.289157 -0.027230 -0.095072 -0.275078 0.073570 -0.000084 -0.280440 0.080843 -0.225540 0.346206 0.078210 0.033161 0.218191 0.170695 -0.000039 0.147311 0.067419 -0.456527 -0.000021
0.000012 -0.113471 0.275383 -0.062188 0.260278 0.072224 0.000084 0.074331 0.061108 -0.014669 0.325853 0.000100 -0.000062 -0.186520 0.496359 -0.002217 0.082555 -0.032073 0.138874 0.000008 -0.166841 0.043026 -0.274735 0.125659 0.006826 0.095029 0.179253 -0.006357 -0.000061 0.184407 0.344134 0.126188 0.000003
0.000031 0.119537 -0.245479 -0.148633 0.054828 0.098512 -0.000081 -0.254355 0.002442 -0.019653 0.212810 0.000143 -0.000093 -0.441137 -0.040452 -0.237276 0.323492 -0.086227 0.441600 -0.000010 0.014969 0.312143 0.218770 -0.116930 0.158080 0.015720 -0.089749 -0.507548 -0.000010 0.163597 -0.262265 0.538161 0.000194
0.000044 -0.294586 -0.275633 0.093224 0.198968 0.012319 0.000034 -0.124469 0.006545 0.079016 -0.299679 0.000081 -0.000053 -0.280734 0.184714 -0.152830 -0.291342 0.078091 0.385125 0.000093 0.005863 -0.002892 -0.120359 -0.022492 0.163181 0.011602 -0.087562 0.017160 0.000022 -0.083591 0.407207 0.243808 0.000076
-0.000037 0.017787 0.069038 -0.249703 0.133705 -0.091168 -0.000079 -0.148589 0.012631 -0.022630 0.027122 0.000044 -0.000117 0.127985 0.015492 0.104046 0.025631 -0.317736 0.003943 0.000002 -0.122994 0.205858 0.256429 -0.081215 0.153400 0.014631 0.109919 -0.040400 0.000006 -0.091955 0.031055 0.274799 0.000071
0.000001 -0.052909 -0.436526 -0.262339 0.126729 -0.007015 -0.000119 -0.280770 0.007345 -0.213015 -0.103949 -0.000118 -0.000100 0.035083 0.116773 0.119716 -0.135673 -0.193908 -0.194725 -0.000233 0.346122 -0.007063 -0.333136 -0.058835 0.200593 0.017433 0.171856 0.025187 -0.000018 0.049201 0.124572 -0.322237 -0.000040
-0.000076 -0.334108 0.224457 -0.109680 0.366933 0.235906 -0.000022 0.141834 0.037687 -0.087383 0.238372 -0.000145 -0.000090 0.357767 -0.168957 0.264213 0.086149 0.210178 -0.012688 0.000048 0.059211 0.008922 0.326628 -0.477335 0.358605 0.062559 -0.066706 0.138628 -0.000001 0.061909 -0.117486 -0.019168 -0.000142
0.000002 0.094576 0.570176 -0.041713 0.167091 -0.203361 0.000094 0.203761 0.058499 -0.149404 -0.269554 -0.000076 0.000192 -0.076093 -0.134176 0.209276 0.139851 0.071413 -0.074289 -0.000028 -0.238953 0.041074 -0.149751 -0.020295 -0.041690 0.090881 0.089633 -0.015527 0.000010 -0.394587 0.491011 0.000158 0.000024
0.000053 0.047099 0.004303 -0.031891 0.351651 0.105405 -0.000054 0.126909 0.056961 0.020807 0.118037 -0.000126 0.000102 0.142234 -0.388515 0.012993 0.454829 -0.090778 -0.102855 0.000032 -0.012311 -0.362207 -0.161209 0.277179 -0.268891 0.087001 -0.014159 -0.022618 -0.000014 0.009467 0.450518 -0.030122 -0.000141
-0.000012 0.040557 0.112066 0.301868 0.205088 -0.050880 0.000057 0.005804 0.006352 0.109056 0.101809 0.000044 0.000003 -0.327642 0.197083 0.183427 -0.316843 0.156893 0.181848 0.000061 -0.230848 -0.049709 0.029590 0.365698 0.075018 0.015259 -0.285018 0.227174 -0.000036 -0.199336 -0.179768 0.009548 0.000374
0.000024 0.099880 -0.290575 0.540464 -0.044456 0.132247 0.000105 -0.253188 0.008843 0.182632 0.161415 -0.000224 -0.000038 -0.253657 -0.242382 -0.136807 0.373059 -0.027745 0.052023 -0.000030 0.017312 0.220675 -0.116967 -0.123825 0.456880 0.015185 0.042426 0.081906 0.000011 -0.062251 -0.223372 0.123421 -0.000082
0.000016 -0.089265 -0.013731 -0.238099 0.150714 -0.030497 -0.000078 0.031228 0.005482 0.139561 0.250907 -0.000056 0.000037 -0.056657 0.310212 -0.078956 -0.069389 0.014281 -0.104702 -0.000075 0.228933 0.067961 -0.017791 -0.041904 -0.211597 0.006151 -0.172092 0.125686 -0.000025 -0.239442 0.153187 -0.186802 0.000009
0.000131 0.273525 -0.251342 -0.047577 0.233236 -0.142206 0.000048 0.063753 0.045010 0.029615 0.116084 -0.000334 0.000185 0.209723 0.170029 -0.011564 -0.058815 0.153582 0.318724 0.000168 -0.309191 -0.064163 0.410916 -0.069499 0.172596 0.071230 0.070676 0.126049 -0.000030 0.013654 -0.411541 0.410999 0.000079
0.000035 0.240556 0.023873 -0.231996 -0.333039 0.311955 0.000030 0.090331 0.021818 0.052792 0.027622 0.000028 -0.000040 0.025872 0.231570 -0.300066 -0.058466 -0.030737 0.021191 0.000031 0.428667 -0.026445 0.165292 -0.275586 0.271874 0.037048 0.061263 -0.067042 -0.000041 -0.020617 0.270634 0.007550 0.000034
-0.000072 -0.165422 0.016938 0.036549 -0.315167 0.217630 -0.000099 -0.233229 0.021422 -0.059503 -0.096650 0.000122 0.000109 0.492888 0.290234 0.019707 -0.043872 0.165776 -0.136732 0.000087 -0.138876 -0.060011 -0.104070 0.090456 -0.228952 0.041686 0.112647 0.159770 -0.000044 0.372063 0.174150 0.082072 -0.000082
-0.000065 -0.054634 0.087358 -0.034502 0.294344 0.577824 0.000044 -0.178639 0.012039 0.197536 0.046312 -0.000042 -0.000019 -0.156842 -0.079688 0.246762 -0.091721 0.154305 0.219287 0.000010 0.170503 -0.090753 -0.232619 0.569069 -0.141734 0.013037 -0.274455 0.130259 0.000029 -0.019263 -0.031274 -0.299581 0.000052
0.000033 0.180117 -0.035619 0.321758 0.292178 -0.102640 -0.000009 -0.169600 0.010066 -0.004732 0.023658 0.000137 -0.000062 -0.067077 -0.357445 0.061436 -0.321146 -0.084131 0.260316 0.000069 -0.017549 0.082606 -0.329651 -0.430244 0.093818 0.022061 -0.004313 -0.108295 -0.000027 0.031767 0.377941 0.013773 -0.000123
0.000120 0.051253 -0.415965 0.135254 0.355068 0.036287 0.000039 -0.066059 0.013244 -0.190263 -0.582297 0.000071 0.000160 0.068588 -0.369242 -0.090536 0.175448 0.147163 0.093448 -0.000064 -0.037555 -0.153712 -0.248899 0.155066 -0.393125 0.023969 -0.337160 -0.124379 -0.000022 -0.084918 -0.233981 -0.100342 0.000010
-0.000147 -0.454378 -0.158999 0.123603 0.145342 -0.205565 -0.000086 -0.024743 0.011039 0.257011 -0.318704 -0.000024 -0.000155 0.088794 0.129504 0.218604 0.000854 -0.325919 0.040416 -0.000472 -0.243461 0.532903 0.095482 -0.368269 -0.203924 0.023510 0.038071 -0.034151 -0.000030 0.153602 -0.001822 0.001861 0.000039
-0.000037 -0.039983 -0.174830 0.296023 0.025887 0.224166 -0.000022 -0.183021 0.049390 -0.217927 -0.144531 0.000073 -0.000054 0.087947 0.202794 0.223942 -0.288122 0.053472 0.252707 -0.000099 -0.339060 0.141977 0.556745 -0.033176 0.057976 0.075321 0.258210 0.208214 0.000000 -0.064803 0.278073 0.170059 -0.000427
-0.000103 0.136546 -0.325602 -0.145342 0.704534 -0.199205 -0.000111 -0.251163 0.044414 -0.353005 -0.147214 -0.000043 -0.000080 0.434769 -0.068897 -0.095771 -0.026944 0.341113 0.206978 -0.000159 -0.029725 -0.171722 -0.186809 -0.327353 -0.008833 0.069650 0.211039 0.013555 -0.000053 -0.343171 -0.009826 0.243413 0.000179
-0.000072 0.306575 -0.330983 -0.178304 -0.039794 -0.327523 -0.000076 0.018624 0.010761 -0.199698 -0.512265 0.000068 0.000081 -0.034215 0.028356 -0.096164 0.217071 -0.058212 -0.004152 0.000121 0.297066 0.059000 -0.047625 -0.416573 0.219996 0.028697 0.078766 -0.100054 0.000014 -0.011474 -0.183423 0.255087 0.000026
-0.000133 -0.108096 -0.018432 -0.173744 0.060663 -0.507652 -0.000138 -0.074255 0.014309 0.177803 0.090957 0.000134 0.000098 0.303311 -0.242450 0.194670 -0.080874 -0.129096 0.068807 0.000113 -0.072028 -0.113432 0.168986 -0.194821 -0.027368 0.031946 -0.015470 0.049602 0.000024 0.273161 0.510812 0.329410 0.000021
0.000019 0.286273 -0.205071 0.261801 0.181139 0.113795 -0.000110 -0.143585 0.030931 0.091412 0.018003 -0.000039 -0.000002 -0.059009 -0.312455 -0.188976 -0.152341 0.151065 -0.257451 0.000025 0.023470 0.286560 0.165207 -0.414136 0.029289 0.051355 0.012645 0.147483 0.000064 0.179377 0.001836 -0.117219 0.000117
-0.000031 -0.082233 0.087989 0.335675 0.113268 -0.119077 -0.000064 0.117111 0.045139 0.017561 -0.093042 -0.000034 0.000006 -0.207507 -0.102784 -0.261244 -0.250447 -0.196394 -0.024407 0.000031 0.227345 -0.002562 0.090947 0.013841 0.059575 0.068064 -0.363094 -0.230988 0.000014 -0.237762 0.195781 0.127402 -0.000276
0.000011 0.028284 -0.151515 0.056980 -0.080590 -0.025316 -0.000047 -0.000953 0.016272 -0.316698 -0.336079 -0.000005 -0.000074 -0.039807 -0.047565 -0.105967 0.191212 -0.031572 0.227079 -0.000060 0.121374 0.046292 -0.129651 -0.184681 -0.240765 0.035057 0.068328 0.040257 0.000022 -0.276066 -0.265758 -0.017967 -0.000372
-0.000104 0.029465 0.257984 0.239624 0.208514 -0.215714 -0.000074 -0.057605 0.040653 -0.381676 0.136520 -0.000094 0.000029 0.035295 -0.245680 0.199997 -0.521441 0.003200 0.009674 0.000143 0.367074 0.021663 -0.117363 -0.039362 0.227866 0.065777 0.168210 0.251657 -0.000033 -0.321507 -0.341878 -0.244150 0.000045
-0.000008 -0.255662 -0.032090 0.125581 -0.224352 -0.145617 0.000110 0.108354 0.030653 -0.039127 -0.066317 -0.000426 0.000111 -0.195943 0.485568 0.293207 -0.013694 0.253113 0.106744 0.000036 0.041417 0.138722 0.145364 -0.116460 0.053889 0.054851 -0.070791 -0.157778 0.000059 0.215863 0.022475 -0.155461 0.000048
0.000049 -0.136677 -0.378345 0.092104 -0.072675 -0.231344 -0.000028 -0.022403 0.028084 0.018576 -0.021782 -0.000056 -0.000116 0.159671 -0.086344 -0.050639 -0.128323 -0.145521 0.013208 0.000198 0.049493 0.218118 0.130561 -0.660144 -0.028357 0.052807 -0.121231 0.561430 0.000012 0.035312 0.043573 -0.191973 -0.000023
-0.000037 -0.101836 -0.066446 0.023391 -0.339373 0.202285 -0.000016 -0.083126 0.043308 0.008683 -0.100223 0.000078 0.000091 0.202905 0.228669 -0.075724 -0.209746 -0.222260 -0.054845 0.000315 0.095706 0.106900 0.092480 -0.100351 0.213949 0.062810 0.309408 0.163731 0.000017 0.183292 -0.141988 -0.042002 -0.000220
0.000034 0.230670 0.038856 0.143433 0.023131 0.250255 -0.000116 -0.226234 0.047992 0.057772 0.135436 0.000020 0.000055 -0.123635 -0.243726 0.043965 0.140211 0.305096 0.110374 -0.000082 0.256628 0.182315 0.154268 0.248010 -0.276712 0.075230 0.136371 -0.141478 0.000007 0.174097 0.053519 0.103961 -0.000088
0.000075 0.306780 0.193454 -0.148814 0.232262 -0.066401 0.000021 -0.009032 0.006092 -0.012055 -0.007113 -0.000073 0.000164 -0.172292 0.274495 0.095122 -0.231046 -0.085720 0.100889 -0.000064 0.317514 -0.263965 0.299213 -0.171714 0.050251 0.018788 0.057855 -0.497994 0.000060 -0.179427 0.300488 0.255684 0.000375
-0.000057 -0.036693 0.026833 0.208789 0.512147 0.001214 0.000044 0.171437 0.041657 0.034265 0.192105 0.000037 -0.000099 -0.412300 0.112243 0.216070 -0.052959 -0.256296 0.066260 0.000373 -0.130275 -0.319922 0.168051 0.117340 -0.028141 0.065377 -0.199530 0.062492 -0.000005 0.159167 -0.052042 0.159219 -0.000264
-0.000103 0.035284 0.239070 0.321124 -0.083557 0.025710 0.000001 0.130684 0.077778 -0.336519 0.372986 0.000176 -0.000094 -0.126989 0.133852 0.029924 -0.059264 -0.158870 0.077959 0.000026 -0.126821 -0.229709 -0.040475 0.013430 0.144680 0.115770 -0.151095 0.098147 0.000027 0.186657 -0.026293 -0.016031 0.000021
0.000009 0.165982 0.171899 -0.001696 -0.005514 -0.141125 -0.000013 0.115515 0.085356 -0.484858 -0.009928 0.000049 -0.000189 -0.028850 -0.253792 -0.116865 -0.280133 0.149144 -0.148358 0.000134 0.184582 0.109290 -0.094801 0.010984 0.063516 0.128779 0.099867 -0.163324 0.000011 0.088078 -0.166092 -0.291232 0.000083
0.000113 0.104118 0.279874 -0.149432 0.062739 0.056100 0.000045 -0.021953 0.021441 -0.286293 0.017246 -0.000064 0.000068 -0.314821 -0.468649 -0.205612 -0.184050 -0.067077 0.080463 0.000152 -0.297897 0.038959 0.315686 -0.160899 0.389551 0.042350 0.411517 0.371881 -0.000017 0.056216 -0.090275 -0.037382 -0.000067
-0.000034 -0.224291 0.340074 -0.212301 0.021397 0.075220 -0.000055 -0.083363 0.059101 0.073859 0.141535 0.000046 0.000052 0.043234 -0.041274 -0.093854 -0.157074 -0.119271 0.035611 0.000212 0.265483 0.150637 0.204340 -0.490870 0.027677 0.085478 -0.132496 0.140957 0.000003 0.118355 -0.201764 0.314467 -0.000060
-0.000063 0.073673 -0.140750 -0.193423 0.023375 -0.085251 0.000054 0.176416 0.015716 0.038232 0.264984 0.000344 -0.000011 -0.064867 0.090409 -0.284876 -0.118890 0.159672 0.223722 0.000001 0.467470 0.113672 -0.024308 0.041786 0.113957 0.038547 -0.125147 0.103573 -0.000026 0.168887 -0.194662 -0.140701 0.000109
-0.000104 -0.067201 -0.382783 0.415168 -0.062325 -0.505198 0.000067 -0.013018 0.084682 0.035824 0.064228 -0.000049 -0.000092 -0.097358 0.142805 -0.093380 0.108790 0.213513 0.026950 -0.000100 -0.056815 -0.241910 -0.071070 0.358788 -0.229967 0.129651 -0.151017 0.042667 0.000031 -0.310193 0.319390 0.267299 -0.000025
-0.000021 -0.006210 0.119061 0.277649 0.063388 0.241152 0.000038 0.027942 0.008744 -0.056902 0.110157 0.000134 0.000063 0.161567 -0.072869 -0.071555 0.006340 -0.019598 -0.182371 -0.000076 0.309354 -0.165576 0.035516 -0.102911 0.168751 0.023467 -0.339932 -0.501248 0.000027 0.076439 0.061848 0.071400 0.000024
0.000024 -0.097222 -0.232086 0.318718 0.041887 -0.133382 0.000041 0.060041 -0.000228 -0.320664 0.347245 0.000149 0.000134 -0.371989 -0.086195 0.279617 0.049848 -0.045324 0.211993 0.000141 -0.063401 0.370579 0.485111 -0.138955 -0.247634 0.000975 0.079912 0.080816 -0.000018 0.051641 0.254928 0.080703 0.000069
0.000025 -0.177405 0.304894 0.018205 0.458282 0.102190 0.000010 0.237633 0.018887 -0.053842 0.477632 0.000059 -0.000005 0.085321 0.285754 -0.193693 0.061366 -0.153032 0.128489 -0.000043 -0.255269 0.240522 -0.119659 -0.270439 0.373247 0.026046 0.195958 -0.246231 0.000011 -0.291986 0.165304 -0.019626 0.000037
0.000031 -0.042336 0.139754 -0.239258 0.003033 -0.129150 0.000031 -0.016149 0.032336 0.014546 0.240523 0.000330 0.000057 -0.236807 0.113504 0.082439 -0.042237 -0.239094 -0.038403 0.000155 0.447536 -0.132538 0.177050 -0.184924 -0.168513 0.051907 -0.053736 0.111994 0.000027 -0.293300 0.065473 -0.108312 -0.000043
-0.000102 -0.307610 0.479316 -0.463918 -0.012903 -0.115917 -0.000030 -0.011763 0.008909 -0.123900 0.204666 -0.000008 0.000012 0.299586 0.536038 -0.138735 -0.253274 0.248576 0.198083 0.000113 -0.137226 -0.188515 0.162233 -0.041942 -0.129379 0.021952 -0.294640 0.056064 0.000047 0.340358 -0.320173 0.371215 0.000082
-0.000109 0.112504 0.223010 -0.059318 -0.060160 -0.000046 -0.000010 0.002183 0.058633 0.644660 0.057265 -0.000076 -0.000103 0.149306 -0.267210 -0.065512 -0.030347 -0.003191 -0.191770 0.000210 0.463990 -0.016587 -0.158974 0.112682 -0.004003 0.086165 -0.146698 0.040686 -0.000026 0.224793 0.390086 0.263784 0.000082
-0.000020 0.024701 -0.050241 -0.063228 0.126508 -0.180498 -0.000017 -0.020978 0.018583 0.215743 0.040367 0.000066 -0.000060 0.131265 -0.381075 -0.343020 0.298101 -0.135929 0.027209 0.000027 0.145116 0.011799 0.042003 0.289442 0.025130 0.035947 -0.065685 -0.087557 -0.000019 -0.498988 -0.056793 -0.059891 -0.000013
0.000042 0.363925 -0.103236 -0.051387 0.186672 0.189094 0.000052 0.012852 0.039547 -0.001137 0.308822 -0.000066 -0.000094 0.166145 -0.100268 0.041721 0.363234 -0.050009 -0.002948 -0.000219 0.368885 -0.028546 -0.191894 0.120064 -0.155275 0.061396 0.105736 -0.140914 -0.000010 0.114513 0.125671 0.426022 0.000024
0.000067 -0.568486 0.127112 0.200318 0.247150 0.073498 -0.000024 0.040894 0.044548 0.211326 -0.048306 0.000143 -0.000099 -0.151258 0.032788 0.189601 0.063714 0.195590 -0.316956 0.000295 0.384817 0.065426 -0.050276 0.269392 0.437651 0.071602 0.009379 -0.089206 0.000035 0.109338 -0.046296 -0.093820 -0.000134
-0.000075 -0.047355 0.175558 0.007809 -0.021024 0.366585 0.000070 0.054155 0.023219 -0.207760 -0.192598 -0.000033 -0.000189 -0.078609 -0.126323 0.196236 0.096456 -0.213894 -0.424813 -0.000066 -0.135212 0.109668 0.420126 0.365518 0.113978 0.043256 -0.016258 -0.558892 -0.000016 -0.092014 0.035026 -0.106526 0.000197
-0.000004 0.059382 0.031652 -0.350003 0.271909 -0.045820 0.000060 0.019585 0.028834 -0.044605 -0.304004 -0.000065 0.000076 0.040295 0.284558 0.269829 0.203918 0.068359 0.326389 -0.000038 -0.229695 0.139253 0.275133 -0.236262 -0.237763 0.047184 0.028422 -0.173256 0.000024 -0.207997 -0.221480 -0.238632 0.000164
-0.000028 0.187359 0.235357 0.037633 -0.041012 0.143004 0.000011 0.208111 0.046871 0.030673 0.127730 0.000016 0.000152 -0.147263 -0.176828 0.028805 0.230229 -0.031812 0.357041 -0.000111 -0.324074 0.048089 0.205092 -0.083977 0.058727 0.072192 0.118853 -0.173361 0.000108 0.356596 0.158189 0.367461 -0.000223
-0.000096 0.494605 0.061218 0.247933 -0.006662 0.177310 0.000027 0.013084 0.009962 -0.030067 0.007533 -0.000204 -0.000090 0.095084 0.335625 0.129032 0.004205 -0.001800 0.209529 -0.000037 0.581924 0.038898 -0.100137 0.041912 -0.145778 0.014059 0.078299 -0.104658 -0.000040 0.110676 -0.245906 0.625801 -0.000056
-0.000027 0.055941 -0.028267 0.110872 0.282591 -0.001231 0.000022 0.022260 -0.000709 0.010765 -0.092274 0.000065 -0.000047 0.173995 0.202867 0.016853 -0.246702 -0.050269 -0.170631 0.000377 -0.175417 -0.197566 0.070295 0.036001 -0.254553 -0.001077 0.013260 0.247105 0.000014 -0.054743 -0.272912 -0.066704 0.000012
0.000028 -0.225416 0.010765 -0.012308 0.011304 -0.039064 0.000015 -0.000432 0.026718 0.200131 -0.231957 -0.000157 -0.000047 -0.028343 -0.001772 0.015951 0.252731 0.160665 -0.214288 -0.000050 0.351143 0.351980 -0.019800 -0.186657 0.019773 0.043490 0.098791 0.082464 -0.000069 -0.382171 -0.061877 0.117166 -0.000188
-0.000077 0.132175 0.073624 0.332248 0.081668 0.218601 0.000009 -0.025575 0.073082 0.115046 -0.196884 0.000157 -0.000018 -0.104223 0.219141 0.004165 -0.418014 0.067886 0.060758 0.000186 -0.211780 0.337246 0.246552 0.338115 0.063122 0.109599 0.017151 0.077471 0.000066 -0.294165 -0.307459 -0.123800 0.000302
0.000108 -0.119861 -0.049237 0.300135 -0.352832 -0.007657 -0.000011 -0.166503 0.033172 -0.372654 -0.363675 -0.000087 0.000036 0.274458 0.015512 0.004819 -0.420398 0.392871 0.050702 -0.000120 0.082318 0.128792 -0.224958 0.206733 0.255477 0.058567 0.246801 -0.184261 0.000017 0.180820 -0.304594 -0.002905 0.000054
0.000055 -0.356736 0.131669 0.286083 0.464557 -0.026273 0.000051 -0.160625 0.019166 -0.065361 -0.050966 0.000012 0.000152 -0.422475 -0.439536 0.012402 0.604055 0.082570 -0.330624 0.000075 -0.353399 0.019355 0.409088 0.061131 -0.303979 0.032755 0.145438 0.050650 0.000027 0.298275 0.116507 -0.092051 -0.000393
-0.000002 -0.034477 -0.030191 -0.230351 0.130736 -0.105924 0.000038 0.158841 0.010282 -0.241969 -0.342531 -0.000137 -0.000098 -0.150331 0.167105 -0.170351 -0.076976 0.101322 -0.178430 0.000166 0.421383 0.014728 0.194467 -0.047238 -0.177918 0.014526 0.487681 -0.168538 0.000082 -0.128377 -0.035094 0.047956 0.000251
-0.000233 -0.170366 0.026066 -0.068820 -0.234368 -0.290266 0.000009 -0.002517 0.024862 -0.325218 -0.142747 0.000289 0.000199 -0.127056 0.115085 -0.234425 -0.282208 -0.263368 0.154926 0.000163 0.356327 0.205405 -0.100170 0.039178 0.079742 0.045686 0.264243 -0.215665 0.000005 -0.067949 0.468278 -0.194633 -0.000243
-0.000035 0.428715 -0.074733 -0.021944 -0.293145 -0.152969 -0.000018 0.129568 0.047475 -0.456932 0.155844 -0.000126 0.000182 0.007410 -0.019642 0.193463 -0.008320 -0.018986 0.008098 -0.000148 0.234535 -0.350263 0.316683 -0.047842 -0.243643 0.077325 0.325432 0.114814 -0.000016 0.158286 -0.020715 -0.007559 -0.000019
-0.000108 -0.062346 0.056083 0.153334 -0.023604 0.024277 0.000021 -0.064510 0.008862 -0.014480 -0.200604 -0.000054 0.000248 -0.147909 -0.198565 0.151456 -0.269017 0.070678 0.172242 -0.000112 0.000421 0.049591 -0.195441 -0.082815 -0.215612 0.017814 -0.251322 0.240212 0.000026 0.003958 0.022798 -0.017712 0.000065
-0.000101 -0.474820 0.183685 0.215007 0.154179 -0.021607 0.000019 0.057908 0.030715 0.017269 -0.140945 -0.000010 0.000180 0.083462 0.185636 -0.035448 0.016816 -0.039750 0.085726 0.000055 -0.059776 0.009365 -0.018902 0.362481 -0.038331 0.051908 -0.002024 0.143614 -0.000021 0.209152 -0.140241 0.088546 -0.000195
-0.000031 -0.206077 0.317177 -0.000542 0.206218 -0.439296 0.000102 0.131672 0.062001 0.093655 -0.159489 -0.000058 -0.000138 -0.071918 0.369737 -0.105814 0.074360 0.278678 0.223914 -0.000032 -0.322328 0.063810 0.266478 0.114926 0.051779 0.094663 0.227925 -0.372556 -0.000027 -0.139726 0.130239 0.418250 -0.000133
0.000148 0.288600 0.272982 0.130673 -0.470800 -0.040613 -0.000053 0.108744 0.059282 0.490587 0.105748 -0.000034 -0.000100 0.191217 -0.006268 -0.117189 0.256202 -0.035668 0.040114 -0.000006 0.198516 0.006759 0.066956 -0.007003 0.194187 0.091704 -0.000493 -0.086042 0.000114 -0.347494 -0.043632 -0.218934 0.000136
-0.000101 -0.315536 -0.674198 0.143095 0.255749 0.003215 0.000010 0.077442 0.042498 0.204908 0.004180 -0.000150 -0.000037 -0.035377 0.057470 -0.389642 0.143006 -0.184257 -0.019110 0.000014 -0.187927 -0.014662 0.130474 0.284708 -0.020022 0.070527 -0.116308 -0.336786 -0.000020 0.244374 0.344195 0.008119 0.000228
-0.000082 -0.116334 -0.007179 0.228343 -0.136626 -0.005184 0.000025 -0.116852 0.001885 0.220429 0.360608 0.000027 0.000043 0.110408 0.010341 -0.225215 -0.260072 -0.141274 -0.001461 0.000437 0.150156 -0.131102 -0.132479 -0.072459 0.383540 0.011237 -0.643732 0.370305 0.000011 -0.154259 -0.009873 0.157678 0.000020
0.000216 -0.107832 -0.058121 0.018327 -0.051388 0.298435 0.000069 -0.101686 0.027987 0.295907 -0.106670 0.000049 -0.000012 0.074329 0.221739 0.029732 0.004571 -0.142485 -0.092046 -0.000024 0.221235 0.339133 -0.214912 -0.017384 0.215186 0.047993 -0.053268 -0.076358 -0.000013 -0.141125 0.224876 0.290071 -0.000024
-0.000057 -0.044493 0.003425 0.403569 -0.056761 0.188162 -0.000061 -0.097635 0.012550 -0.054015 0.143254 -0.000007 -0.000050 -0.238822 0.094659 -0.100081 -0.110307 0.381409 -0.090590 0.000058 0.469492 -0.136810 0.016530 -0.093414 -0.065600 0.024804 -0.243331 -0.000459 -0.000016 -0.124594 0.000908 -0.103066 -0.000238
-0.000041 0.149982 0.110810 -0.164270 -0.114028 0.234533 -0.000034 0.222483 0.024342 0.039277 -0.452832 0.000012 0.000101 0.040568 -0.042702 -0.008693 0.219341 0.162214 -0.087277 0.000130 0.073534 0.111884 -0.182706 -0.435805 -0.173103 0.042558 -0.228076 0.246181 -0.000026 -0.108640 0.000924 -0.441833 0.000238
0.000000 -0.339026 0.172907 -0.012252 -0.223074 0.101737 0.000073 -0.043251 0.000920 -0.012187 0.105904 0.000028 -0.000047 0.337321 0.085789 -0.265807 -0.278211 -0.250091 -0.347431 -0.000207 0.409808 -0.170099 -0.098068 0.089799 -0.020023 0.003278 0.035121 -0.012157 0.000012 0.086555 0.168691 -0.252008 -0.000054
-0.000004 -0.027708 0.261765 0.360236 0.034450 -0.248251 -0.000056 -0.102344 0.050618 -0.030347 0.484767 -0.000054 -0.000044 -0.416899 -0.090897 -0.112184 0.336416 -0.095955 -0.061516 0.000004 -0.185299 -0.331517 0.031588 0.302356 -0.081338 0.075397 0.124484 0.060917 0.000046 0.003391 -0.017128 -0.022295 -0.000136
-0.000051 -0.273290 0.191347 -0.111200 0.323313 0.308980 -0.000040 -0.116337 0.034025 -0.345107 -0.182419 0.000000 0.000119 -0.023524 -0.134431 -0.166256 -0.202533 0.255029 -0.163248 0.000154 0.018780 -0.259720 0.490453 0.368408 -0.212868 0.058591 -0.018700 0.021719 -0.000035 -0.215220 -0.004834 -0.094571 0.000061
-0.000029 -0.387393 0.223599 -0.151269 -0.096759 -0.143850 0.000051 0.010632 0.044693 -0.286243 0.028296 0.000045 0.000023 -0.058150 0.131790 -0.036715 0.008157 0.149539 -0.355289 0.000097 -0.106631 0.434722 0.006335 0.011863 -0.047963 0.070450 0.131721 0.157167 0.000114 0.284020 0.096813 0.109833 -0.000192
-0.000051 0.115142 0.019906 -0.162081 0.237731 -0.090370 0.000025 0.160699 -0.002054 -0.091130 0.035548 0.000071 -0.000058 -0.171498 -0.047920 -0.307530 0.128549 -0.178988 0.165124 -0.000023 -0.132705 0.285895 0.064256 0.161512 0.062568 -0.002273 -0.284655 0.350644 -0.000026 -0.262701 -0.467953 0.409086 -0.000129
0.000057 0.176266 0.173641 -0.028418 0.014908 0.341524 -0.000204 0.015634 0.012511 0.257657 -0.091672 0.000032 -0.000094 0.036750 0.017678 -0.056482 0.088172 -0.150992 0.196751 0.000036 0.104143 -0.149926 -0.179793 0.103153 -0.220783 0.022020 0.250938 0.340445 0.000022 0.054049 0.156800 0.242585 0.000099
-0.000041 0.370846 0.045080 -0.075009 -0.544598 -0.010450 -0.000059 0.008222 0.023178 -0.172236 0.128240 -0.000074 -0.000165 -0.115547 -0.093763 0.394024 0.181631 -0.084666 0.212078 0.000055 -0.015609 0.270651 0.104911 -0.018701 -0.165437 0.040186 -0.155634 -0.039171 0.000009 0.295593 -0.078357 0.140522 0.000003
-0.000077 -0.097620 0.046432 0.137115 -0.074087 -0.248211 -0.000021 -0.094444 0.052083 0.221114 -0.044370 -0.000168 0.000050 0.001131 -0.050485 0.186184 0.020691 -0.406988 0.063452 -0.000046 -0.313950 -0.295269 0.332058 0.034653 -0.224449 0.084624 -0.095888 -0.048538 0.000036 0.485807 0.071063 0.104403 -0.000323
-0.000086 -0.056312 0.439475 -0.227291 0.277180 0.128710 0.000045 -0.108063 0.051018 -0.001170 -0.280803 0.000068 0.000061 0.199485 0.095260 0.088098 0.012180 -0.111448 -0.299562 0.000100 -0.101095 0.183905 -0.230263 -0.067779 -0.217239 0.080832 0.098103 -0.305563 -0.000067 0.203369 0.138717 0.185588 -0.000151
-0.000050 -0.017470 0.025727 0.284270 -0.156772 0.021745 0.000061 -0.045727 0.062149 -0.111751 0.012869 -0.000061 -0.000019 -0.037564 0.061891 0.092698 0.258679 0.234563 -0.344728 0.000161 -0.035326 0.035911 -0.160699 -0.292948 0.017769 0.097428 -0.584752 0.213830 -0.000055 -0.019162 0.073486 0.142005 0.000118
-0.000083 -0.383409 -0.008907 0.055496 -0.022576 0.017187 0.000232 -0.139078 0.025708 -0.033513 0.032165 -0.000053 0.000083 0.153656 -0.086119 -0.259329 0.246800 -0.103119 0.013544 -0.000006 -0.080883 0.182530 0.091420 0.039383 0.322153 0.045011 -0.291316 -0.339707 0.000041 -0.182016 -0.080763 -0.017654 -0.000052
0.000069 -0.059153 -0.039342 -0.122121 -0.519471 -0.216833 -0.000010 -0.080785 0.000810 -0.237188 -0.051381 0.000216 0.000040 0.282438 0.058302 -0.126072 0.163766 -0.106878 0.107753 0.000051 -0.214919 -0.053728 0.357531 0.464866 -0.019604 0.000954 -0.240877 -0.181865 0.000024 -0.188376 -0.556367 0.125874 0.000068
0.000044 0.071776 -0.170257 -0.261446 0.217485 -0.051225 0.000023 -0.279744 0.035513 0.240581 0.127779 -0.000125 -0.000187 -0.076697 -0.327473 -0.227460 -0.069912 -0.060490 0.296102 0.000096 -0.047019 0.067326 -0.248002 -0.105688 -0.077055 0.055765 -0.076322 0.089393 0.000045 0.058751 0.172183 -0.410376 0.000110
0.000009 0.128784 0.157134 0.035473 -0.335196 0.373286 0.000066 0.181367 0.008595 -0.123639 -0.058109 0.000007 0.000014 -0.111685 0.471956 -0.232498 -0.009739 0.302592 -0.044747 0.000126 -0.008980 0.171004 -0.161361 0.135986 0.062335 0.019067 0.216975 -0.043679 -0.000016 -0.035169 0.118883 0.081355 -0.000077
0.000242 0.090879 -0.054772 -0.218722 0.147052 -0.008729 -0.000212 0.099642 0.053263 0.062990 -0.414873 0.000007 -0.000059 0.159744 -0.002801 -0.203096 -0.145308 0.227454 -0.224601 -0.000186 0.068037 0.069144 0.240336 -0.140325 0.175830 0.087372 -0.115532 0.499600 -0.000038 0.267681 -0.288827 0.371874 0.000158
0.000074 0.433985 0.338385 0.024686 0.057461 -0.307080 0.000059 -0.037782 0.002286 0.121672 -0.067959 -0.000062 -0.000099 0.037203 -0.287592 -0.184890 -0.071147 -0.003755 -0.217677 0.000044 -0.175880 0.015498 -0.306585 0.045553 0.231997 0.005972 0.038936 0.050385 0.000032 -0.175200 0.172881 0.354594 -0.000104
0.000077 -0.110594 0.026132 -0.018299 0.236994 -0.118809 -0.000077 0.031058 0.028442 -0.113645 0.009354 0.000063 -0.000093 0.223659 0.148133 0.081120 0.148695 0.029512 -0.322438 0.000034 0.001484 -0.048119 0.175734 0.126623 0.105665 0.054922 0.010291 0.065610 0.000035 -0.170141 -0.316066 -0.269324 -0.000158
0.000031 -0.254931 0.126526 0.127560 -0.078167 0.067949 -0.000070 0.153517 0.006458 -0.610210 0.005717 0.000083 -0.000000 0.106482 -0.316634 0.133299 0.374080 -0.081345 0.103867 -0.000050 -0.086253 -0.015477 -0.039366 0.080071 0.042589 0.012960 0.137393 -0.277166 -0.000005 0.026464 0.069201 -0.124251 0.000110
-0.000068 -0.148017 -0.025081 0.025935 0.224359 0.173426 0.000108 -0.008791 0.017630 -0.096238 -0.127616 -0.000034 0.000089 0.311539 -0.314261 0.061277 0.316985 -0.038978 0.194226 0.000165 -0.012816 -0.328378 0.030862 0.003882 0.131509 0.032430 0.241901 0.087836 -0.000019 -0.183368 0.203506 0.077234 0.000259
0.000056 -0.116276 -0.513750 0.190189 -0.152406 -0.104469 0.000043 -0.154686 0.005371 0.160518 -0.085754 0.000173 0.000148 -0.006139 0.391301 0.037234 0.213635 -0.144987 0.114706 0.000120 0.040911 -0.063548 0.100679 0.038285 0.082993 0.005715 0.274102 0.044939 -0.000022 0.038365 -0.186051 0.021275 0.000290
-0.000011 -0.007727 -0.251741 0.055043 -0.213297 -0.134549 0.000174 -0.247149 0.005895 0.125334 0.269764 -0.000044 -0.000024 -0.123789 0.000796 0.052001 0.162604 -0.188479 -0.258551 0.000111 0.350722 -0.265066 -0.405387 -0.193976 -0.154930 0.020437 -0.365833 0.376430 0.000033 -0.345626 -0.010328 -0.194629 -0.000023
-0.000056 0.292217 0.187010 0.323844 -0.003487 -0.347085 0.000021 -0.352047 -0.002344 -0.127849 0.187317 0.000162 0.000171 -0.186575 0.065593 0.196226 0.054698 -0.042309 -0.238219 0.000095 -0.036436 0.009773 -0.083993 0.403934 -0.255535 0.000097 -0.004682 0.019503 0.000079 -0.188865 -0.030426 -0.034850 -0.000167
-0.000007 -0.146278 -0.026733 -0.013227 0.177099 0.005813 -0.000000 0.113691 0.014744 -0.287306 0.277516 -0.000055 -0.000168 0.188442 0.444338 -0.111360 -0.022863 0.254234 -0.074894 -0.000112 -0.224659 0.153079 -0.280399 0.037113 -0.437695 0.030456 -0.220994 0.161539 0.000015 0.079708 0.106602 -0.234249 -0.000088
-0.000046 -0.132845 0.228554 0.072622 -0.230766 0.064677 -0.000024 -0.074276 0.013542 -0.162086 0.374714 0.000114 -0.000047 0.108006 0.066063 0.058723 -0.312201 0.004477 -0.022399 -0.000103 -0.340382 0.178484 -0.194195 0.141535 -0.259726 0.028650 -0.012277 0.282538 0.000108 0.429611 0.119910 -0.334099 0.000155
0.000008 -0.283282 0.323970 0.056769 0.075121 0.240824 0.000089 -0.002096 0.030256 0.001588 -0.291282 0.000167 0.000074 -0.125132 -0.002797 -0.011945 0.144559 -0.078133 -0.029733 -0.000036 -0.358838 -0.122465 0.291594 0.010010 0.067204 0.050608 0.196885 -0.001287 0.000038 -0.120832 0.261927 0.068159 -0.000393
-0.000133 0.131548 0.301341 0.236689 -0.452802 0.107474 -0.000102 0.108676 0.023096 0.006194 0.358268 0.000116 0.000018 -0.038324 0.052351 -0.051559 -0.001800 0.100482 0.176971 -0.000052 -0.015784 -0.307529 0.078116 -0.067424 -0.008941 0.044445 0.030434 0.072074 -0.000035 0.089637 0.052458 -0.251309 -0.000139
0.000085 0.053417 0.130037 0.004914 -0.479598 0.043079 0.000072 -0.261325 0.010313 0.004215 -0.049380 -0.000026 0.000135 -0.087165 -0.056244 -0.237784 -0.002772 -0.012014 0.312178 0.000080 -0.202746 0.128899 0.199668 -0.009662 0.058300 0.023876 -0.264539 -0.144692 -0.000026 0.000764 -0.002245 -0.007138 -0.000021
0.000020 0.396122 0.114891 -0.209729 -0.278717 -0.130361 -0.000046 0.013715 0.027798 0.110956 0.168414 -0.000078 -0.000093 -0.445771 -0.118980 -0.321709 0.257850 -0.045051 -0.356364 0.000303 0.480584 0.193291 0.081275 0.088289 -0.282838 0.048006 0.166435 -0.087965 -0.000061 -0.068578 -0.228566 0.050354 -0.000199
0.000042 0.155913 -0.207994 -0.005508 -0.109621 0.271538 0.000051 0.084903 0.017599 0.049689 -0.192792 -0.000226 -0.000143 -0.028225 0.082210 0.086804 -0.044244 0.145061 0.154087 -0.000046 0.097101 0.196397 0.149263 0.030174 -0.163561 0.032673 -0.236634 -0.223575 0.000015 -0.127830 0.298290 -0.067731 -0.000054
0.000027 0.131665 -0.208991 -0.084023 0.052326 0.169620 0.000043 0.031223 0.015131 -0.443377 -0.028912 0.000128 0.000082 0.063366 0.362947 -0.004001 -0.266966 -0.169441 0.176421 0.000001 0.105991 0.073017 0.045783 -0.178582 -0.100029 0.033590 0.067633 0.048251 -0.000035 0.007978 0.103608 -0.200361 0.000139
0.000030 0.004439 0.284261 -0.286352 -0.248760 0.051771 -0.000031 -0.079192 0.034548 -0.015203 -0.059331 0.000034 -0.000089 -0.069292 0.404816 0.366113 0.079491 -0.078015 0.236150 -0.000137 -0.155823 0.143173 -0.208612 0.247990 -0.088377 0.057673 -0.403323 -0.205616 -0.000005 -0.083455 0.309027 0.073808 0.000099
-0.000243 0.056081 -0.082460 -0.331390 -0.112420 -0.296021 -0.000061 -0.273072 0.019235 -0.072658 0.168610 -0.000105 -0.000128 0.007553 -0.005251 0.199033 -0.290968 0.008388 0.204318 0.000216 -0.163614 0.319247 -0.404856 0.203118 0.108440 0.038206 0.172186 0.151057 0.000000 0.165292 0.143686 -0.212819 0.000160
0.000063 0.240789 -0.059330 -0.121313 0.055237 -0.013919 -0.000084 -0.019746 0.048378 -0.006223 -0.084754 0.000101 0.000143 0.122964 -0.146116 0.252099 -0.022474 0.070860 -0.012439 0.000025 0.175487 -0.316169 -0.019561 -0.190046 0.091229 0.072306 -0.073225 -0.433659 0.000024 0.169776 0.114155 0.026524 -0.000076
-0.000037 -0.096727 0.034244 0.224636 -0.243840 0.138179 -0.000009 -0.067846 0.043447 -0.297843 -0.021645 0.000185 -0.000160 -0.246063 0.034555 0.339231 0.264843 -0.373455 0.076440 -0.000126 0.021006 -0.209877 0.607888 0.139125 -0.090495 0.068958 0.598872 0.173482 -0.000013 -0.162167 -0.127944 -0.006754 -0.000030
-0.000042 0.227617 0.062547 -0.168247 0.003927 -0.312755 0.000006 -0.005391 0.032676 -0.464357 0.199161 -0.000042 -0.000044 -0.173451 -0.467101 -0.105760 0.229701 -0.047579 -0.183655 -0.000049 -0.146731 0.336907 -0.003369 0.097625 0.184367 0.056979 0.341195 0.285614 -0.000062 0.004358 0.165133 0.079536 0.000246
0.000026 0.175234 -0.549453 -0.216581 0.292765 -0.095162 -0.000002 0.149496 0.066296 -0.037367 -0.034307 0.000149 -0.000064 -0.298323 -0.059771 0.251691 0.089738 0.034494 0.491407 -0.000088 0.073430 0.025915 -0.153949 -0.131321 0.139058 0.098236 0.001743 0.296356 -0.000002 -0.132568 -0.154032 -0.068645 -0.000239
-0.000015 -0.372794 -0.249648 -0.120131 -0.223060 -0.190800 -0.000030 -0.054314 0.040644 -0.109249 -0.254292 0.000075 0.000022 -0.231248 -0.078414 0.058413 0.217305 0.167799 0.054764 -0.000252 0.299544 -0.355202 0.127006 0.069254 -0.223768 0.069122 -0.415291 -0.032427 -0.000019 -0.099794 -0.117690 -0.224006 -0.000079
-0.000083 0.165090 -0.325950 -0.225758 0.376058 0.144312 -0.000142 0.264114 0.000396 0.123643 0.195134 0.000124 0.000132 -0.041181 -0.205277 0.023802 -0.078209 -0.417688 0.039041 -0.000072 0.507230 -0.076955 -0.161876 0.029539 0.013917 0.000522 0.092640 0.331216 0.000045 0.339517 0.016168 -0.191097 -0.000029
0.000011 -0.131740 0.303679 0.165141 -0.080692 0.152201 -0.000079 0.037601 0.027378 0.502449 -0.116449 -0.000068 0.000127 0.242239 0.126269 -0.039699 0.276990 -0.375399 -0.014628 0.000012 0.169684 -0.177027 -0.272572 0.037063 -0.216481 0.046722 -0.029331 -0.092130 0.000030 0.119759 -0.304074 -0.031866 0.000089
-0.000107 0.342930 0.089342 -0.113669 0.148124 0.041601 0.000045 0.067980 0.040716 0.122486 0.041234 -0.000128 0.000180 0.100440 0.038420 -0.184995 -0.058975 0.242783 0.044956 -0.000113 -0.167510 0.210350 0.024761 0.226451 0.256650 0.064489 0.455042 0.014961 -0.000031 -0.012604 0.117213 0.102817 0.000208
0.000069 0.285112 0.106718 0.106042 -0.104493 0.141097 -0.000002 0.218530 0.100284 -0.167402 0.030560 0.000097 0.000390 0.154355 -0.278376 -0.103434 -0.119068 -0.002947 0.100426 0.000096 -0.122263 -0.072202 -0.279644 0.369796 0.270279 0.145724 0.052947 -0.213656 -0.000078 -0.409638 0.576294 0.305872 -0.000166
0.000160 0.022817 -0.248443 0.385525 0.162645 0.240227 0.000060 0.258345 -0.007096 0.001100 -0.022145 0.000045 0.000035 -0.112899 -0.071967 0.230054 0.082063 -0.277262 -0.049386 0.000040 0.016626 0.185310 0.328094 0.283569 0.262897 -0.001564 -0.281305 0.167255 0.000041 0.026135 -0.148630 0.427104 -0.000034
-0.000025 -0.191413 -0.123096 0.248974 0.054851 0.208062 -0.000048 0.061603 0.012022 -0.249819 -0.210277 -0.000036 -0.000172 -0.200565 -0.098807 0.037343 0.256620 0.122705 0.265805 -0.000170 -0.173761 0.043530 0.184162 0.001464 0.069279 0.012952 0.150313 0.381250 0.000012 0.044075 -0.217450 0.288567 -0.000071
-0.000051 0.145337 -0.024040 -0.036174 -0.055092 -0.101761 0.000068 -0.125324 0.012535 0.376618 0.164584 0.000115 -0.000018 -0.021399 0.209460 -0.170825 -0.010669 0.257539 -0.279530 -0.000318 0.128120 0.046787 -0.185593 0.243596 0.356856 0.015843 -0.212538 -0.065489 0.000021 0.194671 -0.214271 -0.285798 -0.000160
0.000073 0.079806 -0.045554 0.030240 0.192893 -0.352254 -0.000052 -0.119677 0.018215 -0.045289 -0.005009 -0.000004 -0.000020 0.144260 0.028961 0.043007 -0.070562 0.233171 -0.195150 -0.000106 0.069160 -0.440722 -0.272650 0.228307 -0.011516 0.034810 -0.039014 0.286811 -0.000012 -0.211993 -0.047097 -0.006490 -0.000122
0.000026 -0.031583 -0.004503 0.226294 -0.138089 -0.076627 0.000018 -0.127635 0.025890 -0.121109 0.224252 0.000109 -0.000180 0.053186 0.140638 0.009794 0.143856 -0.008199 -0.006686 0.000225 0.006443 -0.200747 0.140121 -0.074549 0.002807 0.044743 0.000201 -0.199586 -0.000008 0.080272 0.098944 0.060459 -0.000041
0.000217 0.063115 0.567879 -0.342329 -0.117376 -0.149601 0.000047 -0.206633 0.025145 -0.101699 0.360462 0.000074 0.000232 -0.172049 0.355486 0.097088 0.189616 0.288661 -0.140295 0.000014 0.243527 -0.171895 -0.065546 0.007568 0.532145 0.041477 0.051296 -0.171773 -0.000026 0.015834 -0.281352 -0.043204 0.000045
-0.000017 0.078047 0.214432 0.098894 -0.069501 -0.100723 0.000038 -0.101498 0.012464 0.112206 -0.064353 0.000155 -0.000146 -0.028811 0.079406 -0.075940 0.110659 0.233439 -0.024536 -0.000177 -0.119627 0.014620 -0.006680 0.211441 0.193602 0.028988 0.237577 -0.310205 0.000082 0.266475 -0.018255 0.367575 -0.000002
-0.000064 0.025593 -0.087159 -0.164472 0.013699 -0.372232 0.000071 0.069834 0.018928 0.332314 0.098321 0.000166 0.000002 -0.308959 -0.404672 -0.298376 -0.182892 0.450627 0.194003 -0.000298 -0.128337 0.104819 0.280320 0.408026 0.024996 0.036988 -0.143629 0.379599 0.000057 0.417101 0.227871 0.295140 -0.000113
0.000036 -0.124859 -0.204187 -0.185397 0.210879 -0.348267 -0.000033 0.052026 0.077357 0.251190 -0.133667 0.000156 -0.000070 -0.080276 -0.276927 -0.176578 0.119574 0.235976 0.044195 0.000028 0.507898 0.479076 -0.200310 0.060128 0.015194 0.115908 0.093730 -0.128907 -0.000019 0.325912 -0.106479 -0.003082 0.000017
-0.000096 -0.152573 -0.204128 0.276208 0.163137 -0.308312 0.000033 0.118871 0.030323 0.020120 0.146007 0.000071 0.000059 0.295406 -0.087762 0.506414 0.171184 -0.047058 -0.438561 -0.000076 0.028457 0.042755 0.230352 0.209169 0.319722 0.049084 0.019709 0.014587 -0.000027 0.388410 -0.215561 0.015836 -0.000022
0.000001 -0.068035 0.255862 0.233737 -0.434046 0.006520 -0.000052 0.143697 0.019132 0.286032 -0.019055 -0.000231 0.000069 -0.297861 -0.156831 0.265696 0.065160 0.249890 0.154039 0.000005 0.228294 -0.234169 0.133003 0.033053 0.044525 0.031702 0.027278 0.251248 -0.000013 0.135261 0.290854 -0.074446 0.000142
-0.000119 0.282981 -0.181298 0.042153 -0.270861 -0.050030 -0.000052 0.388642 0.012289 -0.209716 -0.310739 -0.000097 -0.000040 -0.025236 -0.145979 0.311686 0.174202 -0.108138 0.131406 0.000059 0.269891 0.023015 -0.301342 0.146292 -0.063872 0.024443 0.107230 0.067526 0.000069 0.045292 0.021525 -0.443968 -0.000091
-0.000023 -0.049920 -0.104969 0.052621 -0.050824 -0.254006 -0.000198 -0.038504 0.019978 -0.123641 0.077966 -0.000035 0.000063 0.082045 0.179455 0.133661 -0.128419 -0.158749 0.109470 -0.000069 -0.209482 0.083527 -0.093465 -0.255760 -0.076579 0.035652 0.217049 0.017754 -0.000063 0.077854 0.344564 -0.176952 0.000047
0.000035 0.044945 0.321077 -0.268345 -0.148055 -0.236078 0.000059 -0.279162 0.006739 -0.347809 -0.087412 -0.000136 0.000106 0.151380 0.010493 0.090206 0.038548 -0.016506 -0.256766 -0.000016 0.446256 0.115380 -0.630156 0.236768 -0.088070 0.006774 0.219900 -0.371968 0.000018 -0.000930 -0.238880 -0.081535 -0.000047
0.000015 0.241705 -0.020379 -0.028563 0.151568 0.079861 -0.000051 0.250373 0.043875 -0.084882 0.054259 0.000009 0.000020 0.169227 0.469598 0.465135 -0.130545 -0.023288 -0.111941 -0.000058 -0.234295 0.201083 0.130120 -0.142394 0.050947 0.073662 -0.307798 0.001613 0.000014 -0.067551 0.149567 -0.289993 0.000121
0.000142 0.471876 -0.199819 0.135338 -0.072280 0.112126 0.000008 0.237214 0.062063 0.138922 0.056785 -0.000025 -0.000043 0.012597 0.067886 0.169589 0.152494 0.307470 -0.139492 0.000045 -0.011240 0.127089 0.022045 0.200190 0.262801 0.093373 -0.271870 -0.159254 0.000007 0.006413 -0.248666 -0.568687 -0.000027
0.000047 0.119566 0.095010 0.028365 -0.183165 -0.079893 -0.000041 -0.225378 0.028150 0.193086 0.063225 0.000013 -0.000351 -0.119294 -0.407018 0.098628 0.066079 0.239367 0.033390 0.000217 -0.164189 -0.217147 0.392022 -0.013505 0.145421 0.043110 0.091859 0.109545 0.000087 0.286662 0.042960 0.142089 0.000046
0.000011 -0.013687 0.192826 0.096105 -0.016861 -0.152334 -0.000060 -0.061604 0.003201 -0.094155 -0.499613 -0.000092 -0.000050 0.008159 -0.193640 -0.298778 0.073378 0.301265 0.019390 0.000050 -0.184345 -0.302702 0.045896 -0.289274 0.217462 0.009025 0.015819 0.124357 -0.000036 -0.119809 0.168319 0.019705 -0.000086
-0.000064 -0.108826 -0.181613 0.135008 -0.253472 -0.151025 0.000048 -0.088389 0.008082 -0.026237 -0.047631 0.000021 0.000098 -0.346392 0.020350 0.129818 -0.305850 -0.074159 0.285582 0.000032 0.334620 -0.059600 -0.487898 0.387825 0.458915 0.019981 0.191819 0.142485 0.000032 -0.079673 0.097543 0.159056 -0.000317
0.000022 0.175664 -0.093354 0.136005 0.131748 -0.161096 0.000021 0.219364 0.041193 -0.023307 0.032762 -0.000108 0.000187 -0.003574 0.125649 0.048090 0.105822 0.194444 -0.164623 -0.000105 0.208727 0.010593 -0.355456 -0.323232 0.155798 0.066658 0.199258 0.357363 0.000014 0.180649 0.008656 -0.033078 -0.000303
0.000084 0.206148 0.301209 -0.167225 0.082972 0.004367 -0.000040 0.128575 0.032560 -0.088410 -0.375807 0.000004 0.000183 0.123241 -0.048719 -0.129226 -0.073978 0.075904 0.274424 -0.000090 -0.187221 -0.006113 -0.119233 -0.322171 0.073871 0.057489 -0.051978 0.028725 0.000003 -0.095760 -0.300151 -0.075173 -0.000119
-0.000135 0.039316 0.021645 -0.054683 0.048349 0.215015 0.000101 0.116887 0.019163 -0.119423 0.000438 -0.000052 -0.000175 -0.077730 -0.289128 0.110716 -0.267200 -0.084617 0.181045 -0.000144 0.430535 0.324670 -0.383378 -0.032174 -0.084697 0.032999 0.049637 0.207036 -0.000121 0.083755 0.136174 -0.003054 -0.000078
-0.000055 0.102626 0.079125 -0.043146 -0.185762 0.132611 0.000024 0.114816 0.028681 0.010605 0.032390 0.000038 -0.000073 0.245244 -0.205854 0.135855 0.133658 0.206916 0.003138 0.000079 0.041372 0.041845 0.115101 0.200019 0.102938 0.045484 -0.202844 -0.339854 -0.000042 0.173439 -0.180586 -0.362595 -0.000007
-0.000122 -0.124609 -0.319996 0.064996 0.294662 0.082075 0.000054 -0.201726 0.012713 0.078571 -0.128914 0.000016 0.000107 0.435984 0.154433 -0.318901 0.143304 0.395631 0.055549 0.000085 -0.181919 -0.153657 0.252217 -0.282961 -0.345218 0.029345 -0.279958 -0.304532 -0.000017 0.059448 -0.163311 -0.415922 0.000028
0.000090 -0.084733 -0.288576 -0.003902 0.456786 -0.316497 0.000026 0.025633 0.038933 -0.002757 0.076837 -0.000115 -0.000079 0.047087 0.157069 -0.179737 0.055423 0.018827 -0.028843 0.000055 -0.112827 -0.123414 0.189807 0.428818 -0.210681 0.057605 -0.050320 -0.263705 0.000008 -0.166127 -0.060502 0.030268 0.000217
0.000011 -0.250737 -0.128902 -0.147428 0.079397 0.658484 0.000019 0.371005 0.038129 -0.097489 -0.198351 -0.000031 -0.000065 -0.101011 0.300386 -0.196081 0.238314 -0.342045 -0.163556 -0.000057 -0.270688 0.164669 0.042661 0.071621 -0.022784 0.065507 0.067251 0.077862 -0.000020 0.293047 0.198970 -0.290331 0.000003
-0.000008 0.238872 -0.213545 0.212622 0.229421 0.246211 0.000085 -0.061015 0.018221 -0.033757 -0.234259 -0.000117 0.000075 0.040610 0.153860 0.143485 -0.021245 -0.453430 -0.261983 -0.000039 0.080477 -0.294234 0.021641 0.037165 0.013065 0.033318 -0.155942 -0.143737 0.000002 -0.084104 -0.334641 -0.293433 -0.000039
-0.000012 0.284353 -0.264227 0.091562 -0.098312 -0.000859 -0.000010 -0.078016 0.012198 0.167891 -0.238212 0.000016 -0.000063 -0.182114 -0.000059 -0.054591 0.359279 0.000374 0.243929 0.000100 0.139739 0.010668 0.031338 -0.250316 -0.286491 0.015109 -0.016470 0.088014 -0.000067 0.031224 -0.181960 0.078209 0.000129
-0.000033 0.659065 -0.231725 -0.088163 0.200854 -0.230658 0.000082 -0.182433 0.013294 0.070029 -0.035938 -0.000045 0.000024 -0.283670 -0.079004 -0.063414 0.055157 0.139311 -0.434232 -0.000156 -0.149350 0.056140 -0.171492 -0.146325 0.002856 0.028608 -0.326246 -0.096761 0.000011 -0.088423 -0.023248 -0.095584 0.000040
-0.000011 0.039451 -0.206496 -0.065324 0.054062 -0.212827 0.000002 -0.089529 0.018810 -0.189847 0.137317 -0.000085 0.000006 0.225048 0.043297 -0.172877 0.120575 -0.084809 0.259497 0.000157 -0.131589 0.051991 -0.258871 0.031776 0.036493 0.036780 0.344788 -0.058630 -0.000002 0.183064 -0.141354 -0.139161 0.000052
-0.000085 0.050800 0.222280 -0.034164 -0.223624 -0.206078 -0.000063 0.087871 0.056722 -0.007209 -0.102594 -0.000006 0.000082 0.162113 0.165979 -0.233591 -0.062644 -0.308736 -0.211685 0.000096 0.124034 -0.315203 0.344494 0.105667 -0.533142 0.083833 0.338103 -0.208914 -0.000052 -0.126783 0.114238 0.022497 0.000321
0.000000 0.218929 0.072698 -0.351769 0.060151 0.090934 -0.000054 0.285924 0.083057 0.346377 -0.182785 0.000008 0.000086 -0.254302 0.356010 -0.044583 -0.069072 -0.235955 -0.293339 -0.000070 -0.010669 0.374659 0.202058 0.111412 -0.148827 0.123847 -0.024736 -0.038169 0.000023 -0.024890 0.166956 -0.432775 0.000101
-0.000039 -0.061195 0.081538 0.069227 -0.061167 0.042592 -0.000018 -0.005942 0.071856 0.163493 -0.132346 -0.000084 0.000083 -0.162743 -0.121941 0.023916 -0.382556 -0.142391 -0.092945 -0.000066 0.188121 -0.115855 0.188925 0.121026 0.242163 0.102761 0.159485 0.159159 0.000018 -0.033925 0.167270 0.050948 0.000036
-0.000063 -0.207610 -0.224380 0.081780 -0.126195 0.137119 0.000021 -0.159204 0.023950 0.171324 -0.145639 -0.000053 0.000042 0.108717 0.002586 0.012503 -0.107111 0.057908 -0.163827 -0.000023 0.336570 0.166373 -0.047328 0.090769 0.105308 0.037545 -0.084317 0.111243 -0.000012 0.134573 -0.004958 -0.176443 0.000278
-0.000066 0.089603 0.088771 0.363622 -0.137891 0.111876 0.000064 -0.084699 0.036162 0.231368 -0.260432 0.000164 0.000102 0.121373 -0.019133 0.086671 0.179748 -0.255383 -0.020962 -0.000103 0.159667 -0.053417 -0.602881 0.175170 -0.031338 0.053440 -0.103806 -0.077259 -0.000032 0.266985 -0.024170 0.449654 -0.000037
0.000069 0.120017 0.239429 0.116904 -0.064876 0.047497 0.000010 -0.003123 0.040952 0.130608 -0.015823 -0.000110 0.000081 0.537751 0.003597 0.083936 0.030096 -0.045409 0.189235 0.000076 -0.064936 -0.114858 -0.200735 -0.131254 0.158065 0.063353 0.020225 0.110138 -0.000109 0.133719 0.411358 0.246354 0.000005
