-0.001900
2.273303
0.015105
0.000323
0.024620
-0.000665
2.867101
-0.009919
3.389907
0.004325
0.028844
0.041628
0.000193
2.834540
-0.007675
0.032759
4.895597
0.006645
-0.002473
4.670591
-0.000300
4.421719
-0.000089
-3.554934
-0.008342
3.695401
0.027952
-0.023512
0.005781
5.080882
0.023603
-4.625626
-0.003385
-4.355718
-0.007285
0.002101
-0.003100
2.637328
0.000995
0.010183
-2.330277
-0.001684
-2.714238
-0.000542
0.000775
0.000833
-2.844208
-2.799341
-3.210735
-4.542024
-0.011221
0.010927
0.004050
0.001135
4.638503
2.685589
4.512320
0.010574
-0.002860
-0.017013
0.008513
0.027916
0.018814
-3.027249
0.023779
-0.013919
-3.101062
-3.363981
4.985038
-0.000657
-0.002902
3.974299
-0.000333
4.929992
2.501586
0.004310
0.004672
4.038235
0.019268
5.131928
-2.408025
-0.000515
0.008571
-2.722265
0.005997
0.001219
-0.007334
0.006141
5.082689
-2.750307
0.001730
-0.025738
-0.004506
-0.000096
-0.026149
3.416675
0.001054
0.023609
3.717549
-2.873605
0.002188
4.286559
-2.365550
5.209662
0.000447
-0.006385
0.019896
0.000243
0.001699
-2.692057
0.017054
5.589096
6.093359
-0.000027
-2.011522
5.719324
2.968329
-0.008561
-0.000410
