-0.000019 -0.000026 0.000057 -0.000035 0.000004 -0.000322 0.000055 0.000014 0.024759 -0.345154 -0.000020 0.000010 0.000069 0.000050 0.000096 0.000009 0.189690 -0.000062 -0.136495 -0.000030 -0.018404 0.000008 0.000051 0.000012 0.000036 -0.246727 -0.000581 -0.000019 -0.000030 -0.031716 0.000053 -0.012117 0.191872 -0.000108 0.000987 -0.000002 -0.000003 0.690314 -0.000039 0.000037 0.000815 -0.000803 0.000059 0.084746 0.100782 0.375434 0.000058 -0.000051 -0.229792 0.286227 0.000027 -0.000099 0.363992 -0.000200 -0.000169 0.509199 -0.000056 0.000159 0.000024 -0.001445
-0.000045 -0.000003 -0.000129 0.000053 0.000010 -0.000307 -0.000006 0.000066 0.024825 -0.172032 -0.000024 -0.000024 -0.000042 -0.000024 0.000009 0.000015 0.204101 0.000031 -0.129041 -0.000029 -0.017807 -0.000002 0.000038 -0.000014 -0.000027 -0.135691 -0.000706 0.000057 0.000044 0.056919 -0.000085 -0.012263 -0.186524 -0.000333 0.096658 -0.000015 0.000007 0.329259 0.000004 -0.000109 0.000873 -0.000393 0.000156 0.076036 -0.177042 -0.022332 0.000051 -0.000028 0.004341 0.298797 0.000010 0.000016 0.346536 -0.000252 -0.000012 0.516698 -0.000010 0.000090 -0.000054 -0.002979
-0.000020 0.000020 -0.000037 0.000053 -0.000069 -0.000327 0.000030 -0.000183 0.026899 -0.222016 -0.000049 0.000046 0.000012 -0.000007 0.000016 -0.000066 0.053916 0.000072 0.106398 -0.000027 -0.019121 0.000015 0.000013 -0.000002 0.000091 -0.094452 -0.000779 -0.000001 0.000051 0.352589 0.000029 -0.009606 0.008355 0.000119 0.118547 0.000074 0.000032 0.103725 0.000078 -0.000042 0.000287 -0.000495 -0.000013 0.176154 -0.175110 -0.017945 -0.000010 -0.000047 0.098860 0.249278 0.000012 0.000015 0.107870 -0.000082 0.000114 0.089480 0.000058 0.000038 -0.000029 -0.002323
0.000091 -0.000008 0.000063 0.000082 -0.000068 -0.000220 0.000026 0.000341 0.026797 0.144292 0.000006 0.000092 -0.000027 -0.000050 0.000030 -0.000012 -0.096181 0.000060 0.125254 -0.000012 -0.020496 -0.000005 -0.000000 0.000008 -0.000162 0.056178 -0.000825 0.000009 -0.000099 0.077871 0.000153 -0.009815 -0.066671 0.000014 0.053635 -0.000006 0.000021 0.342507 0.000145 -0.000047 0.000832 -0.000621 -0.000133 -0.077165 0.260429 0.028864 -0.000004 -0.000025 -0.214999 -0.443121 -0.000033 0.000027 0.068638 0.000358 -0.000243 -0.071109 0.000027 0.000071 0.000084 -0.002864
0.000018 -0.000030 -0.000033 -0.000043 -0.000036 -0.000358 -0.000024 -0.000007 0.028318 0.173090 -0.000066 0.000025 -0.000014 -0.000007 0.000216 0.000006 0.044231 0.000079 -0.007530 0.000003 -0.021220 -0.000003 -0.000096 0.000022 0.000024 0.066264 -0.000913 0.000001 0.000015 0.010310 -0.000104 -0.008823 0.009635 -0.000100 0.065454 0.000018 -0.000032 0.260506 -0.000007 -0.000088 0.000814 -0.000186 0.000107 0.058785 0.036078 -0.268692 -0.000059 0.000042 0.135626 -0.487204 0.000024 0.000017 -0.048857 0.000390 -0.000009 -0.199355 -0.000024 0.000146 -0.000090 -0.003807
0.000007 -0.000047 0.000041 0.000034 -0.000008 -0.000449 -0.000014 0.000184 0.032243 -0.288370 0.000006 -0.000091 -0.000052 0.000028 -0.000025 0.000003 -0.081475 -0.000020 -0.030362 -0.000018 -0.022023 -0.000006 -0.000048 -0.000007 0.000004 0.184889 -0.000968 -0.000040 0.000023 0.244554 -0.000237 -0.007900 0.056372 -0.000071 0.067596 0.000020 -0.000030 0.176583 0.000004 0.000044 0.000002 -0.000466 -0.000009 0.108823 -0.092038 -0.411060 0.000023 0.000043 0.458897 -0.148649 0.000027 -0.000022 -0.046795 0.000084 0.000042 -0.178435 0.000069 0.000064 0.000007 -0.003524
-0.000166 0.000020 -0.000066 0.000062 -0.000064 -0.000408 0.000059 0.000404 0.029910 -0.076794 0.000008 -0.000005 0.000116 -0.000038 0.000010 0.000010 0.119851 -0.000006 0.115544 0.000033 -0.021046 -0.000016 0.000065 -0.000000 0.000083 0.108017 -0.000665 0.000050 0.000066 0.143725 -0.000009 -0.009053 0.129296 -0.000026 0.000360 0.000028 0.000066 0.246210 0.000022 0.000053 -0.000238 -0.000800 0.000110 0.037259 -0.031788 -0.060861 0.000044 0.000034 0.025680 -0.288171 -0.000022 0.000028 0.311961 -0.000096 0.000522 -0.117065 -0.000011 -0.000016 -0.000050 -0.003652
0.000043 0.000030 0.000094 -0.000058 -0.000040 -0.000680 -0.000007 0.000473 0.029966 -0.121235 -0.000076 0.000118 -0.000068 -0.000084 0.000009 -0.000036 -0.073677 -0.000022 0.341000 0.000034 -0.020319 0.000002 0.000047 -0.000013 0.000105 0.064120 -0.000622 0.000033 -0.000026 0.369590 -0.000037 -0.010057 0.160549 0.000086 0.000500 0.000008 0.000038 0.160331 0.000004 -0.000024 -0.000171 -0.001147 0.000044 0.013683 0.078845 -0.146027 -0.000021 0.000180 0.152018 0.054408 -0.000036 0.000003 0.321558 -0.000010 -0.000457 -0.124842 0.000116 0.000138 -0.000016 -0.003533
0.000046 -0.000034 -0.000004 0.000017 -0.000038 0.000016 0.000041 0.000681 0.031488 -0.160958 0.000024 0.000020 -0.000040 0.000090 0.000057 -0.000010 -0.010467 0.000047 0.613259 0.000019 -0.021081 0.000013 -0.000093 0.000008 0.000044 -0.276178 -0.000677 0.000008 0.000048 0.338994 -0.000071 -0.007522 -0.144643 0.000033 0.003350 0.000041 -0.000002 -0.124234 -0.000016 0.000015 0.000811 -0.000546 -0.000050 -0.149956 0.037336 0.204695 -0.000028 -0.000014 -0.006382 0.039591 -0.000045 -0.000026 0.242745 -0.000053 -0.001650 -0.125659 0.000059 0.000089 0.000183 -0.003212
-0.000056 -0.000161 0.000138 -0.000002 -0.000048 -0.000705 -0.000101 0.000598 0.030618 -0.136811 0.000031 0.000020 -0.000034 0.000050 0.000057 -0.000036 0.105518 0.000031 0.320795 0.000011 -0.020163 0.000011 -0.000091 -0.000006 0.000044 -0.505049 -0.000658 0.000027 0.000074 0.048976 0.000008 -0.009198 0.002090 -0.000045 0.040821 -0.000006 -0.000022 -0.496495 -0.000050 0.000067 0.000830 -0.000852 0.000104 -0.280555 0.015547 -0.015788 0.000082 -0.000162 -0.193789 -0.014413 -0.000039 0.000008 0.205246 -0.000000 -0.003022 -0.110199 -0.000092 0.000140 0.000045 -0.002053
-0.000007 -0.000024 -0.000047 0.000096 -0.000008 -0.000464 0.000040 0.000283 0.029931 0.016154 -0.000050 -0.000056 -0.000142 -0.000032 0.000009 -0.000015 0.218424 0.000005 -0.226865 -0.000031 -0.018296 0.000016 0.000171 0.000002 -0.000075 -0.298653 -0.000632 -0.000003 0.000044 -0.282729 0.000000 -0.009426 0.186421 0.000096 0.004469 0.000029 0.000012 -0.224960 0.000092 -0.000073 0.000732 -0.001021 -0.000125 -0.261610 0.121604 -0.041468 0.000055 0.000044 -0.334424 -0.190853 0.000024 0.000034 0.087764 -0.000100 -0.002332 0.101453 0.000034 0.000165 -0.000012 -0.002764
-0.000030 -0.000081 0.000063 0.000004 -0.000019 -0.000454 0.000045 0.000332 0.029469 0.057948 0.000084 0.000095 -0.000068 -0.000043 0.000013 -0.000021 0.371182 0.000021 -0.464342 -0.000049 -0.017223 -0.000012 0.000018 0.000005 0.000045 -0.179163 -0.000718 -0.000133 -0.000058 -0.469293 0.000196 -0.009333 0.166498 -0.000046 0.003635 -0.000011 -0.000009 -0.043358 0.000061 -0.000067 0.000849 -0.000956 0.000123 -0.033443 0.026319 -0.043139 0.000036 0.000006 -0.148824 -0.032528 0.000032 -0.000020 0.194260 0.000015 -0.001126 0.282014 0.000005 0.000136 0.000068 -0.002946
0.000032 -0.000059 0.000205 0.000010 -0.000023 -0.000636 -0.000029 0.000218 0.027590 -0.082870 0.000016 -0.000003 -0.000008 0.000043 0.000051 -0.000014 0.264250 -0.000003 -0.709220 -0.000009 -0.016816 -0.000005 0.000085 0.000031 0.000099 0.022409 -0.000723 0.000029 -0.000071 -0.355632 0.000076 -0.009217 0.178077 0.000001 0.002430 0.000015 0.000033 -0.090298 -0.000121 -0.000082 0.000727 -0.000976 0.000162 0.105644 0.462747 0.113751 -0.000045 -0.000025 0.005604 0.274197 -0.000037 -0.000036 0.100784 0.000090 -0.001092 0.361212 0.000023 0.000133 0.000009 -0.003521
-0.000012 -0.000083 -0.000020 -0.000030 0.000002 -0.000610 -0.000012 0.000271 0.027447 -0.595491 -0.000013 0.000000 0.000037 -0.000020 -0.000030 -0.000013 -0.014736 -0.000014 -0.479287 0.000032 -0.016486 -0.000003 -0.000000 -0.000011 0.000048 -0.106089 -0.000640 0.000100 0.000004 -0.068429 -0.000072 -0.007480 -0.038126 0.000025 0.074199 -0.000014 -0.000002 -0.019947 -0.000055 0.000024 0.000195 -0.001137 0.000025 0.230613 0.319679 0.010072 0.000110 0.000021 -0.013084 0.346087 -0.000040 -0.000012 0.090780 0.000041 -0.000145 0.500969 0.000061 0.000107 -0.000035 -0.004359
0.000117 0.000066 -0.000035 -0.000030 -0.000024 -0.000532 -0.000094 0.000180 0.027066 -0.417316 0.000052 0.000113 0.000036 -0.000047 -0.000058 0.000093 -0.158308 -0.000029 -0.163826 0.000006 -0.017294 0.000000 0.000016 0.000020 0.000084 -0.191257 -0.000513 0.000020 0.000026 0.041271 -0.000089 -0.007516 -0.125259 0.000046 0.028442 -0.000013 -0.000009 -0.118911 0.000047 0.000076 0.000738 -0.001129 -0.000014 0.091696 0.160081 0.074066 -0.000049 -0.000025 0.063515 0.366274 0.000049 0.000041 0.179384 -0.000086 0.000455 0.376743 -0.000032 0.000154 -0.000010 -0.002494
0.000002 -0.000035 -0.000109 0.000019 0.000008 -0.000545 -0.000055 -0.000192 0.023552 -0.178744 -0.000034 -0.000017 -0.000067 0.000111 -0.000033 0.000017 -0.264514 -0.000007 0.243314 -0.000006 -0.016274 -0.000014 0.000032 -0.000018 0.000020 -0.026925 -0.000561 -0.000024 0.000004 0.088689 -0.000020 -0.009061 -0.141504 -0.000011 -0.000399 0.000005 -0.000009 -0.135364 -0.000042 -0.000023 0.000843 -0.000705 -0.000174 0.110039 0.232927 0.327174 0.000038 -0.000035 0.050769 -0.107633 0.000029 0.000063 0.548505 0.000022 0.000572 0.083685 -0.000092 0.000136 -0.000017 -0.001272
0.000087 0.000019 -0.000194 0.000043 -0.000004 -0.000478 0.000048 -0.000272 0.022413 0.260044 0.000022 0.000015 -0.000120 0.000014 0.000087 -0.000002 -0.361167 0.000032 0.195976 0.000029 -0.016936 -0.000005 -0.000017 -0.000011 0.000066 0.091059 -0.000673 0.000100 0.000116 0.263251 0.000071 -0.008526 0.036167 -0.000159 -0.017918 0.000019 -0.000036 -0.082670 -0.000090 -0.000045 0.000028 -0.000276 -0.000042 0.125729 0.050568 -0.073994 0.000003 0.000024 0.240196 -0.143130 -0.000029 0.000024 0.475698 -0.000015 -0.001858 -0.000905 -0.000012 0.000187 -0.000016 -0.001270
0.000060 -0.000032 0.000074 -0.000037 -0.000048 -0.000497 0.000037 -0.000391 0.020738 0.168083 -0.000017 0.000114 -0.000121 0.000073 0.000190 0.000001 0.136854 0.000030 0.447784 0.000019 -0.016047 0.000009 -0.000096 -0.000020 0.000021 0.275443 -0.000670 -0.000013 -0.000046 0.123580 -0.000114 -0.009517 0.038235 -0.000047 -0.010588 -0.000011 -0.000044 -0.154951 0.000154 0.000028 0.000817 -0.000051 0.000032 -0.179004 -0.110109 -0.190971 0.000024 -0.000029 0.070286 -0.008875 -0.000015 0.000027 0.377251 -0.000011 -0.002178 -0.340720 0.000013 0.000167 0.000005 0.000420
0.000124 -0.000080 0.000018 0.000026 -0.000076 -0.000274 -0.000018 -0.000438 0.019875 0.229881 0.000038 -0.000024 0.000050 0.000002 -0.000108 0.000064 0.283450 -0.000015 0.035646 0.000016 -0.015279 0.000002 -0.000066 -0.000018 -0.000016 0.274913 -0.000636 -0.000020 0.000027 0.195405 0.000012 -0.011323 0.020927 0.000085 -0.012953 0.000033 -0.000018 -0.343886 -0.000043 -0.000003 0.000909 0.000216 0.000137 -0.061326 0.018212 -0.133696 -0.000024 0.000168 -0.262546 0.079830 0.000030 -0.000025 0.502499 0.000030 -0.001816 -0.147633 0.000023 0.000112 -0.000029 0.000943
0.000067 -0.000082 -0.000053 -0.000029 -0.000054 -0.000417 -0.000023 -0.000435 0.020775 0.000193 -0.000063 -0.000010 -0.000198 0.000038 0.000057 0.000029 -0.359024 0.000079 -0.157748 0.000012 -0.015039 -0.000010 -0.000103 0.000001 -0.000036 -0.073816 -0.000537 -0.000072 0.000009 0.136362 0.000147 -0.011323 -0.207921 -0.000066 0.005101 -0.000012 0.000002 -0.243990 -0.000080 0.000050 0.000960 -0.000580 -0.000061 0.225381 -0.131213 -0.158618 -0.000032 0.000027 0.048180 -0.077290 0.000028 0.000014 0.366900 0.000008 -0.000046 0.010677 -0.000082 0.000139 0.000018 0.000559
0.000024 0.000064 0.000078 -0.000005 0.000006 -0.000286 0.000026 -0.000377 0.021089 -0.154909 -0.000006 -0.000010 -0.000030 0.000017 0.000028 -0.000014 -0.481278 0.000047 -0.516634 -0.000035 -0.017209 0.000010 0.000010 -0.000000 -0.000143 -0.058541 -0.000606 0.000001 0.000026 0.110458 0.000053 -0.009681 0.200366 0.000083 -0.000087 0.000033 -0.000024 -0.015822 -0.000007 -0.000003 0.000837 0.000506 0.000007 0.359282 0.146066 -0.044693 -0.000089 0.000026 0.076362 0.337608 0.000006 0.000039 0.026868 0.000103 -0.000097 -0.147502 -0.000027 0.000181 0.000064 0.000832
0.000062 0.000066 -0.000073 0.000082 -0.000076 -0.000260 0.000006 -0.000399 0.019640 -0.099437 0.000012 0.000021 -0.000019 -0.000023 0.000030 -0.000015 -0.373398 -0.000029 -0.675766 -0.000015 -0.016828 -0.000007 -0.000058 0.000006 0.000029 -0.200997 -0.000733 -0.000006 0.000036 -0.140860 -0.000112 -0.008811 0.310766 0.000188 -0.004647 -0.000006 0.000015 0.034618 0.000135 -0.000029 -0.000313 -0.000730 -0.000007 0.152196 0.153410 0.082230 -0.000011 0.000031 0.036806 0.040294 0.000045 0.000011 0.116980 0.000114 -0.000546 -0.478044 0.000033 0.000160 0.000073 0.000692
-0.000038 0.000006 0.000122 0.000039 -0.000001 -0.000324 -0.000085 -0.000342 0.019637 -0.104648 -0.000008 0.000073 0.000080 0.000049 0.000017 -0.000004 -0.528123 0.000041 -0.718228 0.000006 -0.012906 0.000003 -0.000024 0.000003 0.000048 -0.182923 -0.000668 -0.000022 0.000067 -0.241879 -0.000022 -0.009531 0.213085 -0.000093 -0.019470 -0.000002 0.000024 -0.002706 0.000057 0.000028 -0.000050 0.000164 -0.000046 0.364368 0.201609 0.133615 0.000024 0.000082 0.029179 -0.027170 -0.000007 0.000083 0.170904 -0.000254 -0.000000 -0.252201 0.000032 0.000104 -0.000008 0.000843
-0.000007 0.000037 -0.000041 0.000100 -0.000078 -0.000375 -0.000042 -0.000389 0.021096 0.095034 0.000032 0.000018 -0.000122 0.000024 0.000014 -0.000023 -0.147308 -0.000022 -0.443583 0.000002 -0.010083 0.000005 -0.000024 0.000006 -0.000108 -0.217413 -0.000574 0.000041 0.000044 -0.086173 0.000108 -0.010026 0.028828 -0.000099 0.000562 0.000006 -0.000022 -0.081072 0.000009 -0.000025 0.000122 0.000160 -0.000085 0.135594 -0.174578 -0.119052 -0.000033 0.000028 0.023682 -0.062472 -0.000004 0.000042 0.235313 -0.000120 0.000363 -0.456048 -0.000059 0.000173 -0.000002 -0.000779
0.000062 -0.000022 0.000039 -0.000003 -0.000043 -0.000305 -0.000025 -0.000308 0.022407 0.129600 0.000018 -0.000074 -0.000068 -0.000041 -0.000010 0.000014 -0.030111 -0.000014 -0.113685 0.000128 -0.008932 -0.000011 0.000014 0.000038 -0.000034 -0.080741 -0.000719 -0.000043 -0.000043 -0.039695 -0.000102 -0.009932 -0.080544 0.000105 0.003252 0.000039 0.000007 -0.030293 0.000011 0.000090 -0.000411 0.000070 -0.000048 -0.018826 -0.239362 -0.225372 -0.000034 -0.000049 0.554170 0.270910 -0.000007 0.000005 -0.068321 0.000290 0.000511 -0.442469 -0.000027 0.000093 -0.000083 -0.001817
-0.000032 0.000108 0.000113 -0.000047 -0.000010 -0.000469 -0.000059 -0.000481 0.018011 0.045365 -0.000023 -0.000067 -0.000128 -0.000130 -0.000060 0.000042 0.311269 0.000005 0.045829 0.000049 -0.009509 0.000004 -0.000160 0.000003 -0.000033 0.027805 -0.000559 -0.000022 0.000016 -0.146184 -0.000091 -0.011830 -0.017901 0.000001 0.000685 -0.000005 0.000016 0.028991 0.000107 0.000089 0.000138 -0.000739 0.000158 -0.083090 -0.095886 0.011574 0.000060 0.000025 0.112408 0.076532 0.000007 0.000021 -0.013297 0.000675 0.000405 -0.450077 -0.000022 0.000136 -0.000070 -0.001960
0.000097 -0.000015 -0.000003 -0.000019 -0.000091 -0.000338 -0.000038 -0.000548 0.016454 -0.220299 0.000112 0.000019 0.000026 0.000002 -0.000067 0.000007 0.273721 0.000015 0.157545 -0.000034 -0.009914 -0.000012 0.000068 -0.000035 0.000034 0.048427 -0.000423 0.000066 -0.000014 -0.108917 0.000206 -0.012537 0.011895 0.000058 0.003415 0.000049 -0.000043 -0.086671 0.000062 0.000018 -0.000170 -0.000341 0.000196 -0.119164 0.124949 0.036092 -0.000048 0.000026 0.221474 -0.083467 -0.000003 -0.000039 0.122250 -0.000178 0.000412 -0.395948 -0.000116 0.000088 -0.000021 -0.001143
-0.000059 0.000016 0.000095 -0.000025 -0.000054 -0.000246 0.000006 -0.000659 0.015744 -0.382290 0.000035 0.000055 0.000066 0.000035 -0.000010 -0.000002 0.215112 -0.000014 0.141245 -0.000001 -0.015266 0.000006 0.000018 -0.000005 0.000014 0.087745 -0.000522 -0.000069 -0.000030 0.267065 -0.000006 -0.013491 0.001713 -0.000028 0.028628 -0.000030 0.000009 -0.089963 0.000050 0.000067 -0.000118 -0.000639 -0.000008 -0.265008 0.178391 -0.051980 0.000004 0.000041 0.173436 -0.024036 0.000014 0.000085 0.094823 -0.000307 -0.000220 0.007922 -0.000047 0.000075 0.000046 -0.002178
-0.000095 0.000027 -0.000027 -0.000063 -0.000062 -0.000303 -0.000022 -0.000743 0.017180 -0.139093 0.000029 0.000014 -0.000038 -0.000037 0.000023 -0.000003 0.098439 0.000044 -0.022244 -0.000046 -0.016872 -0.000010 0.000012 0.000013 0.000062 -0.123899 -0.000750 -0.000008 -0.000012 0.139463 -0.000201 -0.013008 -0.127089 -0.000048 0.043164 0.000018 -0.000037 -0.052649 0.000054 -0.000020 -0.000284 -0.000091 -0.000066 0.058104 0.128250 0.081275 0.000024 -0.000108 -0.024340 -0.043153 0.000017 0.000017 -0.036408 0.000564 -0.000043 0.472093 0.000099 0.000173 0.000016 -0.003429
0.000096 -0.000007 -0.000020 -0.000025 -0.000046 -0.000409 -0.000038 -0.000893 0.013269 0.058346 0.000002 0.000024 -0.000012 -0.000041 -0.000035 0.000026 0.230310 -0.000040 0.036142 0.000016 -0.018098 0.000008 -0.000017 0.000012 -0.000034 -0.081146 -0.000641 -0.000020 -0.000029 0.278616 0.000001 -0.014777 -0.031448 -0.000024 0.003541 -0.000028 -0.000003 0.028774 0.000011 0.000002 -0.000229 -0.000420 0.000065 -0.043821 0.082019 -0.148513 0.000080 0.000002 -0.059051 -0.001136 -0.000014 -0.000047 0.061690 -0.004867 0.000451 0.399938 -0.000004 0.000203 -0.000018 -0.001222
-0.000054 -0.000002 -0.000109 0.000078 -0.000029 -0.000350 -0.000027 -0.001016 0.013280 0.029227 0.000042 0.000009 0.000031 -0.000017 -0.000029 -0.000008 0.242789 0.000065 0.079722 -0.000050 -0.018239 -0.000009 0.000000 -0.000023 0.000017 -0.120232 -0.000661 -0.000021 -0.000013 -0.012376 -0.000029 -0.013658 -0.018389 0.000168 0.006520 0.000003 -0.000012 0.158846 -0.000104 0.000074 -0.000235 0.000133 0.000181 0.003087 0.234578 -0.254801 0.000049 -0.000054 -0.069202 -0.265856 -0.000013 -0.000012 0.184804 -0.002004 -0.000111 0.013172 0.000078 0.000194 -0.000048 -0.000734
0.000047 -0.000031 -0.000004 0.000030 -0.000051 -0.000163 -0.000044 -0.000914 0.010849 -0.451215 0.000006 0.000027 -0.000110 0.000007 0.000005 -0.000033 0.199725 0.000035 0.063366 0.000020 -0.015661 0.000015 -0.000030 -0.000006 0.000057 -0.229260 -0.000571 -0.000046 0.000014 -0.079551 0.000033 -0.015245 0.048373 -0.000003 0.057331 -0.000049 -0.000008 0.340475 -0.000009 -0.000160 -0.000233 -0.000440 0.000144 0.149297 0.069457 -0.104101 -0.000004 -0.000035 -0.015080 -0.000875 0.000027 -0.000013 -0.257763 -0.001227 0.000011 0.071635 0.000052 0.000100 -0.000004 -0.002029
-0.000012 -0.000027 0.000101 0.000018 -0.000075 -0.000173 -0.000015 -0.001018 0.012083 -0.375000 -0.000112 -0.000031 -0.000040 -0.000060 -0.000063 0.000021 0.364710 -0.000034 -0.123510 -0.000017 -0.013625 0.000012 0.000245 -0.000007 0.000021 -0.282390 -0.000643 -0.000003 0.000054 -0.059261 -0.000032 -0.013440 0.008451 0.000005 0.110606 0.000005 0.000009 0.472394 0.000079 0.000045 -0.000052 -0.000100 0.000063 0.004211 -0.113957 -0.212413 -0.000033 -0.000012 -0.084987 -0.105682 -0.000022 -0.000018 -0.070055 -0.002198 -0.000129 0.252751 0.000001 0.000146 0.000078 -0.002549
0.000016 -0.000037 -0.000068 -0.000040 -0.000077 -0.000475 -0.000080 -0.000667 0.014275 -0.156679 -0.000016 -0.000020 0.000048 0.000011 0.000022 -0.000022 0.416980 0.000040 -0.336960 -0.000044 -0.012334 -0.000004 0.000035 0.000011 -0.000021 0.037257 -0.000636 -0.000054 -0.000050 0.145015 -0.000090 -0.012195 -0.173943 -0.000038 0.120435 -0.000011 -0.000028 0.335507 0.000044 -0.000083 0.000172 0.000367 -0.000043 -0.110310 0.042491 0.027268 0.000067 -0.000036 0.004093 0.055947 -0.000031 -0.000045 -0.115216 0.000368 -0.000124 0.277465 -0.000030 0.000193 0.000184 -0.005425
-0.000055 0.000024 -0.000045 0.000061 -0.000067 -0.000519 0.000025 -0.000528 0.014850 0.095513 -0.000008 -0.000052 0.000002 -0.000001 -0.000058 -0.000033 0.033546 0.000015 -0.298320 0.000038 -0.012959 -0.000009 -0.000037 0.000003 -0.000041 0.036570 -0.000805 -0.000022 -0.000088 0.047939 -0.000004 -0.010795 -0.293512 0.000181 0.189308 0.000005 -0.000035 0.067661 0.000065 0.000024 0.000136 0.000615 0.000030 0.086593 -0.168440 -0.071753 -0.000023 -0.000036 -0.008237 0.157355 -0.000055 0.000010 -0.169986 0.000477 -0.000192 0.277313 -0.000004 0.000151 -0.000021 -0.006133
-0.000003 0.000055 -0.000065 -0.000041 -0.000047 -0.000456 -0.000032 -0.000509 0.014173 0.034332 -0.000024 -0.000033 -0.000089 -0.000002 -0.000031 0.000001 0.077696 0.000014 0.042885 0.000023 -0.011808 0.000002 -0.000063 0.000030 -0.000078 -0.002599 -0.000900 -0.000062 0.000016 -0.100520 0.000041 -0.010891 -0.094494 -0.000187 0.136617 -0.000004 -0.000021 0.225525 0.000017 0.000076 -0.000081 0.000684 -0.000052 0.281260 0.061409 -0.016160 0.000025 0.000012 -0.082463 -0.014797 -0.000055 0.000012 -0.141942 0.000619 0.000430 0.041396 -0.000062 0.000155 0.000031 -0.007400
-0.000009 -0.000020 -0.000078 -0.000059 -0.000072 -0.000484 0.000084 -0.000999 0.015823 -0.052880 -0.000037 -0.000012 -0.000007 -0.000017 -0.000016 -0.000005 -0.010723 0.000047 0.074986 -0.000029 -0.011945 -0.000012 0.000026 0.000000 0.000077 -0.003973 -0.000771 0.000022 -0.000068 0.030048 -0.000005 -0.008637 -0.024604 -0.000128 0.118132 0.000004 -0.000038 0.390895 0.000090 -0.000101 -0.000157 -0.000119 0.000125 0.242821 0.065386 -0.116004 -0.000034 0.000037 -0.181507 0.155590 -0.000019 -0.000021 -0.010044 -0.000217 -0.000154 -0.173603 0.000026 0.000141 -0.000008 -0.007160
-0.000040 -0.000081 0.000113 0.000038 -0.000017 -0.000394 0.000107 -0.000697 0.014566 -0.049665 0.000041 0.000045 0.000065 -0.000090 -0.000038 -0.000012 -0.105239 -0.000013 0.057547 0.000109 -0.013249 -0.000000 -0.000067 0.000008 0.000022 -0.128759 -0.000643 0.000009 -0.000038 0.009518 -0.000015 -0.010533 -0.172281 0.000003 0.131745 -0.000011 -0.000001 0.306647 -0.000011 0.000020 -0.000027 -0.000478 0.000168 0.359095 -0.040868 -0.217711 -0.000042 0.000027 -0.363393 0.541855 -0.000002 -0.000024 -0.178468 -0.000114 0.000049 -0.204595 -0.000004 0.000097 0.000040 -0.008155
0.000070 -0.000009 0.000034 -0.000084 -0.000015 -0.000418 0.000094 -0.000704 0.013748 0.238592 -0.000033 -0.000002 -0.000135 -0.000000 -0.000029 -0.000021 0.184663 0.000014 -0.111816 0.000019 -0.012001 0.000009 0.000018 -0.000007 -0.000034 0.047191 -0.000635 -0.000026 -0.000028 -0.259486 -0.000038 -0.012188 -0.020867 0.000098 0.003470 0.000085 0.000011 0.364796 -0.000024 0.000036 -0.000245 -0.000427 -0.000107 0.036711 0.275616 -0.069884 0.000033 0.000095 -0.429505 0.207323 0.000003 0.000011 0.207476 -0.000191 0.000020 -0.363809 -0.000026 0.000094 -0.000076 -0.005607
0.000071 0.000042 -0.000046 -0.000017 -0.000000 -0.000532 -0.000053 -0.001213 0.011880 0.190800 -0.000033 -0.000041 0.000068 0.000122 -0.000012 0.000001 0.038417 -0.000009 -0.049455 -0.000084 -0.013174 -0.000010 -0.000051 -0.000026 -0.000038 -0.008762 -0.000546 0.000068 -0.000016 0.157835 0.000009 -0.013599 0.182893 0.000020 0.051588 -0.000013 -0.000031 -0.015174 0.000074 0.000004 -0.000052 -0.000533 0.000001 -0.058131 0.140161 -0.497910 0.000008 0.000051 -0.379721 0.132043 0.000007 -0.000013 0.128618 0.000002 -0.000022 -0.314003 -0.000040 0.000133 -0.000045 -0.005769
0.000025 0.000037 -0.000054 0.000044 0.000003 -0.000407 0.000028 -0.001066 0.010379 0.028218 -0.000074 -0.000036 0.000075 -0.000015 -0.000094 -0.000031 0.081799 -0.000021 0.052339 -0.000054 -0.012867 0.000010 -0.000015 -0.000013 -0.000001 0.027839 -0.000402 -0.000043 -0.000064 0.190937 -0.000053 -0.013825 0.192320 -0.000066 0.054956 -0.000027 -0.000002 -0.114846 -0.000045 0.000020 -0.000166 -0.000528 -0.000057 0.056738 0.114445 -0.615541 0.000049 0.000026 -0.043244 0.320762 -0.000042 0.000003 0.097747 -0.000013 0.000045 -0.107976 -0.000056 0.000107 -0.000053 -0.006016
-0.000010 -0.000022 0.000060 0.000087 -0.000043 -0.000539 0.000002 -0.001437 0.007792 -0.105836 0.000003 0.000053 -0.000009 -0.000062 0.000050 0.000009 -0.316300 -0.000044 0.357336 0.000004 -0.012802 0.000020 0.000099 -0.000009 -0.000041 -0.066638 -0.000287 0.000020 0.000116 0.305409 0.000033 -0.016925 -0.027040 -0.000071 0.077769 0.000013 -0.000006 -0.236246 0.000010 0.000075 0.000033 -0.000613 0.000040 -0.042459 0.183304 -0.342995 0.000066 -0.000019 -0.000048 0.296845 0.000103 -0.000024 -0.112276 -0.000048 0.000033 -0.204444 0.000041 0.000108 0.000069 -0.007065
0.000117 0.000031 -0.000007 0.000040 -0.000037 -0.000401 0.000014 -0.001423 0.006217 0.007362 0.000032 -0.000029 -0.000058 0.000043 -0.000005 0.000020 -0.137134 -0.000039 0.221039 0.000051 -0.010585 -0.000003 -0.000052 -0.000022 0.000035 0.218714 -0.000180 -0.000021 -0.000010 0.216723 0.000016 -0.017845 0.062997 -0.000056 0.013722 -0.000007 0.000019 -0.047156 -0.000060 0.000019 -0.000205 -0.000624 -0.000225 -0.227651 0.395157 -0.511728 -0.000026 0.000027 0.093872 0.065242 0.000024 -0.000000 -0.034576 0.000027 0.000073 0.083139 0.000009 0.000144 0.000011 -0.005739
0.000004 0.000057 0.000148 0.000004 -0.000058 -0.000529 0.000055 -0.001530 0.005096 -0.038301 0.000021 0.000050 -0.000100 -0.000010 0.000059 0.000014 -0.369356 -0.000025 -0.018102 0.000019 -0.010472 0.000012 -0.000068 0.000020 -0.000050 0.208604 -0.000131 -0.000008 0.000013 0.216710 0.000032 -0.019383 0.074575 0.000238 0.062062 -0.000013 -0.000013 -0.153859 0.000020 -0.000097 -0.000388 -0.000835 0.000080 0.132741 0.223735 0.002941 0.000064 -0.000072 0.178668 -0.231482 -0.000031 0.000026 -0.118108 0.000026 -0.000018 0.175079 0.000020 -0.000020 -0.000016 -0.005346
-0.000085 -0.000038 0.000080 0.000040 0.000012 -0.000244 -0.000014 -0.001327 0.006445 0.018131 0.000019 0.000003 -0.000069 0.000075 -0.000049 -0.000051 -0.090377 -0.000021 -0.104875 -0.000015 -0.013261 -0.000010 -0.000016 0.000022 -0.000023 0.187485 -0.000172 -0.000042 -0.000101 -0.032746 0.000049 -0.018942 0.168493 0.000188 0.002841 -0.000028 -0.000001 -0.188008 0.000064 0.000001 0.000163 -0.000082 0.000007 0.241521 0.336920 0.384658 -0.000029 0.000058 -0.046860 -0.179584 -0.000046 0.000010 0.284857 0.000017 -0.000144 0.198640 -0.000058 0.000169 -0.000144 -0.005164
-0.000064 -0.000020 0.000088 0.000130 -0.000020 -0.000472 -0.000020 -0.001299 0.007417 -0.039042 0.000022 -0.000016 0.000028 -0.000061 0.000028 0.000002 -0.098667 -0.000019 0.153055 -0.000029 -0.013628 -0.000016 -0.000010 -0.000006 -0.000017 0.301462 -0.000210 -0.000020 -0.000013 -0.012103 0.000019 -0.017700 0.165319 -0.000163 0.036988 0.000031 -0.000014 -0.225386 -0.000016 -0.000116 -0.000003 -0.000177 -0.000029 0.096733 0.039218 0.092579 0.000029 0.000050 0.262009 0.062642 -0.000035 -0.000011 0.126182 0.000008 0.000110 -0.084157 -0.000196 0.000096 -0.000030 -0.007185
0.000033 -0.000040 -0.000027 -0.000003 -0.000051 -0.000363 -0.000045 -0.000896 0.011654 0.390757 -0.000028 0.000004 -0.000137 -0.000026 0.000017 0.000004 0.072001 -0.000024 0.097597 0.000034 -0.014938 0.000013 0.000025 0.000003 -0.000133 0.143098 -0.000257 0.000042 0.000038 -0.064395 -0.000061 -0.015584 0.091937 0.000021 0.007964 0.000020 0.000011 -0.195960 0.000008 -0.000031 -0.000387 -0.000244 -0.000003 0.284670 -0.067773 0.382247 -0.000003 -0.000011 0.006892 -0.004040 0.000022 -0.000028 0.081494 -0.000188 -0.000120 -0.167482 -0.000031 0.000052 0.000100 -0.007060
0.000019 -0.000025 -0.000057 0.000019 -0.000030 -0.000470 -0.000040 -0.000795 0.009858 0.002945 0.000031 0.000041 0.000032 0.000011 0.000078 0.000014 0.149884 -0.000001 0.212424 -0.000027 -0.014645 -0.000008 0.000181 -0.000001 0.000042 0.005891 -0.000289 -0.000081 0.000025 -0.167259 -0.000042 -0.015833 0.155948 -0.000023 0.037374 -0.000067 0.000006 -0.156729 0.000052 -0.000061 -0.000298 -0.000469 -0.000107 0.113817 -0.346766 -0.052986 -0.000025 0.000026 0.165216 0.025316 -0.000041 0.000063 -0.005935 0.000243 0.000457 -0.180317 0.000055 0.000135 0.000109 -0.006895
0.000063 0.000045 0.000216 -0.000007 -0.000094 -0.000639 0.000009 -0.000635 0.012393 -0.096297 -0.000012 -0.000165 -0.000019 -0.000027 -0.000065 -0.000017 0.061951 0.000055 0.306206 0.000036 -0.015386 0.000011 0.000049 0.000022 0.000018 0.085984 -0.000330 0.000020 -0.000034 0.095110 0.000147 -0.015096 0.147078 -0.000054 0.031786 0.000014 -0.000022 -0.238464 0.000064 -0.000062 -0.000359 -0.000774 -0.000024 -0.206615 -0.096016 -0.004763 -0.000026 -0.000039 -0.155220 0.137360 0.000007 0.000006 0.054525 0.000125 -0.000098 0.037759 -0.000112 0.000177 -0.000067 -0.006500
0.000012 -0.000023 -0.000079 -0.000026 -0.000096 -0.000504 -0.000021 -0.000622 0.011288 -0.208661 -0.000017 -0.000009 0.000115 0.000010 0.000048 -0.000036 0.260181 -0.000006 0.082615 0.000013 -0.012591 -0.000020 -0.000020 0.000016 -0.000007 -0.082783 -0.000501 -0.000054 0.000022 0.089749 0.000052 -0.016144 0.094402 0.000047 0.083278 0.000041 -0.000037 -0.321138 -0.000099 -0.000013 0.000200 -0.000145 0.000074 -0.149232 -0.144467 -0.142822 0.000095 0.000054 -0.046534 0.102520 0.000042 -0.000060 0.184854 0.000056 -0.000081 -0.141247 -0.000040 0.000140 -0.000026 -0.007118
-0.000130 0.000008 -0.000019 -0.000027 0.000008 -0.000600 0.000042 -0.000489 0.012470 -0.079871 0.000033 0.000022 -0.000000 -0.000016 -0.000077 -0.000009 0.380159 0.000014 0.222205 -0.000032 -0.012664 -0.000011 -0.000046 -0.000055 0.000016 -0.064883 -0.000324 0.000149 0.000001 -0.014077 0.000010 -0.015005 0.355647 0.000126 0.001805 0.000028 -0.000019 -0.122801 -0.000032 0.000044 0.000139 -0.000273 -0.000137 -0.141271 0.129774 0.035438 -0.000029 0.000002 0.260709 -0.054919 -0.000028 0.000009 0.133726 -0.000091 -0.000200 -0.094689 0.000042 0.000144 -0.000015 -0.008470
0.000016 -0.000038 -0.000062 -0.000049 -0.000015 -0.000656 0.000016 -0.000660 0.015423 -0.072480 0.000054 0.000118 0.000069 -0.000004 0.000088 0.000006 0.338336 0.000072 0.366376 -0.000010 -0.012085 -0.000011 0.000012 0.000017 -0.000037 -0.214721 -0.000348 -0.000009 0.000021 -0.007692 0.000019 -0.013742 0.438791 0.000100 0.003412 0.000091 -0.000027 -0.051965 0.000074 -0.000034 0.000265 -0.000864 0.000109 -0.051621 -0.057367 -0.115725 -0.000026 -0.000002 -0.059431 -0.063600 0.000022 -0.000015 0.101977 -0.000018 -0.000080 0.082871 -0.000046 0.000145 -0.000040 -0.007519
0.000022 0.000100 0.000093 -0.000012 -0.000024 -0.000631 -0.000021 -0.000901 0.014186 -0.107039 -0.000001 -0.000005 -0.000076 -0.000010 0.000021 0.000033 0.017118 -0.000016 0.393071 -0.000037 -0.011620 0.000006 0.000005 0.000033 -0.000026 -0.247224 -0.000409 0.000021 0.000047 0.309961 -0.000070 -0.015345 0.481828 0.000078 0.013390 0.000012 0.000018 -0.057900 -0.000111 0.000065 -0.000343 -0.000239 -0.000183 -0.007300 -0.001699 -0.209269 0.000033 -0.000046 -0.090525 -0.041553 0.000019 0.000044 -0.096384 0.000063 0.000202 0.600257 -0.000061 0.000162 0.000019 -0.008048
0.000017 -0.000040 0.000004 -0.000030 -0.000031 -0.000709 0.000011 -0.000550 0.016049 0.166530 0.000014 -0.000066 -0.000027 -0.000041 0.000017 0.000047 0.029158 -0.000017 0.407111 -0.000019 -0.014537 0.000005 0.000069 -0.000024 -0.000108 -0.191281 -0.000353 -0.000040 0.000014 0.176862 -0.000050 -0.012335 0.377106 -0.000105 0.003609 -0.000018 0.000018 0.030586 -0.000090 0.000154 -0.000111 -0.001084 0.000147 0.089426 -0.063189 -0.197728 0.000052 -0.000080 0.009804 -0.207028 -0.000014 0.000025 0.004360 -0.000086 0.000079 0.151319 0.000116 0.000118 -0.000057 -0.008276
-0.000034 -0.000036 -0.000091 -0.000020 -0.000075 -0.000727 0.000048 -0.000639 0.015429 0.201014 0.000036 -0.000081 -0.000036 0.000072 -0.000030 -0.000050 -0.105197 0.000017 0.296549 -0.000018 -0.015010 0.000023 -0.000042 -0.000030 -0.000020 -0.183878 -0.000432 0.000041 0.000033 0.065116 0.000023 -0.013246 -0.391678 0.000131 0.041990 -0.000040 0.000013 -0.037257 0.000113 -0.000019 -0.000103 -0.001025 0.000072 0.122666 -0.204037 -0.030210 -0.000106 0.000171 -0.474816 -0.146574 0.000042 -0.000039 0.005349 -0.000007 0.000188 0.141402 -0.000046 0.000122 -0.000014 -0.008823
-0.000003 -0.000053 0.000009 0.000039 -0.000029 -0.000609 -0.000019 -0.000882 0.013497 -0.075715 0.000006 -0.000011 -0.000096 0.000079 0.000048 0.000015 -0.170058 0.000045 0.269060 0.000021 -0.014623 -0.000001 0.000104 -0.000011 -0.000068 -0.008011 -0.000465 0.000037 -0.000028 0.189345 0.000019 -0.014153 -0.008109 -0.000042 0.006628 -0.000039 -0.000046 0.093104 -0.000049 0.000076 -0.000198 -0.000723 -0.000049 -0.011087 -0.158133 -0.240818 -0.000021 0.000027 -0.420563 -0.016101 -0.000109 -0.000001 0.073171 0.000148 0.000038 0.149644 -0.000042 0.000142 0.000010 -0.007883
-0.000065 0.000025 0.000015 0.000023 -0.000000 -0.000493 0.000008 -0.000965 0.010683 -0.020212 -0.000022 0.000081 0.000070 0.000030 -0.000058 0.000037 -0.058257 0.000025 -0.299289 -0.000011 -0.014851 0.000010 -0.000243 0.000028 0.000043 0.140060 -0.000619 0.000019 0.000034 0.039392 0.000145 -0.016135 -0.000267 -0.000082 0.002863 0.000027 0.000028 0.070060 -0.000034 -0.000027 0.000134 -0.000755 -0.000005 -0.080184 -0.000705 -0.205274 -0.000022 0.000046 -0.923185 0.060545 -0.000006 0.000039 0.195304 -0.000296 0.000182 0.081577 -0.000090 0.000009 -0.000097 -0.011097
0.000074 -0.000058 0.000017 -0.000005 -0.000091 -0.000479 -0.000049 -0.001102 0.007619 0.003408 -0.000016 0.000084 -0.000024 -0.000011 -0.000060 -0.000028 0.106372 0.000018 -0.487505 0.000020 -0.016673 0.000010 -0.000048 0.000037 0.000033 0.083911 -0.000576 0.000042 -0.000029 0.076583 0.000057 -0.019479 -0.180715 0.000109 0.005716 -0.000014 0.000024 0.018349 -0.000003 -0.000086 -0.000049 -0.000670 0.000086 -0.263247 0.028903 -0.309721 0.000004 0.000027 -0.956605 0.064362 -0.000003 -0.000038 0.211108 0.000173 -0.000008 0.069775 -0.000034 0.000148 0.000044 -0.009575
-0.000018 0.000002 0.000062 -0.000058 -0.000030 -0.000402 -0.000053 -0.000952 0.008888 -0.017379 0.000041 -0.000047 0.000020 0.000063 -0.000022 -0.000082 -0.068917 0.000050 -0.294958 0.000019 -0.017269 0.000037 0.000031 0.000006 0.000022 -0.019669 -0.000502 -0.000045 0.000056 0.108073 -0.000009 -0.016291 0.131803 -0.000065 0.002624 -0.000010 -0.000001 0.340321 0.000018 -0.000042 0.000249 0.000152 0.000018 -0.099276 0.122942 -0.015693 0.000021 -0.000164 -0.860357 0.204607 -0.000011 0.000016 0.167270 0.000137 -0.000100 0.041819 0.000006 0.000059 0.000026 -0.006976
0.000113 0.000033 0.000075 -0.000064 0.000016 -0.000262 0.000058 -0.001027 0.011496 0.007028 0.000034 -0.000000 -0.000031 0.000019 0.000146 0.000000 -0.187148 -0.000015 0.041477 0.000020 -0.018269 0.000010 -0.000057 -0.000022 -0.000020 -0.091927 -0.000642 -0.000005 -0.000007 0.054528 0.000059 -0.017209 -0.006104 0.000044 0.002456 -0.000050 0.000005 0.362558 -0.000015 0.000048 -0.000005 -0.000006 -0.000123 0.030614 -0.102036 -0.271987 0.000041 -0.000076 -0.014168 -0.062142 -0.000029 0.000018 0.096745 -0.000093 0.000025 -0.014610 -0.000065 -0.000004 -0.000040 -0.006340
0.000064 -0.000058 -0.000057 0.000002 -0.000005 -0.000258 0.000042 -0.001135 0.010860 -0.006515 -0.000062 0.000087 0.000013 0.000046 -0.000048 0.000017 -0.159010 -0.000017 0.098509 0.000003 -0.018674 0.000005 0.000052 -0.000009 -0.000018 -0.107089 -0.000477 0.000008 0.000033 -0.031356 -0.000030 -0.017181 0.008942 0.000053 0.003446 0.000043 0.000008 0.506491 -0.000055 -0.000177 -0.000020 -0.000124 0.000061 0.034630 -0.118985 -0.520013 -0.000024 -0.000035 -0.016367 -0.258259 0.000049 0.000095 0.036505 0.000053 0.000066 0.178602 0.000024 0.000130 0.000022 -0.005967
0.000072 -0.000020 -0.000070 -0.000120 -0.000004 -0.000298 0.000007 -0.000707 0.013333 0.162742 0.000073 0.000009 0.000078 0.000038 -0.000047 0.000010 0.001967 0.000006 -0.103702 0.000014 -0.019906 -0.000007 -0.000044 -0.000014 0.000070 0.076778 -0.000407 -0.000046 0.000052 -0.036667 -0.000100 -0.014703 -0.020456 0.000078 0.000668 -0.000029 0.000044 0.199081 0.000065 -0.000050 -0.000089 -0.000562 0.000122 0.142844 -0.284845 -0.352738 -0.000078 0.000029 -0.016793 0.029516 -0.000004 0.000048 0.097969 -0.000006 0.000061 -0.026914 -0.000205 0.000097 -0.000028 -0.003832
0.000008 0.000014 -0.000273 0.000005 0.000010 -0.000118 -0.000021 -0.000794 0.011410 0.110891 0.000079 0.000008 0.000170 0.000111 -0.000057 0.000023 -0.069519 0.000017 -0.009478 0.000037 -0.019497 -0.000005 0.000026 0.000026 -0.000025 0.046599 -0.000340 -0.000003 0.000054 -0.294277 -0.000004 -0.016863 -0.070872 -0.000031 0.004898 -0.000025 -0.000005 -0.092273 0.000035 0.000076 0.000203 -0.000595 -0.000041 0.336331 -0.321312 -0.222831 -0.000018 0.000024 -0.733701 -0.000582 -0.000011 0.000033 0.100673 0.000518 -0.000046 0.181355 0.000156 0.000161 0.000031 -0.002917
0.000063 -0.000062 0.000056 -0.000019 -0.000016 -0.000264 0.000028 -0.000862 0.009244 0.048504 0.000026 0.000006 0.000049 -0.000042 0.000138 -0.000010 -0.174725 -0.000003 -0.248870 0.000069 -0.018875 0.000005 -0.000050 0.000023 -0.000003 0.185826 -0.000296 0.000041 -0.000078 -0.285479 0.000060 -0.017031 0.176503 -0.000034 0.001596 -0.000024 -0.000002 0.077046 0.000002 -0.000029 0.000239 -0.000539 0.000093 0.167579 -0.071220 -0.106557 -0.000017 0.000029 -0.378886 0.055342 -0.000010 0.000021 -0.110952 -0.003403 0.000139 0.003408 0.000006 0.000002 -0.000013 -0.004627
-0.000011 -0.000052 -0.000102 0.000038 -0.000009 -0.000301 -0.000039 -0.000970 0.009727 -0.230268 0.000026 0.000068 -0.000048 -0.000007 0.000063 -0.000012 0.011013 -0.000031 -0.127081 0.000028 -0.019090 0.000007 0.000001 -0.000009 -0.000044 0.354896 -0.000308 -0.000057 -0.000012 -0.143181 -0.000019 -0.018045 0.198808 -0.000014 0.001290 0.000038 -0.000049 0.294508 -0.000013 0.000049 0.000148 -0.000313 -0.000046 -0.009026 0.187185 -0.436143 -0.000042 -0.000105 -0.215058 -0.073254 -0.000020 0.000018 -0.054378 -0.002196 -0.000145 0.004713 0.000058 0.000100 0.000012 -0.005631
0.000034 -0.000040 -0.000137 0.000019 0.000017 -0.000165 0.000075 -0.001061 0.009360 -0.204673 0.000033 -0.000008 0.000078 0.000051 0.000084 -0.000002 -0.258497 -0.000018 0.301922 -0.000017 -0.018277 -0.000022 -0.000021 -0.000028 -0.000004 0.310453 -0.000331 0.000036 0.000016 0.179604 0.000041 -0.018577 0.012587 0.000114 0.025558 -0.000017 -0.000002 0.202196 -0.000016 -0.000006 0.000161 -0.000569 0.000093 0.021090 0.115354 -0.354003 0.000006 0.000116 -0.370241 -0.113359 -0.000028 -0.000025 -0.386322 0.000563 0.000035 0.165422 -0.000056 0.000134 0.000039 -0.006008
0.000010 0.000086 0.000088 0.000029 -0.000002 -0.000381 -0.000007 -0.000867 0.011364 0.162960 -0.000015 -0.000150 -0.000043 0.000028 -0.000012 -0.000013 0.032661 0.000034 0.360717 0.000007 -0.018352 -0.000013 -0.000047 0.000000 -0.000003 0.404625 -0.000478 0.000029 -0.000099 -0.073972 0.000030 -0.018140 -0.155022 0.000018 0.031167 -0.000011 -0.000009 0.130597 0.000009 0.000021 0.000085 -0.000460 -0.000026 -0.007657 -0.019734 -0.312207 -0.000135 -0.000019 -0.432836 -0.316382 0.000008 -0.000049 -0.379106 -0.000071 0.000094 0.213119 -0.000063 0.000119 -0.000055 -0.005149
-0.000018 -0.000035 -0.000065 0.000007 -0.000047 -0.000358 0.000027 -0.000951 0.010885 -0.013117 0.000032 0.000077 -0.000047 0.000016 0.000009 -0.000002 -0.198801 -0.000015 0.382833 0.000057 -0.018123 0.000007 -0.000045 -0.000016 0.000042 0.316188 -0.000393 0.000044 -0.000018 0.010396 0.000146 -0.017817 -0.016559 -0.000014 0.044343 0.000005 -0.000054 0.113672 -0.000055 0.000048 0.000256 -0.000327 -0.000065 0.086379 -0.047037 -0.143806 -0.000080 -0.000026 -0.675184 -0.484602 -0.000027 -0.000032 -0.199818 -0.000089 0.000312 0.065434 0.000076 0.000118 0.000011 -0.001088
0.000053 0.000010 0.000021 0.000062 -0.000014 -0.000428 0.000001 -0.000906 0.008610 -0.105465 -0.000035 0.000031 0.000041 -0.000042 -0.000055 0.000004 -0.098906 -0.000031 0.132747 0.000016 -0.018671 -0.000008 -0.000048 0.000001 -0.000137 0.331180 -0.000526 0.000024 0.000043 -0.160126 -0.000097 -0.019773 -0.187108 0.000069 0.069974 0.000014 0.000020 -0.017124 0.000024 -0.000049 -0.000062 -0.000655 -0.000063 -0.009742 -0.132687 -0.065924 0.000037 -0.000023 -0.313475 -0.969987 -0.000014 -0.000010 -0.153309 0.000642 0.000037 0.179760 -0.000082 -0.000012 -0.000054 -0.001787
0.000040 0.000045 -0.000065 -0.000133 -0.000015 0.000068 -0.000020 -0.000870 0.006933 -0.202759 -0.000055 0.000036 -0.000012 0.000019 -0.000047 -0.000020 0.083978 0.000042 0.089118 -0.000019 -0.018449 -0.000000 0.000049 0.000006 -0.000010 0.362167 -0.000574 -0.000000 -0.000012 0.110847 0.000044 -0.021044 0.005466 -0.000077 0.003911 -0.000012 0.000017 0.170587 -0.000050 -0.000041 0.000042 -0.000381 0.000044 0.129875 -0.075488 0.009273 0.000043 0.000096 -0.090120 -0.927025 -0.000030 -0.000092 -0.083753 -0.000273 -0.000144 -0.008891 0.000077 0.000165 0.000026 -0.004047
-0.000036 -0.000003 -0.000083 -0.000027 0.000001 -0.000193 -0.000090 -0.000638 0.009941 -0.312745 -0.000034 -0.000124 0.000037 0.000017 0.000038 0.000013 0.119007 0.000022 0.041750 -0.000029 -0.017815 -0.000002 -0.000054 -0.000004 -0.000077 0.578891 -0.000623 0.000030 -0.000079 0.081049 -0.000003 -0.019676 0.179635 0.000103 -0.000312 0.000013 0.000023 0.251709 -0.000024 -0.000058 0.000239 -0.000396 0.000028 0.066736 0.027743 -0.060715 -0.000022 0.000018 0.149018 -0.437671 -0.000015 0.000008 0.125289 0.000064 0.000187 -0.282070 0.000055 0.000007 0.000017 -0.003950
-0.000062 0.000025 0.000010 -0.000088 0.000002 0.000108 -0.000084 -0.000573 0.012929 -0.451956 0.000032 0.000053 0.000007 -0.000077 -0.000022 0.000017 -0.085528 -0.000046 -0.032125 -0.000036 -0.017040 -0.000040 -0.000041 -0.000028 0.000027 0.407362 -0.000580 -0.000022 0.000067 0.039185 0.000009 -0.016550 -0.225851 -0.000005 0.054669 -0.000004 -0.000015 -0.049755 0.000053 0.000034 0.000203 -0.000330 0.000248 0.207449 -0.209171 -0.021196 -0.000043 0.000161 0.337546 0.009631 -0.000014 -0.000056 -0.046950 0.000022 0.000255 -0.167161 -0.000109 0.000111 -0.000078 -0.007279
0.000071 -0.000020 -0.000087 0.000018 0.000008 -0.000326 -0.000111 -0.000608 0.013025 -0.450912 0.000008 -0.000112 -0.000040 -0.000037 0.000047 0.000070 0.124790 -0.000059 -0.033366 0.000063 -0.015963 -0.000008 -0.000051 -0.000010 -0.000007 0.380678 -0.000650 0.000023 -0.000025 0.119281 -0.000012 -0.018631 -0.117864 -0.000036 0.002713 0.000047 0.000010 0.033370 0.000036 -0.000123 -0.000014 -0.000373 -0.000089 0.019045 -0.124570 0.272784 0.000042 0.000033 0.301764 0.002115 0.000012 -0.000025 -0.172220 -0.000074 0.000057 -0.106486 0.000059 0.000140 0.000013 -0.008123
0.000041 0.000056 -0.000118 -0.000014 0.000015 -0.000318 -0.000097 -0.000612 0.016401 -0.390274 0.000018 0.000064 0.000040 0.000038 -0.000053 0.000047 0.319219 0.000049 -0.012649 0.000083 -0.017698 -0.000017 -0.000130 -0.000022 0.000040 0.435600 -0.000774 0.000085 -0.000022 0.135264 -0.000027 -0.016289 -0.082045 -0.000014 0.002009 0.000004 -0.000037 0.066553 0.000026 0.000024 -0.000178 0.000018 -0.000066 -0.042739 0.051561 0.418364 -0.000022 0.000014 0.167436 -0.039489 -0.000015 -0.000021 -0.238614 0.000047 0.000046 -0.091628 -0.000007 0.000095 0.000157 -0.012709
0.000021 -0.000034 -0.000065 -0.000072 0.000003 -0.000365 0.000048 -0.000474 0.018032 -0.187711 -0.000039 0.000052 -0.000046 -0.000089 -0.000052 -0.000016 0.197831 0.000032 0.011697 -0.000013 -0.016342 0.000009 -0.000232 -0.000008 0.000089 0.288579 -0.000680 0.000024 0.000029 0.210376 -0.000004 -0.015024 -0.078882 -0.000016 0.005505 -0.000012 -0.000008 0.003420 -0.000007 -0.000031 -0.000179 -0.000258 -0.000025 0.092025 0.080817 0.306855 -0.000010 0.000008 0.043806 0.101306 0.000043 -0.000061 -0.247913 0.000046 0.000409 -0.023660 -0.000046 0.000149 -0.000028 -0.011110
0.000184 -0.000018 -0.000026 -0.000064 -0.000007 -0.000102 0.000108 -0.000581 0.019938 -0.310787 0.000019 -0.000016 -0.000067 -0.000046 -0.000051 0.000047 0.196419 0.000022 0.166032 -0.000017 -0.018571 0.000008 -0.000040 0.000021 0.000035 0.093620 -0.000823 -0.000054 0.000084 0.089246 0.000087 -0.014214 -0.141926 -0.000119 0.026212 0.000020 -0.000044 0.165628 0.000055 -0.000009 -0.000044 -0.000679 -0.000102 0.065624 0.020245 0.370502 -0.000021 0.000051 0.035979 -0.324245 0.000002 -0.000011 -0.423418 -0.000057 0.000503 0.253236 -0.000120 0.000130 0.000050 -0.009819
0.000012 0.000021 -0.000049 -0.000020 0.000009 -0.000256 0.000067 -0.000614 0.017283 0.007722 0.000003 0.000052 0.000050 -0.000026 -0.000016 0.000002 0.121983 -0.000014 0.158539 0.000024 -0.018125 -0.000018 0.000025 -0.000006 0.000052 0.164620 -0.000734 -0.000040 -0.000040 -0.049242 -0.000089 -0.016369 -0.079268 -0.000024 0.012704 -0.000038 -0.000023 0.100048 -0.000001 -0.000074 -0.000002 0.000082 0.000029 -0.044888 0.061249 0.214590 0.000021 -0.000033 0.283252 -0.970492 0.000064 0.000017 -0.493646 0.000139 0.000133 0.413322 0.000099 -0.000006 0.000043 -0.008725
0.000042 0.000075 0.000030 0.000039 -0.000023 -0.000118 0.000046 -0.000760 0.014073 -0.256593 0.000029 -0.000027 0.000055 0.000078 -0.000002 0.000059 0.021396 -0.000054 0.074821 -0.000069 -0.018319 0.000002 0.000019 0.000018 -0.000051 0.179489 -0.000676 0.000021 0.000038 -0.403075 0.000017 -0.017756 0.184231 0.000029 0.028646 0.000017 -0.000022 0.096100 -0.000020 0.000067 0.000101 -0.000488 0.000124 -0.104743 0.230574 0.066741 -0.000102 0.000011 0.402932 -0.767324 0.000011 -0.000005 -0.181481 0.000103 -0.000061 0.408928 0.000023 0.000115 0.000077 -0.010606
0.000023 0.000051 -0.000030 0.000013 0.000013 -0.000063 -0.000012 -0.000754 0.013152 0.030625 0.000058 0.000025 0.000039 0.000033 0.000028 -0.000044 0.099412 0.000014 0.166691 0.000014 -0.018696 -0.000011 0.000049 -0.000013 -0.000034 -0.016148 -0.000723 -0.000043 0.000043 -0.285700 0.000018 -0.019867 -0.093109 0.000035 0.079079 -0.000005 -0.000028 -0.343582 0.000031 -0.000025 0.000002 -0.000394 -0.000031 -0.045598 -0.106808 -0.132938 0.000028 0.000036 0.421635 -0.247614 -0.000014 -0.000008 -0.222535 -0.000005 0.000038 0.215857 -0.000139 0.000144 -0.000022 -0.010927
-0.000000 -0.000002 -0.000220 0.000006 -0.000053 -0.000186 0.000073 -0.000758 0.011330 -0.051993 0.000013 0.000080 -0.000081 -0.000070 -0.000051 0.000006 0.047028 -0.000023 0.055409 0.000027 -0.019344 0.000005 -0.000024 -0.000013 -0.000054 -0.080531 -0.000685 0.000039 0.000044 -0.036741 -0.000014 -0.019479 0.179541 -0.000108 0.051171 0.000025 -0.000010 -0.463586 0.000031 0.000064 -0.000050 0.000096 0.000012 0.050628 -0.204168 -0.127512 0.000047 0.000025 0.129586 -0.120025 0.000043 -0.000032 -0.289359 0.000123 -0.000011 -0.028362 -0.000004 0.000163 0.000031 -0.012293
0.000045 0.000031 -0.000051 -0.000045 -0.000047 -0.000426 -0.000119 -0.000680 0.015552 -0.045066 -0.000046 0.000026 0.000184 -0.000013 -0.000008 0.000008 0.073022 -0.000064 -0.183221 -0.000030 -0.019937 0.000007 0.000003 0.000027 0.000008 -0.146734 -0.000701 -0.000009 0.000030 0.032034 -0.000006 -0.018748 0.494434 -0.000046 0.021680 0.000017 0.000039 -0.497240 -0.000039 0.000138 -0.000054 -0.000661 0.000010 -0.015400 -0.192613 0.005257 -0.000037 0.000111 -0.142589 0.045851 -0.000032 0.000042 -0.338419 0.000019 -0.000001 -0.193909 0.000139 0.000117 -0.000040 -0.011418
0.000006 0.000029 0.000030 0.000036 0.000005 -0.000235 0.000029 -0.000532 0.016563 0.031801 -0.000071 0.000044 -0.000060 -0.000048 0.000023 -0.000035 0.105813 -0.000017 -0.390913 0.000082 -0.019427 -0.000030 0.000052 0.000014 0.000096 -0.156978 -0.000675 -0.000086 0.000030 -0.451081 -0.000026 -0.016913 0.505195 0.000079 0.043765 -0.000039 -0.000006 -0.547507 -0.000025 -0.000105 0.000052 -0.000660 0.000149 0.090002 -0.184984 -0.099954 0.000025 0.000030 -0.204531 0.228424 -0.000030 0.000022 -0.366926 -0.000026 -0.000026 -0.089710 -0.000032 0.000158 -0.000017 -0.011545
-0.000039 0.000025 -0.000141 0.000126 -0.000066 -0.000474 0.000016 -0.000307 0.020315 0.242614 0.000021 -0.000050 -0.000041 -0.000031 -0.000071 -0.000017 0.110630 0.000019 -0.099190 -0.000020 -0.021215 0.000001 0.000001 0.000001 -0.000015 -0.300679 -0.000718 -0.000001 0.000087 -0.793876 0.000035 -0.013742 0.399446 0.000036 0.065907 -0.000004 0.000032 -0.626924 -0.000013 -0.000034 0.000101 -0.000523 0.000022 0.083849 -0.198621 0.148014 -0.000007 -0.000008 -0.367842 -0.176798 0.000045 0.000044 -0.185063 -0.000002 -0.000126 0.163744 -0.000202 0.000097 0.000046 -0.011250
-0.000050 0.000080 -0.000026 0.000024 0.000017 -0.000390 -0.000041 -0.000406 0.017583 0.082190 0.000004 0.000019 -0.000010 -0.000035 -0.000012 -0.000013 -0.013088 -0.000003 -0.073373 0.000017 -0.021873 0.000007 -0.000026 0.000015 0.000009 -0.269604 -0.000720 0.000060 0.000023 -0.865387 0.000071 -0.015321 0.492233 0.000067 0.107460 0.000012 -0.000031 -0.343848 0.000018 0.000051 -0.000311 -0.000292 0.000177 0.117800 -0.073511 -0.182992 0.000022 -0.000022 -0.024932 -0.078235 -0.000030 -0.000034 -0.308347 0.000006 -0.000025 -0.016088 -0.000056 0.000005 -0.000182 -0.009830
-0.000030 0.000043 -0.000067 -0.000025 -0.000037 -0.000113 -0.000139 -0.000492 0.014588 0.000071 0.000065 0.000083 -0.000034 -0.000100 0.000017 -0.000010 0.001086 -0.000028 0.007409 0.000018 -0.021536 -0.000006 -0.000057 0.000020 0.000059 -0.169680 -0.000640 -0.000016 0.000039 -0.759608 0.000198 -0.015914 0.475486 0.000064 0.060604 0.000003 -0.000021 -0.117284 -0.000023 0.000077 0.000120 -0.000674 -0.000176 -0.163466 0.023443 -0.069706 -0.000022 -0.000042 0.126635 -0.110261 -0.000002 -0.000013 -0.182479 0.000040 -0.000032 -0.059415 -0.000106 0.000094 -0.000094 -0.009434
0.000129 -0.000030 -0.000017 -0.000037 -0.000048 -0.000599 0.000052 -0.000495 0.013326 -0.010953 -0.000007 0.000071 0.000058 -0.000075 -0.000024 -0.000008 0.075143 -0.000034 0.197338 0.000018 -0.020710 -0.000001 0.000025 -0.000002 0.000073 -0.197735 -0.000656 -0.000039 0.000008 -0.961327 0.000057 -0.016003 0.541871 0.000025 0.036062 -0.000014 0.000021 0.003167 0.000020 0.000020 0.000082 -0.000643 -0.000066 -0.284866 0.186875 -0.022438 0.000003 0.000019 0.131503 0.090307 -0.000003 -0.000014 -0.317857 -0.000023 0.000299 0.183743 -0.000036 0.000165 0.000003 -0.008740
0.000062 -0.000029 -0.000099 0.000019 -0.000007 0.000028 -0.000003 -0.000669 0.010871 0.130704 0.000058 0.000045 0.000067 0.000004 0.000043 0.000037 0.018799 0.000017 0.053447 0.000024 -0.019789 0.000005 -0.000035 -0.000003 0.000023 -0.298165 -0.000560 0.000046 -0.000044 -0.982219 0.000074 -0.018594 0.149445 -0.000107 0.099926 0.000034 -0.000041 -0.198173 0.000068 -0.000046 -0.000206 -0.000105 -0.000026 -0.153090 0.006338 -0.139559 0.000007 -0.000008 -0.096048 0.180034 0.000044 0.000002 -0.433103 0.000071 -0.000325 0.306001 0.000060 0.000153 0.000102 -0.009175
0.000109 0.000038 -0.000016 0.000047 -0.000046 -0.000140 0.000032 -0.000783 0.009569 -0.054637 0.000034 -0.000089 0.000037 0.000018 0.000102 0.000024 0.170664 0.000020 0.057523 0.000051 -0.020429 0.000009 0.000022 0.000000 -0.000043 -0.308684 -0.000631 0.000044 0.000028 -0.388729 -0.000006 -0.019600 0.196397 0.000037 0.048063 -0.000030 -0.000016 -0.151882 -0.000012 0.000085 -0.000371 0.000014 0.000025 -0.089806 0.100710 -0.345094 0.000040 -0.000082 -0.077088 0.141655 0.000055 0.000038 -0.262165 -0.000054 -0.000594 0.359058 0.000172 0.000067 0.000100 -0.007900
0.000022 0.000069 -0.000088 0.000013 -0.000064 -0.000474 -0.000037 -0.000760 0.009894 0.177824 0.000020 -0.000039 0.000173 0.000046 0.000025 0.000025 -0.223143 -0.000028 -0.304422 0.000015 -0.019678 0.000007 -0.000001 -0.000057 -0.000041 -0.229942 -0.000730 0.000022 0.000026 -0.069880 0.000084 -0.019866 -0.004423 0.000086 0.035693 0.000012 0.000012 -0.103244 -0.000097 -0.000008 -0.000143 -0.000179 -0.000086 -0.092411 -0.240811 -0.306651 -0.000024 0.000031 0.003941 0.010424 0.000027 -0.000025 -0.225236 0.000049 -0.000138 0.374302 -0.000034 0.000171 0.000023 -0.005579
0.000065 0.000069 -0.000151 -0.000022 0.000007 -0.000467 -0.000047 -0.000922 0.008344 0.370058 0.000084 0.000009 -0.000030 0.000021 -0.000020 -0.000014 -0.168152 0.000009 -0.127053 0.000046 -0.020458 0.000002 -0.000003 -0.000019 0.000041 -0.148945 -0.000640 0.000012 0.000022 -0.332178 -0.000049 -0.020439 0.122452 -0.000018 -0.002058 -0.000019 0.000032 0.106500 -0.000058 0.000019 0.000013 -0.000452 0.000197 -0.021949 -0.140702 0.305644 0.000024 0.000031 -0.171236 -0.223816 -0.000027 0.000035 -0.177273 -0.000008 0.000008 0.086902 -0.000036 0.000135 -0.000028 -0.007667
-0.000002 -0.000032 0.000051 0.000054 -0.000024 -0.000240 -0.000046 -0.000952 0.008277 0.087057 0.000062 0.000056 0.000097 0.000010 0.000027 0.000009 -0.117299 -0.000016 -0.163853 0.000014 -0.020207 0.000012 0.000006 -0.000009 0.000052 -0.055381 -0.000533 -0.000071 -0.000045 -0.306182 -0.000047 -0.020726 0.253724 0.000034 0.004177 0.000028 0.000017 0.085895 0.000047 0.000030 -0.000251 -0.000228 0.000015 0.006253 -0.264392 0.316829 -0.000030 0.000045 0.076126 -0.086171 -0.000005 -0.000004 -0.157504 0.000023 0.000035 0.029509 0.000016 0.000044 -0.000129 -0.006456
-0.000046 0.000059 -0.000098 -0.000074 -0.000009 -0.000245 -0.000079 -0.001281 0.006304 0.059536 -0.000017 -0.000028 0.000098 0.000045 -0.000035 -0.000007 0.066053 -0.000031 -0.538840 -0.000033 -0.019266 0.000011 -0.000025 -0.000009 -0.000067 -0.080510 -0.000398 -0.000024 0.000043 0.191996 0.000124 -0.022170 0.169824 0.000021 0.040763 0.000053 -0.000036 0.108189 -0.000124 -0.000046 0.000062 0.000283 0.000109 0.045184 -0.432250 0.193306 -0.000010 -0.000017 0.424168 -0.007253 -0.000001 -0.000063 0.008769 -0.000020 -0.000495 0.021311 -0.000092 0.000168 0.000009 -0.005949
-0.000141 -0.000035 0.000014 0.000020 -0.000045 -0.000470 0.000010 -0.001024 0.006813 0.114418 -0.000023 0.000022 -0.000046 0.000011 0.000036 -0.000020 -0.396549 -0.000030 -0.472742 -0.000012 -0.019920 -0.000010 0.000013 -0.000008 0.000023 -0.129063 -0.000387 -0.000012 0.000020 0.247315 -0.000026 -0.020935 0.086271 0.000045 0.095084 0.000027 -0.000002 -0.047090 0.000016 -0.000085 -0.000193 0.000764 0.000020 -0.027730 -0.442515 -0.019092 -0.000024 -0.000028 0.396287 0.132493 -0.000012 0.000004 -0.009770 0.000024 -0.000553 -0.116752 -0.000074 0.000043 -0.000104 -0.007255
0.000043 0.000006 0.000089 -0.000034 -0.000000 -0.000295 0.000008 -0.000976 0.007461 -0.029970 0.000042 0.000031 -0.000018 -0.000004 0.000040 0.000009 -0.303087 0.000114 -0.131749 -0.000038 -0.021040 -0.000007 -0.000094 -0.000002 -0.000037 0.073410 -0.000494 -0.000056 0.000021 0.231541 -0.000130 -0.019585 0.213930 0.000036 0.017728 -0.000050 0.000006 0.042305 -0.000107 -0.000051 0.000017 0.000037 0.000021 0.040519 -0.170266 0.065477 0.000079 -0.000001 0.115928 0.110559 0.000027 -0.000006 -0.013563 -0.000095 -0.000673 -0.007457 0.000024 -0.000006 0.000053 -0.007421
-0.000011 -0.000053 -0.000020 -0.000002 -0.000018 0.000335 0.000003 -0.001004 0.005719 0.074826 0.000064 -0.000056 -0.000020 0.000045 -0.000134 -0.000045 0.002167 -0.000021 -0.069853 -0.000008 -0.020921 -0.000010 0.000074 -0.000011 -0.000032 0.179524 -0.000473 0.000034 0.000021 -0.048200 0.000062 -0.020067 0.044124 -0.000007 0.002865 -0.000026 -0.000058 0.109287 -0.000073 -0.000025 -0.000282 0.000031 -0.000145 -0.283491 -0.002525 0.175449 0.000042 0.000041 0.028015 0.137195 0.000044 0.000020 0.189542 -0.000030 -0.000597 -0.008640 -0.000063 0.000134 0.000096 -0.006872
-0.000005 0.000044 -0.000045 0.000021 -0.000003 0.000071 0.000023 -0.001042 0.002878 0.012809 -0.000018 -0.000052 0.000135 -0.000016 -0.000009 0.000004 -0.156280 -0.000006 0.289848 -0.000017 -0.021542 0.000010 -0.000009 0.000010 0.000072 0.144344 -0.000393 -0.000040 -0.000040 -0.073329 0.000028 -0.021249 -0.368283 0.000037 0.007336 0.000030 -0.000002 0.265695 0.000002 -0.000001 -0.000315 0.000748 -0.000190 -0.156246 0.221529 -0.041488 0.000157 0.000024 0.132295 0.238524 0.000020 0.000010 0.317010 -0.000026 -0.000430 0.069574 0.000032 0.000120 -0.000107 -0.006457
0.000058 0.000039 -0.000095 -0.000125 -0.000024 -0.000536 -0.000076 -0.001077 0.001183 0.219319 -0.000051 0.000047 0.000064 -0.000052 -0.000028 -0.000020 -0.020789 -0.000043 0.319947 -0.000111 -0.021333 -0.000002 -0.000040 0.000022 -0.000028 0.037206 -0.000478 0.000004 -0.000003 -0.078895 -0.000059 -0.020536 -0.271083 -0.000017 0.004921 0.000059 0.000025 0.363616 -0.000004 0.000038 -0.000156 0.000442 -0.000007 -0.234550 -0.020232 0.109846 -0.000044 -0.000020 0.000335 -0.070988 -0.000016 0.000019 0.285976 0.000018 -0.000656 -0.359315 -0.000026 -0.000020 -0.000006 -0.006561
0.000013 -0.000100 0.000097 -0.000053 -0.000029 -0.000432 -0.000023 -0.001024 0.000802 0.228039 -0.000054 0.000004 -0.000038 -0.000009 -0.000056 0.000024 -0.285824 0.000073 0.437766 0.000033 -0.021513 -0.000003 -0.000005 -0.000009 0.000080 -0.186124 -0.000519 0.000052 -0.000115 0.191269 0.000081 -0.020867 -0.168094 -0.000012 0.023835 -0.000051 -0.000015 0.253572 -0.000062 0.000044 -0.000299 0.000730 -0.000033 0.009447 0.083724 0.175765 -0.000022 -0.000008 -0.038365 -0.095402 -0.000008 -0.000009 -0.023709 -0.000034 -0.000662 -0.350590 0.000111 -0.000026 -0.000039 -0.004796
0.000075 -0.000041 -0.000076 0.000038 -0.000022 -0.000314 0.000009 -0.000868 0.001944 0.085709 -0.000016 0.000047 0.000055 0.000085 0.000026 -0.000012 -0.402952 -0.000035 -0.134526 0.000057 -0.022466 -0.000005 0.000011 -0.000015 0.000029 -0.166702 -0.000653 -0.000005 0.000024 0.184977 -0.000012 -0.021048 -0.141893 -0.000027 0.053425 -0.000015 -0.000011 0.211838 -0.000014 -0.000002 0.000503 0.000646 0.000070 0.232537 0.044917 -0.055525 0.000043 0.000038 -0.077495 0.155736 -0.000028 -0.000020 -0.004204 -0.000060 -0.000426 -0.125950 0.000111 0.000036 -0.000058 -0.002874
0.000033 0.000039 0.000013 -0.000038 -0.000001 -0.000071 -0.000030 -0.001021 0.001163 -0.115425 0.000083 -0.000051 -0.000119 -0.000009 -0.000025 0.000011 -0.248201 -0.000031 -0.292885 -0.000006 -0.021933 -0.000004 0.000013 -0.000008 -0.000021 -0.253815 -0.000740 0.000052 0.000003 0.049784 0.000057 -0.021414 -0.124102 -0.000028 0.042088 0.000013 0.000021 0.219442 0.000038 0.000037 0.000904 -0.000069 -0.000296 0.184528 0.063530 -0.303658 -0.000043 -0.000060 -0.044810 0.224158 -0.000001 -0.000018 0.036424 -0.000016 0.000327 0.026511 -0.000109 -0.000011 -0.000004 -0.003275
0.000045 0.000014 0.000092 -0.000076 -0.000016 -0.000460 0.000089 -0.000871 0.004316 -0.048370 0.000042 0.000046 0.000055 0.000014 0.000026 -0.000087 -0.139643 -0.000001 -0.491151 0.000010 -0.022084 0.000008 -0.000017 -0.000013 0.000054 -0.123582 -0.000691 -0.000077 -0.000019 -0.061525 0.000187 -0.021077 0.041280 0.000017 0.002173 -0.000043 -0.000003 0.410899 -0.000008 0.000078 0.000351 0.000172 -0.000064 0.273512 0.164835 -0.366028 0.000059 -0.000078 -0.086501 0.102947 0.000008 0.000020 0.147840 -0.000158 0.000270 0.002244 -0.000014 0.000110 -0.000056 -0.004706
-0.000028 0.000016 0.000020 0.000060 -0.000039 -0.000236 0.000003 -0.000688 0.007266 0.023678 0.000002 0.000020 0.000044 0.000012 0.000031 0.000017 -0.110861 0.000016 -0.590811 -0.000006 -0.021579 -0.000005 0.000030 0.000001 0.000053 -0.152687 -0.000679 0.000038 0.000000 -0.095023 -0.000051 -0.019298 -0.218074 -0.000009 0.037219 0.000020 -0.000006 0.149313 -0.000016 -0.000039 -0.000076 0.000530 0.000281 0.335579 -0.172989 -0.252734 -0.000008 -0.000078 -0.154157 0.061952 0.000014 0.000035 -0.082244 -0.000217 0.000059 -0.250238 0.000114 0.000124 -0.000030 -0.002634
0.000044 -0.000031 -0.000156 -0.000063 -0.000070 -0.000297 0.000000 -0.000824 0.008646 -0.052129 -0.000044 0.000020 0.000164 -0.000007 -0.000009 -0.000004 0.012778 0.000013 -0.343144 0.000033 -0.021611 0.000000 -0.000024 -0.000006 0.000005 -0.141789 -0.000711 -0.000045 0.000028 -0.095531 0.000131 -0.020103 0.003564 -0.000006 0.001288 -0.000042 0.000009 0.223922 0.000044 0.000016 -0.000406 0.000301 0.000263 -0.129435 -0.140193 -0.098639 0.000025 0.000047 -0.235099 0.216358 -0.000042 -0.000066 -0.087125 0.000104 -0.000100 -0.049515 0.000040 0.000105 -0.000055 -0.003116
0.000057 0.000002 -0.000135 0.000022 -0.000020 -0.000194 -0.000063 -0.000612 0.009360 -0.285086 0.000036 -0.000086 -0.000064 0.000014 0.000038 -0.000028 -0.370456 0.000032 -0.157676 0.000020 -0.021472 0.000015 -0.000045 -0.000051 -0.000052 -0.235152 -0.000608 -0.000039 -0.000015 -0.027253 -0.000091 -0.017814 0.041959 -0.000044 0.032607 -0.000014 -0.000035 0.333908 0.000051 0.000007 0.000157 0.000344 0.000237 -1.040632 -0.004322 -0.304503 -0.000039 0.000026 -0.449520 0.005675 0.000010 0.000022 -0.031998 0.000077 -0.000681 -0.192423 0.000043 0.000117 -0.000052 -0.002577
-0.000055 0.000004 -0.000018 -0.000014 0.000002 -0.000276 0.000042 -0.000831 0.007123 0.034721 0.000030 -0.000011 -0.000077 -0.000011 -0.000019 -0.000009 -0.151882 -0.000036 0.052434 0.000064 -0.021747 -0.000001 -0.000050 -0.000029 -0.000021 -0.099326 -0.000705 -0.000023 -0.000022 0.003621 0.000081 -0.019209 -0.047102 -0.000057 0.002970 0.000014 0.000004 0.308021 -0.000029 0.000014 0.000072 0.000424 -0.000024 -1.411650 -0.114052 0.030750 0.000025 -0.000033 -0.280434 -0.270729 -0.000002 -0.000014 -0.022125 -0.000084 -0.000615 0.073734 0.000022 0.000097 -0.000059 -0.002436
-0.000068 -0.000030 0.000099 0.000005 -0.000003 -0.000407 -0.000043 -0.000964 0.005259 -0.173023 -0.000027 0.000048 -0.000092 0.000015 -0.000003 -0.000080 -0.231833 -0.000026 0.269703 0.000020 -0.021792 0.000011 0.000033 -0.000006 -0.000047 -0.129242 -0.000628 -0.000015 0.000028 0.000404 -0.000064 -0.019124 -0.068518 0.000014 0.016902 0.000003 0.000021 0.143346 0.000055 -0.000066 -0.000167 0.000760 0.000035 -1.512869 -0.080881 0.242529 0.000014 -0.000003 0.111064 0.053836 -0.000006 0.000014 -0.241807 -0.000037 -0.000215 0.470535 -0.000033 0.000165 0.000030 -0.001897
0.000161 0.000046 0.000021 0.000023 -0.000063 -0.000460 0.000001 -0.000928 0.002576 -0.116055 -0.000027 0.000043 -0.000024 0.000088 -0.000044 -0.000024 -0.093847 0.000017 0.013393 0.000014 -0.022404 0.000016 0.000001 0.000029 0.000031 0.090792 -0.000633 0.000007 -0.000021 -0.057313 -0.000075 -0.020405 0.017171 -0.000007 0.000388 -0.000012 -0.000022 0.273533 0.000055 0.000028 -0.000009 -0.000499 0.000056 -1.214239 0.058922 0.370302 0.000025 -0.000031 0.115276 0.152811 -0.000019 -0.000021 -0.289035 0.000052 -0.000658 0.295856 -0.000012 0.000124 -0.000020 -0.001841
0.000064 -0.000024 0.000177 -0.000040 -0.000004 -0.000257 0.000143 -0.001153 0.001292 0.194185 0.000017 -0.000047 0.000072 0.000101 -0.000104 0.000052 -0.087858 -0.000027 0.315688 -0.000030 -0.021610 -0.000004 0.000015 -0.000003 0.000039 -0.004094 -0.000512 -0.000005 0.000004 0.117403 0.000129 -0.021036 0.066007 0.000005 -0.001176 -0.000016 -0.000028 0.032073 0.000069 0.000090 0.000081 0.000865 0.000213 -0.742858 0.021119 0.310547 -0.000065 -0.000036 0.338442 0.005471 0.000002 0.000046 -0.237810 -0.000021 -0.000533 0.320609 0.000024 0.000089 0.000020 -0.001546
0.000216 0.000024 0.000111 0.000069 -0.000000 -0.000347 -0.000046 -0.001565 -0.000175 0.059268 0.000033 -0.000019 -0.000027 -0.000019 -0.000033 0.000008 -0.132995 0.000007 0.174644 0.000018 -0.021017 0.000003 0.000057 0.000006 -0.000006 -0.160144 -0.000469 0.000013 0.000077 0.177209 -0.000032 -0.022275 -0.043648 -0.000019 -0.000170 0.000099 -0.000010 0.094322 0.000059 0.000037 -0.000376 0.000436 0.000176 -0.094501 -0.022964 0.199299 -0.000161 -0.000047 0.510356 0.168788 -0.000031 0.000014 -0.465839 -0.000056 -0.000731 0.123000 0.000022 0.000126 0.000049 -0.004004
-0.000031 0.000146 -0.000015 0.000017 -0.000010 -0.000187 -0.000014 -0.001397 0.000571 0.044544 0.000006 0.000094 0.000018 0.000046 -0.000021 -0.000011 0.025209 -0.000058 -0.004451 -0.000121 -0.019701 -0.000007 -0.000013 -0.000002 -0.000047 -0.265064 -0.000447 -0.000045 0.000019 0.111724 0.000034 -0.021777 -0.137880 0.000021 0.001019 0.000026 0.000015 0.050711 0.000020 0.000039 -0.000299 0.000437 0.000037 0.233983 0.080846 0.206248 -0.000083 -0.000027 0.096690 -0.079412 0.000043 0.000009 -0.085825 -0.000008 0.000547 -0.002007 -0.000027 0.000119 -0.000022 -0.003494
0.000032 0.000069 -0.000017 0.000002 -0.000052 -0.000248 0.000029 -0.001324 0.003503 -0.098488 -0.000003 -0.000019 -0.000028 0.000031 0.000031 0.000034 0.339062 0.000060 -0.215286 -0.000026 -0.019159 0.000007 0.000033 -0.000011 -0.000048 -0.058942 -0.000512 -0.000104 -0.000007 -0.034330 0.000009 -0.019868 0.273509 -0.000024 -0.014920 0.000053 0.000001 0.007799 0.000075 -0.000030 0.000171 -0.000157 -0.000387 -0.077056 0.424123 0.319120 0.000076 0.000004 -0.000304 -0.008765 0.000022 -0.000014 0.073984 0.000052 -0.000578 -0.060618 0.000004 0.000160 0.000052 -0.002575
0.000007 -0.000002 0.000061 0.000015 0.000013 -0.000260 0.000014 -0.001105 0.005218 -0.312475 0.000045 0.000020 0.000133 -0.000018 -0.000025 -0.000023 -0.021955 -0.000052 -0.107390 0.000038 -0.016936 -0.000006 -0.000027 -0.000007 -0.000073 -0.151393 -0.000514 0.000041 0.000023 0.080620 -0.000067 -0.017555 0.019916 0.000083 -0.000796 0.000042 -0.000038 -0.096171 0.000008 -0.000061 0.000089 0.000625 -0.000233 0.008803 0.355704 0.467772 -0.000054 0.000038 0.086171 0.326112 0.000023 -0.000018 -0.423593 -0.000062 -0.000744 -0.267343 -0.000039 0.000075 -0.000140 -0.002746
-0.000067 0.000022 0.000019 -0.000022 -0.000025 -0.000380 -0.000013 -0.000833 0.010107 -0.313787 -0.000019 0.000023 0.000171 0.000045 -0.000032 -0.000022 0.135999 0.000051 -0.101600 -0.000023 -0.017919 0.000005 0.000111 -0.000004 0.000001 -0.029486 -0.000634 0.000051 0.000077 0.177874 -0.000020 -0.015452 -0.241178 0.000009 0.033801 0.000013 0.000021 -0.217655 -0.000062 0.000075 0.000154 0.000061 0.000240 0.017811 0.090461 0.316817 0.000042 0.000049 0.161341 0.440555 0.000036 0.000057 -0.384359 -0.000209 -0.000246 -0.237353 0.000021 0.000132 -0.000065 -0.002400
-0.000075 -0.000040 -0.000135 0.000082 -0.000035 -0.000611 -0.000020 -0.000778 0.012747 -0.023591 0.000017 0.000049 0.000001 -0.000066 -0.000038 0.000028 0.245393 0.000016 -0.212682 0.000044 -0.017454 0.000010 0.000010 -0.000001 0.000017 0.258376 -0.000744 -0.000031 -0.000029 0.214099 -0.000059 -0.016143 0.044027 -0.000028 -0.008418 -0.000041 -0.000026 -0.159849 -0.000077 -0.000026 -0.000133 -0.000695 0.000318 0.213793 0.206107 0.263402 -0.000043 -0.000025 0.039829 0.079698 -0.000039 -0.000013 -0.239934 -0.000031 0.000614 -0.458369 -0.000055 0.000105 -0.000078 -0.001418
-0.000028 -0.000086 -0.000016 -0.000049 -0.000009 -0.000307 0.000002 -0.000776 0.013563 -0.124169 -0.000048 0.000016 0.000056 -0.000007 0.000054 0.000024 0.159486 -0.000054 0.029956 0.000007 -0.017145 0.000023 0.000034 0.000005 0.000053 -0.099861 -0.000728 -0.000031 -0.000087 0.087268 -0.000012 -0.016812 0.033810 -0.000057 0.001196 -0.000005 -0.000002 -0.320714 0.000024 -0.000023 0.000066 -0.000263 0.000024 0.090800 -0.058100 0.012140 0.000029 -0.000023 0.029272 -0.349340 -0.000068 0.000009 -0.125124 -0.000002 0.001753 -0.299751 -0.000011 0.000086 0.000185 -0.001180
0.000019 0.000023 0.000096 0.000040 -0.000003 -0.000450 0.000021 -0.000808 0.014374 -0.176075 0.000006 0.000042 -0.000070 -0.000029 -0.000028 -0.000024 0.096925 -0.000017 0.012052 0.000004 -0.017274 0.000002 0.000022 0.000023 0.000058 -0.199256 -0.000756 -0.000002 -0.000056 0.013393 -0.000003 -0.015635 0.251704 -0.000066 0.000219 -0.000040 -0.000002 -0.197493 -0.000024 -0.000021 -0.000050 -0.000483 0.000184 0.035663 0.002908 -0.028905 0.000022 0.000085 0.197476 -0.423805 -0.000034 -0.000014 -0.302237 -0.000025 0.000469 -0.116313 0.000029 0.000119 0.000106 -0.000428
-0.000038 -0.000003 0.000158 -0.000029 0.000007 -0.000391 -0.000052 -0.000631 0.015162 -0.281795 0.000054 -0.000080 -0.000074 -0.000012 0.000033 -0.000012 0.028502 -0.000030 0.098458 0.000057 -0.016481 0.000004 0.000009 -0.000010 -0.000034 -0.247011 -0.000635 0.000073 -0.000042 -0.192673 -0.000024 -0.015286 0.214806 0.000102 -0.003720 -0.000014 -0.000015 -0.047810 0.000030 -0.000003 -0.000039 -0.000581 0.000090 -0.024839 0.134772 0.425346 -0.000059 -0.000021 0.004284 -0.572208 0.000046 -0.000026 -0.025188 0.000075 -0.000561 -0.360348 0.000195 0.000104 -0.000028 -0.001125
0.000022 0.000019 -0.000013 0.000003 -0.000075 -0.000365 -0.000022 -0.000567 0.015104 -0.404659 0.000021 -0.000009 0.000037 -0.000011 -0.000095 -0.000053 0.042610 0.000018 0.162944 -0.000048 -0.016417 0.000011 0.000012 -0.000016 -0.000075 -0.289234 -0.000622 0.000050 0.000038 -0.028038 -0.000032 -0.014083 0.026051 0.000052 0.000645 -0.000027 0.000024 -0.107433 0.000020 -0.000058 0.000090 0.000173 0.000009 0.050101 0.072180 0.286550 -0.000012 0.000042 -0.077374 -0.295188 0.000046 0.000050 -0.180524 0.000027 -0.000738 -0.593884 0.000076 0.000126 -0.000003 -0.000920
-0.000026 0.000044 0.000058 -0.000079 -0.000009 -0.000146 -0.000100 -0.000447 0.017363 -0.308939 -0.000015 -0.000022 0.000055 0.000057 0.000028 0.000017 -0.180630 -0.000034 -0.067395 -0.000084 -0.015633 0.000004 -0.000003 -0.000014 -0.000048 -0.300774 -0.000655 -0.000039 0.000007 -0.005799 -0.000010 -0.013309 0.159334 -0.000012 0.002367 -0.000059 -0.000039 -0.000574 0.000123 -0.000022 0.000134 -0.000409 0.000003 0.050565 0.024471 0.331157 0.000076 0.000072 -0.049912 -0.008412 -0.000027 0.000032 -0.382679 0.000059 -0.000871 -0.448033 0.000146 0.000100 0.000063 -0.002171
-0.000131 -0.000011 0.000053 -0.000014 -0.000013 -0.000277 -0.000057 -0.000386 0.017273 -0.218287 0.000005 -0.000145 -0.000070 0.000006 -0.000032 -0.000014 -0.162749 0.000002 -0.172868 -0.000017 -0.015213 0.000005 -0.000023 -0.000015 -0.000003 -0.152189 -0.000600 -0.000039 0.000043 -0.007889 0.000096 -0.011835 -0.024688 -0.000035 0.047412 -0.000013 -0.000002 -0.013289 -0.000077 -0.000039 0.000029 0.000031 -0.000087 -0.134688 -0.209744 0.079652 0.000033 0.000021 -0.000734 0.071148 0.000005 -0.000010 -0.228388 -0.000047 -0.000623 -0.488410 -0.000062 0.000077 -0.000056 -0.003732
0.000107 -0.000021 0.000054 -0.000131 0.000008 -0.000368 -0.000005 -0.000337 0.020107 0.128206 0.000008 0.000061 0.000036 -0.000035 0.000033 -0.000032 -0.163793 -0.000001 -0.182054 0.000086 -0.016192 -0.000004 0.000046 0.000006 -0.000019 -0.191551 -0.000529 -0.000090 -0.000008 0.047849 0.000012 -0.011101 0.104762 -0.000006 0.009082 0.000042 0.000009 -0.014655 -0.000076 0.000015 0.000114 -0.000321 0.000163 -0.355613 -0.043367 0.005828 -0.000022 -0.000022 -0.025614 -0.001816 -0.000045 0.000013 -0.017534 0.000046 0.000205 -0.013880 -0.000010 -0.000014 -0.000084 -0.003104
0.000056 0.000009 -0.000059 -0.000039 -0.000014 -0.000205 0.000031 -0.000216 0.022494 0.178860 -0.000051 -0.000048 0.000038 -0.000007 0.000003 -0.000030 -0.083800 -0.000016 -0.267101 -0.000032 -0.016154 0.000008 0.000030 -0.000002 0.000002 -0.042986 -0.000920 -0.000022 -0.000152 -0.184610 0.000038 -0.009120 0.268293 -0.000040 0.004209 0.000013 -0.000003 0.000728 0.000000 -0.000020 0.000034 -0.000637 0.000090 -0.288129 0.157596 -0.205103 0.000031 0.000076 0.202926 0.144439 0.000053 -0.000043 0.317168 -0.000075 -0.000126 -0.092037 -0.000098 0.000132 0.000004 -0.002390
-0.000021 0.000005 -0.000069 -0.000056 0.000004 -0.000447 -0.000043 -0.000120 0.024600 0.069765 0.000033 0.000017 -0.000037 0.000027 -0.000057 0.000009 -0.158771 0.000048 -0.096658 -0.000006 -0.017661 0.000005 0.000004 -0.000004 -0.000045 -0.041630 -0.001004 -0.000074 0.000024 0.306539 0.000049 -0.008224 0.048383 -0.000112 0.003055 0.000051 0.000011 0.022262 0.000054 0.000129 -0.000070 0.000002 0.000102 -0.115700 0.105192 -0.050953 -0.000023 -0.000097 0.376622 0.282324 -0.000053 -0.000002 0.020615 0.000036 0.000207 -0.060192 0.000088 0.000068 0.000007 -0.002953
-0.000015 0.000015 -0.000049 0.000021 0.000006 -0.000308 -0.000036 -0.000211 0.022845 0.056906 0.000016 -0.000044 0.000040 0.000101 -0.000068 -0.000017 -0.064364 -0.000058 0.106347 -0.000012 -0.016878 -0.000000 0.000026 -0.000011 -0.000019 -0.095644 -0.001277 0.000006 -0.000014 0.387477 0.000070 -0.010492 0.208709 -0.000017 0.000069 0.000032 -0.000043 0.108444 0.000051 -0.000017 -0.000193 -0.000470 0.000018 0.080795 0.264386 0.162417 -0.000051 -0.000059 0.199490 -0.113128 -0.000014 0.000011 0.112832 0.000067 0.000277 0.115612 0.000046 0.000050 0.000056 -0.003947
-0.000025 -0.000073 0.000041 0.000021 -0.000045 -0.000190 -0.000081 -0.000292 0.022584 0.261417 -0.000008 -0.000103 0.000013 0.000037 0.000050 0.000048 -0.000343 -0.000023 0.154220 0.000013 -0.016965 0.000006 -0.000001 -0.000002 0.000050 -0.129345 -0.001410 -0.000020 0.000015 0.373557 0.000105 -0.011616 0.168210 0.000022 -0.000027 0.000064 0.000020 0.092631 0.000017 -0.000031 -0.000072 -0.000224 0.000027 0.127799 -0.150324 0.087956 -0.000044 -0.000021 0.130314 -0.158992 0.000027 0.000025 0.306945 -0.000073 0.000129 -0.036723 -0.000012 -0.000007 0.000045 -0.004035
0.000079 0.000057 -0.000080 0.000027 -0.000044 -0.000313 0.000095 -0.000393 0.021141 0.378723 0.000033 -0.000073 0.000081 -0.000054 0.000016 0.000019 -0.064389 0.000030 0.063231 0.000049 -0.015612 -0.000001 -0.000049 -0.000013 0.000027 0.105875 -0.001183 0.000014 -0.000042 0.291112 0.000018 -0.013030 -0.152583 0.000003 0.019281 -0.000051 0.000006 0.125052 -0.000050 -0.000066 -0.000041 0.000013 -0.000015 0.112702 -0.453082 -0.000217 0.000010 0.000027 -0.161313 -0.021744 0.000002 -0.000014 0.183137 0.000054 -0.000032 -0.291092 0.000035 0.000167 -0.000034 -0.004316
0.000101 0.000024 -0.000001 0.000015 0.000010 -0.000237 -0.000040 -0.002837 0.017120 -0.076737 0.000011 0.000006 -0.000132 -0.000035 0.000135 -0.000017 -0.390022 0.000014 -0.117601 0.000019 -0.013632 -0.000013 0.000075 -0.000018 0.000027 0.312466 -0.001174 0.000065 0.000019 0.093603 -0.000086 -0.016516 0.066052 -0.000015 0.029900 0.000010 0.000002 0.139082 -0.000016 -0.000075 0.000150 0.000188 0.000074 0.024688 -0.231164 -0.204418 0.000072 -0.000056 -0.192474 -0.016619 0.000043 0.000021 0.158684 -0.000008 0.000011 -0.190931 -0.000003 0.000151 -0.000031 -0.006141
0.000008 0.000066 0.000085 -0.000081 -0.000025 0.000106 -0.000140 -0.004087 0.013771 -0.042637 -0.000016 -0.000028 0.000039 -0.000119 -0.000056 0.000034 -0.644239 0.000005 -0.138310 0.000012 -0.012838 -0.000001 0.000032 0.000013 0.000047 0.286130 -0.000861 0.000031 -0.000046 -0.017702 0.000209 -0.018633 -0.014954 -0.000110 0.083112 0.000015 0.000005 0.010130 -0.000018 0.000062 -0.000077 -0.000702 0.000071 0.116977 -0.242107 -0.040341 0.000109 -0.000080 -0.083410 0.047484 -0.000005 -0.000025 -0.014644 -0.000022 -0.000067 -0.081736 -0.000034 0.000094 0.000169 -0.006024
-0.000009 -0.000022 -0.000089 0.000138 -0.000017 -0.000253 0.000019 -0.004057 0.011625 -0.003222 -0.000007 -0.000043 -0.000081 -0.000085 0.000076 0.000060 -0.030876 -0.000050 -0.140887 -0.000019 -0.012347 -0.000006 -0.000075 0.000051 0.000008 0.310666 -0.000845 0.000005 0.000079 -0.381639 -0.000047 -0.021023 -0.063984 0.000108 0.059992 -0.000030 0.000021 0.102648 0.000004 -0.000020 0.000251 -0.000185 0.000025 -0.023666 -0.166584 0.075970 -0.000043 0.000002 -0.215578 -0.006356 0.000005 -0.000018 -0.132823 -0.000002 -0.000087 -0.232031 -0.000063 0.000131 -0.000041 -0.005740
0.000067 -0.000040 -0.000055 -0.000048 0.000007 -0.000498 0.000107 -0.003725 0.010051 0.150464 0.000051 0.000106 0.000121 -0.000007 -0.000048 0.000010 -0.214971 0.000031 -0.101134 -0.000014 -0.012440 -0.000013 -0.000025 -0.000020 -0.000001 0.298160 -0.001148 -0.000064 0.000021 -0.532773 0.000073 -0.022710 -0.266900 -0.000057 0.117196 0.000023 -0.000020 0.122684 0.000179 0.000037 -0.000030 -0.000011 0.000015 -0.066736 0.129153 0.057535 0.000022 -0.000028 -0.092112 -0.177807 -0.000012 0.000005 0.001092 -0.000029 0.000232 0.120260 -0.000013 0.000081 0.000027 -0.006435
0.000106 0.000014 0.000091 0.000059 -0.000005 0.000433 -0.000024 -0.002694 0.010383 0.106091 -0.000022 0.000017 0.000041 0.000059 -0.000015 0.000005 -0.300156 -0.000015 0.197445 0.000047 -0.009438 0.000011 0.000081 -0.000036 -0.000055 0.117244 -0.000866 0.000002 -0.000055 -0.443591 0.000069 -0.022752 -0.207342 -0.000058 0.156185 -0.000031 0.000012 -0.025413 -0.000040 -0.000079 0.000205 -0.000030 -0.000109 0.122528 0.133072 -0.149720 0.000031 -0.000076 -0.075600 0.114248 0.000029 -0.000014 -0.114495 -0.000084 -0.000080 0.119978 -0.000057 0.000093 -0.000002 -0.005781
-0.000028 -0.000063 -0.000091 0.000008 -0.000028 -0.000360 0.000055 -0.001579 0.012050 0.004042 0.000045 0.000006 0.000045 0.000054 0.000200 0.000033 -0.170395 0.000028 0.370671 0.000042 -0.009188 0.000016 -0.000137 0.000008 0.000020 0.028484 -0.000797 -0.000002 -0.000059 -0.260838 0.000091 -0.023183 0.017960 -0.000036 0.121156 -0.000032 -0.000011 -0.330699 0.000023 0.000038 0.000075 -0.000268 0.000078 -0.110216 -0.006148 -0.269605 0.000058 0.000033 -0.226835 0.184040 -0.000043 0.000019 -0.224750 0.000050 -0.000009 -0.266819 -0.000034 0.000072 -0.000011 -0.005069
0.000070 -0.000036 -0.000003 -0.000024 0.000007 -0.000366 -0.000050 -0.002847 0.010615 0.070961 -0.000071 0.000029 0.000040 -0.000043 0.000012 -0.000051 -0.275519 0.000031 0.085554 0.000054 -0.005977 0.000011 -0.000019 0.000029 0.000012 0.105223 -0.000810 0.000007 -0.000001 -0.515830 0.000013 -0.022578 0.084094 -0.000112 0.066059 0.000020 -0.000027 -0.044540 -0.000039 0.000001 0.000028 0.000206 0.000147 -0.079988 0.134473 -0.010915 0.000024 -0.000046 -0.011823 0.193425 -0.000036 -0.000006 0.037720 -0.000126 -0.000090 -0.555982 0.000111 -0.000013 0.000074 -0.004036
0.000004 -0.000198 -0.000067 -0.000076 -0.000031 -0.000337 0.000060 -0.001792 0.008842 0.132826 0.000016 -0.000007 0.000029 0.000120 0.000046 0.000006 -0.253320 0.000043 0.318667 0.000007 -0.004786 -0.000007 0.000009 0.000017 0.000047 0.140699 -0.000866 -0.000023 0.000009 -0.487695 -0.000136 -0.025064 -0.020539 0.000046 0.043396 -0.000012 -0.000030 -0.094766 -0.000079 0.000020 -0.000050 -0.000129 -0.000195 0.213213 0.438127 0.119112 -0.000137 -0.000037 -0.376973 0.204558 0.000016 -0.000012 0.040475 -0.000057 0.000073 -0.356406 0.000041 0.000147 -0.000049 -0.002951
0.000005 -0.000052 -0.000023 -0.000023 -0.000043 -0.000185 0.000017 -0.005320 0.008041 0.079448 0.000054 0.000001 0.000074 0.000036 0.000123 -0.000022 -0.465182 0.000056 0.373211 -0.000077 -0.007619 -0.000016 -0.000015 -0.000021 0.000044 0.417498 -0.000728 -0.000047 -0.000034 -0.086751 -0.000001 -0.025328 -0.028266 -0.000033 0.136833 0.000001 -0.000013 -0.175094 0.000021 -0.000046 0.000047 -0.000134 0.000040 0.117797 0.390183 0.140924 0.000042 -0.000057 0.051002 0.323016 0.000042 0.000004 -0.065643 0.000000 -0.000166 -0.245024 -0.000017 0.000091 -0.000023 -0.001787
-0.000033 -0.000035 -0.000002 0.000002 -0.000013 -0.000263 -0.000027 -0.002552 0.007339 0.035040 -0.000022 0.000139 0.000176 -0.000065 0.000143 -0.000002 -0.449458 -0.000030 0.513007 0.000048 -0.010384 0.000037 -0.000054 -0.000024 0.000019 0.196788 -0.000714 -0.000016 -0.000016 0.261316 0.000096 -0.025190 -0.180617 -0.000011 0.195195 0.000011 0.000012 -0.127063 -0.000030 0.000021 -0.000052 0.000473 -0.000054 0.106644 0.442548 0.137438 -0.000030 0.000060 -0.060267 0.194789 -0.000014 0.000019 -0.293581 -0.000048 -0.000079 -0.011248 0.000005 0.000003 -0.000036 -0.002111
-0.000063 0.000046 0.000056 -0.000034 -0.000001 -0.000229 -0.000009 -0.001468 0.009044 0.188704 -0.000026 -0.000025 -0.000095 -0.000050 0.000057 -0.000011 -0.087803 -0.000003 -0.136931 -0.000032 -0.011564 -0.000002 -0.000027 0.000018 -0.000146 0.077418 -0.000838 0.000062 0.000066 0.165210 0.000052 -0.025949 -0.343731 -0.000112 0.193879 -0.000027 0.000011 0.006098 0.000006 0.000003 0.000042 -0.000304 0.000131 0.082264 0.600019 0.438937 0.000003 0.000053 0.265778 0.020817 0.000028 -0.000051 -0.259803 0.000009 0.000130 -0.234464 0.000019 0.000147 -0.000053 -0.002276
-0.000067 0.000023 -0.000080 0.000032 -0.000079 -0.000433 -0.000021 -0.000973 0.010605 0.122209 -0.000023 0.000018 -0.000041 0.000014 0.000094 -0.000002 -0.106656 0.000006 0.138272 -0.000021 -0.013201 0.000010 0.000028 -0.000004 -0.000030 -0.156980 -0.000797 0.000055 0.000033 0.428992 -0.000150 -0.024496 -0.408244 0.000046 0.169374 -0.000018 0.000014 0.084832 -0.000026 0.000059 -0.000001 -0.000545 -0.000045 0.204675 0.845746 0.743361 -0.000045 -0.000102 0.361623 0.036371 -0.000012 0.000011 0.069053 -0.000104 0.000328 -0.192610 -0.000032 -0.000006 0.000053 -0.003909
