-0.001202
-0.047019
-0.032760
-0.002840
-0.053789
0.010795
0.028076
0.040522
0.019869
-0.000644
-0.010571
0.014820
0.002167
-0.000430
-0.000352
0.021353
-0.001513
0.023402
0.012534
0.035781
-0.063617
0.018460
-0.002860
-0.000286
-0.017272
-0.017516
-0.001276
0.020847
0.001605
0.030568
-0.004542
-0.000140
0.004369
-0.006624
0.026485
-0.003792
-0.052708
0.017960
0.026543
-0.001048
0.025104
0.035779
-0.002580
-0.015509
-0.001097
-0.000114
0.000303
-0.000427
0.018545
0.022682
-0.028991
0.007517
0.006853
0.001175
-0.000459
-0.005534
-0.000034
-0.000085
-0.005263
-0.000219
-0.001923
-0.005612
-0.014376
0.015927
-0.005466
0.018958
0.014165
-0.033273
-0.006265
-0.020550
-0.000326
-0.005019
-0.000922
0.002938
-0.000460
-0.024443
-0.018082
-0.012124
-0.002069
-0.000062
0.019350
-0.001216
-0.000371
-0.001399
-0.000252
0.021244
-0.007408
-0.001055
0.018950
-0.000288
