-0.001926
-0.343387
-0.019364
-0.416081
-0.479246
-0.005580
-0.029721
-0.030719
-0.002511
-0.024275
-0.044184
-0.011263
-0.258651
-0.001709
-0.231484
-0.009676
-0.003850
-0.009339
-0.024435
0.514022
-0.018470
-0.279908
-0.377676
-0.001515
-0.005865
-0.552117
-0.002070
-0.006063
-0.004345
-0.001547
-0.001201
-0.359907
-0.423069
-0.005395
-0.028541
-0.012231
-0.030601
-0.027092
-0.014629
-0.191333
-0.013582
-0.154859
-0.435667
0.508329
-0.000300
-0.003593
-0.016181
0.256813
-0.033406
-0.467281
-0.410066
-0.021550
-0.032356
-0.335180
-0.437215
-0.303220
-0.009969
-0.145379
-0.381410
-0.026068
-0.270521
0.001148
-0.025328
0.005293
0.291348
-0.008834
0.402812
-0.456570
-0.009267
-0.005688
-0.002385
-0.422049
0.338467
-0.001364
0.289662
-0.405927
-0.022512
-0.030885
-0.322025
-0.395358
-0.008280
-0.313804
-0.023820
-0.345206
0.372415
-0.308914
-0.012930
0.408154
0.392354
-0.011235
-0.011586
-0.004400
0.433822
-0.001844
-0.001621
-0.006716
-0.024033
-0.007178
0.203920
-0.001852
-0.008632
-0.392031
-0.334367
0.447593
-0.023974
-0.000674
-0.389966
-0.020646
-0.002946
-0.030818
-0.410377
-0.003202
-0.015196
-0.003654
-0.530003
0.431311
-0.013760
-0.391561
-0.013847
-0.004094
-0.001532
0.259344
-0.003922
-0.002324
-0.029215
-0.004230
-0.004925
-0.031045
-0.028243
-0.004096
