0.035316
-0.003540
0.006353
-0.001497
0.029674
0.019858
-0.024412
0.015620
0.001292
0.001084
-0.000639
0.034451
-0.004678
0.040306
-0.000479
0.016295
-0.008700
0.000880
0.018606
-0.002474
0.026911
-0.048879
0.038330
-0.028559
-0.005741
-0.002172
-0.000264
0.034767
0.001236
0.024696
0.000106
-0.006540
-0.001580
-0.001687
-0.000125
-0.001513
0.002356
-0.026671
0.022339
-0.000234
-0.000148
-0.008791
-0.015058
-0.002932
-0.021054
-0.000119
0.048286
-0.000447
-0.012019
-0.004355
-0.005240
-0.000258
-0.061480
-0.040753
0.000193
-0.000437
-0.003942
0.048105
-0.000064
0.047710
0.029487
0.001973
-0.000605
-0.034648
0.015244
0.031381
-0.013771
0.042412
-0.001436
-0.000820
0.015032
-0.001106
-0.050955
0.035798
-0.009884
0.033307
0.007562
-0.000307
0.000913
-0.022013
0.018857
-0.002227
-0.000362
0.018374
-0.005000
-0.000207
-0.000173
-0.000652
-0.001312
0.030408
-0.003287
0.014928
-0.028125
-0.000138
-0.017644
-0.001022
0.062167
0.007811
-0.012558
0.042984
-0.047792
-0.003016
-0.001062
-0.002665
