-0.002123
-0.001461
-0.400929
-0.010146
-0.001801
-0.152692
-1.488202
-0.001763
-0.001740
-0.004133
0.000259
-0.026477
-0.429060
-0.008578
-0.001257
-0.155012
-0.003261
-0.840142
-0.005480
-0.001818
-0.001071
-0.509756
-0.189628
-0.003452
0.492215
-0.015763
-0.000503
-0.006311
-0.413697
-0.001408
-0.129160
-0.203957
-0.001211
-0.002921
0.001131
-0.005475
-0.002219
-0.003852
-0.002599
0.000630
-0.000973
-0.360932
0.000495
-0.307388
-0.001369
-0.000024
-0.002511
-0.022711
-0.001848
0.018646
-0.114233
-0.032823
0.257636
-0.141810
-0.651858
-0.106017
-0.013647
-0.003375
-0.000734
-0.515290
-0.297019
0.005873
-0.022048
-0.000988
0.002226
-0.000979
-0.426105
-0.120882
-0.003083
-0.006160
0.234624
-0.005643
-0.848770
-0.004367
-0.010939
-0.000028
0.070004
-0.005116
-0.002756
-0.381246
-0.009079
-0.092985
-0.000564
-0.309656
0.001331
-0.000852
1.061523
-0.003150
0.000448
-0.524959
-0.427358
-0.005726
-0.021428
-0.005162
-0.205916
-0.007948
0.000198
-0.786199
-0.157107
-0.008102
-0.003322
-0.004999
-0.442113
0.221610
-0.000464
-0.308818
-0.000414
-0.002824
-0.006070
-0.002740
-0.187932
-0.014495
-0.002407
-0.000368
-0.011442
-0.269113
-0.006168
-0.860119
-0.006532
-0.006848
-0.000163
-0.008946
-0.000598
-0.002570
-0.016870
-0.008336
-0.001010
-0.001392
-0.001198
-0.005860
-0.213017
-0.001171
