1.834845
0.000048
0.022079
-3.243727
-0.002824
0.011218
-0.010100
0.022194
-0.000771
0.009566
-0.009831
0.036574
0.006232
3.068963
0.000308
-2.818814
0.016570
0.006634
-0.011372
3.685103
-0.007227
0.006983
0.009620
-3.088799
-0.005090
-0.000315
0.001801
0.015056
5.386101
-0.000086
0.000659
-2.518846
4.356239
-0.028332
-0.007397
-0.011018
2.810601
-0.008728
-3.278598
3.375370
-3.658391
0.000607
0.002139
0.005133
0.000079
5.611784
-0.021521
0.044872
0.004038
7.022515
-0.000196
-2.865755
0.005462
0.002926
6.630254
0.012161
3.435609
-4.051868
-0.001124
0.000237
5.700503
0.040231
-2.509550
-0.005575
0.004236
3.641056
-0.000595
-0.004688
0.038242
5.287552
-1.779952
-0.012702
-0.000596
5.389480
0.004855
0.009898
-0.000255
-3.711282
-0.000610
-0.000080
0.014096
-0.029518
0.020110
-0.000342
-0.026112
0.002228
0.017426
0.016915
-0.006262
2.717504
0.012615
0.001126
0.005424
3.440372
0.016913
0.031870
0.005106
3.916408
3.606152
-0.000321
0.018784
0.004671
0.001152
0.010732
5.207733
-0.005362
0.003206
-0.000098
5.447849
3.826203
0.009980
0.035648
-0.001271
0.000268
-0.005498
0.020943
-0.023069
-0.001276
-1.912332
0.026939
0.009362
-0.001770
-3.274215
5.059133
0.000219
-0.002918
0.014724
0.011814
4.561825
0.000257
6.767534
-0.016586
0.001091
3.048166
-2.246823
-0.004311
-0.006353
-2.545500
-0.000291
0.018487
-0.001894
-0.003393
-3.920185
-0.002948
-0.000570
-0.000420
0.005351
-2.244424
-2.814780
-4.203797
0.000544
-0.006372
0.025272
-0.008237
0.021844
0.008023
-0.024642
0.017103
0.001077
0.000179
0.000197
-2.243659
-0.012642
-0.001890
0.000761
0.034278
-0.015636
2.748749
-0.000596
3.429965
0.003480
-0.007930
-3.405336
3.414365
0.004463
-0.004152
0.002523
0.000010
0.000526
-0.000429
0.004386
-1.954479
-4.192342
-0.000055
-0.000180
0.005027
0.008775
0.009220
