3.110548
4.611710
0.000058
2.797340
2.732427
-0.364966
3.657279
-0.544707
-0.000619
2.795321
3.153778
-0.941879
-0.424880
0.331898
2.833996
-0.017368
0.007846
-0.004363
-0.561098
-0.473328
0.001849
0.000133
0.018692
0.025775
2.997329
-0.452694
2.020701
0.018866
0.023019
-0.002635
-0.362538
0.026076
0.007551
0.000385
2.773029
2.771014
-0.013896
0.001149
0.004615
0.000041
0.002344
-0.561109
0.030696
1.345861
2.948161
-0.020174
3.361805
-2.114956
-0.000234
0.958744
2.697032
0.440324
0.036231
1.974859
-0.371833
-0.620419
2.268756
0.023535
0.004654
0.050626
0.042060
-0.592248
0.022079
-0.000430
-0.000033
