-0.008454
-0.554111
0.709199
0.008635
-0.008629
-0.005842
0.908813
1.390426
-0.982126
-1.452123
-1.589129
1.541081
0.205418
-0.071703
1.183356
3.494803
-0.034175
0.000126
-1.154937
-0.000173
0.013975
1.071305
0.000020
0.979186
-0.568568
-1.643195
1.066144
-1.245173
-0.039834
-0.007930
-1.512360
-0.000254
0.031461
-0.008262
0.019366
-0.098013
0.001133
-0.018689
0.001733
-1.584871
-0.391569
-0.000016
-0.021502
1.406247
0.028341
1.100776
-0.013401
-0.068196
1.227638
0.008259
-0.536293
-1.231426
-1.632358
-0.046197
0.007180
-0.021654
-0.924626
-1.715658
0.912263
0.355940
0.006171
-1.563532
0.238247
-0.018546
0.005199
0.469538
-0.008379
-1.381637
-0.971268
-0.275544
-1.121392
-0.426947
-0.116588
-0.022591
0.018439
-0.000115
-1.319590
0.002638
0.000035
-0.013916
-0.003618
0.982908
-0.174984
-0.000046
1.317014
-0.000022
-1.006564
0.000827
-0.096074
-1.333693
-0.021476
-0.022062
1.524562
-1.172049
0.000306
-1.268293
-0.172276
-0.015738
-1.705064
0.003277
0.001909
-0.019028
1.638249
-1.672882
1.861213
1.820308
0.001211
1.653893
0.000149
0.036309
-1.139765
-1.142490
-0.000091
-0.667314
0.024681
-0.016436
0.007585
0.839397
1.207810
-0.000154
1.747990
0.010489
0.001120
-0.000200
1.332932
0.008188
-0.033742
0.023799
-0.876133
0.000378
-1.223771
0.036136
0.341553
0.013511
1.458607
-0.004268
-0.002619
-0.105879
0.000020
-0.027973
3.572732
-1.311639
-0.000041
-1.092095
0.991508
-1.695888
0.057577
-0.004038
0.001321
-0.094138
-0.746227
0.000046
-1.045843
1.563065
-0.047118
0.000201
-0.000123
0.006435
-0.021210
1.690156
0.008403
0.000567
-2.156172
-0.086497
0.016420
0.007983
-1.891389
1.140185
0.032398
0.027150
0.023530
0.000226
-0.001416
0.002018
1.806647
-1.200067
-0.000027
0.002173
