0.000593
0.001753
0.010732
3.037318
0.023304
0.009141
0.014837
0.041689
0.024090
-0.001756
-0.010203
0.002536
-0.000163
-2.436487
0.004331
-0.007912
0.005432
0.003349
-0.029016
0.006403
-1.616030
0.003829
-0.032386
-0.918425
-1.786713
-1.148401
0.000694
-0.006969
-0.004709
-1.514361
-0.000687
-0.011127
0.024258
-1.623717
-2.593447
-0.011461
-2.719816
-0.007126
0.000227
-1.725906
5.895451
0.012132
0.017695
0.011883
-0.020738
-0.006496
-0.008086
0.002141
-0.021548
-0.001219
0.122706
0.016700
0.000120
-1.686437
-2.840775
0.025618
-0.005736
3.640859
0.007119
0.019357
-0.000109
0.003527
5.126951
0.040145
-2.114021
5.407744
0.000387
0.037521
-0.008520
3.917066
0.000021
0.025085
0.011162
-0.000583
0.027069
-0.009724
-0.002122
-0.008282
0.011486
-0.001069
0.027034
0.000168
0.000332
0.008703
