-0.018109
-0.040348
-0.063502
-0.015125
0.037541
-0.010121
-0.036658
0.000000
-0.082128
0.019257
0.014523
-0.003934
0.000000
-0.007162
0.000000
-0.012776
0.000000
0.045334
-0.015347
-0.023242
-0.003364
-0.038167
-0.034641
-0.030383
-0.011139
-0.003491
-0.008490
-0.008818
-0.047316
-0.000763
0.000000
0.000000
0.016358
-0.003377
0.037156
-0.005535
-0.067020
0.000000
-0.046991
0.001695
-0.054791
0.049614
0.000000
0.000000
-0.078129
-0.030897
0.042802
-0.054236
-0.017163
0.000000
0.000000
-0.046720
-0.024918
-0.005106
-0.061467
0.000000
0.000000
0.035186
-0.036273
0.050567
0.017142
-0.009265
0.000000
-0.004495
-0.099955
-0.017024
0.013624
-0.103176
-0.034633
0.000000
0.000000
-0.041566
0.015331
0.010797
0.000000
-0.024315
-0.039582
0.002509
-0.032525
-0.067810
-0.014605
0.000000
0.000000
-0.059994
0.000000
0.000000
-0.081546
-0.067200
0.000000
0.000000
-0.077466
0.000000
-0.015122
-0.069770
-0.024303
-0.012358
0.000000
-0.061525
-0.007070
0.009246
