-0.449754
-0.412391
-0.000592
0.399949
-0.123242
-0.435785
-0.543026
-0.359544
-0.347474
0.368971
-0.443059
-0.370791
-0.178360
-0.351029
-0.010080
-0.520197
-0.005146
-0.135998
-0.001464
-0.363726
-0.001070
-0.465634
-0.577437
-0.006439
0.434581
-0.000762
-0.260116
-0.007222
-0.336082
-0.552238
0.110286
-0.010484
0.452821
-0.106023
-0.414050
-0.542668
0.249929
-0.358984
0.310943
-0.021136
0.453503
0.180474
-0.287233
0.153933
-0.442610
-0.008366
-0.002170
-0.669010
0.491299
0.001627
-0.423430
-0.386873
-0.004452
-0.003570
0.477238
-0.496319
-0.006215
-0.003401
