-1.778883
0.008323
0.009848
0.002487
-0.011071
0.011190
0.028649
0.029266
0.000349
-0.005394
0.004217
-0.000557
-0.043385
-0.019095
-0.027415
-1.988031
-0.000416
-0.009737
-0.000515
-0.007060
-1.688619
0.001196
-0.000270
0.028199
-0.025671
0.006071
0.012889
0.028894
-0.019405
-0.021942
6.342949
-0.029882
-0.000635
0.014823
-0.012458
0.044914
0.001665
0.020859
0.002607
-0.022253
-1.318840
0.002930
3.767794
0.039389
6.679003
-0.021669
-0.009678
-0.013122
0.000001
-0.019722
-0.934449
4.914392
-0.010902
0.014180
-0.025376
0.011309
-0.000332
-0.000599
-0.121449
0.003052
-0.003467
-0.006437
-2.886453
-1.435933
0.004200
-0.003868
2.643253
0.010761
-0.000222
-0.004837
-0.001909
0.012135
-0.002567
0.014352
0.050305
0.025488
0.022716
0.009715
0.010703
-0.000820
-0.031722
-0.012604
0.014257
-0.006427
0.027412
-0.021586
0.030173
3.928165
0.000583
-0.023334
0.012764
-0.413900
-0.024713
-0.029696
-0.016503
4.449138
4.363586
0.022007
-0.010011
-0.000904
0.006297
-0.019255
0.001922
-0.034221
-0.000443
-0.000373
-1.530305
0.010646
0.004778
-0.000120
0.035431
-0.013345
5.531729
-2.728486
-0.001468
-2.416752
-0.011989
0.021848
-2.733555
0.022391
0.016714
-0.015831
0.029736
-2.062609
-3.358558
-2.832301
-0.007263
-0.019233
0.000188
0.012162
-0.018509
-0.025913
-0.437141
-0.001080
-2.948853
-0.012989
0.006488
-0.010096
0.006558
0.000197
