2.135647
-0.034842
0.033553
-0.003169
0.012304
-2.129407
-0.025266
5.703609
-0.000050
-1.755462
3.742659
-0.000205
-2.246422
-0.013129
0.025383
-0.000151
-0.021735
-0.021680
3.253293
-3.385705
0.016445
5.463147
-0.025065
3.326046
0.024370
-0.000041
0.046880
4.322865
-3.057891
0.028702
-0.021159
0.021854
-0.001404
4.298804
-0.012644
0.002067
-0.023566
0.003860
-0.000392
-0.002704
0.033406
-2.831577
-3.311875
-0.009932
-3.059324
4.709332
-0.000284
7.560844
-0.001851
0.017890
0.003156
2.620471
0.005364
-0.017322
-0.002958
2.162799
-0.036721
-0.000355
-0.002617
0.002137
0.013894
2.974460
0.034301
0.009912
0.021247
-0.017041
0.000737
0.022856
0.002324
0.014168
0.007217
-0.000321
-2.191358
-2.707677
-3.094712
-0.007583
0.032929
0.001362
0.005872
2.071279
0.029632
-0.014167
-2.752076
0.025106
0.016477
0.000838
-0.000339
0.809271
-0.021596
-0.016589
-0.000320
0.038800
-0.027934
2.529965
0.000644
-0.004223
-0.018496
0.016015
4.120507
-0.009971
0.001002
-2.594620
-0.026165
4.504879
3.428581
0.000265
0.008034
-0.005720
-2.245270
2.242513
0.002123
0.006657
0.035418
2.665576
-0.000172
0.006399
-0.005446
2.862907
0.006874
-0.003443
-2.045354
-2.791753
-0.012201
-0.000107
0.008169
6.219357
0.000003
0.010050
3.721936
5.223660
-0.005619
-0.035233
0.018002
0.000410
-0.000600
0.010807
-0.006951
-0.000074
5.317852
0.000042
-0.000168
