-0.001644
-0.001214
-0.002312
0.000229
-0.002692
-0.003169
-0.000360
-0.000306
-0.001277
-0.002109
-0.000837
-0.001761
-0.000903
-0.006725
-0.026628
-0.003525
-0.024384
-0.002251
-0.000141
0.176097
-0.001154
0.095942
-0.015084
0.125331
0.000937
-0.000947
-0.003473
-0.001498
-0.000862
-0.011273
-0.002796
-0.000084
-0.006404
-0.028583
0.000900
-0.046699
-0.001597
-0.000901
-0.008396
0.135609
0.198860
-0.002241
-0.005304
-0.019741
-0.017570
-0.003565
-0.028379
-0.000332
-0.002684
-0.015423
-0.007956
-0.026042
-0.024207
-0.001081
-0.005033
0.000329
-0.002952
-0.000472
-0.000983
-0.005059
-0.009744
0.000214
-0.000759
-0.002592
-0.017377
-0.035830
-0.028603
-0.000275
-0.009225
-0.017793
-0.000397
-0.004040
-0.015870
0.164848
-0.011458
-0.005899
-0.031167
-0.028876
-0.000437
0.193278
0.074545
-0.002017
-0.000824
-0.007484
-0.035863
-0.000699
-0.000392
-0.018515
-0.000745
-0.002804
-0.008738
-0.002854
-0.002587
0.153436
-0.033441
-0.000270
0.000324
-0.002839
-0.035952
-0.006979
-0.017375
-0.026853
-0.010483
-0.008838
0.087435
