-2.727610
0.019335
-0.000272
0.008980
0.037551
-1.459823
-0.000226
-0.018551
0.000051
0.014791
0.017249
-1.523292
0.025600
3.641217
-0.031483
0.011907
0.024766
0.018409
0.000183
-0.019352
0.001626
-0.014567
-0.015402
3.718529
0.009510
-0.016825
0.000042
-0.005767
0.017770
0.014341
0.000346
-0.000309
-0.000628
-0.015828
4.286802
-0.021061
-0.019667
-0.000309
-0.028563
-2.948801
4.075389
0.014998
-0.039177
0.002061
-0.000001
-0.027236
0.352238
0.000520
-0.000133
-0.018800
-0.002098
-0.006068
0.000957
-0.000490
0.019814
0.000963
-0.000931
-0.039441
-0.032039
-0.023913
0.000994
0.005508
-2.694454
0.016291
-0.042300
-0.001769
0.000141
0.000325
0.001124
0.009320
-0.005316
-2.338594
-0.012434
0.014169
0.037865
0.010651
-0.016964
-0.022131
-0.013426
0.012530
0.004681
-0.005296
0.016546
-2.849868
-0.011067
-0.004835
-0.000730
-0.022699
0.018783
-0.000975
0.006756
0.005565
-0.010947
0.010531
0.007384
0.008310
-0.020934
-0.006348
-0.013674
-1.032889
-0.004482
-1.100503
0.000223
0.022187
-0.006635
-3.742694
0.000105
0.008716
-0.000569
-0.001961
-0.014370
0.005936
0.000426
-1.793576
-0.007609
-0.001586
0.004924
-0.000048
-2.080101
0.000048
0.017571
0.034198
-0.002084
-0.011325
6.365373
0.001048
0.011005
0.003486
0.001105
-1.188565
0.001816
0.025372
-0.013891
-0.027755
-0.008444
0.005904
-0.014026
5.549732
4.135954
-0.032203
0.011899
0.000270
0.020557
-0.000258
-0.000792
6.141809
-0.002762
2.638403
0.008199
-0.004289
-1.210399
0.005747
0.014278
-0.015286
-0.010061
-0.020795
0.011002
0.000373
-0.005207
-2.527820
-0.001167
0.017131
0.015278
0.015695
0.024502
0.017271
5.274684
-0.005190
-2.189558
-0.004411
-0.011981
