-0.121565
0.316448
-0.001092
-0.000975
-0.002987
0.180308
-0.105292
0.030822
-0.001255
-0.000710
0.300143
-0.004377
0.002942
0.004363
0.000454
-0.001143
-0.002485
-0.362096
-0.001190
-0.000859
-0.217516
0.003679
0.222482
0.322483
-0.474247
-0.118513
0.001080
-0.002065
-0.123687
-0.361473
-0.321968
-0.000212
-0.188052
-0.001278
0.001687
-0.014819
0.320221
-0.001066
0.002507
-0.005068
-0.001654
0.003084
0.000062
-0.512882
-0.000609
0.000461
-0.391317
-0.000026
0.001874
-0.000414
-0.001337
0.003032
0.001517
-0.007208
0.003354
-0.002619
-0.007066
-0.000331
0.002529
0.389798
-0.438328
-0.324452
0.268724
0.001174
-0.000839
-0.000657
-0.009968
-0.010077
-0.001346
-0.000035
-0.000531
-0.001656
-0.047130
-0.329435
-0.004731
-0.004220
-0.135823
0.115014
0.062961
-0.081049
0.252748
-0.013460
-0.598706
-0.155007
-0.006235
-0.000468
-0.033471
-0.001293
-0.265123
-0.163967
-0.000756
-0.207440
-0.114512
0.001291
-0.112459
0.169090
-0.196861
-0.417289
-0.006125
-0.401412
-0.006410
-0.013654
0.001057
-0.001231
-0.007785
0.162218
-0.008648
0.005977
0.001861
0.003050
0.003057
0.437732
-0.001395
0.363677
0.242773
0.173869
0.030566
0.312900
-0.008707
0.000297
-0.004865
-0.002449
0.002089
0.001945
0.000852
-0.006477
0.002019
0.098541
-0.000351
0.002557
-0.000967
-0.000810
-0.009245
-0.000373
0.097025
-0.050052
0.538766
-0.227248
-0.008342
-0.004944
-0.047466
-0.000232
-0.133385
-0.157035
-0.002452
0.003124
