-0.002623
0.525431
-0.019460
-0.001758
-0.003310
-0.000483
-0.001036
-0.027090
-0.007469
-0.421653
0.004551
-0.097879
-0.226188
-0.002486
-0.001266
-0.002035
-0.478785
-0.003230
-0.001165
-0.003234
-0.006126
-0.025612
-0.191320
-0.783658
-0.001316
-0.004932
-0.003909
-0.003788
-0.105965
-0.001315
-0.124529
-0.422827
-0.194085
-0.223991
-0.398782
-0.000538
-0.014550
-0.001457
-0.510362
-0.337060
-0.308378
-0.054201
-0.000549
-0.001667
-0.006480
-0.001911
-0.535588
-0.000260
-0.000860
-0.004699
-0.022414
-0.003154
-0.211316
0.014803
-0.229898
-0.188344
-0.020298
-0.006516
-0.000819
-0.788205
-1.228145
-0.000336
-0.005931
-1.328058
-0.000165
-0.327172
-0.089751
-0.382288
-0.189275
-0.209821
-0.166128
-0.001081
-0.036492
-0.305698
0.011897
0.000409
-0.002089
-0.437808
-0.002258
-0.004343
-0.002299
0.001013
-0.015384
-0.002921
-0.005823
-0.002003
-0.001479
0.221213
0.015754
-0.003806
-0.350212
-0.002545
-0.003937
-0.000956
-0.017292
-0.006051
-0.666078
-0.236928
0.282205
-0.001438
-0.230272
-0.001130
-0.003085
-0.023179
-0.006293
-0.003108
-0.002386
-0.001708
-0.026965
-0.004095
-0.008061
-0.004992
-0.005990
-0.004139
-0.000957
-0.008597
-0.007382
-0.003299
0.264373
-0.002117
-0.000179
-0.002270
-0.007373
-0.041645
-0.001801
-0.001767
-0.001637
-0.000611
-0.325592
-0.009256
-0.001321
-0.001880
-0.000184
-0.005906
-1.115262
