0.325500
-0.397123
-0.459083
0.318137
-0.218911
-0.184860
0.002250
-0.000561
0.378865
-0.001925
-0.316375
-0.470315
-0.005010
-0.001851
0.372981
0.304346
-0.289359
-0.001684
-0.147204
-0.001191
-0.002313
0.279671
-0.013214
-0.270125
-0.001640
-0.000990
-0.278729
-0.359758
-0.013853
0.047934
-0.000714
-0.350553
0.002997
-0.413003
-0.604688
-0.000418
0.212341
0.385478
-0.000717
-0.000595
-0.353502
0.001886
0.275107
-0.302964
0.001101
-0.377823
0.185424
-0.165525
0.001678
0.017546
-0.002674
0.221108
-0.001778
-0.021798
0.392519
-0.300857
-0.000071
0.000421
0.013771
-0.014750
-0.355775
-0.006409
0.000019
-0.001408
0.000343
-0.547869
0.143580
-0.512095
-0.377521
-0.342070
-0.212163
-0.001431
-0.003315
0.001966
-0.003561
-0.001707
-0.262033
-0.222289
-0.002242
0.000991
-0.429260
-0.001725
-0.162605
-0.362817
-0.289521
-0.114041
-0.001790
-0.458862
0.002635
-0.000998
-0.092800
0.001440
-0.009521
-0.000966
-0.028680
-0.525445
-0.002621
0.004739
-0.002822
-0.177028
-0.636403
0.003227
0.000012
-0.001137
0.001089
0.304844
-0.257820
-0.292407
-0.249111
-0.006379
0.318685
-0.006289
0.001694
0.008789
-0.001650
0.049229
0.000815
-0.277807
