-0.012451
-0.004846
0.037691
0.007865
-0.017352
-0.000057
-0.002016
0.017992
0.019604
0.005950
-0.009260
-0.002977
-1.319322
0.000210
0.004781
-2.552504
-0.012514
-0.012433
0.001631
-0.031100
-0.001128
-2.337519
-0.024785
0.024196
0.021277
0.003155
0.013668
0.001633
0.002657
-0.015589
0.000197
-0.005021
-0.000008
0.015623
0.008298
-0.022735
0.043242
0.027946
-0.025934
-0.023690
3.913457
-0.025333
-2.644330
3.568665
0.042148
0.018234
0.029365
-0.003401
-0.003762
-0.000693
-0.000068
0.009089
0.027664
-0.026440
-0.000092
-0.009952
-0.027072
0.000083
-0.024196
0.012321
-1.373976
0.039331
-0.007039
-0.022781
0.001501
0.000248
0.000275
2.424655
0.010380
5.927953
0.188947
0.000108
-0.000064
0.000166
0.005822
0.003665
5.405763
-3.102990
-0.014268
0.007434
0.000119
-0.012321
-2.173193
0.013204
-0.007925
0.015903
0.016228
-0.005382
-0.003059
0.000014
-0.011900
-2.388258
0.000891
0.007558
0.000359
-0.012165
0.002697
5.377041
-0.005808
0.003571
3.925062
0.003025
-1.345616
-2.973879
0.017800
6.115883
-2.701568
-0.001484
6.090518
-0.010243
0.000492
0.038411
0.023258
-1.351148
-0.019867
-0.000008
-0.012621
-0.016701
0.024293
-0.041012
-0.002563
0.016584
0.002509
0.003256
-1.533644
-0.007441
-0.006557
0.005511
0.000779
0.008492
-0.026607
0.003018
-0.027734
0.005210
0.006210
0.010405
0.000109
0.001756
0.036336
0.001954
0.013571
-0.002473
5.192747
-0.033566
0.025857
-0.003040
0.000070
-0.021615
0.005030
0.000695
0.006880
0.021967
-0.021939
0.000347
0.000684
0.026090
-0.000162
0.002788
-0.000010
0.001007
-0.024274
0.018114
5.545301
-0.005465
3.290589
-0.029418
-0.023780
-0.002750
0.011973
-0.005509
0.009578
-0.021958
-0.012876
-0.023574
-0.012655
-0.772855
-0.003119
0.017820
0.000439
