-0.004470
-0.261865
-0.285049
-0.186940
-0.013850
-0.079636
-0.002925
-0.001337
-0.002938
-0.019268
0.278791
-0.004015
-0.306682
-0.000432
-0.026777
-0.532982
-0.142801
-0.002489
-0.001390
-0.005567
0.001328
-0.008069
-0.003932
-0.688907
-1.043784
-0.000300
-0.343090
0.757022
-0.196388
0.159180
-0.012318
-0.925621
-0.004077
-0.556094
-0.246748
-0.002643
-0.012391
1.093494
0.885384
-0.037615
-0.007823
-0.019402
-0.000955
-0.505886
-0.809288
0.108386
-0.020620
-0.000940
-0.001121
-0.022535
-0.567518
-1.046195
-0.001031
-0.201437
-0.001664
-0.003925
-0.202786
-0.560037
-0.246594
-0.007519
0.123555
-0.258434
-0.003408
-0.636060
0.004095
-0.001585
-0.004077
-0.020334
-0.002794
-0.457352
-0.008363
0.130818
-0.085348
-0.005555
-0.697293
-0.022845
0.040462
-0.286712
