0.286336
-0.005969
-0.137908
-0.055578
-0.001422
-0.000171
-0.000548
-0.002733
-0.001508
0.237913
-0.100055
0.206944
-0.001292
-0.404331
0.006356
-0.372683
-0.001814
0.255375
-0.285919
0.002394
-0.000684
-0.150850
-0.011999
-0.056780
-0.000357
-0.120214
-0.190475
-0.001332
-0.274897
-0.132876
-0.319881
-0.063284
-0.001148
-0.262176
0.215663
-0.007962
0.250577
0.461774
-0.001000
0.240626
-0.183170
-0.014115
-0.149370
0.106261
-0.001331
0.388000
-0.171604
-0.247899
0.342886
-0.133034
-0.001293
-0.008364
-0.258730
-0.000856
-0.003491
0.356880
0.218211
-0.253133
-0.184898
-0.600391
-0.001585
-0.001023
-0.003917
-0.010551
-0.098470
0.355325
0.377387
-0.326254
-0.501492
-0.302472
0.298331
-0.000648
-0.274115
0.001731
-0.021359
0.071814
