-0.005663
-0.002826
-0.000128
-0.000968
-0.000927
0.100021
-0.009410
-0.455944
0.002203
-0.285681
-0.000543
0.220647
-0.000949
-0.001671
-0.000963
0.367363
-0.012850
-0.002829
-0.003148
0.343996
0.007344
0.317748
-0.000065
-0.000175
-0.003502
-0.000996
-0.397648
0.001639
-0.138684
-0.001383
-0.002237
-0.000611
-0.003844
0.237005
-0.347424
-0.351488
-0.001257
-0.001108
-0.595431
-0.002519
-0.001469
0.323021
-0.192680
-0.143491
-0.000770
-0.001537
-0.001045
0.005497
-0.000453
-0.000063
-0.000061
-0.007924
-0.000329
-0.301047
-0.326843
-0.003061
0.003382
-0.002086
-0.008392
-0.332493
-0.001118
-0.043686
-0.003139
-0.004498
-0.003818
-0.001803
-0.005850
-0.002689
-0.002319
0.281936
0.001154
-0.001109
0.130269
0.249211
-0.429936
-0.324233
-0.354553
-0.001132
0.173991
-0.004793
-0.134665
0.004645
0.311950
0.006328
0.254069
-0.000695
0.145967
0.202792
0.008757
0.000024
0.003196
-0.000723
0.001772
-0.164379
0.009333
0.005505
-0.145235
0.107440
-0.110180
0.310615
0.002429
-0.116520
0.115574
-0.000146
0.268252
-0.000701
0.444579
0.011046
-0.175197
-0.004714
0.350905
-0.136156
0.001519
-0.169083
-0.001576
-0.006145
-0.293004
-0.001135
0.002213
-0.203004
-0.222814
-0.002536
-0.283597
0.001725
