-0.020116
-0.010693
-0.018371
-0.001946
0.000239
7.852152
5.000031
0.017872
-0.000031
-0.006483
4.502881
-0.001222
-0.002438
2.008768
-0.016155
-0.003534
-0.000888
2.142324
0.011518
0.000137
0.011705
0.000407
-0.017549
0.007801
0.001048
3.124993
0.001583
0.000024
-0.000083
0.003673
-0.244678
-0.006078
-0.003599
0.000031
0.016267
-0.000604
0.000044
7.535365
0.003585
-0.004680
-0.211793
-0.467911
4.743741
-0.000248
7.241700
0.003838
0.000348
0.012673
-0.000372
0.012375
1.836663
0.027812
0.025091
-0.000150
0.003589
3.024381
-0.000042
-0.000808
0.000029
0.013448
-0.000879
0.013079
-0.013552
0.000249
-0.004404
-0.275201
-0.016535
0.024174
-0.007547
0.007286
-0.002131
0.005624
0.035931
-0.013096
1.259915
0.001040
0.000508
-0.009742
-0.006330
0.000197
-0.426114
-0.016559
0.011722
-0.000154
-0.000911
-0.000689
0.000406
3.293894
-0.000089
0.924368
-0.012977
7.811236
-0.000668
0.008725
0.029844
-0.002345
-0.000660
6.227485
-0.022037
0.001597
0.510150
0.001652
0.013458
-0.002750
4.512280
8.106911
-0.001842
-0.000921
-0.000835
0.004991
-0.001408
-0.004886
0.011174
-0.005587
0.000032
0.014665
-0.000319
-0.000149
-0.000596
0.004483
7.843575
0.026434
-0.020548
