0.441821
0.028017
-0.407500
0.366640
-0.023967
-0.134589
-0.184121
-0.148653
-0.127306
0.373894
0.306006
-0.319137
0.074935
-0.078383
-0.386896
0.317070
0.059112
-0.155860
-0.351191
-0.300893
-0.109295
-0.026849
0.277758
-0.090978
-0.131572
0.096922
-0.105692
0.349772
0.237893
-0.185875
0.353290
-0.318032
-0.047608
0.082326
0.123732
-0.065829
0.386478
0.126409
-0.369062
-0.085862
0.328021
0.334972
0.419227
-0.079227
0.376611
-0.176478
0.394596
0.354913
-0.086548
-0.031313
-0.060949
0.357968
0.351681
-0.082644
0.079343
0.036713
-0.114848
0.369306
0.342078
-0.034363
0.170933
0.301550
0.360350
-0.339237
