-0.000322
-0.000948
-0.000756
0.001799
-0.000277
-0.000602
0.001008
-0.041086
-0.019140
-0.014824
-0.000371
-0.002934
0.011125
-0.001859
-0.009796
0.016406
-0.000278
-0.000248
-0.017972
-0.001440
-0.000767
-0.000203
0.010271
0.013235
0.026687
-0.002010
0.001097
-0.009357
-0.004475
0.008582
-0.000406
0.017071
0.023711
-0.012103
0.014711
0.017271
-0.004908
-0.008009
-0.000239
-0.009379
-0.000378
-0.002941
-0.003548
-0.002656
0.013138
0.016582
-0.024577
0.001680
-0.048591
0.015811
-0.001530
-0.000175
-0.001222
-0.001135
-0.000232
0.002364
-0.000389
0.019625
-0.005140
0.007878
-0.000477
0.011477
0.014769
0.012374
-0.006870
0.062112
0.015838
-0.024855
-0.001455
-0.009850
-0.008983
-0.002800
0.011899
0.034137
0.014977
-0.002640
-0.000149
0.006446
-0.038295
0.002168
-0.000353
0.010958
-0.000506
-0.007148
-0.000109
0.007736
0.037954
-0.026656
-0.002536
0.010350
-0.000169
-0.009376
-0.001065
-0.002669
0.018523
-0.006727
-0.000709
0.000025
-0.003415
-0.001684
-0.025352
0.015072
-0.000528
-0.010182
0.006690
-0.000346
-0.001481
-0.000385
0.021320
0.028406
-0.003483
-0.029320
-0.011392
-0.031452
0.007700
-0.000188
-0.000347
0.046542
-0.000172
0.016169
-0.000373
-0.000775
-0.014903
-0.005409
-0.010753
-0.017313
-0.000470
-0.004236
0.024066
0.016202
-0.000504
-0.022057
0.000033
-0.001737
-0.001166
0.000148
-0.002077
-0.000394
0.000483
-0.003006
-0.008759
-0.007603
0.005283
