-0.014721
-0.005775
-0.010135
-0.010320
4.529893
-0.017164
0.000119
-0.003595
-0.001450
0.003350
-2.289408
0.000456
0.001002
0.025025
-0.021509
-0.008002
2.265574
-2.247953
-3.050818
-0.026799
0.018180
-0.000315
0.025320
-2.355357
-1.765635
0.005131
3.737035
-0.002418
-0.001375
0.000800
-1.879400
-0.001448
0.014660
-0.009754
-0.001622
-1.893991
0.036374
-0.005370
0.001511
-3.147331
0.000038
-2.551009
0.026850
-0.003257
3.642602
0.005175
3.271835
-0.000284
-4.311097
-0.000162
5.151426
2.625489
4.864574
-3.393109
4.287814
-0.001012
4.625668
0.027088
-0.014629
4.207229
5.901229
-2.948564
0.005934
0.024371
-0.020540
0.013983
0.016165
2.278463
6.116662
0.000263
4.308086
-2.973356
-0.000241
-4.242503
0.016361
-2.560208
2.720168
0.023362
-0.007205
-0.005426
-0.018815
-0.001158
0.000804
0.018667
0.026262
0.000090
-0.027548
-2.410819
2.177190
-0.001867
5.015533
2.563709
0.000031
0.000184
-0.000140
-2.083107
0.037206
-0.004825
-0.019078
4.612631
-0.006178
-0.015564
5.010222
-0.000763
-0.002976
