0.016118
-0.000557
-0.001138
-0.001760
0.015194
-0.007849
-0.005088
-0.009514
-0.007361
-0.002213
-0.032457
-0.009847
-0.007172
-0.000881
-0.000119
-0.002206
0.124635
-0.006200
-0.003969
-0.002808
-0.008754
0.000007
-0.006947
-0.002243
-0.000594
-0.008009
-0.014752
-0.002837
-0.016463
0.000082
-0.003964
0.128941
-0.004168
-0.000059
-0.014165
-0.001276
-0.002056
-0.000437
0.016190
-0.018441
-0.026989
-0.001568
-0.001372
-0.000605
-0.000643
-0.001848
-0.019785
-0.000911
-0.001657
-0.000748
-0.000982
-0.001115
-0.028067
-0.005172
-0.023228
-0.014476
-0.000905
-0.001512
-0.000831
-0.006985
-0.004261
-0.002340
0.016865
-0.002632
-0.013317
0.001067
-0.001382
-0.001513
-0.009162
-0.014198
0.016301
-0.008215
-0.006326
-0.001126
0.000694
-0.000803
-0.003321
-0.003864
-0.001779
-0.011623
0.112266
-0.004592
-0.000104
-0.000337
-0.000795
-0.017617
-0.000953
-0.005695
-0.004452
0.145180
-0.009026
-0.003186
-0.004860
-0.033549
-0.002464
-0.003054
-0.000910
-0.001429
-0.001375
-0.001289
-0.007698
-0.003944
-0.000640
-0.002936
-0.012007
-0.000529
-0.001283
-0.001044
0.111351
-0.008387
0.162140
-0.000429
-0.000482
-0.002085
-0.003690
0.102636
-0.012174
-0.000598
-0.025978
-0.001364
-0.002977
-0.025077
-0.018998
-0.006952
-0.006192
-0.002965
-0.001213
-0.001065
-0.023836
-0.002117
-0.021638
-0.000773
0.080113
-0.012717
-0.001338
-0.001952
0.141945
-0.012952
-0.002806
-0.017805
-0.002132
-0.004652
-0.016855
-0.019413
0.127615
-0.000918
-0.009414
-0.000555
-0.002418
-0.006307
0.000879
-0.034994
0.000462
-0.000973
-0.008389
-0.005285
-0.004503
-0.030199
-0.000696
-0.019904
-0.010715
-0.001393
-0.011411
-0.001707
-0.024432
-0.006227
-0.006716
-0.005788
-0.009088
-0.027953
-0.006074
0.003842
-0.010388
-0.005248
-0.000608
-0.001745
-0.000878
-0.001982
-0.000848
-0.010045
-0.000748
-0.001299
-0.002475
0.000554
-0.007182
