0.254217
0.428119
-0.003408
-0.008648
0.391230
-0.003580
-0.002291
-0.323875
-0.004882
-0.338120
-0.205778
-0.018563
-0.016311
0.319428
-0.012440
-0.467387
-0.013559
-0.522824
0.373957
0.001262
-0.411656
-0.441662
-0.006483
-0.000190
-0.293717
-0.441967
-0.007865
-0.273569
-0.002396
0.321374
-0.008359
-0.292367
-0.005958
-0.001312
-0.234094
0.237916
-0.001242
-0.008257
-0.389164
-0.483841
-0.462572
-0.004747
0.417724
-0.341311
-0.187210
0.000446
-0.253716
-0.003782
-0.518476
-0.007409
-0.004434
0.000095
0.247085
-0.504144
0.076790
-0.243860
-0.004487
0.229952
-0.000959
-0.009917
-0.231306
0.000840
-0.012170
-0.222872
-0.471592
-0.002633
-0.539206
0.317212
-0.729744
0.198796
0.214842
0.243229
-0.392367
-0.004028
-0.000163
-0.177033
-0.027773
-0.011302
-0.001487
-0.085937
-0.003481
-0.009580
0.005163
-0.573091
0.408363
-0.005325
-0.024467
0.055459
-0.005695
-0.000416
-0.348517
-0.405371
-0.007993
-0.207966
-0.002391
-0.005473
-0.197505
-0.245499
-0.373400
-0.002120
-0.016592
-0.000056
