0.000060 -0.152734 -0.000064 -0.000008 -0.000007 0.171326 0.258647 -0.289782 0.000009 -0.106738 0.039068 0.234221 0.232009 -0.062768 -0.000017 -0.209997 0.000008 0.000053 -0.000065 0.320275 -0.182594 0.000086 0.110535 -0.000028 -0.061674 -0.144927 -0.000187 -0.000050 0.000023 0.000057 -0.000197 -0.011089 0.047412 -0.409659 0.000050 -0.000866 -0.263055 0.000052 0.276407 -0.000033 0.000022 0.066353 -0.277124 -0.178168 -0.647766 0.411280 -0.052271 0.183165 0.090970 -0.000026 0.000005
-0.000079 -0.024781 0.000094 0.000062 0.000045 -0.003051 0.149004 -0.000537 0.000121 -0.066009 -0.168799 0.252402 0.069992 -0.497085 0.000063 -0.051070 -0.000027 0.000168 0.000011 0.161781 -0.147032 0.000054 -0.013692 -0.000065 -0.005232 -0.411655 -0.000042 -0.000152 -0.000022 -0.000028 0.000014 0.098396 0.154335 -0.157038 0.000032 -0.000107 -0.346722 -0.000030 0.162777 0.000046 0.000017 -0.026167 -0.114712 0.142434 -0.196163 0.253023 -0.121750 0.407298 0.344674 0.000116 0.000028
0.000042 -0.008015 0.000114 0.000036 0.000072 0.130839 0.041556 0.262520 0.000038 0.249825 -0.273570 -0.124264 -0.126112 0.514665 -0.000106 -0.147548 -0.000061 0.000116 -0.000029 -0.095842 0.265035 -0.000061 0.213343 0.000027 -0.159779 -0.069403 -0.000039 -0.000005 0.000045 0.000017 0.000011 0.575736 0.015392 -0.029078 0.000026 -0.001522 -0.150602 -0.000026 -0.144337 -0.000040 0.000029 0.125917 0.008857 0.154831 -0.253890 -0.272926 -0.196713 0.072206 0.485935 -0.000024 0.000015
0.000029 0.088778 0.000090 0.000037 -0.000035 0.241925 0.199812 0.215625 -0.000021 -0.118969 -0.172551 0.089337 -0.285931 -0.142818 -0.000274 -0.146848 0.000000 0.000067 -0.000013 0.089031 0.373277 -0.000061 -0.199640 0.000028 -0.220505 -0.206285 0.000001 0.000006 0.000004 0.000006 0.000024 -0.157021 0.391287 0.135466 -0.000015 -0.001968 -0.078594 -0.000004 -0.134980 0.000039 0.000015 -0.089369 -0.019670 0.194860 -0.275312 -0.211223 0.340081 0.253417 0.154542 -0.000048 0.000030
-0.000015 -0.064487 0.000069 -0.000026 0.000016 -0.346754 0.103771 0.222989 0.000030 -0.001367 -0.123997 -0.196889 -0.394730 -0.185068 0.000054 -0.430057 0.000010 0.000079 -0.000057 0.009376 0.508720 0.000038 -0.320531 0.000039 -0.065591 0.326295 0.000054 0.000009 0.000039 -0.000034 0.000051 -0.139679 0.164263 0.020519 0.000049 -0.000372 -0.313659 0.000040 -0.297480 0.000047 0.000045 -0.038820 -0.190956 -0.005718 0.378505 -0.337862 0.193393 0.214916 0.025426 -0.000077 0.000027
0.000017 -0.118383 0.000005 -0.000027 -0.000030 -0.162045 0.283772 -0.006515 -0.000106 -0.264231 -0.091531 0.077658 -0.203258 -0.238543 0.000089 -0.182145 -0.000007 0.000101 -0.000001 0.351584 -0.040706 -0.000012 -0.044554 0.000007 -0.243177 0.117031 0.000017 -0.000094 -0.000004 -0.000037 -0.000007 -0.311537 -0.000950 -0.297300 0.000018 -0.002907 -0.402274 -0.000030 -0.001988 -0.000003 0.000015 -0.020975 0.041075 -0.041050 0.169516 0.043434 0.186688 0.335330 -0.354984 0.000102 0.000002
-0.000132 -0.209919 -0.000162 -0.000078 0.000072 0.080666 0.256071 -0.130388 0.000078 -0.262405 -0.081703 -0.144683 -0.571195 -0.001483 -0.000050 -0.061670 -0.000041 0.000034 0.000013 -0.102337 -0.034976 0.000004 0.244915 -0.000014 -0.175904 -0.026740 0.000105 -0.000076 -0.000037 0.000002 -0.000120 0.257192 -0.362512 -0.310672 0.000051 -0.001045 -0.305685 0.000036 -0.025024 0.000065 -0.000127 0.020849 0.450760 0.211859 0.198645 0.152482 0.212649 -0.133692 0.010878 -0.000001 0.000060
-0.000008 -0.325609 -0.000042 0.000028 0.000012 -0.068228 0.296447 -0.149384 0.000028 -0.099662 -0.110479 -0.150939 -0.096480 -0.136322 0.000138 0.328816 0.000065 0.000052 0.000054 0.177199 0.261662 0.000085 0.487198 0.000039 0.121724 -0.114855 0.000009 -0.000110 0.000021 -0.000072 -0.000112 -0.106334 0.092963 0.065658 -0.000024 -0.000364 -0.054487 0.000017 -0.154760 -0.000118 0.000030 -0.070558 0.406693 0.296432 0.022482 0.492659 -0.003235 0.153008 -0.263620 0.000026 0.000032
0.000134 -0.347652 -0.000029 0.000095 0.000079 0.182977 0.380514 0.064928 0.000014 0.022242 0.170551 -0.361876 0.227063 0.576912 0.000074 0.082382 -0.000042 0.000149 0.000021 -0.167864 0.178698 0.000080 0.571550 0.000032 0.125351 0.100103 -0.000060 -0.000127 -0.000013 0.000039 -0.000046 -0.259708 0.219932 -0.102132 0.000034 0.000766 -0.324290 -0.000002 0.125913 0.000158 -0.000021 0.263087 0.221072 -0.170632 0.287074 0.114121 0.010254 0.096394 -0.167063 -0.000025 -0.000053
0.000020 0.134520 0.000062 0.000085 -0.000067 -0.255410 0.142512 0.170691 0.000033 0.343667 -0.154610 -0.097827 0.822317 -0.080671 -0.000063 0.186074 0.000016 0.000005 -0.000001 -0.154641 -0.028707 -0.000001 -0.875898 0.000027 -0.019981 0.564038 -0.000000 -0.000064 0.000010 -0.000038 0.000009 -0.564756 0.085948 -0.149951 -0.000110 -0.000386 -0.147623 0.000014 0.016561 0.000080 0.000013 0.133324 0.442854 0.280424 0.378024 0.574127 0.135852 0.235290 -0.182845 0.000015 0.000125
-0.000014 0.065515 -0.000018 -0.000081 0.000041 -0.302306 -0.052186 0.003043 -0.000014 -0.296715 -0.046928 -0.199435 0.280825 0.009679 -0.000056 0.198309 -0.000043 -0.000023 0.000103 0.094877 -0.087921 0.000001 -0.701902 0.000062 0.059928 0.249205 -0.000083 0.000117 -0.000032 0.000008 -0.000062 -0.159680 0.104302 0.002120 0.000002 -0.000613 0.064306 0.000016 -0.068191 0.000026 -0.000041 -0.021154 0.511590 0.129578 0.331293 0.131159 0.042140 0.268140 0.060002 0.000041 -0.000009
0.000019 0.023246 0.000049 -0.000010 0.000032 -0.036705 0.104945 -0.238081 0.000005 0.007864 0.185793 -0.120442 -0.103449 0.236855 -0.000064 -0.093030 -0.000034 -0.000081 0.000023 0.004877 -0.146752 0.000019 -0.698329 -0.000106 -0.033727 0.012139 -0.000019 0.000084 0.000059 0.000008 -0.000086 0.351474 -0.178640 0.324004 -0.000025 -0.000386 0.064566 -0.000027 0.327169 0.000038 -0.000020 -0.139329 0.129893 0.176895 -0.119664 -0.068912 0.236924 0.451481 0.457919 0.000036 0.000034
-0.000072 -0.226829 0.000064 -0.000024 -0.000084 0.066153 0.256695 -0.240473 0.000028 0.170272 0.184745 0.118113 -0.374625 0.066094 -0.000018 0.036683 -0.000022 -0.000101 -0.000015 0.270658 -0.067189 -0.000099 -0.393807 -0.000002 0.348488 0.007996 0.000066 0.000012 0.000051 -0.000091 -0.000144 0.204023 0.066507 0.311103 0.000015 -0.000529 -0.027896 -0.000017 0.179440 0.000028 -0.000026 -0.243654 -0.258112 0.251259 -0.003243 0.311251 0.194431 0.312981 0.357510 0.000061 0.000032
0.000008 -0.444486 -0.000076 0.000003 -0.000057 0.333728 -0.098020 -0.033932 0.000189 -0.089366 0.009432 0.069336 -0.482181 0.053030 -0.000041 0.059581 -0.000073 0.000044 0.000015 0.491936 -0.265560 -0.000044 -0.010610 -0.000018 -0.016985 -0.253745 0.000122 0.000003 -0.000002 0.000004 0.000201 0.076608 0.030065 -0.077923 -0.000016 -0.000352 0.065271 -0.000031 0.112697 -0.000010 -0.000026 0.118234 -0.059521 -0.071347 -0.285184 0.077658 0.162109 0.013047 0.025967 -0.000033 0.000071
-0.000015 -0.372602 0.000141 -0.000053 0.000060 0.177057 0.016156 -0.085053 -0.000117 -0.098348 -0.232246 -0.147261 -0.302378 0.072530 0.000009 0.157740 -0.000004 -0.000069 -0.000017 -0.030864 0.043745 0.000020 0.351955 -0.000010 -0.126371 -0.605474 -0.000143 -0.000004 0.000010 -0.000037 0.000035 -0.077129 0.278978 -0.058139 0.000111 -0.000612 -0.127417 0.000025 -0.086036 -0.000013 0.000024 0.178901 0.220135 0.084835 0.027275 0.356915 0.077942 0.034032 0.139160 0.000061 -0.000081
-0.000002 -0.276423 -0.000047 0.000027 0.000215 0.309221 0.221144 -0.216672 -0.000025 -0.099035 -0.108269 -0.217641 0.274695 -0.151705 0.000194 0.366915 0.000039 -0.000012 -0.000030 -0.440663 0.021878 -0.000062 0.018864 -0.000014 -0.468104 -0.128247 -0.000005 0.000075 -0.000022 0.000029 -0.000171 0.045652 0.256888 0.120570 0.000048 -0.000421 -0.098351 0.000017 -0.038846 0.000041 -0.000004 0.345031 0.270800 -0.349892 0.262744 0.536463 0.319933 -0.078363 -0.081118 -0.000029 -0.000199
0.000053 -0.610119 0.000111 -0.000025 0.000043 0.353014 0.259095 0.264007 -0.000041 -0.230223 0.217384 -0.000936 0.261241 0.220183 0.000230 0.223931 -0.000028 -0.000018 -0.000029 0.015904 -0.060736 0.000028 0.118858 -0.000040 -0.278679 0.408748 0.000041 -0.000044 0.000094 0.000113 -0.000007 -0.457500 0.427834 0.032344 0.000088 -0.000349 -0.027809 0.000025 -0.036571 0.000064 -0.000057 0.208011 0.124993 -0.328004 0.281595 0.157437 0.164458 0.076723 0.353902 0.000048 0.000013
0.000015 -0.275443 -0.000112 0.000031 0.000106 0.399602 0.326433 -0.071365 0.000109 -0.172588 -0.049841 0.069143 0.084881 -0.049210 -0.000075 0.305169 -0.000002 0.000022 0.000053 -0.252693 0.013298 0.000025 -0.207755 0.000007 -0.374074 0.137447 -0.000037 -0.000013 -0.000025 0.000028 0.000020 -0.360576 0.299062 -0.232852 0.000110 -0.000334 0.103992 0.000010 -0.054764 0.000216 0.000100 -0.007664 0.075619 -0.655197 -0.138510 0.035740 -0.247510 0.152308 -0.158993 0.000023 0.000115
-0.000078 -0.377838 0.000000 0.000059 -0.000024 -0.007964 0.310838 -0.279138 0.000034 0.160276 -0.040784 -0.142973 0.145059 0.096724 0.000082 0.019909 0.000026 -0.000121 -0.000003 -0.138856 0.294258 0.000081 0.226717 -0.000025 -0.067938 -0.324295 0.000006 -0.000032 0.000022 0.000042 -0.000087 0.079136 -0.097871 -0.163296 0.000061 -0.000638 0.086598 0.000015 -0.086265 0.000043 0.000041 0.387257 0.441434 0.057469 -0.125693 0.106524 -0.063255 0.211608 -0.053857 0.000032 -0.000029
0.000031 -0.031105 0.000110 0.000027 -0.000087 0.007042 0.433366 -0.192518 -0.000081 0.152543 -0.127789 0.116764 0.037912 -0.004818 0.000148 -0.076429 0.000110 -0.000062 0.000046 -0.181213 0.344783 -0.000035 -0.138504 0.000023 -0.247195 0.078599 0.000030 -0.000084 -0.000005 -0.000068 -0.000019 -0.024384 0.071663 0.341077 -0.000106 -0.000446 0.015622 0.000039 0.086336 0.000023 -0.000024 -0.047044 0.077775 0.361984 -0.136506 -0.286773 -0.020921 0.173523 0.001640 -0.000007 -0.000027
0.000025 0.072512 -0.000111 0.000047 -0.000040 0.213231 0.454844 -0.005117 -0.000101 -0.125175 -0.222800 -0.029460 0.027372 0.091211 -0.000041 -0.165314 -0.000050 0.000088 -0.000002 -0.199392 -0.083149 0.000006 -0.446451 0.000025 0.238689 -0.244669 0.000059 -0.000040 -0.000021 0.000018 -0.000004 0.167840 -0.117194 -0.039729 -0.000033 -0.000762 0.042167 -0.000030 -0.204847 -0.000067 -0.000033 -0.205788 0.002590 0.074968 0.018432 -0.078662 0.188685 0.045058 0.108775 0.000075 -0.000030
0.000019 -0.288251 -0.000033 0.000030 -0.000000 -0.009043 0.029970 -0.135337 0.000189 0.255789 -0.260993 0.134588 -0.083374 -0.178838 -0.000010 -0.155393 0.000032 0.000041 0.000001 0.122100 -0.078151 -0.000007 -0.030598 0.000000 -0.065440 0.355536 -0.000084 0.000167 -0.000058 0.000018 -0.000033 -0.396684 -0.040284 0.143879 0.000020 -0.000553 0.028117 -0.000005 -0.320779 -0.000030 -0.000026 -0.134908 0.079447 0.490619 0.246835 0.135401 -0.264997 0.016947 -0.044237 -0.000115 0.000103
0.000057 -0.285089 0.000062 -0.000105 -0.000082 -0.023182 0.355114 -0.019005 0.000022 0.247817 0.015691 -0.032006 -0.116642 0.109756 0.000035 0.136220 -0.000007 0.000008 -0.000003 0.022019 0.003462 -0.000114 0.116754 -0.000108 0.249647 0.147105 -0.000050 0.000029 -0.000039 -0.000030 0.000177 0.006165 -0.064907 0.044484 0.000048 -0.000865 -0.012553 -0.000020 -0.153961 -0.000085 -0.000142 -0.109547 -0.084166 0.169157 0.237291 0.132003 -0.568363 0.039025 -0.020275 0.000046 -0.000206
-0.000017 -0.040701 0.000141 -0.000113 0.000120 -0.238239 0.237849 -0.276757 0.000118 0.257330 -0.090883 -0.024903 -0.591157 -0.091924 -0.000097 0.168507 0.000088 0.000051 0.000003 0.135010 -0.066742 -0.000026 0.582917 -0.000010 0.230386 0.256103 0.000079 -0.000078 0.000001 -0.000011 -0.000010 -0.130177 -0.191418 0.397044 -0.000022 -0.000184 -0.095208 -0.000026 -0.165486 -0.000127 -0.000050 0.146125 0.024924 0.028797 0.160615 0.132035 -0.188572 0.125228 -0.153224 0.000005 0.000078
0.000013 0.273265 -0.000045 0.000054 0.000024 -0.425996 0.308056 0.074669 0.000071 0.374883 -0.179930 -0.007614 -0.290644 0.394998 -0.000024 0.359132 -0.000010 -0.000061 -0.000025 0.579576 -0.003423 -0.000039 0.191576 -0.000043 -0.093055 -0.123148 -0.000173 0.000055 0.000011 -0.000007 -0.000092 0.058215 0.133041 -0.075494 -0.000000 0.000008 0.011024 0.000029 0.073983 -0.000011 -0.000089 0.407938 -0.034340 0.079410 -0.091580 -0.019366 -0.007499 0.406732 -0.197548 -0.000030 -0.000036
0.000036 -0.009000 0.000028 0.000005 -0.000090 -0.239692 0.203329 -0.341912 -0.000128 0.256820 -0.040579 0.070232 -0.310701 0.077476 0.000083 -0.045097 -0.000016 0.000127 -0.000026 -0.134028 -0.031863 0.000000 -0.019723 -0.000062 -0.062381 -0.225409 -0.000050 0.000080 -0.000096 0.000031 -0.000110 0.191521 -0.219330 -0.201983 -0.000019 -0.000847 0.004523 -0.000039 -0.123294 -0.000026 -0.000011 0.390210 0.165290 0.039568 -0.010144 0.068312 -0.349299 0.164783 0.180430 -0.000026 -0.000029
0.000012 0.040010 0.000029 -0.000030 -0.000078 -0.083391 0.268365 -0.100130 0.000047 0.099653 -0.258308 -0.013707 -0.026898 0.014344 -0.000027 0.023024 -0.000002 -0.000079 0.000094 0.011224 0.009336 0.000034 0.478188 0.000056 0.262321 -0.249206 0.000010 -0.000062 -0.000066 0.000025 0.000118 0.204490 0.050193 -0.205598 0.000012 -0.000698 0.299902 0.000026 0.280017 0.000025 0.000051 0.043598 0.039224 -0.071507 -0.313454 0.035241 0.005279 0.071239 0.167160 -0.000065 0.000122
0.000022 0.336043 -0.000158 0.000028 0.000066 0.496010 -0.034987 -0.134661 0.000071 0.309081 -0.096693 -0.126580 0.224880 0.009287 -0.000187 0.006799 -0.000047 -0.000025 0.000024 0.033041 0.184132 -0.000013 0.162451 -0.000006 -0.153171 -0.074829 0.000003 0.000014 0.000003 -0.000008 0.000008 0.034384 -0.094260 -0.133017 -0.000045 -0.000571 0.448704 -0.000038 -0.102884 0.000030 -0.000026 -0.165793 0.436817 -0.005834 -0.203620 -0.106414 0.260276 0.283583 0.342213 0.000051 0.000100
-0.000020 0.396409 -0.000033 0.000138 -0.000102 0.395751 -0.355342 -0.187441 0.000010 0.112624 -0.287077 -0.029353 0.301997 0.106478 0.000005 0.245266 0.000010 0.000001 -0.000016 -0.155401 -0.170376 -0.000010 0.066345 0.000019 -0.160225 -0.007279 -0.000018 0.000069 0.000017 -0.000004 0.000077 -0.134548 -0.149303 0.133788 0.000032 -0.000545 0.337610 0.000027 -0.228281 0.000124 -0.000025 -0.155980 0.116043 -0.379609 -0.352855 -0.009000 0.439301 0.565234 0.057947 0.000057 0.000043
-0.000069 -0.072524 0.000080 0.000181 0.000053 0.379118 -0.378914 -0.051819 -0.000012 -0.151978 0.441010 -0.045795 0.090430 0.145934 0.000106 0.053849 -0.000001 0.000100 -0.000015 0.098007 0.278676 0.000004 -0.016206 -0.000083 0.290412 0.405216 0.000196 0.000039 0.000033 -0.000014 0.000069 -0.081288 -0.485867 0.294501 -0.000021 -0.000366 0.111301 0.000052 0.018138 0.000041 0.000031 -0.091789 0.004746 -0.279741 0.097473 0.101595 -0.030119 0.351161 0.205849 -0.000005 0.000067
0.000046 0.100228 -0.000013 0.000046 -0.000009 -0.322588 0.086145 0.218721 0.000058 0.035799 0.298207 0.016144 0.236853 -0.399010 0.000068 0.446243 0.000060 -0.000129 -0.000064 0.462705 -0.142522 -0.000067 -0.208908 -0.000002 -0.121560 0.553246 0.000202 -0.000045 -0.000009 -0.000009 -0.000043 0.391855 -0.257863 0.282813 -0.000044 -0.000456 -0.154884 -0.000004 0.304268 0.000027 -0.000008 -0.007163 0.131732 0.277197 -0.002663 0.432207 0.229401 0.561358 -0.185841 0.000048 -0.000003
-0.000110 -0.098050 -0.000068 0.000063 -0.000010 -0.230594 0.069550 0.264343 -0.000015 -0.053944 0.208337 0.044330 0.009229 0.047566 -0.000085 0.037878 -0.000033 0.000036 0.000092 0.053586 0.076033 0.000061 0.234695 0.000011 0.247856 -0.276498 0.000030 0.000034 -0.000030 -0.000037 -0.000002 -0.062788 -0.282258 0.033385 0.000058 0.000427 -0.262072 0.000013 0.162726 0.000023 -0.000048 -0.058779 -0.296120 0.304268 0.122098 0.386088 0.168675 0.038267 -0.046483 -0.000204 -0.000053
-0.000045 -0.041271 -0.000062 0.000097 -0.000031 -0.131466 0.202655 -0.000003 -0.000109 -0.172119 0.281597 -0.043795 0.219322 0.028259 -0.000030 0.070141 -0.000002 -0.000071 -0.000013 0.136847 0.172497 0.000081 0.037491 0.000035 0.294535 0.029341 0.000049 0.000075 -0.000026 0.000061 -0.000018 -0.014435 -0.373650 0.082216 -0.000031 -0.000411 -0.100378 0.000027 0.339652 -0.000006 -0.000136 0.040761 0.020119 0.127242 0.440269 0.530609 0.169590 0.037680 0.001792 0.000054 0.000028
-0.000003 0.172252 -0.000006 -0.000036 -0.000022 -0.203783 0.233082 -0.161748 0.000020 0.124908 0.183015 -0.147938 -0.174914 0.378987 -0.000076 0.305792 -0.000017 0.000004 -0.000030 0.114491 0.337632 0.000032 -0.087762 0.000039 -0.384684 -0.210051 0.000132 0.000083 -0.000013 -0.000105 -0.000002 -0.158199 -0.231834 -0.321669 0.000019 0.000397 0.115703 0.000022 -0.179010 0.000150 -0.000012 -0.166579 -0.500538 0.069837 0.291741 0.616161 -0.001508 0.011408 0.077377 -0.000107 -0.000025
-0.000033 0.406523 -0.000063 0.000031 -0.000016 0.140483 -0.288799 -0.006970 0.000185 -0.020470 -0.220053 0.039078 -0.488092 0.574923 -0.000029 0.233775 -0.000095 0.000112 0.000006 0.121059 0.111111 0.000013 0.068573 -0.000044 -0.256434 -0.001203 0.000131 0.000041 0.000007 -0.000019 -0.000062 0.192391 -0.260514 -0.381735 -0.000009 0.000578 0.080619 0.000017 -0.245484 0.000030 0.000035 -0.053105 -0.096045 0.015160 0.268763 0.101873 0.058918 0.198186 0.387862 0.000009 0.000053
0.000034 0.328326 0.000026 0.000034 -0.000041 -0.010689 -0.131410 -0.433524 -0.000120 0.287895 -0.054213 0.129327 -0.191764 -0.126428 0.000005 0.127000 0.000005 -0.000047 0.000013 0.273893 0.067958 0.000021 0.176842 0.000045 -0.287291 -0.179750 -0.000166 -0.000073 0.000031 0.000016 0.000014 0.010053 -0.561338 0.326649 -0.000026 0.000499 0.089629 -0.000012 -0.058610 -0.000030 -0.000029 -0.012989 0.331616 -0.273144 -0.302621 0.074939 0.071714 0.309876 0.489805 -0.000059 0.000027
0.000057 0.053004 0.000054 -0.000028 0.000038 -0.399240 0.310455 -0.473941 0.000024 0.607720 0.137157 -0.005664 -0.157004 -0.242467 -0.000122 0.401659 -0.000009 0.000037 -0.000019 0.140005 0.424473 -0.000081 -0.408619 -0.000117 -0.286891 -0.009344 0.000117 0.000073 0.000040 -0.000057 -0.000041 0.070204 -0.470478 0.201404 -0.000017 0.000510 -0.051357 -0.000042 -0.362689 -0.000033 0.000008 0.129352 -0.167230 0.139165 -0.185789 0.218979 0.245677 -0.046476 0.168852 0.000038 0.000001
0.000013 0.078853 0.000055 0.000004 0.000050 0.045507 0.071170 -0.085201 -0.000089 0.061001 0.154710 0.232062 -0.081768 0.338127 0.000066 0.410644 -0.000033 -0.000053 -0.000029 -0.078605 0.370039 -0.000037 -0.420294 0.000018 -0.053836 -0.236923 -0.000226 0.000028 -0.000039 0.000015 0.000043 0.120086 0.017898 -0.300008 0.000033 -0.000298 0.057073 0.000011 -0.291783 -0.000023 0.000015 0.153088 -0.228895 0.251012 -0.165992 -0.006712 -0.050940 0.187942 -0.012985 -0.000059 -0.000031
0.000046 -0.058726 0.000107 -0.000034 0.000054 0.139017 0.201913 -0.344313 -0.000009 -0.002873 0.596138 0.046031 0.066452 0.220097 -0.000033 0.262823 0.000014 -0.000072 -0.000020 -0.486515 0.252347 -0.000025 -0.273355 0.000049 -0.390742 0.467528 -0.000008 -0.000013 0.000038 0.000024 0.000078 -0.258863 0.199850 -0.252705 0.000033 -0.000705 -0.046009 0.000042 -0.014972 -0.000060 -0.000075 -0.051885 -0.272369 0.064851 0.074455 0.011439 -0.011557 0.134955 0.064509 0.000108 -0.000022
-0.000011 0.302497 0.000033 -0.000036 -0.000058 0.255180 -0.185658 0.190164 -0.000069 -0.038827 0.502607 -0.016765 -0.371495 0.025692 -0.000093 0.210447 0.000000 -0.000013 0.000002 0.032094 -0.172937 -0.000052 0.167788 0.000040 -0.297896 0.158646 0.000062 -0.000047 -0.000002 -0.000000 0.000143 -0.385910 0.012066 0.056538 -0.000060 -0.000269 0.197712 0.000042 0.204686 0.000069 -0.000004 -0.078352 0.236036 -0.111290 -0.235671 -0.317708 0.099016 0.038734 -0.103150 0.000081 -0.000034
0.000004 0.386640 -0.000012 -0.000024 0.000051 -0.219267 -0.331845 0.242867 0.000017 -0.240730 0.353409 0.128102 0.096466 -0.416727 0.000201 -0.289101 -0.000077 -0.000020 0.000007 -0.086540 -0.180019 -0.000041 0.233785 -0.000120 -0.150696 -0.488010 -0.000058 0.000083 -0.000022 0.000056 -0.000002 0.186738 -0.336305 -0.033664 0.000075 -0.000009 -0.039759 -0.000018 0.107039 -0.000006 0.000032 -0.256064 0.037597 0.133143 0.072446 -0.320143 -0.088231 0.062878 0.218636 0.000014 0.000025
0.000032 0.342633 -0.000066 -0.000034 0.000046 -0.347640 0.095312 0.247629 -0.000056 -0.344463 0.534924 0.019987 0.258576 0.000796 0.000021 0.136137 -0.000015 -0.000065 0.000029 0.102729 -0.083632 0.000069 0.239656 0.000016 -0.325751 -0.811272 -0.000068 -0.000046 -0.000067 0.000031 -0.000000 0.248834 -0.558071 0.185078 0.000071 -0.000419 0.057028 -0.000018 -0.138774 -0.000057 0.000030 -0.400618 -0.022438 0.405026 0.162921 0.238618 -0.253387 0.245495 -0.265918 0.000022 -0.000056
-0.000019 0.301259 0.000070 0.000100 0.000059 -0.104096 0.125972 0.045533 -0.000008 -0.302985 0.670371 -0.010989 0.087741 0.250909 0.000086 -0.038212 -0.000079 0.000045 0.000001 0.070564 -0.122430 0.000030 0.376280 0.000044 -0.149291 -0.452074 0.000081 0.000155 -0.000048 -0.000078 0.000116 -0.000351 0.139048 0.142729 0.000108 -0.000467 -0.041984 0.000033 0.126480 -0.000127 -0.000042 0.002164 -0.163941 -0.438914 -0.068832 -0.151291 -0.026052 0.207975 -0.014739 -0.000032 -0.000059
0.000119 0.255311 -0.000065 0.000098 0.000038 0.148586 0.030307 -0.123286 -0.000035 0.143700 0.336073 -0.065733 -0.323975 -0.018187 0.000047 0.185727 0.000067 -0.000069 0.000053 0.134584 -0.186300 0.000138 0.210481 -0.000028 -0.141158 -0.163442 0.000154 -0.000072 0.000053 -0.000005 0.000137 0.298004 0.045984 0.097921 0.000054 -0.000207 0.343117 -0.000013 0.132238 -0.000039 -0.000019 0.253916 0.040753 -0.534810 -0.004272 -0.011678 0.132631 0.279956 -0.045897 0.000013 0.000117
0.000002 0.449871 -0.000030 0.000118 -0.000033 0.370063 0.094026 0.353856 -0.000186 0.095488 -0.011537 0.086717 -0.041320 0.139691 -0.000017 0.134264 -0.000048 0.000003 0.000024 -0.070431 0.248088 -0.000019 -0.034705 -0.000017 0.083718 0.435330 -0.000001 -0.000193 -0.000036 0.000054 0.000115 -0.489076 -0.117334 -0.003241 -0.000017 0.000073 0.130041 0.000015 0.162394 -0.000025 -0.000008 -0.127649 -0.119419 -0.395043 0.069257 -0.026232 -0.110436 0.138676 0.256042 -0.000041 -0.000038
0.000014 0.521037 -0.000117 0.000109 -0.000093 0.264906 -0.240412 -0.029445 -0.000191 0.032502 -0.192661 -0.068333 -0.137330 -0.063121 0.000079 0.209957 -0.000039 -0.000055 0.000018 -0.314733 0.241087 0.000034 -0.080587 -0.000021 0.126802 0.323383 0.000022 -0.000038 -0.000008 0.000039 -0.000002 0.101269 -0.012007 0.040925 0.000039 -0.000037 -0.235250 0.000012 -0.076440 -0.000093 0.000134 -0.113621 -0.116026 -0.094899 -0.010676 -0.324036 -0.106187 0.355099 0.205534 -0.000053 0.000003
0.000041 0.191572 0.000054 0.000030 -0.000017 -0.241420 -0.418068 -0.194288 0.000156 0.071395 0.052024 -0.020150 0.103363 -0.122214 -0.000084 0.307551 -0.000002 -0.000065 0.000106 0.289389 0.062497 0.000032 -0.206911 -0.000036 -0.440814 0.037659 0.000078 -0.000046 -0.000039 -0.000043 -0.000093 0.053515 -0.132867 0.137255 0.000016 0.000024 0.016210 -0.000000 -0.170714 0.000046 -0.000052 0.279773 0.311275 0.256663 0.218236 0.065664 0.110637 0.504194 0.105981 -0.000012 -0.000027
0.000020 -0.064917 -0.000052 0.000048 -0.000091 -0.168803 -0.272768 -0.084023 0.000118 -0.142866 0.447408 -0.199481 0.409752 -0.102599 0.000031 0.086314 0.000002 -0.000077 0.000008 0.077232 -0.003864 0.000031 0.047790 0.000002 -0.110246 -0.045757 -0.000153 0.000022 0.000005 -0.000023 -0.000005 0.024095 0.080376 0.256182 0.000055 -0.001261 0.022905 0.000033 -0.279100 0.000053 0.000061 -0.012037 -0.026713 -0.408891 0.316670 0.112808 0.289829 0.391081 -0.162226 0.000024 0.000026
-0.000143 0.219230 0.000056 -0.000059 -0.000070 0.464866 -0.003608 -0.136040 -0.000059 -0.165884 0.257019 -0.067175 0.165115 0.293878 0.000099 -0.019646 0.000053 0.000037 0.000007 0.141121 0.319799 -0.000036 -0.125467 0.000075 -0.383739 -0.000986 -0.000051 0.000076 -0.000008 0.000006 -0.000065 0.251168 -0.134805 0.117187 -0.000032 -0.002006 0.095179 0.000039 -0.008539 -0.000024 0.000114 0.125621 -0.318407 -0.304503 -0.175425 0.058074 0.629714 0.202995 -0.661624 -0.000184 0.000032
-0.000014 -0.044245 -0.000021 0.000100 -0.000039 0.186212 0.071846 -0.318385 0.000036 0.000657 -0.026898 -0.094111 -0.058676 0.202815 0.000044 0.114170 0.000050 -0.000046 -0.000008 0.135368 0.362014 0.000039 -0.221564 0.000008 -0.597650 0.308968 0.000095 -0.000034 -0.000048 -0.000072 -0.000002 0.276790 -0.079844 -0.233454 0.000085 -0.001787 -0.357208 0.000013 0.017935 -0.000119 -0.000041 0.473995 -0.130259 -0.114860 0.269006 -0.173047 0.271294 0.189855 -0.501240 0.000024 0.000146
0.000043 0.225490 -0.000080 -0.000050 -0.000025 0.093809 0.002538 -0.440865 0.000090 -0.316950 -0.453463 0.217438 -0.071201 -0.006006 0.000151 0.024641 -0.000022 0.000101 0.000034 0.080666 -0.157490 -0.000022 -0.275199 -0.000005 0.110143 0.098875 0.000019 0.000071 -0.000004 -0.000056 -0.000049 0.085271 -0.081339 -0.292818 -0.000022 -0.000116 -0.323861 -0.000017 -0.373116 -0.000034 0.000019 0.324619 -0.305941 -0.207730 -0.147462 -0.376873 -0.170639 0.115699 -0.123682 -0.000047 0.000023
-0.000082 0.244328 -0.000004 -0.000008 -0.000031 -0.223453 0.113701 0.109894 -0.000124 0.039297 -0.084538 0.003295 0.029239 -0.061777 0.000028 0.258937 -0.000017 -0.000024 0.000090 -0.182940 -0.079202 0.000042 0.071990 -0.000006 0.106837 -0.040566 0.000020 -0.000130 0.000010 0.000006 0.000060 -0.271742 0.032335 -0.579928 -0.000054 0.000153 -0.077714 0.000019 -0.224892 -0.000045 0.000009 0.146556 -0.339614 0.225773 0.051828 -0.307394 -0.514422 -0.015603 -0.097376 0.000015 -0.000034
0.000020 0.137014 -0.000010 0.000039 0.000090 -0.078001 -0.311231 0.284520 -0.000083 -0.057250 -0.243077 -0.081486 -0.146686 0.237166 0.000114 0.075287 0.000023 0.000062 0.000014 0.093128 -0.225102 -0.000009 0.152341 0.000021 -0.116055 0.022684 -0.000022 -0.000049 0.000014 -0.000046 0.000048 0.069046 -0.157694 -0.372639 0.000058 0.000014 -0.152073 0.000002 0.098599 0.000047 -0.000001 0.012983 0.032549 0.040487 -0.253327 -0.219744 -0.028541 0.013802 0.150146 -0.000112 0.000130
0.000004 -0.138070 0.000111 0.000023 0.000057 -0.065819 -0.325828 -0.332067 0.000074 0.266142 -0.009908 -0.071264 -0.178762 0.184770 -0.000027 -0.109938 -0.000053 0.000073 0.000014 -0.301024 0.041085 -0.000009 0.060608 0.000003 0.238655 0.068336 0.000052 -0.000078 0.000015 -0.000005 0.000075 -0.020963 -0.234257 -0.161296 -0.000026 -0.000421 -0.235205 -0.000049 0.078546 0.000032 0.000028 0.051640 -0.076051 -0.120240 0.352295 0.098441 0.197173 0.146039 0.284135 0.000010 -0.000061
0.000005 -0.066938 0.000060 0.000155 -0.000032 -0.231569 -0.104737 -0.036292 -0.000121 0.481224 0.025609 -0.272061 0.008087 -0.202928 -0.000203 0.079010 0.000036 0.000004 0.000025 -0.290362 0.158128 -0.000058 -0.046069 0.000055 0.207113 -0.073235 0.000038 0.000119 0.000033 -0.000042 -0.000207 -0.038530 -0.112216 0.228590 -0.000070 -0.000560 -0.275336 -0.000062 0.222363 -0.000046 0.000063 -0.054120 -0.218463 -0.344947 0.034519 0.422191 0.381947 -0.020325 -0.082363 -0.000073 0.000007
0.000033 0.013015 -0.000022 0.000088 0.000019 -0.108995 -0.327390 0.201780 0.000094 0.442107 -0.004805 -0.000322 -0.304730 -0.165236 -0.000102 -0.008310 -0.000025 0.000059 0.000031 -0.355722 0.690776 -0.000075 -0.165383 -0.000078 0.035746 -0.143720 -0.000054 0.000013 -0.000016 -0.000037 -0.000021 -0.191411 -0.129609 -0.016697 0.000042 -0.000344 -0.142259 -0.000004 0.129578 0.000026 0.000008 -0.261245 0.184141 0.088438 -0.300959 0.056738 0.629238 -0.154582 0.291345 -0.000007 -0.000004
-0.000133 0.174027 -0.000035 0.000020 -0.000062 -0.057511 0.176256 -0.005143 -0.000032 0.536809 0.108301 0.061888 -0.328215 0.085893 0.000056 0.290481 0.000005 0.000061 0.000027 0.076189 0.577843 -0.000053 0.067205 -0.000078 -0.396356 0.098970 0.000034 0.000048 0.000035 -0.000019 0.000046 -0.017215 0.304356 -0.060248 -0.000007 -0.000517 -0.128410 0.000001 0.135954 0.000014 -0.000078 -0.118664 0.140888 -0.339336 -0.272184 -0.029393 0.045907 -0.078107 -0.225227 0.000067 -0.000067
0.000068 0.156001 0.000070 0.000027 -0.000027 0.327970 0.000599 0.092809 0.000155 -0.075429 0.046689 0.323277 -0.329856 0.277297 0.000006 0.298741 -0.000040 0.000157 0.000046 0.156256 -0.135666 -0.000110 0.049927 -0.000094 -0.383894 0.124563 0.000006 -0.000005 -0.000101 -0.000033 0.000000 -0.062055 0.158419 0.272305 0.000049 -0.001270 0.061153 0.000037 0.231682 0.000085 -0.000018 -0.039224 0.191227 -0.389058 0.172055 -0.186571 0.124324 -0.210381 -0.136866 0.000116 -0.000024
0.000050 0.087331 -0.000004 -0.000053 0.000047 0.355933 0.227635 -0.403240 -0.000037 -0.365439 0.147650 0.028761 -0.350242 -0.356262 -0.000058 0.631649 0.000015 0.000001 0.000030 0.186564 -0.082361 -0.000007 0.251924 0.000042 -0.136539 0.116517 0.000040 0.000026 -0.000037 0.000010 -0.000111 -0.164499 0.367262 0.298494 -0.000023 -0.001226 -0.216831 0.000010 -0.163611 0.000004 -0.000001 -0.295540 -0.084557 -0.036800 0.371791 0.038560 0.001740 0.157854 0.100046 -0.000029 0.000094
-0.000020 -0.028943 0.000022 -0.000136 0.000090 -0.039698 0.332915 -0.159697 0.000006 -0.624011 0.035013 -0.209164 0.268606 0.329851 -0.000115 0.233782 -0.000037 -0.000061 -0.000013 0.481852 -0.091278 -0.000038 0.313636 0.000035 0.032530 -0.128612 0.000021 -0.000044 0.000003 0.000072 0.000075 0.104989 0.117193 0.329843 0.000015 -0.000954 0.056565 0.000038 0.276047 -0.000026 -0.000040 -0.150977 -0.151273 -0.250492 0.386592 -0.055430 -0.032314 -0.116091 0.230649 0.000066 0.000005
0.000034 -0.033703 -0.000052 0.000032 0.000033 -0.051566 -0.006827 -0.056831 -0.000018 -0.225375 -0.162634 -0.145393 0.338282 0.507976 -0.000033 0.187004 -0.000043 0.000044 -0.000032 0.241665 0.229453 0.000014 0.090795 -0.000014 0.040952 -0.124927 -0.000077 -0.000094 0.000026 0.000012 0.000016 -0.270833 0.364821 -0.028988 -0.000064 -0.001205 0.163437 -0.000022 0.116624 -0.000024 0.000023 -0.037036 -0.278210 -0.004562 -0.222355 0.154379 -0.207384 0.360819 0.036042 0.000054 -0.000072
-0.000024 0.075324 -0.000045 -0.000005 0.000146 -0.120112 -0.037945 0.258303 0.000033 -0.114183 -0.200402 -0.036228 0.452464 -0.087797 -0.000005 0.147409 -0.000058 0.000098 -0.000010 -0.335568 0.089323 0.000059 -0.133691 0.000010 -0.325999 -0.014771 0.000043 -0.000117 -0.000036 0.000009 -0.000001 -0.214994 -0.036329 0.111529 0.000009 -0.001396 0.206147 -0.000009 0.124597 0.000086 -0.000043 0.276003 0.033219 0.278901 -0.403913 0.061769 -0.305303 0.149234 0.069977 0.000051 -0.000065
0.000006 0.277982 0.000097 -0.000033 0.000014 -0.411698 0.174598 0.280123 -0.000007 0.313850 -0.051104 -0.125134 0.498811 -0.060708 0.000027 0.350825 -0.000018 0.000096 0.000000 -0.612141 0.183144 0.000047 0.507922 -0.000004 -0.130525 0.250234 0.000040 0.000045 0.000087 0.000088 -0.000115 0.043538 0.145780 0.099223 0.000034 -0.001773 0.022328 -0.000016 -0.007304 -0.000007 0.000024 0.437079 -0.321292 0.074897 -0.354923 -0.102647 -0.211136 -0.034979 -0.022117 -0.000055 0.000083
-0.000001 -0.026722 -0.000028 0.000046 -0.000038 -0.292243 -0.307823 0.213711 0.000106 0.037933 0.072843 -0.204363 -0.103404 -0.013078 0.000066 0.262193 -0.000042 0.000051 0.000044 -0.020321 -0.049405 0.000032 -0.143767 0.000084 0.100958 0.026351 0.000099 0.000073 -0.000034 -0.000019 0.000086 0.113418 0.335927 -0.176115 -0.000058 -0.002267 -0.003640 0.000000 -0.075703 0.000059 -0.000070 0.463909 0.265811 -0.120270 0.063315 -0.072179 -0.105965 0.070979 -0.257163 0.000036 -0.000113
0.000057 -0.110109 -0.000011 0.000004 -0.000031 0.075325 -0.321470 -0.018155 -0.000071 -0.035856 0.221733 -0.379752 -0.058871 0.041157 0.000060 -0.304077 -0.000004 -0.000031 0.000009 0.395495 -0.162381 0.000003 -0.021603 0.000050 0.113845 -0.421009 0.000013 0.000080 0.000001 -0.000007 -0.000148 0.548068 -0.138374 -0.542809 -0.000009 -0.001060 0.021378 0.000015 -0.030814 -0.000231 -0.000017 0.255457 0.321829 -0.107042 -0.012196 -0.164334 -0.064996 -0.199007 -0.106291 0.000017 -0.000059
-0.000043 0.518585 0.000113 -0.000092 -0.000048 0.232222 -0.360600 -0.060943 0.000065 -0.213898 -0.185965 -0.065845 0.161566 -0.364527 0.000102 0.000143 -0.000030 -0.000029 -0.000041 -0.120458 -0.179416 0.000022 -0.209194 0.000034 -0.068175 0.092800 0.000073 0.000083 0.000014 -0.000008 -0.000102 -0.075329 -0.155913 -0.240717 0.000028 -0.001050 0.132374 0.000013 -0.052098 -0.000044 -0.000068 -0.074656 0.048824 -0.060559 -0.188143 0.144656 -0.122207 -0.066866 -0.226047 -0.000008 0.000017
0.000059 0.320755 -0.000089 0.000029 -0.000013 0.273077 -0.184969 0.140632 -0.000004 -0.102853 -0.181425 -0.387474 0.236103 -0.281074 0.000060 0.028552 0.000028 0.000024 0.000015 -0.014557 -0.073986 -0.000000 -0.479476 0.000012 -0.380932 0.024535 -0.000048 0.000068 -0.000027 0.000039 -0.000165 -0.102392 -0.061168 0.071368 -0.000057 -0.001409 -0.015989 -0.000062 -0.376095 -0.000091 0.000031 -0.051898 0.036669 0.009331 -0.016343 -0.013293 -0.206284 0.036133 -0.023518 0.000052 0.000027
-0.000107 0.285709 0.000052 0.000035 -0.000051 -0.180197 0.053567 0.005984 0.000064 0.002588 -0.052739 -0.328747 -0.096019 -0.005222 -0.000096 0.039015 -0.000065 -0.000035 -0.000010 -0.045640 0.169736 0.000037 0.006886 0.000014 0.086206 0.656682 -0.000046 -0.000052 0.000042 0.000041 -0.000145 -0.209940 0.071454 0.661762 -0.000002 -0.000862 0.148373 -0.000013 -0.194176 -0.000036 0.000026 -0.049431 -0.185786 0.110474 0.295890 -0.262966 0.323498 0.126414 0.077555 -0.000032 0.000021
-0.000008 -0.073426 0.000060 0.000101 0.000035 -0.620657 -0.038799 -0.081386 0.000023 0.044428 -0.137996 -0.020309 0.401473 -0.262885 0.000112 0.008114 -0.000012 0.000077 0.000018 0.268352 0.025723 -0.000027 -0.078261 0.000075 -0.292083 -0.235342 -0.000031 -0.000044 -0.000009 0.000060 0.000029 -0.092528 -0.009269 0.472010 0.000033 -0.000204 0.003610 0.000025 -0.355452 0.000100 -0.000003 0.027242 -0.022838 0.128296 0.096846 -0.033387 0.330633 -0.023004 0.147282 -0.000109 -0.000120
0.000106 -0.205144 -0.000029 -0.000086 -0.000106 -0.671352 -0.200882 -0.289357 -0.000010 0.167276 0.018871 0.091066 -0.093605 0.165324 -0.000032 0.022738 0.000002 -0.000141 0.000030 0.024054 0.094846 -0.000057 0.028135 -0.000008 -0.147713 0.008452 -0.000003 -0.000140 0.000015 -0.000001 0.000095 -0.078036 -0.145608 0.132630 0.000061 -0.000484 0.319535 0.000001 0.232123 -0.000065 0.000007 -0.218748 -0.086212 0.082182 -0.183671 -0.181111 0.496519 -0.401498 0.324929 -0.000027 -0.000134
-0.000032 0.103948 -0.000027 0.000080 -0.000122 -0.168532 0.183408 -0.094072 0.000102 -0.374787 0.189086 0.106652 0.069749 0.044258 0.000191 0.144447 -0.000045 0.000128 -0.000002 -0.122230 0.030436 -0.000111 -0.247766 -0.000042 -0.198071 -0.114689 -0.000071 0.000089 -0.000023 -0.000016 -0.000055 0.071064 0.105269 -0.354016 -0.000019 -0.000345 0.167105 0.000014 0.289183 0.000061 -0.000053 -0.166442 0.106647 -0.078912 0.192051 0.015297 0.593639 -0.426392 0.184680 0.000030 -0.000217
-0.000036 0.248507 0.000060 0.000050 -0.000122 0.060475 0.021432 -0.536339 -0.000142 -0.022407 0.455227 -0.001478 0.379224 0.403049 0.000021 0.138277 0.000023 0.000010 0.000020 0.013552 -0.094023 0.000125 0.100734 -0.000013 -0.474288 -0.635716 0.000013 0.000051 -0.000015 0.000088 -0.000052 -0.116297 0.205962 -0.260495 -0.000011 -0.000457 0.143695 -0.000017 0.525900 -0.000021 -0.000028 -0.308100 0.194824 -0.099442 -0.286722 -0.018833 0.231612 -0.513754 0.268303 0.000055 -0.000010
0.000016 0.253614 -0.000028 -0.000025 -0.000183 -0.403822 0.123869 -0.267922 -0.000044 0.104004 -0.072073 0.057953 -0.025087 -0.269884 0.000167 0.449136 0.000040 -0.000042 0.000030 0.018324 -0.143447 -0.000028 -0.029538 0.000014 -0.454121 0.055784 -0.000117 -0.000018 -0.000039 -0.000009 -0.000049 -0.057046 0.061206 0.141073 0.000011 -0.000756 0.265569 -0.000004 0.400735 -0.000022 0.000074 -0.071262 0.216946 -0.129153 -0.256132 0.119221 0.053055 0.015344 0.074813 -0.000009 0.000058
-0.000031 0.147328 0.000211 0.000063 -0.000058 -0.225720 0.104386 0.451283 -0.000031 -0.187460 -0.009873 0.262347 -0.001463 0.259246 0.000037 -0.000339 0.000022 -0.000014 0.000025 -0.127883 -0.022078 0.000109 0.101146 0.000034 -0.167257 0.105626 -0.000105 0.000082 0.000019 -0.000053 0.000005 0.175555 -0.060736 0.116463 0.000018 -0.000719 0.319790 -0.000019 -0.179992 0.000054 0.000058 0.130642 0.268265 -0.229771 0.204673 -0.046991 -0.238320 -0.162067 0.445297 0.000042 -0.000195
-0.000035 0.126834 0.000032 -0.000041 -0.000094 0.239979 0.176858 -0.057135 0.000058 -0.128517 0.202984 0.304675 0.039014 0.363530 0.000022 -0.139824 -0.000070 -0.000113 0.000027 -0.246112 -0.272050 0.000003 -0.092105 0.000010 -0.340164 0.287465 -0.000033 -0.000015 -0.000104 0.000038 -0.000041 0.140586 -0.002300 0.031407 -0.000017 -0.001095 0.098790 0.000022 -0.415946 0.000032 0.000012 -0.278259 0.105090 -0.447714 0.359758 0.197266 0.169918 -0.346195 0.229930 0.000049 0.000042
0.000008 0.422743 -0.000003 -0.000048 -0.000013 0.441795 0.278191 -0.031598 0.000011 -0.305867 -0.121675 0.069056 0.223360 -0.092523 -0.000042 0.263507 -0.000088 -0.000039 0.000044 -0.000858 -0.491849 0.000039 0.368561 0.000025 -0.536243 -0.133048 0.000232 0.000069 0.000036 -0.000054 0.000091 0.173032 -0.083194 -0.203712 0.000011 0.000079 0.280751 0.000006 -0.253386 0.000002 -0.000035 -0.097223 -0.159887 -0.319719 0.175544 0.258313 -0.211817 -0.332511 0.195301 0.000099 -0.000121
0.000029 0.032631 0.000002 -0.000013 -0.000031 0.157082 -0.346828 0.490634 -0.000120 -0.296546 -0.285431 -0.118991 -0.215724 -0.128355 0.000016 0.045272 0.000020 -0.000068 0.000006 0.194187 -0.113281 0.000048 0.340921 0.000024 -0.375790 -0.209859 -0.000028 -0.000079 -0.000043 -0.000043 -0.000002 0.536350 -0.190165 -0.071356 -0.000087 0.000057 0.447769 -0.000027 -0.149349 0.000067 0.000069 0.063576 -0.374860 -0.265181 0.079869 -0.004046 -0.009187 -0.181085 0.116591 -0.000029 -0.000086
0.000075 0.131551 -0.000024 0.000007 -0.000054 0.004164 -0.155858 0.223949 -0.000021 -0.326917 -0.128345 -0.031010 0.091390 -0.010913 0.000015 -0.104231 -0.000038 -0.000019 -0.000015 0.127126 0.157687 -0.000025 0.305631 0.000036 -0.313868 -0.105302 -0.000064 0.000125 -0.000015 0.000028 0.000147 -0.125167 0.012084 0.242611 0.000038 -0.000631 0.628896 0.000043 0.081334 -0.000193 -0.000103 -0.104184 -0.353535 0.253469 -0.172167 0.375775 0.058007 -0.384132 0.165467 -0.000027 0.000059
0.000063 -0.360211 -0.000003 -0.000141 -0.000013 -0.161140 -0.119374 0.399583 0.000044 -0.233586 -0.012695 -0.169447 0.054402 0.355165 0.000045 -0.248224 -0.000037 -0.000055 -0.000008 0.004763 0.159578 -0.000083 -0.063730 -0.000024 0.218249 0.153767 0.000026 0.000076 -0.000010 -0.000038 -0.000005 0.026058 0.303140 0.226188 0.000014 -0.000330 0.308808 -0.000075 0.144011 0.000073 -0.000012 0.119138 0.037611 -0.303452 -0.108405 0.125340 -0.299141 -0.318433 0.314019 -0.000008 -0.000089
0.000024 0.003030 0.000062 -0.000032 -0.000077 -0.221370 -0.359718 -0.212220 0.000070 0.017045 -0.267117 -0.190246 0.286844 0.266536 0.000008 0.257262 0.000007 0.000069 0.000048 -0.477421 -0.142155 -0.000037 -0.056935 0.000041 -0.087386 0.153239 0.000021 -0.000044 -0.000021 0.000014 -0.000215 -0.201490 0.092234 0.302234 -0.000038 0.000176 -0.038660 0.000030 0.048526 0.000072 -0.000002 0.046261 0.181356 -0.071734 -0.284714 0.080419 -0.135513 0.092119 0.210634 0.000018 -0.000036
-0.000112 0.152525 0.000060 -0.000038 0.000131 0.115679 -0.282704 -0.184790 0.000041 -0.326691 -0.368105 0.049033 0.276806 -0.305766 -0.000018 0.311967 -0.000035 -0.000033 -0.000020 -0.460418 -0.416315 0.000021 -0.406805 -0.000032 0.076331 0.334214 -0.000007 0.000079 -0.000037 -0.000026 0.000007 -0.107133 0.128419 0.002423 0.000006 -0.000297 0.490165 -0.000043 0.102904 -0.000066 0.000065 -0.086349 0.191892 -0.255141 -0.054127 0.170677 -0.373386 0.216309 -0.112123 0.000102 0.000028
-0.000039 0.051072 0.000044 0.000001 0.000101 -0.014242 -0.425772 -0.176640 -0.000049 -0.029011 -0.174286 -0.008587 -0.159544 0.074584 -0.000163 0.154272 -0.000036 0.000095 0.000064 -0.390087 0.012836 0.000065 0.071772 -0.000051 -0.217884 0.019589 -0.000045 -0.000325 0.000017 -0.000028 -0.000011 0.241811 0.244894 -0.098086 -0.000032 -0.000122 0.441347 -0.000052 0.287546 0.000037 -0.000049 -0.095326 0.126785 0.204447 0.201346 -0.254401 -0.341876 0.002982 0.193378 -0.000044 0.000003
-0.000003 0.049989 0.000034 0.000075 0.000085 0.096085 0.157143 0.379685 0.000049 0.268542 -0.030724 0.040104 -0.284063 -0.171674 -0.000049 -0.099324 0.000032 -0.000060 0.000036 -1.471465 -0.048008 0.000064 0.117660 0.000131 -0.037660 0.184582 -0.000144 -0.000000 -0.000016 -0.000023 -0.000124 0.158771 0.422997 -0.152305 0.000013 -0.000132 0.217048 -0.000026 0.268075 0.000035 -0.000022 -0.232708 -0.199872 0.300673 0.248062 -0.579437 -0.226058 -0.039967 0.245596 -0.000007 0.000033
-0.000017 -0.008106 0.000086 0.000023 -0.000143 -0.035285 -0.024660 -0.087130 -0.000008 0.145799 0.280330 -0.039090 0.096524 -0.566138 -0.000157 -0.126754 -0.000026 0.000064 -0.000011 -1.122487 0.341769 0.000007 0.129972 -0.000126 0.254660 0.043531 0.000073 0.000015 0.000023 -0.000007 0.000072 -0.152108 0.345239 0.040666 0.000013 -0.000089 0.514117 -0.000015 0.164887 0.000072 0.000023 -0.114267 -0.199371 0.239847 0.254725 -0.185911 -0.148702 -0.222752 -0.144618 -0.000024 0.000059
0.000002 -0.005347 0.000035 -0.000039 0.000003 0.060374 -0.106466 0.084776 0.000050 0.114023 0.146412 -0.105372 0.535108 -0.477171 0.000009 -0.040252 0.000009 -0.000165 0.000055 -0.627379 -0.166764 -0.000162 -0.020044 0.000008 0.233228 -0.458565 -0.000210 -0.000042 0.000014 -0.000011 -0.000017 0.220402 -0.036669 0.131268 -0.000097 0.000065 0.209178 -0.000052 -0.349004 0.000041 -0.000052 -0.129797 -0.196792 0.324104 0.043490 0.129598 -0.228295 -0.036037 0.175977 -0.000055 -0.000044
0.000039 0.184062 0.000096 -0.000021 -0.000073 -0.003476 -0.138455 0.197179 -0.000083 0.219070 0.248486 -0.169157 0.026540 -0.173106 0.000007 0.172667 0.000021 -0.000121 -0.000047 -0.161782 -0.156684 -0.000019 -0.209796 -0.000012 -0.072873 0.020503 0.000115 -0.000004 -0.000041 0.000025 0.000038 -0.164219 0.077818 0.617205 -0.000043 -0.000131 0.385948 0.000013 -0.499535 -0.000159 -0.000034 -0.012437 -0.403214 0.276654 0.272708 0.020539 -0.138223 -0.027529 0.139960 -0.000151 0.000120
0.000050 -0.186380 0.000037 0.000044 0.000004 0.033892 0.037924 0.031717 -0.000046 -0.066553 -0.245017 -0.201065 -0.184824 0.032069 0.000073 -0.004557 0.000002 -0.000039 -0.000013 0.063641 -0.143921 -0.000037 0.411479 -0.000001 -0.053297 0.118391 -0.000113 0.000013 -0.000008 0.000028 0.000033 0.132693 0.240975 0.010945 -0.000026 0.000109 0.069303 0.000027 -0.718770 0.000156 0.000050 -0.235714 -0.121815 0.098130 -0.310940 -0.209215 -0.020813 0.181184 0.266096 -0.000003 -0.000210
-0.000002 -0.146652 -0.000037 0.000111 -0.000101 0.108126 0.105873 0.153615 -0.000005 -0.009577 0.131017 -0.001194 -0.218486 0.308591 0.000074 -0.117893 0.000041 0.000103 -0.000030 -0.215488 -0.174861 -0.000023 0.094877 0.000047 -0.098383 -0.170599 -0.000020 0.000025 -0.000056 -0.000013 -0.000011 0.030568 -0.094226 0.088221 -0.000078 -0.000846 0.028792 0.000006 -0.153235 0.000023 -0.000006 0.124947 0.379857 -0.023960 -0.014939 -0.185638 -0.172248 0.036962 0.247327 -0.000027 -0.000093
0.000034 0.110936 -0.000009 0.000040 0.000119 0.074213 0.149046 0.704036 -0.000027 -0.221893 -0.053102 -0.128812 0.042680 0.364671 -0.000123 0.048969 -0.000002 0.000050 0.000014 -0.073177 0.418646 0.000022 -0.113475 0.000015 -0.096657 -0.084711 0.000120 0.000008 -0.000004 -0.000015 -0.000023 0.041930 -0.307669 0.319917 -0.000049 -0.000225 0.162470 0.000013 0.116422 0.000048 -0.000058 -0.110824 0.035812 0.042258 -0.094544 -0.365797 0.171313 -0.084194 0.222107 -0.000038 0.000044
-0.000077 0.204483 -0.000037 0.000072 0.000023 -0.062164 -0.113313 0.882543 0.000022 -0.118901 0.184274 -0.000880 0.526778 0.070525 -0.000111 0.073397 0.000012 0.000104 -0.000029 0.085219 0.121217 -0.000036 -0.258927 0.000078 -0.112192 0.055770 0.000006 0.000123 -0.000001 0.000024 -0.000110 0.028639 -0.298370 -0.617828 -0.000058 0.000129 0.064304 0.000014 -0.125842 -0.000049 -0.000038 -0.261790 0.140812 -0.252429 0.002033 0.090542 0.266535 -0.045480 0.121939 -0.000030 0.000070
0.000114 0.174597 -0.000319 -0.000022 -0.000111 0.215468 -0.081888 0.093776 -0.000127 -0.223359 0.008697 -0.013653 0.033620 -0.014686 0.000009 0.146516 -0.000002 -0.000073 -0.000067 -0.109211 0.208265 0.000059 0.522288 0.000010 -0.266126 0.396003 -0.000042 -0.000197 -0.000015 0.000038 -0.000119 -0.043099 0.002059 -0.191643 0.000006 0.000112 -0.062493 0.000070 -0.143041 0.000045 0.000037 -0.350830 -0.097909 0.395638 0.090327 -0.121681 0.634004 -0.061208 0.060771 -0.000046 -0.000040
-0.000074 -0.142016 0.000063 0.000001 -0.000116 0.461908 -0.060140 -0.033081 0.000037 -0.212870 0.018669 -0.100049 0.001447 -0.192899 0.000117 0.029624 -0.000009 0.000033 0.000044 0.075386 0.023249 -0.000027 0.039878 0.000015 -0.124125 0.087405 -0.000089 -0.000005 -0.000026 0.000091 -0.000128 -0.168141 0.270221 -0.106858 0.000015 -0.001188 0.094721 0.000013 0.025963 -0.000078 -0.000067 -0.299411 0.111855 0.288764 0.295135 0.002230 0.298838 -0.180609 -0.434382 -0.000087 0.000189
0.000033 -0.580932 -0.000002 0.000026 0.000038 0.401677 -0.196610 0.141580 -0.000138 0.034934 0.207302 -0.012394 -0.091427 0.063328 -0.000045 -0.353914 0.000021 -0.000098 -0.000002 -0.180498 -0.262812 -0.000101 0.207942 -0.000106 0.125130 -0.218578 -0.000225 -0.000048 -0.000008 0.000028 0.000078 0.024358 0.474415 -0.552068 0.000013 0.000156 0.201753 0.000027 -0.192065 -0.000116 0.000035 -0.126340 0.519820 -0.325533 0.247820 -0.633647 0.075150 -0.497850 -0.065141 -0.000036 0.000040
0.000110 -0.111653 0.000098 -0.000139 -0.000104 -0.161914 -0.133568 0.343515 0.000013 0.045262 -0.206704 0.410072 0.053448 -0.190246 0.000022 -0.104196 -0.000033 0.000032 0.000023 -0.054062 0.101660 -0.000032 0.091374 -0.000026 0.083608 0.060618 0.000032 -0.000295 -0.000004 -0.000027 -0.000049 0.203086 0.147325 -0.205228 -0.000002 -0.000886 0.133103 0.000029 -0.320179 0.000102 -0.000013 -0.031304 0.210999 -0.382475 -0.101756 -0.125696 0.157570 -0.259584 -0.397357 -0.000014 -0.000111
-0.000050 -0.043412 -0.000060 -0.000085 -0.000096 -0.379460 -0.086520 0.328025 0.000004 0.202657 -0.410081 0.261235 0.046708 -0.474580 -0.000113 -0.040570 -0.000057 0.000032 -0.000045 0.122769 0.171845 -0.000086 -0.173443 0.000049 -0.119033 -0.362574 -0.000112 -0.000060 -0.000009 -0.000019 -0.000017 0.397025 -0.089984 0.043908 -0.000036 0.000198 -0.454591 -0.000027 -0.066689 0.000031 0.000040 0.259819 0.526081 -0.128633 -0.220925 -0.315205 -0.235983 -0.096021 -0.197767 -0.000004 -0.000035
-0.000043 0.094781 0.000056 0.000048 0.000004 -0.350645 0.078323 -0.168258 0.000005 0.086935 0.002654 0.097742 0.028596 -0.249347 -0.000082 0.156402 0.000015 -0.000028 0.000006 0.067608 -0.006742 0.000020 -0.187950 -0.000018 -0.112830 -0.244828 0.000050 -0.000034 -0.000007 -0.000016 -0.000093 0.369312 -0.047758 0.500382 -0.000054 0.000081 -0.228131 0.000012 -0.155328 -0.000155 -0.000023 0.364021 0.295069 0.013585 -0.172503 -0.445351 -0.066531 0.166218 -0.198044 -0.000070 -0.000030
0.000035 0.383024 0.000077 -0.000088 0.000123 -0.078025 0.344180 -0.172665 -0.000062 0.090587 -0.085306 -0.001508 -0.213788 0.100839 -0.000002 0.024750 -0.000098 -0.000077 -0.000035 0.258285 -0.038795 -0.000048 -0.194350 0.000018 0.011448 -0.480682 0.000001 0.000039 0.000012 0.000025 0.000011 0.061340 0.282198 -0.007739 0.000067 -0.000053 0.083446 -0.000015 -0.301141 -0.000065 0.000013 0.049656 -0.016411 0.067877 -0.302523 -0.274475 0.118928 0.251617 0.005705 0.000051 -0.000060
-0.000003 0.102056 0.000040 0.000030 0.000000 -0.264653 0.144496 0.071412 -0.000146 0.235471 0.127693 -0.456948 0.018819 0.249786 0.000091 -0.445014 -0.000015 0.000078 -0.000004 0.368138 -0.150703 -0.000023 -0.062722 -0.000069 -0.007005 0.015800 0.000061 0.000029 0.000019 -0.000026 0.000039 -0.571397 -0.088823 0.040153 0.000010 -0.000082 -0.078946 -0.000084 0.083420 -0.000044 -0.000024 -0.123775 -0.119649 -0.170537 0.095277 -0.325007 -0.252495 -0.265199 0.100838 0.000089 0.000063
-0.000028 -0.022018 -0.000099 0.000141 -0.000056 0.142856 0.358231 0.052751 -0.000018 0.102966 -0.200028 -0.228854 0.015802 -0.278032 0.000164 -0.141065 -0.000014 -0.000010 -0.000023 -0.514443 -0.120863 0.000045 -0.237623 -0.000001 0.050037 -0.122351 -0.000050 -0.000189 0.000004 0.000052 -0.000000 -0.179455 -0.404985 -0.221403 -0.000024 -0.000263 -0.033112 -0.000017 0.205468 -0.000095 0.000024 -0.322424 -0.346366 -0.066088 0.294998 0.318890 -0.034247 0.080571 -0.140647 0.000022 -0.000029
0.000019 -0.171229 -0.000136 -0.000168 -0.000001 0.217711 0.183494 0.257732 -0.000104 0.102218 -0.129388 -0.029573 -0.093548 -0.072764 0.000019 -0.359775 0.000026 -0.000101 -0.000063 -0.094657 -0.049172 -0.000045 -0.015222 0.000025 -0.039444 -0.038708 0.000111 0.000110 0.000022 -0.000055 0.000046 -0.178318 -0.372938 0.057672 0.000034 -0.000233 -0.293235 0.000022 0.152610 0.000067 -0.000043 0.062033 -0.199931 0.628154 0.007557 -0.025368 0.023987 -0.267217 -0.033618 -0.000073 0.000122
0.000060 -0.144232 -0.000204 0.000035 -0.000092 0.224629 0.334059 0.144579 0.000025 -0.074099 -0.025427 -0.306408 0.120064 0.251066 0.000037 -0.016458 0.000005 -0.000021 0.000104 0.003380 -0.351749 -0.000042 0.179919 0.000007 0.256556 0.038843 -0.000052 -0.000038 -0.000039 0.000012 -0.000030 -0.177693 -0.369286 -0.083828 0.000054 -0.000337 -0.294674 0.000018 0.104807 -0.000124 -0.000039 -0.072072 -0.304729 -0.017187 0.145533 -0.191176 -0.251741 0.043708 -0.056179 0.000072 -0.000055
0.000047 -0.076347 -0.000050 -0.000005 -0.000065 0.400761 -0.020795 0.312538 0.000018 -0.022421 -0.148541 -0.010517 0.034316 -0.319137 0.000121 0.055386 -0.000030 0.000011 -0.000063 0.030713 0.079427 -0.000117 -0.072312 0.000038 0.220154 0.038891 -0.000040 -0.000114 0.000053 -0.000050 -0.000004 -0.278933 -0.037148 -0.136089 -0.000092 0.000148 -0.170174 0.000026 0.112770 -0.000150 -0.000065 0.156054 -0.068849 -0.192353 0.040131 -0.577766 -0.308384 -0.024164 -0.566219 0.000013 -0.000066
-0.000032 0.081014 0.000034 0.000145 0.000133 -0.215911 0.131713 -0.305920 0.000013 -0.389786 0.048326 -0.278500 0.076355 -0.266353 0.000073 0.415739 -0.000043 -0.000049 0.000054 0.290630 0.126639 0.000002 0.250351 -0.000067 0.279464 -0.150394 0.000145 -0.000044 -0.000016 -0.000103 0.000150 0.196536 0.102401 -0.425587 0.000042 0.000118 -0.102858 0.000026 -0.578203 -0.000029 0.000015 0.005930 -0.056583 -0.103519 -0.023917 -0.168989 0.025744 0.210886 -0.613686 0.000028 -0.000034
-0.000003 -0.064711 0.000100 0.000035 -0.000089 -0.050589 0.005822 -0.321487 -0.000085 0.023974 0.148382 0.000760 0.038898 0.093901 0.000022 -0.001901 -0.000040 -0.000030 0.000054 0.573436 0.421977 -0.000017 0.063937 0.000111 0.226881 0.198033 -0.000072 0.000153 -0.000004 -0.000063 0.000032 -0.051001 0.001502 -0.047943 0.000072 -0.000023 -0.101585 0.000014 -0.358498 -0.000048 -0.000004 -0.231045 0.079436 0.148306 -0.077517 -0.384429 -0.262236 0.151045 -0.046714 -0.000102 0.000080
-0.000018 0.044402 0.000051 0.000008 -0.000012 0.109783 -0.093493 -0.090419 0.000121 -0.202901 0.175452 0.064238 0.005130 0.071515 0.000060 0.029892 -0.000032 -0.000046 -0.000014 0.095866 0.111447 0.000026 0.231192 0.000045 0.098923 -0.327443 -0.000048 -0.000018 0.000052 0.000047 -0.000024 0.139464 -0.113038 0.229876 -0.000001 -0.000624 0.010774 -0.000013 -0.008054 0.000038 -0.000030 -0.463368 0.013975 0.274678 -0.284710 -0.182149 -0.129183 0.048974 0.398979 0.000071 0.000060
-0.000035 0.047616 -0.000060 0.000025 -0.000087 0.113619 -0.162716 -0.066744 0.000102 -0.290327 -0.098388 -0.019096 0.259080 -0.084817 0.000029 0.405277 0.000002 -0.000052 0.000030 0.178295 -0.036805 0.000020 0.007092 0.000013 0.113704 -0.156105 0.000006 0.000024 0.000006 -0.000005 0.000000 -0.117820 -0.024389 -0.383518 0.000033 0.000130 0.012982 0.000023 -0.007765 0.000217 -0.000042 -0.157119 -0.023794 0.152132 -0.002409 0.080712 0.059987 -0.223724 0.274286 -0.000029 -0.000026
0.000027 0.079166 0.000087 0.000047 -0.000163 -0.169175 0.275814 -0.060339 -0.000006 -0.129995 -0.191617 0.116405 0.237172 0.332689 0.000026 0.304672 0.000015 -0.000205 0.000027 0.075985 -0.017474 0.000042 -0.128627 0.000014 -0.310271 -0.160961 0.000037 -0.000112 -0.000032 -0.000060 0.000054 -0.206390 0.185929 -0.088126 0.000006 -0.000330 -0.238613 0.000028 0.570509 -0.000079 -0.000030 -0.122609 0.061847 -0.135907 -0.210052 -0.316595 0.025888 0.315234 -0.028698 0.000039 0.000021
-0.000015 -0.110701 -0.000039 -0.000029 -0.000090 0.196807 0.111281 -0.349936 0.000019 -0.600762 -0.143504 0.281494 -0.159497 0.026610 -0.000034 0.146809 0.000164 0.000117 -0.000023 -0.078147 -0.293043 -0.000011 -0.255655 -0.000029 0.216160 -0.319245 -0.000069 0.000126 0.000023 0.000010 0.000139 0.220745 0.137765 -0.214670 -0.000066 -0.000290 -0.243972 -0.000025 0.724326 -0.000033 0.000033 -0.182087 0.227816 -0.097478 0.477344 -0.062634 0.011346 0.149336 -0.161396 0.000071 -0.000071
0.000006 -0.008756 -0.000042 0.000031 -0.000113 0.195313 0.052579 -0.028393 -0.000178 -0.086260 -0.102632 -0.003518 -0.433269 -0.062337 -0.000016 0.029501 -0.000022 0.000037 0.000013 0.280407 0.111728 -0.000041 0.019729 -0.000008 0.073100 0.053507 0.000014 0.000154 -0.000019 0.000023 -0.000079 0.109931 0.324004 0.083233 0.000006 0.000074 -0.184409 -0.000021 0.456539 0.000246 -0.000010 -0.195995 -0.105672 -0.036639 0.187905 -0.072123 -0.035858 -0.294255 -0.208471 -0.000065 0.000059
-0.000019 -0.099803 -0.000027 -0.000077 -0.000092 0.099401 0.127345 -0.041750 0.000008 0.243918 0.051387 -0.067168 -0.203665 -0.011928 0.000051 -0.306476 0.000051 -0.000044 -0.000028 -0.440715 -0.598064 -0.000029 0.188206 0.000067 0.135534 0.002117 -0.000027 -0.000149 -0.000040 0.000012 0.000147 -0.003458 0.094587 -0.008812 0.000028 -0.000239 -0.213036 0.000014 0.171003 0.000119 0.000044 -0.242100 0.101875 -0.395689 0.170595 0.044229 -0.070954 -0.393566 0.045622 -0.000065 -0.000195
-0.000051 -0.037718 0.000080 -0.000026 0.000147 0.122574 0.174686 -0.306643 -0.000010 0.102838 0.072384 -0.041135 -0.307536 -0.638395 -0.000100 -0.107269 -0.000015 -0.000034 -0.000061 0.146992 -0.509223 -0.000028 -0.063486 0.000061 0.060732 -0.145334 -0.000175 0.000063 -0.000019 0.000017 0.000121 -0.411118 0.037419 -0.106560 -0.000055 0.000134 0.115952 -0.000032 0.293373 -0.000010 0.000032 0.132533 0.356528 -0.267985 0.084261 0.186185 -0.121880 -0.206761 -0.572392 -0.000168 -0.000123
-0.000019 0.088875 0.000027 -0.000008 0.000024 -0.045455 -0.216860 -0.612407 0.000008 0.190129 -0.255601 -0.158500 0.111405 -0.348818 0.000122 -0.091176 0.000004 -0.000169 0.000029 -0.140618 -0.005921 0.000003 0.326605 -0.000019 0.279392 0.179498 -0.000019 0.000081 0.000021 -0.000004 -0.000003 -0.156552 -0.032172 0.072485 0.000088 -0.000948 -0.312366 -0.000017 -0.123698 0.000046 -0.000052 0.175318 0.185305 0.012981 -0.100688 -0.116423 -0.164995 -0.218116 -0.166771 -0.000191 0.000238
0.000005 0.028381 0.000061 0.000082 0.000069 -0.733328 -0.040706 -0.238455 -0.000007 0.070131 -0.095064 -0.349972 -0.061326 -0.707091 -0.000030 0.208050 0.000001 -0.000055 0.000052 -0.011722 0.130507 0.000010 0.401556 -0.000042 0.329679 0.139442 -0.000020 -0.000014 -0.000032 -0.000016 0.000012 -0.309793 0.263561 0.238247 -0.000009 -0.000574 -0.193793 -0.000027 -0.097481 -0.000040 -0.000046 0.324418 -0.325906 0.447813 -0.158243 -0.003428 0.428329 -0.360939 -0.437588 0.000052 0.000117
-0.000018 0.047468 0.000089 -0.000110 -0.000070 0.030188 -0.017355 0.359097 -0.000126 -0.006624 0.117966 -0.383108 0.065913 -0.901716 -0.000012 -0.423299 -0.000014 -0.000269 0.000023 -0.014542 0.337500 -0.000023 -0.494674 0.000031 0.127476 -0.346458 0.000119 0.000017 0.000070 0.000006 -0.000002 -0.280635 -0.005463 0.264151 0.000057 -0.001114 -0.473212 -0.000010 -0.033892 0.000056 0.000019 0.463268 -0.337172 0.272732 -0.363657 -0.144578 0.292069 -0.362306 -0.154795 -0.000158 0.000105
-0.000040 0.123468 -0.000027 -0.000082 0.000096 0.079005 0.285508 0.333315 -0.000038 -0.191209 0.049127 -0.130305 0.298362 -0.462744 -0.000075 -0.312849 0.000018 0.000013 0.000052 0.439433 0.352106 0.000034 -0.650774 0.000019 -0.207771 0.086049 0.000011 0.000041 -0.000006 -0.000058 0.000002 -0.087783 0.189304 0.288345 -0.000008 -0.001785 -0.173640 -0.000048 0.303470 -0.000049 -0.000021 0.189284 -0.333955 0.038314 -0.137864 -0.112082 0.273154 -0.696223 -0.091376 -0.000003 -0.000116
0.000003 0.277526 0.000004 -0.000054 -0.000082 0.010967 0.259844 -0.192349 0.000089 -0.171412 -0.056485 0.100191 0.021381 0.061135 -0.000062 -0.190837 0.000005 0.000104 -0.000007 -0.298344 0.158586 0.000024 -0.366557 0.000056 0.157415 0.255678 0.000033 0.000002 -0.000008 0.000018 -0.000067 0.351220 0.247906 0.221697 -0.000110 -0.002000 -0.526572 -0.000015 0.028598 0.000030 -0.000051 -0.033860 0.066411 0.414259 -0.206157 -0.306638 0.243155 -0.130433 0.532117 0.000157 -0.000034
-0.000003 0.213521 -0.000034 -0.000052 -0.000183 -0.004151 0.171880 -0.034690 -0.000107 -0.381242 -0.069630 0.013709 -0.106244 0.506022 -0.000065 0.144940 0.000033 -0.000003 -0.000013 0.227608 0.039910 -0.000012 -0.450025 -0.000028 0.135543 0.281244 0.000082 -0.000004 0.000017 -0.000031 -0.000085 0.717236 0.410089 -0.041033 -0.000012 -0.001589 0.247817 0.000011 -0.070005 0.000030 -0.000054 -0.022038 0.346822 0.278978 0.113534 -0.008453 -0.218091 0.034691 0.071948 -0.000084 -0.000117
-0.000019 0.127179 0.000037 0.000022 0.000017 0.175743 0.235171 0.342890 -0.000005 -0.170299 0.082322 -0.168194 -0.105598 0.145532 0.000190 -0.072034 -0.000043 -0.000097 0.000039 -0.035575 0.277743 -0.000028 0.178874 0.000067 0.127513 0.002144 0.000056 0.000027 -0.000024 0.000084 -0.000026 0.055405 0.273356 -0.141085 -0.000079 -0.001227 0.298266 -0.000021 0.286836 -0.000083 0.000019 -0.094916 -0.064657 -0.151301 0.066707 0.209973 0.043903 -0.008998 -0.084449 0.000075 0.000001
0.000017 0.157542 -0.000112 -0.000024 -0.000252 0.126789 0.024620 0.026219 0.000049 -0.301342 -0.039243 -0.018549 -0.029834 0.350688 0.000087 -0.065653 -0.000006 0.000052 0.000016 0.237964 -0.134033 -0.000007 0.473095 0.000084 0.103061 0.396281 -0.000173 -0.000077 0.000020 0.000010 0.000143 -0.052444 0.094216 0.106023 -0.000001 -0.001521 -0.072120 -0.000011 0.130402 -0.000041 -0.000011 0.091634 -0.167441 -0.380273 0.603143 0.169216 0.291300 0.046038 -0.368054 0.000053 -0.000036
0.000003 0.314778 0.000128 0.000075 0.000154 -0.306341 0.136192 0.244838 -0.000029 -0.341806 -0.098641 0.121066 -0.247874 -0.208840 0.000022 -0.005238 0.000001 0.000218 -0.000020 0.267241 -0.363594 -0.000051 0.144658 0.000027 -0.050397 0.073333 0.000017 -0.000077 0.000014 -0.000026 -0.000077 -0.009237 -0.284554 0.188749 -0.000009 -0.001110 0.140810 -0.000013 0.085279 0.000061 -0.000022 0.201922 -0.088790 -0.235189 0.420137 0.244836 -0.284435 0.137498 -0.114796 -0.000023 -0.000019
-0.000027 0.060244 -0.000057 0.000084 0.000214 0.051730 0.003083 -0.045528 -0.000047 -0.002172 0.023600 -0.088362 -0.151057 0.226404 -0.000159 -0.180459 -0.000036 0.000167 0.000066 0.076068 0.085266 -0.000007 0.114538 -0.000068 -0.032913 0.051052 -0.000023 -0.000085 0.000030 -0.000011 0.000074 -0.377621 -0.295958 0.358309 0.000002 -0.001658 0.176524 0.000026 0.057065 0.000032 -0.000052 0.402995 0.135776 0.044384 0.158245 0.381710 -0.237655 0.036456 -0.086596 -0.000023 0.000100
-0.000008 0.056577 0.000020 -0.000019 -0.000095 0.312855 0.184851 0.244728 -0.000095 0.056936 -0.181761 0.045942 -0.191513 -0.128766 -0.000018 -0.143381 -0.000023 0.000045 0.000027 -0.147597 0.137822 -0.000042 0.199295 -0.000046 0.283965 -0.099640 -0.000093 -0.000029 0.000026 0.000109 0.000093 -0.227296 -0.082529 -0.208818 0.000068 -0.000998 -0.140431 -0.000043 -0.358071 -0.000168 -0.000023 0.495427 0.259936 -0.242413 -0.177623 0.266903 0.114720 -0.516397 0.082895 -0.000042 0.000103
-0.000004 -0.072708 0.000040 -0.000099 -0.000046 0.029671 0.101780 0.031430 -0.000054 0.087983 -0.076514 0.027496 0.082351 0.327991 -0.000065 0.001487 -0.000040 0.000094 0.000018 0.271077 -0.347231 -0.000002 -0.073651 0.000054 -0.067718 -0.202177 0.000056 0.000082 0.000002 -0.000024 -0.000136 -0.081961 -0.269975 -0.180969 0.000008 -0.001389 -0.172332 -0.000048 -0.020023 0.000025 0.000050 0.413640 -0.014934 0.318878 -0.219384 0.226086 0.245064 -0.464897 0.244395 0.000031 0.000033
-0.000002 -0.045781 0.000068 -0.000047 -0.000032 -0.311322 0.479031 0.222774 0.000025 0.076389 0.011836 0.028108 -0.197242 -0.156005 -0.000048 0.296752 -0.000050 -0.000036 0.000019 0.282574 -0.300368 0.000058 0.021210 -0.000011 0.321438 -0.052169 -0.000079 0.000135 0.000006 -0.000034 -0.000203 -0.035759 -0.116374 -0.241753 -0.000042 -0.000754 0.284966 0.000027 0.179625 0.000038 0.000052 0.004002 0.050917 0.267598 -0.607688 0.541385 0.124940 -0.223282 -0.054571 -0.000027 -0.000107
0.000018 0.068546 -0.000030 -0.000166 -0.000129 0.121124 0.432219 -0.050698 -0.000126 0.345519 0.085166 -0.231724 -0.163348 0.111226 -0.000020 0.014455 0.000014 -0.000003 0.000080 -0.084223 0.044968 -0.000042 0.206629 0.000032 0.431117 -0.090158 -0.000044 0.000068 0.000029 0.000061 0.000076 0.371516 -0.170890 -0.079321 0.000037 -0.001032 0.018525 -0.000026 0.177231 -0.000110 0.000048 0.042157 0.519474 0.470579 -0.189481 0.184957 -0.382520 -0.513920 0.357276 0.000042 0.000021
-0.000021 -0.003591 0.000063 -0.000088 0.000103 0.375328 0.278316 -0.092635 -0.000096 -0.059016 -0.238125 -0.173816 -0.400744 0.031826 0.000043 0.006245 -0.000039 -0.000033 0.000000 0.112303 -0.104610 0.000044 -0.229935 0.000026 0.264221 -0.254776 0.000023 -0.000018 -0.000128 -0.000116 -0.000091 0.420793 -0.236166 0.043327 -0.000076 -0.000693 0.060861 0.000051 0.228962 -0.000075 -0.000025 -0.115270 0.529226 0.056023 -0.101787 0.646230 -0.188117 -0.218061 -0.245209 -0.000119 0.000066
0.000038 0.195768 -0.000042 0.000021 -0.000012 -0.252291 0.173186 -0.332458 -0.000007 0.017186 -0.268654 -0.047498 -0.497377 0.116590 0.000017 -0.038935 0.000023 -0.000011 0.000035 -0.084048 0.101035 -0.000003 -0.152531 -0.000008 0.429749 0.307871 -0.000003 0.000055 -0.000029 0.000029 0.000001 0.331235 -0.051223 0.048335 0.000046 -0.000841 -0.298189 -0.000017 -0.017308 -0.000064 -0.000121 -0.141765 0.425650 0.045622 -0.260387 0.512914 -0.251731 -0.055878 -0.423922 0.000108 -0.000033
0.000120 0.196992 -0.000049 -0.000189 -0.000103 -0.314852 -0.010598 -0.100620 -0.000028 -0.340917 -0.095818 0.106746 -0.166697 0.234639 0.000102 -0.265924 -0.000000 -0.000027 -0.000112 0.095939 0.132796 -0.000097 0.012567 0.000011 0.302296 0.494225 0.000076 -0.000074 0.000051 0.000025 0.000122 0.027422 -0.149380 0.395857 0.000091 -0.000490 -0.550923 -0.000015 0.090565 0.000029 -0.000033 -0.014134 0.120462 -0.316880 -0.123878 0.122226 -0.468062 -0.120954 -0.142427 -0.000060 -0.000217
0.000025 0.496818 0.000044 0.000033 0.000048 -0.212075 0.031128 -0.432594 0.000003 -0.196960 0.089628 0.161038 -0.167056 -0.184919 -0.000006 -0.191808 0.000034 0.000158 -0.000001 0.060461 -0.223407 0.000078 -0.014525 0.000041 -0.029676 -0.428598 0.000027 -0.000116 -0.000049 -0.000066 0.000051 -0.280142 -0.051810 0.221568 -0.000018 -0.000536 -0.313456 -0.000026 0.010689 -0.000010 0.000045 -0.055259 0.128191 -0.152693 -0.177137 0.053476 -0.240867 -0.264165 -0.112872 -0.000045 0.000066
0.000016 0.241049 -0.000010 -0.000089 -0.000095 -0.546984 0.057272 -0.047129 0.000045 -0.077623 -0.028614 0.061587 -0.240482 -0.288241 0.000028 -0.049621 0.000027 -0.000011 -0.000086 0.208278 -0.265214 0.000009 0.148922 -0.000009 0.164865 -0.263357 -0.000041 -0.000008 -0.000046 0.000012 -0.000052 -0.133738 -0.188625 0.388079 -0.000011 -0.000924 -0.058449 -0.000005 0.020978 -0.000019 0.000017 0.088901 -0.119513 0.220140 0.169781 -0.193573 0.007762 -0.191197 0.126688 -0.000026 0.000033
-0.000006 -0.051805 0.000046 -0.000011 0.000046 -0.137928 0.164179 -0.023458 0.000009 0.053538 0.315324 -0.193419 0.170787 0.203303 -0.000036 -0.060835 0.000010 0.000065 0.000005 0.286006 -0.375415 0.000018 -0.169631 0.000055 -0.047579 0.125923 -0.000052 -0.000109 0.000025 0.000036 0.000061 0.166363 -0.038617 0.196090 -0.000051 -0.000285 0.069740 -0.000008 -0.157035 0.000023 0.000015 0.032928 -0.547970 -0.065680 0.064325 -0.246672 0.258201 -0.247777 0.052193 0.000026 -0.000196
-0.000091 -0.122866 -0.000016 -0.000113 -0.000018 0.206491 -0.299122 -0.091813 0.000096 0.219663 -0.181072 0.070255 -0.116766 0.089469 -0.000054 0.010930 0.000022 0.000100 0.000063 0.112365 -0.462671 -0.000029 0.255583 -0.000058 -0.006615 0.052073 0.000087 -0.000098 0.000059 0.000031 -0.000095 -0.017326 0.342297 0.025436 -0.000113 -0.000078 0.148619 -0.000005 -0.128573 0.000005 0.000002 0.060036 -0.450321 -0.027648 -0.052153 -0.066842 0.080058 0.071545 -0.029095 -0.000050 -0.000088
-0.000014 -0.152535 -0.000057 0.000006 -0.000118 0.510130 -0.198952 0.016759 -0.000053 -0.058620 -0.036926 -0.072184 0.371206 0.304891 0.000031 0.027775 -0.000010 0.000009 -0.000014 -0.056269 -0.517177 0.000118 0.011059 -0.000050 0.015417 0.076598 -0.000071 -0.000029 0.000062 -0.000018 0.000028 0.008113 0.144628 -0.275076 -0.000022 -0.000317 0.070902 -0.000017 0.133567 -0.000026 -0.000025 -0.160845 -0.004759 0.170450 -0.171998 0.191543 -0.063168 0.043111 -0.006032 -0.000017 0.000025
0.000052 0.135776 0.000073 -0.000136 0.000052 -0.275097 -0.165949 -0.171261 -0.000050 -0.077001 -0.252829 -0.160032 -0.066327 0.186548 -0.000025 -0.081492 0.000015 0.000127 0.000085 0.011503 -0.511342 0.000030 -0.393910 -0.000009 0.435167 0.184255 0.000183 -0.000067 -0.000042 -0.000000 0.000043 0.146665 -0.074317 -0.102554 -0.000048 -0.000137 0.218515 -0.000002 -0.107492 -0.000031 0.000012 -0.002493 0.001529 0.225747 -0.092821 0.027262 -0.036478 -0.111043 -0.036135 0.000028 -0.000093
0.000015 -0.232565 -0.000051 0.000057 -0.000085 -0.179435 -0.023188 -0.291009 0.000017 0.378943 -0.057239 -0.062751 -0.104876 0.071369 0.000098 -0.516630 0.000017 -0.000007 0.000042 0.061116 0.143071 -0.000008 -0.460267 -0.000000 0.244277 0.052460 0.000207 -0.000141 -0.000011 0.000014 -0.000134 0.423948 -0.046794 -0.502130 -0.000005 -0.000538 0.257241 0.000006 0.023326 -0.000097 0.000063 0.327308 -0.125671 -0.008068 0.032786 0.264792 -0.192163 -0.252342 -0.078044 -0.000074 0.000051
-0.000020 -0.144707 -0.000047 0.000043 -0.000036 -0.063513 -0.107953 -0.104640 -0.000012 0.321110 0.089386 0.196208 -0.082400 0.112050 -0.000004 -0.444579 -0.000009 -0.000055 0.000033 -0.187314 0.369611 -0.000006 -0.479963 -0.000031 0.119815 0.265010 -0.000067 -0.000043 0.000021 -0.000014 -0.000081 0.115175 -0.155667 -0.203281 0.000031 -0.000061 0.114616 0.000015 0.035411 0.000056 -0.000110 0.010997 -0.194176 0.089436 0.119212 0.061220 -0.019110 0.328292 -0.104445 -0.000008 0.000026
-0.000010 -0.049986 0.000102 -0.000083 0.000046 -0.061992 -0.233171 0.208716 -0.000104 0.123185 0.413769 0.087190 -0.098151 0.061511 0.000040 -0.263325 0.000033 -0.000051 -0.000008 -0.186900 -0.245470 -0.000006 0.272506 -0.000015 0.205979 0.342294 -0.000026 0.000103 -0.000010 0.000045 0.000041 -0.128646 -0.150288 -0.152405 -0.000034 -0.000380 0.304401 -0.000027 -0.137494 -0.000255 -0.000049 -0.102181 -0.318895 -0.097823 -0.014119 0.174437 0.305312 0.083463 -0.098480 0.000012 0.000031
0.000002 -0.224719 -0.000088 -0.000032 0.000028 0.048745 -0.108211 0.150234 -0.000059 0.033538 0.147153 0.025737 0.071515 0.012857 -0.000062 -0.052438 0.000009 -0.000027 -0.000125 -0.025150 -0.088932 0.000053 0.309215 -0.000011 0.380002 0.528166 -0.000007 -0.000110 -0.000066 -0.000033 0.000141 -0.289688 -0.531454 0.150046 0.000067 0.000126 -0.149150 0.000002 0.040212 -0.000070 0.000021 0.017211 0.088717 -0.142556 0.230265 0.121291 0.017264 -0.231096 0.017641 -0.000035 -0.000016
0.000038 -0.118912 0.000011 0.000103 -0.000027 -0.082417 0.043959 -0.033084 0.000012 0.132144 0.052418 0.181545 0.173088 0.069752 0.000165 0.081927 -0.000003 0.000107 0.000024 0.117885 -0.042244 -0.000007 0.011157 0.000011 0.432901 0.045052 0.000104 -0.000074 -0.000074 0.000098 -0.000059 -1.061975 -0.315974 -0.000263 0.000102 -0.000276 0.122578 -0.000027 -0.239641 0.000029 0.000003 -0.223005 -0.410268 0.062781 0.006350 0.305691 0.182060 0.000085 -0.163386 0.000048 -0.000234
-0.000054 -0.361557 0.000076 0.000057 0.000025 0.108861 -0.331422 0.463726 -0.000083 0.152981 0.000890 -0.089103 0.036770 0.229325 -0.000019 -0.512458 -0.000085 -0.000097 -0.000089 0.338069 -0.102900 0.000027 0.447017 -0.000025 0.246942 -0.035642 -0.000041 0.000045 0.000019 -0.000034 -0.000004 -0.934858 -0.298629 -0.040816 -0.000010 -0.000839 -0.207639 0.000044 0.026044 0.000039 -0.000024 -0.207054 -0.228632 -0.054025 -0.051976 0.049726 0.215402 -0.228347 -0.232164 0.000052 0.000032
0.000038 -0.319457 0.000074 0.000056 -0.000129 -0.189775 0.054304 -0.037682 0.000225 0.344291 -0.321241 -0.168969 0.189023 -0.121006 0.000036 -0.256396 0.000007 0.000011 -0.000016 -0.004014 -0.151623 -0.000034 0.084621 -0.000059 0.156946 -0.296864 -0.000032 -0.000016 0.000015 -0.000040 -0.000034 -0.299054 -0.436585 0.184120 -0.000031 -0.000454 -0.184899 0.000020 -0.364492 0.000118 0.000043 -0.011994 0.202260 0.387128 -0.152261 -0.043067 0.249319 0.190940 -0.000732 0.000031 0.000022
0.000064 -0.406831 0.000121 0.000062 -0.000019 -0.301431 0.282027 0.298406 -0.000012 0.039709 -0.093646 -0.081831 -0.308365 -0.313870 0.000083 -0.122305 -0.000016 0.000027 0.000053 0.069107 0.030572 -0.000086 0.306592 -0.000019 0.279235 -0.374401 -0.000049 0.000029 0.000051 0.000056 0.000016 -0.133296 -0.147228 0.078392 0.000101 -0.000600 0.134393 0.000052 -0.029690 0.000070 -0.000008 -0.356565 -0.144369 -0.017498 -0.668168 -0.164458 -0.218967 0.196376 -0.266525 -0.000054 -0.000159
0.000115 -0.224316 0.000045 0.000005 -0.000075 0.327251 0.081678 0.028801 -0.000003 0.062883 -0.030284 -0.132397 -0.094143 -0.006116 0.000145 -0.190858 -0.000131 -0.000045 -0.000055 -0.149867 -0.008795 -0.000015 -0.216928 -0.000017 0.274621 -0.088217 -0.000047 0.000105 0.000018 -0.000047 0.000024 0.182727 -0.392771 -0.060911 0.000044 -0.000146 0.257842 0.000012 0.313118 0.000024 0.000040 -0.031079 -0.177810 -0.155022 -0.637402 -0.211879 -0.259153 -0.310552 -0.197438 -0.000006 0.000077
0.000012 -0.096541 0.000095 -0.000032 0.000128 0.032254 0.014342 0.078373 0.000069 -0.006416 -0.128732 -0.185011 -0.165619 0.123229 0.000107 0.245730 -0.000020 -0.000031 0.000007 -0.008375 -0.003399 -0.000024 -0.417791 0.000020 0.274753 0.338780 -0.000024 -0.000273 -0.000008 -0.000083 -0.000092 0.319663 -0.151444 0.084671 0.000015 -0.000407 -0.032079 0.000015 0.240252 -0.000113 -0.000082 -0.025427 0.116864 -0.211188 -0.762280 -0.559976 -0.441214 -0.474157 -0.181646 -0.000120 -0.000055
0.000037 0.037163 -0.000025 0.000097 0.000094 -0.225207 -0.157779 -0.142378 -0.000065 -0.081707 -0.001912 0.181432 -0.018704 0.001733 -0.000052 0.506097 -0.000064 -0.000025 0.000030 -0.293870 0.070936 -0.000001 -0.414292 -0.000025 0.325665 -0.211225 -0.000152 -0.000042 0.000035 -0.000018 0.000079 0.052483 -0.060148 -0.214323 -0.000015 -0.000635 -0.025498 0.000050 -0.014890 0.000058 0.000041 -0.219115 -0.196027 0.154223 -0.343786 -0.002179 -0.246086 0.111010 -0.290452 0.000016 -0.000006
0.000060 -0.170229 0.000043 -0.000062 -0.000087 0.193185 -0.555360 -0.256592 0.000126 -0.293941 -0.003780 -0.118335 0.252697 -0.161873 -0.000066 -0.014493 0.000043 -0.000055 0.000037 0.143220 0.181574 -0.000019 0.009542 -0.000116 -0.040977 0.425464 -0.000070 -0.000095 0.000033 0.000040 0.000018 0.335177 -0.010117 -0.091482 -0.000004 -0.000089 -0.037371 -0.000052 0.193466 -0.000151 0.000010 0.046541 -0.094600 0.401443 0.477348 -0.378940 0.001620 -0.042594 -0.375081 -0.000113 -0.000043
-0.000105 0.041508 0.000203 0.000032 -0.000154 0.022298 -0.006518 -0.501277 0.000038 -0.040389 0.300701 -0.257650 0.210431 0.081913 -0.000029 0.025327 0.000006 0.000036 0.000076 -0.107930 0.559134 -0.000057 -0.046821 0.000009 0.678068 -0.185408 -0.000001 -0.000032 -0.000060 -0.000073 -0.000053 -0.411850 0.418775 -0.076306 0.000010 0.000067 0.012413 -0.000026 -0.279904 0.000110 -0.000107 -0.082793 -0.372762 -0.328176 0.108559 -0.087480 0.201564 -0.139060 -0.342779 0.000057 -0.000040
0.000012 -0.234735 0.000095 -0.000087 0.000025 -0.403838 -0.070651 0.107926 -0.000015 0.066093 0.352906 -0.291383 0.297779 -0.287749 -0.000040 -0.003202 0.000020 -0.000029 0.000030 0.087243 0.359440 -0.000055 -0.010983 0.000014 0.554982 -0.240023 -0.000031 0.000085 0.000036 -0.000007 0.000058 -0.182178 -0.046143 0.157440 -0.000052 -0.000202 0.051096 -0.000008 0.361477 0.000180 0.000067 -0.114742 -0.084286 -0.275489 0.151985 -0.365985 -0.209407 0.033148 -0.223015 0.000045 0.000067
0.000006 -0.055162 0.000067 0.000029 0.000131 0.017276 0.091807 -0.188857 -0.000137 0.207470 0.132566 -0.209584 0.132804 -0.396067 -0.000004 -0.116691 0.000054 -0.000044 0.000023 0.155788 -0.300641 -0.000035 -0.086021 0.000035 0.057767 0.007195 0.000036 -0.000040 -0.000001 0.000044 0.000030 -0.041451 0.070788 0.254304 0.000062 -0.000332 0.045775 -0.000026 0.102630 0.000031 0.000042 0.117683 -0.202010 -0.124903 -0.200941 -0.081536 0.060752 -0.000160 -0.224686 0.000069 -0.000066
0.000020 -0.424395 -0.000027 -0.000120 -0.000109 -0.151213 -0.073288 -0.273067 -0.000058 0.222601 -0.178437 0.113378 0.338309 -0.345892 0.000107 -0.201511 -0.000017 0.000031 0.000018 -0.178458 -0.387014 -0.000065 -0.013805 -0.000007 0.392103 0.488650 -0.000019 0.000008 -0.000007 -0.000034 -0.000003 0.093005 0.084886 0.168623 -0.000074 -0.000536 -0.051744 0.000026 -0.086386 0.000047 0.000163 0.139261 0.159852 -0.496197 -0.263712 0.100572 0.039752 -0.073356 0.127078 0.000092 -0.000058
-0.000006 -0.269283 -0.000092 -0.000002 -0.000065 0.575627 -0.071622 0.112857 0.000045 0.176482 -0.013453 0.293950 0.127630 -0.040868 -0.000042 -0.048422 0.000014 0.000023 -0.000049 -0.179989 -0.124104 -0.000022 -0.446364 0.000036 0.325539 0.041172 0.000070 0.000052 -0.000004 0.000015 0.000089 0.027425 0.251200 -0.227940 0.000089 -0.000454 0.001473 -0.000018 0.056611 0.000233 -0.000066 -0.158587 0.305815 -0.043388 0.162433 0.094302 -0.291086 -0.223780 0.166839 -0.000022 -0.000086
-0.000030 0.056057 0.000019 0.000146 -0.000002 0.274171 -0.088756 -0.443435 0.000032 0.041301 0.161498 0.103480 0.173914 -0.162392 -0.000016 0.217616 0.000024 0.000062 -0.000044 -0.008281 -0.251784 0.000036 -0.308752 -0.000014 0.154332 0.205775 -0.000040 -0.000185 0.000055 -0.000086 -0.000012 -0.098484 0.066187 -0.304315 0.000017 -0.000011 0.085443 -0.000002 0.438773 0.000117 0.000022 -0.229061 0.019189 0.204236 0.458548 0.162442 0.013568 0.288957 0.055858 -0.000039 -0.000056
-0.000006 0.017841 -0.000145 -0.000042 -0.000093 0.133216 -0.264015 -0.179027 -0.000015 0.243088 0.137270 -0.002538 0.329680 0.210315 0.000025 0.293980 -0.000014 -0.000155 0.000001 -0.196243 -0.251760 0.000018 0.050316 0.000081 -0.019176 0.334454 -0.000027 -0.000290 -0.000026 -0.000041 -0.000008 -0.116475 0.181222 -0.352218 -0.000002 0.000282 0.131403 0.000011 0.092842 -0.000042 0.000020 0.133394 -0.016206 0.258591 0.200879 -0.017199 0.066341 0.023850 -0.036890 0.000060 -0.000058
-0.000052 0.010520 -0.000010 -0.000074 0.000025 -0.201440 -0.288092 0.032365 -0.000100 0.161415 -0.083004 0.005012 -0.220254 0.457755 0.000179 0.009452 0.000067 0.000118 -0.000036 -0.001567 -0.189122 0.000113 0.380108 -0.000102 0.295376 -0.290881 -0.000048 -0.000152 0.000035 0.000102 0.000017 0.310753 0.424342 -0.387172 0.000009 -0.000027 0.570931 -0.000013 -0.155899 -0.000108 -0.000004 0.255680 -0.056422 -0.143716 0.103535 -0.323823 0.614253 0.484681 0.001934 0.000003 0.000003
0.000012 -0.252626 -0.000020 0.000059 0.000068 0.003844 -0.180559 -0.349626 0.000110 0.171362 0.228580 0.182420 0.008061 0.088607 0.000043 -0.120177 -0.000006 0.000035 0.000018 -0.001448 0.017780 -0.000096 0.329846 -0.000035 0.091514 -0.125973 -0.000036 0.000079 -0.000039 0.000103 -0.000043 -0.068560 -0.016731 0.078894 0.000023 0.000217 0.515696 -0.000025 0.116699 -0.000035 0.000003 0.362331 -0.016479 -0.306230 0.362851 -0.144674 0.227689 0.081708 -0.037419 -0.000004 -0.000065
-0.000031 -0.052449 -0.000006 -0.000071 -0.000030 -0.048921 0.056614 -0.062179 -0.000122 0.348672 -0.227442 -0.075673 0.043508 0.134718 -0.000063 -0.170102 0.000002 -0.000065 0.000029 -0.180280 0.125419 0.000029 -0.069381 -0.000012 0.090384 0.061143 -0.000115 0.000095 -0.000028 -0.000023 0.000069 -0.029328 0.183785 -0.005179 0.000032 0.000016 0.360332 -0.000012 -0.214307 -0.000034 0.000074 0.119111 -0.214942 0.054699 0.292328 -0.200672 0.421028 -0.180461 0.093694 -0.000026 0.000114
0.000033 -0.154904 0.000028 0.000000 -0.000021 0.165214 -0.037128 0.308849 -0.000021 0.227948 -0.322286 -0.173975 -0.047636 0.059653 0.000054 -0.238673 -0.000039 -0.000088 -0.000012 -0.451529 0.002840 -0.000033 -0.423907 0.000025 0.143728 -0.072060 0.000054 0.000081 -0.000109 -0.000061 -0.000017 0.272340 -0.094693 -0.087521 0.000044 -0.000610 0.210382 -0.000057 -0.064309 -0.000101 -0.000019 -0.184917 -0.287757 -0.055481 0.086990 0.214314 -0.060450 -0.024541 0.347188 0.000030 0.000029
0.000021 -0.104550 0.000122 0.000042 0.000106 0.007940 -0.898857 0.051093 -0.000011 0.015319 -0.237218 -0.118667 0.210670 -0.353460 -0.000062 -0.484301 0.000033 0.000100 0.000109 0.212289 -0.179666 0.000002 -0.044925 -0.000001 -0.276455 -0.328520 0.000167 -0.000004 -0.000019 0.000024 0.000014 0.190557 -0.307824 -0.012292 -0.000021 -0.000698 0.214405 0.000018 -0.032013 0.000079 -0.000029 -0.288630 0.246883 0.133304 -0.533603 0.288197 0.286144 -0.028944 0.108495 -0.000020 0.000010
