-0.012477
-0.010525
0.164528
-0.011478
-0.002615
-0.013808
-0.028720
-0.000834
-0.000286
-0.020897
-0.023963
-0.002127
-0.002505
-0.001683
-0.002569
0.002327
-0.007894
-0.020643
-0.044670
-0.012479
-0.000236
-0.001710
-0.007112
-0.025906
-0.005637
-0.001918
0.110701
0.188630
0.134330
-0.000183
-0.014813
-0.011637
-0.002851
-0.001032
0.128061
-0.003327
-0.003178
-0.002912
-0.000256
-0.002935
0.170711
-0.028656
-0.000060
-0.001913
-0.008744
-0.002735
0.150482
0.045749
-0.024715
-0.001647
0.072172
-0.000766
-0.017537
-0.001471
-0.010625
-0.001849
-0.006116
-0.044522
-0.003583
-0.003509
-0.008364
-0.002995
-0.000047
-0.021029
-0.001369
-0.010431
-0.000878
-0.002394
-0.002635
-0.030746
-0.008146
-0.015568
-0.004866
-0.000882
-0.007611
-0.007876
-0.001873
-0.001251
-0.026887
-0.007154
-0.003505
