0.010550
-0.000927
7.289146
-0.008839
-0.001547
5.934317
0.002450
-0.001145
-0.000222
0.021972
-0.001090
-0.003239
0.000261
0.003568
-0.001415
-0.000307
-0.008933
0.005828
0.026594
0.001851
0.000006
-0.000778
-0.007351
0.021966
-0.006070
0.028006
9.218254
6.224451
4.836993
0.000020
-0.005964
-0.001718
-0.000700
-0.013221
7.710770
-0.012998
0.027349
0.321398
-0.000051
0.033429
6.972438
-0.023346
-0.000009
-0.000014
-0.001012
0.001609
5.310870
6.419549
0.023690
0.006045
8.189179
0.000033
-0.003592
-0.430711
0.020652
0.001317
-0.001137
-0.017018
0.001493
-0.005940
0.002944
-0.124606
-0.000501
-0.005889
-0.395530
-0.008835
0.002205
0.006238
-0.015987
-0.013110
0.003627
0.001479
0.000299
0.001886
-0.002498
-0.001674
-0.465559
0.002883
0.020485
0.000838
0.000418
