-0.001982
-0.009258
0.018503
0.000139
8.245131
-0.010913
0.001096
0.010031
0.003268
0.000044
6.232480
-0.001342
3.289759
-0.000621
-0.004912
0.003495
-0.000410
-0.000206
-0.000650
0.010273
-0.390560
0.017739
0.021447
-0.006456
-0.002527
-0.000073
-0.009733
-0.000801
0.001367
-0.000279
-0.000050
7.761261
-0.000047
0.541161
0.005774
-0.008646
2.996572
0.012169
-0.003497
0.005156
2.613357
-0.000222
0.000344
5.153453
0.024438
5.258723
-0.002037
5.997890
1.677882
-0.001955
-0.000041
-0.001134
-0.010021
0.008843
-0.001338
7.387550
0.014424
0.021871
0.000038
-0.000127
0.028041
5.682268
0.004481
0.011705
-0.343254
0.010839
-0.390184
0.000153
-0.012093
0.009615
-0.474861
0.007451
0.007229
7.520230
0.020649
6.833183
0.001882
