0.015884
-1.768180
-0.016417
-0.000549
-0.000229
-0.042179
0.001815
-0.005358
-0.019465
0.005654
-0.000007
0.004983
-0.005223
-0.001349
-0.008028
0.021474
-0.008550
0.004995
0.020006
0.014265
0.010931
0.022784
0.000062
-2.285822
-2.452947
0.037175
0.018045
0.002502
0.001253
-0.021807
-0.029590
0.008406
-3.188330
-1.936155
0.019731
0.001812
-0.031773
0.017553
0.013752
0.012449
-0.020956
-2.658496
0.026292
-0.000820
-0.001294
-2.501125
0.002531
-2.108605
0.003186
-0.000006
0.018882
-1.785692
0.006862
-0.000177
-0.014794
0.000007
0.005294
-2.751235
0.000825
2.780360
0.000003
6.406535
3.997501
-0.029531
-0.000313
0.017655
0.000073
4.030555
-0.000252
-0.003284
-0.003533
-0.007013
-0.015009
-0.013831
3.710096
0.001744
4.010077
-0.027890
-2.679115
0.012505
6.126420
0.000005
-0.000486
0.000357
-0.000042
0.019503
-0.025774
-0.013144
0.000712
0.021900
-0.010366
-0.009876
-0.008272
-0.009202
0.000735
-0.000227
-0.015777
0.000974
-0.024228
0.001611
0.016103
-0.006182
-0.000574
-0.008624
0.001751
-2.540849
0.008919
-0.002575
0.015522
-0.022740
0.003060
-0.000152
0.010174
-0.022385
0.007134
-0.893937
