-0.562260
-0.002547
-0.483291
0.349228
-0.555017
-0.005878
-0.018536
-0.298012
-0.006435
-0.008941
-0.002475
0.467538
-0.191952
-0.311307
-0.000588
0.390479
-0.194554
-0.000467
-0.514265
-0.014062
0.339012
-0.000816
-0.155335
-0.008819
-0.534920
-0.012457
0.000068
-0.005495
-0.001018
-0.016866
-0.000570
0.436549
-0.623911
-0.297284
-0.008485
0.441814
-0.008491
-0.016845
-0.365170
-0.001739
-0.003074
-0.013594
-0.650604
-0.017577
-0.004201
-0.009935
-0.179536
-0.014939
-0.002540
-0.260252
-0.000290
-0.018230
-0.001121
-0.004232
-0.253542
-0.007996
-0.377512
-0.020303
-0.076262
-0.001763
-0.395941
-0.476446
-0.373521
-0.001704
-0.002153
0.501796
-0.001425
-0.357230
-0.251588
-0.424175
-0.002843
-0.007229
-0.001518
-0.399226
-0.006593
-0.380477
-0.194229
-0.004107
0.427072
-0.000280
-0.000076
-0.000180
-0.001064
-0.162336
-0.006497
-0.006811
0.409057
-0.001654
-0.214358
-0.286624
-0.004107
-0.292904
-0.003579
0.327199
-0.002306
-0.003453
-0.531509
-0.002026
-0.001017
-0.429120
-0.002267
-0.475322
-0.012681
0.403860
-0.313437
