0.938802 -0.234576 -0.076544 1.422612 -0.084766 -0.157824 0.912797 0.017158 -0.225228 0.017116 -0.013597 0.312012 1.060362 -0.115489 -0.132634 0.117444 0.149230 0.732126 0.599745 1.508078
-0.062398 0.094330 0.011682 -0.074941 -0.062180 0.030859 0.094466 0.116834 0.109732 -0.182057 0.168631 -0.020763 0.055612 -0.133216 0.097511 -0.099632 0.018234 0.002185 0.151037 0.158160
0.298104 0.144676 0.026439 -0.041985 -0.168148 -0.115067 -0.064555 -0.011554 0.103072 -0.235883 0.082653 -0.344184 0.715076 -0.066266 0.024877 -0.047605 -0.183525 0.465364 0.202808 0.315573
-0.269020 0.412421 -0.181052 0.779174 0.051631 0.940589 1.998492 0.087044 0.030631 0.183623 -0.080647 -1.261370 0.852543 0.911140 1.736948 0.037139 0.119155 0.150324 -1.069690 0.025588
-0.089837 0.009587 0.132242 -0.091655 -0.145587 -0.023124 0.021843 -0.043200 0.079256 -0.158006 0.142746 0.143354 -0.137178 -0.154822 0.162528 -0.034811 0.137784 0.029383 0.053709 -0.024070
0.085503 0.012647 0.104943 0.156345 -0.160368 0.043092 -0.100526 -0.049405 -0.127214 -0.054560 -0.132182 -0.184922 -0.012911 -0.084217 0.171172 -0.037064 -0.178129 -0.122007 -0.018929 0.022577
-0.221763 0.946984 -0.002484 1.422486 -0.103143 -0.197627 3.542272 -0.125870 -0.248621 -0.204333 -0.185651 -0.424707 -0.569483 1.764758 -0.259973 -0.025068 -0.471141 0.770472 2.764863 0.126471
-0.318095 0.102463 -0.113507 0.260519 -0.113685 -0.381182 0.575006 0.060379 0.042640 -0.125671 -0.050610 -0.225549 -0.263209 0.106685 -0.198748 -0.180576 -0.074012 -0.669973 0.121897 -0.764683
0.109208 -0.983842 0.134553 1.740944 0.024975 0.096700 0.665299 0.111763 0.076025 0.014306 -0.018719 0.425695 -0.067645 0.081456 0.134750 0.129015 -0.027417 0.769868 0.596462 0.290210
0.340810 0.068684 -0.129982 0.310230 -0.124648 0.154989 0.228336 0.004015 -0.102588 -0.091668 0.098164 0.078437 0.271686 0.000379 0.022642 0.076690 -0.142960 1.001488 0.330690 0.156631
0.045114 0.026371 -0.042634 0.106351 -0.168626 0.121901 -0.001085 -0.041307 -0.020476 0.141707 0.107784 -0.177244 -0.073689 -0.073476 -0.129285 0.069447 -0.107658 -0.038685 0.041928 0.002009
-0.470193 0.111342 0.113690 0.443666 -0.171017 -0.342816 -0.230769 0.104792 -0.196597 -0.005985 -0.170439 -0.354739 -0.291310 -0.220137 -0.269888 0.078089 -0.217501 -0.269298 -0.421675 0.157103
-0.097211 1.024721 -0.084317 1.259840 -0.111400 -0.002211 1.738191 -0.186732 -0.162450 0.009914 0.021342 1.616578 1.691822 0.084692 1.646710 -0.158916 1.294929 1.852520 2.902879 0.661890
0.164029 0.252663 -0.168632 0.286605 0.183117 -0.103124 0.104082 0.120303 -0.121758 -0.095611 0.110432 -0.077137 0.131979 -0.193645 -0.097121 -0.151849 0.123931 0.629443 0.196287 0.400826
-0.122941 0.029771 0.131738 0.086086 -0.042787 -0.130944 -0.055411 0.039665 -0.090388 -0.000844 -0.019509 -0.030380 0.099023 -0.129250 0.095258 -0.167831 0.175066 0.009303 -0.047754 0.049704
0.076522 0.106655 0.069157 1.006371 0.156833 0.043568 1.114431 -0.005485 -0.172525 0.040322 0.071652 -1.788165 -0.194300 0.954655 -0.149484 0.141065 -0.111562 0.860706 1.681211 -0.286441
0.208023 0.204497 -0.118381 0.180332 0.063379 0.073455 -0.139778 -0.058642 0.181943 0.089629 -0.045101 0.062288 0.703694 -0.112727 0.072651 0.003423 0.072872 1.144591 0.349431 0.463379
-0.150610 0.151187 -0.099397 -0.075199 -0.016640 0.089877 0.018973 -0.024531 -0.156774 0.246519 -0.106343 -0.176701 -0.145532 0.051537 0.022819 -0.133843 0.093320 0.715219 0.255254 0.383644
0.044264 -0.230680 0.115891 0.028170 -0.154513 0.120786 -0.128132 -0.205230 0.092854 0.134640 0.089378 -0.000961 0.417947 -0.038963 -0.247605 -0.124264 0.097038 -0.191688 0.074500 0.048697
0.108893 1.062157 -0.026851 2.870473 0.072518 -0.155761 -0.116911 -0.009644 -0.158410 -0.178614 -0.161661 2.720576 0.070622 1.271144 0.121629 -0.125296 -0.012824 -1.177580 4.076330 0.143500
-0.106454 0.032356 -0.011389 0.165082 0.097961 -0.066491 -0.031810 -0.155993 -0.085261 0.207025 0.092905 0.117108 0.245312 0.050788 -0.069334 -0.070298 0.044802 0.165836 -0.149930 0.037887
-0.148903 0.128164 -0.093689 -0.108464 -0.165385 -0.140932 0.030446 0.051800 -0.027779 -0.174341 0.109809 0.184102 0.031721 -0.150607 0.064655 -0.008598 -0.033927 0.216219 -0.071563 0.216575
-0.179450 -0.091894 -0.169385 0.029356 -0.034255 -0.012494 -0.147511 0.031496 -0.164504 -0.165404 -0.160988 -0.035971 -0.099847 0.019880 -0.038536 0.167397 -0.031034 0.119897 0.016937 0.073364
0.133443 -0.074794 0.150290 0.216079 -0.161010 0.103158 -0.109571 0.091043 0.029753 -0.161314 -0.007408 0.174449 -0.051933 -0.050362 0.060900 0.179077 0.002946 0.178335 -0.108379 -0.073793
0.283052 -0.020674 -0.068819 -0.162937 0.009020 0.177632 -0.277619 -0.067667 0.162442 -0.169378 0.001932 -0.104024 0.374890 0.165531 -0.217040 -0.137669 0.072798 0.376164 0.007638 0.458169
-0.042731 -1.497944 0.002396 1.250268 -0.064085 0.309261 0.702358 0.004918 0.108215 0.280395 -0.113003 0.372976 0.705492 0.168314 -0.179745 -0.201897 -0.100615 0.665028 0.398851 0.384405
0.548353 0.294562 -0.140416 0.403443 -0.049396 0.109210 0.062544 0.068520 -0.053285 0.192845 -0.079531 -0.196449 0.994096 0.133375 0.050406 0.013664 -0.162180 0.664695 0.675448 0.679499
-0.170503 0.023348 0.107674 -0.125071 0.131306 -0.054742 0.130348 -0.027225 -0.147861 0.116486 -0.108601 0.039923 -0.060031 -0.147203 -0.144490 -0.076563 -0.027590 -0.134992 0.048951 0.005871
0.092083 -0.123708 0.077839 0.418001 -0.164397 -0.027669 -0.322299 -0.122471 0.131346 -0.074212 0.029604 0.242933 0.148808 -0.108536 -0.125352 -0.138663 -0.046449 0.299491 0.472265 0.374990
0.090621 0.048576 -0.082056 0.104932 -0.161382 -0.052108 -0.047251 0.001710 -0.096261 -0.157497 -0.183811 0.096433 -0.097870 -0.178177 0.042155 -0.110316 -0.207199 -0.048719 -0.026735 -0.029602
-0.080743 0.233508 -0.050536 0.746677 0.130615 -0.064790 0.117836 0.261040 0.005487 -0.095351 0.092941 -0.272957 0.190855 -0.135772 0.065428 0.040161 -0.143772 0.861056 0.355223 0.836724
0.117388 0.043494 -0.186309 0.138339 -0.007314 -0.031087 -0.041356 0.150855 0.084352 0.142067 0.052066 0.150353 0.131519 -0.032397 -0.186432 0.000718 -0.156325 0.033643 0.179004 0.178990
-0.529474 0.106861 0.039189 0.257917 -0.000239 -0.613347 0.182547 0.111478 -0.244248 -0.042774 -0.127726 -0.552970 -0.773241 0.436597 -0.416184 -0.087006 -0.780335 -0.261373 -1.396384 -0.866686
0.080879 1.033842 -0.166705 2.234236 0.166909 0.390371 1.558979 -0.125505 -0.057965 -0.004440 -0.087643 0.390336 2.329086 0.037830 2.603574 -0.118942 2.793372 1.916832 2.931376 1.419098
0.121404 -0.003968 -0.098763 -0.081601 0.077377 -0.158680 -0.103373 0.107781 0.124255 0.026932 0.177907 -0.111087 -0.101325 -0.178269 -0.138891 0.166016 -0.087166 -0.097571 -0.149209 0.093612
0.287516 0.076536 0.123156 -0.054497 0.100769 0.047532 0.029479 0.028612 -0.099755 -0.058362 0.170347 -0.392423 0.121245 0.049283 0.015519 -0.028553 -0.012715 0.420262 -0.031060 -0.076475
0.062736 0.053465 -0.031099 2.000797 0.155191 0.116758 1.366432 0.047518 0.122868 0.051919 -0.137016 2.566503 -0.056443 0.355675 0.095730 0.145238 -0.106065 1.873791 3.984146 0.448541
-0.139228 0.416836 -0.083839 2.454653 0.027607 -0.027320 1.200515 0.029645 0.120177 -0.310656 -0.043770 4.630523 -0.242881 1.579727 0.043523 -0.144098 -0.054699 0.547797 4.798451 0.410269
-0.481256 0.381171 -0.092772 0.394727 -0.017401 0.119116 1.318082 -0.051032 0.024332 -0.107901 0.062182 -1.418878 0.023122 0.330886 0.216486 0.161876 0.161335 0.756891 1.711470 0.337584
-0.031051 -0.011338 -0.069314 -0.120820 0.164030 -0.078440 -0.002046 0.043592 -0.075268 -0.130065 0.045915 -0.005308 0.096349 -0.130606 -0.143263 -0.008062 0.171415 -0.032034 -0.004588 0.134318
-0.288678 -1.517268 -0.008168 2.069733 -0.007648 -0.322456 1.078404 0.025668 -0.224620 -0.329388 -0.139998 0.965148 -0.264893 1.199731 -0.659156 0.123756 -0.443736 -0.926603 2.419925 -0.470481
-0.008021 -0.063905 -0.193142 0.032479 0.023785 -0.016699 0.128895 0.064778 0.171657 -0.062142 0.114074 -0.186436 -0.204927 -0.067816 -0.073155 0.071370 0.106100 -0.156116 -0.169441 -0.173157
-0.016512 -0.134809 -0.131905 0.075187 -0.018858 0.070682 0.060344 -0.034699 -0.153262 0.087137 -0.078162 -0.150963 -0.109157 -0.178713 -0.077612 0.165321 -0.097264 0.143490 -0.132348 0.113888
-0.539095 0.530102 -0.200896 -0.150193 -0.137999 -1.161837 -0.420394 -0.219900 -0.285725 -0.023845 0.030155 -0.187887 -2.391227 0.563530 -1.890803 -0.218312 -0.391267 -0.126428 -0.521047 -0.543884
-0.142605 -0.031423 0.142159 0.065034 0.112187 -0.079955 -0.090111 -0.120160 -0.020051 -0.098108 0.140585 0.073761 -0.011131 -0.162293 -0.139719 0.086444 -0.176094 0.106981 -0.016965 0.064463
-0.065093 0.666624 -0.049638 3.324394 -0.037715 -0.312686 0.134412 -0.261398 -0.010185 -0.205469 0.133764 0.510231 0.024816 0.630739 -0.177934 -0.015090 -0.150632 -0.736134 0.869986 0.330469
-0.175737 0.009266 -0.144682 -0.057311 0.011623 0.195448 -0.139524 -0.129553 0.148419 0.093088 0.135405 0.121129 0.077635 -0.068668 -0.088818 -0.144691 -0.079950 -0.028786 0.031143 -0.021901
-0.154188 1.684172 0.230856 1.828420 -0.113440 0.027765 0.961126 -0.044024 -0.162484 -0.095795 -0.186562 1.892569 2.250477 -0.145035 3.570921 -0.135587 0.917375 0.165073 3.100070 3.337754
-0.119233 -0.009227 0.010225 0.071232 -0.215524 -0.226321 -0.030322 0.047815 -0.025580 -0.140987 -0.012221 -0.089714 -0.095939 0.075738 0.139752 -0.148863 -0.193045 -0.068894 -0.144324 -0.103562
-0.024362 -0.393932 -0.026091 0.407802 0.081290 0.215852 0.584081 -0.179166 -0.047864 -0.198015 0.022657 0.405595 0.044239 -0.166407 0.216808 -0.121797 0.002448 0.580572 0.061110 0.700012
-0.407366 0.026783 -0.187384 0.461565 0.046413 -0.317176 -0.157683 -0.051534 0.004705 -0.077291 -0.290275 -0.583353 -0.006164 0.003081 -0.286829 -0.036850 -0.267474 -0.020397 -0.160384 0.148577
-0.189502 0.021276 -0.086581 -0.050552 -0.149195 -0.146348 -0.147558 -0.124770 -0.115826 -0.115769 -0.127464 0.116644 0.047351 0.089532 -0.122169 -0.026692 -0.074128 -0.168345 -0.061189 -0.071587
0.141268 -0.026896 0.113509 1.115379 0.009873 0.160810 1.103873 0.049994 0.062534 0.266789 0.010102 0.418613 -0.168223 0.137754 -0.021155 0.051640 -0.026554 0.377610 0.390645 0.974605
-0.104120 -0.523890 -0.182066 -2.844457 -0.047946 0.296775 -0.800655 -0.165301 -0.017925 -0.104186 -0.044157 -0.387531 1.852094 -3.693563 0.411527 -0.082309 -0.406149 -1.534739 0.912527 0.224022
0.027825 0.031773 -0.092237 0.164311 -0.094557 0.030972 -0.029607 -0.004806 -0.054755 0.186042 -0.035602 -0.235733 0.460999 0.111060 -0.065254 -0.117633 0.086677 0.039448 -0.033783 0.030672
-0.092818 0.657547 0.034488 1.867494 -0.081782 -0.006866 1.013105 -0.267369 -0.234602 -0.167509 -0.050977 0.902171 -0.061257 0.194862 -0.047966 -0.030894 0.040401 1.859846 0.218613 0.160475
0.174731 -0.158694 -0.130666 -0.106873 -0.151140 0.007963 -0.060371 -0.076516 -0.010865 0.092124 0.090759 -0.154258 -0.163681 -0.115016 -0.034506 0.028537 -0.168443 -0.026162 -0.146865 -0.169333
-0.206501 -5.416890 0.051258 0.518812 -0.222786 -0.146110 2.506765 0.040413 0.061774 -0.178023 0.074885 0.833026 -0.363939 0.192425 -0.694617 -0.139148 -0.446220 -0.190901 9.009467 -0.229553
0.080542 -0.146475 -0.101080 0.076961 -0.058387 -0.075205 -0.078395 -0.025621 -0.064082 0.120077 -0.066123 0.112437 0.002943 -0.178051 -0.032325 0.094505 -0.057074 -0.006956 -0.017546 -0.069944
-0.224248 -0.426981 -0.031680 1.831371 -0.103181 0.248629 0.274199 -0.152962 -0.084368 0.007303 0.115912 1.750640 -0.164809 0.980366 -0.125866 0.150005 0.048995 -0.022776 1.317556 0.716634
-0.140297 0.044612 0.034799 0.718944 0.097857 0.161756 -0.781291 0.027660 -0.024498 0.170155 -0.166033 0.018640 -0.100058 -0.060483 0.499393 -0.059935 -0.095254 -0.046990 -0.119261 0.388072
-0.436286 0.148247 -0.204330 0.104774 0.064811 -0.327131 0.440355 0.034443 -0.085460 -0.326178 -0.253565 -1.094459 -0.869887 0.001577 -0.281884 -0.004570 -0.449941 0.552202 1.296220 -0.804051
-0.007115 0.009292 -0.044387 -0.088939 -0.071849 0.107656 0.061136 -0.086359 -0.005976 0.063106 -0.055044 0.090215 -0.157025 0.045860 -0.036526 -0.014761 -0.054567 -0.034808 0.020124 -0.079611
-0.725851 0.532326 0.105705 0.787466 -0.137926 0.001939 0.919191 -0.015315 0.137131 -0.075936 0.149920 0.333841 -0.385762 -0.172554 0.172989 0.178948 0.041940 1.242273 1.053891 1.291556
0.059719 -0.051967 0.056601 -0.104645 -0.043869 0.008553 -0.039201 0.013816 -0.083056 0.082611 0.091827 -0.061075 0.010720 -0.105031 0.059927 -0.097424 -0.061235 -0.148523 -0.026802 -0.193704
-0.000359 -0.554397 0.129966 1.160898 -0.189028 0.177682 1.388966 -0.106320 -0.005360 -0.095781 -0.060789 2.229058 -0.019375 0.047281 0.080790 -0.107354 0.076814 0.388812 3.108017 0.501875
-0.353734 0.502836 0.050061 0.968045 -0.029562 -0.449721 -1.044342 -0.133832 -0.052751 -0.029327 -0.127891 -1.632870 -0.173459 1.830089 0.175835 0.049700 -0.336431 -1.220044 1.972780 -1.003736
0.692033 -0.803507 -0.179461 1.241879 0.026207 -0.056029 1.296563 -0.066113 0.159575 0.028021 0.126921 -0.455600 0.574496 0.088892 -0.258795 0.005329 -0.019702 1.433412 1.593736 0.224400
0.664183 0.050472 -0.043732 0.198602 -0.056845 0.155774 0.014329 -0.127459 -0.025149 0.095183 -0.113145 0.060615 0.460271 -0.082697 0.176066 0.109580 -0.037817 0.480384 0.276629 0.383378
0.135507 -0.031078 0.020895 1.686567 -0.010380 -0.675679 -0.407529 -0.103336 -0.034817 0.172186 -0.133613 0.311087 0.533404 0.246786 0.879117 0.041258 -0.150406 -0.734496 -0.438266 0.248390
0.005495 0.139719 -0.095148 0.148713 0.080508 0.025255 -0.062235 0.189712 0.002818 -0.149103 0.113104 -0.060242 0.538913 0.004126 -0.155661 -0.089713 -0.022004 0.543548 0.002867 0.100047
0.059336 0.048937 0.074135 0.009000 -0.065862 0.022378 0.054366 -0.162662 0.023238 -0.297292 0.123922 0.005490 0.277294 0.287566 0.613682 -0.131070 0.115718 0.445931 0.112840 0.549932
0.539140 0.123938 -0.176100 0.151480 -0.152397 -0.017112 0.093651 -0.120642 0.027321 -0.219639 -0.109106 -0.057906 0.873003 -0.025875 0.075664 0.162580 -0.181608 0.800202 0.930356 0.686188
-0.000745 -0.093059 0.121154 0.844487 0.020937 0.742072 0.140408 -0.059939 -0.105030 -0.040216 0.001385 -1.646727 0.699877 0.663747 1.760070 0.123851 -1.504613 -0.790893 -0.819729 -1.372803
0.093112 0.008636 0.109074 -0.036302 -0.102217 -0.008326 -0.106470 0.027955 0.132174 -0.074238 -0.117024 0.042552 -0.211781 0.009528 0.019442 -0.011796 0.102359 0.060048 0.019960 0.121437
0.112858 0.109242 0.028802 0.049767 -0.092007 -0.080424 0.148296 -0.241529 -0.027834 0.217359 0.186045 0.261706 0.212607 0.017383 0.362213 0.009495 -0.106462 0.374543 0.235401 0.398544
-0.014020 0.014488 0.043134 -0.001905 -0.141734 -0.082380 0.062874 -0.171265 -0.079903 0.114141 -0.118104 -0.196761 -0.134576 -0.142860 -0.152820 0.040886 -0.039996 0.061043 -0.026528 -0.186370
-0.022699 -0.019350 -0.027417 -0.059825 -0.118404 -0.122587 0.014693 0.099869 -0.025421 -0.138326 -0.071099 -0.133694 -0.052438 -0.160504 0.030146 -0.176923 0.075351 -0.095369 0.013681 -0.130177
0.006079 -0.083894 -0.002646 -0.052946 0.059933 0.166581 0.057567 -0.086049 -0.186178 0.175703 -0.153216 0.179175 -0.020088 0.091864 -0.085893 0.174682 0.025723 -0.106126 -0.137551 -0.120007
0.325084 -0.100228 0.176301 0.484906 0.148457 0.113308 0.304135 -0.134756 0.100011 -0.218451 0.017775 -0.276750 0.487194 0.129464 0.029487 -0.000143 -0.082786 0.105794 0.159546 1.149306
0.026939 -0.083980 -0.001797 -0.122309 -0.136699 -0.133712 -0.031422 -0.078049 0.110796 -0.120832 0.126357 0.012242 0.185385 -0.126594 -0.085001 0.132210 0.072921 0.095776 0.024400 -0.042924
0.706066 -0.088502 -0.121708 -0.006397 -0.022392 -0.066919 0.133521 -0.118559 -0.042854 -0.278652 0.172628 0.241588 0.882162 -0.104287 0.661247 -0.111823 -0.229104 -0.088933 -0.009137 -0.016062
0.033945 0.107744 -0.023736 0.084326 -0.107497 -0.042931 0.009163 0.053185 0.106722 -0.060175 -0.104502 0.027163 0.018152 -0.155580 0.115014 -0.001190 -0.008151 0.016083 0.142649 0.018644
-0.242057 0.160764 0.089005 0.864783 -0.020386 -0.118709 0.214664 0.102125 0.013068 0.078120 -0.078000 -0.873822 0.239271 -0.221127 0.235481 0.127287 0.658185 0.811490 0.274657 0.405025
0.188429 -1.738657 -0.110737 4.254470 -0.033863 3.087510 6.685271 -0.184552 -0.002935 -0.199850 0.014445 1.241085 0.500785 -0.139794 5.702455 -0.174030 0.441474 1.911475 4.114532 2.399718
-0.113241 -0.045985 0.026465 0.129202 0.181754 0.158177 -0.108983 0.033194 0.137283 0.021643 0.062442 0.026884 -0.178164 -0.048450 0.095794 -0.186167 0.084548 -0.055500 -0.009598 -0.119896
0.167041 0.090024 0.071117 -0.008466 0.007018 -0.136286 -0.014990 -0.113714 0.052249 0.132636 -0.083327 -0.123807 -0.121108 -0.126672 0.000576 0.155419 0.042021 0.143440 -0.096512 -0.042195
-0.026820 -0.041004 -0.082581 1.237081 -0.154906 -0.137708 -0.568760 -0.017221 -0.144201 -0.044906 0.013703 0.101595 0.334334 -0.063333 -0.998092 -0.155239 0.147731 -0.116987 -0.352069 0.655369
-0.204787 1.016166 0.008026 2.039070 -0.155009 -0.032020 -0.532712 0.011995 -0.142304 0.356130 -0.094461 1.092601 0.097892 1.560433 0.007691 -0.081404 -0.029454 1.454357 2.768775 0.018422
-0.036806 0.132400 0.149549 0.236133 -0.151057 0.145988 0.055327 -0.420775 -0.063981 -0.028362 -0.045753 0.021795 0.117048 -0.093834 0.025106 -0.118707 -0.091923 0.334143 0.098097 0.161643
0.437053 -0.123616 -0.032730 0.851444 -0.196543 0.235378 1.151121 -0.139919 0.046152 -0.195667 -0.011095 -0.333761 0.511908 0.412190 -0.045214 -0.076855 -0.062477 0.997465 0.991731 0.088922
0.139184 -0.024465 0.154267 2.026251 -0.040556 -0.131562 0.679993 0.089746 -0.142206 0.193631 -0.113948 0.695293 0.442577 0.559898 0.555377 0.076180 -0.171897 -1.811904 1.013480 0.873916
0.140710 0.299701 -0.093438 -0.093762 -0.086308 0.141960 -0.008489 0.136578 0.015501 -0.061193 -0.168400 0.038846 0.222555 0.007181 0.004746 -0.191557 0.166179 0.419894 0.219489 0.511907
-0.024107 -0.012853 -0.072802 -0.047358 0.109286 -0.147078 0.116099 -0.068958 -0.098359 -0.153779 0.003942 0.126652 -0.075352 0.070685 0.137389 -0.058119 0.091572 0.134779 0.057846 -0.061271
0.014542 -0.332529 0.030538 0.570624 0.020920 -0.048390 0.621352 0.175285 -0.200196 -0.171403 -0.031772 0.406255 0.296817 -0.030590 0.183394 -0.014486 -0.010391 0.612613 0.731495 0.977662
0.124504 -0.165056 0.072268 -0.095871 0.151345 -0.108707 -0.120137 -0.077503 0.167752 -0.009000 -0.031699 0.183396 -0.032858 -0.111201 -0.004849 0.154779 -0.068521 0.038508 0.141886 -0.049162
0.086403 0.078677 -0.127943 0.025272 -0.049994 -0.078814 -0.172854 0.009838 -0.137179 0.124467 0.171930 0.125290 -0.002816 -0.100512 -0.129488 0.171031 0.097083 0.014546 0.028926 -0.102707
-0.094156 0.071638 -0.157715 0.063777 0.114680 -0.260773 -0.157699 0.094990 0.058557 0.036785 -0.058821 0.028938 -0.024489 0.020090 0.022723 -0.165079 0.096538 0.007851 -0.041251 -0.032672
0.156892 0.079177 -0.112411 0.174478 -0.092120 0.130680 -0.003844 -0.071405 -0.013175 -0.031441 -0.148114 0.026540 -0.015898 0.138044 -0.013670 0.155323 -0.004916 -0.065528 0.145556 -0.137003
-0.024542 0.122851 0.181365 -0.136269 -0.004122 -0.164095 -0.165007 0.049538 0.063394 0.022883 0.083639 -0.114356 -0.105433 -0.153778 -0.009351 0.169653 -0.079260 0.062043 0.099416 0.180423
0.103134 -0.162665 0.114807 -0.086071 0.013285 0.096377 -0.043856 -0.107225 -0.058252 0.115811 0.075702 0.120885 -0.085919 -0.055626 0.036694 -0.090598 0.084038 -0.048236 -0.082084 -0.102903
0.153274 0.061176 -0.150899 0.006662 0.018698 0.145076 0.114005 -0.003307 0.075097 0.187872 -0.164116 0.057767 -0.129596 -0.132130 -0.084134 0.025486 -0.165193 -0.060396 -0.115050 0.230397
0.213229 -0.010039 0.012399 1.091719 -0.086747 0.148135 0.642623 -0.176233 -0.000209 -0.054000 0.139276 0.468582 0.700275 0.059981 0.027850 -0.075323 -0.143318 1.098828 0.682853 0.915648
-0.056071 -0.948916 -0.022513 4.031358 -0.038250 0.283660 4.544164 -0.154661 0.082171 -0.009094 0.015287 3.677720 0.037054 0.911067 0.041776 0.133364 -0.153384 3.910872 5.852442 0.536425
0.069931 0.137104 -0.017246 1.288536 0.019403 0.147886 0.388655 0.023879 -0.045116 -0.106615 -0.168443 0.227173 0.817807 0.177320 0.067389 -0.066290 -0.103394 1.125771 0.820721 1.456046
0.052350 0.002323 -0.018425 -0.248449 -0.128161 0.038058 -0.083093 -0.114815 -0.133211 0.266025 0.086730 -0.046942 0.119111 -0.160583 -0.015196 0.034711 0.004251 -0.112065 0.128938 0.123494
0.067907 -0.016830 0.007098 -0.188265 -0.116638 0.139596 -0.122926 -0.097211 0.004357 -0.136216 -0.084107 -0.173122 0.114496 -0.119316 -0.095792 -0.174661 -0.079424 0.091866 0.068724 0.119407
-0.409975 -0.036865 -0.050326 1.250481 -0.080701 -0.163466 0.954690 -0.004466 0.074086 -0.038908 0.101613 0.134911 -0.005113 0.124908 0.151871 -0.051128 -0.148572 0.677887 0.552567 1.125136
0.063540 -0.069810 -0.187175 -0.008784 0.105649 -0.052683 -0.126859 -0.046373 0.099972 -0.001412 0.147146 -0.103681 -0.057930 0.021934 0.127660 -0.012300 0.051897 0.050853 0.055459 -0.041370
0.132144 0.050056 -0.149959 0.085173 -0.011783 0.022178 0.044282 0.013075 0.139460 -0.007482 -0.052553 0.143835 -0.089914 0.001204 0.102137 0.030014 -0.168798 -0.177674 -0.018883 -0.058826
0.264188 -0.138025 -0.138607 2.404714 -0.043766 0.037212 0.869416 -0.092118 -0.160754 0.081250 -0.089435 0.629079 0.301330 -0.039359 0.194843 -0.100201 0.062528 0.200171 0.397687 -0.055839
-0.074643 0.110122 0.076726 0.188433 -0.129061 0.151119 0.015374 -0.006781 0.112017 0.054798 -0.158270 0.054589 0.157198 0.111449 -0.060868 -0.118593 0.038013 0.094276 0.025808 -0.052279
-0.077685 0.888725 -0.106483 1.489216 -0.231756 -0.369784 1.104457 -0.122113 -0.002635 -0.275495 -0.099130 0.735879 1.788194 -0.160762 1.624494 0.127733 2.578008 -0.162471 3.490024 0.250492
0.125280 -0.311463 0.154147 1.615494 0.131025 0.184778 1.052162 0.132057 -0.101945 -0.042436 -0.173148 1.369642 1.154922 -0.163756 0.057780 0.083949 0.220320 0.533597 1.283587 -0.377770
-0.124823 0.079887 -0.118263 0.057044 0.044706 -0.092504 -0.090695 0.084886 -0.027683 -0.139494 0.141206 -0.118627 0.112783 -0.050716 -0.148241 -0.095854 -0.148892 -0.058350 -0.163404 -0.083208
0.089238 -0.044172 0.148405 0.042076 0.165605 0.137267 -0.126797 0.070279 -0.041151 0.171741 -0.144679 -0.111640 0.124679 -0.176588 -0.071831 -0.125260 -0.103690 0.083769 0.063613 -0.135084
-0.409816 0.137765 -0.078694 0.453300 0.061428 0.219709 1.768359 -0.149884 -0.145493 -0.069631 0.058324 0.946114 -0.044473 0.104464 0.367055 -0.129139 -0.186302 1.216680 1.900040 0.962614
0.194568 -0.499266 -0.006437 1.907075 -0.046459 -0.129288 1.312022 -0.023219 0.025961 -0.052704 -0.114803 -0.498747 0.047126 0.264124 -0.056456 -0.102160 -0.176542 2.042209 0.719003 0.316361
-0.168257 0.067067 -0.070482 -0.163015 -0.095207 -0.045684 0.082453 0.097269 0.052112 0.097449 -0.024290 -0.148102 -0.165997 -0.096660 0.098337 0.082634 0.007555 0.138156 0.168645 0.041644
-0.375106 0.141402 0.006478 0.381160 -0.175944 -0.119700 0.430730 0.074702 -0.035009 -0.225826 -0.090353 0.075457 -0.172903 0.017531 -0.326616 -0.039547 -0.354740 -0.937885 -0.817005 0.643019
-0.197055 0.131987 -0.057325 0.063137 0.120662 -0.057041 0.025042 -0.200725 -0.141534 -0.036532 -0.100903 0.053273 0.123483 -0.001998 -0.052635 -0.038116 0.049410 -0.072403 -0.145145 -0.017468
-0.124549 0.082741 -0.010994 0.213431 -0.097791 0.159691 -0.078058 -0.067848 -0.101942 0.108967 -0.174648 -0.082377 -0.038613 0.171723 0.213020 -0.005269 0.116369 0.305994 -0.204786 -0.067666
0.389302 0.574263 0.040457 1.996301 0.107611 0.086416 1.121689 -0.054349 0.133569 0.181258 -0.177534 0.848678 -0.162920 0.606885 0.027467 0.136145 0.033474 0.621826 1.357259 0.064911
0.133661 0.735416 0.051002 3.897196 -0.167400 0.056791 -0.478259 0.085745 -0.044725 -0.194119 -0.166546 1.067921 -0.105186 0.761703 0.027496 -0.004697 -0.002629 -1.979609 2.650201 0.801658
-0.544497 1.230588 0.058165 3.901643 -0.075166 -0.169926 2.823160 0.058351 -0.061352 0.001067 -0.047693 -0.747342 -0.309709 1.779353 -0.792760 0.006676 -0.197377 0.201785 3.034158 0.826137
-0.082383 0.118028 0.143699 -0.126412 -0.184296 -0.126940 -0.093219 -0.236143 0.011240 -0.008234 -0.051902 -0.116796 -0.004231 -0.003516 -0.010548 0.127650 -0.154962 0.071316 0.162318 0.091589
0.143391 0.079807 -0.078856 0.051672 0.004465 0.033438 -0.117866 0.113091 -0.175639 -0.029053 -0.011499 0.047114 0.217861 0.121963 0.119976 0.066505 -0.006121 0.159559 -0.111799 -0.105896
0.362617 0.295129 -0.038110 0.873515 -0.004767 -0.036526 0.563091 -0.130676 -0.082731 -0.085470 -0.097826 -0.697612 0.570254 -0.111048 0.127880 0.113988 0.054221 0.150359 0.518594 -0.155685
0.164573 0.727633 0.133799 0.294764 0.056808 0.154032 1.439324 0.135777 -0.097924 -0.095380 -0.076733 1.699253 2.472310 -0.138059 1.897982 -0.007356 2.645933 0.820070 3.326543 0.972656
0.109583 0.706435 -0.146544 3.429804 -0.123093 -0.081265 1.982659 -0.171494 -0.000901 0.052200 0.054517 5.261272 -0.118757 2.181291 0.070397 0.090760 0.020797 1.648044 2.256511 0.583433
-0.053074 0.048953 -0.117273 0.341084 0.043963 -0.112380 -0.084047 -0.165357 -0.082751 0.100054 -0.106726 0.287438 0.037496 -0.162155 0.063104 0.053166 0.100125 0.086093 0.295285 0.496121
-0.108259 1.134988 -0.203133 1.879958 0.141170 0.028858 1.518775 -0.090142 0.143204 0.009467 -0.084887 -1.035257 -0.130740 1.515313 0.030294 -0.168784 -0.017758 2.057478 0.111139 -0.528718
-0.151910 0.092274 0.049515 0.153470 -0.117627 -0.033068 -0.012818 0.003116 0.057092 0.021611 -0.160585 0.172634 -0.075001 -0.039495 -0.090950 -0.132356 0.015227 0.178801 0.048583 0.174276
0.048307 0.017946 0.095596 0.132312 0.060205 -0.122891 -0.067148 0.035737 -0.126667 0.050293 0.090428 -0.034043 -0.041878 -0.112180 0.015900 0.170875 -0.129423 0.092321 0.031724 -0.091706
-0.106310 -0.073063 -0.063350 1.735130 -0.131464 0.305340 0.980116 0.105950 -0.207100 0.007572 0.006043 0.786669 -0.014800 0.486285 -0.186017 0.169577 0.066660 0.412781 0.742830 1.216168
-0.042034 0.010214 -0.088018 0.096131 -0.084322 0.079628 -0.094573 -0.046940 0.020716 0.137114 0.145529 -0.105575 0.095591 0.025667 -0.123328 0.017748 -0.053402 -0.032959 0.056115 -0.112528
-0.148618 -0.027289 -0.194146 -0.031374 -0.113460 -0.181229 0.024498 -0.158281 -0.086400 -0.142181 0.090001 0.044513 -0.131495 0.196554 0.087699 0.168647 -0.082838 0.020441 -0.079176 0.060518
0.441190 -0.331357 0.082717 0.199136 -0.014490 -0.040380 -0.199570 -0.119697 -0.110974 -0.125027 0.038761 0.113657 0.819940 0.158121 -0.047254 -0.102560 0.052350 1.031346 0.489503 0.686793
0.090122 -0.088291 0.003051 0.123492 -0.173666 -0.102494 -0.071042 -0.164237 -0.169281 0.113457 0.016581 -0.017406 0.185931 -0.052279 0.025579 -0.056402 -0.027463 0.157931 0.024245 -0.039564
-0.020841 0.164071 -0.145978 0.195043 -0.028276 -0.182092 0.110614 0.191750 -0.008771 0.017263 -0.109853 0.066902 -0.188463 -0.027616 -0.276560 -0.099295 -0.041192 0.074534 0.042087 0.018021
0.137096 0.105517 0.022775 0.001600 -0.057392 0.579738 0.848550 -0.096399 0.130186 0.070609 -0.132417 -0.984150 0.354023 0.363049 -0.143021 -0.049594 -0.043331 0.593334 -0.715741 0.106652
-0.030831 -0.033641 0.163545 -0.097038 -0.038017 0.095782 0.078913 0.040521 -0.009541 0.138664 -0.072273 -0.166818 0.133302 0.058590 0.072478 -0.081477 0.170937 -0.138138 -0.172613 0.148907
0.232500 0.715881 -0.147968 2.447174 -0.102821 0.034325 0.481466 0.140540 0.076390 0.313876 -0.071972 0.459127 0.149387 0.380295 -0.008465 -0.050434 0.147029 -3.082530 0.239032 -0.209147
-0.300244 -1.107309 0.070657 5.056015 -0.052300 -0.167424 3.976403 -0.063889 0.018987 0.013812 -0.083503 0.309588 -0.406788 1.332338 -0.535518 0.083655 -0.277173 1.623396 1.773877 0.596230
0.028064 0.097096 -0.108505 -0.060341 0.002404 -0.087949 0.101160 0.077000 -0.166488 0.133017 -0.079294 -0.039316 -0.050934 -0.084012 0.157838 0.059432 -0.120514 -0.183232 0.127564 -0.136074
0.431415 -0.065840 -0.145749 1.301432 -0.063711 0.133061 0.237827 -0.108173 -0.155514 0.082558 -0.167984 0.050394 0.652859 -0.055467 0.051281 -0.152332 -0.169681 0.833812 0.792513 1.454298
0.124236 -0.029090 0.023955 -0.152173 0.123687 -0.085875 -0.105341 0.151069 -0.092532 0.241181 0.060457 -0.183041 0.116589 0.096220 0.059290 -0.140193 -0.029775 0.065129 -0.103339 -0.020034
0.055901 -0.078374 -0.049859 0.120821 0.108148 -0.108076 0.112615 -0.117240 0.078141 -0.177927 0.007114 0.286470 0.027172 -0.054576 -0.098153 -0.083840 -0.111962 -0.138759 0.158312 0.001918
-0.070358 -0.097343 -0.021586 -0.111472 -0.156778 -0.102667 0.135442 0.018615 0.172837 -0.085583 -0.059790 0.081025 -0.161104 -0.096558 -0.049815 -0.122745 -0.126344 -0.127963 0.040874 -0.163262
0.146240 0.119317 0.172944 0.078229 0.139467 -0.208906 -0.036358 -0.048630 -0.060157 -0.194353 -0.156825 0.174020 -0.068662 -0.228085 -0.013238 0.030278 0.054700 -0.089891 -0.147852 -0.031023
