-3.363406
0.000404
-0.018619
-0.002387
-0.000032
-0.004270
-0.000187
-0.044775
-0.004725
-2.326578
-0.025403
-0.005410
0.004174
-0.001076
0.013767
-0.029782
0.027590
0.017530
0.002580
0.331825
0.013725
0.021295
-2.724374
0.009261
-0.025421
-0.003214
3.073197
0.003583
0.005865
-0.025625
-0.000053
-0.011125
0.017034
-0.042855
0.010871
-0.008657
0.018987
0.019080
0.000251
-2.161057
0.003186
7.071455
4.614181
0.010524
4.923498
-3.059589
6.289393
4.310563
-0.024540
3.931789
3.747112
0.007440
0.000006
-1.914039
0.008310
-0.001612
-0.002550
-0.004044
0.001628
0.017104
-1.390291
-1.572970
-0.005574
