0.014919
0.944523
-0.023893
-0.004694
-0.006466
0.760521
-0.010154
-0.001057
-0.011957
-0.007440
-0.000790
-0.000901
-0.010810
-0.001842
0.094492
-0.000968
-0.000604
-0.011002
-0.007953
-0.001829
-0.001410
-0.000886
-0.004972
-0.010651
-0.010132
-0.002782
-0.001421
-0.003745
-0.001211
-0.006288
-0.002992
-0.000279
-0.001349
-0.001971
-0.000744
0.265295
-0.380136
-0.014018
-0.011085
-0.001023
-0.001097
-0.000912
-0.007202
-0.010785
-0.002969
-0.001673
-0.001727
-0.016667
-0.013941
0.052008
-0.013270
-0.007501
-0.005382
-0.738928
-0.001993
0.005395
-1.742518
-0.000109
-1.530520
0.003170
-0.022679
-0.001712
0.470675
0.810290
0.000754
-0.001060
-0.374065
-0.001913
0.802566
-0.014473
-0.010467
-0.004813
-0.006338
-0.056147
1.122219
0.342768
-0.002299
-0.019282
-0.593741
-0.003791
0.000412
-0.002432
-0.006999
-0.005568
-0.004466
-0.010404
0.352719
-0.000891
-0.007285
-0.002756
-0.002076
-0.003621
-0.000751
-0.001012
-0.010376
-1.064103
0.427896
1.400497
-0.002945
-0.000723
-0.005528
-0.001776
-0.002190
-0.052536
-0.001912
0.003033
-0.001540
