-0.003098
0.000986
-0.000124
-5.792706
0.014030
-0.014353
0.001292
-0.006564
-4.875388
-0.011249
-6.173381
0.010059
-7.160276
-7.995003
-5.493174
5.700538
0.000428
-0.013053
0.002073
5.720787
-0.001345
-6.926497
-0.006178
-7.299553
0.011638
0.012981
-8.519212
-6.263786
-0.000258
-5.450594
0.000871
-0.015618
-8.346807
-6.873525
6.083732
-0.021057
0.010763
-0.001533
5.689795
0.002113
0.024566
-0.001200
-0.000385
1.142150
0.017169
-7.701889
5.097175
-6.219127
0.002930
-0.007188
-6.321379
4.750796
0.004791
-7.986216
5.015751
0.004700
-5.888837
0.003890
-6.000061
-0.001288
0.003936
0.001199
6.002635
0.007355
7.959702
-7.237568
-0.002129
-5.624398
-0.008343
-5.487135
-6.469737
-8.063025
-0.002748
-7.195851
0.845962
-0.002718
-6.374123
0.010456
6.241519
0.002982
-5.036943
-5.456469
-0.024953
0.000023
0.809572
0.016268
-0.011081
5.198874
0.000670
-0.009720
