-0.062641 0.186154 0.042532 0.000345 -0.000145 0.114773 -0.255206 0.002431 -0.091842 0.156422 0.694066 0.000039 -0.000035 -0.000064 -0.060441 -0.000184 -0.050689 -0.077858 0.000052 -0.083391 0.035143 0.000008 -0.079556 -0.226767 -0.086438 0.000254 -0.014495 0.136397 0.000573 -0.006824 0.035237 -0.160030 -0.000042 0.202037 -0.110602 -0.000035 0.000098 -0.010924 -0.026685 0.000016 0.041485 0.018413 0.017077 -0.000001 0.000039
0.349852 -0.132340 -0.478596 -0.000303 0.000116 -0.223278 -0.081387 -0.081430 -0.349601 0.123494 -0.095133 -0.000038 -0.000038 0.000109 -0.110544 0.000003 -0.211763 -0.009108 0.000029 -0.202263 -0.026163 0.000008 0.233221 0.276664 0.206974 0.000101 0.157122 -0.055953 -0.000240 -0.018236 0.068950 0.013796 0.000066 -0.204909 -0.178508 -0.000202 0.000309 -0.067078 0.065403 -0.000028 0.241785 -0.210076 0.172035 -0.000019 -0.000057
-0.339876 0.201934 -0.232921 0.000051 0.000147 0.059702 -0.228410 0.315412 0.059696 0.324185 -0.264921 -0.000129 -0.000183 -0.000072 -0.239940 -0.000074 -0.176057 -0.208124 -0.000046 -0.163336 -0.085448 0.000010 -0.263221 0.047189 0.031362 -0.000023 -0.032801 -0.002802 0.000064 -0.199491 0.057155 -0.187273 0.000033 -0.161965 -0.273098 0.000132 0.000297 -0.271239 0.004203 0.000047 -0.142837 0.182956 0.129159 -0.000011 -0.000127
0.020920 0.183709 -0.199204 -0.000121 0.000029 -0.040413 -0.204235 0.364218 0.188747 -0.097448 0.036678 0.000014 -0.000106 0.000043 -0.033896 0.000198 -0.058735 -0.065209 0.000137 0.182761 0.047955 -0.000036 -0.102240 -0.249485 0.460444 -0.000112 0.019386 0.010236 -0.000245 -0.407626 0.014578 -0.010250 -0.000062 -0.102470 -0.125992 0.000296 -0.000126 -0.331801 -0.153926 0.000109 0.230064 0.097872 0.208854 -0.000084 -0.000103
0.350786 -0.090697 0.045164 0.000120 0.000085 0.212714 0.101155 0.359213 -0.069574 0.098607 -0.050169 0.000060 -0.000094 0.000061 -0.016156 -0.000085 0.041822 -0.046698 -0.000055 0.044213 0.204400 -0.000009 0.369248 -0.147820 -0.078756 -0.000076 0.182355 -0.185648 -0.000240 -0.126584 0.029577 0.066840 -0.000116 0.045409 0.044679 0.000430 -0.000029 -0.111671 -0.022349 0.000037 -0.014242 0.081827 0.054104 -0.000040 -0.000146
0.711734 0.004076 0.338620 -0.000039 0.000270 0.282118 0.083536 0.056551 -0.181387 0.196220 0.279854 -0.000016 0.000225 -0.000077 -0.001997 0.000119 0.078350 -0.012604 -0.000021 -0.044940 -0.086142 0.000031 0.013826 -0.100052 -0.255120 0.000099 -0.187140 0.173177 0.000076 0.286898 0.010630 0.021775 0.000032 -0.008160 0.047258 0.000203 -0.000000 -0.096065 -0.101039 -0.000017 -0.191001 0.028483 -0.079434 -0.000053 -0.000007
-0.046094 -0.165061 0.150624 0.000022 -0.000146 0.127569 0.004101 0.137150 0.058471 -0.090755 0.030421 0.000150 0.000095 -0.000183 -0.018391 0.000107 0.096486 0.158486 -0.000025 -0.080813 0.160621 -0.000013 -0.081442 0.131884 0.154343 -0.000164 -0.264999 0.240755 -0.000415 -0.315356 0.063862 -0.159157 -0.000060 -0.196886 -0.191702 0.000015 0.000193 -0.160089 -0.001094 -0.000060 -0.110296 0.026291 -0.232613 -0.000045 0.000063
-0.145015 0.279940 -0.333805 0.000201 0.000010 -0.094841 0.013450 0.030579 -0.052473 -0.036686 0.316886 0.000264 -0.000046 0.000143 -0.212439 0.000133 -0.005941 -0.125578 -0.000045 -0.152556 0.044851 -0.000005 0.262392 0.001099 0.020289 -0.000224 0.291189 -0.225841 -0.000420 0.054054 0.084315 -0.011027 0.000354 -0.293990 -0.127472 0.000087 0.000077 -0.278763 -0.102880 -0.000021 -0.268971 -0.313117 -0.161419 -0.000043 -0.000077
-0.243574 0.175997 -0.546668 -0.000139 -0.000051 -0.004843 0.261888 -0.083413 0.333956 -0.165203 0.171476 0.000054 0.000017 -0.000113 0.092618 -0.000153 0.007408 0.165293 -0.000006 -0.089984 -0.017768 0.000051 0.097616 -0.084880 0.089831 -0.000255 0.080898 -0.086600 -0.000067 0.303779 0.055399 -0.015977 -0.000060 -0.030853 -0.082471 -0.000053 -0.000037 0.072990 -0.050562 0.000060 -0.046369 0.132345 0.061075 -0.000053 0.000011
-0.244002 0.128013 -0.049893 0.000039 -0.000172 -0.092118 0.091328 -0.193332 -0.024670 -0.334585 0.095843 -0.000103 -0.000040 0.000196 0.505059 -0.000204 -0.262104 0.226877 0.000005 -0.012123 -0.078408 0.000016 0.436689 -0.097502 -0.244043 -0.000262 0.067880 -0.137600 0.000178 -0.330747 0.048737 0.245339 0.000104 0.228942 0.232423 -0.000049 0.000125 0.466095 0.110716 0.000025 -0.287365 0.166689 -0.226776 -0.000089 -0.000056
0.107555 0.001131 0.263464 -0.000270 0.000050 -0.411297 -0.008043 -0.143314 -0.319550 0.039614 -0.016298 0.000045 -0.000182 -0.000048 0.067707 -0.000045 0.028606 0.028017 0.000040 0.059807 0.217072 -0.000028 0.094868 0.541568 -0.165006 -0.000290 -0.110327 -0.237011 -0.000287 0.102284 0.009070 -0.115672 0.000198 0.033081 0.030784 -0.000085 0.000117 -0.006310 -0.123074 -0.000115 -0.218824 0.113716 0.002769 0.000044 -0.000297
0.316010 -0.009241 0.037275 0.000207 -0.000125 0.076165 0.083069 -0.160418 0.020052 0.281648 -0.195667 -0.000050 -0.000053 0.000150 0.003411 -0.000014 0.229199 -0.021396 0.000021 0.084887 0.163645 -0.000014 0.075946 0.043502 -0.207160 -0.000085 0.023244 0.376031 0.000101 -0.141250 0.048410 -0.013265 0.000104 0.029574 -0.111371 0.000166 0.000114 0.016514 -0.081598 0.000032 0.058577 0.568904 -0.180869 -0.000024 -0.000070
0.186179 0.114227 0.277089 0.000111 -0.000462 -0.151039 -0.021462 -0.001295 -0.243732 -0.205583 -0.172612 0.000098 -0.000051 -0.000058 0.120159 0.000026 0.006343 0.181053 -0.000016 0.090763 -0.098951 0.000057 -0.153143 0.326895 0.203041 0.000169 -0.232152 -0.046096 -0.000326 -0.159157 0.003402 -0.220585 0.000157 -0.041027 -0.245497 0.000311 -0.000031 0.099122 -0.122862 -0.000099 0.030396 -0.473188 -0.018090 -0.000026 -0.000151
0.260577 0.207378 -0.040256 -0.000263 -0.000091 -0.162668 -0.291250 -0.129552 0.003664 -0.009048 0.013282 0.000033 0.000009 -0.000098 -0.107784 0.000042 0.131269 0.060644 -0.000039 0.035165 -0.019589 -0.000019 -0.159023 0.116547 0.260039 0.000053 -0.040494 -0.393798 -0.000095 0.032851 0.001676 -0.037700 -0.000093 0.177752 0.036915 -0.000165 -0.000083 -0.015122 -0.030261 0.000054 0.259793 -0.158362 -0.182292 0.000008 0.000146
-0.027716 -0.031986 -0.088838 0.000238 0.000232 0.195805 -0.299593 0.021777 0.189658 -0.182052 -0.035334 -0.000315 -0.000045 0.000151 0.031225 0.000083 0.325167 -0.401809 0.000028 -0.155642 -0.237176 -0.000055 -0.340787 0.019744 0.205264 0.000113 -0.421805 -0.079054 -0.000226 -0.191212 0.073320 0.014092 0.000060 -0.051966 -0.276226 -0.000147 0.000124 -0.339687 -0.011069 -0.000095 -0.089687 -0.076903 -0.241759 -0.000003 -0.000128
0.193772 -0.069430 0.095448 -0.000262 -0.000191 -0.156704 0.054276 -0.096621 -0.072495 -0.308171 0.205280 -0.000041 -0.000035 0.000032 -0.418632 -0.000264 0.174671 -0.111703 -0.000000 0.016153 0.560470 -0.000018 0.233439 0.141670 0.186324 0.000195 0.037976 0.183005 -0.000068 0.234902 0.031381 0.059757 -0.000159 -0.077128 -0.334437 0.000190 0.000086 0.477538 -0.360919 0.000046 -0.066049 -0.181293 -0.059866 -0.000031 -0.000007
-0.195484 -0.271714 0.053290 0.000106 0.000155 -0.127824 -0.091289 0.141105 0.117008 -0.338123 -0.449646 -0.000113 -0.000034 0.000039 -0.233820 0.000063 0.108701 0.016613 0.000024 0.162445 0.027391 0.000004 0.021014 0.263984 0.161807 0.000009 -0.006560 -0.010377 -0.000032 -0.026750 0.085662 -0.004544 0.000041 -0.141404 -0.286525 -0.000017 -0.000112 0.153159 -0.310688 0.000197 -0.280406 -0.089187 0.089838 -0.000091 0.000050
0.178667 -0.240292 0.240133 0.000214 0.000016 -0.198111 -0.137933 -0.217664 -0.172312 -0.069572 -0.099079 0.000088 0.000038 -0.000073 -0.140455 0.000002 -0.428293 0.027567 -0.000162 -0.230669 -0.284620 -0.000044 -0.001759 -0.108550 -0.210149 -0.000059 0.152541 -0.362508 0.000171 -0.045181 0.065035 0.261106 0.000057 0.042746 0.074986 -0.000170 0.000040 -0.132114 0.037025 0.000225 -0.245234 -0.008350 0.203804 -0.000073 0.000097
-0.134155 0.460405 -0.177920 -0.000019 0.000142 -0.159965 0.041346 0.047926 -0.224324 0.018783 0.009869 0.000198 -0.000043 -0.000140 0.132252 0.000056 0.276036 0.038258 0.000018 -0.174068 -0.255098 0.000003 0.062372 -0.265394 -0.090623 -0.000060 -0.234339 -0.082329 -0.000035 -0.163114 0.054979 0.061435 0.000222 -0.179726 0.298290 -0.000161 0.000092 -0.107556 0.267963 -0.000140 0.002254 0.068829 0.082467 0.000011 0.000099
0.197940 -0.046073 -0.009445 -0.000027 -0.000246 -0.073208 0.090378 -0.032301 0.086673 0.304349 0.476106 0.000092 0.000091 -0.000037 0.008638 0.000047 0.010426 -0.222474 0.000018 0.103194 -0.041257 -0.000042 -0.155895 -0.043024 0.533588 0.000225 -0.185762 0.163017 -0.000189 0.134632 0.051571 0.225876 -0.000051 -0.208828 -0.120565 0.000012 0.000074 -0.227927 0.138177 -0.000157 0.031002 -0.134334 -0.288042 -0.000057 -0.000013
0.294457 -0.021348 0.233918 -0.000071 -0.000013 0.106029 -0.026285 -0.052061 0.128261 0.147777 -0.030778 0.000087 0.000160 0.000149 -0.286339 0.000059 0.015619 -0.081383 0.000026 0.158836 0.154260 -0.000076 -0.156414 -0.062740 -0.239116 0.000152 -0.071512 -0.073870 0.000143 -0.292939 0.060151 0.106720 0.000002 -0.117576 -0.160302 -0.000160 0.000309 -0.204766 -0.119895 0.000226 -0.177637 0.104234 -0.028063 -0.000039 0.000047
0.040125 -0.159165 0.044572 -0.000085 -0.000210 0.031023 -0.028755 -0.081918 -0.364871 -0.288208 0.342249 0.000023 -0.000134 0.000062 0.076387 -0.000100 0.178357 -0.182202 -0.000038 0.115790 0.143846 0.000074 -0.184094 -0.193204 -0.161679 -0.000067 0.433274 0.175880 0.000473 -0.162412 0.039090 0.026764 0.000274 -0.221928 0.138409 0.000137 -0.000145 -0.102233 -0.181776 0.000009 -0.503876 0.067219 0.228463 -0.000006 0.000125
0.106292 -0.368061 -0.036957 0.000074 -0.000175 0.179411 -0.101288 -0.162531 -0.185383 0.075525 -0.530594 0.000045 0.000006 -0.000046 0.115423 0.000198 0.300356 -0.228291 0.000046 0.047480 -0.348302 0.000000 -0.132196 0.217769 -0.106303 0.000162 0.369085 0.355935 -0.000119 -0.275104 0.093508 0.062338 0.000125 -0.034847 -0.089302 -0.000344 0.000012 0.317712 -0.262475 0.000159 0.027640 -0.160254 -0.426071 -0.000044 -0.000132
0.213121 0.227186 -0.160271 -0.000278 -0.000020 -0.111753 0.002041 0.133557 0.015151 -0.337151 -0.173661 0.000106 -0.000274 0.000099 -0.269900 -0.000003 -0.206850 -0.229136 -0.000042 -0.042741 -0.034533 -0.000060 -0.040234 -0.001803 0.092153 0.000083 0.378594 -0.112148 0.000129 0.000448 0.087758 -0.131594 -0.000087 -0.147578 -0.345021 -0.000005 0.000038 -0.145512 -0.141978 -0.000083 -0.073992 0.020018 0.225305 -0.000049 0.000130
-0.088286 0.063558 -0.040666 -0.000082 -0.000087 -0.061350 0.070069 0.082119 0.258446 0.020109 -0.012505 0.000094 0.000074 -0.000147 -0.094015 -0.000094 -0.231112 0.067480 -0.000005 0.059399 -0.182582 -0.000007 -0.224065 0.075899 0.032153 -0.000116 0.326992 -0.071548 -0.000201 -0.029722 0.078653 -0.148866 0.000210 0.055113 -0.179509 -0.000413 -0.000136 0.045440 -0.037605 -0.000018 0.008468 0.120129 -0.065252 0.000013 -0.000225
0.178375 0.094726 0.029379 0.000077 0.000173 -0.220931 -0.123683 -0.161865 0.053026 -0.225538 0.297237 0.000093 0.000145 0.000030 0.176650 0.000047 -0.073673 0.000450 0.000041 -0.039320 0.219970 -0.000061 0.114979 -0.084440 0.400617 -0.000105 -0.613550 0.261070 -0.000076 -0.251906 0.038847 -0.075284 0.000097 0.110053 -0.256179 0.000033 -0.000082 -0.168488 0.339405 -0.000111 0.096279 -0.246057 0.197846 -0.000034 0.000441
0.221787 -0.094548 0.091815 0.000018 0.000132 -0.129619 0.004928 0.010988 -0.024992 0.024031 0.016885 0.000241 -0.000175 0.000094 -0.017084 0.000008 0.017707 0.228927 -0.000029 -0.325902 0.027436 -0.000023 0.102938 -0.313097 0.001776 -0.000477 0.288079 -0.045993 -0.000279 0.184076 0.083077 0.036824 -0.000022 0.007308 -0.138687 -0.000168 0.000110 0.000484 -0.126242 0.000220 -0.037940 -0.075057 -0.178314 -0.000124 0.000031
-0.049233 -0.016514 0.403261 0.000201 -0.000069 -0.000504 0.131920 -0.098400 0.023939 0.229454 -0.158799 -0.000063 -0.000010 -0.000232 0.043170 -0.000033 0.070515 0.410590 0.000027 0.097751 -0.000404 0.000038 -0.456847 0.134453 0.129454 0.000344 0.214639 -0.195573 -0.000040 -0.180334 0.076576 0.034337 0.000053 -0.103903 -0.126336 0.000150 0.000064 -0.197253 -0.015989 0.000030 -0.047643 0.173595 -0.114088 0.000021 -0.000006
-0.099793 0.019790 0.402130 0.000024 0.000059 0.100703 0.018848 0.105740 -0.095614 0.166196 0.043218 0.000231 0.000031 0.000090 -0.000606 0.000038 -0.091121 0.140031 -0.000048 0.057623 -0.127122 -0.000039 0.118561 -0.031252 -0.101887 0.000031 0.203764 0.160579 -0.000148 -0.092918 0.090731 -0.003445 0.000064 0.031597 -0.101372 0.000093 -0.000186 -0.257702 -0.006626 -0.000124 0.306013 -0.199733 0.347891 -0.000010 -0.000011
-0.033283 -0.244975 -0.208363 0.000191 -0.000021 0.122015 -0.002352 -0.242062 0.138635 -0.120954 -0.180648 0.000111 -0.000052 -0.000042 0.025398 -0.000213 0.203524 0.013104 0.000067 -0.141043 0.209391 -0.000064 -0.170473 -0.041252 0.030722 0.000151 0.149554 -0.197137 0.000524 0.025469 0.049695 -0.135212 0.000062 0.158499 0.167750 -0.000007 0.000063 0.115056 0.094762 0.000056 -0.277917 -0.213695 -0.069592 -0.000034 0.000041
0.355379 -0.256318 -0.308006 0.000051 0.000033 0.401751 0.023573 0.036770 0.091971 -0.098759 -0.022462 0.000201 -0.000051 -0.000037 0.168373 0.000097 -0.355247 -0.328346 0.000028 -0.070437 0.003805 -0.000020 0.008015 0.091061 -0.104539 0.000219 0.226786 -0.055812 0.000273 0.244230 0.084098 0.150605 0.000054 0.039897 -0.008947 0.000080 -0.000187 -0.057913 0.148395 0.000167 -0.035669 -0.210145 0.113372 -0.000062 0.000095
0.376067 0.032084 -0.014479 0.000033 0.000173 -0.175785 0.266751 -0.114235 0.226143 -0.417059 -0.290592 0.000154 -0.000052 -0.000094 0.179239 -0.000259 -0.238794 -0.174849 -0.000000 0.051758 -0.031827 0.000072 0.467096 -0.034155 0.235065 -0.000396 0.012952 0.127311 -0.000082 0.222208 0.010532 0.151693 -0.000161 -0.070402 0.217302 0.000036 0.000018 -0.002865 0.007616 -0.000137 -0.017867 0.358170 -0.038828 -0.000014 -0.000050
-0.201266 0.194121 0.009119 0.000025 0.000002 0.003442 -0.034164 -0.052289 0.024054 -0.552444 0.233649 -0.000150 0.000154 -0.000011 0.021726 -0.000186 0.010340 -0.061635 0.000022 0.052808 0.049496 0.000061 -0.313012 -0.226375 -0.239341 0.000026 0.057474 -0.170993 -0.000039 -0.190291 0.039421 0.115544 0.000029 -0.244246 -0.117524 -0.000311 0.000104 -0.002267 -0.033182 -0.000212 -0.232630 0.267020 0.139214 -0.000045 0.000049
-0.296712 0.242814 -0.114365 0.000176 0.000004 0.302306 0.294444 -0.126118 0.142612 -0.220978 -0.254257 0.000131 -0.000070 0.000019 0.146247 0.000126 -0.130786 0.062627 -0.000005 -0.023056 0.012599 0.000004 0.150261 0.379410 0.102737 -0.000187 -0.005420 0.065311 -0.000122 0.016455 0.025922 -0.025446 -0.000057 0.237200 0.001172 0.000122 -0.000060 -0.058412 0.144005 0.000107 -0.006372 -0.133078 0.048468 -0.000032 0.000147
0.305003 0.014640 0.139055 -0.000206 -0.000006 0.067308 0.022672 0.031219 -0.227131 0.002939 0.105336 0.000181 -0.000155 0.000028 0.007370 0.000037 0.195973 -0.137854 0.000092 0.187814 -0.044401 -0.000002 0.150119 -0.207289 0.150856 -0.000049 0.004043 -0.098707 0.000189 0.023509 0.047757 -0.106278 0.000033 0.110944 0.216048 0.000105 0.000096 -0.271329 0.304761 0.000393 0.025239 -0.105369 -0.017380 -0.000080 0.000003
0.213657 0.299161 0.237555 -0.000184 0.000145 0.022092 0.264894 -0.008336 -0.202615 -0.009237 0.023710 0.000225 0.000044 0.000040 -0.160761 0.000167 0.377821 -0.181968 0.000015 0.105333 0.036066 0.000009 0.080545 -0.431113 -0.095345 -0.000185 -0.036825 0.077038 -0.000113 0.047209 0.061936 0.027790 -0.000047 0.037487 -0.108657 0.000199 -0.000057 -0.131445 0.440053 0.000029 -0.013840 -0.338074 -0.087792 -0.000004 -0.000155
0.225665 0.133759 -0.016280 0.000067 -0.000100 0.082039 0.229256 0.071723 0.020038 0.001152 -0.015961 -0.000060 -0.000074 -0.000014 0.017507 0.000006 0.188937 -0.138626 -0.000043 -0.000061 -0.070523 -0.000080 -0.525400 0.471528 -0.019248 0.000035 -0.013107 0.163070 -0.000151 0.166841 0.041824 0.186783 0.000032 -0.169306 0.131945 0.000116 0.000064 -0.010870 0.379966 0.000064 -0.122312 -0.107327 -0.082761 -0.000015 -0.000109
0.117128 0.063753 -0.142615 -0.000002 -0.000136 0.230474 0.317398 -0.367367 0.088347 0.309704 -0.214883 -0.000122 -0.000080 0.000038 -0.030906 -0.000043 -0.065397 0.014235 0.000071 -0.139390 0.062726 0.000053 -0.393425 0.366552 0.020272 0.000244 -0.225560 0.459076 0.000119 -0.002391 0.018066 0.078160 0.000112 -0.104859 0.010456 0.000110 -0.000037 0.063166 0.119412 -0.000039 -0.073439 -0.124967 0.168498 -0.000105 -0.000008
-0.256146 0.224015 0.380437 -0.000047 -0.000098 0.043506 0.167541 -0.001928 -0.059552 0.097180 0.136965 -0.000318 0.000049 -0.000013 -0.069633 -0.000004 0.218034 -0.033585 -0.000014 -0.152204 0.044172 0.000102 0.140614 -0.009610 -0.092438 -0.000123 -0.153575 -0.091608 -0.000177 0.007864 0.032383 0.001796 0.000106 0.029046 0.218663 0.000256 -0.000130 -0.135159 0.235672 -0.000244 0.055337 -0.109467 -0.012627 -0.000003 0.000149
0.114702 0.231949 -0.201994 -0.000340 0.000016 0.011637 -0.006706 -0.024449 0.275949 -0.170610 -0.145167 -0.000089 0.000052 -0.000100 -0.060627 0.000207 -0.165642 0.058049 -0.000089 0.097646 0.060397 0.000053 0.195918 0.113370 0.409368 -0.000115 0.108831 -0.033406 0.000504 -0.041993 0.022892 0.041929 -0.000054 0.456758 0.189992 0.000094 0.000118 -0.049665 -0.301157 -0.000021 0.223931 0.098268 0.270477 0.000007 -0.000237
-0.268404 0.327654 -0.123451 0.000057 -0.000083 -0.015658 -0.043775 -0.025420 0.058121 -0.012285 0.103612 -0.000149 0.000015 0.000049 -0.032478 -0.000159 -0.408753 0.087723 -0.000031 0.037156 0.112544 -0.000011 0.216336 -0.015068 0.056782 -0.000171 0.445494 0.100395 -0.000122 -0.300013 0.005257 0.040594 -0.000064 0.110338 0.273119 0.000047 0.000050 0.099514 0.341966 0.000096 0.363410 0.047714 0.303488 0.000010 -0.000096
0.173083 0.180490 -0.046883 0.000039 0.000153 -0.045815 0.047356 -0.098152 0.121076 -0.006733 0.051875 0.000073 0.000031 -0.000086 -0.167698 0.000158 -0.022591 0.159942 -0.000034 -0.116383 0.067499 -0.000051 -0.132398 -0.129714 -0.092568 -0.000229 0.098831 -0.304073 0.000076 0.191480 0.030803 0.007069 -0.000029 -0.105711 0.112977 0.000033 -0.000029 -0.006227 -0.253667 -0.000007 0.269842 0.100725 0.301505 -0.000003 -0.000068
-0.011468 0.083650 0.211093 -0.000431 0.000136 0.083434 0.216192 0.013195 -0.127076 0.092260 -0.021312 0.000062 0.000025 0.000295 0.270368 -0.000092 0.116926 -0.035781 -0.000019 -0.364484 0.134383 -0.000042 -0.303140 0.030061 0.079134 0.000052 0.002830 -0.397375 0.000056 -0.127070 0.060587 -0.135481 -0.000094 0.180042 0.001066 0.000081 0.000242 0.101106 -0.124215 0.000036 0.166584 0.055974 0.028947 0.000010 -0.000011
0.017565 -0.068147 -0.315269 -0.000294 -0.000179 0.077661 0.091581 -0.067862 -0.259250 0.020472 -0.050946 0.000157 0.000060 0.000078 -0.024156 -0.000149 -0.022322 0.120825 0.000015 -0.203209 0.249057 0.000027 -0.172792 0.435236 0.374707 -0.000055 0.072726 0.164200 0.000035 0.023492 0.058546 -0.005407 -0.000050 -0.268353 -0.074922 -0.000146 0.000061 -0.625948 0.122827 -0.000130 -0.204481 0.067794 0.391630 -0.000013 0.000080
0.029156 -0.307167 0.005005 0.000203 -0.000027 -0.015677 -0.240911 0.037871 -0.142227 0.141430 -0.042463 0.000272 0.000006 0.000187 0.227153 -0.000084 -0.085172 -0.006194 0.000019 -0.185324 -0.108254 -0.000024 -0.094775 -0.199736 0.066571 0.000167 -0.151655 0.251749 -0.000341 -0.073171 0.071254 0.056414 0.000083 0.097630 0.016528 0.000309 -0.000060 0.062324 0.255606 -0.000118 -0.046788 -0.059137 0.187405 0.000018 0.000218
0.027570 0.393648 -0.103584 0.000117 0.000066 0.350933 0.128836 0.005842 0.188331 -0.113950 -0.235452 -0.000007 -0.000271 0.000016 0.275977 0.000124 -0.209443 -0.145537 -0.000033 -0.023585 -0.127295 0.000032 -0.033866 0.240033 0.188803 -0.000033 -0.281049 -0.033393 -0.000424 0.286402 0.078634 0.004542 -0.000208 0.281458 0.262541 -0.000069 -0.000172 -0.109053 0.033372 0.000085 -0.568685 0.127324 0.001576 -0.000024 -0.000049
0.387492 -0.349452 0.155019 -0.000017 0.000006 0.038399 -0.068310 0.102527 0.331644 -0.163638 -0.138997 -0.000153 -0.000008 0.000002 -0.202795 -0.000029 -0.215849 -0.137395 0.000027 -0.032462 -0.193372 -0.000002 -0.018476 0.056049 0.239595 -0.000338 0.002099 -0.157858 0.000079 0.306692 0.082441 -0.085612 0.000148 0.026448 0.280635 0.000099 -0.000024 -0.057733 0.197666 -0.000148 0.018262 0.224167 0.063783 -0.000074 -0.000052
-0.054189 -0.144205 0.168691 -0.000019 -0.000190 -0.133747 0.022971 0.101101 0.246247 -0.162403 0.009075 0.000005 -0.000168 -0.000020 0.206730 -0.000376 -0.352320 0.196325 -0.000041 0.055720 -0.537856 0.000029 0.073361 -0.047125 0.133411 -0.000018 -0.350892 0.063071 -0.000366 0.004696 0.067999 0.004787 0.000118 -0.144331 -0.060272 0.000057 -0.000076 -0.375896 0.196943 -0.000020 -0.083797 0.151929 0.212025 -0.000056 0.000182
-0.426344 0.217427 -0.104482 0.000144 0.000129 0.153516 -0.386898 -0.057500 0.061261 -0.388691 0.033242 0.000129 0.000118 -0.000174 0.009338 -0.000074 0.047157 0.154831 0.000016 0.214965 -0.124479 -0.000104 0.080771 0.137536 0.169530 -0.000088 0.082656 0.294709 -0.000333 0.182393 -0.000693 -0.097879 0.000076 -0.171402 0.047407 0.000089 0.000022 -0.138178 0.086474 -0.000061 -0.252673 0.110227 0.135945 -0.000070 0.000069
0.065698 0.012965 -0.256672 -0.000278 0.000087 0.348975 -0.034017 -0.196821 -0.133312 0.071308 0.081637 0.000062 -0.000041 0.000081 -0.275369 0.000031 -0.017904 -0.034949 -0.000009 0.050919 -0.468828 0.000032 0.361568 0.175265 0.300310 0.000107 0.109400 0.311749 0.000066 0.247463 0.012070 0.190947 0.000346 0.305772 0.236714 -0.000070 -0.000197 -0.202763 0.094538 -0.000430 0.117423 0.043425 0.162640 -0.000047 0.000017
-0.155365 -0.075329 -0.456339 0.000061 -0.000057 0.140338 0.171875 -0.073288 0.015547 -0.002634 0.158848 0.000046 0.000107 -0.000058 -0.072268 0.000066 -0.063182 0.086163 -0.000050 -0.158321 0.027781 -0.000007 0.019669 -0.072571 0.439022 0.000156 -0.164407 -0.003065 -0.000532 0.028024 0.062618 0.088809 0.000033 0.105046 -0.322761 0.000110 -0.000041 0.396497 -0.008509 -0.000295 0.107591 0.356085 -0.037618 -0.000035 -0.000263
-0.015065 -0.495492 0.299804 0.000163 -0.000116 -0.170577 0.000573 0.040299 0.212507 0.057524 0.110147 0.000179 0.000114 0.000011 -0.012700 0.000071 -0.006691 0.014913 -0.000001 -0.070066 -0.069202 -0.000016 -0.081719 0.152491 0.168862 0.000036 0.037993 0.305410 -0.000417 -0.053896 0.071603 -0.058499 -0.000039 0.242689 -0.263456 0.000052 -0.000008 0.119666 0.305365 -0.000138 -0.161040 0.141469 -0.259446 -0.000019 0.000197
-0.053183 0.156665 -0.676180 0.000242 0.000010 0.172016 -0.151153 0.023651 0.035408 0.091832 0.115240 -0.000138 0.000016 0.000066 0.277127 -0.000244 -0.222233 0.282983 -0.000020 0.014734 0.130515 -0.000020 -0.212861 -0.092674 -0.090682 0.000184 -0.078998 -0.084181 0.000104 -0.147136 0.090545 -0.152747 -0.000047 0.142765 0.002220 0.000125 0.000076 0.129267 0.161496 -0.000020 -0.166241 0.071356 0.214801 -0.000012 0.000013
-0.047039 -0.066011 -0.202149 -0.000178 -0.000143 0.171229 -0.110408 0.173207 -0.324133 0.063615 0.053369 0.000223 -0.000099 -0.000016 0.300460 -0.000043 -0.009044 0.315821 -0.000120 -0.047682 -0.152611 -0.000023 0.140762 0.198254 -0.185349 0.000105 -0.183788 -0.560731 0.000236 0.029374 0.091164 0.011557 -0.000093 -0.042666 -0.047860 -0.000033 0.000052 -0.026748 0.210737 0.000159 0.114846 0.393614 -0.173803 -0.000068 0.000226
0.167360 -0.031227 -0.050446 -0.000048 0.000130 -0.084286 0.010639 0.170548 0.260242 0.011968 -0.259290 0.000164 -0.000217 0.000021 0.026404 -0.000179 0.263686 -0.021330 0.000018 0.014745 -0.033158 0.000106 0.023533 0.163089 -0.179419 0.000035 -0.103827 -0.384900 -0.000007 -0.109810 0.039939 0.029167 0.000092 0.094797 0.009605 -0.000097 0.000069 -0.103139 -0.247147 -0.000003 -0.174279 -0.069003 0.203735 -0.000058 0.000016
-0.268455 0.275801 -0.294381 -0.000294 -0.000150 0.321490 -0.102448 0.032255 0.085193 0.055229 0.311107 0.000119 -0.000059 0.000150 -0.408503 0.000109 -0.203432 -0.143824 -0.000031 0.041238 -0.289241 0.000052 -0.019967 0.175304 -0.002244 -0.000135 -0.361954 -0.098315 -0.000058 -0.176676 0.048117 0.113106 -0.000387 -0.313918 -0.055998 0.000001 -0.000256 -0.001380 -0.140283 -0.000026 0.107448 -0.243322 0.224382 -0.000019 0.000020
-0.103374 0.072027 -0.165246 -0.000341 -0.000164 0.046212 -0.153545 0.065550 0.124777 -0.111521 -0.054623 -0.000014 -0.000040 0.000046 0.004827 -0.000145 -0.003458 -0.261704 -0.000004 0.070554 0.257266 -0.000027 -0.029237 -0.030348 0.095480 -0.000164 0.186914 -0.449215 -0.000207 0.232187 0.059710 -0.108547 -0.000036 -0.133237 0.006520 -0.000015 -0.000078 -0.158624 -0.399552 -0.000110 -0.407874 0.469408 0.072672 -0.000036 0.000015
-0.237994 -0.069420 -0.002193 -0.000006 -0.000084 -0.195222 0.175216 0.103031 0.042780 0.245723 0.190110 -0.000002 0.000039 0.000131 -0.002974 -0.000205 -0.002315 -0.165993 0.000037 0.062188 0.150433 0.000048 0.191125 -0.004979 0.232407 -0.000686 -0.124815 -0.297218 -0.000100 0.218005 0.105942 0.011414 -0.000043 -0.139791 0.036431 0.000040 0.000103 -0.127992 0.145203 0.000046 0.043423 -0.092543 0.116079 0.000006 -0.000062
0.041637 -0.072767 0.328482 0.000001 -0.000032 0.026675 0.214063 -0.170784 -0.380321 -0.365514 0.110170 -0.000121 -0.000021 0.000292 0.001089 -0.000103 -0.036110 0.002173 -0.000055 -0.050719 -0.106579 0.000031 0.008156 -0.263700 0.107311 0.000000 -0.086523 -0.107794 -0.000355 0.171371 0.056923 -0.196865 -0.000074 0.171792 -0.153618 -0.000323 0.000143 0.253944 0.024761 0.000088 -0.142067 -0.037300 0.251384 -0.000061 0.000030
-0.202613 0.210554 0.319921 -0.000132 -0.000004 -0.182488 0.126738 0.026397 -0.011330 -0.112696 -0.147804 -0.000050 -0.000072 0.000057 0.132214 -0.000058 -0.071147 0.104171 0.000021 0.119732 -0.008966 0.000057 0.053217 0.148599 0.140269 -0.000016 -0.163044 0.113908 -0.000355 0.013757 0.099035 -0.026107 -0.000079 -0.002612 -0.010742 -0.000212 -0.000169 0.559951 0.260095 0.000044 -0.067053 -0.122654 -0.093799 -0.000070 0.000003
0.262948 -0.340500 0.109561 0.000009 -0.000057 -0.127504 -0.152573 -0.175484 -0.152746 0.230061 -0.084122 -0.000179 -0.000098 0.000329 0.016813 -0.000073 -0.212311 0.265282 -0.000021 -0.117902 0.097426 0.000001 -0.343072 0.082188 -0.199682 0.000042 0.187247 -0.077133 -0.000027 -0.410188 0.056020 0.080646 0.000068 -0.003033 -0.187070 0.000157 -0.000003 0.133257 -0.051837 -0.000163 0.251443 -0.055075 0.357146 0.000015 0.000179
0.006300 -0.038623 -0.203522 0.000084 0.000314 -0.019023 -0.092663 0.031408 -0.313760 0.197197 -0.096602 -0.000012 -0.000034 0.000034 0.316991 -0.000069 0.083069 -0.290164 -0.000041 0.076151 0.004535 -0.000002 0.120476 -0.077268 0.001185 0.000107 -0.070950 0.342116 -0.000103 0.007174 0.075267 0.191695 0.000042 0.069757 -0.235294 0.000181 0.000091 0.157361 -0.027107 -0.000118 -0.193024 0.290035 0.203543 -0.000060 0.000171
0.417068 -0.476864 -0.246744 -0.000088 0.000054 -0.092324 -0.116156 -0.014439 0.009534 -0.097097 -0.677298 -0.000130 0.000082 -0.000008 -0.073253 0.000226 0.205992 0.321728 0.000021 0.106913 -0.012212 0.000054 -0.027689 0.451284 -0.246178 0.000089 0.050224 -0.031546 0.000102 -0.229483 0.029452 0.110195 -0.000010 -0.061987 0.005999 -0.000046 -0.000037 0.316502 -0.031792 -0.000111 -0.078174 0.001652 -0.039307 -0.000051 -0.000011
0.008710 0.183024 -0.549814 -0.000008 -0.000122 -0.010916 -0.109901 -0.368684 0.109571 0.020115 0.076888 0.000030 0.000363 -0.000080 0.323898 0.000280 0.017900 -0.027908 -0.000078 -0.131784 0.146745 0.000021 0.011560 -0.017284 -0.098776 -0.000120 -0.062663 -0.001914 -0.000333 0.064974 0.062146 0.325433 0.000267 0.154509 0.094209 -0.000252 -0.000135 -0.124443 0.216635 0.000067 -0.287228 0.089095 -0.121148 -0.000001 -0.000019
-0.312529 0.185224 0.193786 0.000198 -0.000188 -0.039470 -0.252703 0.032368 -0.001963 -0.079244 -0.009293 -0.000028 0.000183 -0.000173 0.237504 -0.000175 0.220473 -0.176314 -0.000008 0.097150 -0.071869 0.000006 -0.228375 0.117290 -0.194350 0.000149 0.134922 0.001559 0.000142 -0.018726 0.045829 0.259802 0.000090 0.159710 -0.087807 0.000365 0.000148 0.173791 -0.086590 -0.000103 0.233889 -0.129280 0.095343 -0.000088 -0.000026
0.124381 0.037252 0.184788 0.000159 -0.000312 -0.133258 -0.348056 -0.007816 0.051558 -0.171030 0.182204 -0.000061 -0.000062 0.000056 -0.325961 0.000010 -0.275700 -0.055479 0.000027 -0.179256 -0.126009 0.000060 -0.260271 -0.011921 -0.054381 0.000281 0.403605 -0.169694 0.000127 0.194783 0.075983 0.198195 -0.000027 0.008729 -0.030317 -0.000036 -0.000059 -0.203494 0.465142 0.000174 0.013306 -0.346343 0.103270 -0.000017 -0.000035
-0.046420 -0.204839 0.056855 -0.000220 0.000195 -0.128909 -0.407729 -0.036091 -0.020763 0.155526 -0.035414 0.000010 -0.000038 0.000089 -0.006206 -0.000081 -0.016451 -0.092426 -0.000058 0.020599 0.116009 -0.000014 0.124036 -0.389150 0.002283 0.000019 0.028432 -0.002643 0.000032 -0.201791 0.004253 0.132369 -0.000028 -0.011854 -0.280816 -0.000114 -0.000141 0.108711 -0.110118 0.000048 -0.034887 0.030009 -0.000945 -0.000052 -0.000075
-0.079699 -0.145527 -0.196839 -0.000208 -0.000112 0.090578 0.008238 -0.165629 0.216012 -0.006889 -0.022353 0.000135 0.000004 -0.000150 0.004865 -0.000097 -0.202039 0.076349 -0.000034 -0.022135 -0.220058 0.000001 0.093072 -0.005751 0.251156 0.000023 -0.075634 -0.121514 -0.000180 -0.071620 0.041853 0.215810 -0.000093 0.138056 0.012720 -0.000201 0.000149 0.078494 0.223463 -0.000190 -0.022627 0.051939 -0.311630 -0.000066 0.000028
0.316146 -0.310148 0.196170 0.000008 -0.000025 0.137036 0.087819 -0.088717 0.093007 -0.091490 -0.118745 -0.000129 0.000079 -0.000296 0.195037 0.000107 0.406199 0.006251 -0.000034 0.116668 0.028166 0.000028 0.227831 0.002782 0.214816 -0.000095 -0.287515 -0.014624 0.000212 0.061283 -0.003035 0.133447 0.000057 -0.100778 -0.012710 0.000196 -0.000085 -0.303185 0.302209 -0.000072 0.298206 -0.061247 0.139597 -0.000049 0.000023
-0.174849 -0.421334 0.057538 0.000039 -0.000242 0.210958 0.041221 -0.258840 0.335004 0.007324 0.085485 0.000001 -0.000031 -0.000029 0.029387 -0.000042 0.081548 -0.084040 0.000000 -0.079030 -0.383532 0.000012 0.013130 -0.280328 -0.204881 -0.000235 0.008906 0.120310 -0.000382 -0.086283 0.070937 -0.004148 -0.000050 0.032319 -0.174796 0.000358 -0.000050 -0.086957 -0.080998 0.000072 -0.021557 0.070242 -0.144952 -0.000031 -0.000014
0.191236 -0.001820 0.215831 -0.000317 0.000058 0.273508 -0.356299 -0.096238 0.074572 -0.274034 0.069569 -0.000018 -0.000143 0.000090 -0.087721 -0.000130 -0.055661 -0.179015 -0.000018 -0.144824 0.015842 -0.000038 0.206845 -0.424118 -0.246414 -0.000508 0.184296 -0.017616 -0.000273 0.410640 0.025999 0.003427 -0.000054 0.195953 0.075367 -0.000060 -0.000089 0.195651 -0.273811 -0.000033 0.048960 0.161744 -0.053432 0.000012 0.000066
0.023057 -0.126170 0.246105 -0.000357 -0.000082 -0.075013 0.048964 0.033032 -0.153063 0.025645 0.189711 -0.000167 0.000021 -0.000209 0.086209 -0.000236 0.030001 0.028840 -0.000018 -0.182304 0.327535 -0.000049 0.483343 0.025993 -0.212728 0.000073 -0.036391 0.499977 0.000207 0.145917 0.060858 -0.024770 -0.000030 -0.274927 0.047304 0.000054 -0.000093 0.368774 -0.110885 -0.000057 0.144863 0.129971 0.018986 -0.000003 0.000030
0.014696 0.033544 0.036390 -0.000315 -0.000076 -0.269091 0.018104 -0.030283 0.199966 0.252241 0.206518 0.000010 0.000035 0.000175 0.150065 0.000118 0.079607 0.000751 0.000063 -0.183015 0.012536 0.000008 0.059910 -0.403259 0.156685 0.000288 0.074104 -0.084403 0.000090 0.351868 0.008005 -0.026349 0.000047 0.189283 0.050598 -0.000020 -0.000116 -0.025582 0.105503 -0.000022 0.001541 -0.007893 0.009604 -0.000004 0.000022
-0.185952 0.258612 -0.224128 0.000007 0.000229 0.328124 -0.180198 -0.170469 0.088717 0.257788 0.309631 0.000193 -0.000032 -0.000261 0.145818 0.000024 -0.095603 0.189522 0.000029 0.019079 0.170511 0.000017 -0.101764 -0.318847 -0.010696 0.000011 0.065320 -0.130536 -0.000723 0.082881 0.000948 0.151091 0.000093 0.069482 0.288243 0.000244 0.000103 -0.115227 0.156393 -0.000038 0.079669 0.137717 0.164274 0.000016 0.000050
-0.343077 -0.229067 0.560020 -0.000129 -0.000162 0.142503 0.143988 0.140067 0.149309 0.104042 -0.080699 0.000187 -0.000112 0.000146 0.364438 0.000102 -0.128495 -0.160579 -0.000069 0.004193 0.077719 0.000019 0.087666 0.218590 -0.272629 -0.000127 -0.068326 -0.390317 0.000149 -0.135362 0.040997 0.014653 -0.000092 -0.116230 0.053699 0.000113 0.000024 -0.035757 0.064575 0.000029 0.316718 0.085223 -0.002899 -0.000005 -0.000102
-0.122065 -0.293378 0.248247 0.000089 0.000080 0.046896 0.066977 0.024128 0.269352 0.117428 -0.167655 -0.000212 0.000172 0.000097 0.221960 -0.000176 -0.027650 -0.119549 -0.000036 -0.005778 0.234916 -0.000029 0.539020 -0.214359 0.082283 -0.000333 0.029286 0.247989 -0.000624 0.010999 0.058636 -0.009319 0.000072 0.076747 0.002316 -0.000057 0.000069 0.002761 0.033488 -0.000013 -0.201378 -0.281377 -0.171275 -0.000067 -0.000034
-0.091276 0.212055 -0.122714 0.000211 0.000014 -0.099170 -0.069129 -0.017681 -0.016498 0.128276 -0.222258 0.000015 0.000018 -0.000047 0.272031 0.000011 0.169212 0.116399 -0.000033 0.024781 -0.098870 -0.000012 0.306129 -0.032659 0.366061 0.000480 -0.234372 -0.010702 -0.000135 -0.030804 0.012108 -0.000911 -0.000106 -0.096530 -0.088149 0.000030 0.000128 -0.232205 0.076317 -0.000073 -0.028271 -0.233650 -0.233620 0.000028 0.000090
0.212558 -0.320835 -0.113266 -0.000188 -0.000227 -0.094725 0.027143 -0.044253 -0.007700 0.432717 -0.125598 -0.000045 -0.000092 -0.000039 -0.177066 -0.000165 0.173623 0.008661 -0.000041 0.070413 -0.003126 0.000064 0.126941 0.095983 0.296478 -0.000082 -0.057930 0.049898 -0.000093 0.331949 0.013131 -0.020940 -0.000096 0.222238 0.384142 0.000072 0.000234 0.273464 0.099295 -0.000200 0.160955 -0.261767 0.083722 -0.000009 -0.000077
0.174571 -0.005930 -0.000597 0.000022 0.000026 0.010296 0.013227 -0.417947 -0.113705 -0.324645 0.215441 -0.000175 0.000090 0.000034 0.055311 0.000026 0.434649 0.188405 -0.000006 0.073771 0.318095 0.000007 -0.181827 -0.169106 -0.083557 0.000071 0.005919 0.176678 -0.000089 0.028288 0.009191 -0.011095 -0.000199 -0.032101 0.268355 0.000111 0.000005 0.487353 0.269185 0.000017 -0.005040 0.225611 0.325470 0.000014 0.000011
0.250636 0.115167 0.145740 0.000113 0.000043 -0.083310 0.221201 -0.052793 0.075710 0.001696 0.231680 0.000281 0.000246 0.000117 0.134288 -0.000063 -0.185987 0.241811 -0.000037 0.213224 0.086137 0.000029 -0.158678 0.139225 -0.140412 0.000258 -0.122647 0.115158 0.000277 0.206241 0.069347 -0.006580 -0.000075 -0.136826 -0.212120 -0.000227 0.000060 -0.026075 -0.081824 0.000200 0.121997 0.175331 0.431138 0.000013 -0.000094
-0.150706 0.113293 0.025818 -0.000146 -0.000000 -0.056856 0.101088 0.011348 0.032166 -0.357038 0.054932 0.000118 0.000068 -0.000027 0.008411 -0.000302 0.149611 0.130781 -0.000028 0.035462 -0.235845 -0.000001 0.054648 0.209162 0.024522 -0.000049 0.064198 0.383695 0.000522 -0.012778 0.088444 0.007672 -0.000086 -0.416717 -0.058028 -0.000264 -0.000340 0.021676 0.059081 -0.000015 0.085812 -0.022072 -0.326516 -0.000014 0.000059
0.190392 0.224752 0.209239 0.000428 -0.000248 -0.254654 0.010085 0.173961 0.168481 -0.129995 -0.079825 0.000125 -0.000045 0.000203 0.133904 -0.000282 -0.072695 -0.164950 0.000011 0.029789 0.090304 -0.000008 -0.011164 0.131130 0.169844 0.000105 0.335280 0.154373 -0.000346 0.075513 0.137802 0.015899 0.000063 0.036446 0.018855 0.000046 0.000082 -0.120139 0.005452 -0.000144 0.141885 -0.148886 -0.017492 -0.000026 0.000158
-0.079360 0.059129 -0.176546 0.000184 -0.000037 0.051536 -0.170996 -0.053986 -0.057253 0.338105 -0.056542 -0.000140 -0.000064 0.000079 0.155688 -0.000022 -0.025049 0.236338 -0.000011 -0.096479 -0.094555 -0.000114 -0.338304 0.151270 -0.300444 -0.000160 0.123930 -0.047556 -0.000292 0.373575 0.101779 -0.184139 -0.000013 -0.200767 -0.033622 -0.000033 0.000055 0.081330 -0.513917 0.000026 0.064707 0.141547 0.233603 -0.000006 -0.000102
-0.073055 0.221142 0.164339 -0.000068 -0.000106 0.036593 -0.138727 -0.078765 0.133631 0.415604 -0.239603 0.000054 0.000041 -0.000086 -0.052564 -0.000010 0.252783 0.027437 -0.000015 0.036204 -0.163766 -0.000042 0.213192 -0.112797 0.204387 0.000076 -0.521572 -0.042044 0.000074 0.302429 0.005844 -0.184289 -0.000014 -0.331582 -0.243315 0.000114 -0.000093 0.103029 0.345772 0.000037 -0.026676 -0.428841 -0.493482 -0.000096 -0.000100
-0.200583 0.205216 0.091645 -0.000164 -0.000040 0.061504 -0.115925 0.038910 0.153402 -0.173789 0.198816 -0.000103 -0.000283 -0.000082 -0.243075 -0.000049 0.062650 0.242073 -0.000056 -0.008320 0.085596 -0.000013 0.043969 -0.052327 -0.198263 0.000072 -0.170856 0.272643 -0.000165 0.262762 -0.000479 -0.253886 -0.000049 -0.044772 0.024824 -0.000161 -0.000024 0.090888 0.081306 -0.000070 -0.027171 0.018550 -0.017566 -0.000104 0.000061
-0.194469 -0.096096 0.013742 0.000467 0.000094 0.048881 -0.091409 0.020314 0.358034 -0.087414 0.018298 0.000156 0.000018 -0.000042 0.131401 0.000154 0.255081 0.104044 0.000003 0.104600 -0.186958 -0.000005 0.075520 0.110408 -0.092140 0.000453 0.194950 0.005525 0.000212 -0.049374 0.013425 -0.252643 0.000279 -0.133986 -0.039356 -0.000010 -0.000012 0.033739 -0.295660 0.000094 -0.017365 0.072831 0.173473 0.000015 -0.000128
-0.049869 0.178500 -0.101009 -0.000277 0.000061 -0.189449 -0.055232 -0.044012 -0.328512 -0.280378 0.256283 -0.000113 -0.000126 -0.000122 0.013016 0.000179 0.021635 0.065951 0.000021 0.145165 -0.102615 0.000027 0.154407 0.147397 0.103929 -0.000067 -0.049935 -0.123761 -0.000448 0.065667 0.059517 0.051273 0.000018 0.105712 0.065457 0.000093 0.000116 0.194006 0.221378 0.000029 0.026668 0.011250 -0.166332 -0.000011 -0.000177
0.125540 0.121049 -0.004015 -0.000079 0.000035 -0.117292 0.076436 0.023967 -0.094668 0.006555 0.062566 0.000057 0.000014 0.000080 -0.021916 0.000107 -0.124078 0.027953 0.000016 0.108952 -0.371624 0.000004 -0.046380 0.075686 -0.232239 -0.000238 0.037216 -0.066512 0.000224 0.193460 0.068811 -0.113335 0.000304 0.080074 -0.042774 0.000026 0.000226 -0.058375 0.033945 -0.000026 -0.067072 0.284381 -0.013695 -0.000016 0.000155
0.389092 0.084583 0.200053 -0.000193 0.000086 -0.122552 -0.086627 0.040127 0.025436 0.214771 0.117537 -0.000098 -0.000179 0.000015 0.040958 0.000053 -0.013768 0.007717 0.000048 0.132759 -0.132167 -0.000001 -0.531263 -0.181882 -0.097629 -0.000422 0.111040 0.215900 -0.000107 -0.188421 0.043157 0.101992 -0.000070 0.007249 0.046349 -0.000063 -0.000108 0.191168 -0.184865 0.000043 -0.198887 0.177505 -0.002908 -0.000056 0.000068
0.008311 -0.141522 -0.022732 0.000113 -0.000150 0.034772 -0.214774 -0.013490 0.238777 0.081021 0.034716 -0.000053 0.000085 0.000111 0.017455 -0.000039 -0.032447 0.257799 0.000039 -0.154019 -0.150313 0.000004 0.366932 -0.485712 0.021092 -0.000103 -0.054393 0.138108 0.000355 0.255406 0.009480 0.051617 -0.000042 -0.128657 0.034303 0.000207 0.000090 0.024042 0.095732 -0.000279 -0.271221 -0.452790 0.009587 -0.000031 0.000054
0.017152 -0.001792 0.118630 -0.000274 -0.000055 0.146561 0.238804 0.047900 -0.001593 0.164624 0.078581 0.000099 0.000065 -0.000114 0.073857 -0.000179 -0.136966 0.194186 0.000012 0.087633 0.206659 -0.000072 0.453269 0.105695 0.089695 0.000009 0.320113 0.284067 0.000251 -0.161072 0.045649 0.117344 -0.000014 -0.185774 -0.139669 0.000286 0.000034 -0.140116 -0.277835 0.000247 -0.228838 -0.075778 -0.125039 -0.000049 0.000153
-0.343743 -0.149428 0.028661 -0.000037 -0.000066 0.108733 -0.000671 -0.102868 0.111276 -0.084522 -0.336508 0.000218 0.000043 0.000037 -0.007902 -0.000103 -0.173041 0.006116 0.000038 -0.186600 0.160736 -0.000017 0.017449 -0.081313 0.325483 -0.000177 -0.184652 -0.030512 0.000147 -0.015700 -0.000506 0.075267 0.000144 -0.153877 0.066185 -0.000077 -0.000113 0.204581 0.052324 0.000156 -0.229958 -0.119812 0.221509 -0.000052 -0.000054
0.114483 -0.109618 -0.116458 -0.000080 0.000298 0.208025 0.153121 -0.474350 -0.133918 -0.021238 0.029697 -0.000128 -0.000134 -0.000093 -0.046021 0.000047 0.223024 -0.111968 0.000014 -0.123584 0.357350 0.000036 -0.005604 0.402145 -0.143574 0.000180 -0.336051 0.156272 -0.000077 -0.099850 0.000870 -0.040430 -0.000197 -0.033632 -0.010281 -0.000116 0.000107 0.240675 -0.165443 -0.000057 -0.052953 0.102225 0.200111 -0.000048 -0.000141
0.002932 0.150515 0.106899 -0.000367 -0.000353 0.354958 0.086636 -0.209024 -0.113532 -0.147196 -0.043911 -0.000013 -0.000081 0.000041 -0.229988 0.000034 -0.351108 0.013640 0.000016 -0.097446 0.148370 0.000007 -0.015311 0.004621 -0.209388 -0.000179 0.044268 -0.111359 -0.000045 -0.299438 0.112075 0.056026 -0.000073 0.205811 -0.114556 0.000116 0.000050 -0.129638 -0.066257 0.000206 -0.057534 -0.036898 0.273795 -0.000011 0.000126
-0.007057 -0.111154 -0.007478 0.000192 0.000026 0.033739 -0.203246 -0.087599 -0.236903 -0.159950 0.179453 0.000056 0.000122 -0.000055 -0.077996 0.000050 -0.130911 -0.121385 0.000018 -0.166765 0.060168 -0.000024 0.120886 0.159727 -0.118849 -0.000045 0.041779 -0.265811 -0.000334 -0.113971 0.075648 -0.014880 0.000105 -0.062187 -0.007981 -0.000116 0.000053 0.101789 0.165254 -0.000077 0.359573 -0.017122 -0.148983 -0.000026 -0.000018
-0.003437 0.141141 -0.293431 -0.000196 0.000037 -0.234460 0.018590 0.083158 -0.352851 0.145699 0.237509 0.000005 0.000046 -0.000081 -0.447713 -0.000286 -0.065005 -0.010941 0.000025 -0.075113 0.248941 -0.000027 0.003966 0.207564 -0.001250 -0.000503 0.081884 -0.182780 -0.001073 -0.343679 0.047989 -0.199961 -0.000090 -0.134488 -0.346743 0.000038 0.000220 -0.039449 0.339317 -0.000058 0.317499 0.154260 -0.244284 -0.000032 0.000048
-0.137722 -0.008201 0.377494 -0.000112 0.000024 0.244267 0.162500 0.073343 -0.255603 -0.260116 0.401620 -0.000026 -0.000229 0.000079 -0.113722 -0.000127 -0.455658 -0.100156 -0.000032 -0.004774 -0.026313 0.000040 0.104375 -0.111913 -0.230349 -0.000212 0.381578 -0.123466 0.000313 -0.213577 0.039637 -0.018023 0.000045 -0.038908 0.004563 0.000030 -0.000047 0.174369 -0.390140 0.000052 -0.100278 0.497554 -0.226963 0.000000 0.000024
0.034928 0.053455 0.004613 -0.000212 0.000110 -0.267652 -0.003646 -0.020485 -0.018812 0.237489 0.020431 -0.000046 0.000030 0.000040 -0.005275 0.000144 -0.142536 0.001923 0.000030 0.149629 -0.128083 0.000022 -0.310105 -0.005594 0.151908 -0.000003 -0.087520 -0.107100 -0.000513 -0.082572 0.070981 0.019266 -0.000050 0.083678 0.029752 0.000014 0.000067 0.505415 0.251844 0.000133 -0.078635 -0.318533 -0.279049 0.000041 0.000013
0.101449 0.084177 0.291545 -0.000334 0.000110 0.110434 0.120941 0.012271 0.175370 -0.183747 0.202920 -0.000061 0.000024 0.000047 0.036459 0.000035 0.146844 0.085934 0.000006 -0.127787 -0.082915 0.000012 0.080578 -0.361023 0.278123 -0.000191 0.007058 -0.418968 -0.000249 -0.363272 0.052606 -0.052880 -0.000049 -0.197809 0.044724 -0.000062 -0.000068 -0.064894 -0.048175 0.000052 0.029168 -0.113789 -0.586572 -0.000038 0.000010
0.050172 0.126441 0.101074 -0.000241 -0.000062 0.168084 -0.014579 0.243846 0.031001 0.412133 -0.481686 -0.000265 0.000087 0.000046 -0.029052 0.000168 0.088896 0.200019 -0.000027 0.011631 0.032419 -0.000000 0.199183 0.110762 -0.121101 0.000035 0.013265 -0.223414 0.000232 0.013641 0.040114 0.034810 -0.000043 -0.036551 0.104291 -0.000138 0.000069 -0.303710 -0.110581 -0.000019 -0.317374 0.003463 -0.134822 -0.000016 0.000092
-0.156144 0.174083 -0.074774 -0.000027 0.000227 -0.038720 -0.291182 -0.077231 0.197221 -0.032516 -0.242425 -0.000104 0.000067 -0.000039 -0.064415 0.000052 0.610023 -0.261159 0.000030 -0.024201 -0.036907 -0.000024 -0.102022 0.450334 -0.105155 0.000009 -0.183025 -0.095315 -0.000067 -0.046201 0.006619 0.030149 -0.000010 0.302030 0.449273 -0.000005 0.000139 0.138512 0.064796 0.000120 0.142986 -0.171979 0.164588 0.000029 0.000085
0.157461 0.085714 -0.044798 -0.000210 0.000391 0.004588 -0.101466 0.154279 -0.338671 -0.025240 0.486520 0.000097 0.000034 0.000041 -0.150054 -0.000106 0.026652 -0.171141 0.000068 0.205672 0.191451 0.000026 0.001343 0.119254 -0.159995 0.000067 0.238608 0.184864 0.000139 0.008910 -0.003605 0.043081 0.000095 0.311067 0.392057 0.000015 0.000036 0.081887 0.342027 0.000080 -0.328595 -0.091659 0.166186 -0.000097 -0.000027
-0.105729 0.032030 -0.532569 -0.000377 0.000020 -0.122989 0.010291 -0.083044 -0.108681 0.322046 -0.186965 -0.000175 0.000081 0.000071 -0.100325 0.000130 0.086741 0.115272 -0.000005 0.013109 -0.215416 0.000102 0.414821 0.238552 0.074942 0.000074 0.290767 0.133375 -0.000155 -0.137006 0.001433 0.021586 -0.000104 -0.048381 0.103635 -0.000251 0.000169 0.024753 -0.322319 -0.000127 -0.027901 0.127959 -0.008602 -0.000016 0.000028
0.080968 -0.071284 -0.222384 0.000037 0.000112 -0.108968 0.028371 -0.264517 0.127843 0.392110 0.338615 -0.000086 0.000208 -0.000037 -0.100082 -0.000301 0.313680 0.112767 -0.000001 -0.028141 -0.039618 0.000087 -0.076534 -0.148737 0.061965 -0.000187 -0.159068 0.176201 -0.000478 -0.380027 0.037468 0.196011 -0.000003 0.006568 0.027271 -0.000073 -0.000150 0.184796 -0.350376 0.000002 -0.195543 -0.291167 -0.381044 0.000003 -0.000030
0.062882 0.273829 0.342604 -0.000406 -0.000079 0.197976 -0.128240 -0.072680 -0.083988 -0.109673 -0.229539 -0.000094 -0.000071 0.000013 0.122773 0.000165 0.055644 -0.090330 -0.000072 0.182291 0.040462 -0.000005 0.098953 -0.267776 0.124529 0.000129 0.028039 0.070904 -0.000492 -0.054316 0.075789 0.192366 0.000024 0.053157 0.089572 0.000023 0.000232 0.017260 -0.198440 0.000084 -0.032153 0.244468 -0.123380 -0.000068 -0.000185
-0.196931 0.097260 0.375964 -0.000206 0.000025 0.006179 -0.163101 -0.045109 -0.005079 0.046020 0.043467 0.000145 0.000198 -0.000035 0.032338 0.000032 -0.239063 -0.326418 -0.000028 -0.094512 -0.091204 -0.000015 0.180778 0.027080 0.042117 -0.000008 -0.148827 -0.215878 -0.000051 0.020967 0.075316 0.005722 0.000123 0.034918 -0.164779 0.000164 0.000082 -0.167517 -0.131104 -0.000139 0.290023 -0.097100 -0.135079 -0.000097 -0.000195
-0.191692 0.200172 -0.198274 -0.000305 0.000174 0.197853 -0.290535 -0.121220 0.229859 0.016852 -0.298829 0.000078 0.000059 0.000171 0.303782 -0.000172 0.138349 -0.223370 0.000040 -0.002504 -0.088347 -0.000021 0.167254 0.036631 0.034516 0.000160 -0.202551 0.048149 -0.000349 -0.029523 0.041236 -0.101265 -0.000049 0.235067 -0.166848 -0.000097 0.000019 -0.042795 -0.103666 -0.000167 -0.025650 -0.177931 0.038692 0.000049 -0.000148
0.266500 0.059468 -0.169139 -0.000073 0.000211 0.001395 -0.149626 -0.161619 0.048473 0.373789 0.036086 0.000072 0.000039 0.000021 0.296459 0.000201 -0.025161 -0.007040 -0.000017 -0.237100 -0.011592 -0.000002 0.053689 -0.009553 -0.325967 -0.000172 -0.017686 -0.085466 -0.000017 0.111937 0.004712 0.009042 -0.000068 -0.133989 -0.192535 0.000106 0.000122 -0.017452 -0.322624 -0.000238 0.059118 -0.358182 -0.095368 0.000010 -0.000021
0.066832 -0.055906 -0.090964 -0.000025 0.000002 0.110732 0.214913 -0.188976 -0.086105 -0.086255 -0.164225 0.000128 0.000049 -0.000111 0.023467 -0.000205 -0.182728 0.002256 -0.000017 -0.285917 0.174061 -0.000028 -0.212386 -0.217878 0.095056 -0.000107 0.267579 -0.137717 -0.000633 -0.298904 0.008579 -0.102031 0.000075 -0.403892 -0.334063 -0.000029 -0.000051 -0.012212 0.072083 0.000011 -0.109956 -0.049516 -0.097481 0.000034 0.000128
-0.007935 0.362838 -0.057584 -0.000210 0.000163 0.000693 -0.012137 0.033130 -0.150941 0.000286 0.107075 0.000115 -0.000095 -0.000100 0.299787 0.000035 0.326476 -0.021140 -0.000011 -0.010816 0.306086 0.000018 0.082168 -0.017845 0.156627 0.000170 -0.015383 -0.081425 -0.000213 0.053481 0.012005 -0.011919 -0.000120 0.164084 0.126559 0.000055 -0.000062 -0.025066 -0.236720 -0.000045 0.599531 -0.203527 0.174649 0.000031 0.000049
-0.089633 0.059841 -0.001063 -0.000082 0.000026 -0.025984 0.004627 -0.098083 0.060829 0.206255 -0.044938 -0.000099 -0.000077 0.000111 -0.043921 0.000110 0.179809 0.017318 0.000028 -0.153952 0.234702 0.000069 -0.034917 0.016657 -0.027014 0.000203 -0.071076 0.167694 -0.000177 0.100046 0.068144 -0.015107 -0.000340 0.086813 -0.078911 -0.000254 -0.000187 0.403191 0.279099 -0.000093 0.138334 0.360534 0.007085 0.000022 -0.000044
0.298810 -0.040502 0.560457 0.000231 0.000035 -0.062596 -0.049097 -0.303339 -0.485170 -0.316502 -0.147243 -0.000119 0.000071 -0.000093 -0.036474 0.000090 -0.037252 -0.225757 0.000056 0.031763 0.155592 -0.000008 -0.025165 -0.200986 0.151033 0.000035 0.255798 -0.033125 -0.000401 0.450573 0.036263 0.016286 0.000061 -0.066981 -0.001916 -0.000139 -0.000065 -0.050838 0.012442 0.000076 0.032245 0.527989 -0.291020 -0.000045 -0.000181
-0.027229 0.419016 0.539773 -0.000041 -0.000166 -0.015233 -0.015783 -0.107232 0.013118 -0.466664 -0.059726 -0.000060 0.000089 0.000068 -0.251858 -0.000169 0.257990 0.268087 -0.000059 0.004468 -0.209905 -0.000080 0.053142 0.046801 -0.100608 0.000017 -0.466285 -0.184411 -0.000143 -0.148815 0.068485 0.102217 0.000071 -0.290834 -0.074091 0.000001 -0.000063 0.234970 -0.136925 0.000096 0.049127 -0.216912 -0.193848 -0.000034 0.000120
0.048481 -0.014343 0.034859 -0.000237 -0.000073 -0.105740 -0.238594 0.013528 0.096255 0.289032 0.130268 -0.000046 0.000133 -0.000086 0.011180 -0.000182 0.039418 -0.058363 0.000016 -0.068254 -0.485967 0.000029 0.000969 0.008514 0.019219 0.000008 0.155151 -0.140410 0.000036 0.012274 0.050649 0.153286 -0.000003 0.029684 0.090639 0.000014 0.000152 -0.302711 -0.095752 -0.000209 0.310930 -0.075449 -0.184614 -0.000072 0.000190
0.080262 0.076274 -0.141579 -0.000254 0.000030 -0.076035 0.006481 0.114717 0.042052 0.063155 -0.014884 -0.000085 -0.000096 -0.000095 -0.149091 0.000389 -0.270778 -0.008790 -0.000041 -0.019922 -0.192414 0.000041 0.256742 -0.004577 0.157641 -0.000276 0.087054 0.065741 -0.000168 0.039305 0.025750 -0.009290 -0.000173 0.043682 0.001262 0.000051 0.000217 -0.216909 0.363576 0.000054 -0.053060 -0.200328 0.293798 -0.000019 -0.000014
0.136059 -0.027438 -0.048103 -0.000090 -0.000214 0.250053 -0.114551 -0.116145 0.148866 -0.071263 0.086565 0.000023 0.000025 -0.000046 -0.200970 -0.000053 -0.161089 -0.119723 0.000023 -0.084655 -0.031866 0.000035 -0.200771 0.339555 0.003317 -0.000129 0.125454 0.190770 -0.000127 0.051554 0.002976 -0.112604 0.000165 0.304441 0.218512 0.000074 -0.000172 0.278682 -0.020250 -0.000373 -0.301635 -0.442359 0.036570 -0.000071 -0.000047
-0.501749 0.198924 0.405162 0.000386 -0.000215 -0.009804 0.090253 -0.009506 0.093367 -0.258958 0.058248 -0.000146 0.000114 -0.000054 -0.299700 -0.000033 -0.132507 -0.112044 -0.000104 -0.168271 -0.432807 -0.000011 -0.240324 0.306580 -0.516295 -0.000382 -0.212794 0.114308 0.000120 0.002207 0.035571 0.246512 -0.000166 0.218577 -0.094574 -0.000278 -0.000075 0.238551 0.207988 0.000068 -0.073412 0.046088 0.046432 -0.000003 0.000097
0.009977 -0.211314 0.381441 0.000207 -0.000084 -0.522795 -0.094656 -0.005198 0.035265 0.295087 0.155698 -0.000085 -0.000046 0.000217 0.004219 -0.000008 0.116738 -0.217971 0.000067 -0.204176 -0.124041 0.000038 0.178636 -0.101856 0.148054 -0.000060 -0.180666 -0.093154 0.000081 0.283419 0.011804 0.221498 -0.000052 0.143473 0.003624 0.000112 0.000113 -0.062570 0.224565 0.000011 -0.142557 0.242372 -0.137957 -0.000054 0.000161
0.150140 0.187462 0.094640 -0.000393 0.000066 0.014586 -0.370811 0.021199 0.062226 -0.185359 0.116127 -0.000119 0.000032 0.000055 0.028417 -0.000208 -0.135901 -0.008139 0.000023 -0.185400 -0.260748 0.000023 -0.035618 -0.487020 0.143997 -0.000073 0.034213 0.095233 0.000051 -0.002663 0.032093 -0.061338 0.000047 0.039177 -0.174514 -0.000080 -0.000043 -0.125983 0.129627 -0.000128 0.463299 0.234540 0.074657 -0.000088 0.000164
0.317149 0.224464 0.312323 -0.000134 -0.000054 0.004150 0.067908 0.003805 -0.230187 0.085550 -0.054050 0.000081 -0.000045 0.000188 -0.232864 -0.000098 0.235903 -0.217595 -0.000003 -0.090303 0.009511 -0.000038 -0.203988 -0.017842 0.019146 -0.000254 0.266359 -0.051133 0.000040 -0.025768 0.074396 0.090957 0.000071 0.286998 0.131649 -0.000348 -0.000123 -0.143084 0.005088 -0.000032 0.180442 0.083175 -0.171459 -0.000042 0.000096
0.403189 0.081726 0.074370 0.000112 0.000119 -0.031766 -0.044503 0.211426 0.310998 0.072766 -0.032078 -0.000099 -0.000010 -0.000137 -0.030733 0.000033 -0.056271 -0.075339 0.000003 -0.020331 0.276166 0.000024 -0.161010 0.001398 0.235193 0.000007 0.289364 -0.132423 -0.000202 0.000143 0.028775 -0.070030 -0.000200 0.078796 0.270938 -0.000143 -0.000084 0.008541 -0.049053 0.000067 0.298714 0.011207 -0.481390 -0.000088 -0.000074
0.323526 0.119726 -0.028405 0.000201 -0.000085 -0.232965 0.242635 0.085109 -0.225283 0.046113 -0.063712 -0.000048 -0.000030 0.000083 -0.173223 0.000026 -0.238184 -0.175255 -0.000006 -0.073597 0.131145 -0.000015 -0.015233 0.014540 -0.275488 0.000001 0.062585 -0.149152 -0.000375 -0.109578 0.073344 0.163918 0.000066 -0.271063 -0.157930 -0.000031 0.000152 0.538856 -0.026177 0.000184 0.128373 0.147635 -0.162584 -0.000072 0.000017
0.306870 -0.136333 -0.095102 0.000223 0.000122 -0.052164 0.310199 -0.209229 0.100069 0.071181 0.010774 0.000105 -0.000031 0.000075 -0.190041 0.000003 0.009527 -0.106899 -0.000117 -0.145952 -0.000578 -0.000074 -0.035504 -0.190624 0.336952 0.000450 0.201728 -0.133543 0.000619 -0.334172 0.033210 0.233139 -0.000012 -0.254041 -0.069491 0.000074 0.000033 -0.260441 -0.029917 -0.000069 -0.160168 -0.095452 -0.094387 -0.000084 -0.000089
-0.582985 0.257654 -0.128359 0.000057 -0.000058 0.154741 -0.040286 -0.009237 -0.092863 0.286936 -0.102100 -0.000063 -0.000061 -0.000112 0.086191 0.000093 0.187442 -0.053713 0.000048 -0.020683 0.182403 -0.000072 0.149525 0.093882 -0.210334 -0.000073 -0.049541 -0.066828 -0.000086 -0.009672 0.058004 0.082368 0.000043 -0.021358 0.196448 0.000016 -0.000107 -0.025790 0.097454 0.000032 -0.152328 0.001050 -0.234998 -0.000035 -0.000083
-0.039293 -0.006366 0.158520 0.000044 -0.000056 -0.093672 0.080652 0.156851 -0.031811 -0.257299 0.034813 -0.000026 0.000109 0.000015 -0.025751 0.000056 0.156439 -0.063801 -0.000103 -0.034202 0.052763 -0.000009 0.160924 0.255409 -0.111909 0.000059 0.220977 -0.044737 -0.000083 -0.178701 0.090220 0.006161 -0.000065 -0.011856 0.094793 0.000069 0.000056 0.012434 -0.063806 0.000057 0.108669 -0.106530 0.224855 -0.000042 0.000120
-0.003498 -0.003950 -0.026694 0.000050 0.000077 -0.050602 -0.149263 -0.077538 -0.049681 -0.129740 0.131225 -0.000009 0.000045 0.000038 -0.099475 0.000035 -0.217367 0.092458 -0.000005 -0.009844 -0.021518 -0.000041 0.037680 -0.216321 0.317170 0.000087 0.152192 -0.047619 -0.000483 -0.314287 0.063576 -0.007548 0.000011 -0.120823 -0.068474 -0.000247 0.000220 0.074515 -0.013877 -0.000098 0.118194 0.316335 0.047180 -0.000023 -0.000032
0.160884 -0.137861 -0.298014 -0.000114 0.000101 0.008572 0.155267 -0.035769 0.014165 0.178726 -0.105111 -0.000005 -0.000077 0.000110 -0.097927 -0.000171 0.268283 -0.110422 -0.000005 0.027797 0.015945 -0.000029 0.012101 -0.030231 -0.042962 0.000138 0.117584 -0.547441 -0.000577 -0.258457 0.088588 0.069984 0.000066 -0.013804 -0.153227 -0.000044 -0.000091 0.051413 -0.115292 0.000094 0.045464 -0.211512 -0.037378 -0.000086 -0.000018
-0.019594 -0.148423 -0.026406 -0.000003 -0.000129 0.007376 0.069787 -0.237143 -0.166355 0.156781 -0.294952 0.000160 -0.000006 0.000060 0.465858 0.000054 0.001584 0.030729 0.000021 0.065376 -0.202935 -0.000001 -0.218287 -0.005856 0.003752 0.000063 0.199527 0.054007 0.000137 0.022793 0.071455 0.231382 -0.000053 -0.004478 -0.278263 -0.000123 -0.000053 -0.483848 -0.008519 0.000005 -0.049253 0.065974 0.099251 0.000000 0.000077
-0.125525 0.139676 -0.180127 0.000217 -0.000213 -0.167513 -0.005164 0.110498 -0.088284 -0.104622 0.008595 0.000020 -0.000084 -0.000015 -0.082869 0.000157 -0.078835 -0.221840 -0.000017 0.032080 0.147140 -0.000043 -0.009589 -0.209580 -0.005953 -0.000087 0.263992 -0.416582 -0.000265 0.012993 0.055886 0.260966 -0.000215 0.161681 0.081397 0.000067 0.000054 0.415155 -0.023130 -0.000002 -0.002993 -0.039683 0.234515 0.000025 0.000027
-0.074427 0.154385 -0.092861 -0.000058 -0.000248 -0.167219 0.051179 -0.046351 0.171901 0.266047 0.036511 0.000096 -0.000077 0.000056 -0.107850 -0.000096 -0.337008 -0.003100 0.000054 0.118751 0.035600 -0.000026 0.021239 0.207574 0.226117 0.000165 0.084888 0.212748 -0.000283 -0.046396 0.028690 -0.032750 0.000025 0.028098 -0.248277 0.000189 -0.000020 0.199061 0.026676 0.000036 -0.008519 -0.348119 -0.181831 -0.000067 -0.000085
-0.207924 0.004555 0.007435 -0.000123 -0.000053 0.104814 -0.071792 0.228114 -0.111364 0.309989 -0.054114 -0.000076 -0.000087 -0.000207 0.118958 -0.000026 0.161658 0.166050 0.000014 0.085739 -0.118604 -0.000004 0.013426 0.089572 -0.015100 -0.000262 0.124299 -0.163259 -0.000023 -0.218570 0.040102 0.039281 -0.000112 -0.023837 0.047332 0.000164 0.000151 -0.076154 0.012859 0.000128 -0.145428 0.106488 0.081492 -0.000049 0.000057
-0.348760 -0.048355 -0.218371 -0.000235 -0.000010 0.262158 -0.157894 0.267328 0.149472 -0.013118 0.236117 0.000133 -0.000003 0.000051 -0.083905 -0.000131 -0.053968 0.117417 -0.000001 -0.033454 0.004199 0.000010 -0.518579 0.169838 0.249892 0.000145 0.225583 0.295045 -0.000285 0.176979 0.042254 -0.021818 -0.000143 -0.194618 -0.069312 -0.000294 -0.000030 0.152880 0.147602 0.000103 -0.101122 -0.067872 -0.089685 -0.000022 -0.000065
-0.487419 0.013555 0.049030 0.000256 0.000043 0.177539 -0.056614 0.136182 0.048742 0.133703 0.011349 -0.000140 0.000005 0.000100 -0.107594 -0.000075 -0.221893 -0.060096 -0.000019 0.029613 -0.062531 -0.000069 0.002657 0.266482 -0.254497 -0.000408 -0.330994 -0.014722 0.000337 -0.219497 0.035661 -0.040124 -0.000015 -0.354000 -0.052581 -0.000297 0.000002 0.127058 -0.074188 0.000090 -0.014374 -0.267683 0.085466 0.000000 -0.000025
-0.269814 -0.014360 0.000285 0.000392 -0.000217 0.297650 0.291526 -0.076283 -0.158409 -0.263725 0.228005 -0.000009 0.000007 0.000029 0.006573 0.000019 -0.114864 0.046872 0.000019 0.192587 -0.121750 0.000056 0.340912 0.176672 -0.030020 0.000093 0.058056 0.071744 -0.000409 -0.273456 -0.002357 -0.034613 0.000068 -0.029979 -0.215567 0.000032 -0.000144 -0.064146 0.250791 -0.000072 0.223305 0.215139 0.091886 -0.000054 -0.000049
-0.198169 0.292529 0.105083 -0.000279 0.000025 -0.114236 0.013866 0.220710 -0.132431 -0.135703 0.051899 -0.000033 -0.000037 0.000024 -0.113995 0.000102 0.172603 -0.024493 0.000059 0.015145 -0.004983 0.000058 0.031586 -0.479092 -0.247921 -0.000052 -0.011711 0.568743 0.000047 -0.385493 0.009052 -0.248191 0.000037 0.061246 -0.025602 -0.000089 0.000078 0.164889 0.086542 0.000021 -0.376405 0.160953 -0.009300 -0.000091 0.000103
0.009188 0.041978 0.131832 -0.000360 0.000077 -0.008082 -0.032537 0.347156 0.183379 -0.118103 -0.010682 0.000086 0.000116 -0.000294 -0.025602 0.000139 0.289666 0.185194 -0.000038 -0.065097 0.265220 -0.000015 -0.179100 0.140253 0.353895 0.000060 0.044449 -0.006109 0.000094 0.321707 0.028958 -0.013264 -0.000009 -0.006099 0.194068 -0.000199 -0.000016 0.108056 -0.356249 0.000029 -0.392884 0.253449 0.019700 -0.000049 0.000047
0.111212 -0.014114 0.010245 0.000051 0.000024 -0.057448 -0.030776 0.002885 -0.188529 0.057131 -0.210122 0.000087 -0.000074 -0.000066 0.004123 0.000319 0.045129 -0.022123 -0.000021 0.146661 0.155586 0.000006 0.101198 0.011325 0.140915 0.000023 0.696703 0.051012 0.000330 -0.155595 0.081229 -0.048225 0.000109 0.090799 0.010816 -0.000031 -0.000289 0.035232 0.110598 -0.000079 0.335404 -0.361976 -0.067495 -0.000071 0.000037
-0.050131 -0.048423 0.109665 -0.000376 0.000066 -0.021083 -0.239009 -0.347712 0.354463 0.074449 0.064172 -0.000077 -0.000020 -0.000097 -0.097130 -0.000079 -0.105776 0.022303 -0.000003 0.109985 0.012031 -0.000039 -0.008687 0.092926 0.192479 -0.000158 0.149902 0.384688 -0.000095 -0.011857 0.003394 -0.068004 -0.000014 0.233188 0.036655 -0.000075 -0.000023 0.090520 0.124882 -0.000126 0.160893 0.008712 -0.242263 -0.000030 -0.000029
-0.010103 -0.363156 0.288416 -0.000281 0.000083 0.196085 0.021695 0.018001 0.361529 0.440367 0.049228 0.000148 0.000004 0.000047 0.003450 -0.000048 -0.014245 0.085415 -0.000031 0.094057 0.264141 -0.000027 0.076305 0.352506 0.035646 -0.000005 -0.086021 0.088218 0.000501 0.136464 -0.001452 -0.103432 -0.000036 0.259581 0.233217 -0.000027 0.000027 -0.168351 0.123261 0.000056 -0.075157 -0.102883 -0.122336 0.000001 -0.000073
0.041286 -0.084688 -0.136315 0.000065 -0.000015 -0.178649 0.041231 0.073437 -0.067123 0.058324 0.246117 0.000204 0.000008 -0.000036 0.304153 0.000021 0.294402 0.007540 -0.000020 -0.021244 -0.365431 -0.000002 0.242599 0.231042 -0.469077 -0.000356 -0.025073 0.000810 -0.000226 -0.047359 0.094770 -0.131945 0.000042 -0.011498 -0.364237 -0.000019 0.000112 -0.225660 -0.042858 -0.000017 0.016050 -0.140122 0.087695 -0.000076 -0.000016
-0.204472 0.043596 0.261938 0.000058 0.000082 -0.203250 -0.013754 0.054376 -0.091465 0.073684 -0.043850 -0.000197 0.000002 0.000094 0.182368 -0.000102 0.046544 -0.218283 0.000107 -0.049676 -0.160801 0.000047 -0.154525 -0.163731 0.153929 -0.000004 -0.012104 -0.443972 0.000008 0.149843 0.103054 0.035846 0.000016 -0.023411 0.089933 0.000023 0.000052 0.018687 0.010031 0.000074 0.046131 -0.004044 -0.173257 0.000026 0.000070
0.050172 0.064045 0.286294 -0.000093 -0.000060 0.099487 -0.056184 -0.122160 0.111140 0.084505 0.168719 0.000172 0.000160 0.000017 -0.259452 -0.000170 -0.079719 0.213552 0.000014 -0.261228 -0.275116 0.000032 -0.213483 -0.001712 -0.114260 -0.000067 -0.082112 -0.133668 0.000282 0.372849 0.068105 0.158310 -0.000057 0.119402 -0.176180 -0.000064 -0.000105 0.213930 -0.173072 -0.000019 0.020446 -0.058333 0.099703 -0.000062 -0.000004
0.006530 -0.171942 -0.029886 -0.000383 -0.000213 0.016699 0.073430 0.082036 -0.277491 0.015082 -0.186354 0.000050 -0.000001 -0.000003 -0.214143 -0.000165 0.248942 0.107587 0.000018 -0.169871 -0.113488 0.000027 0.395344 0.058487 -0.204853 -0.000126 -0.002222 -0.290338 -0.000465 0.165788 0.047548 0.083615 -0.000082 -0.210086 0.023539 -0.000131 -0.000077 0.248791 -0.263071 0.000024 -0.260954 -0.045845 0.060396 -0.000058 0.000034
-0.144540 -0.031229 0.180375 0.000096 -0.000075 0.147033 -0.236382 0.227960 -0.190757 0.023980 -0.044271 0.000143 0.000040 0.000044 0.250736 -0.000087 -0.201300 0.070469 -0.000021 0.115280 0.126297 -0.000022 0.003438 -0.368307 0.109698 0.000041 0.420680 0.350684 -0.000021 0.457530 0.037526 -0.002171 -0.000082 -0.000748 0.163914 0.000026 -0.000033 0.438338 -0.007537 0.000293 -0.244647 0.036189 0.128321 -0.000037 0.000015
0.248280 0.137291 -0.222650 0.000171 0.000022 0.080347 -0.117103 -0.063480 -0.010810 0.112522 -0.228867 -0.000140 -0.000034 0.000016 0.158921 -0.000087 -0.066951 0.011165 0.000037 -0.118156 0.040729 0.000061 -0.019331 0.418697 -0.043820 -0.000119 0.213295 -0.183242 0.000036 0.143544 0.020802 -0.108755 0.000014 0.103905 0.207470 -0.000160 -0.000056 0.114780 -0.134760 -0.000157 -0.011461 -0.022395 -0.448059 -0.000017 -0.000028
-0.497611 -0.202824 -0.049086 -0.000102 -0.000063 0.328833 0.039436 0.000564 0.110078 0.299017 0.021437 0.000173 -0.000004 0.000016 0.186798 0.000138 0.149298 -0.000418 0.000034 -0.020975 -0.039212 0.000013 -0.143179 -0.297218 -0.085356 -0.000186 -0.040665 -0.138359 0.000137 0.176471 0.047549 -0.084284 0.000056 -0.140112 -0.176038 0.000003 -0.000010 0.179615 0.123503 -0.000017 0.023728 0.316994 -0.112130 -0.000067 0.000103
-0.121004 0.091624 -0.257216 0.000114 0.000168 -0.265354 0.371884 -0.051012 0.461347 0.320386 -0.165825 -0.000021 -0.000120 0.000040 0.000151 0.000161 -0.131191 0.004643 -0.000017 -0.000961 -0.387790 0.000025 -0.051041 -0.001184 -0.031238 0.000053 0.000363 0.242960 -0.000139 0.164193 0.021947 0.012206 -0.000174 -0.030419 -0.098725 -0.000060 -0.000068 0.000289 0.195520 0.000021 0.027904 0.251801 0.258502 -0.000022 -0.000025
0.178993 -0.055456 0.113500 -0.000066 0.000051 0.054392 0.231265 0.176143 -0.092513 0.304007 0.084726 0.000008 0.000018 -0.000038 0.232098 0.000089 -0.328605 -0.036698 -0.000033 0.185104 -0.125513 -0.000037 0.160106 0.209152 -0.021025 0.000044 -0.166676 0.042789 0.000199 0.060949 0.027689 -0.051213 0.000065 -0.329270 0.138924 -0.000047 0.000043 0.105138 -0.281365 0.000100 0.387304 -0.122460 0.192137 0.000015 0.000097
0.121649 -0.024053 -0.084771 -0.000429 -0.000099 0.326464 -0.155691 0.199634 -0.173021 0.119633 0.087622 0.000027 0.000085 -0.000092 -0.257163 0.000138 0.109687 0.161230 0.000048 0.030295 -0.143211 0.000086 -0.079464 0.139507 -0.142287 -0.000037 0.265903 0.086848 0.000004 -0.131476 -0.000875 -0.182788 0.000095 0.257169 -0.028145 0.000020 -0.000159 0.309314 0.064117 0.000086 0.403818 -0.014399 0.340254 -0.000028 0.000052
0.212998 -0.095587 -0.048123 -0.000014 -0.000191 0.126941 -0.088216 0.071580 -0.135537 0.094847 -0.065062 0.000323 0.000033 -0.000094 0.060962 0.000039 0.017938 0.172811 0.000050 0.066941 -0.289589 0.000017 0.103132 -0.238525 -0.021703 -0.000175 0.116935 -0.178686 -0.000259 0.106692 0.013290 0.096879 0.000066 -0.243858 -0.038730 -0.000058 -0.000050 -0.161072 -0.101358 -0.000064 0.124060 -0.072913 0.185566 0.000004 0.000092
-0.422352 -0.037664 0.018723 -0.000117 0.000230 0.245928 0.074237 -0.138616 -0.251081 -0.008009 0.281764 -0.000172 0.000145 0.000033 0.192153 0.000089 0.292939 0.018701 0.000006 -0.032970 -0.372724 0.000003 0.096177 -0.097743 -0.341604 -0.000038 -0.044337 -0.073928 -0.000013 0.002097 0.004133 0.084171 -0.000105 -0.079044 -0.066627 -0.000110 -0.000072 -0.026346 -0.061414 0.000123 0.118579 0.208296 0.071913 -0.000022 -0.000033
0.132679 0.250503 0.016714 0.000010 -0.000008 0.041376 0.208746 0.164306 -0.009048 -0.351090 0.177273 -0.000292 0.000049 -0.000052 0.055515 -0.000007 0.123019 0.258207 -0.000037 -0.031790 -0.476869 0.000054 0.228366 -0.178085 0.204578 0.000187 -0.009580 -0.034899 -0.000107 -0.333705 0.019452 -0.238528 -0.000147 0.085749 -0.061806 -0.000202 0.000091 0.036562 0.009149 0.000084 0.168804 -0.103707 -0.110873 -0.000036 0.000203
-0.353021 0.179790 0.286819 -0.000263 0.000258 -0.154257 0.346522 0.238444 0.243736 -0.080910 -0.199881 0.000194 -0.000006 -0.000084 0.265888 -0.000015 -0.026036 -0.199145 -0.000059 -0.078869 -0.324600 0.000016 -0.184675 -0.118691 0.031568 -0.000109 0.453144 0.046062 -0.000149 -0.087501 0.013274 -0.265516 0.000120 0.178207 -0.181889 -0.000002 0.000067 -0.037076 0.011088 -0.000112 0.447626 -0.014505 0.192735 -0.000055 0.000046
0.197719 -0.213124 -0.415349 -0.000104 0.000163 -0.218105 0.011014 0.080939 -0.039768 0.159725 -0.107848 0.000019 0.000035 -0.000165 0.073133 0.000044 -0.189845 0.000971 0.000033 -0.164789 -0.200707 0.000028 0.346625 0.168725 0.063232 -0.000118 -0.117751 -0.134874 -0.000279 0.073713 0.057415 -0.093184 0.000110 0.048527 0.013276 0.000004 0.000055 0.090627 -0.001399 0.000199 0.056843 0.013669 -0.110356 -0.000029 -0.000067
0.266306 -0.516181 -0.156466 -0.000024 0.000141 -0.154303 -0.201777 0.184120 0.108343 0.014056 -0.125502 0.000231 -0.000081 0.000232 -0.387079 -0.000114 0.019417 -0.043621 -0.000113 -0.074189 -0.024978 -0.000013 0.245034 0.162922 -0.122688 -0.000099 -0.116489 0.077164 -0.000060 0.091464 0.094273 -0.114134 0.000055 -0.210647 -0.158154 0.000056 -0.000015 0.069114 0.244661 -0.000083 0.093067 0.239305 0.153799 0.000003 -0.000086
-0.001727 -0.408019 0.375951 0.000001 -0.000023 0.181342 0.049095 0.076449 0.106341 -0.293092 -0.008074 -0.000119 -0.000115 -0.000153 0.286835 0.000204 0.007167 0.133236 0.000028 0.049807 -0.080144 -0.000040 -0.085192 0.143202 -0.368639 -0.000183 0.496629 0.052309 -0.000306 0.146298 0.083478 0.075910 -0.000108 0.012169 0.083631 0.000078 -0.000035 0.130294 -0.026815 -0.000013 -0.214712 -0.074344 -0.183534 -0.000008 -0.000050
-0.078955 0.031410 0.074882 -0.000380 0.000029 -0.147770 0.020941 -0.004427 0.016285 -0.176167 -0.072651 -0.000125 0.000091 0.000020 -0.000139 0.000006 0.091155 0.062154 -0.000042 0.054539 -0.004524 0.000055 -0.067293 0.171229 -0.370214 0.000096 0.031013 -0.254356 -0.000048 0.012625 0.067153 -0.151366 -0.000059 0.206344 0.418921 -0.000032 0.000201 -0.013522 0.106467 0.000091 0.022895 0.400278 0.390264 -0.000035 -0.000263
0.082055 -0.231193 -0.100088 0.000143 -0.000068 0.147908 -0.037148 0.118195 -0.065704 -0.065914 0.420382 0.000132 -0.000006 -0.000137 0.090920 0.000044 0.137757 0.020672 0.000026 0.033590 -0.102849 0.000104 -0.059469 -0.034254 0.249868 0.000082 -0.442282 -0.003110 -0.000214 -0.294351 0.034503 -0.108152 0.000003 0.020615 0.183603 0.000082 0.000189 -0.069064 -0.053784 0.000008 0.016713 0.111719 -0.226838 -0.000065 0.000051
0.192040 0.162494 -0.385536 0.000189 0.000063 0.407096 0.006025 0.030565 -0.156295 -0.062222 0.217711 -0.000029 0.000042 0.000074 -0.202587 -0.000139 0.128450 -0.061980 0.000001 0.162851 0.052922 -0.000007 -0.305491 -0.083414 -0.250189 -0.000072 -0.003639 0.005535 0.000110 -0.280955 0.013139 -0.119392 -0.000140 -0.034702 -0.155142 -0.000105 0.000049 0.052255 0.042134 -0.000098 0.124136 0.356001 -0.187320 -0.000019 0.000015
0.119784 -0.082816 0.112319 0.000281 -0.000030 -0.062939 0.099019 0.263723 0.047141 0.161258 -0.013989 -0.000047 0.000056 -0.000227 0.022626 0.000015 -0.112330 -0.111174 -0.000094 0.112842 -0.014088 -0.000033 0.175085 0.008173 0.119906 0.000062 0.156568 -0.003738 0.000042 -0.105623 0.026270 -0.033395 -0.000101 -0.188758 -0.010220 -0.000088 -0.000071 -0.040259 -0.354529 -0.000088 0.262927 -0.009139 0.144343 -0.000014 -0.000008
-0.145274 -0.007271 0.093970 0.000060 -0.000036 -0.324299 0.052440 0.246872 0.142812 -0.233538 0.091089 -0.000008 -0.000013 0.000073 0.270186 0.000036 -0.005916 -0.423745 -0.000066 -0.166235 -0.158964 -0.000030 0.251105 -0.297480 -0.020969 -0.000022 -0.200769 -0.271117 -0.000404 -0.225949 0.043732 -0.160411 -0.000197 -0.169877 -0.156416 -0.000008 0.000013 -0.053179 0.221425 0.000028 0.225796 -0.281624 -0.033000 -0.000016 -0.000032
0.223781 0.043498 -0.156187 -0.000082 0.000000 -0.178109 -0.013655 -0.104256 0.452729 0.018255 0.307495 0.000069 -0.000044 0.000346 0.122450 -0.000137 -0.115387 0.066137 -0.000031 -0.029180 0.006509 -0.000033 -0.024580 0.263575 0.097951 0.000103 -0.258573 0.049579 -0.000252 -0.117828 0.033147 0.009551 0.000169 -0.012858 -0.073603 0.000120 0.000050 -0.118733 -0.050560 0.000068 -0.002289 -0.278029 -0.014518 0.000011 -0.000140
-0.011845 -0.017839 -0.119126 -0.000080 -0.000039 -0.046484 -0.145377 0.064492 0.287768 0.173787 -0.113667 -0.000140 0.000070 0.000010 -0.007519 -0.000063 0.001563 -0.148094 -0.000021 0.309367 0.536505 0.000010 0.003382 -0.086964 -0.030176 0.000177 0.145549 0.260965 0.000253 -0.270159 0.032022 -0.075054 -0.000032 -0.170278 -0.053918 0.000031 0.000087 0.162916 0.204319 -0.000032 -0.038942 0.045627 -0.111105 -0.000052 0.000106
-0.066105 -0.038843 -0.012054 -0.000342 -0.000292 -0.133857 -0.002085 0.064141 0.153459 -0.126422 0.054971 0.000099 -0.000263 0.000117 0.167388 -0.000038 -0.152546 -0.053873 0.000004 0.020512 -0.006956 -0.000003 -0.059790 -0.186490 -0.189811 -0.000005 -0.316550 -0.213630 -0.000036 -0.287544 0.079812 -0.203866 -0.000104 -0.110661 -0.253640 -0.000070 -0.000146 0.030874 0.454740 0.000119 -0.236401 -0.220182 0.151358 -0.000042 -0.000065
-0.037894 -0.009645 -0.278493 0.000043 0.000006 -0.139911 0.119899 -0.011423 -0.011243 -0.062551 0.063799 -0.000216 0.000138 0.000048 0.147634 -0.000111 -0.109036 0.032240 0.000043 0.056882 0.071021 -0.000032 -0.075237 0.189542 -0.166781 0.000075 -0.006648 -0.118567 -0.000008 0.073428 0.063356 -0.146794 -0.000056 -0.051809 -0.289442 -0.000132 -0.000076 0.116846 0.348542 -0.000069 0.081613 0.027425 0.325648 -0.000049 0.000002
-0.031459 0.010145 -0.140503 -0.000096 -0.000180 0.074681 -0.063769 0.120707 -0.174950 -0.192223 -0.171393 -0.000183 0.000076 -0.000011 -0.016047 -0.000098 0.186598 -0.292366 -0.000018 -0.044662 -0.150143 0.000013 -0.167173 -0.198818 0.288791 -0.000015 -0.271150 -0.122445 0.000269 0.057141 0.049531 0.015656 -0.000144 -0.053498 0.241762 0.000078 0.000175 0.280423 -0.043111 -0.000044 0.169643 0.382443 -0.075389 -0.000025 -0.000098
0.086575 -0.048715 -0.108450 0.000224 -0.000078 -0.003024 -0.033508 -0.115342 -0.013027 -0.111933 -0.007873 0.000065 0.000094 0.000071 -0.293018 -0.000062 0.234665 -0.064698 0.000026 0.021770 -0.322921 0.000018 0.171647 -0.016674 -0.027616 -0.000306 -0.006362 -0.135350 -0.000009 0.185679 0.026225 0.049388 0.000009 -0.000493 0.042742 -0.000399 0.000087 -0.005012 -0.022143 0.000035 -0.182937 -0.459422 0.292068 -0.000003 0.000081
-0.043361 0.141816 -0.036695 0.000000 -0.000105 -0.291646 -0.252209 0.076690 -0.115314 -0.110024 0.169908 0.000079 0.000018 -0.000042 0.010978 0.000031 0.211994 -0.040048 0.000018 0.289751 0.012404 -0.000012 0.317158 -0.044624 0.063700 -0.000017 -0.200337 0.122115 0.000025 -0.003963 0.027020 -0.109998 -0.000112 -0.039465 0.003805 -0.000174 -0.000151 0.122934 -0.296014 -0.000027 -0.229531 -0.116880 -0.160625 -0.000037 0.000043
-0.003110 0.066634 -0.387275 -0.000018 0.000067 -0.323620 -0.119168 0.371967 0.245349 0.120126 -0.334085 0.000029 0.000024 0.000071 0.148035 -0.000023 0.096126 -0.303867 -0.000046 0.000495 0.096278 -0.000001 0.185521 -0.077967 -0.038757 0.000243 0.312850 0.253026 0.000018 -0.130072 0.046011 -0.052207 0.000069 -0.114342 -0.270870 0.000081 -0.000207 0.051214 0.398430 -0.000011 -0.035194 0.096500 0.103219 -0.000050 -0.000119
-0.039057 -0.411830 0.077484 -0.000309 0.000034 0.279291 -0.040726 0.084133 -0.019221 0.356510 -0.000712 -0.000066 0.000123 0.000048 -0.407327 0.000009 -0.091277 -0.163839 -0.000009 0.149781 0.152999 -0.000097 0.083208 -0.079811 -0.028209 -0.000039 0.111746 -0.152723 -0.000457 -0.081863 0.087652 -0.020082 -0.000096 0.012470 0.153513 0.000030 -0.000122 0.058748 -0.063994 -0.000137 -0.286769 0.058751 -0.064691 0.000009 -0.000096
-0.479396 -0.369152 0.533159 0.000258 0.000001 0.008994 0.176764 0.215066 0.078873 0.033074 -0.025868 0.000287 -0.000103 -0.000048 0.050353 0.000035 -0.011530 -0.165113 0.000026 0.072315 0.077821 0.000052 -0.203391 -0.030168 -0.142658 -0.000167 -0.019521 -0.076542 0.000499 -0.050196 0.080236 -0.011239 -0.000004 -0.121851 0.072024 0.000018 -0.000243 0.413914 -0.111804 0.000045 -0.228631 0.302798 0.155036 0.000022 0.000016
-0.258458 0.087277 0.056009 0.000039 0.000022 0.047974 -0.006507 -0.138023 0.149029 0.439314 -0.020389 0.000280 -0.000167 0.000100 0.045013 0.000131 0.165768 -0.057431 -0.000071 0.019811 0.179154 -0.000015 -0.009900 0.022501 0.105024 0.000012 0.427053 0.165195 -0.000197 0.084303 0.037066 -0.081166 -0.000047 0.160095 0.132778 -0.000018 0.000241 -0.500504 -0.018464 0.000073 0.023619 -0.025688 -0.148144 -0.000008 0.000054
0.450417 0.306358 -0.118251 -0.000351 0.000106 -0.054698 0.039281 -0.228868 -0.134494 0.154356 0.093317 -0.000144 -0.000232 -0.000082 -0.012982 0.000023 -0.263716 0.203663 -0.000006 0.002788 -0.172588 -0.000002 0.188584 0.151643 -0.021757 -0.000014 0.205838 0.301981 -0.000034 -0.014660 0.043801 -0.077668 -0.000209 0.209384 0.098311 -0.000103 0.000123 -0.319058 -0.142729 -0.000142 -0.217687 0.245616 0.231443 0.000020 0.000038
