-0.000003 0.030426 -0.169672 0.686922 0.127689 0.000026 0.000051 0.159383 -0.174304 0.299967
0.000163 -0.020839 -0.462796 0.105536 0.096001 0.000003 0.000028 -0.194121 -0.008450 0.109966
-0.000011 -0.049542 -0.157912 0.131900 -0.309567 -0.000051 -0.000017 -0.139941 0.073719 -0.005719
0.000069 0.018841 0.021114 0.387353 -0.161492 -0.000029 -0.000064 0.097138 0.002751 0.154460
0.000044 -0.034491 -0.218551 0.316668 0.245270 0.000029 -0.000005 -0.030864 -0.011620 0.168941
-0.000024 -0.038571 -0.347217 0.441593 -0.298703 0.000027 0.000014 -0.120857 0.006704 0.024465
-0.000011 0.131462 -0.163047 0.331506 -0.042532 -0.000064 -0.000021 -0.029841 -0.063428 0.112148
-0.000029 -0.041590 -0.256322 0.048713 0.175062 0.000077 -0.000016 0.105576 -0.022936 0.163600
0.000081 -0.189528 0.013546 -0.275447 0.035113 0.000095 -0.000074 0.197926 0.032607 0.049425
-0.000069 0.188614 -0.311997 -0.336944 -0.081186 -0.000082 0.000086 0.143490 0.074849 0.059919
-0.000110 0.224280 -0.223328 -0.269505 0.033800 0.000033 -0.000006 0.211335 -0.011062 0.209529
0.000037 0.321692 -0.282983 -0.066621 0.116883 0.000022 0.000025 0.248389 -0.002245 0.225465
0.000004 0.190922 -0.080179 0.040217 0.267459 0.000087 0.000014 0.469003 -0.037333 0.159055
0.000012 -0.287464 -0.094890 0.065663 0.004611 0.000045 0.000001 0.305321 0.102958 0.224402
0.000075 -0.255147 -0.032420 -0.111715 -0.297089 -0.000024 0.000049 0.189725 0.215166 0.223575
-0.000040 -0.240435 -0.060544 -0.055578 0.211601 -0.000090 -0.000083 0.143176 0.250076 0.131903
0.000034 0.130895 -0.072205 -0.174857 -0.106521 -0.000048 0.000025 0.229866 0.266787 0.006718
-0.000034 0.264007 -0.113859 -0.145726 0.250084 0.000091 -0.000034 0.047138 0.273993 -0.057927
-0.000023 0.224586 0.107068 -0.211552 0.160803 -0.000012 -0.000044 0.078973 0.240357 -0.077185
0.000000 -0.120371 0.025130 -0.269132 -0.055958 0.000028 -0.000025 -0.024016 0.342224 0.134062
-0.000009 -0.095555 0.225963 0.146165 -0.335011 -0.000031 -0.000035 0.252105 0.254070 -0.016599
-0.000033 0.006355 0.248994 0.099018 -0.216225 0.000091 -0.000046 0.244975 0.188857 -0.123360
-0.000011 0.028663 0.392774 0.272332 -0.305951 0.000079 -0.000052 0.281027 0.122013 -0.063526
0.000022 0.242567 -0.006664 -0.117110 -0.011462 -0.000036 0.000006 -0.002875 0.233773 0.007989
-0.000206 -0.004481 -0.341922 -0.014180 0.067238 -0.000081 -0.000036 -0.168370 0.362669 -0.104573
-0.000011 0.225445 -0.339053 -0.005870 0.262068 -0.000045 0.000004 -0.148057 0.207128 -0.333634
-0.000017 0.246596 -0.523403 0.206393 0.152261 0.000017 0.000037 0.110221 0.080467 -0.257685
0.000004 -0.000210 -0.578105 0.215999 -0.144698 -0.000019 -0.000033 0.160783 0.083781 0.047211
-0.000036 -0.110954 -0.503057 0.002113 0.231739 -0.000110 -0.000045 -0.101837 0.018302 0.294213
-0.000031 -0.026439 -0.416111 -0.047286 0.065141 0.000003 -0.000038 -0.071408 -0.059617 -0.000217
0.000161 0.162904 -0.250935 0.229125 0.015887 0.000047 0.000004 0.038098 -0.071755 -0.121625
0.000016 -0.002828 -0.141970 0.380366 -0.188653 0.000090 -0.000010 -0.038068 -0.033266 0.035974
-0.000087 -0.021781 -0.276591 0.240527 0.010813 -0.000008 -0.000071 -0.129068 -0.021469 -0.052595
0.000079 0.007070 -0.087780 0.118513 0.067990 -0.000178 -0.000048 -0.109158 -0.039851 -0.139504
0.000057 -0.131368 0.014353 -0.002045 -0.075349 -0.000059 0.000002 -0.332206 -0.024778 -0.002007
-0.000032 0.041356 0.037001 0.104449 -0.062093 -0.000040 0.000017 -0.068655 -0.061139 0.046864
0.000006 -0.227358 0.039379 0.245771 -0.229151 -0.000049 0.000002 -0.247770 0.002068 -0.239718
-0.000022 -0.416810 -0.017498 0.159763 -0.113026 0.000055 -0.000024 -0.273710 0.001952 -0.281649
-0.000027 0.043101 0.162404 0.392656 0.484845 0.000009 -0.000040 0.119102 -0.161705 -0.421888
0.000075 0.072463 -0.232621 0.036611 -0.007004 -0.000075 0.000000 0.131866 -0.004120 -0.564424
0.000004 0.077947 -0.287582 -0.092137 -0.281404 0.000025 0.000022 0.110105 -0.002465 -0.289396
-0.000002 0.010703 -0.194290 -0.247166 -0.384044 -0.000020 -0.000003 0.084305 0.021171 -0.144097
0.000071 0.010745 -0.161594 -0.055938 -0.233533 -0.000037 -0.000023 0.333236 -0.007325 0.159982
-0.000019 -0.130696 0.045794 -0.328535 -0.240647 0.000009 -0.000034 0.286357 0.019273 0.050771
0.000050 0.049595 0.257350 -0.259445 0.044834 0.000030 -0.000029 0.442900 -0.151297 -0.226210
0.000004 0.067035 -0.039828 -0.298785 0.025845 -0.000163 -0.000038 0.289113 -0.163995 -0.330486
0.000022 0.089437 0.278966 -0.114307 0.342510 0.000021 0.000010 0.139859 -0.230957 -0.261409
-0.000016 0.342782 -0.100987 -0.140715 -0.054893 0.000079 -0.000038 0.003231 -0.106819 -0.197830
-0.000135 0.188459 -0.031882 -0.190668 -0.510877 0.000067 -0.000006 0.088482 -0.108561 0.123094
0.000137 0.264267 -0.422406 -0.372041 -0.204865 -0.000032 -0.000016 0.012077 -0.029941 -0.089351
-0.000027 0.388754 0.094177 -0.009855 0.008763 0.000080 0.000007 0.220627 -0.250615 -0.093247
0.000033 0.327064 -0.096042 0.108903 -0.122835 0.000120 -0.000012 0.099300 -0.208061 0.019257
0.000055 0.342253 -0.007765 0.076378 -0.409859 0.000059 0.000034 0.178247 -0.207147 0.475377
0.000013 0.286951 -0.143651 0.004811 -0.231045 -0.000126 0.000040 0.011418 -0.155272 0.165453
-0.000068 -0.084619 -0.060276 -0.231126 -0.019441 0.000050 0.000027 -0.245071 -0.039567 0.145054
-0.000002 0.006476 -0.069077 0.061605 -0.201393 -0.000160 -0.000049 -0.241911 -0.012619 -0.034115
-0.000080 0.008147 0.016359 0.208704 0.069514 -0.000057 0.000003 -0.042942 -0.096897 -0.029566
0.000071 0.065568 0.032028 0.042757 0.004477 0.000009 -0.000003 -0.077819 -0.116824 0.021157
-0.000006 -0.040206 0.143739 0.383162 0.118265 0.000025 -0.000075 0.084113 -0.218695 0.029794
0.000029 -0.063305 -0.104822 0.451262 0.000433 -0.000081 -0.000031 -0.338713 -0.220953 0.343606
0.000025 -0.010849 -0.276624 0.527498 -0.226581 -0.000002 0.000044 -0.330665 -0.187450 0.319183
-0.000018 0.060093 -0.242119 0.198662 0.052427 -0.000014 -0.000036 -0.398459 -0.177771 -0.021581
-0.000004 0.035989 -0.126363 -0.024556 0.102357 0.000013 0.000019 -0.392250 -0.095297 0.197624
0.000020 -0.015278 0.069239 0.287737 -0.119168 0.000129 -0.000037 -0.076216 -0.086591 0.080650
-0.000034 0.120684 -0.050161 0.430710 -0.024748 0.000059 0.000026 0.141983 -0.074739 0.092826
0.000005 -0.199076 -0.142179 0.174030 0.017332 -0.000074 0.000018 0.001042 -0.023944 0.110057
-0.000088 -0.283435 -0.139290 0.154264 0.243768 0.000116 0.000036 -0.134049 -0.049115 0.139671
0.000046 -0.345653 0.037730 0.213403 -0.029551 -0.000059 -0.000071 -0.015429 -0.088913 0.051913
-0.000015 -0.266085 -0.009806 0.000701 -0.003970 -0.000050 0.000033 -0.032663 -0.049962 0.203972
0.000003 -0.081328 -0.150122 0.135355 -0.011731 0.000005 0.000034 0.088083 -0.012316 0.035408
0.000024 0.110410 -0.379135 0.336160 0.019321 0.000076 -0.000015 0.161028 -0.028206 -0.192211
-0.000029 -0.093908 -0.296301 -0.000396 -0.099450 -0.000103 0.000018 -0.095310 0.104186 -0.035650
-0.000006 -0.190818 0.046949 0.017091 -0.074647 0.000027 0.000017 0.167684 0.009665 -0.092558
0.000006 -0.122017 0.144066 -0.124599 0.069196 -0.000035 -0.000038 0.176692 -0.034356 0.027469
0.000019 -0.154314 0.162865 -0.150716 0.088742 -0.000024 0.000033 0.140325 -0.002839 0.166477
0.000073 -0.201200 0.309173 0.022284 0.155267 -0.000052 0.000003 0.102392 -0.097997 0.519878
-0.000030 -0.184204 0.509345 -0.058252 -0.057600 -0.000027 -0.000020 0.036672 -0.125076 0.594277
-0.000066 -0.109724 0.191243 0.104517 -0.122777 0.000047 0.000001 0.260851 -0.159411 0.318402
-0.000010 0.108881 0.117494 -0.460580 -0.134179 0.000059 0.000037 -0.122739 -0.009264 0.313614
0.000048 0.193587 -0.007732 -0.414490 -0.272107 -0.000036 0.000020 -0.003196 0.001424 -0.030641
0.000009 0.319981 0.304221 -0.381016 -0.212497 -0.000012 0.000024 0.136869 -0.007266 -0.330385
-0.000032 0.660964 0.105691 -0.244878 -0.208749 0.000010 0.000051 0.088076 -0.015258 -0.357503
0.000074 0.539686 0.271066 -0.269691 -0.175318 -0.000009 -0.000069 -0.043523 -0.024994 -0.016860
-0.000150 0.370828 0.131625 -0.089524 -0.322907 0.000079 -0.000002 0.091777 -0.011947 -0.016606
0.000009 0.342195 0.064218 0.051375 -0.279248 -0.000003 -0.000046 0.245249 -0.136164 -0.032382
0.000016 0.335294 0.064603 0.125249 -0.138556 0.000052 0.000009 0.298875 -0.257262 0.094761
-0.000048 0.027931 0.136366 -0.222110 -0.178739 -0.000078 -0.000046 0.019592 -0.217132 0.307983
0.000041 0.013406 -0.031131 -0.053774 -0.140561 -0.000021 0.000035 0.225663 -0.291047 0.154840
0.000048 -0.158125 0.027392 -0.120229 -0.165245 0.000033 0.000001 -0.231044 -0.201429 0.089455
-0.000128 -0.220199 0.260150 0.158310 0.347415 -0.000018 0.000059 -0.152734 -0.223428 0.047637
-0.000007 0.034609 0.304261 0.321135 -0.255389 0.000033 0.000017 -0.105245 -0.172433 0.270561
0.000028 0.105767 0.208328 0.324832 -0.259981 0.000049 -0.000014 -0.287899 -0.063122 0.013008
0.000028 -0.042047 0.130947 0.066655 -0.221677 -0.000004 -0.000024 -0.425095 0.112129 -0.239171
-0.000019 0.185165 0.192161 0.154996 -0.206316 -0.000028 0.000040 -0.127035 0.053208 -0.178088
0.000143 0.113460 0.030051 0.354267 0.150748 0.000027 -0.000034 -0.135862 0.014322 -0.051706
0.000001 -0.226876 -0.181590 0.149154 0.338275 0.000017 -0.000006 0.049662 0.087976 -0.016608
0.000030 -0.237024 -0.122200 0.169997 0.328228 0.000059 0.000018 -0.231530 0.075626 -0.317531
-0.000009 -0.333975 0.010337 0.151428 0.126334 -0.000047 0.000017 -0.129149 0.101123 -0.229664
-0.000085 -0.434387 -0.191910 0.080382 0.052873 0.000049 0.000012 -0.026507 0.143210 -0.015489
-0.000041 -0.305987 -0.376415 -0.000102 -0.165143 0.000034 0.000039 0.065230 0.078248 0.127399
-0.000030 -0.097818 -0.178401 0.310222 0.027649 0.000054 0.000035 0.162466 0.043079 0.101430
0.000024 -0.026030 0.043996 -0.053200 0.219853 0.000064 0.000013 -0.106625 0.070447 -0.143627
0.000055 0.057759 -0.040830 -0.121654 0.048520 -0.000009 -0.000072 0.125901 -0.013741 -0.084385
0.000000 -0.390490 -0.234646 0.071260 -0.089805 0.000005 0.000002 0.100870 0.031701 -0.196890
0.000050 -0.404559 -0.006735 0.131481 -0.079900 -0.000027 -0.000028 0.059665 -0.017529 -0.069244
0.000029 -0.371542 0.154182 -0.111180 -0.146676 0.000051 -0.000018 0.254012 -0.006219 0.211441
-0.000059 -0.253063 0.278273 0.220691 0.218840 -0.000014 0.000006 0.106275 -0.008594 0.091832
-0.000068 -0.169796 0.471542 -0.009063 0.003598 -0.000026 -0.000039 0.180762 -0.020918 0.145826
0.000075 -0.282908 0.163766 -0.035689 -0.139671 0.000091 -0.000024 -0.049305 0.028514 0.402533
0.000024 -0.243721 0.030657 -0.102123 0.081123 0.000090 0.000046 -0.085323 0.070308 0.236220
-0.000032 0.183834 0.184670 0.276349 -0.146708 0.000058 0.000033 0.416983 -0.005675 -0.332302
-0.000079 -0.082610 0.227722 0.004883 -0.172373 0.000070 -0.000024 0.146927 0.123241 -0.671766
-0.000095 -0.154896 0.054990 -0.436968 -0.202197 0.000096 -0.000036 -0.110994 0.212943 -0.462084
0.000065 0.219613 0.128081 -0.132839 -0.032714 0.000051 0.000008 0.060001 0.001405 -0.319828
0.000051 0.359778 -0.024550 -0.238967 -0.164126 0.000014 0.000007 -0.123192 0.027313 -0.056937
-0.000001 0.322267 0.040793 -0.021868 -0.423520 0.000003 0.000010 0.073886 0.048671 -0.038482
0.000023 0.258351 0.140921 0.066701 -0.017079 0.000024 0.000003 0.226986 0.045515 -0.250351
-0.000007 0.075339 0.314339 -0.032373 0.106012 -0.000050 -0.000032 0.026561 0.221310 -0.294027
0.000081 0.117086 0.412910 0.008434 -0.419649 -0.000002 0.000003 -0.081956 0.336718 0.135818
0.000042 -0.051487 0.150560 -0.018451 -0.100011 -0.000057 -0.000027 -0.333563 0.395800 -0.179748
-0.000084 0.085015 0.130295 0.066231 -0.150659 0.000150 -0.000043 -0.043934 0.293727 0.021839
0.000016 0.115248 -0.104224 0.138768 0.173470 0.000035 -0.000045 0.149900 0.198045 0.012380
0.000006 -0.022857 -0.018405 0.071455 -0.042220 -0.000078 -0.000061 0.059201 0.291721 -0.010238
0.000093 -0.072912 0.081564 0.230887 0.281811 -0.000048 -0.000025 0.279102 0.124227 0.104164
0.000023 0.191585 0.084053 0.139823 0.064235 -0.000022 0.000007 -0.036405 0.156767 0.112558
-0.000011 0.034630 0.129858 0.171503 0.403872 0.000017 0.000019 -0.394382 0.194190 -0.208230
0.000049 -0.208383 -0.178736 0.113084 -0.327821 0.000021 -0.000023 0.046000 0.304368 -0.288027
-0.000026 -0.411763 0.092309 -0.078162 -0.021729 0.000088 0.000017 0.071227 0.325311 -0.164715
0.000074 -0.211567 0.190820 0.218949 0.149953 0.000089 -0.000027 0.001973 0.225374 -0.206581
-0.000023 -0.330736 0.172259 0.151028 0.207544 0.000041 -0.000031 -0.054466 0.165023 0.142165
-0.000064 -0.246797 -0.068881 -0.044456 -0.066103 -0.000002 0.000044 -0.079764 0.198801 0.120490
-0.000001 0.184512 -0.122185 -0.284422 -0.324390 0.000010 -0.000061 0.077866 0.126269 0.003767
-0.000107 0.211962 0.010486 -0.044402 -0.069433 -0.000104 -0.000069 0.298480 0.014422 -0.125696
-0.000020 -0.082297 0.205059 -0.255761 0.198520 0.000049 0.000011 0.402232 -0.021277 -0.156110
-0.000050 -0.470471 0.183694 -0.235609 0.039027 0.000088 -0.000061 0.271036 -0.012737 -0.313826
-0.000089 -0.720783 0.207442 -0.192998 -0.073868 0.000059 0.000061 0.156242 -0.002680 0.184962
-0.000018 -0.506780 0.371204 -0.111125 0.304976 0.000043 0.000034 0.081553 0.057112 0.008568
0.000008 -0.758341 0.334389 0.062413 0.320947 -0.000096 0.000039 0.165212 0.041535 0.228214
