-0.003363
-0.004119
-0.006018
0.000000
-0.006005
0.000000
-0.006744
-0.005422
-0.009440
-0.004485
-0.006266
0.000000
-0.004455
-0.006790
0.000000
0.000000
-0.006005
-0.006003
0.000000
-0.006091
-0.005998
-0.006348
-0.002783
0.000000
-0.002712
-0.001914
0.000000
-0.007315
-0.016023
-0.010275
-0.005628
0.000000
0.000000
-0.006958
-0.002773
-0.003866
0.000000
-0.006756
-0.001422
-0.007676
0.000000
0.000000
0.000000
-0.002468
-0.015501
-0.011934
-0.006952
-0.005961
0.000000
-0.002750
-0.006389
0.000000
0.000000
-0.002553
-0.002402
-0.006519
-0.006004
-0.004805
-0.005011
-0.001599
0.000000
0.000000
0.000000
-0.006005
-0.007746
-0.004596
-0.006113
0.000000
-0.002914
-0.016681
0.000000
0.000000
0.000000
-0.006005
0.000000
-0.004142
-0.004306
0.000000
0.000000
-0.006216
0.000000
-0.002690
-0.004619
0.000000
0.000000
-0.005706
0.002821
-0.001819
-0.005425
0.000000
-0.005807
-0.003259
-0.004444
0.000000
-0.008082
-0.006004
-0.005334
-0.008764
0.000000
-0.006005
-0.006002
-0.002871
-0.011885
-0.005981
-0.002284
-0.006461
-0.003902
-0.001083
0.000000
-0.004757
-0.006004
-0.003791
0.000000
-0.001471
0.013769
-0.002039
0.000000
-0.006005
-0.002705
-0.007079
-0.002289
0.000000
0.000000
0.000000
0.000000
0.000000
-0.002234
0.000000
-0.001817
-0.002423
-0.002997
0.000000
-0.011774
0.046864
0.000000
0.000000
-0.005967
0.000000
-0.004568
-0.005198
-0.005055
-0.003630
-0.007515
-0.010422
0.000000
0.000000
-0.005779
-0.001429
-0.008970
-0.006001
0.000000
-0.005296
-0.002583
0.000000
-0.001685
-0.006004
0.000000
-0.005404
-0.006004
0.000000
-0.006004
-0.005080
-0.005056
0.000000
-0.006001
-0.003544
-0.006008
0.000000
0.000000
-0.005153
-0.010730
-0.005485
-0.004765
-0.004674
0.000000
-0.008246
0.000000
0.000000
-0.006004
-0.006371
0.000000
-0.005301
-0.006002
-0.008510
0.000000
0.000000
-0.001899
0.000000
0.000000
-0.000882
-0.006004
-0.005578
-0.001382
-0.005115
-0.005025
0.000000
0.000000
-0.006560
-0.001701
0.000000
-0.002568
-0.003358
-0.006000
-0.001636
-0.004024
0.000000
-0.005979
0.000000
-0.001701
-0.007290
-0.001619
-0.006174
-0.003437
0.000000
0.000000
-0.001940
-0.004084
-0.005736
-0.005321
-0.003143
0.000000
0.000000
-0.004792
0.000000
-0.001181
-0.006620
0.000000
2.279034
-0.005112
-0.006638
-0.005379
0.000000
-0.004621
-0.002474
0.000000
-0.001376
0.000000
-0.005604
-0.006163
0.000000
-0.006002
0.000000
-0.005292
0.000000
-0.005276
-0.006005
-0.005514
-0.002250
-0.008976
-0.006129
-0.005933
0.000000
0.000000
0.000000
-0.005099
0.000000
0.000000
0.000000
0.000000
-0.001843
-0.002300
-0.001526
0.000000
-0.006097
-0.002461
-0.005930
-0.005917
-0.004440
0.000000
-0.003126
-0.004590
-0.006005
-0.006217
0.000000
0.000000
0.000000
-0.001576
-0.006859
0.000000
-0.003728
0.000000
-0.006005
-0.003198
-0.004180
-0.005033
-0.004265
0.000000
-0.004918
-0.003009
-0.002010
-0.002312
-0.008455
-0.010940
-0.001138
-0.008192
-0.001263
0.000000
-0.006492
-0.005329
-0.002849
-0.002037
-0.010800
-0.004047
0.000000
-0.007347
-0.006005
-0.004321
0.000000
-0.000367
0.017309
-0.006703
-0.002235
-0.007621
-0.005853
-0.002457
-0.003920
-0.001085
1.221010
-0.006231
-0.005998
0.000000
-0.002329
-0.002297
-0.002860
-0.008835
-0.005270
-0.007484
-0.005992
0.000000
0.000000
-0.002046
0.000000
-0.006004
-0.005997
0.000000
0.000000
-0.003743
0.000000
0.000000
0.000000
-0.000999
-0.006439
-0.002044
0.000000
-0.002001
0.000000
0.000000
-0.003764
0.019002
0.000000
-0.003102
-0.007173
-0.005056
0.000000
0.000000
0.000000
-0.008300
-0.004106
-0.005782
-0.001647
-0.006005
-0.004711
0.000000
0.000000
0.000000
-0.002514
-0.006005
-0.002299
0.000000
-0.006005
-0.006000
-0.000741
0.000000
-0.005913
0.000000
-0.001785
0.000000
-0.017176
0.000000
-0.003222
-0.004954
-0.009621
0.000000
-0.006005
-0.008176
0.000000
-0.002875
-0.006044
-0.006005
-0.003651
0.000000
-0.003668
0.000000
-0.002344
-0.007033
0.000000
-0.000411
-0.006836
0.000000
0.000000
-0.002993
0.000000
-0.006402
0.000000
0.000000
0.000000
0.000000
-0.004194
0.000000
-0.005994
0.000000
0.000000
0.000000
-0.002874
-0.001718
0.000000
-0.002694
0.000000
0.000000
-0.007087
-0.005003
-0.002243
-0.006005
0.000000
0.000000
-0.009479
-0.006003
-0.017165
-0.001642
0.000000
-0.005117
0.000000
-0.005955
-0.002131
-0.004166
0.000000
-0.013347
-0.008348
-0.006002
0.000000
-0.001715
-0.003609
-0.007625
0.000000
-0.006004
0.000000
-0.005269
0.009226
0.000000
0.000000
-0.005066
-0.003081
-0.009640
-0.006708
0.000000
0.000000
-0.004155
-0.004962
0.000000
0.000000
-0.001774
-0.001209
-0.003510
-0.004664
0.000000
-0.002788
-0.001797
-0.005102
-0.006004
0.000000
0.000000
-0.002463
-0.004533
-0.002970
-0.001515
-0.005727
0.000000
0.000000
-0.020055
-0.010692
0.000000
-0.008524
0.000000
-0.004047
-0.004752
0.000000
-0.003306
0.000000
-0.006001
0.000000
-0.010058
-0.006998
-0.005985
-0.006003
-0.006005
-0.006047
-0.008821
0.000000
-0.003169
0.000000
-0.000883
-0.003809
-0.005065
-0.005108
-0.001874
-0.005228
-0.001610
-0.005763
-0.003051
0.000000
0.000000
-0.005999
-0.007543
-0.002553
0.000000
0.000000
0.000000
-0.003185
0.000000
-0.005220
-0.003305
-0.006525
-0.004058
-0.004117
-0.005599
0.000000
-0.002196
0.000000
-0.006004
0.000000
-0.001924
-0.004221
0.000000
0.000000
0.000000
0.000000
-0.006003
-0.010517
-0.006004
0.000000
-0.002870
0.000000
-0.006968
-0.005378
-0.002304
0.000000
0.000000
-0.006004
0.000000
0.000000
-0.006003
0.000000
-0.001417
-0.006005
-0.005986
-0.005708
-0.005976
-0.004636
-0.006560
-0.003810
-0.007616
-0.002560
0.000000
-0.005998
-0.006308
0.000000
-0.001137
0.000000
-0.006390
0.000000
-0.002642
-0.000071
-0.002629
-0.006004
-0.004135
0.000000
0.000000
-0.007347
0.000170
-0.008358
-0.002418
-0.003326
-0.004489
0.000000
0.000000
0.000000
0.000000
-0.006266
-0.002807
-0.002483
-0.005145
0.000000
0.000000
0.000000
-0.004098
-0.006002
0.000000
-0.004333
0.000000
-0.005213
