-0.012994
-0.040455
-0.056823
-0.031783
0.246893
-0.396704
-0.037933
-0.327082
-0.008739
-0.006066
-0.030593
-0.029597
-0.011298
-0.446756
0.048588
-0.004375
-0.011105
-0.127584
-0.164413
-0.018273
-0.183128
-0.202028
-0.006021
-0.001918
-0.098765
-0.027204
-0.047122
-0.006874
-0.025487
-0.029576
-0.006030
-0.398404
-0.145372
-0.026558
-0.031651
-0.002954
-0.025867
-0.016896
-0.028699
-0.045681
0.367807
-0.005558
-0.134003
-0.195008
-0.066463
-0.088684
-0.073755
-0.042653
0.053355
-0.045589
-0.008919
-0.014560
0.180318
-0.034727
-0.121501
-0.017331
-0.071494
-0.049381
-0.008007
-0.037873
-0.064029
-0.030808
0.887571
-0.036869
-0.247487
-0.045620
-0.077041
0.012279
-0.059121
-0.051681
-0.031754
-0.296247
-0.318501
-0.006604
-0.001667
-0.028811
-0.025065
-0.039422
-0.023990
-0.673724
-0.005939
-0.019871
-0.035013
-0.030851
-0.162438
-0.025872
-0.000984
-0.016896
-0.045149
0.027062
-0.302427
-0.054650
-0.290268
-0.001403
-0.016031
-0.027556
-0.136135
-0.329465
-0.035931
0.398980
-0.028644
-0.063530
-0.292981
-0.021436
-0.149429
2.085100
-0.006638
-0.045681
-0.031380
-0.010118
0.299601
0.014543
-0.020860
-0.005999
-0.039592
-0.016590
0.000000
-0.004040
-0.022637
0.005657
-0.091210
-0.090799
-0.012084
-0.037336
-0.055385
-0.019714
-0.113956
-0.039664
-0.520667
-0.030615
-0.011034
-0.403566
0.054138
-0.056176
1.783978
-0.020620
-0.148990
-0.280706
-0.410602
-0.021619
-0.003445
-0.213876
-0.013000
-0.187623
-0.092976
-0.048764
-0.008023
-0.022761
-0.058759
-0.034512
-0.227158
-0.113757
-0.015744
-0.024210
-0.031053
-0.030389
-0.149108
-0.039658
-0.288048
-0.086027
-0.037847
-0.127710
-0.050520
-0.296458
0.009789
-0.030834
-0.043526
-0.021183
0.000020
-0.008062
-0.029882
-0.031407
-0.013709
-0.034761
-0.009449
-0.130214
-0.029095
-0.027378
-0.036134
0.005219
-0.043577
-0.021719
-0.106701
-0.021091
-0.011155
-0.155649
-0.046375
-0.054774
-0.012466
-0.047331
-0.009591
-0.013549
-0.005423
0.121104
-0.017828
-0.013674
0.016876
-0.057038
-0.035717
-0.034182
-0.011333
-0.079615
-0.052979
-0.449248
-0.021957
0.004660
-0.018787
-0.093983
-0.031262
-0.109619
-0.244743
-0.013140
-0.163145
-0.094685
-0.047787
-0.036767
-0.005947
-0.092222
-0.280452
-0.160090
-0.031508
-0.030392
-0.032190
-0.273303
-0.030461
-0.144022
-0.036264
-0.151201
-0.038791
-0.017145
0.445745
-0.058099
-0.022552
-0.017228
-0.049378
-0.025797
-0.044844
-0.028941
-0.030601
-0.017010
0.065183
-0.002672
-0.042395
-0.133105
-0.043836
-0.035743
-0.035154
-0.031449
-0.021907
0.025462
-0.038899
-0.088713
-0.543978
-0.010198
-0.025717
0.064388
-0.034837
-0.031409
-0.008133
-0.629312
-0.005464
-0.131601
0.028902
-0.030374
0.026110
-0.073918
-0.396718
-0.308571
-0.021997
-0.018648
-0.346971
-0.045009
-0.023723
-0.158596
-0.316246
-0.109049
-0.016894
-0.004050
-0.039904
-0.018933
-0.003160
0.016195
-0.236802
-0.024053
-0.032225
0.046706
0.002867
-0.042174
-0.035681
-0.009650
-0.018384
-0.037270
0.027727
-0.044908
-0.223357
-0.007465
-0.012883
-0.016686
-0.019832
-0.031583
-0.049851
-0.026855
-0.048553
-0.011083
-0.333976
-0.046629
-0.101094
-0.030352
-0.002777
-0.028224
-0.077723
0.134316
-0.085545
-0.059581
-0.006005
-0.030001
-0.035947
-0.162967
-0.030750
-0.024640
-0.044609
-0.013628
-0.039557
-0.321414
-0.009829
-0.056937
-0.238674
-0.469542
-0.031441
-0.019857
-0.037221
-0.031279
-0.025729
-0.032796
-0.025385
-0.031767
-0.030655
-0.028545
-0.004236
-0.007144
-0.008742
-0.023302
-0.062724
-0.031381
-0.013239
-0.078491
-0.027399
-0.059597
-0.043571
-0.041892
-0.030128
-0.058811
-0.030646
-0.041105
-0.217583
-0.043948
-0.005272
-0.022711
-0.085227
-0.024132
-0.011108
-0.328798
-0.003686
-0.031123
-0.019727
-0.016694
-0.007119
-0.001246
-0.095134
-0.034626
0.014162
0.477425
-0.042845
-0.023264
-0.126762
-0.008995
-0.012814
-0.140746
-0.031432
-0.018622
-0.155554
-0.019838
-0.024241
-0.187856
-0.534645
-0.004771
-0.037145
-0.021471
-0.064801
-0.059764
-0.437434
0.702683
-0.006550
-0.023228
0.000059
-0.036494
-0.455529
0.030335
-0.038830
0.038199
-0.050803
-0.466934
-0.044930
0.000574
-0.048180
-0.014800
-0.011495
-0.013786
-0.037489
-0.014290
-0.019563
0.013322
-0.028706
-0.041546
-0.030760
-0.031617
-0.034469
-0.037786
0.005588
-0.036747
-0.025974
0.264788
-0.280168
-0.028634
-0.015993
0.005496
-0.114126
0.092649
0.031223
-0.016419
-0.082159
-0.025979
-0.030278
-0.030559
0.001593
-0.018367
-0.017023
-0.011313
-0.145703
-0.008959
-0.012970
0.021556
-0.018241
-0.019030
-0.233580
-0.006673
-0.029295
-0.010695
-0.006001
-0.031087
-0.006004
-0.005696
-0.030578
-0.038025
-0.006005
-0.013510
-0.063484
-0.028313
-0.042039
-0.037927
-0.043575
-0.024424
-0.046555
-0.416869
-0.032013
-0.027115
-0.024548
-0.017760
-0.040009
0.040271
-0.018777
-0.031902
-0.014633
-0.005588
-0.211624
0.012901
-0.183662
-0.261900
-0.357697
-0.199569
-0.030583
-0.091516
-0.036542
-0.518780
-0.033611
-0.356010
0.006282
-0.006045
-0.059212
-0.112329
-0.029021
-0.021057
-0.024031
-0.030812
0.008140
-0.021011
-0.042209
0.883960
-0.011437
-0.024806
