-2.565344
-0.012315
0.019362
-0.012460
-0.018273
0.006787
0.009990
-0.019201
-0.000071
-2.875561
0.017404
-0.002892
0.000007
3.091241
-0.035570
-2.570569
-0.017201
-0.000941
-1.543439
0.001464
0.005674
-0.000960
-0.016582
0.022758
0.017633
0.000227
0.002383
-0.000083
-0.026084
4.056380
0.000182
0.001357
-0.019796
-0.010023
-0.000086
-0.000248
-0.037196
0.000295
-0.028849
0.029632
0.018505
-1.501171
-0.020944
0.033663
0.009602
3.266444
-0.003739
-0.010415
-0.012156
-0.007233
-3.033336
-0.011659
-1.938127
0.034483
0.007156
-2.269787
0.002442
0.004560
0.010044
6.351998
-0.011637
-0.035004
-2.378484
0.035855
0.022841
-2.588165
5.268070
-0.000213
0.001506
-0.001849
-0.016987
-0.012681
-0.000472
7.050373
0.020748
0.020717
-0.000221
-0.008677
0.016863
-0.003946
0.001673
-0.000365
0.021728
0.007293
0.012386
-0.018834
4.408016
-0.009616
0.000182
-0.009404
0.000206
0.020773
-0.001469
-0.020759
0.000105
0.019864
-0.024827
0.013781
-0.000146
0.003421
0.011944
0.007466
4.675667
-0.000695
-0.002386
-0.019082
-0.000457
-0.003441
-2.743490
0.011391
-0.000074
-0.032323
-0.004515
-2.122607
-0.000388
0.035741
0.017336
-0.004197
0.010018
-0.023069
-0.009084
-0.000569
-0.000001
-0.000223
-0.000944
-2.776795
3.500404
0.000748
0.000103
