-0.003234
-0.021948
-0.004327
-0.002694
-0.017661
-0.002335
-0.000359
-0.021306
-0.001037
-0.000858
0.106424
-0.000725
-0.001494
-0.001151
-0.002785
-0.003254
0.185454
-0.016056
-0.001509
0.138859
-0.013478
-0.007225
-0.037254
-0.002187
-0.001497
-0.000330
-0.001323
-0.001247
-0.000645
-0.028399
-0.004405
-0.006590
-0.013707
-0.002074
-0.032205
0.080387
0.088677
0.160641
-0.000459
-0.001173
0.066852
0.177990
-0.002012
-0.006686
-0.012966
-0.002013
-0.004928
-0.003191
-0.003660
-0.000584
0.153849
-0.012095
-0.026954
-0.002039
-0.000634
-0.001513
0.194183
-0.007780
