-0.022699
0.123673
1.185167
-0.000993
-0.003239
-0.023911
-0.172106
-0.005229
-0.019076
-0.001271
-0.005985
-0.004723
-0.013421
-0.013059
-0.002822
0.804027
-0.286277
0.320901
-0.000191
-0.000442
-1.366008
-0.009154
-0.016153
-0.347708
0.133166
-0.003253
-0.001457
-0.011774
0.005497
-0.074149
-0.008898
-0.062004
-0.001885
-0.016398
-0.006751
-0.003868
-1.458203
0.557836
-0.000887
-0.000663
0.007851
0.148660
-0.002367
-0.011554
-0.009038
-1.413598
-0.254972
-0.001092
-0.000695
-0.014794
-0.012090
-0.021233
0.396651
-0.001752
-0.002098
1.362617
-0.002456
-0.001720
-0.012668
0.002552
-0.012892
-0.024888
0.003240
-0.178518
-0.001305
-0.000691
-0.004146
-0.006478
