-0.001499
-0.041010
-0.022695
-0.040887
-0.000700
-0.000500
-0.001948
-0.018409
-0.000057
-0.010809
-0.002643
-0.016743
-0.002339
0.175965
0.192530
-0.001556
-0.000841
-0.000195
-0.001177
0.000077
-0.009492
-0.022630
0.122355
-0.000256
0.128520
-0.001565
-0.017743
-0.018387
-0.002026
-0.001039
-0.002711
-0.015154
0.158097
-0.000841
-0.024770
-0.000948
-0.003512
-0.018205
0.117962
-0.009587
-0.000927
-0.011072
-0.000222
-0.012175
-0.028463
-0.005065
-0.001778
-0.021499
-0.001113
-0.023990
-0.000775
-0.012747
-0.005304
-0.001362
-0.007017
-0.001323
-0.009988
-0.007951
-0.026039
0.142471
-0.004265
-0.009502
-0.020318
-0.002111
-0.002568
-0.000421
0.086071
-0.002509
-0.017593
0.175461
-0.021200
-0.000472
-0.009603
-0.010195
0.006058
-0.000236
-0.009587
-0.040025
