-0.014233
-0.534319
-0.017381
-0.021406
-0.029666
-0.000050
-0.001209
0.169380
-0.000327
0.010658
-0.004709
0.004045
0.007036
8.376170
8.268583
-0.007233
-0.005418
-0.000026
0.001365
-0.000452
0.001148
0.015709
7.855280
0.000050
6.226049
-0.013247
0.003057
0.014334
0.001939
0.010910
-0.023172
-0.006659
7.288602
-0.038192
5.264026
-0.001969
2.426429
-0.007230
5.730606
-0.015913
0.000536
0.001127
0.000022
0.011733
0.012649
-0.001011
0.000241
0.003280
-0.006957
0.005682
-0.000606
0.002870
0.005371
0.005141
0.000454
-0.000670
-0.000422
-0.008749
5.915540
5.621972
0.001591
-0.025331
-0.018291
0.040823
-0.000906
-0.012677
6.108142
-0.000288
-0.017241
6.200268
4.060229
-0.000033
0.010375
-0.006003
-0.002167
0.000297
-0.001688
-0.585001
