-0.922861
-0.009629
-0.019630
0.322646
-0.155501
-0.001998
-1.522365
-1.028938
-0.171903
-0.338085
-0.269631
-0.007730
-0.001521
-0.001861
-0.263269
-0.034142
0.907535
0.104973
-0.297537
-0.015912
-0.013055
0.863077
-0.367282
-0.011325
-0.001653
0.228134
-0.426146
-0.000599
-0.001529
-0.149939
0.000874
0.200897
0.010478
-0.003735
-1.141773
-0.189696
-0.022501
-0.016587
-0.003746
-0.094155
-0.001305
-0.001824
-0.272140
-0.452363
-0.089133
-0.002059
-0.004174
-0.010710
-0.007601
-0.002074
-0.000950
-0.273401
-0.576507
-0.738531
-0.025465
-0.001925
-0.291751
0.101128
-0.020706
-0.020909
-0.137318
0.072789
