0.089657 -0.000024 0.000130 -0.161077 0.368804 -0.000033 -0.115968 -0.534531 -0.195334 0.000184 0.371956 0.000010 0.000008 -0.000030 0.064172 -0.016986 0.074917 0.249222 -0.018288 -0.000017 -0.000190 -0.207090 0.050915 0.000021 0.000015 -0.194062 -0.236249 -0.000099 -0.000087 0.105732 -0.000438 0.061172 0.045491 0.000008 0.045337 0.443501 0.000349 -0.000059 -0.000031 -0.259606 0.000019 -0.000173 -0.313765 -0.360499 0.292240 -0.000110 -0.731632 -0.000037 0.000132 -0.000013 -0.000018 -0.068656 -0.123398 0.381584 -0.027177 0.000088 0.155240 0.016160 -0.000144 0.000040 -0.102670 0.072813
0.041320 -0.000013 -0.000074 -0.095330 0.211733 0.000063 0.096601 -0.214593 -0.520940 0.044525 0.191342 0.000024 0.000010 -0.000014 0.169963 -0.013775 0.315055 0.185683 0.029936 0.000112 -0.000128 -0.261310 0.066200 -0.000112 -0.000026 0.090600 0.073978 0.000052 0.000030 0.285699 -0.000402 -0.170921 -0.372560 0.000017 0.096141 0.422876 0.001221 -0.000085 -0.000045 -0.172402 0.000053 0.000053 -0.089205 -0.348544 0.149169 -0.000032 -0.547517 -0.000073 -0.000063 0.000102 0.000022 0.322128 -0.407991 0.533401 0.112165 0.000052 0.290029 0.217310 0.000855 -0.000073 0.003755 0.059602
0.125263 0.000052 0.000140 -0.245803 0.051308 0.000037 -0.328440 -0.033782 -0.274601 -0.164642 0.379110 -0.000037 -0.000007 -0.000048 -0.213927 -0.012271 0.314311 -0.062419 0.229913 0.000150 0.000018 -0.194507 0.167600 -0.000044 0.000134 0.340811 -0.083131 0.000050 0.000077 0.552139 -0.000246 -0.216549 0.043372 -0.000016 0.115940 0.289869 -0.000258 0.000071 -0.000007 0.316265 0.000011 0.000051 0.191757 0.198879 -0.041081 0.000055 -0.137142 -0.000070 -0.000015 -0.000029 0.000016 -0.013948 -0.408828 0.140464 -0.254541 -0.000012 0.201439 0.207445 0.000536 -0.000035 0.035757 -0.324740
0.250170 0.000004 -0.000081 0.070808 0.166965 -0.000071 -0.065150 -0.278715 0.034998 -0.012317 -0.014654 0.000035 0.000037 -0.000058 -0.060765 -0.010568 0.295775 0.225363 0.197438 -0.000033 -0.000046 0.254777 0.099980 -0.000042 0.000142 0.132456 0.083449 -0.000077 0.000012 -0.005820 -0.000184 0.062204 -0.172921 -0.000008 0.371609 0.032448 0.001022 0.000086 0.000019 0.012033 -0.000043 -0.000050 0.131699 0.145356 -0.274516 0.000069 0.061855 0.000009 0.000042 0.000075 -0.000014 -0.048575 -0.236593 -0.066458 -0.003704 0.000015 0.203915 0.069069 0.000869 0.000003 -0.072467 -0.223878
0.213077 0.000016 -0.000121 0.141507 -0.040137 0.000010 -0.009652 -0.059482 0.224483 0.183031 0.214716 -0.000080 0.000010 -0.000083 -0.344010 -0.013134 0.077483 0.057666 0.041769 0.000025 0.000183 0.268158 -0.121504 0.000017 -0.000029 0.163541 -0.216411 0.000012 0.000078 -0.170092 0.000121 0.105935 0.099696 0.000009 0.320534 -0.130587 0.001002 -0.000184 -0.000028 -0.021679 -0.000116 -0.000059 0.213996 0.115854 -0.455684 -0.000006 -0.032469 -0.000096 -0.000101 -0.000036 0.000018 -0.070745 -0.011527 -0.033660 -0.089367 -0.000051 0.169855 -0.001537 0.000802 0.000020 -0.170294 0.063249
0.008931 0.000048 -0.000023 0.472879 -0.074681 0.000079 -0.207961 0.045258 0.151043 0.165749 -0.239941 0.000039 0.000014 0.000199 -0.177072 -0.012934 0.168429 0.381228 0.101346 0.000029 -0.000020 0.105004 -0.135276 -0.000032 0.000031 -0.003618 -0.136201 -0.000065 -0.000048 0.154888 -0.000156 -0.002760 -0.037108 -0.000010 0.116262 -0.160409 0.000642 -0.000026 -0.000040 -0.234204 -0.000106 0.000048 0.019476 0.103061 -0.343026 -0.000012 -0.168536 0.000070 -0.000008 -0.000064 0.000037 0.100819 -0.162681 0.156751 0.018206 -0.000098 -0.221965 -0.267394 0.000196 0.000000 -0.195974 0.363637
0.111673 -0.000009 0.000038 0.225402 0.228061 -0.000095 -0.027722 0.092837 0.041269 0.283269 0.046296 0.000051 0.000013 -0.000029 0.043228 -0.010822 -0.017760 -0.010463 0.260845 0.000025 0.000083 -0.272380 -0.064998 0.000001 -0.000150 0.000244 0.006747 -0.000056 -0.000056 0.564857 0.000019 -0.204739 -0.170814 -0.000009 0.003813 -0.181191 0.000272 0.000060 -0.000049 -0.081549 -0.000099 -0.000053 0.235086 0.057447 0.012635 0.000169 0.344502 -0.000037 0.000029 -0.000019 -0.000131 -0.090119 -0.115583 0.160323 0.137556 0.000050 -0.466890 -0.148096 0.001004 0.000018 0.364330 -0.040937
0.180091 -0.000002 0.000046 0.056843 0.117525 0.000061 0.151963 0.126065 0.128390 0.306510 0.073653 0.000024 0.000017 -0.000058 0.023844 -0.012496 -0.025374 -0.090565 0.207301 0.000101 -0.000040 -0.086062 0.087483 0.000007 0.000152 0.455218 0.368790 -0.000054 0.000050 0.019359 -0.000321 0.049589 0.095820 0.000009 0.184259 -0.012940 0.000425 -0.000114 -0.000148 0.287533 -0.000053 0.000078 0.228014 0.046768 -0.182146 -0.000029 -0.040651 0.000001 0.000040 -0.000041 0.000018 0.407047 -0.236178 0.529448 -0.065596 -0.000180 -0.013871 -0.008754 0.000664 -0.000058 -0.297356 -0.103919
-0.000083 -0.000026 0.000110 -0.036311 -0.166410 -0.000072 -0.074918 -0.208264 0.321716 0.103208 -0.049461 0.000038 0.000045 0.000064 0.027639 -0.012741 -0.046536 0.055515 0.104726 0.000126 -0.000021 -0.224728 -0.096991 0.000097 0.000078 -0.250918 -0.013166 -0.000007 0.000075 0.081907 -0.000344 0.156394 -0.167523 0.000009 0.095476 -0.019030 0.000026 0.000003 -0.000021 0.313684 -0.000028 -0.000081 0.047059 -0.018833 -0.141268 0.000027 0.510418 -0.000138 -0.000042 -0.000059 0.000008 0.143681 -0.173401 0.499091 0.009075 -0.000029 0.303841 0.032413 0.000440 -0.000003 0.135856 0.092560
0.113944 0.000038 0.000018 0.000650 -0.054730 0.000030 0.338407 -0.218923 -0.212247 0.005447 -0.232896 0.000074 -0.000021 0.000056 0.594594 -0.011700 -0.026478 0.051409 -0.496165 0.000115 -0.000014 -0.224051 0.134215 0.000038 0.000062 -0.130418 0.224877 -0.000027 -0.000028 -0.188750 -0.000360 0.014314 0.558913 -0.000007 0.169952 -0.040971 0.000602 -0.000257 -0.000049 0.369564 -0.000040 0.000109 0.171747 -0.042655 -0.160411 -0.000052 0.046026 0.000098 0.000002 -0.000042 0.000006 -0.095671 -0.029730 0.366740 0.603488 -0.000035 -0.642808 -0.496836 0.000407 -0.000017 0.209831 -0.274692
0.003833 0.000072 -0.000016 0.214393 -0.196279 -0.000044 0.390641 -0.002898 0.339296 0.199226 -0.163151 0.000009 -0.000056 0.000019 0.164141 -0.009746 -0.106120 0.137512 0.038919 0.000043 -0.000051 -0.000245 0.368464 0.000082 0.000021 0.026704 0.030671 0.000089 0.000039 0.194266 -0.000280 -0.032510 0.604421 0.000002 0.249744 -0.011844 -0.001480 -0.000128 -0.000002 0.222649 0.000114 -0.000092 0.111712 0.145425 -0.169341 0.000130 0.148474 0.000029 -0.000027 -0.000063 -0.000020 -0.086729 0.056241 0.119757 0.491812 0.000102 -0.670508 -0.933930 0.001194 0.000047 -0.171186 -0.185017
0.059932 -0.000039 0.000117 -0.091756 0.272183 -0.000046 0.179714 0.205405 0.142490 0.469050 0.084786 -0.000060 0.000007 0.000051 -0.261895 -0.007411 0.147604 -0.051758 0.278735 -0.000085 -0.000039 0.031718 -0.299409 -0.000130 0.000087 0.063366 -0.222542 -0.000004 -0.000050 0.354634 -0.000131 -0.075666 -0.010796 -0.000009 0.162600 -0.161705 -0.003463 -0.000032 -0.000069 0.018971 0.000060 -0.000010 -0.000437 0.102702 0.089074 -0.000036 -0.120541 0.000140 0.000028 0.000068 -0.000039 -0.820135 -0.273384 -0.109198 0.341230 0.000178 0.243420 -0.339487 0.001071 0.000018 0.001658 -0.067340
0.159053 0.000008 -0.000015 -0.009029 0.639026 -0.000028 -0.137925 0.369210 -0.006305 0.371569 -0.277663 -0.000025 0.000015 0.000102 -0.146800 -0.008366 -0.003863 -0.087636 -0.230521 0.000118 0.000069 -0.059930 0.071312 -0.000168 0.000028 0.003437 -0.090883 -0.000085 -0.000030 0.014704 0.000064 -0.026830 0.097516 -0.000009 0.155425 0.236656 -0.005839 -0.000040 0.000145 -0.359351 -0.000114 0.000138 0.089224 0.028574 -0.002655 -0.000036 0.038707 0.000007 0.000121 0.000101 -0.000018 -0.819947 -0.073806 0.202874 -0.013022 0.000177 0.037909 -0.017549 -0.000565 -0.000077 0.191502 0.007567
-0.111279 0.000038 -0.000003 0.465471 0.021614 0.000076 0.013661 -0.014689 -0.015306 0.225542 0.106303 0.000019 0.000013 -0.000030 -0.133455 -0.007663 0.240805 0.265028 0.060543 -0.000075 -0.000015 -0.370755 0.330147 0.000069 0.000037 -0.268835 -0.254756 -0.000033 0.000060 0.013481 -0.000088 -0.247340 -0.448486 -0.000024 0.209197 0.012407 -0.009374 -0.000030 0.000069 -0.321030 0.000056 0.000009 0.136016 0.201520 0.105345 -0.000096 -0.107337 0.000058 -0.000006 0.000028 0.000038 -1.305205 -0.380248 -0.063491 -0.191232 0.000005 0.289694 0.475129 0.000254 -0.000122 0.030735 0.052469
-0.097162 -0.000013 0.000124 0.054929 0.021771 0.000035 0.282241 0.038565 0.016637 0.116631 0.133879 0.000009 -0.000073 0.000046 0.454681 -0.010447 -0.031886 0.141952 0.049078 -0.000003 0.000005 -0.288600 0.070389 0.000041 0.000090 0.134545 -0.255022 -0.000113 -0.000011 0.125873 -0.000121 0.031957 -0.149908 -0.000015 0.215159 0.087100 -0.011200 -0.000062 0.000021 0.043746 -0.000057 -0.000159 0.566679 -0.202636 -0.041446 0.000170 0.130855 0.000010 -0.000015 -0.000065 -0.000115 -0.091444 -0.371809 0.102646 -0.208805 0.000102 0.194377 0.407610 -0.000797 -0.000027 -0.154303 0.180951
-0.011815 -0.000013 0.000088 0.067847 -0.413422 0.000059 0.401433 0.081504 0.100178 0.275928 0.083655 0.000073 -0.000001 -0.000096 0.678059 -0.012988 0.054246 0.188248 -0.046051 -0.000074 -0.000035 -0.058605 0.155382 -0.000007 0.000022 0.181145 0.091703 -0.000226 0.000036 0.100272 -0.000171 0.091042 -0.008878 0.000049 0.319107 0.065701 -0.011334 0.000120 -0.000162 -0.323585 -0.000110 0.000054 0.255347 0.236482 -0.272282 -0.000035 -0.078445 -0.000070 0.000003 0.000151 0.000002 0.204643 -0.541542 0.307804 -0.184171 0.000091 0.105443 0.041845 -0.000812 -0.000022 -0.052719 0.147643
-0.275458 0.000059 0.000086 0.393976 0.056989 0.000091 0.047353 -0.180576 0.108894 0.332048 0.267468 0.000021 0.000022 -0.000081 0.031710 -0.011504 -0.012475 0.150897 -0.060653 0.000036 -0.000029 0.156093 0.020807 -0.000046 0.000022 0.015907 0.040396 -0.000006 -0.000076 0.129483 -0.000380 0.174015 0.167544 0.000016 0.062527 0.044125 -0.012752 0.000069 0.000018 -0.220753 0.000058 -0.000026 0.103326 0.002341 0.141065 0.000078 0.106750 -0.000059 -0.000071 -0.000117 0.000012 0.159002 -0.397848 0.266402 -0.123633 0.000024 0.211142 -0.150364 0.000709 -0.000038 0.188671 0.142593
0.160658 0.000014 -0.000054 0.408434 -0.531080 -0.000025 -0.094465 -0.290949 0.233569 0.145700 -0.029821 0.000044 0.000034 -0.000024 0.321082 -0.009438 -0.113513 0.138721 -0.336624 0.000062 0.000092 0.170528 -0.133049 0.000125 0.000037 -0.009580 0.173141 0.000057 0.000052 0.211407 -0.000150 -0.107276 0.024101 -0.000004 -0.036216 0.203607 -0.014121 0.000103 0.000062 -0.199295 -0.000060 -0.000087 -0.002410 0.411911 -0.035992 -0.000075 0.107931 0.000184 -0.000012 -0.000039 0.000006 -0.073260 -0.223589 0.113195 -0.325636 -0.000054 0.161827 -0.298709 0.001017 0.000027 -0.100036 -0.044686
0.055421 0.000016 0.000142 0.004499 -0.252167 0.000011 0.162231 0.208997 -0.034790 0.279926 0.120045 0.000023 0.000034 -0.000065 0.046704 -0.010462 0.018680 0.058855 0.102596 -0.000025 0.000047 0.047759 -0.032021 0.000079 -0.000089 0.007813 0.034129 0.000053 0.000022 0.362050 -0.000261 -0.359444 0.456272 -0.000010 0.065344 0.154424 -0.010426 -0.000035 0.000025 0.191443 0.000033 0.000057 0.206772 0.118210 0.104852 0.000107 -0.413624 0.000050 0.000028 -0.000035 0.000015 0.144409 -0.431409 0.312124 -0.092817 0.000025 0.006074 -0.025108 -0.000912 -0.000027 -0.151587 -0.153565
0.407466 0.000027 -0.000100 -0.171549 0.284934 -0.000052 -0.089190 -0.024115 0.343358 0.137036 0.057312 0.000017 0.000003 -0.000033 -0.034573 -0.007249 -0.044016 0.087313 0.112796 0.000045 -0.000060 -0.041560 0.210896 -0.000078 0.000045 0.357606 -0.122608 0.000121 -0.000122 0.030292 -0.000220 0.112534 0.190764 0.000011 -0.217233 0.018123 -0.009948 0.000089 -0.000009 0.281307 0.000189 -0.000092 -0.182032 0.128553 -0.178592 -0.000068 -0.062732 0.000045 0.000098 0.000119 0.000057 -0.208693 -0.050217 0.079857 0.230094 -0.000081 0.095795 -0.018696 0.000831 -0.000045 -0.051133 -0.053042
0.207256 -0.000058 0.000031 -0.241413 0.196411 0.000065 0.104957 0.101775 -0.115148 0.028441 -0.025801 0.000068 -0.000115 0.000043 -0.009242 -0.006205 -0.093450 0.038875 -0.456893 -0.000063 0.000050 -0.042330 0.214477 -0.000002 -0.000048 0.246776 0.151272 0.000138 0.000018 0.163137 0.000079 0.142686 -0.293931 -0.000013 -0.129652 0.201403 -0.008549 -0.000025 0.000038 -0.114276 -0.000091 -0.000045 0.095597 -0.102517 -0.105793 -0.000004 0.151174 0.000073 -0.000095 -0.000045 0.000008 -0.312783 0.244817 0.623548 0.209371 0.000027 0.133675 -0.030156 -0.000105 0.000009 0.161900 -0.280299
-0.018460 -0.000005 0.000006 0.045861 0.072952 0.000092 -0.252677 -0.274781 0.000274 0.132899 -0.101776 -0.000007 0.000037 -0.000029 0.077727 -0.003527 0.094806 -0.026519 -0.125656 -0.000046 0.000151 -0.096475 0.235576 -0.000040 -0.000091 0.167134 0.112425 0.000198 -0.000120 -0.104294 -0.000009 -0.204594 -0.028783 0.000025 -0.103642 -0.110096 -0.006316 -0.000014 0.000041 0.233482 0.000013 -0.000159 -0.093455 0.005248 -0.245609 0.000056 0.100292 0.000139 0.000098 -0.000099 0.000024 0.189284 -0.331344 0.301307 0.025271 0.000026 -0.143081 -0.033753 -0.000215 0.000133 0.094322 -0.199641
0.319603 0.000002 -0.000021 0.055214 0.093325 0.000051 -0.505588 -0.084739 -0.117972 0.154740 0.048788 -0.000001 -0.000020 0.000035 0.107322 -0.007714 -0.165404 0.058605 0.063317 0.000162 0.000155 -0.156449 0.160470 -0.000023 0.000028 -0.166389 0.214329 0.000112 -0.000085 -0.102951 0.000092 -0.325904 -0.011503 0.000037 0.053467 -0.083183 -0.002945 -0.000029 0.000021 0.313603 0.000150 0.000088 -0.067486 0.059328 -0.240614 0.000134 -0.018837 0.000033 0.000044 0.000093 0.000044 0.415380 -0.093898 0.052554 -0.258468 0.000109 0.072790 0.084710 -0.000272 -0.000050 0.058982 -0.041819
0.536804 -0.000052 -0.000089 0.081257 0.368747 0.000032 -0.179646 -0.014821 -0.125625 0.113348 -0.013071 0.000013 -0.000027 0.000033 -0.175006 -0.003479 0.021692 -0.018960 0.359678 -0.000014 0.000027 -0.145419 -0.017762 0.000063 0.000033 -0.255740 0.054776 -0.000128 0.000003 0.149267 -0.000221 -0.274870 0.101633 0.000019 0.080725 -0.048335 -0.004270 -0.000037 -0.000068 0.212199 0.000030 -0.000119 0.178431 -0.060288 -0.181681 0.000116 -0.003696 -0.000121 0.000079 0.000127 0.000014 0.342171 0.015107 0.023702 -0.323920 -0.000033 -0.364523 0.077092 -0.000151 -0.000082 0.074536 -0.034390
0.591934 -0.000055 -0.000087 0.041630 0.054395 -0.000006 -0.193455 -0.027749 -0.296812 -0.265090 0.073408 0.000037 -0.000011 -0.000058 -0.171254 -0.003250 0.202510 0.059909 0.291487 -0.000013 -0.000013 0.047304 0.351542 -0.000054 0.000162 -0.341106 -0.032619 -0.000203 -0.000026 0.367877 -0.000110 -0.085765 -0.014465 0.000013 0.120143 -0.110181 -0.002040 -0.000067 -0.000043 0.180785 0.000193 0.000062 -0.230505 0.059730 -0.132234 -0.000094 -0.051887 -0.000156 -0.000029 0.000057 0.000057 -0.079050 0.333978 0.224821 -0.112940 0.000036 -0.388680 -0.037388 -0.000145 0.000023 -0.193780 0.474621
0.404060 0.000012 -0.000088 0.038010 -0.143049 0.000114 -0.151311 0.171133 -0.364382 -0.196545 0.149928 -0.000085 0.000018 0.000077 0.008484 -0.004495 0.042353 -0.135895 0.377150 0.000078 -0.000003 0.061969 -0.000829 0.000075 -0.000031 -0.051333 -0.275421 0.000072 0.000030 0.389262 -0.000005 -0.430771 0.368536 -0.000047 -0.355177 -0.031688 -0.001573 0.000029 -0.000023 -0.013733 0.000039 0.000128 0.302207 -0.255458 0.012125 0.000024 -0.294486 0.000006 -0.000053 -0.000082 0.000015 0.070395 0.151996 0.072562 -0.341458 0.000039 -0.272838 -0.011678 -0.000041 0.000021 -0.048481 0.034864
0.292094 -0.000023 0.000033 -0.136594 0.029873 0.000011 0.116646 0.316838 -0.462992 0.007644 -0.423082 -0.000030 0.000010 0.000061 -0.052985 -0.001285 0.023337 0.060121 0.399064 -0.000063 0.000018 0.289042 0.109140 -0.000142 0.000021 0.042605 -0.091931 0.000029 0.000037 0.111454 -0.000164 -0.367255 -0.108312 0.000017 0.102753 0.149023 0.001026 0.000017 -0.000053 0.011396 0.000029 0.000224 -0.270433 -0.287321 -0.040553 -0.000088 0.000346 -0.000068 0.000005 0.000035 -0.000064 0.291062 0.128512 0.173539 -0.122404 -0.000009 -0.202700 0.562411 0.000772 0.000041 -0.170735 0.531765
0.237828 -0.000003 -0.000050 -0.282864 0.289262 0.000124 0.296062 0.505086 0.087380 -0.383126 -0.371974 0.000061 0.000014 -0.000077 0.411594 -0.004042 0.109626 0.185314 0.149581 -0.000090 -0.000032 0.349792 -0.099305 -0.000104 0.000089 -0.093440 0.141983 0.000096 0.000064 0.169497 -0.000168 -0.385335 0.268069 0.000014 0.078897 -0.009703 0.000896 0.000054 -0.000003 0.135226 0.000024 -0.000108 -0.195418 0.271149 -0.029408 0.000018 -0.003205 0.000027 -0.000043 0.000005 0.000020 0.010106 0.099251 -0.086885 0.128974 0.000037 0.471549 0.137110 0.001123 0.000009 -0.379607 -0.031907
0.029620 0.000009 0.000009 -0.191289 -0.114766 -0.000022 0.359455 0.481990 0.144695 0.105115 -0.105774 -0.000078 -0.000050 -0.000046 0.539282 -0.001266 -0.090865 0.502269 -0.074869 0.000034 0.000033 0.467253 -0.561042 0.000001 0.000051 -0.081762 0.269196 0.000260 -0.000077 0.194701 -0.000160 -0.386723 -0.058407 -0.000012 0.022535 0.093611 -0.000454 0.000069 -0.000022 -0.098690 -0.000030 -0.000121 -0.236274 -0.053155 0.030434 -0.000065 -0.016144 -0.000005 -0.000082 -0.000071 -0.000032 0.143942 -0.255789 -0.167351 -0.039349 0.000028 -0.018348 0.366063 -0.000656 0.000029 0.199939 -0.291509
-0.211016 -0.000015 -0.000123 -0.243386 -0.012968 -0.000037 -0.006743 0.327192 0.234521 0.100270 0.209594 0.000090 0.000010 0.000034 -0.062911 0.000081 -0.086217 -0.407012 0.087598 -0.000029 -0.000005 0.399554 -0.158138 0.000011 0.000023 -0.166823 0.201746 -0.000097 -0.000085 -0.086952 0.000011 -0.386675 -0.424968 -0.000027 -0.246189 0.205009 -0.000263 0.000042 0.000021 0.088886 0.000002 0.000097 0.090764 0.342935 -0.036388 0.000080 0.438709 0.000040 0.000092 0.000086 -0.000007 0.064858 0.263767 -0.096554 0.256165 -0.000110 0.621453 0.079488 -0.000914 -0.000037 0.378577 -0.229476
-0.053694 -0.000015 -0.000033 -0.083672 0.206689 -0.000107 -0.045652 0.190643 0.242295 0.399182 -0.178052 -0.000025 0.000002 -0.000093 -0.627378 -0.000173 -0.044027 -0.014288 0.334894 0.000071 0.000024 0.309176 0.092092 -0.000073 0.000023 -0.107649 0.441684 0.000105 -0.000051 -0.390228 -0.000037 -0.066699 -0.001479 0.000029 0.153417 -0.050035 0.000108 -0.000152 0.000070 -0.195464 0.000091 -0.000213 -0.066142 0.190792 0.143541 -0.000031 0.019114 0.000056 0.000123 -0.000049 -0.000043 -0.069294 -0.192765 0.057842 0.695984 -0.000009 -0.006289 0.369616 -0.000256 0.000065 0.230721 -0.179372
-0.268066 -0.000009 0.000033 -0.205535 0.173644 -0.000018 0.050016 0.250643 -0.076137 0.311253 -0.072387 -0.000058 -0.000016 -0.000106 -0.177851 0.000093 0.077378 0.096278 0.248806 -0.000079 -0.000027 0.110670 0.146987 0.000059 0.000023 0.187199 0.190514 -0.000080 -0.000022 -0.357573 -0.000096 -0.115699 -0.145128 0.000017 0.271061 -0.172746 0.000087 0.000039 -0.000112 0.075652 -0.000125 -0.000085 -0.120216 0.162609 -0.064002 -0.000010 0.242391 -0.000092 -0.000042 -0.000044 -0.000019 -0.052566 0.162642 0.179051 0.307885 -0.000034 0.094222 -0.114268 0.000370 0.000060 -0.416865 -0.049241
-0.169511 0.000004 0.000040 -0.204267 -0.026404 -0.000062 0.404905 0.302222 -0.056354 0.426090 -0.087991 0.000096 -0.000017 0.000036 0.007497 -0.002470 -0.234770 0.213635 -0.044758 -0.000024 0.000083 0.007337 0.275134 0.000060 -0.000027 0.151585 0.193155 -0.000187 -0.000050 -0.418069 -0.000231 -0.426560 0.103352 -0.000012 0.194348 -0.174985 -0.000216 0.000014 0.000010 0.153967 -0.000083 0.000012 0.240897 -0.181841 -0.007371 -0.000017 0.571792 -0.000103 0.000161 0.000078 -0.000030 -0.120411 -0.176450 0.131050 0.485955 -0.000024 0.000317 0.244360 -0.003309 -0.000023 -0.078858 -0.122085
-0.010818 0.000051 -0.000001 0.062241 -0.040993 0.000104 0.342107 0.290609 -0.175515 0.286504 0.094680 0.000046 -0.000024 -0.000031 -0.073004 -0.007933 -0.273562 0.106439 -0.027755 -0.000032 -0.000034 0.121507 0.414099 0.000117 0.000108 0.188309 0.446954 -0.000274 -0.000005 -0.044113 -0.000209 -0.495855 0.046744 0.000011 -0.010068 -0.340267 -0.000038 -0.000045 0.000047 0.420387 0.000075 -0.000045 -0.074074 0.225958 -0.005051 -0.000068 0.283943 0.000068 -0.000098 0.000037 -0.000052 -0.026901 -0.022417 0.458655 -0.264340 0.000061 0.082174 0.229707 -0.003329 0.000002 -0.040053 0.138735
-0.001133 0.000001 0.000027 -0.169702 0.069475 0.000036 0.113123 -0.077956 0.130182 -0.038366 0.152272 -0.000160 -0.000005 0.000101 0.120123 -0.007780 -0.389452 0.194656 -0.143424 0.000020 0.000002 0.052191 0.043821 -0.000033 -0.000023 -0.178742 0.471125 -0.000068 0.000050 0.127527 -0.000082 -0.221658 -0.358327 -0.000002 0.046367 -0.021137 -0.000162 -0.000116 0.000021 0.202593 -0.000025 -0.000115 0.313036 0.103626 -0.321582 0.000004 0.228039 0.000042 0.000145 -0.000128 0.000019 -0.173627 0.101797 -0.133375 -0.585498 0.000071 -0.058071 0.384712 -0.002834 0.000018 0.118549 0.267154
-0.066760 0.000017 -0.000040 -0.299038 0.116336 0.000036 0.020939 -0.102523 0.177775 0.083612 -0.040196 -0.000063 -0.000000 -0.000200 0.169807 -0.012440 -0.187299 0.320662 0.237181 -0.000073 0.000040 0.075649 -0.087607 -0.000117 -0.000031 -0.091198 0.414925 0.000040 -0.000041 0.457816 -0.000215 -0.363738 0.155660 0.000016 0.086574 0.014880 -0.000100 0.000046 0.000034 0.201321 0.000035 0.000044 0.197391 -0.204459 -0.226576 0.000030 -0.483992 0.000024 -0.000093 0.000074 -0.000032 0.181623 -0.424660 -0.298420 -0.212946 -0.000103 0.179492 -0.426246 -0.002210 -0.000010 -0.050986 0.196506
0.154058 0.000003 0.000190 -0.022469 0.122037 -0.000026 0.584724 -0.367220 0.162758 0.438019 0.236936 0.000020 0.000043 0.000062 -0.111799 -0.011557 -0.496763 0.086704 0.262514 -0.000131 0.000001 -0.002482 0.328170 0.000010 0.000042 0.078091 0.657843 -0.000096 0.000056 -0.183514 -0.000253 -0.245409 0.474144 -0.000027 0.225554 -0.125216 0.000161 -0.000075 0.000027 0.647860 0.000035 0.000051 0.106044 -0.183740 -0.184941 -0.000034 -0.179248 -0.000089 -0.000024 0.000031 0.000021 -0.035563 -0.340938 0.105419 -0.110279 -0.000197 0.116590 -0.563338 -0.001209 -0.000022 -0.070881 -0.068015
0.234739 0.000024 0.000103 0.489018 -0.187376 0.000023 -0.099384 -0.305843 -0.231520 0.023475 0.187562 -0.000053 -0.000013 0.000035 0.054744 -0.011149 0.386139 0.297971 0.190479 -0.000068 0.000088 0.086199 0.334425 0.000080 -0.000002 -0.098737 0.560346 0.000107 0.000060 -0.425541 -0.000114 -0.022528 0.053908 0.000005 0.121046 0.036307 0.000323 -0.000004 0.000049 0.386712 0.000051 0.000015 0.175851 0.263511 0.004521 0.000075 0.103627 -0.000039 -0.000056 0.000071 0.000032 -0.193336 0.031388 -0.105823 -0.074436 -0.000038 0.216387 -0.325011 0.000825 -0.000074 -0.233294 -0.237412
0.461164 -0.000001 -0.000057 0.284207 -0.049596 0.000011 -0.052330 -0.241145 -0.089904 0.148204 0.230512 0.000047 0.000018 0.000064 0.141300 -0.008461 0.054482 -0.114557 -0.110983 -0.000051 0.000019 0.002177 -0.386399 -0.000126 0.000022 0.270463 0.046395 -0.000024 -0.000024 -0.516690 -0.000295 -0.177017 0.161508 0.000019 0.187362 -0.172205 -0.000265 -0.000082 -0.000011 0.420564 -0.000006 0.000100 -0.256513 0.022836 0.060893 0.000063 0.346547 0.000064 -0.000075 0.000127 -0.000029 0.239059 -0.164768 0.022246 0.057406 -0.000109 0.246444 -0.570129 -0.001209 0.000060 0.436158 -0.360363
0.253122 -0.000033 -0.000053 -0.048074 0.080237 -0.000049 0.140612 0.029345 -0.017724 -0.450680 -0.141877 -0.000009 -0.000076 -0.000092 0.175155 -0.007551 0.152183 0.209436 -0.046660 -0.000034 0.000097 -0.124377 -0.188010 -0.000013 0.000144 -0.038742 0.124860 0.000013 -0.000081 0.066619 -0.000011 0.125717 -0.130596 -0.000020 0.150526 -0.105624 -0.000238 0.000028 0.000087 -0.201241 0.000020 -0.000003 -0.309163 0.245410 0.009111 0.000033 0.099907 0.000047 -0.000010 0.000063 -0.000013 -0.027623 -0.068511 -0.465195 0.077215 -0.000138 0.276682 -0.288228 -0.001053 0.000010 0.140911 -0.138303
-0.117040 0.000018 -0.000082 -0.101740 0.234166 -0.000111 -0.032679 0.319246 -0.092055 -0.399426 0.061766 0.000014 0.000003 -0.000198 0.162656 -0.008817 -0.017274 0.129395 0.182776 -0.000056 -0.000019 0.040879 -0.361741 0.000021 -0.000149 0.021391 -0.151929 -0.000015 -0.000026 0.232277 -0.000101 -0.017864 -0.162795 0.000034 -0.250978 0.056971 0.000301 -0.000097 -0.000068 -0.192357 0.000084 -0.000061 -0.047208 0.002270 -0.015718 -0.000031 -0.088042 0.000038 0.000048 0.000133 0.000024 0.026936 0.165294 -0.438069 0.031557 -0.000027 -0.009542 -0.035775 0.000922 -0.000077 0.254384 -0.008839
-0.181929 -0.000024 0.000102 -0.257905 0.249171 0.000065 -0.084673 0.208760 -0.297242 0.036502 0.072904 -0.000052 0.000009 -0.000113 -0.145450 -0.006132 -0.192149 -0.077749 0.158124 -0.000001 0.000057 0.030577 0.133995 0.000102 -0.000001 0.068890 0.194014 0.000047 -0.000008 -0.202932 -0.000200 -0.353816 0.029769 0.000004 -0.162171 0.111974 0.000170 0.000101 -0.000007 -0.395960 0.000028 -0.000123 -0.063426 -0.258505 0.235736 0.000038 0.131925 0.000034 0.000172 -0.000064 -0.000014 0.157397 -0.117550 0.222928 0.027016 -0.000031 0.027699 0.175262 -0.002505 -0.000016 -0.206695 0.071007
0.050478 -0.000023 -0.000058 -0.192604 -0.062371 0.000022 -0.080079 0.045907 -0.183464 0.030734 -0.178676 0.000024 0.000013 -0.000060 -0.016752 -0.002339 -0.317202 0.053684 0.355419 0.000001 -0.000024 -0.169127 0.105459 -0.000065 -0.000050 -0.307959 -0.173249 0.000008 -0.000043 -0.303847 -0.000126 0.001266 0.064029 -0.000008 -0.063097 0.407431 0.000372 -0.000034 -0.000071 -1.061460 -0.000014 -0.000045 -0.045527 -0.540630 0.350243 0.000030 0.083428 0.000049 0.000106 0.000094 -0.000018 0.171257 -0.166334 0.086378 0.088370 0.000204 -0.139056 -0.062919 -0.003043 -0.000120 -0.189502 0.334680
-0.135387 -0.000001 0.000002 -0.254042 -0.094474 -0.000090 -0.018812 0.173436 -0.272427 -0.079585 -0.286857 -0.000020 -0.000015 0.000082 -0.133326 -0.004488 0.257274 0.231455 0.324686 -0.000185 0.000021 -0.194699 0.117943 0.000040 0.000018 -0.240896 -0.082544 0.000181 0.000026 0.140779 -0.000279 -0.069892 0.041225 -0.000010 0.061119 0.302893 0.000176 0.000102 -0.000035 -0.803708 -0.000030 -0.000100 0.389309 0.104609 0.228789 0.000062 0.098091 -0.000136 -0.000006 -0.000341 0.000019 -0.162692 -0.052908 -0.026495 -0.193117 -0.000105 -0.179632 0.274871 -0.001137 -0.000001 -0.120235 0.527031
0.294649 0.000008 0.000010 -0.017727 -0.019814 -0.000104 -0.168790 -0.211263 0.179420 -0.209065 -0.294316 -0.000110 -0.000001 0.000143 -0.145137 -0.004273 0.381536 0.154827 -0.383624 -0.000098 0.000083 -0.099767 -0.234037 0.000017 0.000060 0.110868 -0.003104 -0.000120 0.000052 -0.091555 -0.000186 0.005727 -0.148548 -0.000011 0.001392 0.280888 -0.000183 -0.000051 -0.000074 0.099682 0.000039 -0.000122 -0.216069 0.183684 -0.109094 -0.000037 0.393493 -0.000109 -0.000156 0.000123 0.000006 -0.102982 -0.002013 0.325515 -0.327848 0.000122 0.417059 0.107877 -0.000879 -0.000085 -0.006476 0.206589
0.423995 -0.000012 -0.000074 -0.214152 0.092362 -0.000119 -0.099768 0.149140 0.341804 -0.518299 0.378001 -0.000109 0.000015 -0.000012 0.166776 -0.006950 0.245821 0.160275 -0.269561 -0.000168 -0.000073 -0.016295 -0.460587 0.000007 -0.000057 0.051200 0.121540 0.000020 0.000085 0.254848 -0.000314 -0.001238 0.120475 -0.000020 0.179898 0.160309 -0.000115 0.000099 -0.000008 0.264447 -0.000032 0.000132 -0.215606 0.127338 -0.241809 0.000094 0.032850 -0.000037 -0.000004 0.000035 0.000021 -0.101261 -0.022787 -0.479495 -0.190854 0.000039 0.054089 0.358431 -0.001182 -0.000056 0.205773 -0.214912
0.086170 0.000019 0.000068 -0.399070 0.385764 -0.000260 0.095592 0.321747 0.272940 -0.523506 -0.001814 0.000021 0.000011 -0.000068 -0.065818 -0.005115 0.142045 0.119647 0.030970 -0.000022 -0.000018 -0.044305 0.145224 -0.000064 -0.000008 0.258028 0.187311 -0.000119 -0.000003 -0.195228 -0.000179 -0.063758 -0.002630 0.000008 0.166092 -0.157348 -0.000049 0.000031 -0.000008 0.153158 -0.000029 -0.000144 0.324663 0.024624 -0.090487 -0.000035 -0.344223 -0.000076 -0.000028 0.000080 0.000008 0.090232 0.078983 -0.327504 0.038716 0.000174 0.336305 -0.275446 0.000706 -0.000007 -0.188227 -0.441927
0.121498 0.000031 -0.000088 -0.173880 -0.248759 0.000004 0.438180 0.311258 0.153752 -0.122664 -0.269926 0.000057 -0.000002 0.000098 -0.328720 -0.003275 0.021347 0.090642 -0.066259 0.000047 -0.000018 -0.327889 0.002831 0.000021 0.000009 0.513792 0.014629 0.000060 -0.000075 -0.410260 -0.000534 0.019359 0.343360 0.000000 0.159240 -0.056677 -0.000077 0.000018 0.000003 0.265960 0.000012 0.000128 0.044555 0.019103 0.034300 0.000003 0.104803 -0.000238 0.000115 0.000128 -0.000057 0.185571 -0.024781 -0.348085 0.027203 -0.000050 -0.086493 0.010295 0.000270 0.000035 0.096635 -0.336177
-0.027032 -0.000056 0.000141 -0.399751 -0.153740 0.000047 0.702284 -0.012017 0.069319 0.115694 0.310680 -0.000005 0.000011 0.000189 0.270227 -0.006422 0.357170 0.323450 0.091442 0.000020 0.000092 -0.118732 0.084092 0.000051 -0.000023 0.024776 -0.086091 0.000182 -0.000044 -0.248365 -0.000323 -0.314102 -0.117428 0.000040 -0.040188 -0.441443 -0.000172 0.000016 0.000004 -0.154636 -0.000117 -0.000053 -0.242673 0.215118 0.068121 0.000022 0.162325 -0.000103 0.000194 -0.000046 -0.000018 0.059060 0.041236 -0.203909 -0.041509 0.000027 0.059231 0.365401 -0.000252 -0.000056 -0.038538 -0.069801
-0.244411 0.000013 -0.000112 -0.702708 -0.642716 -0.000077 0.235914 -0.084727 0.101575 0.002365 0.106495 -0.000030 0.000003 0.000010 -0.143941 -0.008327 0.191465 0.425009 0.104452 -0.000033 -0.000013 -0.162331 0.599320 0.000128 -0.000030 -0.151332 -0.207580 -0.000032 0.000029 -0.147014 -0.000161 0.065800 0.197146 -0.000020 0.029724 -0.355842 0.000127 0.000018 0.000069 0.075600 -0.000038 -0.000191 0.229710 0.247806 -0.005939 -0.000086 0.366315 -0.000182 0.000021 0.000017 0.000034 -0.010677 -0.169633 -0.017300 0.086485 0.000001 -0.242703 -0.087240 -0.002596 -0.000043 0.267171 -0.137742
-0.076915 0.000013 0.000118 -0.134097 -0.805340 0.000065 -0.259561 0.118791 -0.232852 -0.122264 0.504062 0.000076 -0.000004 0.000001 -0.073004 -0.009889 0.003331 0.213794 0.184348 0.000138 0.000033 0.071231 0.070207 -0.000076 -0.000018 -0.138586 0.008229 -0.000116 -0.000041 0.002371 -0.000282 0.153924 -0.216979 -0.000032 0.008647 -0.199336 0.000222 0.000116 -0.000113 -0.010730 -0.000013 -0.000020 -0.262488 -0.081725 0.005054 0.000079 -0.255261 0.000049 0.000000 -0.000104 0.000020 -0.082920 0.084309 -0.055950 -0.165208 -0.000050 -0.462537 0.110378 -0.001628 -0.000027 0.319806 -0.231986
0.170468 -0.000018 -0.000030 -0.485071 -0.649481 -0.000114 -0.334372 -0.035225 -0.340415 -0.256240 0.238737 -0.000021 0.000023 0.000011 -0.086740 -0.013021 -0.005683 0.339126 -0.179846 -0.000070 -0.000005 0.235743 0.004689 -0.000189 -0.000090 0.081959 0.004763 -0.000084 -0.000051 -0.402355 -0.000356 0.164704 -0.025575 -0.000010 -0.270689 -0.236777 -0.000084 -0.000076 0.000010 0.198524 -0.000054 -0.000211 -0.409275 -0.026292 0.155658 0.000023 -0.070206 0.000084 -0.000047 0.000055 -0.000056 -0.003713 0.248574 0.211526 -0.170848 -0.000084 0.013136 0.069369 -0.000547 -0.000007 0.009728 0.030213
0.078424 -0.000018 0.000073 -0.170286 -0.276561 -0.000051 -0.154993 -0.322579 -0.518430 -0.070223 0.331503 -0.000103 -0.000001 0.000062 -0.308026 -0.014202 0.035999 0.370328 0.058093 -0.000051 0.000028 0.228875 -0.015815 0.000056 -0.000003 0.015877 -0.073423 -0.000088 -0.000017 0.238958 -0.000286 0.287129 -0.412600 -0.000010 -0.071420 -0.298044 -0.000146 -0.000025 -0.000023 0.320624 -0.000064 0.000128 -0.300529 0.229553 0.182772 0.000062 -0.148234 -0.000074 0.000037 0.000045 -0.000028 0.297138 -0.189890 -0.441598 -0.040671 -0.000056 -0.203171 0.329717 0.000365 0.000028 0.050131 0.143033
-0.304968 0.000003 -0.000064 -0.440800 0.091654 -0.000104 0.034676 0.022510 -0.391996 -0.050191 0.043667 0.000026 -0.000016 0.000082 0.489943 -0.018294 -0.153833 0.058276 -0.248622 -0.000076 -0.000026 0.365975 -0.352460 -0.000025 0.000026 -0.007750 0.017615 0.000047 0.000025 0.059185 0.000071 0.070752 0.279052 0.000007 -0.168518 0.043338 -0.000423 -0.000006 -0.000021 0.122003 0.000132 0.000015 0.347868 0.090525 -0.010933 -0.000004 0.442051 -0.000071 0.000003 0.000145 -0.000025 0.011893 -0.002008 0.074560 -0.074760 0.000056 -0.432548 0.007385 0.000923 -0.000111 -0.213944 0.354117
-0.182771 -0.000027 0.000018 -0.286725 -0.003191 0.000033 0.470954 0.434166 -0.006515 0.082760 0.267854 -0.000022 -0.000018 0.000012 0.081775 -0.012369 -0.303115 0.253348 -0.175535 0.000036 -0.000161 0.131350 -0.200033 -0.000017 -0.000029 -0.079368 -0.122314 -0.000154 -0.000051 -0.035100 0.000162 0.282971 0.499962 -0.000003 0.162216 -0.024133 0.000146 -0.000059 -0.000071 0.035849 -0.000028 -0.000084 0.204995 -0.279033 -0.084487 -0.000157 0.067290 -0.000127 0.000016 -0.000117 -0.000033 0.104487 -0.204649 0.167498 0.047469 -0.000081 -0.094005 0.320592 -0.000098 0.000040 -0.096330 -0.059504
-0.273439 -0.000050 -0.000090 -0.055858 0.049131 0.000025 0.121296 0.071351 0.057647 0.055859 0.034122 -0.000041 -0.000032 -0.000066 0.011420 -0.010304 0.079278 0.311127 0.050166 0.000025 -0.000146 0.125171 0.031141 -0.000020 -0.000033 -0.089340 -0.081644 0.000026 -0.000051 -0.046183 -0.000189 0.388766 0.318175 0.000042 -0.001331 -0.066969 0.000796 0.000028 -0.000003 0.299595 0.000034 0.000005 0.313441 -0.024694 -0.223049 0.000119 -0.552573 -0.000060 0.000009 0.000050 0.000054 0.001526 -0.177900 -0.077718 -0.438117 0.000022 0.215083 -0.108920 0.000948 0.000066 0.194521 0.027984
-0.049167 -0.000001 -0.000108 0.084409 -0.207564 -0.000036 -0.113867 -0.150132 0.178071 0.016096 0.112081 -0.000021 -0.000011 0.000043 -0.046969 -0.012872 -0.287974 0.366815 0.014380 0.000033 -0.000018 0.183411 0.033617 0.000051 0.000020 -0.198682 0.160000 0.000129 -0.000029 -0.018758 -0.000163 0.252517 0.282626 0.000032 0.043283 -0.109322 -0.000432 0.000025 0.000103 0.055927 -0.000209 -0.000051 -0.036763 0.010711 -0.128232 0.000032 -0.343709 -0.000090 0.000214 -0.000005 -0.000061 0.204121 -0.322156 0.258418 -0.477416 -0.000053 0.169424 0.016470 -0.000390 0.000042 0.181764 0.051003
-0.008160 0.000002 -0.000031 -0.011153 -0.057589 -0.000072 0.049502 -0.002029 0.260061 -0.184040 -0.210811 0.000033 -0.000023 0.000034 0.135690 -0.013380 -0.134724 0.306803 0.119674 0.000022 0.000067 -0.012130 -0.017999 0.000053 -0.000047 -0.202191 0.080963 0.000145 -0.000118 0.253185 0.000107 0.284309 -0.408969 -0.000003 -0.040092 -0.132515 -0.000201 -0.000039 0.000153 -0.212117 -0.000033 0.000051 0.146985 0.290998 -0.160219 -0.000069 0.155309 -0.000103 0.000023 -0.000108 0.000037 -0.126828 0.015236 -0.128817 0.010678 -0.000085 0.031578 0.174240 -0.004342 -0.000022 0.397428 -0.066343
0.412973 -0.000019 0.000109 -0.114808 0.163818 -0.000102 0.052224 0.338827 0.500018 0.131844 0.042789 -0.000045 0.000008 0.000060 0.157922 -0.014091 -0.188716 0.123481 0.045954 -0.000031 -0.000012 -0.084670 -0.060961 0.000076 -0.000085 0.088054 0.354839 0.000077 0.000030 -0.029179 -0.000015 0.144361 -0.486430 0.000001 0.265841 -0.123283 0.000037 0.000060 -0.000148 -0.170456 0.000114 -0.000059 0.147664 0.356722 -0.243243 0.000044 0.348649 -0.000009 -0.000048 -0.000070 0.000042 0.184433 -0.097077 0.086349 -0.216099 -0.000096 0.339441 -0.120633 -0.003073 -0.000017 0.262058 -0.146004
0.076069 0.000001 -0.000010 0.134764 0.398128 -0.000076 -0.004157 0.035595 0.224968 0.051205 0.330373 0.000006 -0.000024 -0.000051 -0.412263 -0.018781 0.003084 -0.329549 0.064026 -0.000105 0.000022 -0.145538 0.112589 0.000094 0.000067 -0.145308 -0.047614 -0.000020 -0.000033 -0.294066 -0.000027 -0.060619 -0.580793 0.000024 0.062514 0.026656 -0.000000 -0.000027 0.000044 -0.222267 0.000088 -0.000049 -0.148199 -0.124521 -0.022145 0.000122 0.290210 -0.000046 -0.000031 -0.000076 0.000043 0.470078 -0.185809 0.174286 0.459445 -0.000033 -0.109779 0.365292 -0.000440 -0.000028 -0.406921 0.379333
-0.053776 -0.000060 -0.000050 0.180865 -0.077303 -0.000017 -0.087679 -0.016244 0.071890 -0.230417 0.113654 -0.000023 -0.000039 0.000015 -0.237615 -0.016150 -0.321686 -0.210895 -0.042119 -0.000015 0.000027 -0.216014 0.212435 -0.000092 -0.000020 -0.179773 0.294529 0.000059 -0.000052 -0.419018 0.000040 0.087891 -0.033024 0.000019 0.251186 -0.046579 0.000021 0.000083 0.000021 -0.069673 -0.000027 -0.000041 -0.226621 -0.122206 0.031910 0.000028 -0.128437 0.000006 0.000057 -0.000051 0.000026 0.052291 -0.185015 -0.173493 0.171054 -0.000019 -0.218284 0.248267 0.001156 0.000026 -0.822602 0.190893
0.070713 0.000003 -0.000020 -0.169785 0.066550 0.000029 -0.025922 0.265300 0.006694 -0.349721 -0.016777 0.000035 -0.000057 0.000033 -0.215998 -0.013094 -0.200869 -0.178655 0.226558 -0.000037 0.000006 -0.141234 -0.250180 -0.000088 0.000041 -0.019656 0.215314 0.000081 0.000002 -0.050329 -0.000032 -0.052493 0.280357 -0.000009 0.045592 -0.277874 -0.000104 0.000073 -0.000012 0.017761 0.000218 0.000014 0.010352 -0.024358 0.218115 0.000210 0.002363 -0.000005 -0.000118 -0.000144 0.000016 -0.316123 -0.102339 -0.144757 0.169389 0.000038 0.067368 0.119420 0.000738 0.000063 -0.548362 0.006291
0.228707 -0.000012 -0.000031 0.010252 -0.104071 -0.000053 -0.068722 0.082553 -0.219913 -0.442793 0.178172 -0.000018 0.000010 0.000012 -0.164539 -0.011024 -0.385175 -0.070360 -0.074101 0.000079 0.000015 0.149655 -0.220671 0.000025 -0.000025 0.322640 0.278081 0.000155 0.000011 -0.285241 0.000040 0.311250 0.242478 0.000002 0.036075 -0.367985 0.000089 -0.000067 0.000071 0.460216 -0.000060 -0.000058 -0.030492 -0.005360 0.101257 -0.000046 -0.039801 0.000013 -0.000100 -0.000042 -0.000002 0.027126 0.005238 0.047645 -0.034306 0.000085 0.141803 -0.134360 -0.001403 0.000009 -0.366535 -0.069931
0.032743 -0.000024 0.000067 0.223252 -0.499378 0.000031 0.007313 0.110257 -0.148715 -0.167529 0.224516 -0.000097 0.000024 0.000021 -0.004894 -0.007880 -0.333609 -0.082263 0.051201 -0.000000 0.000017 0.102427 0.195263 0.000005 0.000063 0.003712 0.231058 -0.000038 0.000041 -0.043551 -0.000174 0.445952 0.014948 -0.000029 0.150780 -0.416788 0.000075 -0.000083 0.000015 0.269653 -0.000061 0.000030 0.175993 -0.374691 0.134101 -0.000039 -0.005430 -0.000006 -0.000046 -0.000054 0.000028 -0.271315 -0.113864 -0.258466 -0.004271 0.000027 0.085355 0.015745 -0.002468 0.000017 0.028962 -0.175830
-0.360060 -0.000011 0.000075 -0.157282 -0.375696 0.000053 -0.001002 0.012528 -0.164423 -0.251798 0.099486 0.000023 0.000010 -0.000079 0.018696 -0.009153 -0.391141 0.236668 0.174472 -0.000129 -0.000037 0.026202 0.158560 0.000015 -0.000040 0.229395 -0.207194 -0.000003 -0.000043 0.398020 -0.000184 0.150570 -0.262673 -0.000024 0.142014 -0.364654 -0.000067 -0.000029 -0.000019 0.051285 0.000064 -0.000017 0.131054 0.179359 -0.116518 -0.000040 -0.208033 0.000027 0.000012 0.000107 -0.000013 0.348577 -0.111913 -0.119341 0.065286 -0.000034 -0.129595 -0.257897 -0.004427 -0.000025 0.203060 0.064317
-0.058189 0.000051 0.000099 -0.180548 -0.321822 -0.000035 -0.159321 -0.103372 -0.217341 0.051401 -0.077828 0.000013 -0.000009 -0.000126 0.137624 -0.010018 -0.078927 0.486183 -0.003345 -0.000024 -0.000054 -0.032163 -0.271753 -0.000034 -0.000001 0.049324 -0.070558 0.000088 0.000022 -0.013782 -0.000184 0.197690 -0.231982 -0.000049 -0.049292 -0.198667 -0.000058 -0.000051 -0.000023 -0.120917 0.000050 0.000009 0.119793 0.215866 -0.230554 0.000058 -0.418890 0.000056 0.000108 -0.000128 -0.000010 0.341069 -0.136180 0.002007 0.050252 -0.000029 -0.402620 -0.430567 -0.004264 0.000017 0.099671 -0.168675
0.192261 -0.000000 0.000015 0.018430 -0.225494 -0.000123 -0.283758 0.274726 -0.272001 -0.312231 0.221213 -0.000069 -0.000009 -0.000131 -0.085732 -0.014061 -0.038852 0.219875 -0.200113 0.000052 0.000011 0.045624 -0.190169 0.000157 0.000007 0.064178 0.027942 0.000054 0.000055 -0.379007 -0.000113 0.151484 0.001574 -0.000020 -0.011317 -0.407273 0.000100 -0.000022 -0.000023 -0.173220 -0.000061 -0.000069 0.243904 0.000803 -0.008233 0.000077 -0.181501 -0.000054 0.000221 0.000015 0.000002 -0.104606 -0.081067 -0.008342 0.522702 0.000097 -0.145038 -0.466771 -0.003798 -0.000026 -0.076919 0.010909
0.307554 -0.000024 0.000063 0.016954 0.232671 -0.000066 0.202615 0.126493 0.199627 -0.450737 0.266700 -0.000132 0.000043 0.000032 0.121079 -0.012271 -0.027445 -0.087770 -0.032745 -0.000324 -0.000041 -0.377452 -0.091680 0.000040 0.000003 0.135884 0.098400 -0.000031 -0.000087 -0.489618 -0.000396 0.549435 0.362437 0.000021 0.211074 -0.317500 0.000075 0.000025 0.000067 0.036200 0.000078 -0.000130 0.296934 0.027826 -0.075890 -0.000040 0.117800 -0.000011 0.000053 -0.000054 0.000013 0.021057 0.243386 -0.295136 0.219586 -0.000045 -0.272483 -0.175002 -0.005247 0.000084 -0.073161 0.255607
0.026349 0.000038 0.000088 0.004341 0.349328 0.000073 0.102334 0.056676 -0.106194 -0.333926 -0.125848 -0.000028 0.000027 -0.000078 -0.097135 -0.010460 0.323899 0.186602 -0.067266 -0.000066 -0.000023 -0.384025 0.242834 -0.000077 -0.000023 -0.027349 0.246143 0.000099 0.000125 -0.377909 -0.000209 0.024699 0.301458 -0.000001 0.057987 -0.414984 0.000059 0.000026 0.000044 -0.077429 -0.000092 -0.000000 0.190044 -0.094076 0.250191 -0.000054 -0.189680 -0.000059 0.000042 -0.000075 0.000012 0.006924 0.081485 -0.173030 0.194525 -0.000024 -0.072982 -0.167036 -0.004456 -0.000013 -0.115210 -0.339064
-0.159700 0.000017 0.000153 0.104837 0.617556 -0.000164 0.150275 -0.156931 -0.117714 -0.101945 0.096611 0.000010 0.000048 0.000042 -0.240260 -0.008685 0.175671 -0.034639 0.210447 -0.000108 -0.000061 -0.196627 0.002543 0.000003 -0.000151 0.039836 -0.036024 -0.000007 0.000072 -0.187706 -0.000219 -0.091452 0.091658 0.000012 -0.052963 -0.463495 0.000306 0.000032 0.000004 0.067954 0.000052 0.000069 -0.157387 -0.952827 0.146137 0.000041 -0.005310 -0.000027 0.000019 0.000043 -0.000030 0.294579 0.210966 -0.430749 0.002771 0.000023 -0.086650 -0.008568 -0.005498 -0.000053 0.152424 0.011325
0.108172 -0.000015 0.000028 0.305851 -0.162504 0.000042 0.348815 -0.207308 -0.254383 -0.055089 0.202146 -0.000023 0.000001 -0.000037 0.105573 -0.010149 -0.009313 0.310361 -0.108840 0.000019 0.000015 -0.253303 -0.413231 0.000073 0.000068 0.224101 -0.064861 0.000052 -0.000051 0.015282 -0.000333 0.015187 -0.243918 -0.000024 0.093301 -0.414863 -0.000114 -0.000028 0.000005 -0.025188 0.000158 0.000116 0.046308 -1.014077 -0.038254 0.000016 0.120031 0.000084 0.000058 0.000030 -0.000013 0.046211 0.491771 0.048189 0.340383 -0.000032 -0.102370 -0.121684 -0.005592 0.000045 -0.185011 -0.049195
-0.183321 -0.000051 0.000121 0.310898 0.096617 0.000158 0.185916 -0.359875 -0.177007 -0.203933 -0.150843 0.000033 -0.000010 -0.000023 0.008936 -0.007411 -0.043294 0.364079 -0.020398 0.000137 0.000085 -0.276548 0.015537 0.000060 -0.000055 0.050268 -0.375360 -0.000149 0.000051 0.284313 -0.000234 -0.266951 -0.052245 -0.000023 0.001454 -0.776819 -0.000033 0.000001 0.000023 -0.253572 0.000197 -0.000129 -0.197521 -0.731003 0.337762 -0.000076 -0.009616 0.000053 0.000087 0.000015 0.000008 -0.087928 0.041522 0.071880 0.021339 -0.000081 0.001951 0.185486 -0.004038 0.000026 0.182362 0.156089
-0.005727 -0.000011 0.000076 -0.001784 -0.274927 -0.000077 0.100782 -0.219184 0.028091 -0.093583 -0.173532 -0.000005 -0.000042 0.000107 -0.326830 -0.004204 0.220289 0.485662 -0.060213 0.000020 -0.000006 -0.090717 0.153562 -0.000035 -0.000079 0.132663 0.113667 0.000011 0.000085 0.094934 -0.000171 -0.227698 0.454682 0.000028 0.104861 -0.195028 -0.000114 0.000042 -0.000149 0.023422 -0.000025 -0.000019 -0.045465 -0.977251 0.011606 -0.000014 -0.210964 0.000101 -0.000030 0.000210 -0.000007 -0.232408 0.024493 0.135757 0.066490 -0.000102 -0.208107 -0.102415 -0.004754 0.000009 0.066956 0.186448
-0.014363 0.000007 0.000011 -0.005881 0.079272 0.000035 -0.180787 -0.011090 0.120263 -0.049050 0.088397 -0.000023 0.000021 0.000028 -0.069492 -0.003660 0.250190 0.034489 -0.255947 0.000041 -0.000054 -0.534509 -0.077295 -0.000028 0.000047 0.055669 -0.121178 0.000130 0.000012 0.283820 0.000231 0.344084 0.112769 -0.000004 -0.165649 -0.136789 0.000133 -0.000066 0.000016 0.152164 -0.000058 0.000058 0.289132 -0.427086 -0.248206 -0.000068 0.231616 0.000080 -0.000078 0.000039 -0.000018 -0.096321 0.348801 -0.015619 -0.031512 0.000118 -0.193975 0.162194 -0.005012 0.000021 -0.101586 -0.269077
-0.060359 0.000012 -0.000032 0.239705 -0.244798 -0.000012 -0.043151 -0.254131 0.151842 -0.059647 0.584934 -0.000068 0.000014 -0.000067 0.106382 -0.002717 0.130385 -0.198737 -0.523289 -0.000261 0.000053 -0.291147 0.142554 0.000061 -0.000032 0.266195 0.098398 -0.000213 -0.000002 0.226985 -0.000139 0.007941 0.024950 0.000003 -0.444053 -0.088397 -0.000037 -0.000046 -0.000009 -0.115799 -0.000033 -0.000058 0.026038 0.095402 0.029858 0.000024 0.568096 0.000032 -0.000001 -0.000042 0.000002 -0.030847 -0.038879 0.321182 -0.020268 -0.000027 -0.253030 -0.428789 -0.003062 0.000006 0.361630 -0.205007
0.259404 0.000003 0.000015 0.138479 -0.171461 0.000059 0.040858 -0.308552 -0.029032 -0.011574 0.319846 0.000100 0.000012 -0.000036 0.286065 -0.001282 0.047667 0.099440 -0.379294 -0.000031 0.000215 -0.220759 0.165161 -0.000007 0.000080 -0.082588 0.834229 -0.000060 -0.000029 0.294742 -0.000015 0.151684 -0.667818 0.000007 -0.115960 -0.256680 -0.000005 -0.000087 0.000028 -0.476111 -0.000059 -0.000142 0.177855 0.233905 0.072060 -0.000079 0.241920 -0.000168 -0.000047 -0.000017 0.000025 -0.048284 0.105676 0.168291 0.037375 0.000064 -0.159851 0.150870 -0.006914 -0.000002 0.141707 -0.129487
-0.391862 -0.000010 0.000016 0.148728 0.089758 -0.000066 0.211837 -0.179176 0.273984 0.009777 -0.139565 -0.000009 -0.000027 0.000055 0.011310 -0.001278 0.019285 -0.074800 0.063470 -0.000061 -0.000065 -0.014021 0.211917 -0.000048 0.000157 -0.110827 0.389192 0.000072 -0.000030 0.318448 -0.000054 0.101710 -0.360417 0.000030 0.189428 -0.263365 0.000109 0.000042 -0.000093 -0.025961 0.000049 -0.000050 -0.044186 0.284697 -0.097244 -0.000097 0.093806 0.000032 -0.000065 0.000069 -0.000012 0.253816 -0.059590 -0.112267 -0.203572 -0.000055 -0.028455 0.448992 -0.006097 -0.000070 -0.009938 0.066885
-0.354958 0.000010 -0.000071 -0.008323 0.369396 0.000024 0.413930 -0.358992 0.158296 -0.291461 0.041106 0.000029 -0.000006 -0.000064 0.019859 -0.003256 0.080625 0.072169 0.223098 -0.000074 -0.000042 0.020670 -0.208671 0.000091 0.000041 0.288476 0.219471 -0.000071 -0.000023 -0.065863 -0.000153 0.065737 -0.291601 0.000023 -0.029570 -0.100618 0.000244 -0.000049 -0.000055 0.069209 -0.000118 0.000091 -0.217047 0.266202 -0.297383 0.000121 -0.059877 0.000050 -0.000042 0.000088 0.000005 0.077629 0.380527 0.210784 -0.011849 0.000007 0.203974 -0.417495 -0.005017 0.000026 -0.090203 0.133323
-0.138590 -0.000001 0.000026 0.294019 -0.101281 -0.000115 -0.162265 -0.007449 0.157687 0.018289 0.275447 -0.000021 -0.000020 -0.000030 -0.330451 -0.005456 -0.071815 -0.629005 0.438528 -0.000012 -0.000004 0.119345 -0.125817 0.000023 0.000009 0.007904 0.043615 -0.000122 0.000021 0.000735 -0.000203 0.121199 -0.051324 -0.000011 -0.045700 -0.028994 0.000014 0.000040 -0.000050 -0.167438 -0.000066 0.000015 -0.074677 -0.556441 0.095799 0.000049 0.226917 0.000066 0.000044 0.000086 -0.000013 -0.215587 0.284261 -0.049106 0.031800 -0.000031 0.032273 0.046370 -0.004236 -0.000006 0.144422 0.226041
-0.046321 -0.000060 -0.000029 -0.197003 0.079674 0.000036 0.093415 0.044589 0.184914 -0.170051 0.193795 -0.000003 0.000031 0.000105 -0.006855 -0.006580 0.157186 0.074138 0.151441 -0.000018 0.000115 0.137613 -0.770497 0.000098 -0.000046 0.075872 0.169608 0.000127 -0.000047 0.007634 -0.000224 0.002706 0.233149 -0.000010 0.033108 -0.175124 0.000665 -0.000014 0.000033 -0.179829 -0.000065 -0.000052 -0.110298 -0.719240 0.197067 0.000013 -0.300947 -0.000094 -0.000050 0.000038 -0.000027 0.003941 -0.047572 -0.405766 0.112989 -0.000028 -0.157447 0.281984 -0.001491 0.000094 0.174475 0.104347
-0.077165 -0.000011 -0.000034 0.161985 -0.570124 -0.000085 -0.050721 0.080951 0.191768 -0.325170 0.126319 -0.000027 -0.000020 -0.000009 -0.026919 -0.004528 0.309993 0.109800 -0.367606 0.000076 0.000055 0.184204 -0.472056 -0.000108 -0.000009 0.177053 0.492783 -0.000058 0.000008 -0.127949 -0.000191 -0.052953 0.065751 0.000018 -0.055744 -0.093221 -0.000317 0.000088 0.000021 -0.109653 0.000042 0.000080 -0.284233 -0.383655 0.091545 -0.000069 -0.223839 -0.000033 0.000049 -0.000120 -0.000007 -0.280515 0.119051 -0.181612 0.215541 -0.000028 -0.293672 0.005792 -0.000485 0.000061 0.135538 -0.004071
-0.224634 -0.000052 0.000067 -0.090931 0.176516 -0.000019 0.012252 0.184210 0.087507 -0.686451 0.109086 -0.000027 -0.000007 -0.000013 0.047246 -0.005693 0.299947 0.039693 -0.071471 -0.000001 0.000097 -0.222474 -0.695274 0.000019 0.000018 0.120642 0.280898 0.000051 0.000048 0.090738 -0.000123 -0.019729 -0.227946 0.000008 -0.049640 -0.108640 0.000949 0.000039 -0.000025 0.327345 -0.000035 0.000041 0.315628 -0.128591 -0.163632 -0.000036 -0.076464 0.000048 -0.000038 -0.000019 0.000054 -0.006953 0.156101 -0.398780 0.011499 0.000055 -0.188537 -0.040043 -0.004697 0.000019 0.012202 -0.051789
-0.081145 0.000010 -0.000109 0.125189 0.147557 -0.000114 -0.092200 0.128509 -0.133080 -0.804475 -0.236015 -0.000114 0.000028 -0.000053 -0.075765 -0.003132 0.407743 -0.154064 -0.255199 -0.000091 -0.000008 -0.186281 -1.588736 0.000019 0.000017 -0.083300 -0.060224 0.000207 -0.000020 -0.136747 -0.000167 0.173742 0.063432 -0.000006 0.013341 -0.166949 0.000685 0.000027 0.000026 0.402615 -0.000035 -0.000036 0.158772 0.247874 -0.072096 -0.000074 0.043692 0.000168 -0.000116 -0.000041 -0.000002 0.117563 0.316251 0.062413 0.016693 0.000040 -0.071506 0.221969 -0.005599 -0.000045 0.397983 -0.212581
-0.085689 0.000024 -0.000136 0.404588 -0.028180 -0.000034 0.053160 0.113183 -0.136898 -0.393588 0.076588 -0.000008 0.000039 0.000016 -0.081012 -0.003219 0.181696 -0.406955 -0.123386 -0.000020 0.000083 -0.103447 -1.550780 0.000036 -0.000069 0.185635 0.182818 -0.000002 0.000046 -0.520923 -0.000106 0.143802 0.501159 -0.000004 -0.020826 0.026891 0.000093 -0.000095 0.000135 -0.017444 -0.000090 -0.000195 0.270544 0.040443 -0.090702 -0.000059 0.387450 -0.000031 0.000051 0.000037 -0.000017 0.230947 0.639990 0.099372 0.138504 -0.000019 -0.045580 0.207337 -0.002670 0.000003 0.277313 -0.139930
-0.227610 0.000037 0.000032 0.093190 0.156859 0.000003 0.072741 0.161136 -0.470330 -0.182162 0.046275 0.000008 0.000005 -0.000079 0.145684 -0.002592 0.128865 -0.151527 -0.192482 0.000123 -0.000066 0.082486 -0.503996 0.000067 0.000075 0.365802 0.248137 -0.000293 -0.000022 -0.097115 -0.000132 0.086317 -0.042285 0.000017 0.079836 -0.088780 -0.001332 0.000082 0.000070 -0.255884 0.000006 0.000140 0.244684 -0.266713 0.140753 -0.000048 -0.005677 -0.000071 -0.000039 0.000086 0.000041 0.304884 0.173600 0.149039 -0.038986 -0.000030 -0.009586 -0.149351 0.000374 0.000031 0.258778 -0.245296
0.103362 -0.000021 0.000165 -0.089161 0.595169 -0.000092 -0.166913 0.106202 0.157513 -0.243270 0.261747 -0.000084 0.000017 0.000053 -0.003812 -0.003434 0.001069 0.000953 0.160270 0.000040 0.000112 -0.099362 0.026269 0.000017 -0.000067 0.027891 0.191915 -0.000032 0.000037 -0.309601 -0.000225 0.183011 0.188971 0.000011 0.074442 -0.230578 0.000072 0.000016 0.000027 -0.217859 0.000059 -0.000073 0.065393 -0.123530 0.091181 -0.000069 0.190954 0.000055 -0.000012 0.000141 0.000023 -0.004259 -0.034146 -0.066407 -0.323566 -0.000003 0.060635 -0.212598 0.000785 0.000010 0.173189 -0.171287
0.053098 -0.000080 -0.000066 0.094782 0.229506 0.000021 -0.209097 0.037686 -0.220320 -0.132263 0.014942 0.000018 0.000009 -0.000080 0.041893 -0.003653 -0.014514 0.278020 0.134249 -0.000022 -0.000140 0.023729 -0.025395 -0.000175 -0.000065 -0.164461 -0.078992 0.000045 -0.000028 0.061602 -0.000119 0.269455 -0.344742 -0.000018 0.197055 -0.165649 0.001119 -0.000001 0.000043 -0.082531 0.000009 0.000085 -0.119691 0.134017 -0.008437 0.000015 0.147732 0.000040 0.000007 -0.000116 -0.000010 0.413579 -0.012938 -0.016569 -0.462415 0.000052 -0.019252 0.229875 0.000859 0.000088 -0.109175 -0.438783
-0.283189 -0.000012 0.000150 -0.067397 -0.103101 -0.000020 -0.264888 -0.179356 -0.315089 -0.168499 -0.153986 -0.000065 0.000005 -0.000005 0.381566 -0.002905 0.141111 0.089150 -0.285174 0.000041 -0.000056 0.338488 0.163432 0.000063 -0.000046 -0.053095 -0.482237 0.000018 -0.000028 0.142483 -0.000161 0.180350 0.003683 -0.000005 0.131631 -0.110451 0.000337 0.000001 0.000026 0.120775 0.000025 -0.000096 0.390113 0.063679 -0.016732 0.000032 -0.033522 0.000034 0.000097 -0.000045 -0.000039 -0.198828 0.312791 -0.013078 -0.391910 0.000001 0.193642 0.102547 0.000396 -0.000102 0.003828 -0.048290
-0.232453 -0.000020 -0.000012 -0.236599 0.369059 -0.000054 -0.086646 0.002525 -0.026750 -0.110303 0.354535 0.000026 -0.000027 0.000082 -0.193486 -0.005150 0.015165 0.009370 0.068547 -0.000046 -0.000065 0.224911 0.127333 0.000040 -0.000029 0.066264 -0.368186 -0.000053 0.000020 -0.362565 0.000002 0.130122 -0.009644 -0.000020 0.141371 -0.001317 -0.000396 -0.000030 0.000027 0.253822 -0.000061 0.000048 0.112260 -0.136609 -0.019447 -0.000056 -0.394067 -0.000003 -0.000104 -0.000070 0.000022 -0.347902 0.411561 0.114757 0.011209 -0.000030 0.183540 0.372904 0.000317 0.000009 -0.001549 0.149993
-0.122019 -0.000103 -0.000034 -0.318349 -0.328264 0.000085 0.313526 0.145874 0.133324 0.034511 0.252950 -0.000106 -0.000010 -0.000134 -0.452576 -0.001656 0.102779 -0.090004 -0.084678 0.000087 -0.000011 0.423588 0.015561 0.000019 0.000020 0.265434 -0.064486 -0.000015 0.000028 -0.047304 -0.000235 -0.092828 -0.099683 -0.000008 -0.289899 -0.050013 -0.000617 0.000058 0.000092 -0.136386 0.000044 0.000059 -0.060623 -0.264074 0.233566 -0.000086 0.072998 0.000074 0.000032 0.000111 -0.000057 -0.228040 0.154739 -0.116189 -0.082431 0.000064 0.153736 -0.122987 -0.000111 -0.000015 0.004965 0.008184
0.051194 0.000002 -0.000053 -0.442784 0.105204 0.000118 0.571296 -0.018670 0.026080 -0.184735 0.042414 -0.000073 0.000015 0.000054 0.201629 -0.002601 0.025888 -0.106840 0.016807 -0.000081 -0.000095 0.063582 -0.128579 -0.000070 -0.000016 0.094369 -0.139328 -0.000081 0.000049 0.036773 -0.000063 0.390675 -0.108636 0.000001 0.082922 -0.205121 0.000227 -0.000091 0.000020 -0.014236 -0.000056 -0.000081 -0.230072 0.059333 0.044675 0.000064 0.247320 -0.000047 -0.000097 -0.000153 -0.000022 0.082163 0.081745 -0.279465 -0.061139 0.000100 0.154564 0.102340 0.000917 0.000039 0.157411 -0.158550
0.020266 0.000039 -0.000064 0.108379 -0.212551 -0.000036 0.147876 -0.165836 0.013245 -0.067140 -0.316448 0.000114 0.000004 0.000068 0.283129 -0.002139 0.289084 -0.041898 -0.246335 -0.000044 0.000044 0.081664 -0.016516 0.000009 -0.000003 -0.182557 0.052573 -0.000013 -0.000081 0.416041 -0.000216 0.258014 -0.162174 0.000008 0.167192 -0.352207 -0.000159 -0.000070 -0.000080 -0.484057 0.000047 -0.000085 -0.238430 0.475651 0.190670 0.000043 0.251175 -0.000029 -0.000066 -0.000044 0.000019 0.129717 -0.077815 -0.330989 0.018034 -0.000079 -0.402656 -0.367945 0.000802 -0.000053 0.030053 -0.190269
-0.081077 -0.000039 0.000001 0.459287 -0.239558 0.000092 -0.000384 -0.535691 -0.506107 -0.102955 0.151867 0.000002 -0.000095 0.000025 0.120577 -0.001185 -0.119640 -0.354977 -0.017884 0.000006 -0.000107 -0.017022 0.114379 0.000059 -0.000049 0.018000 -0.531163 -0.000110 -0.000054 0.268401 -0.000096 0.261988 -0.363881 0.000019 0.007607 -0.085321 -0.000100 0.000011 -0.000057 -0.323710 -0.000132 -0.000041 0.210896 0.169600 0.337899 -0.000039 0.344003 -0.000049 -0.000068 -0.000118 0.000041 0.068232 0.064187 -0.527775 -0.322429 0.000115 -0.062979 -0.132049 0.000243 -0.000003 0.107176 -0.685247
-0.342504 0.000014 -0.000069 0.079963 -0.125304 -0.000024 0.144971 -0.393790 -0.398323 0.109760 -0.364239 -0.000059 0.000013 -0.000024 -0.031348 -0.001122 0.043116 -0.025805 0.006099 0.000081 -0.000089 -0.065803 -0.240347 -0.000136 -0.000040 0.238651 -0.469678 0.000063 -0.000083 -0.042678 -0.000012 0.256943 -0.067559 0.000018 0.361573 0.021403 0.000006 -0.000100 0.000024 0.017253 -0.000087 0.000088 0.056911 -0.189935 -0.054231 0.000054 -0.127988 -0.000022 -0.000030 0.000069 0.000043 0.200599 0.121812 -0.003833 0.040297 -0.000054 -0.368664 -0.235032 0.000819 -0.000059 0.041688 -0.519440
-0.224627 -0.000044 0.000126 -0.478759 -0.154700 0.000023 -0.226204 -0.480241 -0.104870 -0.029934 -0.529912 -0.000052 0.000016 -0.000080 -0.099221 0.000770 0.194806 0.000240 0.369320 -0.000015 0.000035 0.009652 0.195704 -0.000184 -0.000038 0.073086 -0.462847 0.000041 -0.000026 0.278088 -0.000145 -0.006632 0.019844 0.000009 0.090531 0.097135 -0.000232 0.000033 -0.000035 -0.105894 -0.000202 0.000120 0.122652 -0.036343 -0.106831 -0.000031 -0.543868 -0.000166 0.000245 -0.000154 -0.000099 0.203069 0.051074 0.035833 -0.059468 -0.000016 -0.345056 -0.369568 -0.000585 0.000043 -0.376855 0.009640
0.281956 -0.000010 -0.000034 -0.496244 0.095946 -0.000026 -0.250555 -0.195714 0.180110 -0.037496 -0.678181 -0.000100 0.000022 0.000184 -0.132043 0.001402 -0.104674 -0.010172 0.455805 -0.000006 -0.000047 -0.324949 0.092677 0.000193 -0.000029 0.163347 -0.004184 0.000066 0.000026 -0.156232 -0.000092 -0.037701 0.262163 -0.000004 0.221654 -0.005309 -0.000078 0.000135 0.000082 -0.170756 0.000066 0.000046 0.287891 -0.031601 0.055129 0.000069 -0.562097 0.000090 0.000055 -0.000081 -0.000025 -0.298339 0.066336 0.023709 0.051905 0.000051 -0.002967 0.506020 0.000853 -0.000018 0.074260 0.017189
0.372714 -0.000028 0.000046 -0.206076 0.046745 -0.000213 -0.036341 -0.005333 -0.046332 0.073095 -0.439118 0.000003 -0.000024 -0.000182 -0.010976 0.001478 -0.264675 0.118316 0.138343 0.000132 -0.000097 -0.252934 0.423389 -0.000061 -0.000079 -0.050318 0.002431 -0.000066 0.000045 -0.255690 0.000118 0.249323 -0.141808 0.000002 -0.072681 0.234209 0.000023 -0.000061 0.000014 0.000703 0.000115 -0.000112 -0.021500 -0.094062 -0.006883 -0.000031 -0.949116 -0.000098 0.000041 0.000035 -0.000017 0.219626 0.434164 0.212719 -0.117654 0.000021 0.107979 -0.081984 0.000131 0.000021 -0.220360 -0.111305
0.133631 0.000026 -0.000097 -0.128837 0.246297 -0.000125 -0.304855 0.012362 0.031337 0.090635 -0.162124 0.000031 -0.000017 -0.000086 -0.042639 -0.000668 -0.359422 -0.436830 -0.373318 -0.000093 -0.000044 -0.468568 0.039247 0.000025 0.000090 0.017480 -0.098766 0.000143 -0.000035 0.186836 0.000025 -0.089770 0.221897 -0.000000 -0.375601 0.030722 -0.000279 0.000002 0.000065 0.015243 -0.000009 0.000088 -0.255115 -0.040379 0.330419 -0.000345 -0.130077 -0.000116 -0.000065 -0.000001 -0.000019 0.094424 0.412557 -0.030867 0.025871 -0.000024 0.046643 0.102319 -0.002142 0.000015 -0.066036 0.367939
0.225567 0.000027 0.000100 -0.050660 -0.275682 -0.000086 -0.088344 -0.068571 -0.264752 0.404926 -0.366519 0.000001 -0.000003 -0.000059 -0.015064 -0.001487 -0.374741 -0.214172 -0.752529 0.000052 -0.000038 -0.105028 0.003053 -0.000003 -0.000038 0.055201 0.117252 0.000071 -0.000049 0.166251 -0.000301 -0.086494 0.138110 -0.000012 -0.143721 0.118775 -0.000120 -0.000028 -0.000043 -0.307322 -0.000026 0.000046 -0.153274 -0.088760 0.118074 -0.000060 0.113777 -0.000062 0.000060 -0.000315 -0.000049 -0.268674 0.209109 0.458115 0.252165 0.000049 -0.139230 0.133866 -0.004229 0.000089 -0.079539 0.180107
0.007012 0.000006 0.000036 -0.213111 0.266910 0.000055 -0.274080 -0.294446 -0.172994 0.188518 -0.092465 -0.000032 -0.000002 -0.000055 0.201742 -0.001742 -0.006099 -0.156607 -0.437536 -0.000023 -0.000087 -0.151995 0.120859 -0.000077 0.000036 -0.240763 0.002795 -0.000074 -0.000034 -0.134218 -0.000007 0.131783 0.080915 0.000002 -0.176892 -0.251501 0.000046 0.000229 0.000009 0.372261 -0.000075 -0.000218 0.180247 -0.219368 -0.025865 -0.000135 0.139253 0.000031 0.000062 0.000035 0.000045 -0.008049 0.092382 0.189395 0.323573 0.000048 -0.096924 -0.095507 -0.003013 0.000040 0.033052 -0.000448
0.428344 -0.000015 0.000120 -0.286129 -0.107252 0.000053 -0.252882 -0.055953 -0.170838 0.004463 0.249634 0.000008 -0.000015 0.000207 0.310300 -0.001565 0.002198 -0.391649 -0.694676 0.000038 0.000106 -0.225322 0.143282 -0.000072 -0.000048 -0.036594 0.304637 -0.000052 -0.000017 -0.059647 -0.000166 0.170470 -0.282457 -0.000010 -0.103604 -0.399881 0.000235 0.000141 0.000015 -0.130567 -0.000008 -0.000105 0.087742 -0.150212 0.251277 -0.000039 0.482355 0.000041 0.000011 0.000078 0.000032 -0.001809 0.144359 0.200871 0.298496 -0.000019 0.068169 0.205566 -0.001776 0.000096 0.137051 0.007379
0.239491 0.000011 0.000168 -0.031043 -0.230410 -0.000059 -0.253703 -0.141592 0.190848 -0.350562 -0.128731 0.000030 0.000018 0.000112 0.509058 -0.002264 -0.006264 -0.226331 -0.080135 0.000058 -0.000044 -0.011064 -0.246430 0.000014 -0.000022 -0.225674 0.020823 -0.000157 0.000022 -0.024926 0.000017 0.266083 0.104286 0.000020 0.035654 -0.014463 0.000242 -0.000033 0.000001 -0.094738 -0.000033 -0.000118 0.091904 0.338685 -0.135048 -0.000112 -0.066389 0.000089 -0.000086 0.000003 0.000014 0.185365 0.178096 -0.415969 0.115825 0.000003 -0.337377 0.146450 -0.001833 0.000004 -0.041225 0.325639
0.556041 0.000043 0.000083 -0.172346 -0.267300 -0.000085 0.176813 0.210964 0.053900 -0.023745 0.139843 0.000088 -0.000003 -0.000039 -0.293877 -0.006179 -0.147287 -0.019134 0.227985 -0.000059 -0.000026 -0.124848 -0.021064 0.000008 0.000046 0.001616 0.384793 -0.000115 0.000034 -0.181644 -0.000182 0.206113 -0.165063 -0.000001 0.095438 -0.015187 -0.000146 0.000034 0.000053 -0.141128 0.000033 -0.000088 -0.267424 0.121243 -0.024637 0.000027 -0.130097 0.000048 0.000046 -0.000080 0.000034 0.213813 0.297096 -0.297163 -0.311208 0.000051 -0.258972 -0.180485 -0.001841 -0.000034 -0.022514 -0.080947
0.401577 0.000003 -0.000005 -0.090470 0.070230 0.000026 0.012505 0.050011 -0.014791 0.239923 0.362094 0.000029 -0.000022 -0.000104 0.089321 -0.007425 -0.216167 -0.504268 0.184318 -0.000016 -0.000060 -0.001585 0.491053 0.000031 -0.000096 0.132599 -0.159101 0.000132 -0.000060 0.079454 -0.000133 -0.025176 0.085495 0.000003 0.101008 0.335646 -0.000141 0.000133 0.000018 0.353406 -0.000035 0.000035 -0.157190 0.058647 0.004208 -0.000175 -0.028270 -0.000042 0.000056 0.000122 -0.000127 0.496373 -0.019806 -0.343025 0.006668 -0.000164 -0.347439 -0.339271 0.000208 0.000003 0.335193 0.128683
0.034171 -0.000021 -0.000021 0.081585 0.683368 -0.000016 -0.128193 0.057762 -0.256573 0.024620 -0.255981 0.000073 0.000023 -0.000171 -0.105268 -0.005688 0.014236 -0.093275 0.144569 -0.000080 -0.000016 -0.115616 0.420680 0.000055 -0.000014 0.190052 -0.124120 0.000151 -0.000022 0.068123 -0.000217 -0.182668 -0.507950 -0.000028 -0.197379 0.054621 -0.000124 0.000014 -0.000023 0.097375 -0.000051 -0.000078 -0.222013 -0.121245 0.018858 0.000042 -0.085310 0.000042 -0.000082 -0.000061 0.000065 -0.095117 0.094469 -0.030985 0.010093 0.000035 0.420904 -0.275674 -0.002916 0.000018 0.069985 -0.051713
0.200378 0.000023 0.000035 0.363551 0.222046 0.000022 -0.080398 0.252164 -0.301860 0.070167 -0.535349 0.000040 -0.000037 -0.000005 -0.258527 -0.006411 -0.325775 -0.007236 0.002351 -0.000003 -0.000060 0.023221 0.387152 0.000008 -0.000020 0.122834 0.122575 0.000042 0.000020 0.030858 -0.000221 -0.024984 -0.266680 -0.000012 0.074388 -0.101553 -0.000336 0.000018 0.000045 0.111562 0.000003 -0.000008 -0.187877 -0.156237 0.043116 -0.000070 -0.069554 0.000049 0.000182 -0.000084 0.000029 0.296069 0.249923 -0.127210 0.249205 0.000026 0.395702 -0.141054 -0.002286 0.000044 0.121382 0.010719
0.581587 0.000013 0.000039 0.128254 0.126862 0.000060 -0.098248 0.063880 -0.037777 0.254405 -0.358641 0.000027 -0.000026 -0.000059 -0.101220 -0.005008 0.092935 -0.061209 -0.325340 0.000044 0.000069 0.227107 -0.061214 0.000024 0.000023 0.144989 0.139075 -0.000072 -0.000027 -0.017358 -0.000023 0.055724 -0.236257 -0.000023 0.104534 -0.315510 -0.000551 0.000086 0.000058 -0.165225 0.000054 0.000167 -0.117563 -0.201705 0.200619 0.000029 -0.053225 0.000078 0.000006 0.000033 0.000037 -0.301905 -0.052424 0.109982 0.267853 -0.000009 0.716884 -0.204596 -0.001464 0.000048 0.009792 0.281028
0.264093 -0.000006 -0.000114 0.068904 -0.141901 0.000035 -0.177219 0.012109 -0.115283 0.309295 -0.436068 -0.000098 0.000000 -0.000050 0.266114 -0.004039 -0.001919 -0.249405 -0.231865 -0.000110 -0.000022 -0.043168 -0.253964 -0.000201 -0.000036 -0.152849 -0.076509 0.000086 0.000048 0.144003 -0.000052 0.107923 -0.460673 -0.000010 0.195728 0.074340 0.000254 0.000188 0.000015 -0.260097 0.000036 -0.000149 0.336001 0.137756 -0.023136 0.000017 -0.068679 -0.000022 0.000082 0.000060 -0.000071 -0.143633 -0.042857 -0.015696 0.652283 -0.000085 0.261652 -0.433732 -0.000909 -0.000002 0.208214 0.346213
0.352371 -0.000019 0.000068 0.141387 0.045378 0.000117 -0.077569 -0.000896 0.026775 0.175019 -0.144443 0.000069 -0.000007 0.000043 0.303598 -0.003339 -0.337651 -0.361129 -0.023018 0.000079 0.000055 -0.013655 -0.183423 0.000046 0.000004 -0.476141 0.099888 0.000192 0.000192 0.154002 0.000027 0.446465 -0.520611 0.000006 0.125923 -0.122713 0.000850 -0.000001 -0.000029 -0.102895 -0.000054 0.000123 0.084808 0.412063 -0.143509 -0.000098 0.124137 -0.000061 0.000031 0.000039 0.000013 -0.024331 0.253706 -0.238237 0.165533 0.000026 -0.101590 0.205493 -0.002884 0.000069 -0.010265 0.304207
-0.045030 -0.000013 -0.000017 0.059687 -0.126904 0.000197 -0.080365 -0.122293 -0.079679 0.081563 -0.202692 0.000030 0.000001 0.000044 0.333844 -0.002402 -0.229202 -0.394476 -0.022595 -0.000230 -0.000002 0.136543 -0.620072 -0.000068 0.000048 -0.102097 -0.114108 0.000195 -0.000040 0.318412 -0.000212 0.216924 -0.192162 -0.000005 -0.304997 0.116655 0.001068 0.000038 -0.000147 -0.383339 0.000055 0.000015 0.102355 0.155689 0.007993 0.000139 0.085203 -0.000055 -0.000040 0.000119 0.000032 -0.000038 0.242094 0.054426 -0.184787 0.000052 0.048852 -0.047403 -0.002190 -0.000029 -0.162997 0.385686
-0.159660 -0.000034 -0.000027 0.152184 -0.101881 -0.000002 -0.055618 0.094295 -0.036786 -0.024119 -0.591624 -0.000023 -0.000004 0.000015 0.170747 -0.002738 -0.163609 0.041323 0.078692 0.000050 0.000005 -0.028827 -0.281253 -0.000094 -0.000025 -0.008269 0.354099 0.000114 0.000017 0.199063 0.000348 -0.068171 0.082608 0.000012 -0.041587 0.320309 0.000486 0.000003 -0.000006 -0.156848 0.000071 0.000084 0.007224 0.074491 -0.034087 0.000067 0.100797 -0.000032 -0.000238 0.000013 0.000004 -0.025513 -0.005895 0.116289 0.019420 -0.000052 -0.318804 -0.009660 -0.005063 -0.000040 -0.680926 0.322552
-0.153220 0.000023 -0.000035 0.055257 -0.028593 0.000119 0.037164 -0.159021 0.393672 -0.107695 -0.135666 0.000174 -0.000045 -0.000064 0.038608 -0.001585 -0.205297 -0.068451 -0.080358 0.000037 -0.000117 0.084109 -0.123265 -0.000059 0.000050 0.292077 0.381714 0.000140 -0.000081 0.261701 -0.000181 -0.259929 0.247935 0.000017 -0.547243 0.338062 0.000332 -0.000174 -0.000095 0.150905 -0.000000 0.000104 0.004486 -0.095466 -0.006262 -0.000088 0.002503 -0.000110 -0.000156 -0.000005 0.000024 0.246062 -0.070462 -0.226877 -0.054494 -0.000025 -0.292828 -0.141665 -0.003543 0.000051 -0.264350 0.051654
-0.014805 0.000045 -0.000033 0.212724 0.314487 0.000093 0.497640 -0.020059 0.206599 0.395833 -0.053261 -0.000035 -0.000040 0.000097 -0.153424 -0.006235 -0.629830 0.083432 0.095713 -0.000088 -0.000081 -0.356891 0.062932 -0.000015 0.000074 0.040577 -0.002186 0.000008 -0.000107 -0.489916 -0.000012 0.100002 0.483167 0.000015 -0.127961 0.146916 0.000387 0.000020 0.000120 0.087192 0.000076 0.000044 -0.308675 0.085796 0.059846 -0.000090 -0.081939 0.000071 -0.000033 -0.000066 0.000057 0.401103 -0.103391 0.103547 -0.101589 -0.000043 -0.266048 0.301058 -0.002567 0.000006 0.022514 0.162650
-0.088718 0.000015 -0.000064 0.081253 -0.117652 0.000011 0.241974 0.017984 0.221163 0.324567 -0.207914 0.000047 0.000012 -0.000097 0.209504 -0.007870 -0.411937 0.022621 0.144901 0.000028 0.000011 0.111108 -0.000045 -0.000128 -0.000051 -0.116526 -0.524504 -0.000255 -0.000074 -0.175165 0.000355 0.408882 0.614740 0.000012 -0.167290 0.118755 0.000076 -0.000027 0.000007 0.122567 -0.000137 -0.000098 -0.123709 0.263367 0.009789 -0.000028 -0.520091 0.000062 0.000025 0.000050 -0.000061 -0.382080 -0.037120 0.049502 -0.238323 0.000190 -0.124732 -0.146531 -0.004100 -0.000016 -0.029622 -0.062664
-0.000038 -0.000030 0.000026 0.254186 0.112337 -0.000048 0.248164 -0.375458 -0.033541 -0.059614 0.043471 0.000112 0.000022 0.000037 0.004121 -0.008254 -0.231358 0.101960 0.165191 -0.000078 0.000116 0.101587 0.087602 0.000047 -0.000087 -0.149397 -0.616924 0.000003 0.000029 -0.333281 0.000399 0.318137 0.314900 -0.000019 0.030128 -0.048674 0.000102 0.000083 0.000060 0.089548 0.000024 -0.000180 -0.394961 0.249475 0.050638 0.000064 -0.110306 -0.000059 0.000066 0.000052 0.000024 -0.374717 0.167194 0.236845 0.111253 -0.000051 -0.222749 -0.067624 -0.004755 0.000006 0.245485 0.195359
0.416622 -0.000022 0.000086 0.085395 0.401729 0.000092 0.161226 -0.243963 0.093410 0.125070 0.136638 0.000114 -0.000031 -0.000065 -0.425259 -0.011384 -0.144809 0.117450 0.216123 0.000089 0.000055 0.150112 0.120034 -0.000134 -0.000041 0.071236 -0.523898 -0.000030 -0.000034 0.064009 0.000177 -0.050210 0.033210 0.000011 -0.222750 -0.111895 0.000068 -0.000060 0.000047 -0.053358 -0.000027 0.000050 0.218060 -0.092342 -0.003995 0.000119 -0.168288 0.000012 0.000075 -0.000066 -0.000010 -0.521685 -0.029760 -0.032663 0.314891 -0.000040 0.272467 0.123827 -0.004547 0.000002 0.500885 -0.264360
0.103958 -0.000013 0.000009 0.135693 -0.160893 -0.000117 0.043589 -0.000581 -0.007473 -0.057477 -0.249296 -0.000088 0.000019 0.000029 -0.277504 -0.015562 0.099138 -0.171160 0.271625 0.000103 -0.000086 0.150397 0.476882 0.000187 0.000125 -0.125724 -0.028499 -0.000194 -0.000075 -0.159898 -0.000114 -0.034352 -0.036850 0.000041 0.081321 0.199718 -0.000312 -0.000059 0.000008 0.154278 -0.000033 0.000069 0.341253 0.044188 -0.105940 -0.000111 0.012198 -0.000063 -0.000042 0.000018 0.000055 -0.216122 0.233917 0.287399 0.278157 0.000181 0.269071 0.108082 -0.004252 -0.000023 0.549388 -0.497627
0.178332 0.000005 -0.000027 -0.087305 -0.258921 0.000087 0.214711 0.220414 0.263873 -0.217869 0.180523 0.000034 -0.000018 0.000068 0.143925 -0.017744 -0.042539 0.030016 -0.221751 0.000028 0.000025 0.257752 -0.070795 -0.000100 -0.000010 -0.569773 0.005878 0.000077 -0.000008 -0.337736 -0.000165 -0.125768 -0.037238 0.000004 0.120000 0.222807 0.000252 0.000112 -0.000051 0.335077 -0.000015 0.000033 0.020455 0.236184 -0.104332 0.000102 0.224054 0.000150 0.000040 0.000290 0.000062 0.367848 0.205291 0.331260 0.246035 -0.000033 0.148561 0.004656 -0.002809 -0.000020 0.071944 0.010894
0.109865 0.000000 -0.000183 -0.020487 -0.278918 0.000014 0.145301 0.269103 0.348751 0.184972 0.321456 -0.000038 -0.000016 0.000067 -0.219370 -0.018830 -0.053086 -0.048319 -0.050415 0.000012 0.000044 0.143922 0.321714 0.000025 0.000094 -0.825780 0.096620 -0.000023 0.000008 0.005075 -0.000091 -0.371695 -0.101039 0.000029 -0.131765 0.355653 -0.000446 0.000193 0.000044 -0.069784 -0.000065 0.000046 0.005615 -0.064435 -0.029451 -0.000103 0.391654 0.000112 -0.000081 0.000013 -0.000016 0.175385 0.111934 0.103591 0.290230 -0.000040 -0.184352 0.259550 -0.003361 0.000003 0.043719 0.368026
-0.017812 -0.000011 -0.000079 -0.185662 -0.104107 -0.000063 0.201945 0.117828 0.221121 -0.080090 -0.299177 0.000008 0.000010 0.000072 -0.228310 -0.019882 0.259034 -0.238336 0.026391 0.000171 -0.000040 0.231024 0.058342 0.000076 -0.000131 -0.780890 0.205507 0.000101 -0.000017 0.067168 -0.000162 -0.198898 -0.348798 0.000036 -0.027022 0.009409 0.000317 -0.000006 0.000037 -0.133783 -0.000033 0.000090 0.269671 -0.028250 -0.094081 -0.000065 0.339637 -0.000091 0.000012 -0.000078 0.000016 0.215725 0.077167 0.206067 0.280749 0.000160 -0.274929 0.091969 -0.005416 -0.000008 -0.390111 0.303572
-0.380176 0.000028 0.000029 -0.042305 0.077563 0.000037 0.019838 0.145801 0.301009 -0.073149 -0.007541 0.000070 0.000003 -0.000146 0.302195 -0.021609 -0.146246 -0.335267 0.336942 -0.000070 0.000092 -0.066456 0.164510 -0.000012 -0.000041 -1.150093 0.059440 0.000001 -0.000025 -0.106570 -0.000209 -0.403092 0.016927 -0.000011 -0.266917 0.030710 0.000057 0.000046 -0.000201 -0.099540 0.000060 0.000166 0.098575 0.303023 0.028682 -0.000045 0.272876 0.000072 -0.000004 -0.000038 0.000018 0.213933 -0.035329 -0.041138 -0.345164 -0.000083 -0.165040 -0.121847 -0.003398 -0.000008 -0.421374 0.038750
-0.173554 0.000002 0.000037 -0.093534 -0.249325 0.000088 0.081258 0.295043 -0.043940 0.208019 0.138783 0.000136 0.000023 0.000030 0.398264 -0.018077 -0.090489 -0.419570 0.147486 -0.000032 -0.000050 0.034832 -0.156765 0.000001 0.000041 -0.661927 0.001644 -0.000122 -0.000066 0.046514 -0.000021 -0.074246 -0.167362 -0.000026 -0.348926 0.143216 0.000030 -0.000007 0.000030 -0.124290 0.000010 -0.000044 -0.004044 0.226408 0.101315 0.000064 -0.004929 0.000097 0.000205 -0.000036 0.000016 -0.000485 0.083054 0.054209 -0.614357 0.000033 0.004480 0.014188 -0.000619 0.000047 -0.381675 -0.335306
-0.308853 0.000048 -0.000049 -0.329825 0.147699 0.000005 0.176313 0.128440 -0.090776 0.021550 -0.011057 0.000036 0.000012 0.000005 0.061572 -0.018129 -0.376854 -0.190904 0.207731 0.000025 0.000072 -0.088916 0.090064 0.000014 0.000019 -0.665019 -0.060386 0.000023 -0.000017 0.280512 0.000232 0.079610 -0.564115 0.000003 -0.147286 -0.165264 -0.000086 0.000030 -0.000101 0.106962 -0.000193 -0.000131 -0.335691 0.001788 0.110830 -0.000035 -0.323888 0.000040 -0.000021 0.000007 -0.000032 0.394457 -0.106906 0.114483 0.036054 -0.000056 0.228669 -0.037205 0.000896 0.000030 0.245517 0.139881
0.301762 -0.000003 -0.000028 -0.038780 0.025783 -0.000064 0.191817 0.274133 -0.193610 0.200895 -0.533959 -0.000066 0.000011 0.000040 -0.219286 -0.014505 0.044476 -0.389231 0.290145 0.000022 -0.000035 0.031367 -0.211193 -0.000025 0.000020 -0.356795 0.196140 -0.000056 -0.000034 0.189518 0.000093 0.213316 -0.096822 0.000021 -0.059807 0.075187 -0.000060 -0.000042 -0.000066 -0.061590 -0.000027 -0.000115 -0.177541 0.064892 0.000771 0.000104 -0.767073 0.000049 -0.000044 -0.000119 0.000050 -0.012086 0.207595 0.446826 -0.156976 0.000023 0.052692 0.114124 0.000730 0.000037 0.205480 0.049739
0.089745 0.000003 -0.000053 -0.202568 0.159367 -0.000023 -0.032508 0.095418 -0.056611 -0.013375 -0.309851 -0.000025 0.000005 -0.000004 0.134135 -0.015461 -0.003407 -0.917490 0.189116 -0.000064 0.000125 -0.198442 -0.050393 -0.000060 0.000023 0.211459 -0.141591 -0.000043 0.000093 0.398609 0.000285 -0.275239 0.092525 -0.000011 -0.187478 0.122176 0.000033 -0.000039 -0.000053 0.218650 0.000039 -0.000038 0.109244 0.156804 0.044222 -0.000199 0.126039 -0.000010 -0.000219 0.000016 0.000055 -0.253704 0.213153 0.520557 0.056807 -0.000046 0.309623 -0.038477 0.000264 -0.000017 0.355018 -0.032883
0.011427 0.000001 0.000038 0.172436 -0.013797 -0.000030 0.354265 0.232374 0.032140 -0.158495 -1.050845 -0.000010 0.000011 -0.000033 0.162315 -0.015293 -0.005749 -0.223940 0.098300 -0.000002 0.000038 -0.146918 0.633197 -0.000039 0.000032 0.044654 0.223707 -0.000003 0.000018 0.446320 0.000200 -0.251815 0.003660 -0.000028 0.106361 0.283515 -0.000194 -0.000054 0.000046 0.135308 0.000026 -0.000041 0.080915 -0.033000 0.013069 0.000088 -0.040544 0.000026 -0.000095 -0.000149 -0.000008 -0.299939 0.382441 0.513916 0.170489 -0.000021 0.091420 0.189144 -0.001483 0.000016 0.591501 -0.148351
0.294494 0.000026 0.000078 0.192465 -0.121504 -0.000116 0.047421 -0.016493 0.036288 0.095689 -0.038708 -0.000086 -0.000005 0.000073 0.119494 -0.014959 -0.234820 0.014913 0.429917 -0.000077 0.000019 -0.117198 -0.094156 0.000087 -0.000072 -0.511650 0.333218 -0.000196 -0.000004 0.243163 -0.000062 -0.315665 0.505641 -0.000008 -0.017986 0.473351 0.000012 -0.000067 -0.000053 -0.059597 0.000021 -0.000003 0.197628 -0.408093 -0.100308 0.000117 -0.237589 -0.000038 0.000006 -0.000132 0.000043 0.210371 0.217906 0.511329 0.051076 0.000080 -0.552239 0.226526 0.000537 -0.000021 0.334149 -0.292254
-0.119187 0.000016 -0.000029 -0.185714 -0.008411 -0.000057 -0.254230 -0.429326 0.404084 -0.111111 -0.070096 0.000024 0.000016 -0.000026 -0.060990 -0.010835 -0.334650 0.036768 0.407957 -0.000035 -0.000003 0.097044 0.039551 0.000095 -0.000053 -0.537470 0.000366 -0.000350 -0.000039 0.024646 0.000274 -0.041617 -0.013169 0.000007 -0.204286 0.318918 0.000188 0.000028 -0.000094 -0.062039 0.000061 0.000043 0.130658 -0.336936 -0.054208 -0.000019 -0.018739 -0.000076 0.000024 -0.000114 -0.000030 -0.259164 0.153155 0.390333 0.183573 0.000079 0.048750 0.265732 -0.001141 0.000001 -0.018151 -0.003529
0.012632 0.000063 0.000014 -0.331182 0.304806 -0.000084 -0.143726 -0.144712 0.284324 -0.146606 -0.189264 -0.000078 -0.000022 0.000026 -0.371621 -0.013295 -0.460554 0.439664 0.132062 0.000096 0.000061 0.104490 0.071279 -0.000001 -0.000064 -0.282246 -0.024312 -0.000078 -0.000011 0.062533 -0.000134 0.026049 -0.240709 0.000006 -0.297542 0.221976 0.000137 0.000041 -0.000057 -0.501151 0.000060 -0.000163 0.189378 0.077407 0.033898 0.000098 -0.151816 -0.000012 0.000046 -0.000042 -0.000073 0.042718 0.028178 0.489295 0.001859 -0.000040 0.038187 0.016021 0.000447 -0.000023 -0.310292 -0.046971
-0.205371 -0.000014 -0.000094 -0.340762 0.012152 -0.000053 -0.129710 0.083520 0.221551 -0.146410 -0.231530 -0.000041 0.000018 0.000036 -0.520414 -0.012674 -0.438689 0.011174 0.169308 0.000280 -0.000101 0.046360 0.299324 -0.000044 0.000048 -0.073454 -0.270049 0.000139 -0.000025 0.135934 -0.000263 0.079783 0.227253 -0.000011 -0.056030 0.542625 0.000271 -0.000218 -0.000135 -0.174599 0.000061 0.000017 0.144042 -0.201449 0.123327 -0.000037 -0.281111 0.000065 0.000170 -0.000185 0.000014 0.237097 0.122549 0.197480 0.001937 -0.000052 -0.272652 -0.154688 0.000643 -0.000023 -0.217317 -0.077336
-0.005094 0.000035 -0.000108 -0.263768 0.123187 -0.000027 0.200709 -0.210951 -0.169295 -0.222809 0.008295 0.000036 0.000003 -0.000045 -0.492216 -0.012419 -0.347674 -0.195164 0.056091 0.000010 0.000129 -0.029077 0.169862 -0.000041 -0.000026 -0.402348 -0.300340 -0.000019 -0.000020 -0.250835 -0.000176 -0.016151 -0.013658 -0.000010 0.006768 0.289286 0.000350 -0.000103 0.000164 -0.106799 0.000039 -0.000045 -0.177569 -0.019041 0.343345 0.000068 0.234965 -0.000036 0.000028 0.000180 -0.000067 0.132940 0.215932 -0.010175 -0.079042 0.000052 0.025849 -0.254021 -0.000650 -0.000036 -0.175774 -0.103404
-0.135996 -0.000009 -0.000131 0.007685 0.096046 0.000062 0.070021 -0.271598 -0.228678 -0.140452 -0.425972 0.000014 -0.000024 0.000214 -0.128078 -0.011724 -0.019918 0.058157 -0.304875 -0.000014 0.000057 -0.001047 -0.114718 0.000050 -0.000045 -0.756402 -0.151552 -0.000120 -0.000010 -0.210812 0.000031 -0.059097 -0.037728 -0.000013 0.148500 0.206357 0.000029 -0.000030 -0.000046 -0.075644 -0.000025 -0.000126 -0.156142 0.168095 0.361314 0.000019 0.029140 0.000035 -0.000029 0.000141 0.000064 -0.073293 -0.024585 -0.171559 -0.270407 -0.000088 0.114395 0.562757 -0.002017 0.000070 -0.115514 -0.043192
-0.212194 0.000023 -0.000055 0.008715 0.028791 0.000061 0.157841 -0.223163 -0.511168 -0.124592 -0.130164 -0.000060 -0.000041 -0.000042 0.016231 -0.011993 -0.253298 -0.127763 -0.429871 0.000038 -0.000003 -0.008167 0.162223 -0.000116 -0.000021 -0.278247 -0.261537 0.000009 0.000041 0.063745 -0.000026 -0.158350 -0.263220 -0.000037 0.282819 -0.044283 -0.000050 -0.000034 0.000032 -0.022362 -0.000186 -0.000233 -0.294232 0.060603 0.369437 0.000024 -0.089553 0.000025 -0.000132 -0.000111 0.000029 -0.208696 -0.159221 -0.218032 0.162617 0.000101 0.123818 0.021256 -0.003614 0.000069 0.323778 0.007233
-0.068814 0.000010 0.000032 -0.011138 -0.037895 0.000036 0.061198 0.154912 -0.240485 0.018087 0.314312 -0.000017 -0.000014 -0.000065 -0.690871 -0.014989 -0.391656 -0.428132 -0.331058 0.000081 -0.000038 -0.022258 0.133901 0.000016 0.000081 -0.216161 -0.125120 0.000008 -0.000026 0.123230 -0.000066 0.045904 -0.068695 0.000013 0.089199 0.253992 0.000096 0.000035 0.000018 -0.012570 0.000021 -0.000101 -0.114038 0.145009 0.029395 -0.000044 -0.097280 0.000062 -0.000041 -0.000027 0.000015 -0.774842 -0.003820 -0.315120 0.040675 0.000010 -0.281055 -0.268330 -0.004436 0.000097 0.428754 -0.201167
-0.220890 -0.000002 -0.000121 0.098622 -0.298645 0.000044 0.010584 -0.174884 -0.156379 0.057270 0.089986 -0.000028 -0.000013 -0.000044 -0.322058 -0.016841 -0.060830 -0.382495 -0.001043 -0.000036 -0.000047 -0.091897 0.037843 -0.000013 0.000022 -0.041364 -0.223131 -0.000122 -0.000120 -0.106101 0.000024 -0.093748 0.241825 -0.000005 -0.020692 -0.097659 -0.000090 0.000100 -0.000016 0.232163 -0.000026 0.000098 -0.075902 0.386296 0.036462 0.000072 -0.307317 0.000066 -0.000075 0.000104 -0.000014 -0.147349 -0.106548 0.085148 -0.050820 0.000025 0.196252 -0.533868 -0.004185 -0.000017 0.118803 0.057375
-0.007635 -0.000031 -0.000024 -0.065573 -0.409527 0.000002 -0.090322 -0.083841 0.084019 0.081630 0.256483 0.000001 -0.000024 0.000035 -0.048431 -0.017295 0.326745 -0.411365 -0.196507 0.000074 -0.000007 -0.041670 -0.247807 0.000059 -0.000025 -0.041618 -0.258378 0.000122 0.000026 -0.229953 -0.000012 -0.038159 0.097623 -0.000011 -0.120551 0.175184 0.000002 -0.000126 0.000041 0.237332 -0.000101 -0.000196 0.000025 0.170308 -0.106381 0.000120 -0.039471 0.000171 -0.000053 -0.000028 0.000025 -0.400603 -0.118902 -0.122667 -0.049817 -0.000030 0.069820 -0.281915 -0.004255 -0.000019 0.095998 -0.054530
-0.220062 0.000003 0.000017 -0.110110 -0.066728 0.000116 0.353163 -0.102331 0.115327 0.429168 -0.179350 0.000006 -0.000020 -0.000036 -0.193680 -0.016304 0.317136 -0.313846 -0.394176 0.000090 -0.000047 -0.050121 -0.007930 0.000009 0.000022 -0.452567 -0.196538 -0.000066 0.000096 0.206994 -0.000078 -0.000142 -0.042199 0.000024 -0.074508 0.209218 0.000274 -0.000054 0.000083 -0.365447 0.000034 0.000090 -0.241417 0.190975 0.166339 0.000067 0.177714 -0.000030 -0.000047 -0.000028 0.000017 -0.004032 -0.002157 -0.137563 -0.167090 -0.000040 -0.373489 0.174753 -0.003394 -0.000022 0.032250 0.055075
-0.406396 0.000010 -0.000033 -0.360955 -0.056292 0.000039 0.015603 0.004004 0.434743 0.325276 0.001736 0.000012 -0.000022 -0.000215 0.049070 -0.014051 0.272533 -0.394616 -0.437490 -0.000070 -0.000037 0.005175 -0.002375 0.000030 -0.000023 -0.249544 -0.368234 -0.000066 0.000009 0.121047 -0.000035 0.203994 0.468698 0.000035 0.000960 0.050942 0.000228 -0.000066 0.000057 -0.202593 -0.000098 0.000054 0.171206 0.156549 -0.050123 -0.000110 0.361796 -0.000107 0.000074 0.000027 -0.000050 0.173659 0.081018 -0.029786 -0.105322 -0.000011 -0.170197 -0.022738 -0.004191 0.000009 -0.122007 0.407812
-0.553832 -0.000021 -0.000001 -0.222313 0.122074 0.000032 0.276283 0.129795 -0.110078 0.388231 0.189275 0.000038 0.000008 0.000068 0.115712 -0.017309 0.058287 -0.032596 -0.404745 0.000021 -0.000025 0.254137 0.437576 0.000166 -0.000038 0.127788 -0.305581 -0.000102 -0.000030 -0.243608 0.000146 -0.098428 0.264034 -0.000014 0.337977 0.332579 -0.000108 0.000136 -0.000151 -0.109463 0.000030 -0.000076 -0.244633 0.063366 0.110965 0.000028 0.023180 -0.000010 -0.000107 -0.000234 -0.000015 0.327547 0.355570 0.276875 -0.320879 0.000101 -0.264572 -0.257528 -0.001430 0.000009 -0.192778 0.083270
-0.435594 0.000013 -0.000064 -0.047187 0.092963 -0.000002 -0.035079 -0.054478 0.102810 0.052371 -0.148197 -0.000032 -0.000011 -0.000028 0.214533 -0.018700 0.033536 -0.005921 0.003320 0.000010 -0.000080 0.220459 0.348115 0.000161 0.000037 -0.006516 -0.523605 -0.000035 -0.000051 -0.036865 0.000352 -0.010580 0.195813 -0.000016 0.027940 0.354254 0.000197 0.000096 0.000002 -0.158345 -0.000119 -0.000097 -0.672592 0.181796 0.194170 0.000002 0.222410 -0.000142 -0.000032 0.000061 -0.000034 0.214695 0.314192 0.059342 -0.209133 0.000075 0.152286 0.099297 -0.002226 -0.000011 -0.184945 0.125470
0.106719 0.000078 -0.000003 -0.208271 0.366863 -0.000097 -0.151354 0.309036 -0.117771 0.093804 0.002297 0.000030 0.000008 -0.000060 0.126262 -0.020410 -0.045746 0.112270 0.291345 0.000004 0.000026 0.057975 -0.422980 -0.000102 -0.000055 0.083607 -0.338295 0.000033 0.000019 0.279595 -0.000070 -0.196818 -0.039021 0.000018 -0.036245 0.230389 -0.000278 0.000046 0.000152 0.170792 0.000118 -0.000135 -0.508267 -0.148502 0.207181 0.000079 -0.232894 0.000066 -0.000112 0.000078 -0.000024 0.446655 0.111866 -0.063384 -0.255268 0.000167 0.130032 -0.100483 -0.002948 0.000030 0.090005 -0.153411
0.034725 -0.000010 0.000094 0.243584 0.144421 -0.000038 -0.426742 0.181766 -0.040777 0.160013 -0.055750 0.000071 -0.000023 -0.000125 -0.262236 -0.021941 -0.177660 0.084526 0.427377 -0.000031 0.000040 0.094224 -0.417081 0.000035 0.000004 -0.064860 -0.075150 0.000077 -0.000029 0.039560 -0.000197 -0.101247 -0.207042 0.000017 0.070016 0.326470 0.000433 -0.000026 0.000113 0.055956 0.000030 0.000020 -0.817861 -0.209285 0.007709 0.000123 -0.321738 -0.000008 -0.000035 0.000027 -0.000024 0.200770 0.105765 0.365535 0.017306 0.000024 0.005412 0.015681 -0.002843 -0.000030 -0.124067 -0.065837
0.041457 -0.000012 -0.000066 0.135128 -0.139056 0.000016 -0.445191 0.145920 0.222602 -0.136631 0.103183 -0.000059 -0.000022 -0.000004 -0.166268 -0.020065 0.002932 -0.144039 0.104135 0.000036 -0.000055 -0.089107 -0.424077 0.000143 -0.000083 0.127357 0.284942 0.000075 0.000049 -0.068390 0.000330 -0.276493 -0.049515 -0.000018 0.025916 0.046331 0.001182 -0.000068 0.000044 0.149928 0.000042 0.000032 -0.308583 0.256914 -0.020916 0.000042 -0.377612 0.000096 0.000069 0.000040 0.000034 -0.087155 0.164589 0.004791 0.067065 -0.000027 0.310371 0.364818 -0.003026 -0.000038 0.115701 0.360822
0.018336 -0.000008 -0.000067 0.250157 0.004223 0.000033 -0.058725 0.295534 0.131344 -0.302876 0.387354 -0.000021 -0.000013 -0.000040 -0.126082 -0.016187 0.064104 -0.467288 0.061859 -0.000057 0.000013 -0.050147 0.002199 0.000079 0.000036 -0.107675 0.277261 0.000070 0.000043 0.197353 0.000061 0.016060 0.241603 0.000010 -0.188121 -0.124325 0.000110 0.000016 -0.000068 -0.164703 0.000031 -0.000176 -0.132448 0.006588 -0.004614 -0.000107 -0.300876 0.000039 -0.000097 -0.000075 -0.000013 -0.288493 0.322818 -0.135020 0.135689 0.000012 0.013327 0.120381 -0.005497 -0.000014 -0.170916 0.074476
-0.142432 -0.000020 -0.000000 0.238951 0.123916 -0.000021 0.082885 0.357040 -0.039336 0.054908 0.146443 0.000008 0.000000 0.000004 0.033627 -0.016903 0.177106 0.087514 -0.080056 0.000029 0.000040 0.018157 -0.274705 0.000027 -0.000002 0.102053 0.130488 0.000100 -0.000075 -0.286579 0.000301 0.052265 -0.072799 0.000026 -0.134087 0.248017 -0.000082 0.000083 0.000027 0.018693 0.000011 0.000129 -0.206642 -0.135406 -0.098942 0.000102 -0.116702 -0.000004 -0.000055 0.000130 -0.000015 -0.152126 -0.054380 0.008816 -0.006702 -0.000053 0.008269 -0.490966 -0.005570 0.000050 -0.248515 0.059841
-0.237430 0.000071 -0.000024 0.125066 0.084858 -0.000011 -0.153818 0.157000 0.155442 -0.367095 -0.037692 0.000038 0.000012 -0.000005 -0.028490 -0.012338 0.089387 0.058498 0.161334 0.000116 0.000139 -0.311180 0.086163 -0.000023 -0.000036 0.185339 -0.156989 -0.000070 0.000052 -0.003550 0.000092 0.268472 -0.409224 0.000040 -0.035049 0.073285 0.000240 0.000055 -0.000042 0.239733 0.000069 -0.000089 0.007060 0.314653 -0.025118 -0.000171 0.198220 -0.000001 0.000009 0.000043 0.000012 -0.144812 -0.336173 -0.428162 -0.027984 -0.000054 0.190169 0.139695 -0.004316 0.000007 0.130561 0.305824
0.142748 0.000035 -0.000038 0.135103 -0.089460 -0.000033 0.155575 0.194426 0.494289 0.343254 0.083950 0.000050 -0.000007 0.000057 0.108501 -0.010360 -0.041629 -0.577846 0.151799 0.000030 0.000006 -0.445502 -0.144492 0.000048 0.000046 0.447122 -0.094418 0.000013 0.000052 -0.519374 0.000141 0.227349 -0.105261 0.000004 -0.055721 0.333825 -0.000478 -0.000133 -0.000013 -0.090357 0.000101 -0.000069 -0.117509 0.084401 -0.037545 -0.000073 0.240873 -0.000005 0.000012 0.000045 -0.000014 -0.508816 0.238728 -0.126809 -0.244607 -0.000113 0.107450 -0.073669 -0.004144 -0.000001 -0.230341 -0.032363
0.204759 -0.000002 -0.000060 0.026499 -0.063198 -0.000060 -0.373164 0.329072 0.496573 0.302770 -0.035585 -0.000050 -0.000016 -0.000110 0.131027 -0.006510 -0.037654 -0.402130 0.094400 -0.000000 0.000017 -0.386015 0.170768 -0.000052 0.000024 0.162983 -0.192241 0.000092 -0.000029 -0.262968 0.000235 -0.300788 0.516003 0.000003 0.099475 0.092449 -0.000172 0.000081 -0.000042 -0.168440 0.000072 -0.000019 -0.131920 -0.056112 0.034741 0.000038 0.036469 0.000062 0.000011 -0.000039 -0.000014 -0.167007 0.238792 0.044453 0.093978 -0.000047 0.113636 0.019539 -0.002941 0.000058 -0.544574 0.065714
0.076893 0.000004 0.000010 0.178115 0.178518 0.000066 -0.015700 0.132132 0.145256 0.038832 -0.229420 -0.000056 -0.000022 -0.000093 0.018638 0.000714 -0.100306 0.167245 -0.055984 0.000041 -0.000025 -0.347199 -0.010666 -0.000009 0.000019 -0.253221 -0.109604 -0.000189 -0.000061 -0.261346 0.000071 -0.194758 0.090574 -0.000028 0.233354 -0.065173 0.000023 -0.000096 -0.000023 -0.383873 -0.000061 0.000114 -0.175456 -0.130743 0.065874 -0.000014 0.106425 0.000033 -0.000088 -0.000085 0.000012 -0.237070 -0.076401 -0.164947 -0.013571 -0.000067 0.408053 -0.002547 -0.001586 -0.000007 -0.231887 -0.198315
0.004257 -0.000044 0.000047 0.150827 -0.173975 0.000107 0.002167 0.066542 -0.092778 0.520394 0.050136 0.000126 -0.000071 -0.000029 -0.233831 0.000219 -0.189474 -0.188871 -0.289260 0.000080 -0.000003 0.073807 -0.046622 -0.000080 -0.000051 -0.086022 -0.180714 0.000044 0.000017 0.072579 0.000048 -0.407739 0.354368 0.000041 0.042844 0.328177 0.000297 -0.000017 -0.000025 -0.093032 0.000100 0.000033 0.240909 -0.255317 0.191274 0.000150 -0.225687 -0.000095 -0.000025 0.000090 0.000018 0.409234 -0.401435 -0.200486 0.178027 0.000045 0.083750 0.161888 -0.002680 -0.000016 0.003188 -0.404323
-0.199357 0.000026 -0.000021 0.098279 -0.256784 0.000022 -0.236559 -0.232686 -0.221740 -0.006008 0.011151 -0.000127 0.000035 -0.000026 0.327279 -0.002721 -0.157911 -0.093213 -0.400661 -0.000052 0.000084 -0.023309 0.172419 -0.000108 -0.000042 -0.002439 0.148905 -0.000135 0.000024 -0.059064 -0.000313 -0.107786 0.002508 0.000001 -0.082385 0.385467 -0.000160 -0.000183 0.000016 0.012533 0.000080 0.000064 0.186106 0.099805 0.013865 -0.000067 0.010774 0.000033 0.000150 0.000034 0.000036 -0.000196 -0.104529 0.019050 0.332058 0.000050 0.354066 -0.690952 -0.001815 -0.000009 -0.091958 -0.460495
-0.036658 0.000007 -0.000037 -0.048987 0.039862 0.000032 0.027204 0.041915 0.156667 -0.117440 0.062221 0.000039 0.000009 -0.000102 0.152710 -0.004178 -0.007766 0.285477 -0.134423 0.000015 0.000048 -0.218280 0.099199 -0.000059 0.000071 -0.046469 -0.005948 -0.000103 -0.000011 -0.026628 -0.000078 -0.084587 -0.358069 0.000020 0.186276 0.375025 0.000048 -0.000027 0.000044 -0.289611 -0.000027 -0.000091 -0.034208 0.173776 -0.049061 0.000012 0.199769 0.000011 -0.000154 -0.000028 0.000043 -0.082135 -0.273727 -0.060938 0.203398 0.000038 0.425158 -0.223295 -0.000998 0.000102 0.001804 0.062225
0.097004 -0.000012 -0.000064 0.492621 -0.202874 -0.000057 0.025760 -0.100513 -0.045897 -0.135910 0.397838 -0.000047 -0.000010 -0.000027 0.176970 -0.004692 -0.312198 0.312086 -0.214156 -0.000046 -0.000064 -0.393934 -0.003691 -0.000069 -0.000072 0.007666 0.066071 0.000010 -0.000022 -0.003592 -0.000284 -0.000510 -0.004616 0.000005 0.308954 0.292499 0.000036 0.000060 0.000073 0.247158 -0.000104 -0.000099 -0.138058 -0.017297 0.084571 0.000032 0.010696 0.000159 0.000033 0.000044 -0.000022 0.138574 -0.380503 -0.259947 -0.042750 0.000004 0.287757 -0.330918 -0.000724 -0.000031 0.137368 0.147930
-0.057710 -0.000018 0.000040 0.541548 -0.355685 0.000096 0.144771 0.354799 -0.156334 0.060356 0.316999 -0.000102 0.000008 -0.000197 -0.137506 -0.005501 -0.299056 0.308687 -0.037310 0.000006 -0.000171 -0.298006 0.064734 -0.000117 -0.000025 0.093437 -0.163829 -0.000078 -0.000048 0.572086 -0.000103 -0.002114 -0.485848 -0.000019 0.501278 0.509133 0.000188 0.000055 0.000061 -0.144154 0.000054 -0.000176 0.017073 0.058866 0.124367 0.000061 -0.110545 -0.000102 0.000044 -0.000038 -0.000015 0.077552 -0.091809 -0.546281 -0.448921 0.000014 -0.074832 -0.172281 -0.000105 -0.000006 -0.145895 0.189558
-0.132211 0.000045 0.000028 0.056793 -0.320664 0.000004 0.168802 0.107829 0.177312 0.102294 -0.314538 -0.000019 -0.000104 0.000005 0.073434 -0.008907 -0.081273 0.005921 -0.056327 -0.000007 -0.000006 -0.100725 0.022266 -0.000040 -0.000030 0.072512 -0.350188 0.000116 -0.000049 0.176266 -0.000138 -0.179931 0.059762 -0.000007 0.081773 0.279965 -0.000215 -0.000037 0.000001 0.177634 -0.000037 0.000088 0.225095 -0.055413 0.085408 -0.000224 0.202353 0.000032 0.000035 0.000046 0.000033 -0.214128 0.121719 -0.587533 -0.115756 -0.000030 0.027753 -0.070195 -0.001923 -0.000036 -0.291374 0.262300
0.093743 -0.000092 -0.000009 0.124982 -0.213736 0.000111 0.070995 -0.133635 0.262427 0.388526 -0.624685 -0.000024 -0.000019 -0.000026 -0.176605 -0.010318 -0.115315 -0.266032 -0.237956 -0.000022 -0.000038 0.028000 -0.142741 -0.000063 -0.000030 0.044474 -0.288076 -0.000181 -0.000048 -0.216926 -0.000038 0.204868 0.138959 0.000049 0.039526 0.148781 0.000008 0.000041 0.000017 0.400439 -0.000102 0.000100 0.145159 0.415287 -0.137795 -0.000164 0.159934 -0.000040 -0.000032 0.000054 0.000034 0.081228 0.146080 -0.242841 -0.535320 -0.000181 0.077351 0.193631 0.000543 -0.000072 -0.028694 -0.120013
-0.163948 -0.000006 0.000052 0.131122 -0.030721 -0.000034 0.093015 -0.038670 -0.203231 0.339283 -0.516416 -0.000011 -0.000001 0.000034 -0.090381 -0.010921 -0.099728 -0.327862 -0.418394 -0.000114 0.000033 0.021618 -0.242411 -0.000003 -0.000009 0.080216 0.087223 0.000013 0.000054 -0.032390 -0.000249 0.061489 -0.062154 -0.000044 0.018328 -0.090393 -0.000550 0.000050 0.000036 0.185200 -0.000037 -0.000222 -0.030646 0.122794 -0.089381 0.000107 0.208374 0.000029 -0.000022 -0.000188 0.000172 -0.306428 0.050917 -0.102681 -0.189990 -0.000030 0.128307 -0.205241 0.000963 -0.000014 -0.053363 -0.062333
-0.697586 0.000017 0.000085 -0.028302 0.243242 0.000115 0.162699 -0.002315 -0.302082 0.447659 -0.198149 0.000025 -0.000104 0.000058 -0.026504 -0.016453 0.091144 -0.056161 0.293552 -0.000024 0.000059 0.215986 0.096939 -0.000015 0.000021 0.429101 -0.068642 -0.000057 0.000048 0.017369 -0.000035 -0.417648 0.016151 -0.000028 -0.261173 -0.276537 0.000118 -0.000094 0.000004 0.004899 -0.000054 -0.000088 -0.262957 -0.304844 0.176179 0.000033 -0.292733 -0.000086 -0.000023 0.000038 -0.000006 -0.162871 -0.312810 -0.604516 0.115754 -0.000060 0.090281 -0.306556 0.000769 -0.000006 -0.146891 -0.046545
