-0.133138
-0.002190
0.006409
-0.003735
-0.009318
-0.004155
-0.001419
-0.000722
0.254255
-0.005546
-1.552341
-0.002630
-0.000508
-0.164852
-0.006920
-0.000708
-0.011203
-0.003037
-0.005696
-1.043585
-0.003860
-0.022428
0.004031
-0.018274
-0.002036
-0.000392
-0.001855
-0.003124
-0.003766
-0.000390
-0.244573
-0.015332
-0.001844
-0.001765
0.923107
-0.001479
-0.091569
-0.019148
-0.018204
-0.001868
-0.971215
0.003442
-0.001666
-0.000741
-0.002150
-0.026806
-0.000280
0.000729
0.001771
-0.002430
-0.010491
-0.001331
-0.001386
-0.009504
-0.002023
-0.000908
-0.001837
1.148172
-0.000828
0.332837
-0.010905
-1.392457
-0.002423
-0.031962
0.128802
-0.023483
-0.010251
-0.003477
-0.000990
-0.012476
0.444112
0.573819
-0.006425
0.360875
-0.001496
0.000148
-0.015827
1.255713
-0.006007
-0.000722
0.000204
-0.004301
-0.002951
0.378197
-0.016562
-0.570280
0.563272
-0.023342
-0.001276
-0.005142
-0.014537
-0.014692
-0.002240
-0.002657
-0.000666
-0.000759
-0.001027
-0.001254
-0.000611
-0.006726
-0.000488
-0.007849
-0.003715
0.000257
1.079643
-0.000159
-0.001715
-0.004459
-0.003351
-0.000371
-0.027126
-0.005170
-0.006093
-0.001794
-0.001315
-0.795482
-0.000587
-0.519634
0.003114
-0.005097
-0.032957
-0.004715
-0.019246
-0.002851
-0.002649
-0.028872
-0.017860
-0.000387
-0.001852
-0.000842
-0.005613
-0.028743
-0.008986
0.002573
-0.003563
-0.002068
-0.307899
-0.005130
-0.000885
-0.004256
-0.011697
-0.348389
-0.004202
-0.005497
-0.004878
-0.000958
-0.001916
0.744739
-0.002472
-0.001853
-0.001873
-0.002147
-0.007803
