4.090878
-0.014025
0.002936
-0.014314
0.004192
-0.033720
-0.034522
0.002798
6.356364
0.004968
-1.872733
-0.002079
0.000438
5.761958
-0.005093
0.000294
-0.025282
-0.003926
-0.007510
-0.907631
-0.027242
-0.012426
0.000921
0.030567
-0.008607
-0.001674
0.013095
0.018091
-0.034184
0.000181
3.039542
0.008032
0.008049
-0.002664
-2.553362
-0.000137
2.744954
-0.025854
0.027446
-0.012039
-0.749671
0.000249
-0.014414
0.002215
-0.001415
-0.003681
-0.000007
0.000346
0.000465
0.004357
0.007470
0.000151
-0.001126
0.000511
0.019504
0.001028
0.009800
-3.576987
-0.001353
-2.243348
-0.014301
-2.181056
-0.005003
0.022793
4.853833
-0.013902
-0.029830
0.001379
0.004760
-0.028079
5.295282
5.757125
-0.032914
-2.553655
0.006613
-0.000187
-0.012423
-3.391966
0.014714
-0.000196
0.000325
0.011565
-0.021749
6.558105
0.001067
-1.020425
-2.337165
0.009380
0.003863
-0.000239
-0.024818
0.030825
0.021330
0.026671
0.000613
-0.000645
0.028318
0.008981
0.004649
-0.016187
-0.000003
0.021979
-0.029479
0.000106
-2.972056
0.000020
0.013575
0.012147
0.017248
-0.000351
0.009087
0.007591
-0.007478
-0.008231
0.000443
3.178657
0.000205
4.156355
0.000274
0.020623
0.022437
0.000928
0.021689
-0.001065
-0.010189
-0.006390
-0.001130
-0.000003
-0.006421
0.002159
0.017325
-0.027490
0.018076
-0.000228
0.002619
-0.005056
5.155829
0.022843
0.000677
0.010146
-0.005086
-1.532987
0.001895
-0.002883
0.000464
0.004394
0.004918
5.318549
0.001773
0.023278
0.000359
0.006333
-0.040654
