-0.000992
-0.001277
-6.448548
-5.849239
-0.020965
-0.001622
-0.000150
-6.795472
0.001631
-8.021887
4.838969
-0.021521
-0.001884
-0.000623
-4.153751
-0.002558
-6.446839
0.966506
5.802553
-5.197599
-0.012076
-6.548942
6.053743
-7.404820
0.002584
-5.527833
-6.903852
0.005367
0.008857
5.112551
-0.000006
0.002881
5.103465
5.262686
4.622749
-6.041045
-5.805659
0.008849
-5.218271
-5.028092
0.001284
3.670613
-4.290922
0.000047
-6.561880
0.000809
0.006300
-0.001985
-7.154862
-0.000213
0.013090
-6.436101
0.004589
-6.216813
-0.002931
-7.116511
-5.466105
0.020384
0.001462
-0.001649
0.003481
-0.001321
-5.630013
-0.006762
0.003424
-0.022337
-7.999959
-8.125035
-0.010459
0.001448
-5.392528
-5.780509
-0.003331
5.907799
-8.246997
0.000233
0.000050
0.000027
-0.003263
5.267386
0.004235
0.003815
-0.002828
-0.002349
-0.009231
-7.266269
0.000863
-7.821194
0.001937
-0.001848
1.090796
-0.014539
4.631341
-7.599173
-0.002308
0.000827
-6.455574
0.024297
-4.471347
0.000386
-6.688978
4.979024
5.322294
-6.665075
-7.208296
7.154811
4.449291
