3.120896
-2.954399
-2.054623
-3.046791
-0.004542
0.000883
3.321303
4.047851
0.007938
-0.002277
-0.001277
-1.954314
0.007513
0.017290
-0.014066
-0.008305
-0.001908
-0.000917
-0.000825
-1.325612
-2.817744
-0.001999
0.000030
-0.000513
0.018887
0.016332
-0.000318
-0.009343
-0.013594
0.000844
-0.000109
-0.000540
-0.001760
-0.028634
5.667458
0.031230
-0.009641
-0.001444
0.000276
3.740660
2.560699
-0.003138
-0.002994
5.698100
-0.001328
-2.106684
-0.008905
-0.001608
-0.016282
0.002647
-0.004690
0.016258
0.031680
0.001305
0.015115
-0.001048
0.003800
0.000134
6.469135
-0.003091
-0.010660
-0.027737
0.000008
0.002982
-4.280951
3.286734
-3.687215
0.000324
0.034463
-1.496631
3.307419
-0.037726
0.000939
5.455306
5.503685
0.000047
-3.870690
-1.871556
0.002495
-4.019296
-0.001631
-0.000340
-3.464054
-0.028687
-0.016775
-0.000100
-0.016605
-2.700591
0.001186
0.001892
-0.015500
2.085221
-0.002882
-0.014997
-0.012722
-2.324103
4.993281
-0.013466
-0.028178
0.012893
-3.516864
4.298565
-2.114924
0.002126
-0.024042
-0.004388
-0.017469
0.000330
-2.399849
4.468114
0.000147
-0.001499
3.094572
-0.005179
0.030583
0.003787
-0.035547
-3.564311
0.000080
-3.585400
6.607749
3.749691
0.009994
-0.001109
-3.218167
0.005112
-0.029148
0.008116
0.006365
-0.001583
0.012892
-0.002938
0.022243
-0.008173
0.000290
6.786339
0.001613
-0.012047
0.000228
-0.001843
-0.024836
0.032328
-0.002089
-0.019414
-0.001954
0.000464
0.000373
-0.013357
2.098172
0.006171
-0.010035
0.016925
-0.000234
-2.321531
3.349817
2.835914
-2.120730
-0.005661
-0.022623
-1.950303
2.375850
4.547474
