-0.514031
0.001399
-0.189979
-0.001774
-0.458221
0.000934
-0.001129
0.000858
-0.136987
-0.403419
-0.181504
-0.640739
-0.000951
-0.324241
0.001335
-0.001763
-0.004300
0.449729
-0.374368
-0.519402
-0.003047
0.422417
-0.001582
0.281506
-0.330875
-0.433367
-0.000052
0.001521
-0.000609
-0.398030
0.447219
-0.286021
-0.067195
-0.302330
-0.001402
-0.206780
-0.213945
0.489006
-0.336638
0.454680
-0.204195
-0.261057
0.000688
-0.001339
0.000459
-0.401444
-0.004107
-0.000198
-0.002051
0.000833
-0.502166
0.002582
-0.354478
0.352704
0.442337
-0.001594
-0.340806
-0.001476
-0.000840
-0.000968
-0.000032
0.000016
0.312793
-0.331165
0.002090
-0.472231
-0.396318
-0.425708
-0.441588
-0.337295
-0.394337
-0.459692
0.001246
0.004292
-0.001094
-0.310411
0.004456
-0.000979
0.362806
-0.002993
