-0.014865
-0.012248
-0.009814
-0.006636
-0.003730
-0.010787
0.800365
-0.019768
-0.003874
-0.000954
-0.001928
-0.000483
-0.001255
-0.006610
-0.001103
-0.018852
-0.011033
-0.000690
-0.002007
-0.001199
-0.008858
-0.005794
-0.001248
-0.019790
-0.181153
-0.000976
-0.009342
-0.002224
-0.020726
-0.009293
0.054686
-0.005193
-0.001522
-0.005858
-0.006658
-0.003168
-0.016475
-0.000486
0.734953
-0.056255
-0.001150
-0.016024
-0.401991
-0.000235
-0.006458
-0.004614
-0.001017
-0.007006
-0.021114
-0.003821
0.002758
-0.003058
-0.000749
-0.001768
-0.035055
-0.237977
-0.009138
-0.101554
-0.001404
-0.009198
0.589640
-0.000824
-1.729200
-0.002723
0.359515
1.141060
-0.003764
-0.032259
0.451909
-0.001980
-0.013351
-0.012259
-0.019776
-0.001806
-0.001280
-0.001231
-1.467583
-0.332521
-0.015882
-0.013459
-0.014967
0.535546
-0.002435
0.001130
-0.001298
-0.006694
-0.003968
0.000177
-0.011075
-0.002060
-0.001920
0.818169
-0.000955
-0.001440
-0.000761
-0.000297
-0.000636
-0.000840
-0.005871
-1.465019
-0.011185
-0.000480
-0.001004
-0.002400
0.001428
-0.009585
-0.002356
-0.007218
0.000717
-0.007531
-0.008800
-0.004509
-0.007035
0.651882
