-0.000437
0.064290
-0.026644
-0.002278
0.047423
-0.000404
-0.002986
-0.002518
-0.051353
0.006458
-0.000401
0.028317
-0.002485
0.017841
-0.021211
0.004278
0.036680
0.019320
-0.001457
-0.000932
0.000022
-0.000200
0.016163
0.010337
-0.000417
-0.022507
-0.003003
0.000888
0.014764
-0.002537
-0.000501
0.012723
0.026195
-0.001282
0.033063
0.015419
0.010797
0.013191
-0.000960
-0.009873
0.000014
-0.033449
-0.034294
0.001825
0.001063
0.007472
0.014052
0.042406
-0.004750
-0.006579
-0.022642
-0.000082
-0.002891
-0.029907
-0.000415
-0.000241
-0.002014
-0.001208
0.014699
0.065346
-0.000375
0.012687
-0.000152
-0.001593
0.001040
0.020212
-0.027141
-0.010973
-0.008279
0.000069
0.011396
0.018334
-0.003601
0.000788
0.002425
0.029681
0.001217
0.032263
-0.003799
-0.020347
0.040807
-0.001216
-0.029307
-0.002536
0.005683
-0.000338
-0.008619
-0.009333
0.007321
-0.033278
0.018427
-0.000796
0.013201
-0.021436
0.013545
-0.021839
0.000073
-0.009265
0.024614
