-0.456739
-0.184329
-0.592441
-0.344475
-0.092149
-1.101081
-0.679932
0.059157
-0.048286
-0.110758
-0.869343
-0.569214
-0.573031
-0.066952
-0.325020
-0.061612
-0.084403
0.082027
-0.554484
-0.317514
-0.491821
-0.086248
0.845612
-0.053764
-0.041667
-0.060199
-0.204310
-0.314428
-0.036843
-0.067409
-0.072715
-0.058354
-0.070811
-0.056852
-0.039356
-0.018068
-0.020812
-0.063121
-0.023611
-0.285048
-0.050291
-0.086380
-0.120357
-0.036393
-0.054767
-0.031938
-0.047526
-0.636219
0.803181
-0.217086
-2.417006
-0.492266
-0.019769
0.001759
-0.168308
-0.064427
-0.050397
-0.029071
-0.234624
-0.017619
-0.029722
-0.108031
-0.346794
-0.459325
-0.028728
0.071666
-0.068312
-0.036348
-0.007164
-0.063767
-0.038059
0.100388
-0.341690
-0.212846
-0.219940
-0.075395
-0.056304
-0.765652
-0.165948
-0.292229
-0.086480
-0.070696
-0.020878
-2.113140
-0.541513
-0.112345
-0.048290
-0.004527
-0.414074
-0.418349
-0.276628
0.384150
-0.539919
-0.134859
-0.722772
-0.051999
-0.356332
-0.114627
-0.137606
-0.044958
-0.093007
-0.080865
-0.567019
-0.092397
-0.051123
-0.021977
-0.069682
-0.105460
-0.037665
-0.029246
-0.073974
-0.023904
-0.044243
-0.058883
-0.070353
0.065027
-0.045029
-0.062484
-0.812142
-0.061186
-0.215325
-0.038312
-0.243342
-0.059765
-0.006004
-0.118038
-0.043773
-0.811219
-0.071368
-0.036564
-0.229250
0.013008
0.000000
-0.317953
-0.770924
-0.038713
-0.192023
-0.082708
-0.632878
0.788897
-0.192243
-0.092676
-0.133193
-0.558503
-0.074552
-0.037620
-0.636527
-0.062789
-0.748631
-0.058171
-0.085898
0.013199
-0.500403
-0.034944
-0.560521
-0.052298
-0.083004
-0.334564
-0.065321
-0.029038
-0.111269
-0.055313
-0.036690
-0.066356
-0.078367
-0.488128
-0.435891
-0.318112
-0.774311
-0.045797
-0.086031
-0.424356
-0.160245
-0.960080
-0.035348
-0.057131
-0.445707
-0.060565
-0.140994
-0.031713
-0.450291
-0.049449
-0.118986
-0.010400
-0.064347
-0.097787
4.339048
-0.581355
-0.077177
-0.068413
-0.084003
-0.020907
-0.026970
0.387120
-0.223065
-0.016370
-0.170685
-0.374813
-0.050960
-0.446595
-0.074526
-0.060532
-0.330230
-0.055657
-0.300474
-0.160709
-0.229649
-0.012046
-0.038913
-0.270184
-0.791513
-0.768802
-0.724425
-0.031359
-0.156014
0.016530
-0.018499
-0.572486
-0.065732
-0.551519
-0.026398
-0.081464
-0.202027
-0.078711
-1.079026
-0.321521
-2.666482
-0.329064
-0.043783
-0.127678
0.636392
-0.252880
-0.390901
-0.515628
-0.403076
-0.254469
-0.169230
-0.835620
-0.506592
-0.003196
-0.085387
-0.065555
-0.049557
-0.019329
-0.007737
-0.051025
1.283486
-0.064099
-0.417140
-0.875128
