0.823612
-1.127266
0.217775
-0.006755
-0.006719
-0.000437
-0.008096
-0.001910
-0.453927
-1.362285
-0.006403
-0.003669
0.000616
0.001609
-0.000444
-0.000822
-0.002121
-0.007914
-0.008765
-0.001152
-0.012611
-0.010796
-0.001500
-0.164083
-0.050022
-0.001061
-0.002626
-0.009591
-0.340803
-0.001106
-0.008633
-0.001587
0.024762
-0.007185
-0.002727
-0.005689
-0.001695
1.075165
-1.542515
-0.903629
-0.002276
-0.002652
-0.006492
-0.202166
-0.006291
-0.010890
0.394221
-0.004965
0.354017
-0.000707
-0.009456
-0.007450
-0.001112
-0.004568
-1.179120
-0.001457
-0.010039
-0.002021
-0.009597
-0.015170
-0.001428
0.675951
0.000227
-0.005697
-0.008349
-0.004922
-0.023458
-0.007192
0.937962
0.700411
-0.009279
-0.095480
-0.005931
0.187544
-0.001273
-0.004834
-0.011849
-0.000209
0.954919
-0.006453
-0.002156
0.039877
-0.002143
-0.005817
-0.006751
0.001853
-0.008440
-0.011261
0.864278
-0.001621
-0.002646
-0.007783
-0.001279
-0.542000
-0.000553
-0.001080
-0.004000
0.001848
