-0.568405
-0.002575
-0.261464
0.001099
0.004767
-0.440827
-0.434772
-0.187707
-0.306270
-0.026768
0.001130
0.001950
-0.000426
-0.217831
0.006146
-0.000758
-0.380948
0.316546
-0.000649
0.002736
-0.320712
0.000601
-0.357715
0.280529
-0.344182
0.000242
0.376908
-0.002223
0.473155
-0.388993
-0.170919
-0.409447
-0.387084
-0.265625
0.001154
0.346962
0.000735
-0.018301
0.002607
-0.001308
-0.267303
-0.428654
-0.001019
-0.007196
-0.001047
-0.176716
0.000188
-0.008698
-0.343206
-0.203914
-0.001552
-0.535286
0.000745
-0.000245
-0.435691
-0.001013
-0.322997
0.363225
-0.002152
-0.143464
-0.414439
-0.550221
-0.005528
-0.000866
-0.000822
-0.190958
0.438589
-0.002779
-0.337701
-0.000732
0.435504
-0.229411
-0.001095
-0.611428
-0.689816
-0.064839
-0.000706
0.001085
-0.389589
-0.002303
-0.274153
-0.107850
-0.006441
-0.002697
-0.332404
-0.366612
0.436236
0.354199
-0.000522
0.001415
0.477756
0.322485
-0.336144
0.412178
-0.002761
-0.207200
