-0.000077
-0.002548
0.000639
0.086646
0.082900
-0.003791
-0.000096
-0.001606
-0.007477
-0.007018
-0.003971
-0.001706
-0.004278
-0.015146
-0.012492
0.197159
0.181643
-0.003177
-0.003496
-0.000088
-0.026673
-0.001923
-0.004406
0.229889
-0.010421
0.000318
-0.000161
0.084501
-0.000114
-0.031019
-0.000618
-0.025907
0.075129
0.000019
-0.000092
-0.020662
-0.002168
-0.008341
-0.010908
-0.000589
-0.017697
-0.015527
-0.003910
-0.002026
-0.003393
0.000458
-0.000723
-0.000443
-0.000044
-0.022350
0.115051
-0.002836
0.000476
-0.002263
-0.001704
-0.022901
-0.001591
-0.007022
-0.002124
-0.018442
-0.000685
-0.002186
-0.022831
-0.005985
-0.026939
-0.001737
-0.000439
-0.003291
-0.002289
-0.014235
-0.004044
-0.000966
0.001003
-0.001975
-0.005095
-0.000542
-0.010858
-0.008674
-0.013926
-0.001307
-0.001514
-0.020355
0.001605
-0.017514
-0.003140
0.003341
-0.003832
-0.019403
-0.001171
0.255862
0.000593
-0.001824
-0.004485
-0.004158
-0.001581
-0.001566
-0.014939
-0.004460
-0.001654
0.000013
-0.004279
0.204824
-0.000292
-0.002250
