-1.290656
0.000251
0.119447
0.381180
0.022588
-0.081061
-0.009846
0.001243
-0.032242
0.774990
1.628940
-0.010512
-1.333418
0.024580
-0.039114
-0.000262
-1.284337
1.997833
-0.096587
-1.488537
1.144881
0.004830
-0.118507
-0.000219
-0.015705
0.007641
-0.053555
-0.000093
-0.004466
1.914367
-1.596142
-0.014517
-0.276987
0.088885
-0.600819
0.015739
-0.000562
-1.169542
-0.022697
-0.615300
1.572847
-0.134228
-0.020191
-0.102615
-1.644199
-1.664816
1.285841
-0.010467
0.001343
-1.056887
-0.000642
-1.912137
-0.428832
-0.003211
-0.032488
0.000130
0.042979
1.415509
0.005335
0.002088
-1.633761
-0.008238
-0.235092
-1.067125
1.333221
-0.000056
-1.250449
0.028227
-1.059105
-1.807222
0.682312
-1.169185
-1.638152
0.017289
-0.006508
-0.016138
1.013798
0.008863
-0.004202
0.001416
0.987919
-0.001885
1.589982
0.022613
-1.085556
-0.206045
-0.009267
-0.000327
1.463679
1.165336
1.230512
0.000069
-1.672426
0.520257
-0.007159
1.565756
-0.000011
-0.004868
2.039032
-0.000142
1.227665
1.638904
-1.712990
-0.031739
0.004517
-0.049820
-0.027447
-0.563634
0.020971
-0.368257
1.292777
-1.013917
-0.000423
0.006174
0.000291
-0.000650
0.000283
-0.265189
-0.346869
0.024456
-0.007682
1.551742
-1.542913
-0.165426
-0.188516
-0.000612
-1.652112
0.024757
0.010785
-0.432660
0.013916
1.020522
-0.351288
-0.485172
0.297575
0.024339
-0.062875
-1.711376
-1.102900
-0.022669
0.033009
0.003005
0.276760
-0.151789
-0.768318
-0.000136
1.926076
-0.642972
0.614081
1.771645
0.028674
-0.036443
0.003530
0.000054
-0.035990
0.002503
-0.431481
-0.000197
0.000144
-0.195433
-1.643821
0.052581
0.016642
-0.000259
-0.956200
1.672560
0.000004
-0.063193
0.008048
-0.477677
1.082841
-0.035046
0.010053
0.000027
-0.000435
0.010441
1.235111
1.405476
0.000083
0.604683
1.659494
1.411331
2.463857
-0.003254
-0.248096
0.279972
0.048042
0.000771
-0.378412
0.665350
-0.000066
-0.007792
-0.038847
-0.050039
-0.601563
0.007781
-1.118372
-0.010086
