0.001628
-0.021234
-0.000729
0.015475
0.017217
-0.030814
-0.008209
-0.000313
0.004560
-0.000154
0.061536
0.026941
-0.002742
0.026411
0.055445
0.012091
-0.000366
-0.017659
-0.000199
-0.001308
-0.000723
-0.004017
-0.011130
-0.004543
0.000175
0.027317
-0.002856
-0.001056
-0.001239
-0.000210
0.015105
-0.025953
-0.000339
0.026986
-0.000166
-0.031111
-0.001138
0.011583
-0.016029
-0.000408
0.049840
-0.004796
-0.006324
-0.024489
-0.007583
0.016125
0.014916
0.017591
-0.008331
-0.005095
-0.017746
-0.001858
-0.000013
-0.021277
0.021987
-0.027145
-0.000606
-0.003660
0.012462
-0.000993
-0.001360
0.035700
-0.001201
-0.001309
-0.001030
0.018764
-0.000079
-0.000087
0.043418
-0.003911
-0.001185
-0.004351
-0.000289
-0.000036
-0.030283
-0.001386
-0.005384
-0.008327
0.018877
-0.001708
-0.000148
0.010578
0.009141
0.032750
-0.011101
-0.004111
-0.028336
-0.000187
-0.033612
0.002545
-0.003456
-0.009171
0.035791
-0.011261
-0.000078
-0.000241
0.015137
-0.000487
-0.022003
-0.007046
-0.007716
0.054357
-0.000792
-0.006168
-0.006518
-0.006924
0.002239
-0.031078
-0.000174
0.012504
-0.000040
0.009875
-0.000774
0.048591
-0.008647
-0.001101
0.013923
-0.000314
0.002717
-0.011137
0.009947
-0.000157
-0.001662
0.000056
-0.028668
0.015492
0.011815
0.065113
