-0.006502
-0.163477
-1.629224
-0.400363
1.145774
0.036723
1.785876
0.000279
1.650333
1.770701
0.315199
-0.003884
-0.008730
-0.225102
-0.434167
-0.029764
-0.000239
-0.006422
-0.330222
-0.354399
-0.001643
1.570567
1.522072
-0.003077
0.370189
0.000082
0.000543
2.734684
-0.000018
1.188291
1.406019
2.901778
1.933499
-0.031213
-0.987772
0.250777
0.002692
0.018031
-0.009235
-0.016232
-0.000106
-1.780117
-1.661511
-0.007070
1.644087
0.007279
0.002897
-0.235608
-0.656768
-1.812879
1.677704
0.009339
-0.000152
-0.025976
-0.000204
0.491532
-0.343035
0.000651
-2.086257
-0.000644
0.000093
-0.911642
-0.000875
1.997231
-1.658478
-0.018007
1.390747
-0.517051
-1.758968
-0.050459
1.826434
-0.000456
0.019968
-0.013263
-0.001046
0.785290
0.020291
-0.000383
-0.004436
0.000323
-1.808087
-1.536014
1.621697
-0.614399
-1.064895
-1.506492
-0.328223
-0.572447
-0.165082
-0.764175
0.009094
0.007306
-0.005521
0.000167
1.695184
-0.711320
0.741688
0.000071
0.000090
0.111673
-0.495705
0.004528
1.375033
1.939873
1.882520
1.501330
-0.038425
-2.093199
-0.000066
0.023274
0.000534
1.071427
-0.314873
-0.419510
-1.655475
-1.506907
-0.193877
-0.000011
-0.000821
0.004442
-0.464460
1.013432
-0.703802
0.006809
0.000177
-0.033974
2.058696
-1.754758
-0.017829
0.207689
1.569013
-0.013458
0.020275
-0.033232
0.837384
-0.288771
-0.004743
-0.002430
0.008239
0.008228
1.159386
1.495725
0.762103
-0.742131
0.718291
