-0.288743 0.174066 -0.166484 -0.073297 -0.035346 -0.000054 0.263371 -0.142330 0.018180 0.000029
-0.070174 -0.081420 0.331625 0.361906 -0.056171 0.000012 0.144687 -0.301453 -0.285339 -0.000057
-0.766052 0.013565 -0.115394 0.017911 -0.212788 -0.000053 -0.356752 0.145233 -0.015462 -0.000081
-0.108184 0.022491 0.330349 0.104080 -0.220810 -0.000008 -0.033210 -0.063159 -0.051751 -0.000102
0.000747 0.095735 0.008367 0.164044 0.359316 0.000111 0.136151 -0.129285 0.182063 -0.000141
0.479611 0.290942 -0.081538 0.134336 0.106963 0.000074 0.259597 -0.111585 -0.434539 -0.000090
-0.207600 0.132148 0.107968 -0.004369 -0.154586 0.000062 -0.484506 -0.113729 -0.371540 0.000124
0.147064 -0.103616 0.238654 0.088734 0.045769 -0.000059 0.281147 -0.235758 -0.027316 -0.000098
0.440117 0.109744 0.536786 0.189710 -0.123997 -0.000012 0.123937 -0.231380 0.138080 -0.000015
0.047495 -0.575640 0.509629 0.044485 0.278637 0.000282 -0.082257 0.183442 -0.088243 0.000031
0.084840 -0.116866 -0.430685 -0.184080 -0.077653 -0.000169 0.315555 0.290768 -0.273831 0.000084
-0.010823 0.402098 -0.390000 -0.080604 0.475014 0.000037 -0.038734 0.164971 0.202198 -0.000051
-0.503904 0.283703 -0.294321 -0.286134 -0.411265 -0.000082 0.271809 -0.270904 -0.038495 0.000023
0.171782 -0.003650 0.058340 -0.121358 -0.449068 -0.000075 0.494974 0.195790 -0.069167 0.000076
-1.201715 0.171979 -0.135815 0.096560 -0.522858 0.000054 -0.306645 -0.129975 -0.315446 -0.000046
0.097955 0.466321 0.604240 0.349126 0.110832 0.000017 0.148693 -0.250977 0.664967 -0.000070
-0.384397 -0.003495 -0.065890 0.047162 0.162430 -0.000042 -0.038285 -0.255094 0.195520 0.000021
-0.367720 -0.332538 0.138726 -0.224620 0.109554 0.000023 -0.076749 -0.103949 -0.155167 -0.000029
-0.068174 -0.305918 -0.097795 -0.260983 -0.029759 -0.000173 0.076458 0.072635 -0.153508 -0.000116
0.087479 -0.172416 0.370544 0.136628 -0.678414 -0.000152 0.473535 0.158047 0.045677 0.000113
-0.762383 0.333095 -0.924313 -0.263568 0.356266 0.000257 -0.152878 0.000328 -0.155857 0.000036
0.197193 -0.451385 0.679478 -0.257056 0.511517 0.000001 -0.002968 -0.314447 0.062856 0.000055
-0.186154 0.350591 -0.442446 -0.034282 0.407052 0.000029 -0.072414 -0.368926 -0.153310 -0.000037
-0.505952 0.324478 0.056876 0.180211 -0.276708 -0.000024 -0.139476 -0.297469 -0.490427 -0.000041
-0.167649 -0.044761 0.243188 0.044481 0.155957 0.000051 -0.072196 -0.296624 -0.272415 -0.000001
-0.330209 0.159042 -0.007166 0.047974 -0.547586 0.000057 0.293759 0.245627 0.368877 0.000001
-0.233672 -0.534445 0.027169 -0.021146 -0.094343 0.000138 0.326023 -0.092727 -0.125399 0.000035
-0.269318 0.426578 -0.774282 -0.014543 0.298284 -0.000021 -0.019701 -0.003216 -0.440944 -0.000017
-0.427884 0.094152 0.017758 0.191916 0.044089 0.000116 0.126608 -0.147437 0.226252 -0.000006
-0.218927 0.524321 -0.056502 0.086466 -0.084601 0.000345 -0.402332 -0.333412 -0.336071 -0.000032
0.005985 0.411274 -0.013008 0.163389 -0.289425 -0.000043 -0.004685 0.023918 -0.076520 -0.000009
0.445539 0.382932 -0.342752 -0.016871 -0.088965 -0.000023 0.607090 -0.129584 0.036494 0.000014
-0.597939 -0.126156 -0.072370 0.162833 0.300111 -0.000178 -0.059269 0.069581 0.208436 0.000054
0.342789 0.355821 0.306509 0.392709 -0.032884 -0.000023 -0.244360 0.122789 0.007009 -0.000005
0.436502 -0.204746 0.097904 -0.195309 -0.075965 -0.000048 0.623998 -0.152242 0.083119 -0.000067
-0.080909 -0.264301 -0.138833 0.009739 -0.157868 0.000072 0.402574 -0.094929 -0.243850 0.000026
0.092029 0.504474 -0.353125 0.126060 -0.159674 0.000037 0.224010 0.319952 0.285697 0.000037
-0.050604 0.287733 0.099657 0.082272 -0.121795 -0.000055 -0.060387 -0.017502 0.199284 0.000005
0.281588 0.019306 -0.012024 0.090422 0.514100 0.000075 0.040273 -0.255730 -0.104005 0.000075
0.398810 0.266217 0.230606 -0.047619 -0.353054 -0.000057 0.160048 0.326673 0.299123 0.000013
0.218927 -0.595222 0.728197 0.001999 0.286338 0.000030 0.026028 0.029010 0.290563 -0.000067
0.368820 0.158172 0.112932 0.046294 0.014792 0.000055 0.405211 -0.244983 0.046738 0.000045
-0.359299 -0.034829 -0.013232 0.215282 -0.013269 -0.000109 -0.233547 0.579800 0.450990 0.000033
0.077785 0.603681 -0.390337 0.138682 -0.296817 -0.000291 -0.058013 0.541863 0.004774 0.000171
-0.065051 0.008964 -0.167339 -0.069271 -0.175199 0.000047 0.079761 0.103313 0.038950 -0.000009
0.087755 0.775044 -0.148247 0.056768 -0.034673 0.000084 -0.475985 0.346956 0.175295 -0.000090
0.412570 0.221109 0.287944 0.054834 -0.370737 -0.000013 0.434831 -0.027287 -0.096597 -0.000004
-0.056104 0.387834 -0.494511 0.112636 -0.591905 -0.000077 -0.076185 0.441044 -0.668612 0.000003
0.109588 -0.267445 0.235102 -0.239696 0.570354 -0.000027 -0.324775 0.034180 -0.128556 -0.000014
0.144516 0.120068 -0.088226 -0.004139 -0.028705 -0.000050 0.065913 0.348871 0.157333 -0.000053
0.036440 -0.362789 0.028885 0.351100 0.157602 0.000076 -0.041705 0.416663 -0.111579 0.000022
-0.141333 -0.124382 -0.236918 -0.093409 0.160982 -0.000034 0.506362 0.120888 0.219117 0.000026
0.452977 0.356495 0.197136 0.013101 -0.124350 0.000072 -0.423198 0.364628 0.090775 0.000105
0.148803 0.003065 -0.374622 0.341758 0.441498 -0.000086 0.073911 0.434258 -0.036475 0.000039
0.034432 0.445928 0.142942 0.279489 -0.513617 0.000037 -0.095223 0.241875 0.040025 0.000052
-0.375256 0.245409 0.285490 0.143176 -0.283783 -0.000154 -0.423359 0.006547 -0.311841 -0.000022
-0.150817 -0.227950 0.172906 0.027379 0.039257 -0.000008 -0.182247 0.022602 -0.185762 0.000039
-0.066706 -0.260637 0.151221 0.310035 -0.063257 0.000020 -0.047743 0.421718 0.095329 0.000052
-0.101986 0.187780 0.101841 -0.073879 -0.021107 0.000072 0.315552 -0.535414 -0.042279 0.000118
-0.145101 -0.244980 -0.227454 0.056215 0.043159 -0.000003 0.236122 0.332380 0.056801 0.000072
0.012397 0.135103 -0.020654 0.098468 -0.014062 0.000032 -0.000359 -0.227134 -0.500952 -0.000065
-0.313635 -0.244604 -0.403832 0.019981 0.095137 -0.000087 -0.114759 0.331173 -0.270786 -0.000092
-0.324540 0.178059 0.140532 -0.138077 -0.158904 -0.000005 -0.314307 -0.172029 -0.040993 0.000001
-0.274925 0.078640 -0.006504 -0.218355 -0.038915 -0.000041 0.151401 0.060046 0.468893 0.000055
0.155141 -0.194337 0.088646 0.168355 0.527777 0.000128 -0.248291 0.128353 0.115663 -0.000070
0.072800 0.002977 0.086191 0.124849 -0.406078 -0.000062 0.320886 0.062119 -0.450919 -0.000129
-0.147067 -0.291376 0.250831 -0.119580 -0.103189 -0.000056 0.116396 -0.045720 0.114818 -0.000092
-0.129431 0.515313 -0.158774 0.323115 -0.387673 -0.000052 0.013564 -0.005763 -0.204788 -0.000040
-0.128668 0.417923 0.182418 0.073597 0.062373 -0.000114 -0.274561 -0.004463 0.234279 -0.000036
0.049271 0.320476 0.018210 0.390928 0.025833 0.000083 0.070650 -0.167155 -0.015258 0.000005
0.059612 0.517571 0.035338 -0.080969 0.128347 0.000013 -0.304252 -0.370123 -0.216980 -0.000033
0.060461 -0.060421 0.060318 0.044895 0.555108 -0.000016 0.072992 0.168278 0.427829 -0.000033
0.258468 -0.267334 0.105506 -0.211629 -0.198714 -0.000033 0.558728 0.086841 0.077271 0.000083
-0.192917 -0.044065 0.357459 -0.119293 -0.008857 0.000010 0.034627 0.055886 0.500684 0.000154
-0.290678 0.255892 -0.421927 0.004128 0.338853 0.000062 -0.162512 0.355361 0.344518 -0.000061
0.158917 -0.057469 -0.203103 -0.100436 0.042632 0.000058 0.523246 -0.446797 -0.189451 -0.000024
-0.033224 0.367998 0.070912 -0.190037 0.002467 -0.000037 -0.046515 -0.244347 0.041911 0.000102
0.431898 0.492980 0.553427 -0.068308 -0.080115 0.000074 0.131417 -0.305419 0.522557 -0.000036
0.075038 -0.141396 0.309581 0.011720 0.032214 0.000166 -0.088285 0.487236 0.004867 0.000071
-0.009100 0.052135 -0.046992 0.176246 -0.236502 -0.000087 0.060254 0.155598 -0.116975 -0.000068
-0.037194 -0.048102 -0.023782 0.082176 0.283251 -0.000034 -0.351799 0.119335 -0.053949 0.000112
-0.307708 0.475560 -0.614478 0.289154 -0.561074 -0.000181 0.442741 0.201613 -0.066485 -0.000069
0.022480 -0.296068 -0.153637 0.120530 0.249764 0.000117 -0.553423 0.336836 -0.426473 -0.000123
0.281682 0.325583 0.193433 0.156533 -0.165925 0.000035 0.207979 -0.110898 -0.353253 -0.000036
0.169775 0.092182 0.184080 0.038838 0.346470 0.000028 -0.001869 -0.535212 -0.063117 -0.000047
0.147361 -0.206851 0.237863 0.250612 0.487953 0.000032 -0.186914 0.276738 -0.298778 0.000119
0.178785 -0.434557 0.389380 0.072852 0.203986 -0.000113 -0.157098 -0.177833 -0.481564 -0.000060
0.263008 0.014257 0.001561 -0.178948 -0.043307 0.000122 -0.208854 0.369346 0.018766 -0.000085
0.056158 0.101008 0.019213 0.095536 0.215060 -0.000072 0.424844 -0.139219 0.122944 -0.000136
0.354572 0.320523 0.106635 0.181973 -0.089496 -0.000055 0.122583 -0.450895 -0.329690 0.000075
0.118575 -0.211193 0.144073 0.120823 0.115647 0.000016 0.250372 0.257011 0.214822 -0.000023
-0.218508 0.212563 0.069262 0.093977 -0.144181 -0.000062 -0.309210 0.100851 -0.064067 -0.000015
-0.315432 -0.073937 0.195007 -0.115120 -0.388514 0.000041 -0.268375 0.635647 0.221977 -0.000086
-0.174499 0.161259 -0.023092 -0.052328 0.405957 0.000029 -0.201863 -0.341302 0.043575 0.000151
-0.209114 0.110354 -0.437212 -0.078320 -0.199735 0.000109 0.225031 0.513157 0.303421 0.000078
-0.339661 -0.212489 -0.049820 0.011678 0.312212 0.000139 -0.229419 0.000853 -0.006404 0.000044
-0.133789 0.011618 -0.471729 0.049869 0.896143 0.000003 -0.075078 -0.131616 0.021341 0.000023
0.154506 -0.118146 -0.039757 0.226228 -0.258563 -0.000098 0.616921 0.060979 -0.084919 0.000090
-0.224087 0.204824 -0.269615 0.165628 -0.119648 0.000039 0.486211 -0.489506 -0.658017 0.000111
0.015771 0.294030 -0.376261 -0.060519 0.363389 -0.000062 -0.369209 -0.001947 -0.245660 -0.000003
0.438145 0.241679 0.272653 -0.264610 -0.129267 0.000071 -0.094981 0.332519 0.204505 0.000037
0.234866 0.002291 0.316455 -0.124434 0.066244 0.000020 0.189387 0.376372 0.672751 0.000061
0.087945 -0.041562 0.089326 0.193246 0.703353 -0.000012 -0.284689 -0.018264 -0.104202 0.000048
-0.121188 -0.043453 0.669515 -0.080571 -0.163053 0.000035 0.128525 -0.573396 0.243837 0.000049
0.010170 0.308818 -0.228508 0.003892 0.560913 -0.000075 0.229409 -0.452580 0.170047 0.000026
-0.201456 -0.273246 0.035317 0.185038 0.444477 -0.000073 -0.117260 0.132417 0.161697 -0.000004
-0.140233 -0.127185 0.176403 -0.060381 -0.159968 -0.000220 -0.250740 0.419314 -0.059934 -0.000111
-0.574395 0.177834 0.244126 -0.081228 -0.483528 -0.000085 0.194808 -0.251086 0.162887 -0.000115
-0.606931 -0.096004 -0.069620 0.178845 -0.169808 0.000103 -0.050383 -0.043466 -0.228475 0.000039
0.267928 -0.234888 0.241623 0.191601 0.192322 -0.000025 0.102585 0.132528 0.400234 0.000055
-0.178555 0.016249 -0.010043 0.196394 0.140605 -0.000094 -0.207171 0.179018 -0.316396 -0.000049
-0.125773 -0.182235 -0.324474 -0.098639 0.736433 0.000044 0.363219 -0.167487 0.377317 0.000131
0.057543 -0.013900 -0.111909 0.335179 -0.154820 0.000089 0.449863 -0.005261 -0.162136 0.000004
0.078357 0.284879 -0.119899 0.267317 0.345474 0.000049 -0.048453 -0.345416 -0.558611 0.000001
0.054001 -0.139085 0.411544 0.151988 -0.579104 0.000039 0.259876 0.087481 -0.006895 0.000004
0.303625 0.615986 0.077434 -0.187730 -0.032893 0.000009 0.220750 -0.133395 0.256624 0.000093
-0.073505 -0.009315 0.070577 -0.052177 0.109460 -0.000145 -0.711250 0.216460 -0.122501 0.000015
0.258317 -0.344130 0.025883 -0.052274 -0.088458 0.000281 0.443542 -0.067797 -0.525502 -0.000017
-0.204068 0.107180 -0.336712 0.243344 0.105500 -0.000116 0.436244 0.053201 0.080537 -0.000050
0.095899 0.698942 -0.406032 0.544068 0.542423 -0.000039 -0.291815 -0.029053 -0.041045 0.000083
0.185990 0.359590 -0.162729 0.409291 0.034432 0.000040 0.698138 -0.246266 0.466846 -0.000047
-0.155866 -0.705862 0.376359 0.132636 0.115705 0.000028 0.109082 -0.226607 -0.209209 -0.000020
-0.364872 0.223036 0.262694 0.123044 -0.406321 0.000074 0.353891 -0.388077 -0.059139 0.000075
-0.005953 0.076172 -0.050611 0.016617 0.325743 0.000042 -0.316045 0.048876 0.060192 -0.000112
0.146025 -0.065473 0.358326 0.017286 -0.135023 0.000032 -0.022999 0.410208 0.318620 0.000015
-0.102167 -0.236704 0.138470 -0.053166 -0.325251 -0.000154 0.045402 0.326095 -0.386763 0.000033
-0.386372 0.019979 0.375535 -0.034100 0.370002 -0.000128 -0.047294 -0.568326 0.146261 0.000020
0.107593 -0.193941 -0.323435 -0.066438 0.109471 0.000005 -0.238219 0.111055 -0.746280 -0.000181
0.181199 -0.460610 0.155911 0.012686 0.385434 -0.000040 0.145442 -0.209343 -0.257472 0.000006
-0.251928 -0.272789 0.359815 -0.177640 -0.460788 -0.000171 0.252627 -0.020339 0.146488 0.000044
0.039015 -0.076772 0.055947 0.308303 -0.227356 0.000029 0.120717 0.399378 -0.395243 0.000028
0.149965 0.294355 0.455926 0.210234 -0.034482 0.000023 -0.586002 0.095211 0.140443 0.000036
-0.184970 0.040020 0.028521 0.281998 -0.302462 0.000019 -0.342406 0.080831 -0.473336 0.000052
-0.156001 0.067848 -0.285332 -0.061161 0.054241 -0.000040 -0.212859 0.718526 0.412928 0.000070
-0.258896 -0.297274 -0.046242 0.120634 0.174304 0.000204 0.088901 0.083814 0.249777 -0.000051
0.494120 -0.156218 0.396454 0.360051 0.156043 0.000096 0.271987 -0.032598 -0.166009 -0.000163
-0.102929 -0.476787 -0.368515 -0.158631 0.114763 -0.000096 0.516127 0.072299 -0.018726 -0.000024
0.298487 0.440547 -0.123966 -0.117257 0.284093 -0.000080 0.284629 -0.036242 0.423065 -0.000011
0.144971 0.877109 0.071960 0.055914 -0.033179 0.000021 -0.371326 0.456292 0.550492 -0.000148
-0.220701 -0.135069 -0.240996 0.211590 -0.015556 -0.000077 0.066668 0.013840 -0.580540 -0.000019
0.153122 -0.159785 -0.182386 -0.039642 0.057922 -0.000065 0.252830 0.094303 0.051880 0.000012
0.342049 -0.209515 -0.064773 -0.058014 0.045739 -0.000142 0.293916 0.126713 -0.322498 0.000088
0.003914 -0.110753 0.001255 0.235728 0.422109 0.000098 -0.128510 -0.040034 -0.385368 -0.000012
0.493876 -0.278238 0.108095 0.208877 0.375321 0.000018 0.410192 -0.032442 0.008193 -0.000002
0.399896 0.220156 -0.157221 0.096646 0.132918 0.000094 0.207746 0.123246 0.118997 0.000077
-0.126431 -0.444293 -0.098008 -0.097079 0.439632 -0.000043 -0.632726 0.459520 -0.576123 -0.000025
0.136709 -0.309558 0.341756 -0.068605 -0.291358 -0.000045 0.116860 0.428685 0.046774 -0.000090
0.332477 0.082198 0.179233 0.070548 -0.095903 0.000043 0.198669 -0.059484 -0.033786 0.000038
0.088826 -0.038174 0.247867 -0.003765 0.196880 -0.000030 -0.065904 0.169109 0.135462 -0.000045
0.265762 -0.085553 0.313802 -0.059288 -0.103665 -0.000054 0.089353 -0.122424 -0.249094 0.000033
0.113866 -0.534032 -0.285582 -0.197302 0.323694 0.000053 -0.354450 0.419594 -0.529753 0.000036
-0.095376 0.341523 -0.125238 -0.188313 0.118126 -0.000047 0.231963 0.007454 0.430338 -0.000013
0.195047 -0.352039 0.758783 -0.015013 0.264466 -0.000030 -0.090215 -0.320200 0.205428 0.000201
-0.003300 -0.136944 0.098181 0.012326 -0.423864 -0.000033 0.023077 0.278747 -0.252671 -0.000047
0.066008 -0.070335 0.427524 -0.395784 -0.634446 -0.000080 0.366237 -0.205261 -0.441225 -0.000014
0.057108 -0.043137 -0.032295 -0.007119 0.551374 0.000054 -0.285375 0.325436 0.473521 0.000056
0.414643 -0.197451 0.272277 0.217022 0.355353 -0.000095 -0.281076 0.257782 -0.004794 -0.000201
-0.075649 -0.045652 0.421111 0.303945 -0.384295 -0.000037 0.145605 -0.213853 -0.107405 -0.000018
-0.194292 0.014773 -0.495216 -0.052790 0.472175 0.000055 -0.165731 0.453535 0.235966 0.000004
0.111346 -0.128387 -0.093005 0.137538 -0.033631 0.000069 0.563618 0.388268 0.462723 -0.000069
-0.260694 0.533708 0.172736 -0.037101 -0.154541 0.000114 -0.230295 -0.707307 -0.587131 -0.000062
-0.151532 -0.136550 -0.335071 -0.084210 -0.347059 -0.000072 0.244981 0.365422 -0.146881 -0.000061
-0.104324 0.355101 -0.052548 -0.166596 -0.071880 0.000087 0.099691 0.308376 0.599367 -0.000060
-0.473299 0.189775 -0.450879 -0.235639 -0.327105 -0.000031 0.246047 0.136102 0.118768 0.000129
-0.426990 -0.294081 0.563434 -0.252857 -0.278950 -0.000083 -0.390864 0.021431 -0.227104 0.000190
0.151234 -0.363527 -0.274656 -0.117099 0.276668 -0.000022 -0.185202 0.189294 -0.284885 -0.000028
-0.188071 0.021196 0.284909 -0.061321 -0.156785 -0.000031 -0.221394 -0.069778 -0.109059 0.000120
-0.197535 -0.069077 0.005020 -0.060409 -0.143762 0.000164 0.207838 -0.209803 -0.046621 -0.000030
-0.595411 -0.199902 0.099949 -0.085743 0.126707 -0.000034 -0.060224 0.180136 0.358727 -0.000033
-0.022169 0.198599 -0.127816 0.402528 -0.083565 0.000010 0.311972 -0.081610 -0.100053 -0.000021
0.118811 -0.634981 0.444058 -0.048182 0.582768 -0.000017 -0.413719 0.381716 0.240896 0.000013
-0.193185 -0.099116 -0.091770 0.027108 0.121234 0.000346 -0.184455 0.270288 0.162487 -0.000095
0.751992 -0.186363 0.450134 0.018489 0.101855 0.000140 0.387244 0.414318 0.108127 0.000115
