-0.031534
0.001776
-0.032266
0.000001
-6.142769
-6.947059
5.662534
-0.003988
0.000291
0.000433
4.871652
-0.043723
-0.014660
6.223788
-6.552146
0.005677
0.018514
0.001969
-0.000069
-7.522323
-6.567728
1.111546
0.001105
-0.006030
0.004925
5.322165
0.001861
0.001982
-6.758749
-0.001214
0.015231
6.454984
-6.601814
-6.770979
-0.000428
-0.013740
0.001310
0.024008
-0.000225
-5.764601
-5.665366
0.019106
-6.056650
0.002943
-0.038636
-6.211409
5.165286
4.768209
-6.395804
-5.612585
-5.442798
-0.024008
-6.754636
-0.008173
-6.418514
0.016159
