0.020342
-0.000009
-0.474352
-0.000032
-0.000109
0.000296
9.993002
2.143422
-0.448647
-0.000346
-0.000013
0.007446
-0.017680
0.015149
6.929619
4.000699
-0.001297
4.397118
0.010014
-0.000035
-0.000419
-0.000509
0.000433
-0.000302
6.370180
0.000278
-0.000202
0.046757
7.114479
-0.007155
-0.000965
4.483153
0.011885
0.001287
-0.010960
-0.000042
5.503438
-0.003929
-0.000087
0.000068
3.682088
6.600461
0.001177
-0.015426
0.011634
2.188377
6.323038
0.017294
0.000108
-0.496699
0.000229
0.009086
8.440853
-0.015167
-0.000721
0.015265
-0.000068
7.034139
3.792830
