0.252677 -0.000124 -0.013123 0.412349 0.144718 0.046358 -0.000109 -0.120240 0.001820 0.001166 -0.000147 0.123265 0.121630 0.143654 0.000238 0.198129 -0.109800 -0.258812 -0.000259 -0.486810 0.150263 0.000088 -0.002860 -0.072954 -0.002316 -0.000000 0.000185 -0.032025 -0.000069 -0.075800 -0.284638 -0.000006 0.037914 0.015219 0.027757 -0.002327 0.617546 -0.011306 0.028227 -0.000209 -0.021313 -0.549994 0.416673 0.053642 -0.122183 0.000077 0.210478 -0.000263 0.415828 -0.000120 0.057016 0.000191 0.000102 -0.078978 0.000183 -0.004189 -0.336748 0.078390 0.224986 0.000152
0.059848 0.000053 -0.105471 0.297683 0.133106 0.061013 -0.000098 0.054402 -0.349841 0.001245 -0.000001 0.013270 0.139156 -0.150918 0.000306 -0.062037 -0.009825 -0.471498 -0.000604 0.231462 0.005453 0.000086 -0.003277 -0.041525 -0.003497 -0.000126 -0.000221 -0.131449 0.000096 0.457470 0.100670 -0.000013 0.025087 0.090319 -0.109617 -0.003731 0.480135 -0.093271 0.009263 -0.000043 -0.389691 0.109750 -0.053089 0.128999 -0.040077 -0.000060 -0.070977 -0.000074 -0.100718 -0.000159 0.122168 -0.000079 -0.000004 -0.180629 -0.000088 -0.003340 0.019228 -0.064295 0.198439 0.000272
-0.309821 0.000027 -0.201426 -0.220681 0.003841 -0.075422 -0.000251 0.379462 -0.097277 -0.095874 0.000133 0.198353 0.222596 -0.273350 -0.000073 -0.175267 0.078913 -0.057783 -0.000389 -0.015904 0.191016 0.000056 0.003343 0.127603 0.018447 -0.000169 0.000254 -0.000229 -0.000263 0.211691 0.240269 -0.000360 0.181764 0.167962 0.218130 0.024495 0.111409 -0.178747 -0.069651 0.000114 0.079076 -0.066745 -0.287094 -0.122770 -0.131916 -0.000115 -0.119109 0.000142 -0.259201 -0.000006 0.259652 0.000210 0.000031 0.095645 -0.000057 -0.003700 -0.109017 0.168713 0.042566 -0.000005
0.078345 0.000161 -0.064119 -0.013559 0.180129 -0.121244 -0.000136 -0.036333 -0.009539 0.020266 0.000087 -0.017523 0.149129 0.028654 0.000101 0.310262 0.071848 -0.197112 -0.000079 -0.236871 -0.286470 0.000023 0.018518 0.163824 0.044986 0.000190 0.000150 0.010508 0.000045 0.269672 0.100779 -0.000063 -0.318438 -0.155965 0.179839 0.060811 -0.068940 -0.091343 -0.151361 -0.000015 0.198055 0.160833 -0.666458 0.142838 0.192437 -0.000036 -0.020798 0.000168 0.291246 0.000199 0.058415 0.000061 -0.000087 -0.012733 0.000022 -0.005335 0.007210 0.351056 -0.215133 0.000020
-0.139510 -0.000123 -0.300718 0.004693 -0.150871 -0.003486 -0.000375 -0.060945 0.421696 0.079315 0.000014 -0.172350 -0.153082 -0.007829 0.000127 0.006833 -0.348077 -0.033264 0.000115 -0.085930 0.012116 -0.000521 0.037628 -0.003339 0.075450 -0.000123 -0.000136 0.152878 -0.000096 0.304205 0.111693 -0.000318 -0.034279 -0.003636 -0.060198 0.101915 -0.490046 0.016585 0.367673 0.000030 0.000546 -0.130138 0.106198 0.183017 -0.118140 0.000056 -0.001635 -0.000004 0.300456 -0.000120 0.050790 -0.000101 0.000147 -0.153855 -0.000114 -0.004642 -0.378103 -0.536899 -0.039298 0.000051
0.174999 0.000018 -0.214993 0.063697 -0.325094 0.173424 -0.000200 -0.151460 0.457577 0.245746 0.000253 -0.045576 0.071562 -0.227945 -0.000018 0.209969 -0.132392 0.139572 -0.000115 -0.189789 0.138780 0.000109 0.021731 0.152678 0.050307 0.000061 -0.000151 0.146100 0.000185 -0.344557 0.290199 -0.000067 0.273823 -0.324548 -0.284795 0.072250 0.145270 0.075994 0.237037 -0.000360 0.139468 -0.183149 0.163792 0.110394 0.284110 -0.000115 0.134974 0.000081 0.385041 0.000068 -0.303577 -0.000045 0.000154 -0.331436 -0.000019 -0.003724 -0.151482 0.032694 -0.065309 -0.000166
-0.307355 -0.000039 -0.228635 -0.205553 0.152665 -0.227383 0.000047 -0.069183 0.303848 -0.178437 0.000053 -0.048209 0.076655 0.067460 -0.000115 0.057144 0.091249 0.244157 -0.000071 -0.230700 -0.000971 0.000093 0.027996 -0.003145 0.054650 0.000182 -0.000456 -0.025282 -0.000015 0.048916 -0.177867 -0.000119 0.001165 -0.236734 0.062075 0.072197 0.004964 -0.186942 0.299351 -0.000116 -0.141461 0.114694 -0.018993 -0.149112 0.030010 -0.000095 0.200325 -0.000005 0.189136 0.000329 0.170666 0.000014 0.000052 0.193399 0.000093 -0.006315 -0.048299 0.220984 0.167250 -0.000033
-0.153046 0.000237 -0.229275 0.440578 0.098762 -0.321271 0.000054 -0.415083 -0.082905 -0.090500 -0.000053 0.150374 0.041135 0.065236 -0.000051 0.015390 -0.176077 0.386186 -0.000311 0.161030 0.002214 0.000114 0.013957 0.119895 0.029096 0.000050 0.000195 0.312503 0.000391 -0.029636 -0.104750 -0.000132 0.025516 -0.012084 0.005672 0.033077 -0.048261 -0.139991 0.155078 -0.000093 0.033213 0.070146 0.011520 -0.119383 -0.384106 0.000017 0.105361 -0.000044 0.222032 0.000147 -0.618633 0.000216 0.000111 -0.050536 0.000007 -0.005805 0.393376 -0.084759 0.010069 0.000000
-0.126979 -0.000188 -0.112552 0.044883 0.413126 -0.266178 -0.000352 0.008183 -0.368485 -0.074422 0.000114 -0.086786 0.228120 -0.171902 -0.000130 -0.055314 0.103927 -0.015679 -0.000313 0.141854 -0.204117 -0.000112 0.010506 0.008540 0.026746 -0.000005 0.000108 0.178611 0.000070 0.271156 -0.084026 0.000106 0.075471 0.256526 0.095752 0.036163 0.325804 -0.007907 -0.036071 -0.000006 0.190006 0.080518 0.209321 0.183699 -0.293525 0.000000 -0.068742 0.000090 -0.073903 -0.000104 -0.119069 0.000106 0.000337 0.171771 -0.000341 -0.007215 0.068710 0.044769 -0.358109 0.000136
-0.104889 0.000029 -0.484096 -0.086346 0.089356 0.104269 -0.000067 -0.051265 -0.490265 0.252745 0.000232 -0.217951 -0.002810 0.038308 0.000001 0.290777 -0.079955 -0.455642 -0.000408 0.208084 -0.060837 -0.000225 0.029519 -0.051489 0.059891 -0.000104 -0.000039 0.071346 0.000167 -0.202637 -0.088776 -0.000324 0.026667 -0.116336 -0.003963 0.079778 0.167645 0.052049 -0.053832 -0.000043 0.313825 0.000641 0.124988 0.050811 -0.103550 -0.000011 -0.036876 -0.000131 -0.776348 0.000328 -0.114225 0.000017 -0.000199 -0.096510 0.000156 -0.006642 -0.023252 -0.131952 -0.129035 0.000049
0.346282 -0.000014 -0.262722 -0.077869 0.060297 0.161044 0.000225 -0.015672 -0.136372 0.047281 0.000021 -0.045302 -0.024461 -0.308942 0.000125 -0.038393 0.127525 -0.019454 -0.000241 0.007071 0.052624 0.000044 0.024971 -0.016662 0.057847 0.000174 0.000127 0.432896 -0.000046 0.211861 -0.330974 -0.000031 0.274068 0.141103 -0.092960 0.079886 0.493852 -0.092600 0.373224 -0.000067 0.046948 -0.121231 0.003480 0.129671 0.323973 0.000125 -0.257013 0.000052 -0.402702 0.000240 0.354863 -0.000159 0.000200 0.057117 0.000068 -0.004158 -0.052879 -0.099180 -0.610670 0.000044
0.111610 -0.000231 0.103198 -0.218821 -0.025952 0.117835 -0.000142 0.068177 0.032096 -0.170199 0.000137 0.064893 0.126435 -0.186804 -0.000085 -0.272863 -0.039765 0.003554 0.000034 0.147716 0.208923 0.000125 0.037946 -0.223655 0.077635 -0.000021 0.000097 -0.060255 -0.000029 0.345615 0.257886 -0.000149 0.191423 -0.131882 -0.217584 0.104861 0.007741 -0.063359 0.280313 -0.000041 0.162813 -0.131424 -0.307436 0.090120 -0.121029 -0.000055 0.005702 -0.000250 -0.246917 -0.000169 0.037374 -0.000163 -0.000060 -0.105322 0.000065 -0.003813 0.397020 0.182523 -0.082975 -0.000000
0.464857 -0.000012 -0.041429 0.083216 -0.278662 0.040072 -0.000154 0.174752 0.418792 0.025746 0.000019 0.027171 0.032721 -0.225141 0.000097 -0.086984 0.149420 0.073408 -0.000215 0.410619 0.190318 -0.000059 0.034618 -0.019959 0.070513 -0.000101 0.000235 -0.006369 0.000109 -0.184925 0.182424 0.000006 -0.006246 0.141840 -0.359974 0.096274 0.141215 -0.031902 -0.343185 0.000071 0.454334 -0.054878 -0.193763 -0.200582 -0.354167 0.000106 0.135106 -0.000052 -0.118316 0.000091 -0.164404 0.000144 0.000021 0.014021 0.000075 -0.003152 -0.013152 0.167601 -0.272234 0.000123
0.269870 -0.000047 -0.071290 0.128129 -0.264015 -0.111834 0.000101 0.074605 0.537553 -0.115420 -0.000020 -0.039294 0.168681 -0.082150 -0.000193 -0.134727 -0.144334 -0.010539 -0.000528 -0.008902 0.146329 0.000352 0.052183 0.034581 0.102777 -0.000119 -0.000009 0.079999 0.000067 0.046713 0.331112 -0.000219 -0.193789 0.200726 0.018078 0.139811 0.169387 -0.044263 -0.475455 0.000006 -0.043954 -0.162437 -0.296917 0.034120 0.010804 -0.000038 0.018911 -0.000113 0.374787 0.000183 0.021989 -0.000062 -0.000061 -0.006703 -0.000125 -0.003206 -0.346744 -0.388291 -0.270576 0.000005
0.058845 -0.000034 -0.107117 -0.102682 -0.177384 0.106351 -0.000125 -0.003380 0.197846 -0.015836 0.000210 -0.140142 0.394650 -0.557248 -0.000002 -0.012939 -0.026325 0.154897 -0.000309 -0.041847 -0.364701 -0.000048 0.001705 -0.131856 0.019366 -0.000116 0.000176 -0.004289 0.000070 -0.215206 -0.149009 -0.000218 -0.154569 0.337797 -0.071821 0.028692 0.135819 0.028059 -0.213779 0.000024 0.087509 0.135250 0.068269 -0.020273 -0.004193 -0.000124 0.072109 -0.000049 0.429924 -0.000040 -0.216562 0.000179 -0.000406 0.330283 -0.000006 -0.004163 -0.202646 -0.112431 -0.219133 0.000087
0.127160 -0.000143 0.005553 -0.390929 -0.250913 0.036235 -0.000053 0.072030 -0.062769 -0.102649 0.000054 -0.169343 0.229483 -0.219869 -0.000203 0.105425 -0.194241 -0.011217 -0.000269 0.114868 -0.310545 0.000111 0.002800 -0.184190 0.010155 -0.000050 0.000019 -0.105582 -0.000008 -0.068627 -0.312739 0.000574 0.111212 0.242141 0.371650 0.019663 -0.063789 0.318245 -0.099288 0.000021 -0.299251 -0.083671 0.474859 0.294156 -0.353417 -0.000121 0.006541 0.000132 0.147443 0.000152 -0.039423 -0.000051 -0.000092 0.346688 0.000102 -0.005049 -0.034691 0.245843 -0.225063 -0.000178
0.074684 -0.000052 0.272999 -0.167824 -0.054767 0.052989 0.000095 -0.002098 -0.160897 -0.325073 -0.000220 -0.115601 0.001568 0.054220 0.000086 0.403406 -0.218485 -0.211133 -0.000322 -0.160307 0.048538 -0.000108 0.015126 -0.048763 0.037666 0.000166 -0.000029 -0.155495 0.000123 0.053214 -0.139763 0.000393 -0.458824 0.001326 0.006721 0.054518 -0.071249 -0.038409 0.002326 0.000039 0.021977 -0.034878 0.352802 0.150637 0.161795 0.000073 0.015919 0.000265 -0.081405 -0.000006 0.232083 -0.000061 -0.000087 0.125103 -0.000002 -0.005724 0.043160 0.204829 -0.433790 -0.000056
-0.061074 -0.000131 -0.017610 -0.009095 0.240854 0.108931 -0.000051 -0.022285 0.083147 -0.055408 -0.000050 0.057154 -0.042532 0.140450 -0.000034 0.113015 0.249734 -0.006725 -0.000135 -0.491194 0.155642 -0.000007 0.006653 0.164980 0.027045 -0.000138 -0.000090 -0.045495 0.000025 0.178106 -0.176834 -0.000142 -0.221078 0.578227 -0.015700 0.042081 0.382419 -0.217042 0.040482 0.000010 0.196050 -0.295017 0.004212 0.037897 0.141813 0.000020 0.021702 -0.000104 -0.368727 0.000278 -0.042781 -0.000296 -0.000002 -0.006563 -0.000134 -0.004445 -0.532925 0.230751 -0.160888 -0.000081
-0.096675 -0.000122 -0.058295 0.290691 -0.063977 0.197215 -0.000142 -0.042024 -0.033328 0.165025 0.000032 -0.311847 -0.183878 -0.218174 -0.000006 -0.246338 -0.051741 -0.559563 -0.000281 -0.155182 -0.186237 -0.000046 0.000272 -0.075064 0.001353 -0.000101 -0.000093 -0.144209 0.000178 0.282707 0.144479 0.000252 -0.068866 0.046214 -0.111183 0.005494 -0.006010 0.076567 -0.334060 0.000262 0.209787 0.223995 -0.171043 0.117014 -0.158448 0.000084 0.070061 0.000059 0.091359 -0.000035 -0.116008 -0.000014 -0.000321 0.130226 0.000031 -0.005763 0.047639 0.184271 0.023340 0.000010
-0.239407 0.000061 0.043914 -0.451535 -0.174773 0.378859 -0.000030 0.071402 -0.636828 0.193378 0.000029 -0.152835 -0.218984 -0.180158 0.000022 -0.080573 0.213985 -0.117306 -0.000151 0.243636 0.004472 0.000000 0.025714 -0.047391 0.061954 0.000096 0.000026 0.004932 -0.000148 -0.258526 0.461869 -0.000180 0.022660 -0.246925 -0.191249 0.091952 -0.215687 0.066970 -0.214644 -0.000119 0.387484 -0.247432 -0.044870 -0.159391 0.198628 0.000123 0.249755 0.000134 -0.072745 -0.000206 0.806256 -0.000109 0.000044 0.159858 -0.000177 -0.006797 0.115473 -0.127605 0.002361 -0.000117
-0.328189 -0.000211 -0.165771 -0.194605 -0.182313 0.069001 0.000060 -0.013853 0.257854 0.343737 -0.000125 -0.357001 -0.448249 0.019462 -0.000129 0.338422 0.188135 0.131149 -0.000476 0.031650 0.162752 -0.000038 0.019455 0.103615 0.048916 -0.000144 0.000015 0.115030 0.000003 0.194281 0.089167 -0.000105 -0.000294 0.035136 -0.190697 0.069907 -0.002171 -0.004920 0.138490 0.000123 0.004811 -0.003681 0.069526 0.219079 -0.028628 -0.000043 -0.107006 0.000048 0.215618 0.000196 0.145588 0.000109 -0.000062 -0.098270 -0.000004 -0.008587 -0.014685 0.002962 0.028016 -0.000007
-0.062107 -0.000031 -0.304727 -0.231455 0.082115 0.183952 -0.000292 -0.250236 0.340687 0.228381 -0.000216 0.107724 -0.105107 0.134204 -0.000026 0.360201 -0.266732 -0.101107 -0.000166 -0.320865 0.069052 0.000041 0.057067 -0.139812 0.104303 -0.000182 0.000191 -0.234472 0.000033 0.007805 0.158675 -0.000026 -0.062936 -0.082014 -0.008679 0.139232 0.193450 0.158032 0.170013 -0.000057 -0.010186 -0.183432 -0.031861 0.094051 -0.024614 0.000104 0.227617 0.000059 0.134549 0.000063 -0.462397 0.000044 0.000085 0.038979 0.000007 -0.006509 -0.031102 -0.326984 -0.100543 0.000028
-0.461881 -0.000220 -0.017060 0.224237 -0.035793 0.100268 0.000084 -0.014167 0.004630 -0.391422 -0.000005 0.301186 0.398458 -0.293993 0.000124 0.351698 0.278993 0.112579 -0.000096 0.520401 0.063179 0.000067 0.043321 -0.307244 0.083175 0.000033 0.000159 -0.094907 -0.000195 0.270590 0.097839 -0.000107 -0.149552 -0.459193 0.066142 0.109179 0.163361 0.011321 -0.368766 0.000191 0.241099 -0.204308 -0.138358 0.082319 0.371955 -0.000101 0.080759 0.000047 0.016091 -0.000198 -0.000635 -0.000000 0.000170 0.103567 0.000068 -0.005447 -0.203816 -0.634110 0.156394 -0.000143
-0.099923 0.000101 0.448280 0.125918 0.161074 0.023792 -0.000332 -0.031583 -0.067507 0.044272 -0.000142 -0.004347 0.476939 -0.203319 -0.000050 0.049745 -0.258133 0.120010 0.000121 0.280441 -0.124908 0.000044 0.006742 -0.320039 0.022241 0.000185 0.000012 -0.048381 0.000202 -0.131291 -0.061997 0.000022 -0.067746 -0.003733 -0.248955 0.029324 0.053375 0.070181 -0.039487 -0.000039 0.187949 0.235619 0.027106 -0.060529 -0.030342 -0.000012 0.075426 -0.000041 0.036345 0.000359 0.016089 -0.000062 0.000155 -0.024297 -0.000066 -0.005986 -0.003420 -0.258807 -0.360230 -0.000121
0.132051 0.000313 -0.259305 -0.072346 0.008932 0.159698 0.000077 0.121446 -0.220820 -0.242241 -0.000071 -0.220194 -0.451314 0.147986 0.000100 -0.078717 -0.034733 0.272733 -0.000439 0.029283 -0.441629 -0.000167 0.005400 -0.179187 0.018354 0.000147 0.000064 -0.217056 0.000038 -0.000896 -0.016684 -0.000213 -0.033671 -0.055173 -0.034254 0.025781 0.405184 0.044479 -0.057955 -0.000051 0.047848 -0.207670 0.020407 0.076332 -0.145414 0.000088 -0.009238 0.000091 -0.366350 -0.000028 -0.304207 0.000039 0.000185 -0.217123 -0.000006 -0.007169 -0.326105 0.254165 0.038412 0.000039
0.094660 0.000043 0.203751 0.141547 -0.040999 -0.246203 -0.000091 -0.077775 0.222517 -0.489411 -0.000090 -0.009146 -0.069371 -0.072531 -0.000079 0.060005 0.095145 0.161142 -0.000457 -0.152619 0.031005 -0.000016 0.002881 -0.509617 0.005840 -0.000049 0.000140 -0.312627 0.000102 0.482054 0.006020 0.000067 0.125927 -0.164941 0.277261 0.009135 0.003407 0.051888 -0.230405 -0.000079 0.513065 -0.293538 -0.289706 -0.146839 -0.076696 -0.000071 0.060668 0.000047 -0.247306 0.000251 -0.082999 -0.000102 -0.000083 -0.019340 0.000068 -0.005807 -0.065578 0.141350 0.003421 0.000067
-0.046014 -0.000071 0.265736 0.347026 -0.468702 -0.483933 0.000133 0.090965 -0.144370 -0.321160 -0.000217 0.159612 -0.023809 0.203491 0.000107 -0.206136 0.137270 -0.363717 -0.000760 -0.136876 -0.002226 -0.000102 0.013400 -0.341125 0.036600 0.000171 0.000096 -0.211317 0.000004 0.203308 0.174774 -0.000058 -0.023621 -0.272864 -0.178239 0.049354 0.081828 0.066750 -0.100154 0.000071 0.490858 0.175479 0.227406 0.055751 -0.235736 0.000024 0.125510 -0.000159 0.206531 -0.000135 -0.116869 -0.000158 0.000182 0.004670 -0.000187 -0.005905 0.205478 0.334363 -0.034433 0.000033
-0.308231 0.000098 -0.080921 -0.131210 -0.332031 0.068214 -0.000099 0.195494 -0.216490 0.276690 0.000066 -0.002797 0.092021 -0.119788 0.000097 -0.037714 0.357411 -0.134246 0.000024 -0.110981 -0.020289 -0.000017 0.029606 -0.106140 0.063104 0.000035 0.000148 0.188741 0.000014 0.038377 0.076674 -0.000188 -0.027069 0.132040 -0.668712 0.085248 0.189327 0.167394 -0.079890 0.000056 -0.141202 0.343049 0.370384 0.132026 0.051221 -0.000009 0.027648 -0.000073 0.128400 -0.000040 0.188910 -0.000172 -0.000050 0.031399 -0.000052 -0.005244 0.272956 0.409479 0.106262 -0.000046
-0.032643 0.000024 0.016473 -0.040312 -0.101149 -0.233617 -0.000072 0.096906 0.086973 0.192352 -0.000075 0.155643 0.019269 0.076266 -0.000178 -0.304731 0.309656 0.366286 0.000075 0.403076 0.142370 -0.000100 0.005154 -0.002625 0.007774 -0.000078 -0.000060 0.165694 0.000089 -0.208565 -0.053917 0.000006 0.294898 -0.344443 -0.222537 0.013164 0.070335 -0.007064 0.099672 -0.000362 -0.016647 0.132768 -0.081872 0.296169 0.048159 -0.000126 -0.010422 -0.000116 0.272297 0.000234 0.044312 -0.000100 0.000096 0.253379 -0.000222 -0.006442 0.017765 0.047736 0.186365 0.000035
0.454215 0.000002 0.013740 0.224117 0.396784 0.060209 -0.000159 0.370056 -0.005943 -0.060683 0.000267 -0.070797 0.010931 -0.257923 0.000132 -0.207985 0.315101 0.201708 -0.000286 0.143253 -0.145561 -0.000060 0.027129 0.175785 0.058426 -0.000105 0.000225 -0.092399 -0.000090 -0.085602 -0.035964 0.000103 0.215164 0.029338 -0.092335 0.084323 0.454952 0.064199 0.089569 -0.000240 -0.364572 0.061743 -0.079399 -0.363801 -0.143984 0.000032 -0.595813 -0.000120 0.165199 -0.000099 0.220142 -0.000054 0.000029 0.060434 0.000074 -0.006201 0.149988 -0.141629 0.509332 0.000108
0.018136 -0.000031 -0.133757 0.331732 0.048077 -0.090615 -0.000029 0.319066 -0.367427 -0.048154 -0.000150 -0.181313 0.067263 -0.251647 0.000378 -0.111389 0.217214 0.470820 -0.000217 0.039828 0.028112 -0.000035 0.008142 0.152425 0.021908 -0.000127 0.000126 -0.113414 -0.000036 0.220069 -0.021570 0.000019 0.031362 0.143101 -0.039882 0.033542 0.396998 0.185082 0.139151 -0.000185 0.100675 0.432289 0.474955 -0.448382 -0.089017 -0.000082 -0.073276 -0.000043 0.064221 -0.000095 -0.532644 -0.000172 -0.000130 -0.062624 -0.000084 -0.006942 0.068344 0.081287 0.353393 -0.000121
-0.626263 -0.000062 -0.002299 0.272203 0.206662 0.261087 -0.000359 0.373987 -0.128597 -0.250725 0.000154 0.140287 -0.454128 -0.058910 -0.000110 -0.452965 -0.431339 0.040058 0.000115 -0.269614 0.419369 0.000172 0.014986 0.155458 0.040181 0.000006 -0.000386 0.294603 0.000139 0.231222 -0.197677 -0.000189 -0.267994 0.059322 0.116924 0.061380 -0.132747 0.167999 -0.305451 -0.000048 0.506359 -0.348406 -0.077786 -0.043772 -0.009188 -0.000041 0.011111 -0.000112 -0.219065 0.000224 -0.074595 -0.000114 -0.000048 0.127627 0.000040 -0.005059 0.172857 -0.307959 0.247020 0.000041
0.180175 0.000083 -0.156452 -0.062050 0.004101 0.055088 0.000061 0.054563 0.058862 -0.110961 -0.000006 0.152331 0.024977 -0.059845 0.000092 -0.683619 -0.144925 -0.125185 -0.000062 0.069847 0.253788 0.000131 -0.000596 0.084229 0.016838 0.000122 -0.000052 -0.290324 -0.000012 -0.416384 0.241318 0.000229 0.199098 0.188972 -0.095842 0.028340 0.115264 0.077458 -0.170775 0.000249 0.630214 0.259350 0.145432 0.074027 -0.258405 -0.000198 -0.262586 -0.000018 -0.018979 -0.000006 -0.224735 0.000039 0.000071 -0.127662 -0.000141 -0.005816 0.150882 -0.065150 0.181799 0.000144
0.112589 0.000191 -0.340388 -0.312314 0.110145 -0.036753 0.000095 0.131206 -0.035431 -0.045263 -0.000095 0.098535 0.152344 0.107281 0.000054 -0.487939 0.350375 -0.300980 -0.000412 -0.260347 0.060758 0.000036 0.014158 0.051457 0.044461 0.000143 0.000058 -0.040874 0.000164 -0.175731 0.209072 -0.000118 -0.247576 0.101642 0.008362 0.065889 0.139049 0.013845 0.016714 -0.000399 0.042527 0.253833 0.317887 0.349055 -0.209528 0.000010 -0.413513 -0.000113 -0.114096 -0.000114 -0.103462 0.000061 0.000061 0.103108 0.000238 -0.004724 0.197374 -0.381380 0.228696 0.000003
0.131700 -0.000139 -0.344746 0.155253 0.074234 -0.051750 0.000262 0.075728 0.392968 -0.040236 0.000142 0.227798 -0.284074 -0.153138 0.000093 -0.177136 0.030870 -0.165349 -0.000001 -0.376121 0.056766 0.000113 0.010046 0.276310 0.036125 0.000041 0.000046 -0.122515 0.000205 0.059550 0.238789 -0.000148 -0.120751 0.022367 -0.133357 0.055651 0.364138 0.265670 0.147582 -0.000151 -0.413434 0.089595 0.158036 0.276553 0.288333 0.000122 -0.090219 0.000046 -0.214848 0.000267 0.351306 -0.000015 -0.000076 -0.169583 0.000014 -0.005957 0.141161 0.289327 -0.222716 -0.000010
-0.318979 -0.000208 -0.109658 0.007869 -0.243161 -0.055835 0.000013 0.173126 -0.111426 0.208596 -0.000032 -0.106058 0.160823 -0.012420 -0.000011 -0.149724 0.340710 -0.302874 -0.000159 -0.320485 -0.064849 0.000062 0.037323 0.216778 0.075578 -0.000120 0.000038 -0.028243 0.000141 -0.103725 -0.199956 0.000199 -0.031517 -0.075919 -0.222325 0.102818 -0.059637 -0.032838 0.574476 -0.000238 -0.133378 0.164841 0.158324 0.232625 -0.278515 0.000111 0.002757 -0.000201 -0.021448 0.000127 0.340081 -0.000165 -0.000162 -0.087375 -0.000143 -0.006403 0.537896 -0.084393 -0.132464 -0.000046
0.032476 -0.000148 -0.180124 0.268837 0.022260 0.045771 0.000057 0.152265 -0.238265 0.052185 -0.000020 0.123380 0.081091 0.080206 -0.000154 0.135629 0.157041 -0.233053 -0.000469 0.173793 -0.438618 -0.000101 0.037821 0.101221 0.073717 -0.000259 -0.000087 -0.481098 0.000098 -0.073577 -0.103190 -0.000152 0.152943 -0.067820 -0.266276 0.096246 -0.091096 0.510017 0.039634 -0.000272 0.327331 0.231806 0.132411 0.050624 -0.330276 0.000022 -0.141913 -0.000051 0.456109 -0.000116 0.378038 -0.000057 0.000054 0.047249 -0.000056 -0.006363 0.000866 -0.414439 -0.337806 0.000294
0.192225 0.000132 -0.024700 -0.128248 -0.192099 0.108362 0.000221 -0.019017 -0.099282 -0.032280 -0.000052 0.234572 0.334274 -0.107792 -0.000039 0.213273 -0.133321 -0.245717 -0.000110 0.421585 -0.114536 -0.000044 0.024157 0.038024 0.051980 0.000092 -0.000014 -0.302757 -0.000101 0.106370 -0.079216 -0.000027 0.208355 0.028761 0.071910 0.067721 -0.140485 0.427355 0.403991 -0.000198 0.044500 -0.286940 -0.160394 0.009646 -0.000671 -0.000225 -0.060488 0.000192 0.370864 0.000049 -0.049149 -0.000049 0.000015 -0.493606 -0.000228 -0.004609 0.057025 0.124463 -0.187465 -0.000001
0.472349 0.000218 0.102382 -0.019487 -0.402899 0.186449 -0.000079 -0.019293 -0.000635 0.118273 0.000031 0.096247 -0.329365 0.040477 0.000084 -0.255054 -0.145389 0.087496 -0.000334 0.349519 0.222543 0.000022 0.026795 0.064182 0.052954 -0.000011 -0.000019 0.151725 0.000144 0.090068 -0.377623 0.000118 0.140074 -0.187977 0.053774 0.064780 -0.490763 0.027363 -0.048162 0.000167 0.149768 0.308882 0.004067 0.319786 0.241631 0.000017 0.038056 -0.000049 0.344727 0.000023 0.254227 0.000170 0.000136 -0.217100 -0.000050 -0.005652 0.016899 0.097126 -0.011116 -0.000119
0.469744 -0.000042 0.087270 0.289245 -0.004539 0.214438 0.000221 -0.023499 -0.022095 -0.090954 0.000244 0.245878 -0.310710 -0.221097 -0.000216 -0.267731 -0.159845 -0.343610 -0.000764 0.200214 0.015276 -0.000039 0.035334 -0.002493 0.067296 -0.000347 -0.000141 -0.059118 -0.000118 -0.001930 -0.368108 -0.000228 -0.138826 -0.068226 0.312134 0.085192 0.243414 -0.107526 -0.110898 -0.000069 0.117474 0.013630 -0.058901 0.216131 -0.188028 0.000046 -0.384972 -0.000059 -0.169446 -0.000068 -0.008827 0.000049 0.000087 0.223210 -0.000050 -0.003653 -0.389541 -0.012180 0.225758 -0.000127
0.674098 -0.000083 -0.239903 -0.152957 0.090648 -0.027886 -0.000064 -0.220108 -0.130434 -0.216882 0.000020 0.062297 -0.297455 0.093746 0.000129 -0.251381 -0.232861 -0.221165 -0.000345 -0.026040 0.127840 -0.000104 0.016415 -0.180256 0.040755 0.000190 -0.000105 0.089216 -0.000063 -0.014526 0.175305 -0.000047 -0.202544 0.383317 0.045847 0.054633 -0.316302 -0.042326 0.106990 0.000041 0.269094 0.301378 0.012247 0.102159 -0.185733 0.000041 0.059129 0.000052 -0.000320 -0.000086 0.225986 0.000112 0.000005 -0.027446 -0.000021 -0.003633 -0.150140 0.067621 -0.003059 0.000119
0.241235 -0.000043 -0.013501 0.065356 0.161349 0.238867 -0.000067 -0.397730 -0.028331 0.036010 -0.000118 0.065806 -0.107338 0.029905 0.000086 0.051212 0.585659 0.093199 -0.000272 0.363308 0.222773 -0.000009 -0.001046 0.161683 -0.000507 -0.000041 0.000268 0.080525 0.000104 0.236696 0.123799 -0.000162 -0.187915 -0.105890 -0.069432 -0.000707 -0.010561 -0.141884 -0.143043 0.000034 0.076552 0.221936 -0.374624 0.318091 0.099570 -0.000139 -0.154131 -0.000043 -0.520331 -0.000125 0.163962 0.000010 0.000000 -0.211674 -0.000072 -0.004146 0.426121 0.405017 -0.068928 -0.000012
0.393437 -0.000099 0.253076 -0.161331 0.236113 0.102685 -0.000002 -0.051449 0.150571 0.284920 0.000397 -0.064321 -0.010301 0.061980 0.000062 0.537976 0.247305 -0.193601 -0.000379 0.024633 0.000467 0.000142 0.002433 0.305804 0.009189 0.000003 0.000160 0.134217 0.000121 0.024503 0.225303 -0.000104 -0.116349 -0.044299 -0.340024 0.012496 0.019400 0.041732 -0.121326 -0.000055 0.224839 -0.147948 -0.163895 0.227481 0.027382 0.000068 -0.150603 -0.000041 -0.242329 -0.000242 0.097602 -0.000034 0.000012 0.105426 0.000136 -0.005305 0.375666 0.169815 0.010781 -0.000009
0.231136 -0.000190 -0.053444 0.033413 0.044459 0.330957 -0.000045 -0.260722 -0.067104 0.237232 0.000290 0.126054 -0.338475 0.005620 0.000282 -0.170966 -0.221977 0.293804 -0.000185 -0.106550 0.440694 -0.000007 0.005924 0.008471 0.005886 0.000095 -0.000453 -0.014591 -0.000100 0.010767 0.068763 -0.000206 0.319423 -0.075966 -0.380850 0.005545 0.388663 -0.012310 0.083985 -0.000215 0.383074 -0.619654 0.260024 -0.073886 0.148481 -0.000006 0.074616 -0.000019 -0.308199 -0.000177 -0.363072 0.000243 -0.000006 -0.196554 -0.000231 -0.005612 0.152915 -0.228160 0.052439 -0.000125
0.087797 -0.000079 0.050454 0.777137 0.260668 0.176129 0.000221 -0.234482 -0.030492 0.165863 -0.000097 0.320881 -0.097910 0.473417 -0.000114 -0.007598 -0.060003 0.115934 -0.000330 0.152136 0.308564 -0.000105 -0.000147 0.133567 0.002797 -0.000055 -0.000069 0.211983 0.000003 -0.132892 0.199568 -0.000031 0.241043 -0.288479 -0.324972 0.005837 -0.121705 0.155205 -0.063080 -0.000256 0.214982 -0.371162 -0.009272 0.075982 0.021706 0.000031 -0.021142 0.000160 0.062268 0.000022 -0.409714 -0.000034 -0.000066 -0.077984 0.000228 -0.005408 -0.078708 0.427329 -0.038995 -0.000044
-0.001664 0.000141 0.212940 -0.233822 0.247194 0.132269 -0.000089 -0.077910 -0.119820 -0.060420 0.000117 -0.173554 0.203524 0.062833 -0.000019 -0.001415 -0.154940 -0.349572 -0.000091 0.163373 0.063202 -0.000182 0.023624 0.000880 0.052899 0.000024 -0.000001 -0.060810 0.000028 -0.323782 0.216811 -0.000066 0.426122 0.244457 0.012126 0.075052 -0.049828 0.201979 -0.240247 -0.000122 0.002935 -0.099177 -0.415998 -0.327170 -0.340765 -0.000029 0.266160 -0.000506 0.485034 0.000041 -0.123479 -0.000112 0.000144 -0.153738 0.000105 -0.006607 -0.141880 0.165383 0.032330 -0.000221
-0.070955 0.000095 0.096160 -0.314413 0.102865 0.192681 0.000320 -0.180314 -0.648368 -0.159543 -0.000115 -0.078281 0.259291 -0.194154 -0.000187 0.017575 0.000366 0.105884 -0.000358 0.083975 0.228770 0.000210 0.049330 -0.021634 0.094267 -0.000316 -0.000106 -0.016167 0.000052 -0.296137 -0.270029 0.000188 0.256075 0.248120 0.088427 0.127907 -0.076240 0.016342 -0.060725 -0.000020 0.088172 -0.049901 0.370265 -0.000284 -0.273684 -0.000072 0.183450 0.000072 -0.023486 -0.000191 -0.346622 0.000029 0.000016 -0.077542 -0.000078 -0.005458 0.316445 0.071038 -0.000607 0.000103
-0.038541 0.000003 0.176292 0.115732 -0.271614 -0.048209 0.000033 -0.171695 -0.253049 0.024735 -0.000115 -0.044388 0.152331 -0.518657 0.000101 0.180510 0.021004 0.033081 0.000007 0.163866 0.222774 -0.000054 0.036052 -0.005000 0.071757 -0.000125 -0.000160 -0.068701 0.000055 -0.379989 -0.137976 -0.000047 0.164522 0.365721 0.203030 0.095796 -0.063868 -0.264603 -0.255896 -0.000165 -0.153460 0.345938 0.244340 0.120941 0.182674 0.000066 -0.244865 -0.000106 0.349348 -0.000106 0.141942 0.000248 0.000092 0.124810 0.000275 -0.004576 -0.189800 0.023018 0.151832 -0.000034
-0.160850 -0.000177 -0.020305 0.070413 -0.072164 0.049871 0.000118 0.022566 0.175933 -0.134338 -0.000068 0.158379 -0.357714 -0.119741 0.000004 -0.114726 0.076777 0.104922 -0.000434 0.017930 0.165890 -0.000109 0.026900 0.031767 0.056865 -0.000058 -0.000035 0.014213 -0.000077 -0.120867 0.228549 -0.000068 -0.038523 0.247585 0.304388 0.081254 -0.126759 0.255388 0.287188 -0.000061 -0.001804 0.036643 0.267330 -0.099654 0.401799 -0.000306 -0.121227 0.000062 -0.283712 -0.000107 0.132516 -0.000015 0.000107 -0.286634 -0.000021 -0.004738 -0.564861 -0.218774 0.417704 0.000302
-0.011799 0.000004 0.083688 0.288054 0.010218 -0.123191 -0.000010 0.143887 -0.014370 0.115015 0.000006 0.094373 0.221507 -0.165099 -0.000281 0.200375 -0.028509 0.168100 -0.000455 -0.124893 -0.313929 0.000117 0.000675 -0.054601 0.010017 0.000058 -0.000054 -0.097422 0.000130 -0.081057 0.095781 0.000050 -0.322469 0.007746 0.110923 0.016639 0.277630 -0.108488 0.043606 0.000105 0.615056 0.431266 0.209286 -0.132911 0.013189 0.000189 -0.129643 0.000070 -0.195624 0.000203 -0.444699 -0.000100 -0.000130 -0.298412 -0.000275 -0.006100 -0.460251 0.029086 0.154768 -0.000022
-0.338761 0.000027 0.032190 0.092174 0.031760 0.143668 0.000055 -0.086208 0.030917 0.302075 0.000148 0.001412 -0.021417 0.125541 0.000051 0.229982 0.133027 0.096815 0.000063 -0.319394 -0.212220 0.000101 0.018711 -0.158068 0.046015 0.000220 -0.000124 0.051743 0.000086 0.072289 -0.329935 0.000211 -0.285269 0.043415 -0.310632 0.066522 0.151010 -0.037184 -0.150270 -0.000004 0.255480 -0.028088 0.090035 -0.034185 -0.182856 0.000075 -0.042668 0.000071 -0.009079 -0.000033 0.047441 -0.000060 -0.000103 -0.288755 0.000028 -0.005233 -0.075041 0.241875 0.318438 -0.000037
0.162617 0.000170 -0.021291 -0.198875 0.001180 0.068787 0.000050 0.040957 0.063840 0.638808 -0.000201 0.144558 -0.181406 0.239638 0.000016 0.011647 -0.072126 -0.254177 -0.000419 -0.373036 -0.213505 0.000203 0.038838 -0.328296 0.074441 -0.000129 -0.000158 0.071202 -0.000143 -0.459938 -0.562523 0.000295 0.436426 0.160124 -0.506216 0.098255 0.087831 0.065030 -0.541464 0.000044 0.127315 -0.005672 0.024349 -0.130294 -0.000897 -0.000052 -0.059343 0.000045 -0.060410 0.000016 0.072907 -0.000044 -0.000097 0.097907 -0.000225 -0.004788 0.006491 0.013139 0.303748 0.000013
0.119641 0.000011 0.035373 -0.172718 0.251287 -0.017051 0.000168 0.028689 0.314518 0.099093 -0.000011 -0.010860 -0.260914 0.474866 0.000052 -0.171745 0.008133 -0.302695 0.000168 -0.180103 -0.120676 -0.000106 0.023563 -0.223546 0.055159 -0.000028 -0.000103 0.007990 0.000056 -0.060761 0.058314 0.000059 0.342611 0.129127 -0.268467 0.078032 -0.044002 -0.043096 -0.231862 0.000168 -0.084691 0.079267 0.270494 -0.242805 -0.288280 0.000006 -0.020439 -0.000196 0.131730 0.000105 0.284169 -0.000072 -0.000245 0.307781 0.000075 -0.004716 -0.155313 -0.064629 0.320724 -0.000083
-0.209709 -0.000140 -0.025978 -0.052850 0.384084 -0.132101 -0.000031 0.200902 -0.012475 0.580150 0.000086 -0.226527 0.157741 0.274805 0.000029 -0.043886 0.146004 -0.244081 -0.000431 0.055167 -0.077460 -0.000111 0.016235 0.032490 0.042832 -0.000196 0.000136 -0.014491 -0.000206 -0.160128 -0.264027 0.000238 0.097751 -0.005065 -0.081507 0.061891 -0.610174 -0.462915 0.223307 0.000065 -0.319997 0.450268 0.167265 0.010796 -0.299160 -0.000016 -0.003070 0.000052 0.127369 0.000040 0.091542 0.000113 0.000081 0.024610 -0.000024 -0.005594 0.003824 -0.006192 0.194884 -0.000010
-0.115356 -0.000052 0.005609 0.219972 -0.402366 -0.219399 -0.000228 -0.080856 0.074024 -0.122775 -0.000142 -0.031795 0.206666 0.274992 0.000173 0.049636 0.057784 -0.163335 0.000013 0.042656 -0.150284 -0.000268 0.010967 0.165604 0.029571 0.000062 -0.000128 -0.077525 -0.000005 -0.189672 0.019537 0.000026 -0.183892 0.030687 0.134546 0.043118 -0.445149 -0.091802 -0.723725 -0.000094 0.027562 -0.160361 0.003733 0.414857 0.057365 0.000026 0.000628 -0.000090 0.059946 -0.000064 -0.023077 -0.000018 -0.000017 0.288250 -0.000028 -0.005358 -0.029998 0.038100 0.170876 0.000095
-0.252129 -0.000043 0.143074 0.177739 -0.456891 -0.044874 0.000136 -0.331794 -0.188685 -0.113627 0.000220 0.049531 0.353158 -0.003314 -0.000137 0.021326 -0.073868 -0.271293 -0.000486 0.347422 -0.401546 -0.000043 0.022418 -0.029935 0.051999 0.000133 -0.000149 0.126402 -0.000093 -0.445781 0.171979 0.000090 -0.221631 -0.584829 0.114866 0.071305 0.344546 -0.306019 0.002093 -0.000054 0.081383 0.340754 -0.136765 -0.069665 -0.034400 0.000060 -0.073835 0.000053 -0.101092 -0.000014 -0.144971 -0.000019 -0.000176 0.052383 0.000044 -0.006020 -0.190421 -0.087056 -0.037965 -0.000086
-0.310213 0.000037 -0.181444 -0.227584 -0.357904 0.208588 -0.000256 0.170083 -0.297583 -0.253054 0.000109 -0.003125 -0.210541 0.096498 0.000155 -0.114233 0.359113 -0.056702 -0.000705 0.301300 -0.277799 0.000209 0.020051 -0.125001 0.047316 -0.000043 0.000006 0.254502 0.000022 -0.123498 -0.113363 0.000117 -0.163430 -0.120373 0.015410 0.068124 -0.095903 -0.174283 -0.284562 -0.000115 0.443070 0.138213 0.256606 0.360878 0.118170 0.000044 0.103824 0.000157 0.055054 0.000100 -0.231569 -0.000029 0.000055 0.242551 -0.000233 -0.003946 -0.172804 0.154913 -0.155891 0.000029
0.116146 -0.000119 -0.022151 0.212752 -0.089886 0.167017 0.000058 -0.068765 0.159138 -0.044930 -0.000026 0.060034 -0.456505 -0.142633 -0.000075 -0.014434 0.322096 -0.151100 -0.000681 0.144240 -0.039227 -0.000035 0.016683 -0.224385 0.042807 0.000044 -0.000185 0.088836 -0.000075 0.529196 -0.098822 0.000129 0.034676 -0.350227 -0.103211 0.064170 0.038559 -0.187147 0.161064 -0.000166 0.359369 -0.059683 0.440138 0.001921 0.075324 0.000018 -0.051613 0.000051 -0.100500 0.000055 0.121377 0.000176 -0.000137 0.219038 0.000014 -0.003583 0.066925 -0.054171 -0.016661 -0.000161
0.126553 0.000202 0.387692 -0.018721 0.576279 0.045451 -0.000266 0.141984 0.342845 -0.010271 -0.000006 0.192066 -0.228886 0.453447 0.000065 0.001844 0.077091 -0.433887 0.000149 0.035556 -0.016359 0.000168 0.026548 -0.249772 0.056688 -0.000309 -0.000056 -0.033771 -0.000179 0.492589 -0.354385 -0.000278 -0.009214 0.054968 0.055045 0.079424 -0.198596 0.161923 0.079652 0.000069 0.127029 -0.424120 -0.280175 0.068334 -0.518120 0.000044 -0.012890 0.000104 -0.153737 0.000324 0.022430 -0.000057 -0.000112 0.011241 0.000096 -0.003495 0.196065 0.103490 -0.054329 0.000297
-0.191910 -0.000066 0.106468 0.372482 0.100710 -0.049110 -0.000363 0.200269 0.131944 0.134127 -0.000073 -0.104454 -0.147932 0.009140 -0.000149 -0.327596 0.112706 -0.132056 -0.000152 -0.610354 -0.118480 -0.000057 0.031212 -0.022730 0.067655 -0.000075 0.000061 -0.078632 -0.000292 0.336637 -0.157436 -0.000105 -0.188811 -0.223181 -0.051027 0.097649 -0.264422 0.096816 -0.109243 0.000081 0.209152 -0.314709 0.007408 -0.501719 0.205552 -0.000109 -0.190813 0.000251 0.002035 0.000061 0.145526 -0.000043 -0.000034 0.156055 0.000053 -0.002706 0.152960 0.173693 0.020965 0.000041
-0.284828 -0.000077 -0.198043 -0.587815 0.203280 0.561717 0.000141 -0.101260 -0.103934 0.070072 0.000080 0.007038 0.077421 -0.259456 -0.000041 -0.039492 -0.004260 -0.027500 0.000127 0.102211 -0.186941 -0.000076 0.019469 0.128167 0.047451 -0.000098 -0.000083 -0.205568 0.000222 -0.061507 0.130232 0.000195 -0.049119 -0.036562 -0.224157 0.064372 -0.175785 -0.120777 0.301664 -0.000104 0.342320 -0.134729 0.006661 -0.232888 0.164883 -0.000015 -0.314736 0.000119 0.076190 -0.000064 -0.238617 -0.000267 0.000057 -0.187831 -0.000098 -0.003442 0.524344 0.321391 -0.033317 -0.000019
-0.126779 0.000207 -0.051352 -0.720648 -0.082432 -0.001020 -0.000047 0.227706 -0.196466 0.206388 -0.000116 -0.125658 0.199760 0.252111 -0.000047 0.014797 -0.142638 0.099406 -0.000544 0.270660 0.114308 0.000065 0.040355 0.119633 0.078675 0.000062 0.000184 0.055986 0.000007 -0.251633 0.198857 0.000324 0.209075 0.083550 -0.265207 0.106461 0.191693 -0.034071 -0.070129 -0.000183 -0.385321 0.268638 0.078361 -0.122259 0.066625 -0.000055 -0.122663 0.000150 0.074478 -0.000004 0.100067 -0.000014 -0.000113 -0.012650 -0.000084 -0.005420 -0.128538 0.244654 0.095181 0.000168
-0.350889 -0.000018 0.009995 -0.473027 -0.195362 0.054902 0.000040 0.170186 -0.304900 0.102617 -0.000041 -0.119763 -0.021485 0.140933 -0.000015 -0.473387 0.041163 0.067624 -0.000273 0.248034 -0.040711 -0.000184 0.042688 -0.048569 0.079029 -0.000100 -0.000137 0.041769 0.000022 -0.297926 -0.052600 0.000158 0.487927 0.404291 0.023147 0.103055 0.141848 0.139374 0.069602 0.000177 -0.507416 0.406910 -0.236031 -0.072048 -0.098166 -0.000095 -0.405552 -0.000368 -0.124716 0.000193 -0.090472 0.000034 -0.000094 0.041697 -0.000036 -0.006681 -0.183860 -0.267324 0.026738 -0.000059
0.062263 -0.000000 -0.087039 -0.062593 0.092369 0.418409 -0.000303 0.022463 -0.461463 -0.404821 0.000121 -0.276092 0.319596 -0.461362 -0.000042 -0.248764 -0.275476 0.219660 0.000089 0.346368 -0.613719 -0.000172 0.045858 -0.086717 0.083101 -0.000087 -0.000002 -0.246781 -0.000202 -0.082578 0.411694 0.000002 -0.013274 -0.017041 -0.034917 0.106054 -0.127451 0.073435 0.327840 -0.000039 0.152425 0.008908 -0.273680 -0.103176 0.271023 0.000165 -0.182126 -0.000050 -0.473591 0.000188 -0.005319 -0.000058 0.000064 0.403192 -0.000295 -0.007253 -0.055945 -0.343125 0.048457 0.000072
-0.085082 0.000229 -0.037207 0.164421 -0.106713 0.185578 -0.000046 -0.036487 -0.321849 -0.366120 0.000240 -0.045859 0.051700 -0.017596 0.000002 -0.089391 -0.187635 0.346336 -0.000223 0.154498 -0.386883 0.000049 0.042061 0.035727 0.076355 0.000098 0.000059 -0.346624 0.000130 -0.309458 0.086896 0.000364 -0.076412 -0.138111 -0.275973 0.097771 -0.047989 0.147421 0.336365 0.000160 0.164275 0.052947 -0.212316 0.157716 -0.121484 0.000031 0.052435 0.000004 -0.267017 -0.000105 0.047889 -0.000133 -0.000462 -0.021520 -0.000033 -0.007344 0.050494 -0.028012 -0.560473 0.000155
0.120863 -0.000076 0.031197 0.422172 -0.124201 0.017969 -0.000037 -0.007927 -0.174090 0.138097 0.000234 -0.002110 0.221224 0.071110 0.000042 -0.232407 0.028392 -0.020127 -0.000233 -0.102314 0.008353 0.000093 0.028503 -0.112447 0.053618 0.000079 0.000020 -0.106343 -0.000097 -0.328308 -0.214508 -0.000130 -0.268041 0.035873 -0.007819 0.069107 -0.141357 0.054097 0.479530 0.000045 0.379436 0.059214 -0.182326 0.387373 -0.428123 -0.000046 0.049812 0.000013 0.090225 -0.000002 -0.332643 0.000042 0.000038 -0.079465 -0.000199 -0.009454 -0.041190 0.107052 -0.379546 0.000081
0.317955 -0.000204 0.281434 0.414886 0.169142 0.165754 0.000085 -0.365394 -0.041717 -0.166526 -0.000025 -0.136653 0.042167 0.050565 -0.000148 0.298168 -0.134778 -0.253079 -0.000213 -0.365665 0.104453 0.000008 0.006764 -0.153249 0.022609 -0.000175 0.000008 -0.056964 0.000076 -0.177106 -0.102970 0.000333 0.096151 0.020877 0.388457 0.031433 0.322004 0.071723 0.504862 0.000091 -0.038361 0.085808 -0.006325 0.000085 0.127465 -0.000004 0.045758 -0.000004 0.021706 -0.000053 -0.117003 -0.000071 -0.000063 0.145910 0.000079 -0.007507 0.420401 0.105933 -0.007921 0.000225
0.382626 -0.000074 -0.112277 -0.042545 0.227879 0.064178 0.000169 -0.119756 -0.072986 0.486106 0.000052 -0.061810 -0.115321 0.132341 0.000004 -0.229425 -0.017372 -0.428004 -0.000795 -0.307363 0.102542 -0.000126 0.008718 -0.088063 0.026843 0.000159 -0.000078 -0.039368 -0.000009 0.000035 -0.159674 0.000138 0.086296 0.000556 0.259295 0.036253 0.321655 -0.087910 -0.156214 0.000028 0.172380 -0.067981 0.022677 -0.122867 -0.093808 0.000023 0.075641 -0.000047 0.118336 -0.000059 -0.274607 0.000198 -0.000143 -0.052213 -0.000125 -0.007104 0.106113 0.042922 0.137600 0.000051
0.128986 -0.000301 0.038562 -0.302098 0.110493 0.048537 0.000192 -0.237314 0.568488 0.309401 0.000013 -0.005379 -0.013965 0.202370 0.000121 -0.028551 -0.233888 0.074120 -0.000524 -0.314805 0.030718 -0.000062 0.014784 -0.241968 0.039719 -0.000094 0.000251 0.127683 -0.000066 -0.101318 -0.140001 -0.000019 0.064465 -0.074948 -0.164313 0.053400 -0.143891 0.131235 0.357082 -0.000169 -0.078965 -0.111931 0.191454 -0.122699 0.111132 -0.000022 -0.015340 0.000050 0.284900 0.000268 0.022640 -0.000118 -0.000184 -0.044066 -0.000097 -0.005532 0.196924 -0.186403 0.130184 0.000003
0.064992 0.000153 -0.185003 -0.670863 0.446602 0.085805 0.000026 -0.112732 0.009519 0.165270 0.000032 0.127235 0.022121 0.354686 0.000045 0.304018 0.106170 0.283174 -0.000487 -0.317630 -0.138661 -0.000181 0.015187 0.133049 0.044763 -0.000043 0.000353 0.000583 -0.000145 0.173637 -0.091481 -0.000106 0.129357 -0.004928 0.177904 0.065623 0.105750 0.492424 0.101019 0.000092 -0.589971 -0.096425 -0.003654 0.155151 0.516017 0.000269 0.244735 -0.000048 -0.088665 0.000013 0.251297 0.000182 0.000177 -0.019521 -0.000022 -0.004255 -0.259344 0.055994 -0.038255 -0.000048
0.175975 -0.000168 -0.029152 0.001726 0.267993 0.079460 -0.000075 0.042813 -0.325694 -0.194903 0.000067 0.052957 0.087201 0.096009 0.000070 -0.023060 -0.004493 -0.046571 0.000148 -0.233173 -0.188664 -0.000182 0.024850 -0.050132 0.058004 0.000028 0.000130 0.251982 -0.000059 -0.174104 0.162972 -0.000168 0.031531 0.157381 0.387412 0.084016 0.071260 -0.217563 0.102668 -0.000142 -0.229607 0.408734 0.224415 0.371461 -0.384621 0.000066 0.266261 0.000050 -0.049109 0.000211 -0.031904 -0.000133 -0.000006 0.010111 0.000025 -0.003891 -0.543059 -0.095725 0.220658 -0.000021
0.184340 -0.000000 -0.001380 -0.388280 -0.109725 -0.166229 -0.000027 -0.213760 -0.303835 0.105499 0.000018 -0.007589 0.012496 0.164928 -0.000028 0.048363 -0.198014 0.133156 -0.000306 0.454073 0.311027 -0.000058 -0.002451 -0.026720 -0.002862 0.000095 -0.000126 0.206694 -0.000071 0.082519 0.264333 -0.000033 0.156018 -0.079067 0.215614 -0.003320 -0.112322 -0.312555 -0.103228 -0.000177 0.241931 0.055081 0.010395 0.189128 -0.581221 -0.000051 0.091806 -0.000024 0.006471 -0.000014 0.424432 -0.000071 0.000008 -0.028338 0.000276 -0.002566 -0.048391 -0.266055 0.186072 0.000006
0.134606 0.000152 0.001164 -0.104979 -0.404565 -0.335217 -0.000251 -0.056298 -0.314804 0.075034 0.000100 -0.087536 0.276151 0.069984 -0.000115 0.224946 -0.144332 0.203126 -0.000147 -0.140120 0.223338 -0.000156 -0.004021 -0.039794 -0.002951 -0.000026 0.000011 0.148249 -0.000003 0.219646 0.071226 -0.000147 0.002618 -0.053043 0.111522 -0.002399 0.104388 0.033547 -0.121744 0.000230 0.175306 0.212423 0.298735 -0.067139 0.246559 0.000015 0.001801 -0.000379 0.079648 0.000133 0.041868 -0.000079 -0.000054 0.054724 -0.000137 -0.004445 -0.101596 0.239137 0.215759 0.000237
-0.004731 0.000102 -0.028462 0.184707 -0.027804 -0.122743 -0.000018 0.122060 0.163191 0.014162 0.000061 0.023347 0.022080 -0.045517 0.000054 0.002948 -0.074294 -0.098127 -0.000051 -0.113419 -0.014535 0.000133 0.025983 0.119575 0.058080 0.000249 -0.000099 0.095575 -0.000012 0.185365 -0.007492 0.000009 -0.240317 -0.104486 -0.350265 0.081687 0.086555 0.064534 0.050156 -0.000356 0.384095 0.034033 -0.171700 -0.251796 0.040055 -0.000059 -0.318559 -0.000110 -0.068230 0.000163 -0.051110 0.000240 0.000062 -0.174681 0.000042 -0.005350 0.486222 0.352248 0.189542 -0.000096
0.081316 -0.000043 0.073907 0.653116 0.038213 -0.012562 -0.000107 -0.164370 -0.258501 -0.110984 -0.000073 0.249567 0.090350 -0.097659 0.000064 -0.026426 0.156927 -0.125165 0.000114 -0.378881 0.327761 -0.000047 0.049290 -0.167509 0.097464 -0.000300 -0.000170 -0.055977 -0.000069 0.130823 0.052947 -0.000003 0.194322 -0.104263 -0.439072 0.137860 0.246490 -0.297820 -0.063174 -0.000237 0.210312 0.194937 0.252699 -0.210650 0.242327 0.000025 0.101391 -0.000204 0.592868 0.000106 -0.723211 0.000074 -0.000101 -0.009474 -0.000147 -0.003469 0.176989 0.202736 0.103646 0.000130
-0.030412 0.000004 -0.260256 0.098560 0.063322 0.087406 0.000059 0.173230 0.304896 0.332768 -0.000212 0.477165 0.121151 0.183363 0.000169 -0.414383 0.184599 -0.255909 -0.000788 0.046590 -0.032425 0.000043 0.049852 0.103076 0.094417 -0.000113 0.000213 0.082986 -0.000014 -0.273719 -0.183048 -0.000095 -0.110144 -0.086026 0.002562 0.126955 -0.351538 0.032145 -0.359109 0.000271 -0.457440 -0.041855 0.074719 0.031617 0.132028 -0.000059 -0.189122 -0.000107 -0.017892 -0.000178 -0.725821 0.000002 0.000018 -0.054804 -0.000068 -0.003090 0.110458 0.360112 -0.014128 0.000089
-0.049168 0.000030 -0.173185 -0.548885 0.325970 0.294691 -0.000015 0.017392 0.264959 -0.132111 -0.000139 0.163360 0.098603 0.221386 0.000037 -0.160519 -0.069043 0.375822 -0.000305 -0.010102 -0.080237 -0.000024 0.065210 -0.320411 0.115440 0.000015 -0.000014 -0.023625 -0.000040 -0.182764 -0.193838 -0.000196 0.047317 -0.100309 0.409103 0.153521 -0.078144 0.076047 0.099765 -0.000043 -0.294738 0.125075 -0.139581 0.179314 -0.110116 0.000270 -0.110474 -0.000028 0.003429 0.000184 -0.119376 0.000170 0.000052 0.001088 -0.000020 -0.004095 -0.260509 0.039804 0.001767 -0.000217
-0.163269 -0.000080 -0.217070 0.015778 0.222582 0.260838 0.000005 0.162991 0.142700 0.373094 0.000071 -0.191334 -0.487366 0.176293 -0.000007 0.334082 0.107789 0.009528 -0.000229 0.211015 -0.064717 -0.000113 0.037669 -0.394543 0.075784 0.000059 0.000186 0.012337 -0.000287 0.086667 -0.271292 -0.000034 0.070580 0.157105 0.079342 0.102973 -0.204442 -0.089568 0.137238 0.000253 0.089924 -0.611251 0.042215 0.302351 -0.116643 -0.000050 0.173393 -0.000181 0.010069 0.000142 0.136784 0.000001 -0.000055 -0.043928 -0.000028 -0.005255 -0.388098 -0.059574 0.052242 -0.000002
0.127636 -0.000103 0.015628 0.041491 0.048171 0.043534 -0.000167 0.018736 -0.219910 -0.379372 0.000051 -0.301700 0.071186 -0.119493 0.000087 0.058104 0.051242 0.004625 -0.000665 0.447875 0.026905 -0.000182 0.039214 -0.025466 0.076183 -0.000073 0.000007 0.006283 -0.000086 -0.039879 0.156732 -0.000034 0.048955 0.270818 -0.063289 0.101295 0.107966 0.015362 -0.005425 0.000183 -0.038184 -0.191678 0.120037 0.230217 -0.161917 0.000067 -0.031000 -0.000045 -0.274632 -0.000017 0.276802 0.000075 0.000028 -0.106204 -0.000333 -0.004308 0.248825 -0.507873 0.166177 0.000099
-0.185929 -0.000119 0.005001 0.158127 0.294802 -0.041098 -0.000178 0.074912 0.072326 -0.057405 0.000047 -0.054813 -0.128741 0.205983 -0.000121 0.254029 0.211971 -0.171101 0.000085 0.179066 0.478013 0.000023 0.029878 -0.044644 0.056240 0.000037 0.000164 -0.131765 0.000085 -0.257566 0.200685 -0.000187 0.082367 -0.062460 0.141001 0.071110 0.008058 -0.193319 0.084601 -0.000108 0.360309 -0.027083 0.371393 0.111833 0.051743 -0.000046 0.157993 -0.000207 -0.063725 0.000196 0.264254 -0.000212 -0.000021 -0.110181 0.000078 -0.003999 -0.518070 -0.214164 -0.072251 -0.000090
0.072182 -0.000083 -0.399260 -0.103415 0.136783 0.070161 -0.000242 0.125685 -0.296687 0.266625 -0.000037 0.021008 0.253263 -0.134528 -0.000017 0.010710 -0.062619 0.062565 0.000111 0.242596 0.030667 -0.000107 0.037254 -0.002289 0.071009 0.000092 0.000086 0.208601 0.000133 0.399886 -0.069458 -0.000291 -0.210671 0.076278 -0.055100 0.093155 -0.124036 -0.412216 0.011988 -0.000101 -0.001180 0.053669 -0.257432 -0.174051 0.305803 -0.000171 0.300976 0.000103 -0.356197 -0.000041 -0.360796 0.000079 -0.000185 0.046628 0.000373 -0.003915 -0.230201 -0.167257 0.133731 0.000074
-0.157424 -0.000016 -0.017499 -0.155975 0.057907 -0.052100 -0.000043 -0.018300 -0.163768 0.374724 0.000055 -0.431351 0.055810 0.100620 0.000081 0.077969 -0.004580 0.005005 -0.000251 0.244043 0.020819 0.000060 0.056079 -0.251532 0.100088 0.000065 -0.000183 0.013515 -0.000044 0.031684 -0.058121 -0.000160 0.221669 -0.112975 -0.226984 0.130580 -0.136813 -0.136470 -0.294215 0.000100 -0.038886 0.114654 0.017538 -0.339629 -0.025997 0.000110 -0.330646 0.000055 0.071887 -0.000006 -0.019395 -0.000122 -0.000055 0.016600 -0.000119 -0.003989 0.171924 -0.295033 0.048607 0.000116
-0.124719 -0.000085 -0.133396 -0.131896 0.374841 -0.135648 -0.000040 -0.004655 0.331151 0.060952 -0.000110 -0.201662 0.153210 0.048762 -0.000133 -0.052461 0.083189 -0.394464 -0.000142 -0.033998 0.029776 0.000120 0.056601 -0.047128 0.101603 0.000034 0.000363 0.142383 -0.000341 0.192417 -0.064534 0.000008 0.065654 -0.097471 -0.157513 0.134026 0.050105 -0.085374 -0.018970 0.000061 -0.477892 0.469726 -0.227710 -0.178757 0.263511 -0.000147 0.047789 0.000109 0.184581 -0.000115 -0.183158 0.000056 -0.000019 -0.022545 -0.000076 -0.004628 -0.123957 -0.145517 0.121598 -0.000101
-0.431444 -0.000245 0.239557 -0.252169 0.061213 0.036570 0.000103 -0.365888 -0.141285 -0.378071 -0.000147 -0.130348 -0.014801 0.117582 -0.000110 -0.292573 -0.141790 0.064807 -0.000096 0.034103 0.235077 -0.000077 0.073741 0.162764 0.128658 -0.000132 -0.000124 0.058579 -0.000009 0.158668 -0.050953 -0.000090 -0.185857 0.139746 -0.009530 0.169686 -0.020686 -0.229663 -0.360395 0.000043 0.025363 0.106383 -0.078823 -0.162170 0.307639 0.000081 -0.186190 0.000105 -0.435785 0.000249 -0.151426 -0.000027 -0.000188 -0.075679 -0.000138 -0.006348 -0.114243 -0.312259 0.186592 0.000008
-0.092814 0.000069 0.504517 -0.599466 0.106394 0.089904 0.000049 -0.012030 0.005737 -0.183430 0.000034 -0.039789 0.112148 -0.125858 0.000326 -0.340991 0.004154 -0.142954 -0.000298 -0.193983 0.312523 0.000109 0.027895 0.212598 0.056901 0.000149 0.000282 -0.356754 0.000067 -0.048253 0.001400 -0.000139 0.247477 0.136170 0.381731 0.075805 0.122018 -0.190073 -0.244082 -0.000105 0.117774 0.054988 0.378859 0.076902 -0.051798 0.000049 -0.002348 0.000099 0.304266 0.000112 -0.204464 -0.000174 -0.000041 -0.091566 -0.000134 -0.005861 0.390622 -0.072517 0.168325 0.000106
0.054267 -0.000024 0.256335 -0.057634 0.159008 0.083665 -0.000247 -0.047407 -0.002015 -0.055075 0.000114 -0.128665 0.020039 0.428379 0.000003 0.170885 -0.096656 0.124988 0.000106 -0.476056 0.300051 -0.000069 0.036686 0.001918 0.073261 0.000042 0.000228 -0.054772 -0.000016 -0.357461 0.066121 -0.000059 0.023367 0.058960 0.130906 0.099622 -0.099940 -0.308818 -0.306397 0.000060 -0.099575 -0.145304 0.000946 -0.032654 0.004321 0.000131 -0.244779 0.000079 0.217858 -0.000009 -0.009203 -0.000119 -0.000315 0.140821 0.000038 -0.003820 -0.337632 0.079003 -0.174775 -0.000052
-0.223087 -0.000160 -0.228647 0.033951 0.311304 0.157765 -0.000089 0.025437 0.136404 -0.042798 -0.000133 -0.087288 0.098229 0.026731 0.000064 0.206575 -0.030562 0.283069 0.000121 -0.644955 0.037935 0.000171 0.017674 0.006783 0.043794 -0.000054 0.000270 0.181747 0.000031 0.034531 -0.080323 -0.000148 -0.363239 -0.186971 0.028879 0.062528 0.134610 -0.033065 0.083789 -0.000215 -0.416686 -0.005822 -0.054139 0.377703 -0.344854 -0.000050 -0.190019 0.000037 -0.231509 -0.000163 -0.251495 -0.000117 0.000068 0.015014 0.000020 -0.006286 0.188424 0.354845 -0.208536 0.000001
-0.102747 0.000044 -0.297215 0.073149 0.122971 -0.017186 -0.000066 0.072298 0.020433 0.117155 0.000010 0.185965 0.432729 0.215909 0.000034 -0.030186 0.010423 -0.052013 0.000088 0.100914 -0.064760 -0.000007 0.009170 0.197365 0.030559 0.000053 -0.000076 0.104168 -0.000229 -0.060606 0.129111 -0.000195 -0.187860 -0.203095 -0.081928 0.040547 -0.227808 -0.045410 -0.122878 -0.000360 -0.019190 -0.564404 0.095971 -0.018513 -0.001568 -0.000134 0.059062 0.000103 -0.204418 0.000232 -0.104720 -0.000025 -0.000053 0.083619 0.000163 -0.005519 0.062662 0.185301 -0.087810 -0.000036
-0.056645 0.000088 -0.315811 0.223924 -0.225360 0.171074 0.000195 0.005872 0.002685 -0.127489 0.000256 0.041498 -0.005179 0.045987 0.000128 0.004033 -0.115322 0.288194 -0.000475 -0.110397 -0.149351 0.000192 0.055795 -0.050626 0.102731 0.000142 0.000313 0.008851 -0.000103 -0.335619 0.175337 -0.000189 -0.072463 0.073959 -0.004767 0.133982 0.010520 -0.030080 -0.134325 0.000154 -0.405807 -0.019348 0.530230 -0.192718 0.443989 -0.000062 0.381402 0.000054 -0.449138 -0.000096 0.440684 0.000212 -0.000090 -0.043420 -0.000061 -0.005045 0.017392 -0.124879 -0.144501 0.000082
-0.019120 0.000070 0.106642 0.288962 -0.247603 -0.165243 0.000089 0.097072 0.109125 0.371534 -0.000172 0.088882 0.035110 0.057691 0.000057 -0.196981 0.111128 0.294495 -0.000275 0.096882 -0.092103 0.000050 0.023753 -0.201924 0.057359 0.000104 0.000315 0.130604 -0.000015 0.056845 0.336675 0.000021 0.161994 0.423878 -0.000242 0.079206 0.237641 -0.286991 0.333810 0.000107 -0.399280 -0.076710 -0.009026 -0.380990 0.037613 0.000058 -0.115574 -0.000088 -0.100582 -0.000289 -0.212234 -0.000024 -0.000060 -0.070805 -0.000153 -0.003901 0.174079 -0.235964 0.147834 0.000109
-0.249082 0.000014 -0.041697 -0.164289 0.027973 -0.313620 -0.000065 0.079702 0.258370 0.376818 0.000345 0.148055 -0.108870 0.039551 -0.000161 -0.093232 -0.115612 -0.365945 0.000035 0.036382 -0.074380 0.000112 0.050438 -0.119907 0.090797 0.000160 0.000021 -0.009747 -0.000117 -0.034367 0.451188 -0.000119 -0.170138 0.009416 -0.113976 0.118029 0.038137 0.046118 -0.247543 0.000235 -0.201010 -0.032457 -0.000102 -0.345468 -0.189303 0.000077 0.146948 0.000196 -0.090934 0.000144 -0.307153 -0.000166 0.000146 0.104734 0.000191 -0.005074 -0.061357 0.066400 -0.074021 -0.000073
-0.440486 -0.000071 0.139843 0.359832 -0.303161 -0.019077 -0.000115 0.118172 0.052538 0.205351 -0.000083 0.007858 0.036769 0.023149 -0.000030 -0.255583 0.190995 -0.157472 -0.000354 0.077880 0.126779 0.000112 0.053333 -0.167798 0.094513 0.000059 -0.000031 -0.032226 -0.000006 -0.106239 -0.014595 -0.000125 0.070204 -0.528400 0.035257 0.121228 0.096256 0.006415 0.145712 0.000356 -0.026949 0.066302 -0.081390 -0.004086 0.098574 0.000085 0.237162 -0.000072 -0.006508 -0.000288 -0.036578 0.000100 -0.000038 -0.135273 0.000284 -0.003304 0.053008 0.367644 0.013117 0.000193
-0.408387 -0.000211 0.036821 -0.110729 -0.469657 0.126512 -0.000115 -0.087307 -0.365717 0.226823 -0.000096 0.175318 0.036719 -0.200839 0.000149 -0.270950 -0.020971 0.074929 -0.000218 0.126628 -0.025319 0.000002 0.040963 -0.026504 0.079354 0.000002 0.000331 -0.256969 -0.000013 -0.172225 -0.117973 0.000513 0.218889 -0.364136 0.235164 0.106503 0.251354 0.124085 -0.186140 0.000020 -0.469626 0.471230 -0.057484 0.001626 0.060417 0.000007 -0.045488 0.000200 -0.085316 0.000168 -0.042753 0.000107 0.000081 -0.117056 -0.000077 -0.004639 0.067059 0.047039 -0.015023 -0.000003
0.006449 -0.000104 0.120721 -0.018058 -0.044814 0.165886 -0.000315 -0.008116 0.307663 -0.047774 -0.000192 0.090489 -0.014192 -0.219030 0.000031 -0.155443 -0.040303 -0.425744 -0.000729 -0.334443 -0.080758 0.000348 0.043494 -0.263636 0.083775 0.000054 0.000172 -0.143827 -0.000164 -0.003801 -0.150387 -0.000001 -0.219976 -0.077776 -0.093372 0.114809 -0.419614 -0.087118 -0.004560 0.000003 -0.189140 0.199664 -0.018033 0.319942 -0.264286 -0.000026 -0.228034 0.000062 -0.052708 -0.000039 0.558781 0.000158 0.000041 0.111227 0.000051 -0.003574 0.203767 0.086458 -0.080690 0.000102
0.285621 -0.000070 -0.085519 0.003058 0.453895 0.443620 -0.000075 -0.000548 -0.223420 -0.044396 0.000060 0.336358 0.157218 0.007222 -0.000060 -0.278939 -0.242456 0.055990 -0.000258 -0.003564 0.249020 0.000018 0.038025 -0.051208 0.075225 -0.000032 -0.000123 -0.207354 0.000034 -0.152940 -0.023792 -0.000069 -0.281237 0.080209 -0.067877 0.102262 -0.492541 0.245909 0.109916 -0.000234 0.145262 -0.048288 0.395297 0.076568 0.278864 0.000261 0.032513 0.000061 0.206036 0.000139 -0.138285 0.000008 0.000099 -0.133702 0.000211 -0.004233 -0.001270 -0.521701 -0.385585 0.000158
-0.237014 -0.000203 0.452918 -0.145731 -0.125533 0.290425 -0.000063 -0.050249 -0.160717 -0.109861 0.000246 0.045427 0.133345 0.085979 0.000280 -0.032481 -0.160096 0.180626 -0.000415 -0.444165 -0.031383 -0.000106 0.004264 -0.000662 0.025313 0.000021 0.000080 -0.306646 -0.000019 -0.104575 0.011656 0.000015 0.394076 -0.201241 0.133916 0.036759 -0.128328 0.245838 -0.380314 0.000073 0.028882 -0.113287 0.285939 0.128005 0.379467 0.000041 0.035973 -0.000113 -0.012080 -0.000069 -0.062735 0.000037 0.000099 -0.178486 -0.000058 -0.004562 -0.036316 0.157747 0.215628 0.000229
-0.387840 0.000089 0.055106 -0.007718 -0.001652 -0.433526 0.000081 0.063665 -0.155149 -0.068606 0.000079 -0.003396 -0.195063 0.116207 0.000116 0.044987 -0.282586 0.138531 -0.000552 -0.068259 -0.243443 0.000006 0.021649 0.062504 0.049578 0.000081 0.000352 -0.180527 -0.000182 0.080769 -0.027991 0.000011 -0.324192 -0.137750 0.045731 0.069923 -0.161867 0.332274 0.130065 0.000132 0.092191 -0.250706 -0.294004 0.085269 0.063283 -0.000022 -0.756384 -0.000069 -0.386243 -0.000127 -0.000532 -0.000175 0.000021 0.211905 0.000126 -0.005523 -0.109694 0.249029 -0.200554 0.000016
-0.023039 0.000196 0.004840 0.020191 -0.046017 -0.405956 0.000078 -0.080949 0.086264 0.388663 0.000072 -0.013266 0.002052 0.142062 -0.000082 0.036188 0.008255 0.275156 -0.000050 -0.132858 -0.270088 -0.000280 0.037650 0.240178 0.075742 0.000077 -0.000229 0.024017 0.000197 0.287762 -0.070908 0.000296 -0.082650 0.164401 -0.115612 0.103460 -0.499366 0.278965 -0.240337 0.000094 0.306515 -0.090033 -0.216768 0.063876 0.300902 -0.000007 -0.001870 0.000060 -0.258254 0.000257 0.010641 0.000099 0.000050 0.079539 -0.000182 -0.006491 0.083653 -0.412341 -0.523341 0.000244
0.176561 -0.000109 0.276512 -0.074137 -0.015187 -0.050189 0.000026 -0.076166 -0.087992 -0.006467 -0.000038 -0.313201 0.224059 0.102596 -0.000087 -0.101131 -0.143866 -0.070217 -0.000130 0.106635 -0.214698 0.000143 0.071376 -0.056170 0.129954 -0.000098 0.000275 -0.176289 -0.000139 -0.401932 0.034849 0.000222 0.011528 0.063703 -0.174385 0.174380 0.144965 0.275329 -0.101029 0.000041 0.253557 0.044336 0.057600 -0.274143 -0.236842 -0.000036 -0.231428 0.000057 0.165888 0.000070 0.001198 0.000174 0.000098 -0.116580 -0.000002 -0.008322 -0.092848 -0.416709 -0.322156 -0.000006
0.026197 -0.000158 0.015953 0.245285 0.050291 -0.135053 -0.000021 -0.086132 0.114659 0.133701 -0.000036 -0.016675 0.348622 0.261680 0.000000 0.009897 0.104213 -0.027760 -0.000085 0.207188 0.002210 0.000077 0.049520 0.164622 0.092803 -0.000140 -0.000164 -0.299111 0.000157 0.038717 0.146999 -0.000054 0.170942 0.002651 -0.046665 0.124232 -0.020204 0.112753 0.064768 -0.000052 0.062298 0.105277 -0.108798 -0.159092 -0.185175 0.000050 0.050468 -0.000055 -0.027769 0.000129 -0.102618 0.000163 0.000041 -0.182991 -0.000173 -0.007092 0.169617 -0.025474 0.077561 0.000109
0.152948 0.000115 0.044198 0.245598 0.195526 0.003847 -0.000153 0.021735 0.155886 0.131303 0.000012 -0.195434 -0.020605 -0.274571 0.000061 -0.148726 0.043771 0.047514 -0.000880 -0.236877 -0.064580 0.000189 0.064302 -0.227654 0.118634 -0.000014 -0.000014 0.099542 0.000058 -0.167874 0.223471 0.000268 -0.059527 -0.018015 -0.055933 0.158172 -0.182433 0.010212 -0.070450 -0.000085 0.111079 0.247622 -0.000294 0.207765 -0.590510 -0.000035 0.348303 -0.000058 0.301308 -0.000050 -0.369339 0.000065 -0.000099 0.073536 -0.000023 -0.006645 0.351998 -0.200005 0.009386 0.000142
0.070700 0.000154 0.172719 -0.021046 -0.151275 0.276364 0.000054 -0.015866 0.120342 0.289709 0.000252 -0.413745 -0.106722 0.046680 0.000003 -0.202274 -0.199254 0.090498 -0.000298 0.135811 0.017918 0.000093 0.031659 0.030130 0.067531 0.000017 0.000272 0.090250 -0.000064 -0.000449 -0.207882 0.000488 -0.057011 -0.027298 -0.038257 0.092687 -0.029732 0.214814 0.173759 0.000079 -0.024299 -0.045201 -0.135451 0.521089 0.039712 -0.000015 0.144808 -0.000045 -0.138094 0.000061 0.250268 0.000115 -0.000051 0.009749 0.000066 -0.005683 0.141045 0.015949 0.085257 0.000037
0.078439 0.000185 -0.030947 -0.085410 -0.043738 -0.029185 0.000024 -0.065123 -0.066780 0.026779 0.000106 -0.176868 -0.132850 -0.068011 -0.000217 0.239723 -0.014594 0.232767 -0.000500 -0.136096 -0.292366 -0.000045 0.006802 -0.223387 0.028081 0.000099 -0.000060 -0.068193 -0.000134 -0.007621 0.143796 0.000074 -0.128873 -0.127522 0.218948 0.040941 0.238012 0.132646 -0.041303 0.000093 -0.050313 0.067509 -0.228276 0.129413 0.187436 -0.000045 0.121781 0.000261 -0.220299 0.000109 0.015838 0.000112 0.000057 0.026266 0.000067 -0.004017 0.417792 0.243172 0.372619 0.000011
-0.001245 0.000043 -0.028883 -0.066635 -0.475069 -0.220107 0.000226 0.033021 -0.164042 -0.012733 -0.000038 -0.367893 -0.336823 -0.060077 -0.000002 -0.354334 -0.118073 0.180587 -0.000511 -0.341220 -0.061523 -0.000105 0.018256 -0.022903 0.047791 -0.000188 -0.000188 -0.144970 0.000091 -0.091111 0.379087 -0.000149 -0.219646 0.175793 -0.079712 0.068459 0.115758 -0.247848 0.209022 0.000056 -0.551324 -0.194623 0.113644 0.093277 0.600312 -0.000042 -0.376810 0.000157 0.139008 0.000248 0.123330 -0.000084 -0.000308 0.187272 -0.000143 -0.004003 -0.031225 0.139204 -0.004879 0.000074
0.423746 0.000221 0.015637 -0.082527 0.017784 -0.040760 0.000215 -0.007076 0.022789 -0.423611 0.000018 -0.370324 0.366680 -0.183752 0.000119 0.148255 -0.010594 0.174283 -0.000507 -0.132193 -0.054731 0.000157 0.022598 -0.052756 0.052894 -0.000316 -0.000073 -0.289240 -0.000242 0.003155 0.214177 -0.000060 -0.359098 0.099724 0.104132 0.073688 -0.159251 -0.181564 0.272731 -0.000046 -0.038575 -0.398804 0.178913 0.364296 0.224230 0.000013 0.048870 0.000006 -0.136428 0.000121 -0.200710 0.000157 0.000066 -0.011578 0.000054 -0.004086 0.141938 0.531797 0.258849 0.000123
-0.034279 0.000161 0.032192 -0.092054 0.088704 0.002592 0.000173 0.017242 0.040843 0.186483 -0.000034 -0.195481 0.074354 -0.102108 -0.000086 -0.159990 0.300336 -0.009287 -0.000295 0.292699 0.218086 -0.000086 0.010384 -0.047386 0.034889 0.000247 0.000012 -0.283463 -0.000182 -0.093782 -0.001077 -0.000189 0.100733 0.593848 0.226402 0.048549 -0.149064 -0.313476 0.272269 0.000106 0.117389 -0.190183 0.096627 0.223315 0.119812 -0.000093 0.249002 0.000039 0.228910 0.000021 -0.362719 0.000286 -0.000383 -0.042070 0.000192 -0.004755 -0.144064 -0.168554 0.144749 0.000146
-0.039832 0.000057 0.059016 0.082297 -0.054953 -0.181138 -0.000148 0.004453 0.099135 0.300882 0.000005 -0.250607 -0.079590 -0.098781 0.000068 -0.076482 0.080505 0.131162 -0.000163 0.140130 -0.091151 0.000166 0.017303 -0.320789 0.042043 0.000075 0.000046 -0.602378 0.000027 0.335188 -0.280818 -0.000193 0.031539 0.105167 -0.046732 0.056816 0.154064 -0.157458 0.326748 0.000239 -0.445936 -0.265836 -0.630782 0.056014 0.207623 -0.000084 -0.168069 0.000159 -0.218804 0.000296 -0.066539 -0.000178 0.000021 -0.116097 -0.000136 -0.006428 0.141914 -0.257194 0.267042 0.000114
0.338507 -0.000096 -0.224412 0.109983 -0.258017 -0.304773 0.000054 -0.005766 0.015709 0.327175 -0.000005 -0.331669 -0.120693 0.269812 -0.000037 0.136604 -0.476222 0.133758 -0.000547 0.128950 -0.057861 0.000054 0.016738 0.063784 0.039069 -0.000137 -0.000152 -0.534713 -0.000060 0.204295 -0.488304 -0.000111 -0.026804 0.002166 -0.140647 0.052885 -0.089666 0.013712 0.084980 0.000014 -0.270044 0.314079 -0.045645 0.100100 -0.168163 -0.000039 0.202136 -0.000025 -0.059562 0.000315 -0.387534 -0.000130 0.000028 -0.040242 0.000150 -0.003723 0.001021 0.196752 -0.192846 -0.000005
0.203867 0.000013 0.326709 0.001274 0.095166 0.192614 -0.000104 -0.257987 -0.170857 -0.046653 0.000143 -0.236054 0.036427 0.465999 0.000118 0.390817 0.015728 0.254369 -0.000333 -0.116507 0.007542 0.000283 0.009800 -0.193669 0.010760 -0.000035 0.000271 -0.153463 0.000024 -0.075292 -0.285926 0.000293 0.168778 0.130905 -0.002578 0.010585 0.206203 -0.175539 -0.266015 0.000049 -0.306370 0.081073 0.264452 0.044779 -0.113553 0.000002 0.002254 0.000019 -0.304913 0.000268 -0.290223 -0.000033 -0.000330 0.004688 0.000011 -0.004814 0.232831 -0.312551 0.010423 0.000165
0.015208 -0.000006 0.072154 -0.081369 0.000822 0.445531 -0.000118 0.110336 0.268577 -0.157703 -0.000099 -0.334153 0.207456 0.020737 0.000037 0.012902 0.174240 0.081832 -0.000224 0.242724 -0.349652 0.000102 0.010697 -0.029916 0.011876 -0.000071 0.000002 -0.111386 0.000269 -0.086039 -0.042049 0.000156 0.036902 -0.189052 0.266357 0.011864 0.045498 -0.192972 0.234434 0.000112 -0.326789 -0.063516 0.159187 -0.168234 -0.121553 -0.000030 0.081483 -0.000165 0.116837 0.000174 0.170219 -0.000047 -0.000093 -0.061333 -0.000280 -0.003686 -0.442512 0.117019 0.509507 0.000127
0.282666 -0.000071 0.378373 0.026433 0.103650 0.215520 0.000061 -0.022126 -0.027664 0.040595 0.000103 -0.114223 -0.051039 0.028517 0.000053 0.054898 0.078234 -0.268679 -0.000187 0.135159 -0.247722 -0.000092 0.009186 -0.011958 0.009389 0.000186 -0.000029 -0.373150 -0.000164 0.096525 -0.132892 0.000046 0.072383 -0.381852 -0.360473 0.009289 -0.010549 -0.259936 0.491436 -0.000092 -0.014318 0.072456 0.377895 -0.054324 0.121878 0.000041 0.003896 0.000127 -0.114483 0.000190 0.124784 -0.000059 0.000058 -0.054311 0.000220 -0.004878 -0.039203 0.055116 0.137448 0.000064
-0.192889 0.000152 -0.003072 0.332528 -0.481091 -0.063006 0.000060 -0.126904 -0.266203 0.306476 -0.000009 -0.062507 -0.460820 -0.130364 -0.000024 0.249165 0.116059 -0.257862 -0.000525 -0.061596 -0.013568 0.000171 0.020657 -0.004900 0.041160 -0.000053 -0.000002 -0.048565 -0.000110 -0.079820 0.298944 -0.000192 0.138955 -0.230034 -0.271095 0.053521 -0.263848 0.168756 -0.249699 0.000020 0.197656 0.033745 0.396352 0.037428 0.031626 -0.000012 0.043192 -0.000052 0.431410 0.000325 0.378174 -0.000013 0.000036 -0.145330 0.000099 -0.006004 -0.368381 0.067366 0.018351 -0.000044
-0.119931 0.000121 0.141938 0.088828 0.155813 -0.310003 -0.000346 -0.244478 0.001923 0.029648 0.000165 -0.163409 -0.244123 0.002768 -0.000008 0.006635 -0.060621 0.054373 -0.000045 -0.130397 0.309987 -0.000104 0.016320 -0.190588 0.038113 0.000132 -0.000040 0.107435 0.000068 0.276623 0.196843 0.000130 -0.019346 0.316058 0.097692 0.055739 -0.146152 -0.100208 0.192514 -0.000150 0.013769 -0.563107 -0.057362 -0.041084 0.256904 0.000176 0.637611 -0.000029 0.097516 0.000380 0.174713 0.000010 -0.000067 -0.131810 -0.000059 -0.005805 -0.254136 0.247336 0.183788 0.000136
-0.065105 0.000085 0.082035 0.276636 0.133578 -0.209855 0.000214 -0.215755 0.383129 -0.234205 0.000153 0.330189 -0.035579 -0.319110 0.000177 0.089094 0.160161 0.028903 0.000058 0.225514 0.342972 -0.000076 0.048787 -0.014008 0.091220 -0.000032 -0.000035 -0.311289 -0.000138 0.247965 0.052615 0.000022 -0.168231 0.653312 -0.054822 0.123727 0.026001 -0.012181 0.137506 -0.000242 -0.080372 0.133292 -0.067405 0.042298 -0.034158 -0.000060 -0.086344 0.000275 0.090314 0.000013 -0.099379 -0.000068 0.000118 -0.194827 -0.000031 -0.003983 -0.146477 -0.067210 0.104837 -0.000001
-0.011989 -0.000083 0.363043 0.035629 0.276541 -0.059723 0.000016 -0.152577 0.049384 -0.360488 -0.000072 -0.245419 0.281731 0.202974 -0.000014 0.109094 -0.084117 0.109846 -0.000455 0.291864 0.444316 0.000141 0.038853 0.152839 0.075524 0.000013 0.000036 -0.055610 -0.000077 -0.076894 -0.212099 -0.000032 0.051512 0.629806 -0.081582 0.099832 0.107105 -0.127835 0.011884 -0.000092 -0.016697 0.229523 -0.388291 0.083756 -0.539358 -0.000004 0.124958 -0.000132 -0.076837 0.000178 -0.282358 -0.000040 -0.000067 -0.254580 0.000124 -0.003175 -0.092977 -0.014170 0.220932 0.000021
-0.338245 0.000101 0.171470 -0.170090 -0.037258 0.239817 0.000262 0.114403 0.350311 0.326616 0.000069 0.101097 0.127875 0.281918 -0.000016 -0.354248 -0.241401 -0.265684 -0.000507 -0.085157 0.346084 0.000100 0.025285 0.235197 0.055679 -0.000064 0.000091 -0.065150 0.000066 -0.039628 -0.410719 0.000003 -0.010106 0.049417 0.368425 0.075227 -0.523354 -0.038643 -0.126905 0.000133 0.054353 0.166166 -0.478988 0.386218 0.217034 -0.000153 -0.477139 0.000071 -0.226102 -0.000336 0.102682 -0.000033 0.000050 -0.091634 0.000046 -0.005144 0.143155 0.012428 0.081921 -0.000085
-0.143339 -0.000005 0.131564 -0.125944 0.030765 0.155117 0.000252 0.020720 0.361330 -0.007596 0.000072 0.185780 0.008806 0.155177 0.000105 -0.043833 -0.010697 0.096843 -0.000866 -0.321539 0.035794 -0.000124 0.038162 -0.066767 0.073737 0.000002 0.000134 -0.210894 0.000061 0.225570 -0.065273 -0.000266 0.116361 -0.243276 0.476530 0.099283 -0.086086 -0.422619 0.075038 0.000446 -0.165543 -0.129879 -0.427099 0.205241 0.298227 -0.000045 -0.006236 0.000049 -0.151363 0.000074 -0.218890 -0.000205 0.000179 0.113057 0.000002 -0.003940 0.419796 -0.156058 0.157065 -0.000033
-0.052399 0.000246 0.026889 -0.047578 0.068829 -0.031567 0.000237 -0.143557 -0.255191 -0.046883 0.000083 -0.011679 0.030111 -0.314687 0.000130 -0.270643 -0.212192 0.135996 -0.000363 -0.255472 -0.246606 -0.000053 0.053693 -0.039361 0.102601 -0.000318 0.000051 -0.116049 -0.000100 0.196602 -0.288593 -0.000084 -0.108719 -0.020413 -0.100920 0.139790 -0.198232 -0.084995 0.094603 -0.000107 -0.103308 -0.171359 -0.007212 0.000317 -0.130307 -0.000078 0.180568 0.000009 0.089290 0.000185 0.608257 0.000126 0.000179 -0.100378 -0.000006 -0.004935 0.281992 -0.009952 0.103090 -0.000044
-0.095094 0.000042 0.034739 -0.032074 -0.473303 0.129438 -0.000195 -0.030073 -0.009947 0.189154 -0.000023 0.480765 0.182601 -0.207065 0.000193 0.018238 -0.492787 0.223159 -0.000581 -0.018386 0.357316 0.000106 0.051181 -0.050377 0.098312 0.000100 -0.000133 0.191487 0.000050 0.051080 0.103602 -0.000081 -0.190966 0.119771 -0.546538 0.135550 -0.144573 -0.015285 -0.333561 -0.000104 -0.004474 0.012284 0.208808 0.045820 -0.203632 0.000034 -0.011112 0.000119 0.148866 0.000102 0.343756 0.000095 0.000015 0.065908 -0.000046 -0.006069 0.060596 0.216319 -0.235447 -0.000359
-0.024411 -0.000073 0.340705 0.000657 -0.239863 0.057454 0.000051 -0.139627 -0.776920 -0.185451 -0.000157 0.397459 0.718477 -0.215173 -0.000111 0.110591 0.112251 0.019408 -0.000800 -0.073407 0.467899 -0.000068 0.085171 -0.271283 0.154802 0.000169 -0.000068 -0.194651 0.000050 -0.202034 0.165258 -0.000225 -0.305546 0.017570 -0.185974 0.210440 0.058628 -0.189588 0.218228 0.000281 0.071014 0.252949 0.386525 -0.284604 0.337877 0.000004 0.065183 0.000169 0.019202 0.000251 -0.007166 0.000125 0.000054 0.004168 -0.000231 -0.004622 0.021410 0.080980 -0.475991 -0.000109
0.102805 0.000069 -0.041181 0.395041 -0.178273 -0.168704 -0.000310 0.117547 -0.396632 -0.122046 -0.000096 0.049476 0.042641 0.123243 -0.000063 -0.198965 -0.109318 -0.049935 0.000125 0.271705 -0.012439 0.000039 0.057303 -0.035820 0.108267 0.000131 0.000079 -0.067849 0.000125 0.062756 -0.105902 -0.000197 -0.369985 -0.277554 -0.090785 0.146316 0.083764 -0.206162 0.370085 0.000083 0.625572 -0.463278 -0.215155 -0.028644 0.652132 -0.000031 -0.483158 0.000071 0.006642 0.000258 -0.083638 0.000089 -0.000235 0.079342 -0.000247 -0.004389 -0.760960 0.073209 -0.764439 0.000032
-0.002815 0.000084 -0.059318 0.266984 0.095578 -0.141388 0.000046 -0.010713 0.059793 0.002799 0.000154 0.223996 0.003175 0.221129 0.000067 -0.239707 -0.077924 -0.001380 -0.000554 -0.149167 -0.053756 0.000126 0.055229 -0.026826 0.105498 0.000070 -0.000047 0.056189 0.000069 0.291615 -0.083206 -0.000197 0.381322 0.532512 0.148887 0.141200 0.281088 -0.116991 0.181954 0.000064 0.104177 -0.091559 -0.468260 -0.124450 0.526363 -0.000112 0.152394 0.000108 0.009736 -0.000020 -0.326830 -0.000020 -0.000197 0.002168 -0.000119 -0.006375 -0.018123 -0.575907 -0.371518 -0.000256
-0.423301 -0.000041 -0.390035 -0.047078 0.003779 -0.193205 -0.000101 0.128897 0.106286 -0.077452 0.000073 -0.241406 -0.282431 0.043995 0.000070 -0.011370 -0.565678 -0.259794 -0.000673 -0.324064 -0.203741 0.000024 0.063416 0.020525 0.115346 -0.000044 0.000232 0.174411 -0.000168 -0.095783 -0.166388 -0.000081 0.262430 0.167969 0.232700 0.154237 0.311596 0.084844 -0.006516 0.000040 -0.342820 -0.242160 -0.252502 -0.248657 0.068591 0.000025 0.449110 0.000113 -0.055549 -0.000095 -0.092844 -0.000056 -0.000027 0.069011 0.000085 -0.008552 0.001242 0.087334 -0.201523 0.000106
-0.022511 0.000075 -0.174713 -0.178602 -0.117325 0.320824 -0.000317 -0.201171 0.231675 -0.116547 0.000097 0.005644 0.011023 -0.027254 -0.000304 -0.003591 -0.357077 -0.238107 -0.000495 0.005348 0.046332 0.000152 0.032982 0.020072 0.070577 -0.000063 -0.000007 0.002693 -0.000003 -0.173616 -0.097069 -0.000092 0.774957 -0.265108 0.126937 0.097238 0.017653 -0.003274 0.516869 -0.000004 -0.289761 -0.052524 0.027282 -0.032940 0.274772 0.000054 -0.140870 0.000113 0.166844 0.000163 0.021190 0.000116 0.000094 -0.151867 -0.000054 -0.008357 0.041142 0.004521 -0.453368 0.000015
-0.410639 0.000179 -0.208192 0.176610 -0.010488 0.063897 -0.000059 -0.027154 0.595780 -0.449958 -0.000007 0.021704 0.148455 -0.449291 -0.000154 0.107239 -0.451923 0.091198 -0.000231 -0.006290 0.110792 -0.000059 0.031274 0.074796 0.062166 0.000006 -0.000122 0.176316 0.000061 0.304417 -0.030939 0.000411 -0.040368 -0.358309 0.307412 0.082978 0.242803 -0.007851 -0.597740 -0.000274 -0.891081 -0.308811 -0.066927 0.143170 0.180303 -0.000018 0.123245 0.000007 -0.531925 0.000275 0.238549 0.000107 -0.000149 -0.081321 0.000025 -0.008585 0.037218 0.030932 -0.039754 -0.000042
-0.098558 0.000019 0.012614 -0.046003 -0.118404 -0.203956 -0.000112 -0.074227 -0.000246 0.135326 -0.000001 0.061951 -0.220217 0.047676 0.000065 -0.001155 -0.818194 0.190317 -0.000386 0.202925 0.126135 0.000063 0.039012 0.049652 0.073901 0.000111 -0.000144 -0.002872 -0.000125 -0.000578 -0.362517 -0.000111 0.213939 -0.508008 -0.320274 0.099570 0.218643 0.066724 0.149341 -0.000025 -0.133423 0.252675 0.355050 -0.106202 -0.201444 -0.000001 0.248202 -0.000058 -0.196962 -0.000138 0.239200 -0.000198 -0.000057 0.064375 -0.000301 -0.008308 -0.325397 0.014988 -0.208548 0.000152
-0.158408 -0.000231 -0.023245 -0.098048 0.210282 -0.164881 -0.000004 -0.052242 -0.310537 -0.356486 -0.000216 -0.223147 -0.154705 0.032163 -0.000160 -0.046696 -0.363008 0.151500 -0.000550 -0.007175 0.023789 -0.000019 0.039314 0.180215 0.076784 0.000048 -0.000041 -0.007613 0.000082 0.332819 -0.044456 -0.000180 -0.181247 -0.099790 -0.105609 0.102593 -0.024385 0.104293 0.030831 -0.000332 -0.003804 -0.091772 0.563963 -0.109889 0.111239 -0.000130 0.140057 -0.000006 0.142767 0.000061 0.072779 0.000109 -0.000007 0.065836 -0.000013 -0.004638 -0.218686 -0.119351 -0.037973 -0.000013
-0.146607 -0.000149 0.149656 0.059414 0.177711 -0.023636 0.000247 0.069766 -0.208899 -0.037412 0.000101 0.038108 0.003256 -0.209216 -0.000039 0.153999 -0.296578 0.245968 -0.000407 0.146534 -0.195853 0.000054 0.038650 0.146538 0.074000 -0.000003 0.000012 0.512953 -0.000028 0.244663 0.067660 -0.000166 0.050770 -0.007178 -0.201118 0.097951 -0.215522 0.060631 -0.226777 0.000125 0.011398 -0.219206 0.051788 0.032982 0.489297 0.000050 0.208082 -0.000145 -0.225217 0.000027 0.270202 -0.000075 0.000162 0.147662 0.000036 -0.006153 0.287706 -0.197840 -0.011107 0.000121
0.169475 0.000108 0.222361 -0.172993 0.462808 -0.302340 -0.000042 0.284991 0.075732 -0.092662 0.000048 0.129315 -0.014402 -0.293698 -0.000112 0.002423 -0.104202 -0.002344 -0.000018 -0.064103 -0.037400 -0.000041 0.021857 0.088674 0.048176 0.000124 0.000142 -0.019540 -0.000089 0.216286 0.288620 0.000171 0.076416 -0.145590 0.322295 0.070918 -0.214709 0.397948 -0.218543 -0.000120 0.045646 0.388734 0.035199 -0.352682 0.092011 0.000094 0.106949 0.000158 -0.053012 0.000204 0.525922 0.000169 0.000059 0.257465 -0.000022 -0.005195 -0.081188 -0.022528 0.088519 0.000089
0.171398 -0.000160 0.217309 -0.057992 0.090132 -0.213675 0.000122 -0.157043 0.247096 0.447978 0.000034 -0.133647 -0.078592 0.343942 0.000155 0.167494 -0.670782 -0.093525 -0.000710 0.021100 0.213993 0.000155 0.015667 -0.031691 0.042405 -0.000066 0.000292 0.050499 -0.000090 -0.125058 0.178082 -0.000034 0.128115 -0.105158 0.014190 0.062379 -0.163343 -0.049200 -0.265617 0.000279 0.014326 0.561261 0.014713 -0.357703 0.022326 -0.000047 0.293050 -0.000341 0.022570 -0.000003 -0.076625 -0.000140 0.000086 0.073145 0.000109 -0.005648 -0.017848 0.085227 -0.003474 -0.000107
-0.010269 0.000225 -0.126763 0.226161 -0.282425 -0.230689 0.000022 0.244723 0.333414 0.088130 0.000046 -0.085750 0.334265 -0.036709 0.000139 -0.467432 -0.028109 -0.034499 0.000046 0.193415 0.054092 0.000009 0.025349 0.151027 0.053077 -0.000007 -0.000163 0.004597 -0.000032 0.109816 0.268784 0.000292 -0.334450 0.023716 -0.024522 0.073708 -0.085318 0.106003 -0.291046 -0.000206 -0.251378 -0.192745 0.036316 -0.171317 0.055457 0.000017 0.194607 -0.000089 0.265624 0.000315 -0.273883 0.000065 -0.000029 0.010860 -0.000057 -0.006885 0.093388 0.175601 0.328257 0.000147
0.332421 -0.000100 -0.287556 -0.524219 -0.033585 0.007194 -0.000088 -0.078240 -0.058376 -0.043666 0.000013 0.023598 0.038549 -0.014487 -0.000064 -0.038262 -0.105729 -0.195514 -0.000496 0.164003 0.224894 0.000064 0.010651 -0.046341 0.027240 -0.000034 -0.000158 -0.100367 -0.000146 0.106255 -0.024047 0.000079 -0.080293 -0.295593 0.202699 0.042325 -0.390399 0.020660 -0.507317 0.000013 0.065224 0.078819 -0.205498 0.000401 -0.002861 -0.000025 0.152206 -0.000181 0.155720 0.000057 -0.048994 -0.000217 -0.000016 -0.212127 0.000175 -0.005769 -0.048853 -0.080406 0.022618 0.000145
0.047023 0.000065 0.096839 -0.290962 -0.302881 0.045739 0.000013 -0.094343 0.015485 0.234998 0.000262 0.064545 0.270098 -0.343943 -0.000054 0.147389 -0.028414 -0.224302 -0.000453 -0.170090 -0.145331 -0.000088 0.014145 0.256150 0.036280 0.000056 0.000099 0.212389 -0.000012 0.181937 0.048384 -0.000022 0.054812 -0.186453 -0.011995 0.054168 0.248672 0.316172 -0.019641 0.000171 -0.139330 0.037919 -0.232869 0.282394 -0.032456 0.000120 -0.084376 -0.000007 0.082495 0.000094 0.306382 -0.000165 0.000095 -0.212800 0.000227 -0.006211 0.135969 0.127133 -0.253688 0.000069
-0.216231 -0.000183 0.102356 -0.037026 -0.243011 -0.017182 -0.000002 0.025583 0.368119 -0.006905 -0.000050 -0.028709 -0.361402 -0.166575 0.000012 0.225263 -0.001328 -0.024512 -0.000229 0.149411 -0.293589 -0.000211 0.036768 -0.094498 0.073820 -0.000053 -0.000151 -0.105644 -0.000031 0.078686 0.176896 0.000391 -0.083207 -0.036774 -0.176072 0.105071 0.005928 -0.084885 -0.108530 -0.000119 -0.036274 0.231221 -0.024468 0.098552 -0.192250 0.000027 0.012844 -0.000105 -0.045982 0.000165 -0.027631 0.000053 0.000232 0.072132 -0.000165 -0.005784 0.013651 -0.366904 0.034658 0.000209
0.212744 -0.000062 -0.012461 0.365774 0.064234 0.398674 -0.000013 0.235100 0.183041 -0.343760 -0.000102 0.013198 -0.220196 -0.022491 -0.000128 0.184000 0.121381 0.060831 -0.000680 0.010203 -0.307241 -0.000068 0.036505 0.086235 0.070072 0.000038 -0.000139 -0.328293 0.000060 -0.035940 0.060428 0.000302 0.247669 -0.181865 0.209126 0.094934 0.086324 0.362820 0.065022 0.000300 -0.005194 -0.225316 0.432925 0.235117 0.409245 0.000078 0.503793 0.000177 -0.209131 0.000099 -0.272975 -0.000059 0.000058 0.096551 0.000091 -0.005326 0.093003 -0.044047 -0.054604 -0.000039
0.045023 -0.000202 -0.318878 -0.203581 0.266361 0.174196 0.000050 -0.027661 0.172112 0.131229 -0.000035 0.157310 -0.478736 -0.111034 -0.000131 -0.057385 0.120601 -0.152473 -0.000332 0.320847 -0.303784 0.000088 0.030220 0.002546 0.063952 -0.000019 0.000112 -0.013589 -0.000071 0.090008 -0.127640 -0.000018 0.036229 0.344123 -0.027705 0.087710 -0.007169 -0.104035 -0.384321 -0.000024 -0.134897 -0.568312 0.010369 0.018606 0.488039 -0.000042 -0.059623 -0.000124 0.004630 0.000030 -0.110648 -0.000045 -0.000163 0.340555 0.000033 -0.006357 0.077081 -0.018577 0.254918 -0.000107
-0.372643 0.000089 -0.054252 0.030828 0.108049 -0.331301 0.000371 -0.003884 -0.241178 0.073609 0.000231 -0.157834 -0.329058 0.183928 0.000135 -0.036449 -0.134891 0.405837 -0.000441 0.186336 0.076265 -0.000054 0.015906 -0.014376 0.036293 0.000051 -0.000145 -0.121206 -0.000121 0.247371 -0.043902 -0.000036 0.159594 0.235107 -0.240797 0.046845 -0.056722 0.216041 -0.336138 0.000060 -0.176036 0.204794 0.076063 -0.106280 -0.349577 -0.000057 0.413341 -0.000322 -0.056907 -0.000079 -0.141032 0.000166 -0.000100 0.080511 -0.000032 -0.006597 0.158087 0.039911 0.185503 0.000060
-0.167322 0.000071 0.106210 -0.145492 0.014490 -0.229683 0.000086 0.445442 -0.468052 -0.003832 -0.000036 0.020451 0.039712 0.369779 -0.000004 0.154879 0.069004 0.170575 -0.000256 -0.017441 -0.002205 -0.000101 0.014880 0.217898 0.036304 -0.000025 0.000043 -0.008695 -0.000168 -0.039849 -0.044224 -0.000167 0.189901 0.197511 -0.073699 0.051634 0.063731 -0.009964 -0.046285 -0.000135 0.023967 -0.049679 -0.039319 0.082942 -0.013276 0.000095 0.120138 0.000259 0.025617 0.000202 0.126529 0.000119 0.000079 0.211332 0.000076 -0.006366 -0.237780 -0.180184 -0.248589 -0.000049
0.224422 -0.000150 0.089020 0.009225 -0.059588 -0.251808 -0.000017 0.015806 -0.028361 0.152407 0.000042 -0.004230 0.157276 -0.040496 0.000182 -0.118628 -0.159579 0.319969 -0.000657 -0.377529 0.172008 -0.000020 0.013994 0.367322 0.033003 -0.000016 0.000246 0.062640 -0.000114 0.309484 0.001314 -0.000061 0.073547 0.274050 -0.004199 0.043026 -0.172820 -0.044208 -0.286641 0.000034 -0.115960 -0.124974 0.076482 0.097782 -0.179790 -0.000000 -0.445627 0.000202 0.263697 -0.000075 -0.053669 0.000364 0.000035 0.026507 -0.000058 -0.007523 0.125220 -0.102919 -0.105350 -0.000115
-0.236360 0.000094 -0.157466 0.059881 0.141764 -0.150097 0.000019 0.283691 -0.128595 -0.073742 -0.000373 -0.565561 0.101634 -0.032040 -0.000038 0.111615 -0.159043 0.071619 -0.000236 0.100659 -0.498814 -0.000035 0.022320 -0.007037 0.048033 -0.000013 -0.000413 0.144708 -0.000021 0.007504 -0.138479 0.000256 -0.080708 -0.022405 0.226609 0.062224 -0.311062 0.117006 -0.257144 0.000045 -0.004573 -0.027058 0.001304 0.133294 -0.243489 -0.000008 0.125532 0.000136 0.106229 0.000051 -0.178629 0.000183 0.000249 -0.104883 -0.000140 -0.006031 0.248849 0.060416 0.006539 0.000121
0.064796 0.000003 0.095335 0.225405 0.166407 0.149559 -0.000042 0.153996 0.060585 -0.586809 -0.000140 -0.199974 -0.146625 -0.043642 0.000108 0.251391 0.072203 -0.125366 -0.000732 -0.032175 -0.032770 -0.000269 0.016229 -0.020821 0.037070 -0.000019 0.000206 0.136571 0.000099 0.136240 0.383618 0.000250 -0.023995 -0.149660 0.321121 0.048957 -0.056237 -0.048249 -0.014251 0.000008 0.025004 0.053960 -0.110265 -0.115191 0.296849 -0.000122 -0.064734 0.000145 -0.055998 -0.000226 -0.103686 0.000202 0.000093 -0.268881 -0.000141 -0.007458 -0.141296 -0.101829 0.005415 0.000142
0.160300 0.000064 -0.008396 0.390354 -0.046101 0.243877 0.000263 0.373138 0.435325 0.116461 -0.000129 -0.163701 -0.229405 0.313438 -0.000009 0.091839 0.395047 -0.104443 -0.000564 -0.026653 -0.032031 0.000206 0.028082 0.025133 0.055098 -0.000046 0.000137 0.146174 -0.000064 -0.108058 0.515325 -0.000131 -0.133595 -0.198264 0.121668 0.072473 -0.245801 -0.235037 0.144719 -0.000152 0.165931 0.373688 -0.438928 0.035069 0.326156 0.000075 0.240473 -0.000091 0.100378 -0.000065 0.171602 0.000406 -0.000337 0.223148 -0.000129 -0.009426 -0.432725 -0.030701 0.065710 0.000001
-0.108170 -0.000015 0.299574 0.547860 -0.041981 0.181360 0.000061 0.202542 0.371381 -0.253617 0.000070 -0.346626 0.055584 0.162148 0.000047 0.138023 0.400335 -0.081732 0.000110 -0.067192 0.020164 -0.000048 0.033367 0.142951 0.063622 0.000054 -0.000171 0.286383 -0.000031 -0.055342 0.089018 -0.000162 -0.415465 -0.076877 0.041491 0.083401 -0.208439 -0.113247 -0.005995 -0.000388 0.030354 -0.014350 0.135868 0.140448 0.475184 0.000089 -0.036258 0.000054 -0.086154 -0.000216 0.249927 0.000207 0.000114 0.104613 -0.000144 -0.005644 -0.261058 0.018463 0.216758 0.000011
-0.048073 -0.000147 0.003802 0.248086 0.133348 -0.434012 0.000221 -0.127223 -0.347715 -0.166041 0.000070 0.066824 0.108577 -0.102605 0.000055 -0.002610 0.081214 0.350766 -0.000404 -0.074457 -0.152492 -0.000043 0.045317 0.198330 0.080480 0.000040 -0.000072 0.011450 -0.000092 -0.128325 -0.284844 0.000271 -0.146903 -0.039403 0.271602 0.102439 0.277500 0.009234 0.241174 0.000261 0.130736 -0.151053 0.292109 -0.028766 0.317533 -0.000053 -0.180955 -0.000218 -0.259357 0.000351 -0.066803 -0.000291 0.000062 -0.520393 0.000051 -0.005234 -0.021733 -0.150467 -0.132305 0.000174
-0.021669 -0.000152 0.313166 0.148731 -0.050412 -0.531601 0.000119 -0.259910 -0.150964 -0.011146 -0.000015 0.373227 0.038514 0.129809 0.000139 -0.399834 0.137084 0.464461 -0.000104 0.041429 0.031121 0.000001 0.030449 0.328359 0.062416 0.000081 0.000075 0.491706 0.000051 0.245781 0.161432 0.000077 -0.072858 0.141588 -0.049235 0.083924 0.236254 -0.104226 0.120862 0.000010 -0.450846 -0.024386 -0.015607 -0.012357 -0.131906 0.000080 -0.538620 -0.000077 0.244791 -0.000040 0.166746 -0.000076 0.000036 -0.035571 0.000077 -0.003896 0.119077 0.059914 -0.497812 0.000053
-0.153739 -0.000023 -0.009149 -0.728729 -0.073899 -0.301800 0.000064 0.087915 0.073463 -0.097061 0.000040 0.124894 -0.151404 -0.069987 -0.000111 -0.243383 0.138834 0.242968 -0.000291 -0.100614 0.049816 -0.000047 0.044004 -0.030982 0.083351 0.000045 -0.000072 -0.013283 -0.000163 0.104546 0.199184 0.000384 0.070956 0.226879 0.006223 0.110925 0.321623 -0.104820 -0.029046 0.000204 0.006039 -0.499932 -0.312712 -0.247795 -0.256039 0.000218 -0.336689 -0.000037 -0.211993 0.000071 0.332451 0.000184 -0.000049 -0.265388 -0.000178 -0.004900 0.358195 -0.059559 -0.027725 -0.000137
0.173092 0.000069 0.000750 -0.119886 0.116162 0.174406 -0.000105 -0.017777 0.002472 0.131687 0.000030 -0.107769 -0.083724 0.272708 -0.000139 0.090570 0.253211 0.284909 -0.000112 0.041967 -0.295024 -0.000008 0.026443 -0.117288 0.058666 -0.000014 -0.000115 -0.013529 -0.000208 -0.048101 0.204606 -0.000220 -0.047125 0.032441 -0.032371 0.079384 -0.558471 -0.065559 0.190549 -0.000247 -0.069944 -0.130358 0.083962 -0.014037 -0.019644 -0.000113 -0.235651 -0.000031 -0.023258 -0.000026 0.025832 0.000083 -0.000186 0.036365 0.000037 -0.002542 0.328613 0.337284 -0.110082 -0.000346
-0.040925 -0.000063 -0.022261 0.121301 0.181482 -0.069711 0.000012 -0.102037 -0.192870 0.202907 -0.000222 0.039762 -0.310069 0.328976 -0.000116 0.155441 0.260394 0.092620 -0.000353 0.028545 -0.041844 -0.000039 0.037665 -0.165115 0.074649 -0.000084 -0.000067 0.076476 -0.000059 0.382062 0.067183 -0.000188 -0.258469 -0.214778 -0.273092 0.099873 -0.178158 -0.184777 0.002079 0.000453 -0.147808 0.334318 -0.189733 -0.055825 -0.277477 -0.000116 -0.572789 0.000044 0.022797 0.000261 0.243178 0.000079 0.000068 0.300451 0.000309 -0.004992 0.132836 0.229812 -0.283600 -0.000150
-0.007092 -0.000037 0.088064 -0.026502 -0.093182 0.179850 0.000169 -0.036065 -0.141685 0.067806 0.000000 0.347840 -0.008879 -0.285627 -0.000079 0.220424 -0.042105 0.239933 -0.000080 -0.163873 -0.061926 0.000031 0.021634 0.336032 0.046899 0.000003 0.000034 0.035530 -0.000218 0.224462 -0.182186 0.000197 -0.176631 -0.076270 0.137293 0.066357 0.209814 -0.065138 -0.145998 0.000015 0.185647 0.378590 -0.156258 0.176653 0.328687 0.000140 -0.536054 -0.000071 0.246474 0.000042 -0.199610 -0.000096 0.000321 0.516912 0.000011 -0.005646 -0.343297 -0.125001 -0.058545 0.000089
0.062363 -0.000069 0.075551 0.080852 -0.438065 0.182054 -0.000020 -0.143413 -0.174569 0.223532 0.000297 0.191257 -0.225318 -0.216100 0.000049 0.267924 -0.006323 0.068956 -0.000263 -0.317106 0.091106 -0.000046 0.037918 0.201693 0.078191 -0.000215 0.000017 0.120195 -0.000065 -0.089719 -0.321021 -0.000149 0.021595 -0.162835 0.213196 0.108763 0.019551 -0.195471 -0.220476 -0.000151 -0.244654 0.327209 0.013483 0.142093 0.034050 -0.000036 -0.274546 -0.000179 0.366818 -0.000122 0.342724 -0.000102 -0.000216 0.156348 -0.000039 -0.005963 -0.314099 0.071464 -0.001157 -0.000021
-0.270229 0.000004 0.087869 0.101001 -0.017645 0.118783 0.000067 -0.037937 0.045520 0.017479 -0.000100 0.205459 0.012187 -0.039258 0.000018 -0.137565 -0.039785 0.175176 -0.000288 0.026941 -0.025039 0.000103 0.034614 -0.119284 0.076390 -0.000017 -0.000195 -0.274508 -0.000004 -0.257111 -0.405958 0.000158 0.340279 -0.459834 0.296183 0.107022 -0.097865 -0.029153 0.287658 -0.000103 -0.338894 -0.018460 0.216961 -0.059667 0.296597 0.000011 -0.640261 -0.000257 0.133281 -0.000091 0.335799 -0.000016 -0.000048 0.174281 -0.000003 -0.004274 0.224991 0.073620 0.192241 -0.000083
0.259297 -0.000098 0.028226 0.102501 -0.281561 -0.389976 0.000066 -0.287944 0.307586 -0.041618 -0.000201 0.225293 -0.279659 0.110621 0.000046 0.429628 -0.501086 0.064743 -0.000582 -0.374474 0.168445 0.000058 0.062036 -0.181570 0.118643 0.000153 0.000125 -0.066975 -0.000004 -0.333320 -0.009191 0.000036 0.014780 -0.028222 0.288239 0.160598 0.063329 0.162074 -0.097149 -0.000187 -0.271728 -0.079770 0.447249 -0.039824 0.014772 -0.000042 -0.040205 -0.000129 -0.107401 -0.000159 0.314311 0.000094 -0.000116 0.175010 -0.000080 -0.004879 0.303103 -0.089931 0.138370 0.000024
-0.005901 0.000043 -0.150959 -0.096124 -0.484953 -0.193279 -0.000039 -0.113692 -0.044144 -0.016653 -0.000254 0.029367 0.000766 -0.056679 0.000038 0.067170 0.046676 0.102006 -0.000331 -0.070986 -0.013358 0.000047 0.069495 -0.066171 0.127391 0.000158 0.000044 -0.015940 -0.000157 0.225090 -0.031678 -0.000005 0.344128 0.280583 -0.053778 0.171741 0.140453 -0.108691 -0.006538 -0.000120 0.068990 -0.226396 0.346988 0.009848 -0.040299 -0.000004 0.004414 -0.000176 -0.130641 0.000051 0.122760 -0.000075 -0.000161 0.184697 0.000173 -0.004390 0.117670 -0.055215 0.246303 -0.000102
-0.070519 -0.000085 -0.189631 -0.084305 0.067363 -0.070354 -0.000365 -0.248731 -0.012007 -0.017716 -0.000187 -0.135458 0.090000 -0.038336 -0.000043 0.007357 0.092100 -0.107221 -0.000577 0.346267 -0.114821 -0.000067 0.053907 0.030273 0.105000 0.000048 0.000050 -0.125608 -0.000045 0.120486 0.072146 0.000153 0.286450 0.473185 -0.032274 0.144184 0.291192 -0.261716 0.155509 0.000217 -0.580741 -0.131843 -0.292786 -0.214755 -0.468301 0.000087 -0.296161 0.000106 0.078438 -0.000225 -0.201820 -0.000138 0.000029 0.068549 0.000166 -0.004096 0.310079 -0.062296 -0.232223 0.000009
-0.202077 -0.000030 0.002637 0.428818 0.086596 -0.097569 -0.000035 -0.150280 0.398544 -0.000644 0.000160 0.007547 0.019655 -0.047596 0.000027 0.046880 -0.208955 -0.406296 -0.000660 0.260868 -0.231618 -0.000014 0.043267 0.139981 0.085728 -0.000147 -0.000062 -0.185021 0.000129 0.066283 0.560886 0.000226 -0.304689 0.277102 -0.029843 0.115855 -0.003661 0.002889 0.160890 0.000062 0.052982 0.333363 -0.306885 -0.435832 -0.341954 -0.000118 -0.196622 -0.000269 0.131855 -0.000218 -0.024455 -0.000095 0.000049 0.093011 -0.000079 -0.004842 -0.286542 0.299359 -0.309765 -0.000080
0.114938 -0.000074 0.169365 0.235424 0.303656 0.009823 -0.000028 -0.064917 -0.021125 -0.200784 -0.000162 0.168731 0.007136 -0.197558 -0.000349 0.478420 0.127569 0.008491 -0.000420 0.165819 -0.212507 0.000048 0.059273 -0.073156 0.115147 -0.000058 -0.000005 0.193431 0.000052 0.092475 0.064840 -0.000257 -0.246989 -0.000644 0.047391 0.161117 0.209213 0.068482 0.208178 0.000013 0.087438 0.630570 -0.036259 -0.120769 -0.240947 0.000003 0.108758 0.000070 0.163997 0.000241 -0.274380 -0.000029 0.000353 0.171176 -0.000000 -0.003350 -0.264054 -0.020543 -0.219474 -0.000184
0.143188 -0.000100 0.146916 0.228198 0.305738 0.004970 -0.000038 -0.001190 0.274822 0.166457 0.000069 0.002301 -0.231747 0.020891 -0.000116 0.032673 0.237217 -0.005117 -0.000436 -0.027123 -0.178723 0.000053 0.018243 -0.023676 0.046254 0.000171 0.000121 -0.010655 0.000100 0.338519 -0.013704 -0.000162 -0.357484 -0.106705 0.305430 0.067350 0.419886 -0.035537 -0.020883 0.000130 -0.243743 0.160017 0.020793 -0.131205 0.000790 -0.000195 -0.277589 0.000054 0.034242 0.000099 0.033503 -0.000163 0.000188 -0.012496 0.000051 -0.005577 -0.298112 -0.060632 -0.002163 0.000027
-0.204808 0.000052 -0.281393 -0.006649 -0.031426 -0.065639 -0.000006 0.088079 -0.120017 0.102116 -0.000245 0.161722 -0.100358 0.178683 -0.000113 0.214027 -0.104227 -0.068936 -0.000474 -0.378147 0.069889 -0.000261 0.034804 0.189528 0.073140 -0.000018 -0.000061 -0.037341 -0.000231 -0.075239 -0.021238 0.000134 -0.219478 -0.188618 0.180738 0.103908 -0.159492 -0.011836 -0.016148 0.000405 -0.010265 0.110731 0.147091 -0.074838 -0.209311 0.000036 0.124211 0.000055 0.080750 -0.000018 0.322214 0.000280 -0.000068 -0.332364 -0.000053 -0.006282 -0.018029 -0.039947 -0.650294 -0.000181
-0.063585 -0.000132 -0.062467 0.197765 -0.051478 -0.009577 0.000046 0.177497 -0.240078 -0.334985 0.000121 0.001764 -0.036946 -0.281465 -0.000082 -0.039353 0.017385 0.025514 -0.000576 -0.079695 -0.090803 0.000006 0.044417 0.067169 0.081390 -0.000051 -0.000155 0.062600 -0.000054 -0.016055 0.308432 0.000024 0.078981 0.024863 -0.040825 0.107388 0.020677 -0.425944 -0.011580 0.000110 0.535887 0.127717 -0.115366 -0.054953 0.026317 -0.000026 0.080865 -0.000128 0.103007 0.000121 -0.070283 0.000049 0.000036 -0.240796 0.000219 -0.005204 -0.298013 -0.185876 0.030378 -0.000003
0.146470 -0.000024 -0.169262 -0.120393 0.205950 -0.482800 0.000051 0.013181 0.084254 0.065626 -0.000093 0.293860 -0.143909 0.183399 0.000104 0.091634 0.120246 0.259475 -0.000440 -0.009748 0.145977 -0.000106 0.024145 0.433793 0.048613 -0.000116 -0.000189 0.125903 -0.000101 -0.235001 0.181803 -0.000120 0.548383 0.031576 0.278254 0.064916 0.201335 -0.126026 -0.128833 0.000014 0.250811 -0.379615 -0.311531 -0.244407 0.323681 0.000027 -0.215687 0.000053 0.395524 0.000022 0.479648 0.000086 -0.000094 0.103310 -0.000171 -0.003611 0.054804 0.142724 -0.376096 0.000108
0.261247 0.000049 0.034422 -0.008469 -0.050387 -0.305933 0.000213 0.088523 0.178168 -0.171797 -0.000072 0.089309 -0.282738 0.128342 0.000102 0.091743 0.250289 0.071027 -0.000211 0.125876 -0.029267 -0.000051 0.051247 0.064318 0.094264 0.000024 -0.000128 -0.013988 -0.000004 -0.256418 0.364620 0.000035 0.580708 0.134887 -0.220922 0.127074 -0.288502 -0.013491 -0.205282 -0.000040 0.192663 -0.630281 0.043055 -0.533292 -0.228173 -0.000133 0.007938 0.000058 -0.037639 -0.000002 0.326576 0.000114 0.000102 -0.028084 0.000021 -0.001942 0.394563 -0.048994 -0.042862 -0.000114
-0.148088 -0.000150 -0.132025 -0.099983 0.202879 -0.087065 -0.000306 0.065625 -0.237495 -0.201301 0.000069 -0.072315 0.075686 0.096850 0.000278 0.130516 -0.244955 -0.230629 -0.000134 0.217016 -0.212135 0.000104 0.036432 -0.133864 0.069885 -0.000103 0.000174 0.059917 0.000085 -0.110391 -0.130484 -0.000150 0.178641 0.170434 0.038390 0.091339 -0.148833 -0.093472 -0.030155 0.000195 0.454104 -0.435995 0.000314 -0.502785 0.075263 -0.000106 0.235993 -0.000068 -0.192441 0.000256 0.065935 -0.000036 0.000139 -0.172702 0.000066 -0.004447 0.100420 0.166490 0.325049 -0.000009
-0.249694 -0.000081 -0.202625 0.071135 0.468397 -0.079279 0.000214 -0.068456 -0.000058 -0.322883 0.000202 -0.209567 0.296767 0.031875 0.000186 -0.155995 -0.001835 -0.032512 -0.000295 0.186922 -0.132532 0.000002 0.016859 -0.036312 0.042340 0.000030 0.000193 0.215960 0.000132 0.045714 -0.192806 -0.000032 -0.327349 0.169136 0.024891 0.057344 -0.359172 -0.193676 -0.054786 -0.000056 0.008672 0.265039 -0.208629 0.069321 -0.349837 0.000077 0.020570 -0.000056 -0.093484 -0.000038 0.004108 0.000013 -0.000104 0.010103 0.000032 -0.003178 0.163581 0.180820 0.042278 0.000074
0.077547 0.000103 -0.321297 0.065885 0.324351 0.072642 -0.000252 -0.120038 -0.020101 -0.012988 -0.000017 -0.110347 0.266484 0.048860 -0.000085 -0.342053 -0.193445 0.075600 -0.000193 -0.072914 0.005699 0.000049 0.034101 0.059980 0.068698 -0.000123 -0.000375 -0.084755 0.000051 0.213347 -0.038815 -0.000029 -0.448177 -0.184844 0.219576 0.090905 -0.049682 0.467144 -0.187595 0.000177 -0.579172 0.230358 0.177355 -0.002568 -0.377809 -0.000024 0.195567 0.000058 0.005613 0.000059 0.284872 -0.000008 -0.000150 -0.188373 0.000127 -0.003149 0.488727 0.102660 0.181287 -0.000082
0.088216 0.000129 -0.278555 0.504311 0.097550 0.396125 -0.000051 -0.030463 0.041672 -0.052303 -0.000047 -0.217120 0.168808 -0.309017 -0.000036 -0.212349 -0.001935 -0.341941 -0.000595 -0.186317 0.058712 0.000091 0.057466 0.006805 0.105335 -0.000049 -0.000070 0.044424 -0.000158 -0.071431 -0.085558 -0.000188 -0.047375 -0.552646 -0.289543 0.140132 0.118433 0.038146 -0.296159 -0.000103 0.122475 -0.080313 -0.196027 -0.159333 0.271643 0.000025 -0.319775 -0.000135 0.056910 0.000311 0.139205 0.000223 -0.000095 -0.095544 0.000113 -0.003307 -0.275269 0.206271 0.311063 -0.000039
0.150098 -0.000015 -0.116456 -0.297039 0.102100 0.171813 -0.000148 -0.114473 -0.203295 0.222028 -0.000309 -0.223984 0.215412 -0.240884 0.000031 -0.352572 0.001944 0.448363 -0.000230 0.049280 -0.000904 -0.000212 0.045765 -0.065972 0.087146 -0.000045 -0.000036 -0.152038 0.000091 0.112457 -0.247408 -0.000082 0.004977 -0.212148 0.071995 0.118391 -0.228627 0.474136 -0.034727 -0.000105 -0.250942 0.114423 -0.483421 0.031556 0.195896 0.000040 0.059825 0.000043 0.008154 0.000365 0.380953 0.000041 0.000191 -0.060072 -0.000017 -0.004546 -0.214271 0.036589 0.242544 -0.000033
-0.402625 0.000038 -0.211858 -0.166150 -0.096575 -0.445349 0.000016 -0.026764 0.000556 0.128302 0.000096 -0.049221 -0.232821 -0.130430 0.000021 -0.202301 -0.048153 0.096066 -0.000152 -0.081724 -0.262061 -0.000019 0.056316 -0.052429 0.101533 -0.000016 -0.000130 -0.148173 -0.000150 -0.129176 -0.098494 0.000099 -0.015675 0.063927 0.295458 0.133605 0.320417 -0.064913 0.378519 -0.000052 -0.058774 0.167736 -0.031882 -0.180593 -0.153730 0.000071 0.178108 -0.000059 -0.046656 -0.000042 0.307882 0.000060 0.000049 -0.349152 0.000038 -0.004092 -0.145501 0.173984 0.081742 0.000044
-0.277681 -0.000124 -0.278214 -0.530095 -0.401774 0.016244 0.000246 -0.097785 -0.208981 -0.525489 -0.000024 0.007880 -0.169881 -0.033549 0.000111 -0.201364 -0.144362 0.266266 0.000076 0.128822 -0.288870 0.000170 0.030958 -0.181092 0.058617 -0.000083 -0.000132 0.384532 0.000006 -0.156064 0.201475 -0.000170 0.344469 0.080243 0.308663 0.073818 -0.105739 -0.146846 0.002577 -0.000102 -0.079705 -0.298416 -0.296691 -0.043008 -0.023866 0.000013 -0.144348 0.000004 0.033470 0.000111 0.211533 0.000045 -0.000127 -0.178435 0.000005 -0.003841 0.068230 0.037719 0.036460 0.000163
