-0.004217
-0.049522
0.008635
0.000702
0.021953
0.015087
-0.001359
0.017551
-0.003515
-0.000354
-0.000253
0.016269
0.011669
-0.003565
0.021899
-0.016424
-0.003551
-0.000712
-0.000299
0.014023
0.014045
-0.048066
-0.016061
0.026689
-0.000769
0.049097
-0.019658
-0.004575
-0.000511
-0.041011
-0.001728
-0.004540
-0.003981
-0.000756
0.018672
-0.000444
-0.003936
-0.001171
-0.000148
-0.000254
-0.047189
0.023243
-0.002485
-0.000946
0.019319
0.011484
-0.000248
0.002210
-0.042497
0.015421
-0.000321
0.002806
0.011882
-0.000268
0.054279
0.003684
0.010558
0.019623
-0.000300
-0.000047
-0.000885
-0.028800
0.022443
0.004146
0.003680
-0.000552
-0.021175
-0.003201
-0.001318
0.010238
-0.033764
-0.044414
-0.031145
0.008513
0.012341
-0.031845
-0.001962
-0.001951
-0.001539
0.010608
0.011426
-0.010920
-0.006172
-0.026641
-0.012446
-0.003653
-0.009234
-0.008080
-0.005385
-0.002453
-0.010407
