-0.011958 -0.087387 -0.223293 -0.097369 0.118128 0.084713 -0.145231 -0.163129 0.118943 -0.214190 0.138538 -0.142149 -0.252791 -0.253344 -0.372738 -0.641218 -0.209787 0.289801 -0.000709 -0.201413 0.006191 -0.186454 -0.033212 0.041077 -0.289296 -0.027242 0.055408 0.056319 -0.187388 -0.188296 0.021528 0.075233 -0.257800 -0.231780 0.263647 -0.019150 -0.483652 -0.070616 -0.116758 0.000151 0.015007 0.026964 0.365265 0.015953 0.041980 0.020404 -1.004246 0.141612 0.112157 0.111728 -0.174002 -0.024390 -0.143048 -0.091748 -0.007996 -0.108247 -0.287278 -0.192746 0.103929 -1.649462
0.004305 0.060418 0.163054 0.017393 -0.136259 0.097452 -0.015183 0.175350 0.058789 0.023499 -0.157415 -0.116924 0.156768 -0.147197 -0.081549 0.177547 0.157825 -0.100531 0.014749 0.095114 0.166580 -0.159413 -0.139030 0.158613 0.103686 0.044656 0.024569 0.139617 0.175784 0.153149 -0.070822 -0.000946 -0.011340 0.149466 0.078560 0.136620 0.183010 0.043906 -0.030110 0.115781 -0.142675 0.136138 -0.023846 0.103746 -0.067141 0.133393 -0.029478 0.120256 -0.103359 0.150484 -0.188290 -0.047039 0.099523 -0.105894 -0.189918 -0.049939 -0.111014 -0.110827 -0.152514 -0.110848
-0.077358 -0.020865 0.088649 -0.291139 0.058008 -0.321130 -0.179659 -0.093374 0.120234 -0.191890 -0.563013 0.154377 0.487556 0.282940 -0.250883 0.815183 0.104287 0.705925 -0.081408 0.161150 -0.460861 -0.365741 -0.161708 0.093513 0.335508 -0.018295 -0.038469 -0.315251 0.031182 -0.218334 0.216309 0.002459 0.136566 0.011005 -0.428002 -0.037592 0.374417 -0.062540 0.451685 -0.534375 -0.272328 0.000453 -1.124120 -0.137421 -0.099648 -0.354495 0.581239 -0.369507 -0.439025 0.149957 -0.269143 -0.151902 -0.189365 -0.406896 -0.004365 0.111798 -0.039989 -0.417671 0.086482 0.480737
0.182519 0.157552 0.038804 0.056914 0.025618 0.041969 0.154219 -0.155056 0.185948 -0.109837 0.055398 0.103573 0.101847 0.086388 -0.092845 -0.044077 0.080895 -0.133461 0.000917 0.205418 0.087660 -0.049135 0.029497 0.184868 -0.007509 0.036370 0.182133 0.061707 0.177111 -0.073824 -0.193424 -0.132965 0.021831 0.163179 -0.174158 -0.010366 0.002868 -0.092013 -0.118212 -0.071467 -0.064343 -0.072302 -0.151584 -0.025244 0.171782 -0.149118 0.150797 -0.045833 -0.174952 -0.156727 -0.042210 -0.049540 -0.006072 0.187146 0.027062 0.049288 -0.185566 0.176255 -0.078383 -0.094308
0.588358 0.004090 -0.101293 0.589090 -0.115912 1.247887 -0.177639 0.707005 -0.034261 1.335269 1.021706 0.045043 -0.865419 -0.357033 0.964510 0.718196 1.079891 1.702920 0.625647 0.835483 0.924571 0.332311 0.700043 0.090155 -0.260782 0.050475 -0.087252 1.075281 -0.073404 0.745527 -0.769268 -0.121996 0.727514 -0.008570 0.382874 -0.026351 -0.389136 0.519048 0.839191 1.060711 0.543143 0.089219 0.606272 -0.084737 -0.323814 0.491352 0.299033 0.401503 1.714312 -0.157169 0.570286 -0.095705 -0.089782 0.707683 -0.034940 -0.018876 1.152621 0.673916 0.050700 1.281141
-0.063479 0.020769 0.091708 -0.039372 -0.077273 0.122043 -0.186553 0.133515 -0.121468 0.168653 -0.050048 -0.021342 0.027878 0.044468 0.094519 0.069179 0.162005 -0.114692 0.000232 0.106282 0.047821 0.189802 0.003793 0.083946 0.074639 -0.118721 -0.032840 -0.015790 -0.011530 0.120485 0.009257 -0.202791 0.165149 0.134026 -0.148548 -0.158300 0.088456 -0.010611 0.038125 0.152637 -0.142447 0.008491 -0.041592 -0.125103 -0.039025 0.133412 -0.198571 -0.037033 -0.030857 0.064842 0.116764 0.075291 -0.063917 0.175505 0.027272 0.093099 -0.057921 0.236407 0.015667 0.285562
-0.791371 0.150308 -0.010257 0.097000 0.007161 -0.347531 -0.018596 -0.542982 0.028741 -0.226205 -1.256661 -0.076277 0.416668 0.142847 -0.102847 0.634755 0.017478 0.439151 -0.196693 0.154268 -0.380935 -0.188598 0.071423 -0.172428 0.304250 -0.175264 0.060863 -0.252979 -0.050029 -0.353242 0.172912 -0.202230 -0.208321 0.194975 -0.343518 -0.081019 0.242477 -0.113872 0.394686 -0.286355 -0.049544 -0.161267 -1.201897 -0.165428 0.107242 -0.022554 0.311466 -0.645773 -0.641196 -0.084162 0.023580 -0.010217 -0.066618 -0.404090 0.115472 0.143271 -0.233537 -0.285087 -0.084148 0.378228
0.179866 0.096266 0.133936 -0.105725 -0.159762 -0.216077 0.141547 0.042714 -0.030963 0.013659 0.007568 0.157676 -0.047391 0.210251 -0.076088 0.137810 -0.175052 -0.043902 0.102519 -0.072756 0.089308 -0.116181 -0.147735 -0.004627 -0.147815 0.022406 -0.107737 0.160110 -0.125420 0.201260 -0.160993 -0.128014 -0.068867 0.212970 -0.065373 0.110618 -0.090674 0.062997 0.191376 0.165154 -0.092858 -0.114533 0.029422 -0.172260 0.120045 -0.013351 0.161909 0.124529 0.205876 0.131897 -0.138590 0.072251 -0.030443 -0.066184 -0.172019 0.145972 -0.014383 -0.029424 0.073886 0.085505
-1.028798 0.015356 -0.155669 -0.904843 -0.131001 -0.587202 0.044116 -0.472903 0.068603 -0.010735 0.142576 0.116982 -0.178831 -0.260313 -0.786061 0.642080 -0.246406 -0.469146 -0.919006 -0.947527 -0.003705 -0.421993 -0.971194 -0.003698 -0.280586 -0.148234 -0.133664 0.038500 0.071903 -0.245313 -0.343103 0.107778 0.120336 -0.309034 -0.689405 -0.082550 -0.384560 -0.894648 0.794453 0.126486 -1.094361 -0.084876 -0.190684 -0.065297 -0.139395 -0.018169 -0.075859 0.412726 0.068350 0.006783 -0.876345 -0.125700 -0.076312 -0.583123 0.000816 -0.071037 0.142260 -0.101580 -0.033115 -2.975805
-0.065833 -0.058398 0.101802 0.100068 0.191648 -0.023539 -0.045044 0.213189 0.003086 -0.019496 -0.005447 -0.054061 0.109910 -0.138841 0.157072 -0.051432 0.107397 0.179982 -0.155479 -0.134550 0.154180 -0.173839 0.024225 -0.158579 0.032883 0.004472 0.048739 0.173342 0.064605 -0.108785 -0.025811 0.001743 -0.132584 0.065750 0.094997 0.169354 -0.023909 0.065147 -0.116665 0.173084 -0.153685 -0.037888 0.048915 -0.068361 0.015114 -0.084242 0.004015 -0.203821 -0.184024 -0.080245 0.151633 -0.116414 0.172401 -0.098517 -0.009530 -0.121807 0.022542 -0.142652 -0.196742 0.127869
0.041963 -0.035924 -0.135814 0.064210 -0.074609 0.081510 0.081386 0.060194 0.134718 -0.147849 -0.095333 -0.186553 -0.094164 -0.205044 -0.132264 -0.035453 0.134076 -0.111011 -0.183810 0.066535 -0.074738 -0.107670 0.111073 -0.090054 0.007679 0.027255 -0.154969 -0.174932 -0.181765 0.012216 0.122775 -0.163159 0.134730 -0.115266 0.032529 0.119546 0.070057 0.107809 0.095867 -0.088631 -0.184593 0.158790 -0.063395 0.017941 -0.192289 0.176189 -0.075016 0.145521 -0.075342 -0.010246 0.137291 0.178764 0.087935 0.046297 0.158866 -0.015687 -0.178830 -0.172105 0.153516 -0.161347
0.045210 -0.070247 0.190532 -0.104385 -0.121571 0.105726 0.120632 -0.063018 -0.083609 -0.031185 -0.117506 0.156280 0.110559 0.157188 -0.045501 0.145371 0.159304 -0.046084 0.170465 -0.166754 -0.039488 0.069017 0.016885 0.049272 -0.092181 -0.147466 -0.009562 -0.164688 0.140666 -0.130879 -0.056484 0.066054 0.101406 0.145477 -0.129683 -0.024380 -0.037427 -0.059596 0.037405 0.023759 0.078507 -0.090538 -0.143201 -0.075081 -0.149981 0.082537 0.113010 -0.101068 -0.065483 -0.030913 0.085380 0.127033 0.161313 -0.109511 -0.095274 -0.039022 0.184183 0.079626 -0.066482 0.173352
-0.079725 0.171587 0.052828 0.071389 0.187855 0.122924 0.185978 -0.029872 -0.091513 -0.014122 -0.075861 0.045839 0.026381 0.078130 -0.122095 -0.144720 0.054277 0.116166 0.023959 -0.042048 -0.147585 -0.009776 0.141372 0.119266 0.018697 -0.164608 0.160535 -0.007750 -0.142527 0.164194 0.022986 0.031721 0.055804 0.081540 -0.032509 0.023837 -0.178598 0.016127 -0.086496 -0.025386 0.004413 0.133348 0.127408 -0.042095 0.135085 -0.094961 0.034848 -0.060789 0.189032 0.112541 0.027859 0.112605 0.135436 -0.128184 -0.092727 -0.066450 -0.105874 0.085419 0.176090 0.025322
-0.138997 -0.191597 -0.188845 0.070280 -0.045607 0.205968 -0.045283 -0.022479 0.175701 0.092351 0.086163 0.135127 -0.099487 -0.134591 -0.037228 0.103537 -0.143646 0.129731 -0.084529 -0.118370 -0.133147 0.157706 0.028625 -0.029947 0.107373 0.104094 -0.146471 -0.107212 0.151637 -0.139974 -0.105488 -0.017640 -0.103971 0.153569 -0.150714 0.045354 0.066647 0.188376 0.088517 -0.043473 0.108385 0.077833 -0.156473 0.051025 -0.014742 0.107483 0.140704 -0.082147 0.119244 0.146572 -0.009324 -0.049089 -0.054575 0.190409 0.061497 -0.033510 0.082922 0.071253 -0.101900 -0.011421
-0.057363 -0.009614 -0.041885 0.016955 -0.107324 -0.036740 -0.182107 -0.276758 -0.170126 0.032702 0.259925 0.031991 0.205222 0.290355 0.187457 0.289378 0.254416 -0.602451 0.279319 0.183050 0.104178 0.291650 0.215677 -0.056258 0.443508 -0.025021 -0.110048 0.229321 -0.154668 0.111539 0.317760 0.094938 0.162999 -0.037674 0.288371 -0.085066 0.121508 0.224935 -0.135461 0.240851 -0.219581 -0.137203 -0.179675 -0.018006 0.054870 0.117611 -0.045257 -0.177649 0.185196 0.018808 0.210617 -0.070270 -0.157999 0.372225 0.156247 -0.213265 -0.019654 0.243011 -0.109404 0.129753
-0.246868 -0.091045 0.075668 0.130344 0.107839 0.010189 -0.156117 -0.330410 -0.102971 -0.236041 -1.202680 0.071033 0.026723 -0.264520 0.017040 0.325670 -0.150760 0.619960 -0.204640 -0.168826 -0.182499 -0.263395 -0.163585 0.122547 -0.076273 0.110360 -0.011799 -0.297390 -0.012658 -0.026407 0.141943 0.034402 -0.140941 -0.076140 -0.063989 0.135130 -0.263176 -0.143891 0.524366 0.094590 0.043629 0.004882 -1.478875 0.065969 0.052580 -0.253991 0.214140 -0.879344 -0.809403 0.047054 -0.009212 0.100395 -0.040177 -0.262449 0.152823 -0.192752 0.120131 0.035690 -0.176490 0.341940
-0.098782 0.068194 -0.191983 -0.030390 -0.019173 -0.135583 -0.121554 0.182628 -0.026648 -0.009649 -0.142069 0.128557 0.074912 0.179902 -0.069239 0.085274 0.130467 0.106187 -0.105280 -0.041114 0.046172 0.049842 0.172460 -0.121454 -0.078773 -0.102568 0.180648 -0.107245 -0.088058 -0.122295 -0.037531 0.185505 0.149758 0.055714 0.110188 -0.023916 -0.085060 0.023285 -0.011097 -0.108029 -0.126337 0.038075 0.083961 -0.087145 0.014738 -0.083418 0.026525 0.043350 0.210825 0.141147 -0.039768 0.171361 -0.117378 0.157018 -0.134726 0.067632 0.133304 0.096867 0.031867 -0.168132
0.023361 -0.159305 0.055628 0.174836 0.129173 -0.173110 -0.191372 0.012939 0.004269 -0.143621 -0.126539 0.134321 0.042800 -0.173366 -0.069231 0.158385 0.034304 0.116408 0.007384 -0.183996 0.089158 0.002391 0.070560 -0.181257 0.101278 0.123582 0.152613 0.184882 0.074872 0.006413 0.102038 -0.175280 -0.077027 -0.101322 -0.046361 0.025742 0.083150 -0.030068 -0.176233 -0.067267 -0.173229 -0.030303 0.022690 0.014288 0.067960 -0.084755 -0.124150 -0.056141 0.110993 0.176619 -0.167309 -0.192696 0.014627 -0.042275 -0.108417 -0.009064 -0.049730 0.002725 0.029096 0.187507
0.071628 -0.116984 -0.210195 -0.286967 0.070309 -0.208685 -0.029388 0.058548 0.004490 0.082339 0.090116 -0.075608 -0.175292 -0.081515 0.035404 -0.243237 -0.273162 0.047951 -0.065000 -0.239602 0.006907 0.086044 -0.135524 0.138689 -0.145059 0.089985 -0.201570 -0.146598 0.163758 0.033826 -0.063071 0.061705 -0.021610 -0.174389 0.015887 0.077699 -0.235015 -0.007406 0.030602 0.099412 -0.061839 -0.087282 -0.031333 -0.028485 -0.106584 -0.026037 -0.152806 -0.064067 -0.284251 -0.184362 -0.104487 0.050208 -0.028895 0.060110 0.109306 -0.030459 -0.121487 -0.141644 0.155565 -0.027825
0.083893 -0.122640 0.061621 -0.049512 0.129413 0.129511 -0.068049 -0.092539 -0.095995 0.007935 0.065194 -0.176613 0.003491 0.045927 -0.004305 0.131777 -0.191079 0.050793 -0.119849 0.157639 -0.038809 -0.023671 -0.202480 -0.234040 0.037989 0.101132 -0.015236 0.176671 0.115120 -0.081002 0.083976 -0.063370 0.167411 -0.042404 -0.102035 -0.120387 -0.083043 0.032305 -0.113594 -0.215924 -0.162408 0.014516 -0.131176 0.000387 -0.085745 0.010495 0.134717 0.116069 0.182496 -0.082878 0.104860 0.063284 0.023337 -0.036270 -0.096613 -0.058573 0.101995 0.008627 -0.029736 0.204827
-0.141154 -0.043781 0.091225 -0.143670 0.122036 -0.139298 -0.111035 0.143432 -0.126583 -0.002514 0.160686 -0.074605 -0.142896 -0.134087 0.154179 -0.040186 -0.161332 -0.138396 0.067761 -0.134021 0.048202 0.123151 0.192006 0.149037 0.138632 -0.048242 0.104659 0.050914 0.023267 -0.043102 -0.181094 0.138807 -0.049306 -0.084904 0.152968 0.166230 -0.049760 0.124992 0.124532 -0.143300 -0.053002 0.185847 -0.106373 -0.139170 -0.112508 0.185138 -0.012954 -0.053381 -0.138632 0.056818 0.117443 -0.023015 -0.089163 -0.059780 0.087670 0.026075 0.031347 -0.078468 -0.140672 0.175291
-0.196421 0.094857 -0.204077 0.087417 -0.012607 0.047992 -0.018410 -0.195378 -0.054847 -0.021964 -0.014441 -0.211677 -0.113165 -0.327444 0.033915 -0.267299 0.098582 0.256981 -0.247792 -0.151177 -0.048936 0.022306 -0.242623 -0.135031 -0.233399 0.019006 -0.116544 0.046503 0.019317 -0.189445 -0.417482 -0.028673 -0.275566 -0.329846 0.184931 0.084194 -0.105094 0.010647 -0.049027 0.106409 0.045087 -0.065676 0.441184 0.069733 0.129304 0.030226 -1.011708 -0.000551 0.105297 -0.188069 -0.025788 -0.108682 0.021806 -0.065938 0.119388 -0.059311 0.034827 -0.029142 -0.105012 -1.630075
-0.122185 -0.011655 -0.105525 0.148478 0.047725 0.449973 -0.169953 -0.149134 -0.178250 0.437798 0.387671 -0.093130 0.003707 -0.049337 -0.013976 0.390048 0.411693 0.292725 0.037634 -0.128615 0.022956 -0.157989 0.234915 -0.063746 0.157717 0.089185 0.035762 0.015908 -0.100461 0.231557 0.215670 0.083592 0.137855 0.092973 0.219901 -0.189279 0.046424 -0.181877 0.514057 0.257792 -0.242238 0.174481 0.703726 -0.137669 -0.184415 0.209622 -0.679032 0.246482 0.374305 0.055436 0.048938 0.086561 -0.115616 0.209755 0.047890 -0.219941 0.514494 0.313394 0.118849 -0.956669
0.157904 0.162804 -0.090720 0.052698 -0.133973 0.047111 0.137671 0.027238 -0.175917 -0.029709 -0.111737 0.015622 0.078780 0.096168 -0.104431 -0.052647 0.010806 0.109196 0.100396 -0.135925 0.066789 -0.171799 -0.109934 -0.080400 0.141996 0.153892 0.088714 -0.119036 -0.070159 0.108227 0.087637 0.089346 0.114281 -0.169636 0.009475 -0.044478 -0.058916 0.164604 -0.063276 -0.073488 -0.151775 0.008085 -0.115137 -0.000239 -0.102710 0.053198 -0.130721 -0.117327 -0.072000 0.172706 -0.144760 0.178954 0.022734 0.029866 0.096721 -0.093225 0.135184 0.187653 0.119370 -0.093274
0.027271 -0.054452 -0.007391 0.173232 -0.197533 -0.212280 -0.086039 0.112553 0.106812 -0.137962 0.117711 0.133414 -0.234147 -0.228166 0.338475 0.417721 -0.514546 -0.535208 0.127998 -0.021373 -0.357166 -0.374452 0.220560 -0.202061 -0.157292 0.066547 -0.031092 -0.348379 -0.051838 -0.291942 -0.414737 -0.171297 -0.161608 0.034935 0.037426 0.125957 -0.079423 -0.072559 0.705346 -0.543666 0.405141 -0.082056 0.123380 -0.093727 -0.204979 -0.419230 -0.329002 0.647618 0.014318 -0.104556 0.148773 0.043842 0.187310 -0.005307 0.017959 0.038472 -0.322036 -0.350413 -0.245474 -0.506569
0.035066 -0.139192 -0.145417 -0.083454 0.007446 -0.250833 0.107351 0.025402 0.108410 0.121420 -0.230030 -0.197881 0.036639 -0.142755 -0.318260 -0.183698 -0.154001 -0.263203 0.093603 -0.043029 -0.128371 -0.123494 0.127981 0.010694 0.014657 -0.194680 0.136655 0.095182 -0.197940 -0.054247 -0.199467 0.030639 -0.094192 0.182037 0.127561 0.176517 -0.205706 -0.221903 0.069930 0.130871 0.012396 -0.045559 -0.082200 0.124112 0.112579 -0.001935 -0.048193 0.141559 0.032857 0.038492 0.166052 0.097641 -0.112134 -0.116395 -0.103980 0.142994 -0.126342 -0.100997 0.141885 0.037184
-0.110426 -0.096642 0.047410 0.024714 0.174386 -0.031129 0.096536 0.059462 -0.061787 0.083495 0.027773 -0.166544 0.171167 0.184135 -0.008456 -0.006710 -0.089418 -0.080470 0.020916 -0.031902 0.069732 0.035350 0.183523 -0.169352 0.064037 -0.119352 0.012853 -0.152773 -0.105774 0.112659 -0.108644 -0.158674 0.076066 -0.076689 -0.024316 -0.030761 0.158546 0.192889 0.055559 -0.007594 0.023126 -0.024568 -0.012169 0.138973 -0.170403 0.177948 -0.025172 -0.170926 -0.084803 0.144891 0.065286 -0.083053 0.054768 0.120983 0.010641 0.060893 -0.155012 -0.171302 0.038272 0.074979
0.141586 0.112284 0.023436 0.146810 -0.053278 0.066416 0.076403 0.115232 -0.081579 -0.117273 -0.027512 -0.268099 0.098948 0.084834 0.046245 0.115384 -0.046768 -0.033278 -0.056166 -0.113988 0.014998 -0.125384 -0.117247 0.141535 0.001779 0.028637 -0.067959 0.082271 -0.169792 0.129850 0.141929 0.015647 -0.130705 -0.108587 0.094600 0.115170 -0.071068 0.029310 -0.071628 -0.061480 0.152491 0.117573 -0.132211 0.139793 -0.081381 -0.223555 -0.054567 -0.195342 0.055765 -0.083617 0.014924 0.101022 -0.190360 -0.088094 -0.061086 -0.132095 0.130655 0.060579 -0.232540 -0.067759
0.061516 -0.148175 0.141538 0.024690 -0.072775 0.115309 -0.041860 0.360719 0.017106 0.011148 0.055000 0.043428 -0.155374 0.271318 -0.026686 -0.464642 -0.094067 0.594762 -0.122481 -0.162145 -0.355206 -0.320241 -0.194718 -0.157585 -0.116950 -0.048565 -0.043310 -0.307590 0.052924 -0.235494 -0.151687 0.037936 -0.031277 -0.089821 -0.361036 0.015361 0.045747 -0.254278 0.341105 -0.503604 0.183792 -0.141341 0.299801 0.046786 -0.208649 -0.065521 -0.634364 0.400002 0.032575 0.078435 -0.233567 -0.027051 0.048212 -0.340678 0.063065 -0.269132 0.034246 -0.367713 -0.223874 -1.781623
-0.006324 0.165053 -0.104153 0.068020 -0.096782 0.095354 0.023067 0.155706 -0.027310 0.118639 -0.046889 0.067630 -0.004328 -0.042576 -0.123030 0.065116 0.086356 -0.011969 -0.078875 0.112136 0.168902 -0.000144 -0.165936 -0.102162 0.183382 0.129531 0.098662 -0.058808 0.097400 0.097111 0.074813 -0.129715 0.031901 -0.169727 -0.058637 0.120663 -0.132932 -0.055391 0.087886 0.160921 -0.065833 0.030218 0.057777 -0.005517 -0.013500 0.019614 0.028146 -0.020969 0.105731 -0.071465 -0.056637 0.050920 -0.069070 0.037338 0.190396 -0.079873 -0.134562 -0.063093 0.168058 0.068134
0.127806 -0.162517 0.154669 0.193467 0.145586 -0.189519 0.071329 0.145908 0.080436 -0.097230 -0.100846 -0.053126 0.034275 -0.126101 -0.170705 0.019903 -0.128317 -0.170603 0.105481 0.066316 -0.117177 0.073320 -0.042638 -0.030128 0.139537 -0.185957 0.115908 -0.098838 -0.180304 0.082734 -0.117515 -0.078412 -0.169707 0.021036 -0.019709 0.188661 -0.174599 -0.043396 0.094966 -0.153543 0.170083 -0.024389 -0.045665 0.148654 -0.009892 0.100458 0.193026 -0.017076 -0.128082 -0.178086 0.093934 0.041100 0.124631 0.047928 0.134934 0.086174 0.114774 0.027415 -0.056062 0.050378
0.008281 -0.007039 0.092170 0.191762 0.191479 -0.112770 0.048555 -0.018747 -0.049049 -0.168397 0.091323 0.129120 0.030351 -0.038220 -0.185234 -0.158281 0.012742 -0.109171 -0.190872 -0.007128 -0.000941 -0.008807 0.163914 0.167039 0.100210 0.105759 -0.030733 -0.185252 -0.014112 0.135571 0.135812 0.178429 0.008556 0.155181 -0.190996 -0.082901 0.073181 0.014398 0.140265 -0.148008 0.012997 -0.082979 -0.124453 -0.034031 -0.138904 0.175928 0.124730 0.174398 0.190039 -0.139176 0.014018 -0.001303 -0.142069 -0.090915 0.079516 -0.070675 -0.135102 0.128188 0.015484 -0.180230
0.036799 0.098979 -0.176310 0.102944 -0.119887 0.098647 0.181878 0.108456 -0.089457 -0.068520 0.387161 -0.262048 0.112876 0.203893 0.083520 0.072842 -0.101527 0.143635 -0.081104 0.129761 0.115973 0.121869 0.066359 -0.025515 0.216713 0.048587 -0.046011 0.005186 -0.191357 0.119908 0.116911 -0.019078 -0.055587 0.209884 0.147172 -0.154335 0.212493 0.038498 -0.126250 0.152641 -0.039936 -0.005819 0.060261 0.040843 -0.055662 0.253946 0.187264 -0.135409 0.418308 -0.055825 0.031980 0.040583 0.150240 -0.072492 0.039200 -0.013029 0.034603 -0.054138 0.038830 -0.024368
-0.140538 -0.089977 -0.076776 0.094970 -0.050323 0.119638 -0.018687 -0.038921 0.182349 0.128704 0.070859 -0.144050 -0.176107 -0.089917 0.111227 -0.162432 -0.056834 -0.089340 0.104518 -0.127125 0.144056 0.125616 0.138531 -0.086389 0.069724 0.044344 0.064389 -0.036084 0.043086 -0.034308 -0.076258 -0.123777 -0.090842 -0.106993 -0.189705 -0.066920 -0.177783 0.089208 0.008237 -0.153017 0.158683 -0.036289 -0.136929 0.001392 -0.150229 0.139035 -0.020667 -0.125295 0.026244 -0.155323 0.101816 -0.031780 0.146241 -0.173945 0.158261 0.137786 0.140755 0.083355 0.174270 0.192959
0.258529 0.113089 -0.176452 0.187667 0.164498 0.481102 0.160657 0.259573 -0.140136 0.426764 0.414523 -0.115963 -0.333367 -0.122289 0.092560 0.686516 0.423541 0.806605 0.155128 0.148633 0.289717 0.257534 0.071845 0.018695 -0.296187 -0.127108 0.164155 0.438690 -0.054370 0.447550 -0.287962 0.159685 0.247079 -0.082426 -0.320716 -0.048158 -0.012168 0.261161 0.116386 0.151476 0.152178 0.018042 0.496133 -0.118193 -0.074086 -0.021243 -0.085166 -0.056388 0.554389 -0.137247 0.342112 -0.081873 -0.126153 0.114590 0.071477 -0.116374 0.302794 0.166536 -0.106013 1.044664
0.125266 -0.143504 0.042268 -0.094825 0.025899 0.072760 0.108980 0.017200 -0.092301 -0.488920 0.129152 0.099724 -0.403686 -0.053388 0.085849 -0.521116 -0.186752 0.315346 -0.304106 0.066882 -0.378312 -0.330524 0.021715 0.005550 -0.352064 -0.094375 0.095149 -0.294693 0.135507 -0.426396 -0.442177 -0.047324 -0.340955 -0.201215 -0.011281 0.115991 -0.006344 -0.276774 0.876501 -0.544579 0.125619 0.119257 0.242026 -0.021157 -0.330492 -0.415800 -0.652813 0.418813 0.205638 0.072064 0.008980 0.149106 -0.139421 -0.197696 0.107402 0.016895 -0.473948 -0.352244 -0.178640 -0.869362
0.093460 0.108444 0.164014 -0.176775 -0.054324 -0.116580 -0.004837 -0.036164 0.181319 0.108503 0.179006 -0.066382 0.100586 0.048519 0.093550 0.140425 -0.178722 0.013370 -0.165893 0.181717 -0.085312 0.086465 -0.112580 -0.152462 -0.103373 0.130105 -0.014826 -0.120567 0.126321 -0.115568 0.081657 0.009343 0.021141 0.040323 -0.095914 -0.068794 -0.058046 0.193462 0.046576 -0.187634 -0.126184 -0.056194 -0.096389 0.024467 0.005445 0.038316 -0.067070 0.090356 0.159455 0.056770 0.081218 0.145233 -0.032501 -0.029602 0.086257 0.143434 0.150537 0.036297 0.107984 -0.094100
-2.633772 -0.194283 0.186531 -2.718135 -0.051460 -1.989867 0.059911 -2.579323 0.094921 -1.117437 -0.844198 0.116151 -0.316560 -0.154337 -2.734773 0.511918 -1.237093 -0.818489 -2.759877 -2.515196 -1.266412 -1.090289 -2.271071 0.046012 -0.501657 -0.225969 -0.233030 -0.992140 0.043533 -1.298602 -0.343123 -0.172873 -1.166555 -1.187262 -1.970749 -0.015288 -0.411033 -2.741688 0.705483 -1.298970 -2.572596 0.111175 -1.615144 -0.084494 -0.218243 -1.385115 0.121024 0.202957 -1.212092 -0.000973 -2.850595 -0.044134 0.058244 -2.875753 0.020079 -0.148263 -1.189214 -0.887138 -0.028453 -0.232566
-0.119758 0.053494 -0.110066 -0.088963 0.187341 -0.073956 -0.112703 -0.072694 -0.080618 -0.023765 0.129491 0.173637 -0.041826 -0.041263 -0.179079 -0.042620 0.129345 0.067789 -0.150986 -0.098164 0.175296 0.148018 0.013485 0.024537 0.102845 -0.026068 -0.079601 0.031945 -0.033217 0.170727 -0.064039 0.082419 -0.072758 -0.066542 0.051606 0.046750 -0.034119 -0.027807 0.147367 -0.155906 -0.107560 -0.132131 -0.055311 0.028826 0.051110 -0.188503 -0.141065 -0.165321 -0.157052 0.190589 0.162168 -0.167250 -0.099223 -0.030165 -0.108658 0.005612 -0.024152 0.096423 -0.129178 -0.057196
-0.072117 0.069149 0.060363 -0.070419 -0.135348 0.186994 -0.056664 0.060461 -0.177954 0.165673 0.053585 0.150119 -0.042926 -0.162705 -0.032456 -0.083530 -0.169010 -0.058165 -0.189046 -0.113246 0.157698 0.022936 -0.151917 -0.074157 -0.033464 -0.181055 -0.156511 -0.170001 -0.035137 0.085461 -0.032484 -0.009968 -0.128288 -0.039361 0.098124 -0.117297 -0.131803 0.051329 0.116642 0.007365 0.178119 0.054240 0.148671 -0.095467 -0.190806 0.149562 0.089945 -0.183426 -0.182710 -0.106396 -0.077781 0.184734 0.061888 -0.097116 -0.105175 0.155081 0.087338 0.028334 0.080192 -0.030826
-0.114883 -0.060727 -0.179901 0.096347 0.046300 -0.042105 0.115317 0.058173 -0.146729 0.122704 -0.020003 -0.181108 0.181609 0.095876 -0.045585 0.187520 0.051236 0.013085 -0.042436 -0.011646 0.183169 -0.103280 -0.060903 -0.124698 -0.078553 -0.099736 -0.160903 0.067887 -0.000467 0.176306 -0.024532 0.135890 0.033049 -0.015328 0.157108 -0.156184 0.019255 -0.114679 -0.087256 -0.037036 0.154585 -0.084609 -0.112235 0.110598 -0.132711 0.088793 0.107748 -0.181668 0.063836 0.074902 -0.010080 -0.104213 0.124172 -0.024795 0.162986 0.034688 0.104371 -0.052039 -0.021973 -0.069573
-0.109933 -0.109710 -0.008430 -0.137431 -0.127263 -0.110864 0.009661 -0.123698 0.113026 0.088056 0.144502 -0.094351 0.073682 -0.178718 -0.005338 -0.122013 -0.022817 -0.148412 0.048639 -0.114718 -0.054005 0.157994 0.054225 -0.102948 0.060782 0.090058 -0.062351 0.160263 -0.127444 -0.022192 0.060615 0.044662 0.082027 -0.066561 -0.046425 0.010953 0.119356 -0.126160 0.170162 0.042138 0.185443 -0.133468 0.116357 -0.136853 -0.086242 0.085315 -0.032907 -0.139885 0.125609 0.156265 -0.069937 0.039190 0.002346 -0.069329 -0.058758 -0.061116 0.184472 -0.176033 -0.173576 0.046489
-0.160877 -0.076755 0.037466 -0.074431 -0.037551 -0.126093 0.010808 0.058168 -0.123444 -0.168212 0.208175 -0.013301 -0.006400 -0.097481 -0.082103 -0.935261 0.022034 0.218405 -0.084958 -0.076242 -0.047051 0.172075 -0.046059 0.018168 -0.275233 -0.079937 0.124225 -0.078525 -0.052540 0.070638 -0.205361 -0.078642 -0.103341 0.046393 0.220407 0.044097 -0.130104 0.026890 -0.394428 0.034889 -0.092200 -0.040750 0.055513 -0.097611 -0.105374 -0.041827 -0.880781 -0.008454 0.082718 -0.195848 -0.244180 -0.220122 -0.026552 -0.082935 -0.098999 -0.186466 0.010052 -0.020372 -0.224536 -0.364967
0.258889 0.067306 -0.143967 0.294169 -0.153680 -0.273887 0.046362 -0.057507 -0.156059 0.068093 0.706465 -0.211687 0.682156 0.461602 -0.008529 -0.187669 -0.011226 -0.777415 0.440806 0.118640 0.053040 -0.027818 0.191276 -0.140581 0.523303 -0.096930 -0.196091 -0.076916 -0.179229 -0.126140 0.570876 -0.182170 -0.055842 -0.153511 0.426354 0.065614 0.604664 0.232430 -0.196558 0.144046 -0.138692 0.101201 0.669221 -0.078018 0.089715 -0.022618 -0.065502 -0.331457 0.342324 -0.195041 0.380654 0.141336 -0.030517 0.387889 -0.188479 -0.017103 -0.160373 0.021507 -0.160301 -0.311053
-0.015712 -0.087073 -0.058478 -0.057561 -0.118032 0.059992 0.096374 0.191567 -0.090118 -0.039681 -0.172187 -0.113195 0.013074 0.092267 0.018073 0.163535 0.102989 -0.081342 0.048792 0.040395 -0.150492 -0.030616 -0.116877 0.120084 -0.106146 0.124752 -0.082906 0.054076 -0.030493 -0.065768 0.102765 -0.097310 0.193638 -0.027145 0.156626 0.042029 -0.171334 0.084969 0.136942 0.136155 0.086888 0.071026 0.145241 -0.111783 -0.081712 -0.140069 -0.127854 -0.187963 -0.154448 -0.068578 0.024836 0.055574 0.011085 0.088474 0.063061 0.084519 0.089218 0.137678 0.024223 -0.053260
-0.477421 0.087699 -0.085984 -0.424102 -0.084330 0.097368 0.002216 -0.705017 0.117088 -0.074927 -0.800141 -0.094202 -0.905950 -1.545083 -0.763834 1.481544 -0.219999 0.831039 -0.636962 -0.859596 -0.540101 -0.626180 -0.616561 -0.141970 -1.099767 -0.021166 0.117236 -0.354451 0.069575 -0.347464 -0.936077 -0.066952 -0.451143 -0.739723 -1.038355 -0.161995 -1.154093 -0.604413 -0.059546 -0.237958 -0.886084 -0.175602 -0.156521 0.001807 -0.146375 -0.889865 -0.280832 0.130793 -0.686031 0.100939 -0.487872 -0.168559 0.093620 -0.763823 -0.069458 -0.168659 -0.582676 -0.846007 0.098864 -1.666038
-0.135985 0.019905 -0.094086 0.159139 0.160712 -0.157461 0.151567 0.053770 0.082041 -0.047043 0.002592 0.056428 -0.068302 0.091472 0.207007 -0.133822 -0.154696 -0.113903 -0.163993 0.007494 -0.014072 -0.047829 0.042798 -0.148025 -0.020081 0.103418 -0.179605 -0.057298 -0.020736 -0.015560 0.090488 -0.084849 -0.083202 0.180388 0.127879 0.131437 -0.051752 -0.134476 0.073705 -0.167405 0.186121 -0.034366 0.082125 -0.076268 0.161478 0.158966 -0.142625 0.154580 -0.026570 0.125933 -0.041833 0.045726 0.005663 0.167681 -0.044678 0.063511 -0.106131 0.199098 0.134363 0.052618
-0.113607 -0.064439 0.110762 -0.008879 0.060983 0.010430 -0.010086 -0.165316 -0.075232 0.048853 -0.085030 -0.201235 -0.118846 0.114031 -0.117457 -0.034439 -0.110837 0.161680 -0.085401 0.042071 0.175339 0.183274 0.116349 -0.152600 0.092581 -0.018876 -0.241770 -0.106026 0.029618 0.035072 0.001990 0.133529 0.136466 0.128819 -0.058160 0.011416 -0.166824 0.076085 -0.154950 -0.078895 -0.070091 -0.124984 0.190353 -0.036774 0.159070 0.062360 0.186928 -0.155931 -0.162557 0.022066 0.198777 -0.094295 0.006251 0.104463 -0.009102 -0.180640 0.033309 0.164606 0.035354 -0.196649
0.235437 -0.197468 0.124983 0.303496 -0.135882 -0.144251 -0.121449 0.179180 0.031735 0.162583 0.223806 -0.018338 0.502668 0.273915 -0.035037 -0.001737 -0.127076 -0.633202 0.377367 0.236011 -0.056444 -0.091849 0.145735 -0.037657 0.519637 0.029046 -0.104716 0.034067 -0.051256 0.005020 0.271628 0.085307 0.171182 -0.072405 0.420605 -0.076003 0.478816 0.259064 0.026558 -0.089441 -0.031585 -0.014051 0.323065 0.076683 -0.097938 -0.030518 0.071349 -0.034713 0.056946 -0.100621 0.347035 -0.056787 -0.094409 0.384163 -0.165585 0.026537 0.040224 0.023360 -0.133029 -0.049094
-0.977852 0.032972 -0.167129 -0.538651 0.183158 -0.211911 0.157082 -0.460049 0.029176 -0.541854 -1.752375 0.008719 0.205144 0.333762 -0.522314 1.390624 -0.229119 0.813165 -0.392048 -0.004017 -0.500109 -0.135458 -0.599830 -0.012025 0.262079 -0.054375 -0.127921 -0.228652 -0.087400 -0.228893 0.256243 0.030653 0.082425 -0.184353 -0.820913 -0.118774 0.452455 -0.284887 0.882966 -0.418272 -0.610150 0.101860 -1.791655 -0.157444 -0.118949 -0.509663 0.543252 -0.290429 -2.137925 -0.041494 -0.424073 0.103859 -0.175387 -0.475330 -0.093698 -0.076865 -0.277717 -0.639110 0.166152 0.750530
-1.504289 -0.133734 -0.213746 -1.528833 -0.175710 -0.493627 -0.141271 -0.933436 0.031364 0.455843 0.108613 -0.124607 -0.008101 -0.183855 -1.372451 1.044954 0.096738 0.048259 -1.433449 -1.194411 0.008273 -0.233942 -1.307264 -0.222961 -0.295918 -0.027401 0.020278 -0.002204 -0.182589 0.198189 -0.085464 -0.217908 0.064782 0.190970 -0.623146 -0.156972 -0.057351 -1.538558 0.616292 0.132140 -1.057982 0.034324 -0.189814 0.082747 -0.209635 -0.334417 -0.207397 0.438732 -0.417484 0.137826 -1.156976 -0.031981 -0.171458 -1.377190 0.021554 0.119961 0.220220 0.087505 -0.056156 -3.974749
0.075897 -0.132242 0.178686 -0.039741 -0.125735 -0.192932 -0.126608 0.061972 0.117306 -0.116288 0.066437 0.103539 -0.085422 -0.007991 -0.011679 -0.046976 -0.030776 0.187205 -0.190377 0.170545 -0.054152 -0.150043 0.027965 0.153438 -0.110065 -0.175634 -0.045237 -0.106444 0.120461 0.138462 -0.162313 0.029804 -0.102047 0.143404 0.000531 -0.046978 -0.039476 0.009049 -0.070410 -0.152263 -0.111356 0.190499 0.163708 0.128700 0.089198 -0.073442 -0.065771 0.060459 -0.180481 0.088130 0.086150 -0.041922 0.086896 -0.096261 -0.190794 0.175672 -0.071406 0.025556 -0.023949 0.191605
-0.100208 0.109446 -0.197843 -0.002648 -0.192890 -0.036019 -0.025719 0.102348 0.136610 0.171723 -0.058917 -0.153770 -0.049239 0.162471 0.023821 0.148049 0.050175 0.012549 0.027902 0.107161 0.056318 -0.109788 -0.133026 -0.007339 0.062359 -0.065678 -0.238954 0.017060 0.149502 -0.048876 -0.072611 -0.145343 -0.202922 -0.057960 0.116655 0.163699 0.082638 0.148236 -0.202199 -0.223670 0.120667 0.125998 0.095175 0.135804 0.016723 0.101211 -0.047003 -0.034060 -0.155540 -0.173500 -0.184258 -0.090687 0.141076 0.157049 -0.136098 -0.101967 0.012127 0.112569 -0.085906 -0.159882
0.125274 0.019446 0.001419 0.041643 -0.046179 -0.023404 0.016676 0.006094 0.165035 -0.038200 -0.043838 0.076520 0.146198 0.014607 0.154586 -0.072799 -0.078366 -0.050434 0.119821 -0.027714 -0.144893 -0.005400 0.168859 -0.185208 0.065642 -0.079458 0.077883 -0.043621 -0.125962 -0.153579 0.071885 0.139746 0.076368 0.102424 -0.031749 0.044851 0.055137 -0.182953 0.003914 -0.018819 -0.145874 -0.062975 0.075859 -0.187217 0.104385 -0.117627 0.126898 -0.168995 0.008035 -0.028834 -0.093853 0.148495 0.114026 -0.142561 -0.154922 0.116452 -0.022478 0.150523 -0.008194 0.030090
0.135761 0.032149 -0.048995 0.037306 -0.098027 -0.418287 -0.015464 0.070166 -0.179303 0.100153 0.089911 0.190136 -0.955466 -0.741676 0.206734 -0.983250 0.048900 -0.001678 0.017581 -0.014487 -0.067221 -0.095664 -0.007639 -0.064140 -0.609615 -0.172063 -0.002007 -0.142547 -0.101037 0.084958 -0.840575 -0.138785 0.202349 0.225948 0.069080 -0.215780 -0.909287 -0.179008 -0.025858 -0.028505 -0.063446 0.035301 -0.257043 -0.082797 -0.012516 0.072782 -1.014690 -0.063922 -0.084540 -0.097712 -0.156016 -0.103046 -0.106438 -0.180586 -0.158389 -0.262054 0.143828 -0.089267 -0.030406 -0.334976
-1.300286 -0.104810 0.003927 -1.014421 -0.023051 0.233944 -0.057500 -0.832403 0.061420 -0.853497 -1.107443 -0.136931 -0.317454 -0.315939 -0.939451 -0.283717 -1.253446 -0.881619 -0.639817 -0.746165 -1.203874 -1.175902 -1.012306 0.008521 -0.057966 -0.148925 0.127878 -1.154377 0.027536 -1.088766 -0.416400 0.154964 -1.196744 -1.378420 -0.857006 -0.145537 -0.220612 -0.825052 -0.362378 -0.858429 -0.896654 -0.106616 -0.663239 -0.114798 -0.194847 -1.206315 0.125646 0.094388 -0.712159 -0.019738 -0.597511 -0.067586 0.119361 -0.430072 -0.139694 -0.031717 -1.143883 -1.005587 -0.118292 -0.082613
0.116925 -0.004075 -0.207649 0.176317 0.157063 -0.162228 -0.152812 0.047430 0.101133 0.007272 -0.046569 0.001773 -0.045153 -0.207361 0.078584 -0.250472 0.017202 -0.005219 0.082980 0.097900 -0.139164 -0.147406 0.051143 0.092547 0.043035 0.088162 -0.199981 0.069664 0.077238 0.178489 0.065304 0.191147 0.061554 0.006873 -0.130047 0.181008 0.054173 -0.148546 -0.110197 0.033835 0.109557 -0.138669 -0.095187 -0.162643 -0.100850 -0.008044 -0.137843 -0.088825 -0.144574 -0.061781 0.085137 0.041280 0.135600 0.118186 0.177501 0.014525 -0.069706 -0.139161 -0.032256 0.067463
0.093417 -0.138947 -0.097268 0.034994 -0.075690 -0.081614 0.024615 0.104383 0.152435 0.187140 0.119176 0.081792 -0.024177 -0.172683 -0.025677 -0.126663 0.191613 0.120769 -0.176746 0.152370 -0.010493 -0.027902 -0.190168 -0.177636 0.052502 -0.167800 0.061759 -0.005107 -0.054760 0.062260 -0.042129 -0.168783 -0.032139 -0.087993 0.067574 -0.091710 0.148736 -0.085116 0.057783 0.064980 0.147301 -0.117802 -0.149231 -0.075302 0.026624 0.018267 -0.183743 -0.019761 0.054112 -0.114639 0.077809 -0.060718 -0.011416 0.184925 0.180846 0.044564 -0.121464 -0.123368 -0.127408 0.042184
0.059711 0.095288 -0.162590 0.064792 0.118249 0.064266 -0.137099 0.093998 0.166700 -0.021101 0.149652 0.054773 0.133135 -0.177635 -0.140671 0.060233 -0.174929 -0.106782 -0.149896 0.147410 -0.112420 -0.092037 -0.040466 0.127586 0.051470 -0.035635 0.070035 0.051863 -0.082980 0.150261 0.014674 0.144364 -0.162783 0.037125 -0.043005 -0.154238 0.097535 -0.165177 0.192696 0.156965 -0.058237 -0.077729 -0.072055 0.033129 -0.123221 -0.018272 0.101633 0.083370 -0.025050 -0.112417 -0.154977 0.035840 0.119359 -0.058718 -0.186185 -0.042677 0.176164 -0.029615 -0.118254 0.093707
0.146389 -0.087687 -0.170506 -0.021411 -0.114274 -0.022442 -0.172966 -0.091458 -0.073349 0.171960 0.215453 -0.067007 0.270584 0.012552 -0.108814 0.003508 0.034023 0.068379 0.143208 0.141109 0.011362 0.112406 -0.083857 -0.184162 0.071099 -0.044607 0.058519 0.127127 -0.017968 -0.016608 -0.087842 0.064849 -0.018976 -0.134586 0.194883 -0.092308 0.175115 -0.011314 -0.058930 -0.155190 0.045594 0.016080 0.178399 -0.174937 -0.101614 -0.017564 -0.073611 -0.174505 0.027867 -0.063513 0.175503 0.101912 0.083647 0.128508 0.006729 0.001693 0.214828 0.040464 0.148661 -0.055855
-0.189018 -0.190909 0.018601 0.093480 0.126540 0.022961 0.175153 0.077180 -0.183640 -0.003289 0.114489 0.041179 0.128372 0.157505 0.112060 -0.023528 -0.135839 0.076386 0.126272 -0.014015 -0.115150 0.030943 -0.142664 -0.013638 0.024750 0.074511 0.029665 0.160800 -0.076640 0.081827 -0.029602 0.037500 0.142270 -0.150381 -0.018595 -0.165823 0.120522 -0.126725 -0.083277 0.173228 0.056801 -0.072902 0.165795 0.078032 0.166767 -0.170246 0.157021 0.047883 0.106837 -0.034431 -0.013019 0.115947 0.007666 0.052716 0.193630 -0.024111 -0.144289 -0.062213 0.103727 0.039922
-0.008603 -0.161435 -0.241823 0.140772 0.062807 0.112239 0.113894 0.042923 0.123846 0.037114 -0.040467 0.180243 0.155973 0.005219 0.004053 -0.114789 -0.080914 -0.031074 0.092022 0.105045 0.022787 0.139705 0.170470 -0.038664 0.147527 -0.165994 0.072339 -0.019479 0.070458 0.013639 -0.108846 -0.165484 -0.069014 0.127137 0.154884 0.075978 0.015322 0.078823 -0.139822 0.159666 0.091377 0.045934 0.035484 -0.044681 -0.136591 0.047294 -0.000754 0.154600 -0.053880 0.073701 -0.009667 0.030112 0.180143 0.087699 -0.148093 -0.182783 -0.046687 0.130544 -0.092711 -0.249234
-2.006302 -0.040486 0.067284 -0.165438 0.190727 -0.045082 -0.006213 -1.073657 0.112465 -0.132320 -2.054300 -0.060146 0.658347 0.511497 -0.298554 1.322593 -0.042545 0.655335 -0.375605 -0.175060 -0.145137 0.228245 -0.379652 0.003141 0.687214 -0.173009 -0.122242 0.127723 0.033816 -0.103032 0.538075 0.070922 0.217631 0.353183 -0.360619 0.092825 0.467341 -0.000342 0.850307 -0.185018 -0.628136 -0.019072 -2.012895 0.014217 0.058389 0.033919 0.404407 -0.155650 -1.998531 0.121278 -0.398360 -0.173557 0.032015 0.000229 -0.018035 -0.040364 -0.152601 -0.120418 -0.018287 0.513742
0.608982 -0.050761 0.098524 0.301853 -0.184789 -0.124659 0.094636 0.681123 -0.105957 -0.184435 0.989892 -0.092632 0.579120 0.527445 0.288180 -0.376834 -0.085405 -0.312862 0.496300 0.204175 -0.089894 -0.233664 0.253482 -0.023617 0.399722 -0.154722 -0.072466 -0.072544 -0.067532 0.017076 0.645032 -0.239942 0.086745 -0.214179 0.252462 -0.194215 0.471585 0.365905 -0.129105 0.059428 0.100118 -0.130700 1.068164 -0.166371 0.067126 -0.061392 0.061542 0.325179 0.763001 -0.047888 0.438735 -0.221751 -0.170309 0.348497 0.114265 -0.000898 0.038325 0.012308 -0.175821 -0.446076
-0.140693 0.031012 0.175270 0.024603 0.020523 0.070329 0.053972 0.080677 -0.118970 0.126015 -0.118688 -0.084029 -0.101465 0.176787 -0.063122 0.044788 -0.150783 0.052679 0.159904 -0.154006 -0.184116 -0.109095 -0.114635 0.106623 0.061977 0.045120 -0.085724 -0.136962 0.093867 -0.171233 0.014153 -0.011935 0.160982 -0.011568 -0.005393 0.025490 0.088081 -0.057036 0.171087 -0.039165 0.099563 0.065774 0.132785 -0.054230 -0.082419 0.025450 -0.008117 0.029689 0.117490 0.151392 0.049971 -0.187655 0.089044 -0.042408 0.078543 -0.155896 0.130083 0.129260 -0.014143 0.034243
0.056533 -0.089167 -0.091866 -0.012223 -0.102757 -0.035857 -0.041207 0.029014 0.042296 0.023583 -0.026585 -0.021770 -0.013944 -0.006752 0.186921 -0.038578 0.056814 -0.101196 0.138737 -0.065836 0.164156 -0.000976 -0.192266 0.099974 0.166653 0.155077 0.059050 -0.071866 -0.070539 0.113743 0.125198 -0.189616 -0.048707 -0.025770 0.054479 -0.004371 0.091209 -0.090594 0.154343 0.171103 -0.073042 -0.079212 -0.032784 0.037387 -0.117415 -0.019866 -0.116071 -0.016196 -0.029157 -0.049335 -0.010740 -0.012251 -0.173357 -0.021949 0.025770 -0.019780 -0.007957 -0.111081 0.184072 0.078062
0.168705 -0.160989 -0.190589 0.083137 0.111819 0.077311 -0.042822 0.017685 -0.121525 -0.184401 0.085255 -0.014418 -0.096322 0.160125 0.152841 -0.101361 0.091410 0.003561 0.009644 0.191538 -0.007719 0.130848 -0.178271 -0.106360 0.051792 -0.011108 0.149655 0.187751 -0.186323 0.110565 0.076895 -0.017886 -0.162709 -0.132441 0.059952 0.074230 -0.178507 0.000533 0.058301 -0.005277 -0.014531 -0.053989 0.024940 -0.191581 -0.106997 0.164915 -0.086642 -0.060513 -0.007745 0.065494 -0.064014 0.143580 0.091682 0.154187 -0.041134 0.090542 -0.007273 -0.011595 -0.160271 -0.154215
0.151299 0.001947 0.099282 -0.049560 -0.096585 0.016210 0.076689 -0.019138 -0.191289 -0.048506 -0.148275 -0.017090 -0.151404 -0.027706 -0.021560 -0.069202 0.126886 -0.046560 -0.115001 0.038572 0.109239 0.172573 -0.189893 -0.100006 0.150379 0.188583 -0.044835 0.057108 -0.099153 0.024193 0.029714 -0.170144 0.102912 -0.043038 0.087025 -0.055898 -0.188833 -0.004321 -0.032970 -0.144895 0.018997 0.040265 0.140518 0.135293 0.101211 -0.130550 -0.131935 0.104910 0.192376 0.039332 0.101426 0.188322 -0.159329 -0.043134 -0.088511 0.056325 -0.116669 0.190625 0.082291 -0.152490
-0.151584 0.118520 -0.012690 0.004763 -0.131293 0.197362 -0.022022 0.016639 0.167334 0.165156 0.063218 0.027103 0.038649 -0.024735 0.144126 -0.000301 0.058777 0.067735 -0.098286 0.156968 0.200957 0.007733 0.056186 -0.063598 0.215995 -0.073035 0.054022 0.094436 -0.126646 0.044733 0.183821 -0.061579 -0.100280 0.182784 -0.128150 0.101625 0.092570 0.103479 -0.211734 0.133345 0.050682 0.109292 -0.175920 0.052532 -0.183721 0.076134 0.045952 -0.045701 0.173617 0.025637 0.061931 0.082255 -0.098978 0.091373 0.035066 -0.180165 0.016224 0.173694 0.102229 -0.210542
-0.005846 0.061355 -0.172360 -0.102161 0.050026 0.180345 0.145718 -0.013114 -0.046753 -0.048802 -0.172848 -0.051282 -0.149445 0.121810 0.184463 0.139600 -0.173198 -0.043075 0.189291 -0.037029 -0.102348 0.123786 -0.016817 -0.105252 -0.024005 -0.090198 -0.169718 0.009158 -0.008439 0.128885 -0.024964 0.083054 -0.054487 0.158817 -0.028395 -0.129433 -0.073499 0.057684 0.102424 -0.181526 0.057403 0.040814 0.173764 0.002356 -0.152141 0.051816 0.161452 0.044447 -0.199964 0.075813 -0.138249 0.162158 0.011000 0.165233 0.125320 -0.029006 -0.005709 0.061843 0.114812 0.127972
0.131972 0.064641 -0.043107 -0.069279 0.015604 0.150672 0.162020 0.123602 -0.110310 0.226363 -0.061670 -0.079713 -0.114364 0.103072 0.001358 -0.061495 0.181839 0.176083 -0.027088 0.125033 -0.004906 -0.113347 0.104507 -0.240122 0.122817 0.043425 0.059430 0.067296 0.064778 -0.144902 0.162217 0.038170 0.024758 0.085727 0.192060 0.106432 0.034087 -0.009265 -0.180773 0.186559 0.186027 -0.084333 0.258756 0.164673 0.085592 0.073295 -0.109286 0.030877 0.179702 0.003454 0.028412 0.114776 -0.120082 -0.137456 -0.103367 -0.002922 0.218756 -0.058783 -0.112986 -0.205800
-0.020561 0.154435 -0.127022 0.023223 -0.040708 0.009440 0.030767 0.160076 0.173328 -0.066185 -0.068212 -0.172536 0.077504 -0.012986 0.045942 -0.071790 0.063389 -0.062938 0.041333 0.111467 0.127357 0.138150 -0.100198 0.190987 0.172579 0.149041 0.153828 -0.001655 -0.102236 0.125633 -0.163122 0.027720 -0.120586 -0.036591 -0.191412 -0.018624 0.038578 0.013385 0.170092 0.145990 -0.107408 0.102810 -0.183505 -0.065512 -0.151216 -0.137184 -0.041553 0.097017 -0.168537 0.052885 -0.047344 0.070410 0.048857 0.028521 -0.146246 -0.171906 0.004824 -0.120369 0.081864 -0.124597
0.075662 0.059366 0.014416 -0.033343 0.051065 0.097889 0.132775 0.050800 0.180226 0.192611 -0.140470 -0.046504 0.109084 -0.167533 0.067855 -0.188002 0.092390 -0.077001 0.168851 0.171741 -0.181470 0.020276 -0.189255 0.075617 0.003365 0.178908 -0.097154 -0.154746 0.133743 -0.116592 -0.148228 0.151248 -0.120251 -0.160137 -0.070708 0.121305 -0.019925 0.156574 0.162725 0.040145 0.154523 0.074115 -0.154315 -0.165660 0.142054 0.156910 -0.079886 0.099507 -0.016365 -0.184304 -0.100757 -0.185474 0.127502 0.056835 -0.068430 0.190620 -0.088581 -0.014226 -0.105597 0.090941
-0.131175 -0.003578 -0.036464 0.086380 -0.176447 -0.151642 -0.160752 -0.028915 -0.181511 0.177056 -0.101299 -0.065865 -0.128447 0.137704 -0.007625 0.141425 -0.117752 0.053763 0.042008 0.007672 -0.045267 -0.079461 -0.177118 -0.156440 0.140895 -0.086911 0.152037 0.001021 0.003876 0.167353 -0.049456 -0.017964 0.017748 0.067682 0.115949 0.163933 0.122366 -0.090464 0.002103 -0.050690 0.050413 0.117254 -0.051059 -0.152030 -0.082419 -0.053858 -0.137859 0.145606 -0.161960 -0.065147 -0.049681 0.038120 -0.063300 0.099228 0.006545 0.107241 0.019904 0.048782 0.128417 -0.022289
-0.060215 -0.022938 0.179449 -0.115306 0.136378 -0.102956 -0.159502 -0.043388 -0.046842 -0.111252 0.192896 -0.038303 -0.161356 -0.077567 -0.091384 -0.176417 -0.015836 -0.124854 -0.079936 -0.161354 -0.061687 -0.014173 -0.022277 0.037916 0.007744 0.178374 -0.073260 0.158311 0.064947 0.109109 0.152116 -0.128616 -0.172760 0.006721 -0.075486 -0.185603 -0.137767 0.132875 -0.056640 -0.032963 0.126962 0.054582 -0.160091 0.010642 0.013709 0.000088 0.092863 -0.157369 0.085030 0.054149 0.178971 -0.152744 -0.030732 -0.021597 0.052637 0.095778 0.183631 0.135615 -0.018456 0.118181
-0.035634 -0.060474 0.082357 0.095873 -0.008599 -0.203993 -0.173937 -0.171891 -0.161095 0.122210 0.150908 -0.049584 0.106207 -0.072250 0.019114 -0.191067 -0.257755 -0.021124 -0.104233 0.002175 -0.171554 0.095624 0.021039 0.152226 -0.143240 -0.228172 -0.151518 0.083649 -0.106064 0.056483 0.058199 0.087336 -0.040429 0.093584 -0.074753 -0.042198 0.009170 -0.048420 -0.151546 0.061059 0.171057 -0.147591 0.197155 0.163797 -0.189788 -0.026153 0.154926 0.163298 -0.062769 -0.102092 0.028486 -0.097379 0.136333 -0.061801 -0.155032 -0.048568 -0.055383 -0.180309 0.136336 0.044313
0.017995 -0.061748 -0.196516 -0.093826 -0.029624 0.126230 -0.125071 0.164876 -0.082352 -0.188049 -0.160717 0.107961 0.044568 -0.206981 0.027213 0.095571 0.139934 -0.071690 -0.132494 -0.008289 -0.216255 -0.060352 -0.084750 -0.203072 -0.045977 -0.188331 -0.241539 -0.118622 0.028470 0.037350 -0.025170 -0.175184 0.130057 -0.085519 0.076626 -0.095622 -0.055566 -0.136804 -0.124916 -0.176099 0.173429 -0.083377 0.068551 -0.026190 0.121200 0.109993 0.070676 -0.049474 0.168311 -0.172433 -0.119682 -0.114134 -0.024248 0.102762 -0.043492 -0.213028 -0.120781 -0.095151 0.091829 0.052751
0.059086 0.101933 -0.082364 0.019471 0.170754 0.097946 -0.058228 -0.125061 -0.080857 -0.097970 -0.066836 0.157426 0.064816 0.137667 0.030374 0.089879 -0.140076 0.104046 -0.164165 0.050737 0.118509 -0.013019 0.055325 -0.117289 0.034209 -0.083665 0.088747 -0.129265 0.017778 -0.036477 0.144804 -0.101435 -0.165915 0.118362 -0.042369 -0.086002 0.145759 0.037512 0.105400 -0.020968 0.137861 -0.138977 -0.015023 0.075921 -0.156251 0.072177 -0.081087 0.009917 -0.037253 0.183203 -0.140796 0.068377 0.178554 -0.136173 -0.140481 -0.017048 0.122212 -0.085147 0.191160 -0.013434
0.151290 -0.138965 0.123895 -0.027915 0.013871 -0.116521 0.079304 0.059923 0.027280 -0.180862 0.043243 0.168040 -0.115408 -0.108398 -0.104297 -0.033300 -0.079686 -0.076589 0.049472 -0.201337 -0.037722 0.077606 -0.037251 0.088902 -0.143818 0.038989 -0.080984 -0.007307 0.161011 0.141544 -0.015778 0.026320 -0.104548 0.090229 0.026315 -0.094226 -0.060207 -0.048181 0.136052 -0.150194 -0.045390 -0.100254 0.079234 -0.043695 0.062904 -0.162934 -0.184748 0.128147 -0.085566 0.106456 0.118481 0.036616 -0.092474 0.091262 -0.129313 0.159458 0.081746 0.058886 0.139314 -0.012790
-0.034810 0.019133 -0.101340 -0.103022 0.054954 0.012620 -0.007862 -0.164704 -0.032076 -0.138538 -0.180261 -0.126475 0.083348 -0.023035 0.193366 -0.095165 -0.084874 -0.020673 0.095038 0.143136 -0.143359 -0.061251 -0.115511 0.105362 -0.040261 0.035090 0.183541 -0.177490 0.020695 0.026575 0.145358 0.191383 0.008223 -0.079517 0.187326 0.066751 -0.159260 -0.026853 0.167243 0.070717 0.186890 0.144928 -0.069252 0.077766 0.118685 0.018413 -0.062795 -0.028464 0.014536 0.035990 0.065913 0.031634 -0.050706 0.125968 0.028098 0.143617 0.119460 0.075795 0.157053 -0.068139
0.090489 0.135646 0.036625 -0.112386 -0.013623 0.138916 0.171332 0.167804 0.022877 -0.017493 -0.063433 0.005261 -0.123316 0.065591 0.180532 0.014296 0.107365 -0.013892 0.018475 -0.014912 -0.092439 0.033891 -0.103776 0.082039 -0.049074 0.010205 -0.116148 0.184337 0.118813 -0.067855 -0.165253 -0.150648 -0.084682 -0.045521 -0.050222 -0.106250 0.041884 -0.007761 -0.126065 -0.164928 0.105423 -0.181081 -0.078240 -0.162969 -0.073656 0.046717 0.149038 0.090035 -0.062524 -0.013295 0.150218 -0.109368 -0.066100 -0.157534 0.153279 -0.137871 0.104309 0.159020 -0.164312 -0.151118
-0.118963 0.065755 -0.022057 -0.186446 0.153971 -0.032110 -0.066217 -0.072985 0.048027 0.035799 0.148489 -0.010490 -0.094920 0.070672 0.108017 0.184197 -0.118207 -0.158823 -0.157494 0.035683 0.047348 -0.039502 0.002022 -0.108816 0.077102 0.016996 -0.015951 -0.089883 0.031290 -0.019892 -0.135260 -0.177027 -0.112004 -0.172830 0.120769 -0.142480 0.126867 0.000774 0.008457 -0.110718 -0.188868 -0.074652 0.091305 0.012886 -0.059086 0.133429 -0.145504 0.070608 -0.063357 -0.092604 0.041201 -0.084468 -0.047238 0.099495 0.038664 0.013968 0.054387 -0.084591 -0.081983 0.035189
-0.222356 -0.189583 0.029559 0.033730 -0.095034 0.141678 0.041450 0.042499 0.163461 -0.102606 -0.081262 -0.140805 0.152124 0.263614 0.166061 0.031357 -0.125568 0.012166 0.059807 -0.010989 0.140991 0.237712 0.162757 -0.038094 0.107030 -0.152482 -0.069235 0.120917 0.020882 0.231681 0.352133 0.150837 0.143003 0.339959 -0.001812 -0.117940 0.094376 0.037059 0.168500 0.102783 0.107697 -0.018111 -0.222730 -0.185140 0.056265 0.022436 0.083270 0.103788 -0.066307 -0.088698 0.236588 -0.194202 -0.149807 -0.014970 0.134367 0.022091 0.081338 0.035492 0.099737 -0.082414
-0.073122 -0.160833 -0.086579 -0.115122 0.021438 0.083935 -0.139962 0.096207 -0.184873 -0.069827 -0.085411 -0.081941 -0.105696 0.187228 0.091003 0.113457 -0.095738 0.043651 0.176386 0.047930 -0.000639 -0.021168 0.081773 -0.178613 -0.002868 -0.174281 0.140470 -0.139781 0.004453 -0.185036 -0.117715 -0.090539 0.100235 0.128629 0.076689 -0.133031 0.166608 -0.143900 0.053367 -0.048314 0.109056 0.093933 -0.107155 -0.101526 -0.176036 -0.126185 0.030682 -0.127369 -0.052888 0.029786 -0.103249 0.167541 0.085556 0.063285 0.000651 0.093195 0.002775 -0.170891 -0.139476 -0.082311
-0.376944 0.126346 0.124646 0.102604 0.136489 -0.200736 -0.069349 -0.108091 0.005188 -0.186258 -0.577410 -0.028546 0.233870 0.388967 -0.052464 0.579381 -0.120874 0.232082 0.000380 0.065551 -0.079759 0.148768 -0.119171 0.051404 0.090273 -0.164598 -0.018804 0.225285 0.136862 -0.188954 0.127370 -0.078300 0.271922 0.000570 -0.152421 0.145675 0.097368 -0.026673 0.244834 0.081492 -0.278331 0.037972 -0.714877 -0.112821 -0.079142 -0.100854 0.300360 -0.026115 -0.615875 -0.108735 -0.106978 -0.057934 0.090083 -0.227390 0.147439 -0.093858 -0.248408 0.175499 -0.184636 0.153017
-0.074190 0.083580 0.151866 0.113048 -0.083364 -0.146386 0.041656 0.051909 -0.162832 0.157141 -0.022216 -0.191490 -0.076553 -0.049971 -0.144342 -0.045030 0.146367 -0.053868 0.104017 0.105279 -0.094891 -0.163647 0.178557 -0.002224 0.131488 0.070187 0.040549 0.076591 0.136661 0.053501 -0.118131 0.177970 -0.122759 0.029569 -0.191799 0.164404 -0.061047 -0.185150 -0.153201 0.128439 0.158610 0.118075 0.145775 -0.097521 -0.104429 0.013672 -0.032379 -0.190219 -0.050402 -0.042348 -0.018996 -0.179938 -0.013322 0.034790 -0.089308 -0.163075 -0.075011 0.192728 -0.173872 -0.137416
0.632855 0.063447 0.067749 0.730813 0.170505 1.118100 0.040728 0.559905 0.147260 1.289933 0.771202 0.096798 -0.608522 -0.006382 0.922867 0.214633 1.247000 -0.064655 0.636967 0.544978 1.053743 1.107189 0.663795 -0.035074 -0.247092 -0.034859 -0.034427 1.059103 -0.176064 1.189290 -0.347171 -0.124012 0.812313 0.957590 0.448516 0.162174 -0.338929 0.620209 -0.147377 1.094827 0.973986 0.008148 0.694411 0.004819 -0.157862 0.718411 -0.774299 -0.178892 0.900024 0.131456 0.757704 0.181220 -0.028352 0.964455 0.110373 -0.188895 1.032291 1.206284 0.039514 0.961472
-0.345454 -0.053079 -0.193359 -0.125326 -0.023143 -0.247825 -0.016986 -0.225008 -0.036083 -0.096601 -0.883304 -0.182485 0.178845 -0.075481 -0.115468 0.765195 -0.087418 0.566975 0.051002 -0.109359 -0.195830 -0.033051 -0.116489 -0.112211 0.023708 0.037951 0.007021 -0.205358 -0.130099 -0.402062 0.179208 -0.162038 0.122763 -0.124826 -0.118943 0.097143 0.261785 0.120098 0.379338 -0.309948 -0.301906 -0.141666 -1.412543 0.045641 0.112278 -0.265783 0.490073 -0.312896 -0.576697 -0.053648 -0.281887 -0.214001 -0.024976 -0.299511 0.113299 -0.159387 0.014465 -0.360457 0.148304 0.173722
0.093184 -0.142004 -0.101112 -0.045010 0.047148 0.159206 0.067898 0.113441 -0.184229 -0.074335 -0.088048 -0.121865 0.060610 -0.077813 0.074244 0.016127 -0.140758 0.012388 0.135810 -0.007200 -0.036900 0.006390 0.076844 0.169363 -0.066386 -0.061017 0.159620 -0.000849 0.065757 0.031932 -0.114983 0.090777 0.081139 -0.095693 0.048133 0.089185 0.089336 0.106847 -0.025691 0.089260 0.177263 -0.055417 -0.129981 -0.041955 -0.010495 -0.044547 0.135432 0.094961 -0.007967 -0.070597 0.011536 0.118652 -0.132213 0.169559 0.161847 -0.170325 -0.115777 0.189199 -0.093931 -0.150197
0.037757 0.066890 -0.044719 0.005816 -0.088544 0.175383 0.009742 0.015669 0.043507 0.020867 -0.011201 0.069511 0.001749 -0.132845 -0.102771 0.038389 0.059976 0.164966 -0.045298 0.192420 -0.003543 -0.087577 0.065614 0.182958 -0.180382 0.035531 -0.128165 -0.154621 -0.045859 -0.123136 0.181014 0.064836 0.089628 -0.134304 0.092865 -0.073915 -0.150926 0.182865 0.125433 0.082710 -0.141057 0.141326 -0.090886 0.042323 -0.020128 0.121531 0.039096 -0.111662 0.119625 -0.157831 0.153558 0.033962 -0.086963 -0.088769 -0.114193 -0.130991 -0.006617 0.007133 -0.161104 -0.032405
-0.113014 -0.109509 -0.201432 -0.064821 -0.128115 0.041074 -0.130950 -0.000057 0.061776 0.065550 -0.103783 -0.138264 0.121043 -0.020478 -0.116604 0.075544 0.155243 -0.135764 0.143687 0.237949 -0.027528 0.088521 -0.006389 -0.064561 0.268238 0.007146 0.005476 0.245828 -0.044663 -0.138737 -0.052081 -0.143463 0.208210 0.156457 -0.082081 0.161643 0.057887 0.143313 -0.173594 0.075842 0.043134 0.032499 0.125611 -0.046565 -0.215358 -0.037651 0.015406 0.091963 0.078358 -0.161354 -0.068935 -0.067096 -0.154878 0.131018 -0.109392 -0.168472 -0.131275 0.070946 -0.157979 0.069639
0.006297 0.020864 -0.075248 0.021140 0.056176 0.065447 -0.098437 -0.024243 -0.159236 0.137532 -0.115341 0.086028 0.042394 -0.027787 -0.017659 0.144293 -0.194958 -0.134083 -0.024149 0.013789 0.174342 -0.042977 -0.163579 -0.058713 -0.023034 0.087699 -0.051468 0.201559 -0.209780 0.157057 -0.027128 -0.145312 0.100181 0.031971 0.177329 0.114985 0.267196 0.016607 -0.194683 0.120218 0.144217 -0.102010 0.088321 -0.059034 -0.206017 0.139311 -0.074477 -0.181912 0.090692 -0.022839 0.096446 0.061968 0.167072 -0.117295 0.163348 0.111588 0.105112 -0.008896 -0.061889 0.039909
0.895367 0.097420 0.099762 0.346927 -0.107229 1.604901 -0.014252 1.316573 0.019171 0.149351 1.215548 0.225931 -0.332233 -0.039528 1.118173 0.646731 0.912737 3.299089 0.722628 0.776624 0.528058 0.083919 0.560723 0.152575 -0.225954 0.186911 0.166414 0.065474 0.164039 0.259336 -0.364165 -0.213406 0.516816 0.328085 0.203382 -0.118193 -0.110292 0.395547 1.405554 0.213947 0.453050 -0.189016 1.341834 0.194648 0.062523 0.381502 2.143354 0.595114 1.703140 -0.002757 0.543942 -0.174797 -0.113942 0.408901 -0.079454 -0.126676 0.340882 0.322160 0.051948 2.694350
-0.181100 0.033796 0.139315 -0.092225 0.091818 0.017034 -0.047664 0.094192 0.076432 0.171293 -0.142592 -0.187595 0.124547 0.177332 -0.122246 -0.060517 -0.017062 0.132876 0.057389 -0.019533 0.032154 -0.127429 0.033465 -0.023253 -0.041870 -0.095771 -0.099008 -0.164284 -0.084608 0.052962 -0.124995 0.169891 -0.148213 0.170633 0.105915 -0.070044 0.056928 -0.065177 0.060204 0.151683 0.187161 0.092183 0.176600 0.042363 0.014938 0.051397 -0.130043 -0.126501 0.045449 0.138352 0.139801 0.185267 0.078743 0.166834 0.136539 0.106194 -0.161780 0.024181 -0.134242 0.084301
0.165776 -0.101519 -0.158579 0.033176 -0.108153 0.086216 0.098490 0.180944 -0.032184 0.002215 -0.061378 -0.104255 0.244685 0.418265 -0.116317 0.458303 -0.061710 -0.478189 0.141950 0.131462 0.089357 0.269072 0.279232 0.038751 0.477883 0.000132 -0.058934 0.422809 -0.109869 0.238320 0.484190 0.060404 0.516973 0.477369 0.168544 -0.169065 0.465481 0.528205 0.230015 0.155219 0.244128 -0.122579 -0.360232 0.110632 0.091972 0.053944 0.125499 -0.619487 -0.000345 -0.046199 0.129069 -0.164345 0.005043 0.116321 -0.158087 0.065154 0.018447 0.217463 0.050387 0.382865
-0.234088 0.017766 0.153694 -0.511243 -0.153556 -0.186648 -0.111429 -0.558317 0.003074 0.062421 0.178113 -0.171763 -0.324598 -0.295537 -0.277194 0.340717 -0.417238 0.492832 -0.153697 -0.389991 -0.242754 -0.528378 -0.328795 0.022027 -0.395260 -0.001365 -0.213251 0.285597 0.046764 -0.218141 -0.382678 -0.219826 0.138237 -0.359025 -0.529498 -0.044661 -0.146083 -0.484245 0.802161 -0.061508 -0.331091 -0.061587 -0.222939 -0.013284 -0.433496 -0.204242 -0.136510 0.440336 0.140823 -0.149871 -0.560030 -0.159461 -0.169551 -0.385297 -0.184675 -0.032543 0.154656 -0.131773 -0.055756 -0.504135
-0.016674 -0.041877 0.141535 0.017472 0.028320 0.339189 -0.046361 0.063108 -0.164180 0.126014 0.279282 -0.249272 0.070272 -0.078887 0.086451 -0.188331 0.163361 0.241032 -0.246081 -0.070967 0.014023 -0.181146 -0.112187 -0.095520 -0.026515 0.119073 -0.206617 -0.125315 0.156548 0.210958 0.043439 -0.037855 -0.057694 -0.186332 -0.021140 -0.072374 0.052067 -0.101259 0.262897 0.281007 -0.243848 0.000015 0.297491 -0.049666 0.080765 -0.017073 -1.119066 0.262294 0.272612 -0.078506 -0.014810 -0.115941 0.090502 0.046797 -0.047572 0.072471 0.220340 0.112876 0.001116 -1.073631
-0.136919 -0.069147 -0.090041 0.132059 -0.174782 -0.176317 0.106957 -0.127762 -0.016210 -0.134743 0.132915 0.154108 0.126339 -0.189406 -0.119994 0.068371 -0.031616 0.105029 0.120116 0.197628 -0.134524 -0.125393 -0.077103 0.022134 0.084518 0.080330 0.188895 -0.004857 -0.025355 -0.001141 0.156861 -0.000482 0.106748 -0.001608 0.013301 -0.164372 0.000987 -0.043202 -0.066311 0.169440 0.067550 -0.104390 -0.129427 -0.140183 0.001817 -0.156646 -0.083000 -0.145296 -0.003622 0.009005 0.175474 0.005519 -0.091720 -0.140416 -0.063701 -0.125249 -0.134258 0.127296 0.084338 0.029435
-1.097728 -0.107456 0.015261 -0.944982 -0.150820 -0.882580 -0.088424 -0.375999 -0.011922 -0.849193 -1.575206 -0.206626 1.231781 1.094272 -0.666437 -0.483797 -1.041685 -0.253303 -0.711364 -1.155841 -0.638372 -1.200686 -0.777085 -0.177400 1.112883 -0.199946 -0.161903 -0.898222 0.016659 -0.808728 1.319487 0.117467 -1.263233 -1.221507 -0.394816 -0.074768 1.260885 -1.091572 0.321366 -0.490967 -1.108472 0.147074 -1.416407 -0.039505 0.207529 -0.856512 0.688206 -1.904155 -1.738407 0.133664 -0.894454 -0.171434 0.076871 -0.675379 -0.108375 -0.165523 -0.760047 -0.851805 -0.079209 0.716397
-0.017476 -0.092782 -0.072207 0.187313 -0.152836 -0.015122 -0.161280 -0.140792 -0.011630 0.149414 0.107749 0.055273 0.323383 0.428442 0.230592 0.352677 0.164849 -0.346274 0.293003 0.421262 0.145144 0.333674 0.146037 0.059383 0.224166 -0.084588 -0.158849 0.243746 -0.122133 -0.106970 0.400105 -0.159457 0.236670 0.376413 -0.108025 -0.204590 0.418388 0.294953 0.217321 -0.109744 0.094419 -0.074035 -0.206663 0.115969 -0.125127 0.282309 0.146752 -1.098024 0.221097 -0.268760 0.104483 0.100899 -0.128012 0.042797 -0.192201 0.093551 0.039675 0.199581 -0.042117 0.273960
