-0.005802
-0.001514
-0.001589
-0.410384
-0.001116
-0.001941
0.452402
-0.320200
0.000601
-0.000717
-0.271277
0.314734
-0.018139
-0.000624
0.014157
-0.006728
-0.196290
-0.001711
-0.002575
-0.256142
0.103528
-0.224388
-0.017588
-0.000312
0.388511
-0.000975
-0.006075
-0.020681
-0.031431
-0.217807
-0.009809
0.492227
-0.027585
-0.001345
-0.032463
-0.001880
-0.005002
0.409631
-0.003026
-0.022696
-0.010716
-0.019923
-0.312223
-0.208158
-0.337039
0.448343
-0.004469
-0.341268
-0.002679
-0.001050
-0.000864
-0.012344
0.204401
-0.230285
-0.000794
-0.001535
-0.222565
-0.084293
-0.047833
-0.147032
-0.008246
-0.003412
-0.017439
-0.187916
-0.412990
-0.005095
-0.030948
-0.000381
-0.024606
-0.003950
-0.063690
-0.185475
-0.025820
0.149448
-0.003087
-0.002146
0.322494
-0.029187
-0.321199
-0.007614
-0.001864
-0.296200
-0.040393
-0.008796
-0.452971
-0.026947
-0.232709
-0.002573
-0.473096
0.020917
-0.001488
-0.018889
-0.330581
-0.006631
-0.302664
-0.001621
-0.026391
0.211860
-0.000984
-0.002933
0.356534
0.278289
