-0.037152
-0.006267
0.019417
-0.009101
-0.015928
0.001452
-0.045009
-0.016350
0.000000
-0.023732
-0.031234
-0.002159
0.000000
-0.028222
-0.020472
-0.010392
-0.006964
-0.001178
0.019992
0.000043
0.026724
-0.016273
-0.033566
-0.012657
-0.003080
-0.027086
-0.012843
0.013664
-0.007208
-0.041851
-0.026557
0.105316
-0.025037
-0.064290
0.027106
0.002173
-0.038198
-0.022601
-0.030210
-0.000767
-0.055040
-0.006935
0.000000
-0.036675
-0.013855
-0.062687
-0.002425
0.003250
0.041631
-0.034900
0.000000
0.000000
-0.024408
-0.009240
0.011709
-0.036478
0.011529
-0.037187
-0.005978
-0.025894
-0.003364
-0.026530
-0.081134
-0.028607
