0.000397
-0.001498
-1.224018
-0.008215
0.140454
-0.144313
-0.009148
-0.337475
-0.001428
-0.000535
-0.004006
-0.000772
-0.015373
-0.004021
-0.001443
-0.004564
-0.008116
-0.073521
-0.205799
-0.006131
-0.544446
-0.000806
-0.007255
-0.010370
-0.251014
-0.118745
0.180348
-0.001802
-0.001585
-0.246732
-0.000754
-0.002958
1.585619
-0.001902
-0.339636
-0.004185
-0.002326
-0.000940
-0.000894
-0.001370
-0.003317
-0.000736
-0.449260
-0.001200
-0.001347
-0.011596
-0.000454
-0.913774
-0.001550
-0.005871
0.006344
0.030826
-0.001616
-0.771305
-0.100281
-0.947492
0.015913
-0.006687
-0.319192
-0.247489
-0.017197
-0.010724
-0.001649
-0.122313
-0.002615
-0.001445
-0.387186
-0.461273
-0.018426
-0.009535
-0.006643
0.001934
-0.000806
-0.001292
-0.012247
0.059361
-0.008465
0.001786
-0.003179
0.233500
-0.014288
-0.146981
-0.000544
-0.006364
-0.003602
-0.546089
-0.002406
-0.003320
-0.112391
-0.010514
0.002082
0.069037
-0.523767
-0.006484
-0.005688
-0.228182
-0.002469
-0.005264
-0.103560
-0.003653
-0.748670
-0.008699
-0.000564
-0.405661
-0.081862
-0.000182
-0.003640
-0.002851
-0.006775
-0.014627
-0.001229
-0.002161
-0.001512
-0.002036
-0.018556
-0.005464
-0.190984
-0.011027
0.000117
-0.001142
-0.241040
-0.000897
-0.091541
-0.000869
-0.000235
-0.000437
-0.174289
-0.001381
0.006531
-0.005146
-0.033347
-0.009537
-0.005100
-0.064073
-0.001554
-0.190520
-0.452501
-0.003603
-0.010354
0.002752
-0.223575
-0.010971
-0.170127
0.117025
-0.535891
-0.266092
-0.001233
-0.001222
-0.006770
-0.023747
-0.000563
-0.657067
-0.203062
-0.030280
0.002109
-0.325520
-0.497339
-0.003045
-0.064215
-0.009599
-0.002796
-0.001009
-0.017136
-0.003853
-0.003916
0.001850
-0.004602
-0.679449
