-0.142057
0.000107
-0.000203
-0.026132
-0.394504
-0.310003
-0.001157
-0.000129
-0.002360
-0.014237
-0.004538
-0.004189
-0.838809
0.003157
-0.007839
-0.001203
-0.013427
-0.007662
-0.021078
-0.132655
-0.001251
-0.029476
-0.001232
-0.539662
-0.014565
-0.016203
-0.001789
-0.001186
-0.007670
-0.003232
-0.001186
-0.000996
-0.023301
-0.002957
-0.015314
-0.464225
-0.000762
-0.001413
-0.000913
-0.001891
-0.013521
-0.005427
-0.001474
-0.000757
-0.010196
-0.062553
-0.002141
0.055703
0.097825
-0.402240
-0.012666
-0.585835
-0.011668
-0.038135
0.413435
-0.001079
-0.843791
-0.014243
-0.030996
-0.001227
-0.547874
-0.013736
-0.001567
-0.881543
-0.001513
-0.001024
-0.004031
-0.005752
-0.190158
-0.001878
-0.013352
0.001009
-1.265544
-0.007721
-0.002679
-0.129706
-0.006024
-0.367184
-0.153969
-0.560135
-0.010725
-0.004304
-0.280385
-0.366501
-0.000100
-0.222704
-0.002923
-0.007253
-0.094641
-0.011719
-1.416014
-0.001567
-0.180126
-0.005833
-0.440592
-0.343806
-0.001555
-0.385976
-0.004980
-0.001728
-0.001255
-0.507255
-0.028404
-0.017735
1.295909
-0.000270
-0.005154
-0.009469
-0.001254
-0.078144
-0.334219
-0.218914
-0.002000
-0.006605
-0.002420
-0.001508
-0.007566
-0.003046
-0.004070
-0.000593
-0.011381
-0.001147
-0.480709
-0.109947
-0.747376
-0.004770
-0.001676
-0.612072
0.248565
-0.005312
-0.195584
-0.000838
-0.384788
-0.001399
-0.004879
-0.416033
-0.001243
-0.002266
