1.696441
0.000929
0.000029
0.006493
-2.196254
5.108146
-0.000497
-0.000012
0.005476
0.014247
-0.027504
-0.033805
-4.497804
-0.002344
-0.000452
0.004154
0.028356
-0.012571
0.004658
2.600763
-0.003382
2.759326
-0.002131
-2.933842
0.003864
-0.028301
0.003695
-0.021060
-0.022034
-0.025176
0.000735
-0.008682
-0.014989
-0.027424
-0.013331
-2.749676
-0.021552
0.007119
-0.001180
0.006869
-0.002132
3.715280
-0.000810
0.000496
-0.010755
2.674485
-0.001142
6.407088
3.597096
4.193436
-0.007642
4.323860
0.018250
-2.859480
-2.496946
-0.001005
-3.779676
0.029653
-0.002038
-0.000298
3.313463
0.029375
-0.008418
-3.279275
0.000579
-0.023188
0.002154
0.005792
4.928458
0.004452
0.008794
4.699912
-3.573766
-0.014041
-0.003204
2.521605
-0.007024
2.884864
2.480748
-3.540806
-0.000239
-0.007795
5.729749
-2.348073
0.000013
5.423894
-0.012324
0.009314
6.804980
-0.025059
-3.443733
-0.003308
2.713714
-0.001592
-2.145703
3.517324
0.001839
-3.090764
-0.001120
0.012885
0.010933
3.605797
0.030924
-0.013616
-3.881198
0.000042
0.013715
-0.027984
0.000813
-2.352378
4.199387
3.190517
0.003163
0.006245
-0.004594
0.000552
-0.018203
0.001957
0.001116
0.000558
0.027529
-0.000085
-2.457066
4.117591
-4.395033
-0.008120
-0.000545
-1.918622
-2.304736
0.003408
3.805633
0.000139
5.365530
0.010994
-0.017065
-2.930788
0.028925
-0.006511
