-0.001420
-0.141095
-0.406831
-0.228860
0.138254
-0.000373
-0.022337
0.002984
-0.000929
-0.003806
-0.291026
0.142492
0.371696
-0.000661
-0.002682
-0.002995
-0.001315
-0.001750
-0.000525
-0.003243
-0.507103
-0.000678
0.001272
0.370986
-0.001272
0.205165
0.001347
-0.001532
-0.004450
0.103846
0.268895
-0.002311
-0.143644
-0.000946
-0.000644
0.262145
0.005928
-0.223416
0.170804
-0.006005
0.178804
-0.130598
0.002200
-0.001371
-0.149764
0.005458
-0.227306
-0.308939
0.153837
-0.005667
0.351770
-0.001481
-0.002769
-0.146222
-0.001292
-0.001484
0.092871
-0.001614
-0.001905
-0.152031
-0.000798
0.225952
0.002855
-0.008211
-0.001075
-0.122045
0.002508
0.001520
-0.001625
-0.000356
-0.002242
-0.000104
-0.223005
-0.377192
-0.038790
-0.290594
-0.000078
-0.000267
-0.443696
0.079275
-0.298782
-0.000587
-0.007317
-0.001519
-0.008491
0.377271
0.250130
-0.001187
-0.005888
0.004171
0.001304
-0.003671
0.003711
-0.220740
0.002341
-0.001879
-0.002600
0.085134
-0.001476
-0.001301
-0.009656
-0.000912
-0.000923
-0.001492
-0.000072
-0.006908
0.004859
0.002111
-0.004228
-0.031236
-0.000656
-0.003455
-0.007181
-0.000490
-0.002342
-0.002980
0.142484
-0.013117
-0.000985
0.003317
0.001082
-0.000053
0.003541
-0.003260
0.080521
-0.277122
-0.000014
-0.000881
-0.000957
-0.000710
0.002278
-0.410422
0.013610
0.005610
-0.001682
-0.497507
-0.012865
0.241727
-0.001918
0.002308
-0.003576
-0.000623
-0.002703
-0.551882
-0.004789
0.320108
-0.007361
-0.001136
0.347441
0.293331
-0.002388
-0.111161
0.000104
-0.001658
-0.185022
-0.002949
-0.001436
0.005163
0.087680
0.000770
-0.000329
-0.145266
-0.348974
-0.001134
-0.380567
-0.219947
-0.001702
0.186329
-0.003818
0.008862
-0.000545
-0.006673
0.132422
-0.000570
0.002661
-0.002222
-0.001570
-0.013886
-0.005989
-0.210326
0.088087
-0.005053
-0.001902
0.265038
-0.002137
-0.014682
0.344657
-0.000781
