-0.001861
0.983793
-0.303923
1.082629
-0.000217
-0.004340
-0.949990
-0.002637
-0.005366
0.208693
-0.023788
-0.380618
0.002140
-0.005343
-1.366246
0.007162
-0.001145
-0.001221
-0.000256
-0.010098
0.192694
-0.001885
-0.001295
-0.002757
-0.000793
0.872283
-0.026547
-0.002487
-0.001144
-0.021269
-0.000398
-0.010719
0.243752
-0.000323
-0.010038
0.000408
-0.003130
0.548671
-0.005714
-0.004813
-0.001340
0.195272
-1.376291
-0.001275
-0.012087
-0.005590
-0.007948
0.000540
-0.001941
-0.754382
-0.002867
-0.474475
-0.024441
0.591182
0.161093
-0.000146
0.964893
-0.000672
-0.001199
-0.004222
-1.448741
0.410040
-0.006540
-0.004300
-0.013834
-0.000629
-0.005437
-0.923601
0.005127
-0.003261
-0.002861
0.959874
-0.006254
-0.000904
0.024764
-0.001508
-0.000187
