0.004691
-2.327047
2.974984
-2.605686
-0.000038
0.030708
-1.580403
-0.001343
0.004572
5.028806
-0.001126
-1.292210
0.000018
0.012722
-1.605998
0.004889
-0.005392
-0.000353
0.000614
-0.021335
-2.074618
0.004280
-0.000166
-0.026208
-0.000123
-2.199484
0.022132
-0.001793
-0.002185
-0.039779
0.002157
-0.015923
4.075861
0.000021
0.007385
-0.004174
-0.018858
5.641906
0.018576
-0.003891
-0.028368
-1.834422
-1.531855
0.001593
0.031289
-0.005106
0.004008
-0.000055
0.013561
3.864062
0.004544
-1.657037
0.015380
-2.506943
5.568619
0.000008
-2.726975
0.000305
0.034353
0.038862
-1.210050
0.276354
0.002601
0.001075
-0.006042
0.000178
-0.015468
-0.891971
0.001731
0.030805
-0.000720
-2.691308
0.007210
-0.012553
2.902232
0.001914
0.000045
