0.008322
0.025690
0.054975
-0.005081
-0.019204
-0.000129
-0.002294
-0.000344
-0.007561
-0.007963
-0.002038
-0.007163
0.014251
-0.000845
0.000016
-0.000344
-0.000662
-0.000481
-0.000140
-0.010357
-0.000498
0.018468
-0.000916
-0.000341
-0.004050
0.055782
-0.010978
-0.023046
0.027498
-0.001831
-0.014412
-0.000335
-0.000093
-0.008680
-0.005874
0.016486
-0.040537
0.025397
-0.003316
-0.000560
-0.003370
-0.001088
-0.018907
-0.000197
0.035717
-0.001218
0.022568
-0.000390
-0.006241
0.001282
0.014672
0.017642
0.001365
-0.007821
-0.000358
-0.001777
-0.001357
0.017267
-0.000234
-0.045280
-0.004503
-0.003393
0.020105
-0.020081
0.001544
-0.000421
0.021529
-0.026192
-0.001673
0.017619
-0.003442
-0.000145
-0.003590
-0.005032
0.016918
0.016932
0.025608
0.019099
-0.004741
-0.027415
0.008453
-0.002104
-0.000476
0.018090
-0.000362
-0.006133
-0.001777
0.014079
-0.023313
-0.004477
0.011544
0.000300
-0.012427
-0.005160
-0.013197
0.015063
0.028826
-0.000136
0.018204
0.001627
-0.031849
-0.002715
0.014978
-0.007924
-0.022317
-0.010014
0.037493
0.025989
-0.008090
0.035512
-0.000197
0.017688
-0.016462
-0.000371
-0.001510
0.016370
-0.000706
0.025315
-0.004383
-0.000189
0.037438
-0.009794
-0.006870
-0.009290
-0.001900
-0.000551
-0.019465
-0.001390
-0.007336
-0.002647
-0.000191
-0.003588
-0.000999
-0.006225
-0.010966
0.019245
-0.000588
-0.010320
0.017651
-0.023855
