-0.017298
-0.456982
-0.973208
-0.012399
1.917582
-0.000235
0.986670
-0.019415
1.951207
-0.011933
1.205040
1.333448
-1.603987
-0.014600
-0.000072
-0.007237
0.027131
-0.018397
0.000160
-0.639174
-0.011781
-1.330837
0.001158
-0.023008
-0.018913
-0.908227
-0.040725
1.280235
-0.635269
1.606016
-0.836327
-0.000499
-0.000335
-0.047305
1.251645
-1.332814
1.497239
-1.096870
1.424287
0.000308
0.041933
0.010118
0.444149
-0.021515
-0.709674
0.000691
-1.826715
0.006093
-0.001073
1.541557
-1.682310
-1.671700
1.729672
-0.007454
-0.000014
0.001321
-0.005539
-1.679412
-0.006881
0.520330
1.169467
1.342077
-0.989549
-0.029983
0.004485
0.001775
-1.020486
1.793955
0.013534
-1.570051
0.019525
-0.006564
1.425603
-0.578312
-1.768885
-1.787915
-0.483274
-0.366610
1.688060
1.813402
-1.080236
0.018649
-0.508129
-0.877337
-0.013298
0.011507
0.001705
-0.310749
1.667464
1.539247
-1.441695
-0.000113
-0.017209
-0.000661
-0.024501
-0.938143
-0.575803
-0.000365
-1.335803
0.020764
0.547183
1.129122
-1.555446
0.636759
1.291983
-0.007723
-0.892423
-0.457223
0.821976
-0.641101
0.000129
-1.323678
3.790080
-0.008581
0.010495
-0.883710
0.005863
-2.440079
1.566839
0.000215
-0.990850
2.724741
1.299471
1.270673
0.001128
0.012117
-0.015961
0.013666
0.063365
0.841867
-0.002802
-0.002807
0.002382
-0.023753
-0.017663
-1.076634
0.002441
1.954149
-1.371470
-0.140055
