0.408337
0.000192
-1.522274
-1.582234
-0.907344
0.001924
0.015699
-0.284918
-0.388330
0.028079
-1.888463
-0.461452
0.003008
1.268718
-0.000319
0.000015
0.915620
-0.023697
1.755934
-1.315320
2.438776
-0.350700
-0.001097
1.978646
-0.263481
0.003938
1.971789
-1.415687
0.009482
-0.026590
-1.550080
1.435369
-0.040739
-1.477107
0.002909
-0.022386
-0.029400
0.021438
-0.000053
-1.517851
-0.788834
0.511613
-1.989234
1.858820
1.993714
-1.886801
-0.005311
-1.262652
0.013398
-0.034858
-0.000468
1.216143
-1.933049
-0.008916
-0.000025
-0.000036
1.783634
1.840613
1.676265
0.000053
-0.037244
1.744571
-1.320764
-0.410007
2.207442
-0.014337
-0.001143
0.016863
-1.061653
-0.000076
2.255935
-0.167957
-0.000046
-0.003602
1.705586
0.010683
1.860408
-0.001090
0.000035
-0.718224
-0.232439
-0.121571
0.826352
-1.032461
-0.000199
-0.000047
-0.012408
0.003787
-1.312573
-1.298370
1.383389
-0.000057
-0.200776
-0.594401
-0.877093
0.029361
-1.696056
-0.820824
0.904676
1.607289
-2.306032
-1.562376
1.273754
0.018725
-0.004464
-0.056305
0.025930
1.780418
0.842944
-0.013654
1.873309
0.078436
0.025357
-0.019769
1.976240
-0.179301
-0.297158
-0.265951
-0.037049
