-0.020637
-0.000652
-0.000969
0.054234
-0.056106
-0.002040
-0.014208
-0.003127
-0.028754
-0.003700
-0.008943
-0.001196
-0.001812
-0.001968
-0.028035
-0.020802
-0.014764
-0.000713
-0.001195
-0.002993
-0.000239
-0.000677
-0.013997
-0.000517
-0.013338
-0.004416
-0.002270
-0.016575
-0.012760
-0.012451
-0.001546
-0.018528
-0.005099
-0.037135
-0.000848
-0.001060
0.125087
-0.001304
-0.008013
-0.025152
0.121666
-0.003178
-0.002697
0.164945
-0.000834
0.158734
-0.003643
-0.002003
-0.004173
-0.028391
-0.033962
-0.002014
-0.001363
-0.007275
-0.002070
-0.015468
-0.010658
-0.016136
-0.004795
0.082569
-0.001841
-0.014467
-0.001915
-0.009733
