0.001675
-0.015487
-0.000004
0.000459
0.000320
0.020048
-0.000025
2.153387
0.002874
-0.003651
-0.009339
-0.000252
0.000335
0.001541
-0.001875
0.011396
-0.001370
0.004602
-0.007452
0.000888
0.004289
-0.000253
0.002942
0.007728
0.007724
4.406244
-0.372788
0.000136
-0.000006
-0.000099
0.003462
0.001408
0.001563
-0.035875
-0.000183
-0.000244
0.002958
-0.000016
-0.009811
-0.000045
-0.000867
6.831255
-0.004596
-0.005836
-0.000772
0.000114
-0.000061
-0.019767
3.412783
-0.017715
8.641383
0.007558
-0.000317
-0.002118
0.001131
0.023345
0.017561
0.013836
-0.002239
-0.003586
-0.000369
-0.398734
0.000013
0.010001
0.000727
-0.000028
-0.002316
-0.003557
0.000125
-0.001088
0.010837
-0.015529
0.000060
-0.008896
-0.005521
2.298324
0.000472
0.021024
0.000015
-0.006585
0.015011
-0.000315
7.467171
0.002948
0.000107
-0.004635
-0.027746
6.761193
6.757469
0.002058
8.991942
-0.004211
0.000125
0.000105
-0.000841
0.012393
0.001376
6.086311
0.012145
-0.017691
-0.002025
-0.016337
0.001558
-0.002354
0.005201
0.000025
-0.000103
3.186704
0.002133
0.003407
0.005104
0.000421
0.010442
0.006068
-0.000864
0.016203
-0.015346
-0.000580
-0.006744
4.152884
0.007272
-0.003647
0.000156
0.000222
0.017646
0.023625
4.791735
0.000076
-0.437920
-0.002855
0.005406
-0.006477
-0.013230
0.013484
0.000078
-0.032042
-0.002435
0.000326
0.008187
0.001032
0.005884
0.000111
0.006794
0.008078
0.000005
0.000423
0.003371
-0.392449
0.000043
-0.000545
0.000452
0.004066
-0.000219
-0.000183
0.017894
-0.017128
0.000067
0.013328
-0.000164
7.696158
-0.006383
0.002407
-0.004318
0.003363
0.000046
0.003686
-0.001741
-0.006490
2.495258
-0.006592
0.016515
1.405239
0.000012
0.003319
0.000043
0.001158
0.000020
0.001174
-0.025423
-0.005580
0.007268
-0.011497
-0.000024
