-0.255639 0.000037 0.000039 0.000131 0.008892 -0.000773 -0.090506 0.078906 0.108754 -0.000014 0.000108 0.027784 0.166042 -0.129650 -0.000270 -0.066016 -0.094100 0.222103 -0.000303 0.252382 0.304888 -0.319632 0.012017 -0.212320 0.131002 -0.000151 0.008069 0.002623 0.000105 0.017820 0.096755 0.000097 -0.484087 -0.031316 -0.260952 -0.000209 -0.000130 0.112502 -0.024565 -0.000098 0.120487 -0.000152 -0.000003 0.021571 -0.365452 -0.000046 0.000059 -0.000049 -0.011043 -0.140947 -0.000507 0.011685 -0.000037 0.056416 -0.000220 0.000232 0.138909 -0.025745 -0.000022 0.217627
-0.132335 -0.000016 -0.000079 -0.000035 0.041522 0.006261 0.086428 0.419030 -0.055035 -0.000068 -0.000007 0.005823 -0.136975 -0.195444 -0.000083 -0.052232 0.017595 -0.096796 0.000047 -0.111653 -0.170045 0.028440 0.048790 0.245659 -0.240742 -0.000348 0.039623 0.021343 0.000044 0.062476 -0.268325 0.000044 -0.082489 0.310137 -0.008016 -0.000028 0.000074 0.237175 -0.020415 0.000028 -0.082343 -0.000357 0.000330 -0.139851 -0.168988 0.000176 0.000000 0.000060 -0.074665 0.181915 0.000300 0.048399 -0.000045 -0.160342 -0.000128 -0.000069 0.014579 -0.130806 -0.000048 0.113715
0.044780 0.000033 -0.000027 -0.000009 0.042654 0.008778 0.036843 -0.242377 0.056172 0.000025 0.000302 0.152491 -0.484891 -0.031002 0.000082 -0.134741 0.206816 0.098195 -0.000090 0.125691 -0.254373 -0.145953 0.049528 0.258829 0.022066 0.000258 0.040898 0.023570 -0.000053 0.061382 -0.187856 -0.000089 -0.354397 -0.005864 0.229183 -0.000117 0.000079 0.336324 -0.105609 0.000160 0.032471 -0.000343 0.000284 0.004377 -0.268059 -0.000111 -0.000331 0.000230 -0.224972 0.129283 0.000197 0.048956 0.000039 -0.416709 -0.000048 -0.000038 0.249728 -0.256983 -0.000094 0.186277
-0.063491 -0.000201 0.000025 -0.000064 0.060997 0.015797 0.134074 0.015738 0.007692 -0.000165 -0.000096 0.119951 -0.195805 0.062919 0.000146 -0.025966 -0.048589 -0.191313 0.000102 -0.027358 -0.028226 0.071843 0.070753 0.151307 0.157621 -0.000411 0.058648 0.035112 0.000062 0.088389 -0.060321 -0.000117 -0.061077 0.070448 -0.054642 0.000298 0.000067 0.322284 -0.452427 -0.000098 -0.227733 0.000100 0.000129 0.015346 -0.219265 0.000228 0.000105 0.000000 -0.006822 0.006765 -0.000478 0.070038 0.000067 0.003356 0.000005 0.000091 0.133010 0.049070 -0.000003 0.009244
-0.191806 0.000045 0.000019 -0.000438 0.088648 0.033550 -0.193285 0.249114 0.068670 0.000100 0.000010 -0.164848 -0.059558 0.009311 0.000165 -0.040846 0.253245 0.010974 0.000067 -0.031233 -0.007862 0.183047 0.100046 -0.087113 -0.054363 0.000115 0.085676 0.056806 -0.000038 0.121651 -0.123989 -0.000003 0.011920 -0.038171 -0.025530 -0.000139 0.000080 0.003090 0.077831 0.000178 -0.109342 -0.000240 -0.000118 -0.027322 0.038181 -0.000319 -0.000031 0.000184 0.328016 0.087889 0.000258 0.099287 0.000055 -0.044740 0.000029 0.000042 0.340654 -0.346428 -0.000097 -0.061634
0.123717 -0.000081 0.000084 0.000159 0.036603 0.003472 -0.165446 0.064888 -0.009618 0.000039 0.000041 0.035205 -0.066978 -0.266237 -0.000096 0.162838 -0.146525 0.209562 -0.000002 0.265370 0.419290 -0.098994 0.043340 -0.127002 0.184071 -0.000425 0.034865 0.017948 0.000288 0.055054 -0.042135 -0.000151 -0.039234 0.191085 -0.256987 -0.000046 0.000138 -0.086008 0.321154 -0.000071 -0.109478 0.000077 0.000057 0.205604 0.117662 -0.000351 -0.000240 0.000044 0.383855 -0.000436 0.000042 0.042708 0.000121 -0.187247 -0.000046 0.000018 -0.156236 0.185100 -0.000059 -0.170618
-0.084005 0.000011 -0.000177 0.000165 0.041388 0.009687 -0.110801 -0.050847 -0.040015 -0.000043 -0.000147 0.110000 0.085431 -0.285381 0.000030 0.031622 -0.279573 0.059283 -0.000023 -0.058562 0.066237 -0.047568 0.047378 -0.000010 -0.077828 -0.000174 0.039788 0.024114 -0.000129 0.058295 0.023428 -0.000088 0.203226 -0.184359 0.057540 -0.000210 0.000034 0.066494 -0.010273 -0.000154 0.250975 0.000214 0.000237 0.249147 -0.124481 0.000125 0.000071 -0.000156 0.023262 0.050556 -0.000206 0.046905 0.000034 -0.168504 -0.000006 0.000202 -0.103498 -0.045872 -0.000141 -0.065764
-0.024501 -0.000018 0.000038 -0.000050 0.027326 0.003631 0.120691 -0.004243 0.153437 -0.000285 0.000034 0.192301 -0.114156 -0.042886 -0.000096 -0.022395 -0.166050 0.011969 -0.000039 0.198358 -0.017399 0.052007 0.032268 -0.032940 0.082976 -0.000083 0.025971 0.013319 0.000192 0.041459 0.091786 -0.000013 -0.132009 -0.271447 0.013927 -0.000012 0.000011 -0.124717 -0.205071 0.000046 -0.074714 -0.000564 0.000013 0.096003 0.051447 0.000366 0.000129 -0.000071 0.037699 0.257669 0.000308 0.031743 -0.000055 -0.118837 -0.000050 -0.000155 0.044795 -0.140011 -0.000033 -0.010810
-0.004725 0.000034 -0.000066 -0.000192 0.057892 0.019586 0.089029 -0.035616 0.029464 -0.000119 0.000058 0.218404 -0.266832 -0.144991 0.000074 0.152521 -0.006399 0.019164 -0.000235 -0.163868 -0.134618 0.100850 0.064869 0.028213 -0.027539 0.000061 0.055899 0.036772 -0.000096 0.078317 -0.035177 0.000064 -0.188980 0.000743 0.225473 -0.000103 -0.000068 0.033306 -0.349031 -0.000215 0.021681 -0.000116 0.000351 -0.001066 0.146530 -0.000081 0.000149 -0.000016 -0.014285 -0.258640 0.000083 0.064706 0.000023 -0.201409 -0.000068 -0.000078 0.035352 0.202974 -0.000134 0.305586
-0.280637 0.000128 -0.000148 -0.000175 0.058311 0.019077 0.070931 0.102124 -0.230763 -0.000101 -0.000173 0.349820 0.278733 0.133334 -0.000505 0.157074 -0.173996 -0.207367 0.000033 -0.287442 -0.036075 -0.119632 0.066244 0.034449 0.264952 -0.000069 0.056314 0.036394 0.000066 0.080284 -0.255498 -0.000066 0.033967 0.170771 -0.044341 -0.000388 0.000177 -0.317993 0.031630 -0.000050 0.375053 0.000086 0.000480 -0.091054 0.304429 0.000160 0.000237 0.000171 0.159868 -0.442164 0.000177 0.065561 -0.000125 0.232127 0.000185 -0.000110 0.008926 -0.242338 0.000089 0.306218
0.215734 -0.000056 -0.000123 -0.000047 0.023776 0.002218 0.041649 0.008167 -0.024860 0.000191 0.000119 -0.130394 -0.127738 -0.038574 0.000217 -0.029006 -0.008482 -0.049010 -0.000196 0.079700 -0.050317 -0.088895 0.028503 -0.116585 -0.066889 0.000105 0.022444 0.010787 0.000031 0.037066 -0.143004 0.000289 -0.085207 0.182427 0.030796 0.000070 0.000038 0.107130 0.045471 0.000157 0.167542 -0.000115 0.000143 -0.016778 0.068400 -0.000084 0.000147 0.000194 -0.053521 0.338321 -0.000432 0.028402 -0.000081 -0.216128 -0.000022 0.000241 -0.030173 0.194092 -0.000267 0.111210
0.026800 -0.000109 0.000111 -0.000096 0.024365 0.003308 0.091491 -0.185873 0.013365 -0.000084 0.000169 -0.009346 0.126736 0.067536 -0.000062 -0.151727 0.274810 0.039606 -0.000080 -0.039504 0.261303 -0.340598 0.028555 0.164427 -0.168793 0.000079 0.023113 0.012231 -0.000144 0.036307 -0.187154 -0.000134 0.067048 0.019255 -0.062762 -0.000086 0.000126 -0.040019 0.154869 -0.000069 0.029477 -0.000042 0.000336 0.063892 0.012766 -0.000080 -0.000040 -0.000016 -0.072907 0.218782 -0.000043 0.028371 0.000156 0.027822 0.000103 -0.000179 0.372961 0.109421 -0.000089 -0.083035
0.035612 0.000019 -0.000024 0.000000 0.034275 0.004495 0.017544 -0.044703 0.138174 0.000281 0.000047 0.029859 -0.231697 0.088134 -0.000133 -0.144718 0.312101 -0.188837 0.000470 0.040241 0.054295 0.032186 0.040652 0.038851 -0.104562 -0.000213 0.032706 0.017144 0.000223 0.053554 0.000197 0.000114 0.097032 -0.270958 0.170437 0.000074 0.000011 -0.287143 -0.069659 0.000048 -0.048858 -0.000219 0.000186 -0.026545 -0.104679 0.000181 0.000030 0.000095 0.064668 0.336905 -0.000148 0.040031 0.000107 0.080413 -0.000043 -0.000117 -0.502296 0.257701 0.000082 -0.084783
0.250448 0.000133 -0.000122 0.000059 0.037552 0.007663 0.042927 -0.115199 0.112803 -0.000203 -0.000222 0.162924 0.095047 -0.038520 0.000177 0.143695 -0.040652 -0.091347 -0.000004 0.068929 -0.048129 -0.068267 0.043527 0.019159 0.144275 -0.000211 0.035987 0.020842 0.000209 0.054372 -0.017675 -0.000087 0.069810 -0.125079 0.103466 -0.000214 -0.000109 0.157781 0.030326 -0.000200 0.107420 -0.000073 0.000035 0.195473 -0.002382 -0.000197 0.000069 0.000058 0.065406 0.198313 -0.000063 0.043076 -0.000091 0.024490 0.000474 0.000176 -0.632091 0.209781 0.000039 -0.206011
-0.287187 -0.000098 -0.000176 -0.000046 0.043016 0.010124 -0.089960 -0.069835 0.198452 -0.000124 0.000117 -0.247580 0.197916 -0.446192 -0.000131 0.064708 0.104419 0.101042 0.000256 -0.002088 0.088965 -0.084170 0.049145 0.067624 -0.161088 0.000265 0.041421 0.024976 0.000016 0.060432 0.158883 -0.000076 0.057904 -0.056476 0.015142 -0.000117 -0.000128 -0.235648 -0.363451 -0.000098 0.005511 -0.000528 0.000154 -0.062706 -0.422373 0.000108 0.000248 -0.000018 0.115344 0.102878 -0.000305 0.048599 -0.000090 -0.207904 0.000533 0.000028 -0.108724 0.260662 -0.000023 0.029315
0.072685 0.000023 0.000072 0.000170 0.023765 0.005202 -0.138427 0.121938 0.269053 0.000009 0.000026 -0.031067 0.092173 -0.016681 -0.000082 0.002999 0.114194 0.216857 0.000030 -0.119517 0.109000 -0.096663 0.028564 0.026012 0.073888 -0.000055 0.022513 0.012678 -0.000223 0.036074 0.039910 -0.000161 0.112495 -0.008460 0.093494 0.000131 -0.000238 -0.133708 -0.258831 0.000010 -0.130481 0.000039 0.000229 0.323865 0.089457 -0.000067 -0.000039 -0.000051 -0.176371 0.126980 -0.000022 0.027896 -0.000186 0.013927 -0.000127 -0.000111 -0.351285 0.353368 0.000154 -0.013385
-0.172922 0.000003 0.000052 -0.000141 0.019780 0.000673 0.159555 0.151349 -0.184092 0.000076 -0.000040 -0.003165 -0.015850 0.023525 -0.000037 -0.057476 -0.070214 0.054353 -0.000090 -0.072570 -0.127388 0.251719 0.024447 0.338997 -0.258215 -0.000043 0.018547 0.007647 0.000073 0.033510 0.001724 0.000088 0.087729 0.028995 -0.341626 0.000299 0.000218 -0.329980 -0.139887 -0.000257 0.040125 -0.000398 -0.000054 0.052689 -0.373999 0.000147 -0.000148 -0.000012 -0.083418 0.305900 0.000138 0.024149 0.000063 0.175475 -0.000010 0.000054 -0.156669 -0.068947 0.000134 -0.101099
-0.358487 0.000172 0.000246 -0.000201 0.046787 0.012154 -0.306523 0.140284 -0.107176 -0.000159 0.000149 0.078137 -0.070045 -0.112514 0.000041 -0.043686 0.002332 0.012302 -0.000032 -0.060799 0.026362 0.157345 0.053574 -0.002991 0.179058 -0.000069 0.045054 0.027714 0.000033 0.064277 -0.084284 0.000198 0.008163 0.222317 -0.121173 -0.000279 -0.000007 0.222612 0.140176 0.000109 -0.056847 0.000006 0.000085 -0.296674 -0.123837 -0.000012 -0.000076 -0.000105 -0.054212 0.006902 0.000223 0.052938 -0.000067 -0.136478 0.000332 0.000022 0.044373 -0.000815 -0.000028 -0.107797
0.008978 -0.000041 0.000066 -0.000026 0.062896 0.022320 0.093292 -0.126951 0.278848 -0.000061 -0.000004 0.266372 0.038815 0.201669 -0.000148 0.044782 0.045639 -0.040907 -0.000015 -0.230712 -0.329543 -0.011185 0.070548 -0.113198 -0.172635 -0.000195 0.060791 0.040374 -0.000254 0.085243 -0.193011 0.000112 -0.334880 0.154447 -0.011164 0.000324 0.000234 -0.049915 0.028827 0.000027 0.072989 -0.000532 0.000125 -0.008677 -0.029102 -0.000079 -0.000087 0.000033 0.135570 0.114941 0.000220 0.070042 0.000055 0.197975 0.000133 0.000155 0.305415 -0.182203 0.000058 0.197294
0.115971 -0.000095 -0.000041 0.000030 0.077236 0.028914 -0.040709 -0.140425 0.066768 0.000036 0.000014 0.070374 -0.009704 -0.314700 -0.000208 0.131181 0.248863 -0.014993 -0.000189 0.094710 0.128588 -0.170285 0.086924 0.110269 0.116737 0.000289 0.074510 0.049544 0.000015 0.106023 0.068157 -0.000087 -0.275497 -0.210503 0.250809 -0.000385 -0.000046 0.143620 -0.370801 -0.000104 0.154278 -0.000242 0.000120 -0.106084 -0.180378 0.000404 0.000050 -0.000168 0.225152 -0.013550 -0.000270 0.086484 -0.000056 -0.160591 0.000222 0.000048 -0.159699 0.096731 -0.000167 -0.295146
-0.133029 -0.000068 0.000076 -0.000101 0.017056 0.002803 0.040580 -0.189897 -0.082787 -0.000024 0.000107 -0.156140 0.036173 -0.170899 0.000228 -0.088901 0.128625 -0.088624 -0.000013 0.136322 0.141819 -0.034458 0.019943 -0.467651 -0.017903 0.000238 0.016269 0.008818 0.000167 0.024206 0.045388 0.000099 -0.041603 0.312686 -0.212282 -0.000103 0.000124 0.327011 0.361280 0.000006 -0.000854 -0.000151 -0.000069 -0.131794 -0.264269 0.000144 -0.000140 -0.000002 -0.076172 0.116326 0.000184 0.019618 -0.000058 -0.037049 -0.000048 -0.000153 0.101305 -0.042677 0.000062 -0.220119
-0.358061 -0.000136 -0.000072 0.000053 0.002144 0.001861 -0.252221 0.240782 0.178632 0.000077 0.000065 -0.019404 -0.190611 0.000169 -0.000121 -0.157601 -0.394079 0.014244 0.000136 0.266005 0.183579 0.231407 0.002876 0.022259 0.104818 0.000056 0.002056 0.001843 0.000089 0.006508 -0.012540 -0.000016 0.028416 0.064602 -0.329272 -0.000171 0.000249 0.143306 0.036824 0.000031 -0.190005 -0.000156 0.000270 0.321575 0.155874 -0.000008 -0.000340 -0.000013 -0.010759 -0.019274 -0.000269 0.002742 -0.000267 0.227400 0.000116 -0.000092 0.020401 0.342479 0.000007 -0.053612
-0.338971 -0.000365 0.000043 0.000014 0.046364 0.013711 0.094593 0.227977 0.075230 -0.000161 0.000094 -0.332304 -0.287190 0.137492 0.000140 0.128064 0.051645 -0.039114 -0.000053 0.014378 -0.204534 0.164786 0.052705 -0.068608 0.033375 -0.000059 0.044688 0.028123 0.000077 0.064402 0.097807 0.000057 -0.034778 -0.349537 -0.429900 0.000281 -0.000017 0.008891 0.310616 -0.000096 -0.176145 -0.000266 0.000050 0.016776 0.007345 -0.000241 -0.000121 0.000191 -0.148839 0.088130 0.000010 0.052251 -0.000260 -0.103454 0.000293 -0.000009 -0.175254 0.038653 -0.000147 0.378281
-0.129328 -0.000206 0.000143 -0.000076 0.040064 0.008645 -0.053638 0.009703 -0.161899 0.000110 0.000057 0.132887 -0.302518 0.122099 0.000206 -0.028736 -0.032855 0.004972 0.000062 0.434191 0.131843 0.150088 0.046176 0.105669 -0.098097 0.000046 0.038483 0.022601 -0.000012 0.056352 -0.279444 0.000054 0.049926 0.013117 0.124930 -0.000283 0.000259 -0.183760 -0.269355 -0.000442 -0.252288 0.000059 0.000196 -0.017586 -0.197726 -0.000115 0.000035 -0.000070 0.103909 -0.120369 -0.000437 0.045696 0.000095 -0.271625 -0.000132 0.000137 0.003446 0.168575 -0.000111 0.144233
-0.083172 -0.000117 -0.000189 0.000182 0.054879 0.016113 -0.257784 -0.098198 -0.076957 -0.000016 -0.000178 0.218239 0.159083 -0.080457 0.000087 0.249079 0.011495 -0.005048 0.000218 -0.063313 -0.074432 0.130623 0.062281 -0.142856 0.215228 -0.000050 0.052905 0.033315 -0.000253 0.075319 0.064545 0.000034 0.324383 -0.069827 0.091359 0.000297 0.000070 0.021635 0.005635 -0.000159 -0.287703 0.000129 -0.000051 -0.081761 -0.278433 -0.000291 -0.000060 0.000017 -0.346154 -0.001308 -0.000157 0.061736 -0.000163 -0.035727 0.000190 -0.000101 -0.024169 0.201831 0.000182 0.092013
-0.324602 0.000012 -0.000011 0.000047 0.047325 0.011421 0.049167 0.016815 -0.236678 -0.000080 -0.000052 0.220012 0.060908 -0.034916 -0.000013 0.101017 0.331524 0.049896 0.000208 -0.012618 0.174467 -0.118422 0.054731 -0.018120 0.035945 0.000043 0.045437 0.027169 0.000086 0.068285 -0.131147 0.000064 0.004927 -0.006157 0.364583 -0.000294 -0.000050 0.085127 -0.327069 -0.000070 0.187224 -0.000121 0.000008 0.130428 0.014025 -0.000055 0.000188 -0.000007 0.299369 -0.250848 -0.000255 0.054252 -0.000204 0.085368 0.000079 0.000032 -0.134464 -0.327398 0.000070 -0.273391
0.050353 -0.000141 0.000226 -0.000011 0.049507 0.011300 0.073739 0.059434 0.133542 -0.000259 0.000104 0.007932 0.142170 0.005468 0.000031 -0.134564 -0.086494 0.004106 -0.000039 0.227173 -0.023618 0.208800 0.057443 0.003346 0.137121 0.000009 0.047380 0.027703 -0.000041 0.074298 -0.209783 -0.000220 -0.193436 0.231480 -0.212380 0.000349 0.000073 -0.076237 0.081379 0.000034 0.006468 0.000214 -0.000223 -0.198808 -0.144654 0.000051 0.000005 0.000192 -0.125750 -0.065574 -0.000758 0.056893 -0.000164 -0.183759 -0.000018 0.000065 -0.150548 0.012020 -0.000068 -0.210508
-0.036186 -0.000147 0.000223 0.000127 0.038902 0.009071 0.292536 -0.163223 0.055594 0.000225 -0.000015 -0.082949 -0.195158 -0.400975 0.000009 -0.039723 0.091997 -0.022999 0.000068 -0.065709 0.061494 -0.173645 0.044568 0.181405 -0.013509 0.000022 0.037491 0.022593 -0.000288 0.053876 -0.073180 -0.000003 0.176496 -0.101849 0.103034 0.000051 0.000069 0.136744 0.215882 -0.000189 0.187153 -0.000001 0.000057 -0.206507 -0.231178 -0.000205 -0.000099 -0.000007 0.010530 0.027497 0.000166 0.044180 0.000208 0.077536 -0.000220 0.000177 0.069557 0.071285 -0.000084 -0.198414
0.169150 -0.000057 -0.000320 0.000001 0.061311 0.020043 -0.044573 -0.036793 0.166811 0.000012 0.000049 0.172447 -0.127265 -0.020778 -0.000175 -0.293483 0.057088 0.161524 -0.000058 0.001197 0.229259 0.267814 0.069263 -0.243992 0.271588 -0.000034 0.059085 0.038114 -0.000243 0.084504 -0.082960 -0.000131 0.043549 -0.106910 0.031991 -0.000358 0.000099 0.158053 -0.031670 0.000091 0.288074 0.000021 0.000018 -0.040381 -0.135951 0.000087 -0.000015 -0.000042 -0.037792 0.106212 -0.000339 0.068860 -0.000216 -0.076442 0.000029 0.000003 0.153161 -0.128327 0.000159 -0.298344
-0.031735 -0.000039 -0.000163 -0.000113 0.035159 0.005866 0.101172 0.252702 0.044807 0.000199 -0.000215 0.014296 -0.344907 -0.018249 -0.000066 0.255858 -0.099818 0.280923 -0.000157 -0.194804 -0.238609 0.113326 0.040688 0.048058 -0.147339 0.000072 0.033518 0.018900 0.000129 0.052566 0.239437 -0.000175 0.176471 0.080908 0.085615 -0.000004 0.000048 -0.208806 0.014306 -0.000107 -0.326714 0.000057 0.000316 -0.011624 -0.011601 -0.000137 0.000053 -0.000045 0.077583 0.028469 -0.000284 0.040353 -0.000058 -0.284242 -0.000186 -0.000014 -0.022224 -0.053645 0.000055 -0.093265
0.271806 0.000092 0.000125 0.000067 0.022578 0.003991 0.058801 0.210903 -0.607331 -0.000074 -0.000150 -0.324101 0.233630 -0.241714 0.000030 -0.231276 0.177767 0.075796 0.000117 0.178799 0.265539 0.147618 0.026702 -0.017314 0.164440 0.000238 0.021458 0.010763 0.000054 0.035209 0.191046 0.000069 0.001720 -0.165689 -0.005340 0.000440 -0.000169 -0.184443 0.014680 0.000253 -0.085814 -0.000036 -0.000090 0.093110 0.003325 -0.000070 0.000042 0.000119 0.208301 -0.034530 0.000108 0.026471 -0.000004 -0.005843 -0.000241 -0.000077 0.003210 0.252425 -0.000003 -0.000056
0.111359 0.000103 -0.000205 0.000246 0.002454 0.000291 0.004507 0.216146 -0.166558 0.000031 -0.000217 0.215006 0.000893 0.190939 0.000403 0.099338 0.108177 -0.002419 0.000266 0.087412 0.006071 -0.113215 0.003250 -0.037216 -0.106023 -0.000076 0.002211 0.000904 -0.000178 0.004139 0.061880 -0.000097 -0.059396 0.229400 -0.004859 -0.000108 0.000085 -0.254888 -0.049710 0.000060 0.027987 -0.000378 0.000281 -0.030424 0.179577 -0.000014 0.000141 -0.000085 0.132493 0.076002 0.000306 0.003148 -0.000003 0.115594 0.000349 0.000073 0.043684 -0.060992 -0.000035 0.017856
-0.041557 -0.000011 0.000084 0.000289 0.054476 0.014727 -0.023662 -0.243922 -0.148830 -0.000182 -0.000241 0.190947 0.129526 0.012926 -0.000075 -0.093057 -0.073924 -0.183463 -0.000072 0.119081 -0.082204 0.116106 0.062414 -0.397274 0.001793 -0.000487 0.052409 0.032001 -0.000251 0.076943 0.031404 0.000116 0.262510 0.180825 -0.164521 0.000399 0.000124 -0.006252 -0.226204 0.000108 -0.151119 -0.000356 0.000059 0.074051 -0.092502 -0.000029 -0.000268 -0.000051 -0.088787 -0.115451 0.000130 0.061786 0.000100 0.085254 -0.000098 -0.000026 0.090279 0.185615 0.000378 0.275310
0.033630 0.000022 0.000196 0.000056 0.054663 0.014243 -0.035246 0.020917 -0.147002 0.000035 -0.000111 0.140816 0.012966 0.039345 -0.000028 0.019488 0.023084 -0.057510 -0.000014 0.248206 0.209836 -0.019298 0.063012 0.166481 -0.340281 -0.000022 0.052507 0.031686 0.000100 0.078618 0.116547 -0.000049 -0.085370 0.081697 -0.384259 0.000505 -0.000183 -0.089557 -0.255285 -0.000006 0.233808 -0.000490 -0.000086 0.122534 0.196517 0.000189 0.000154 0.000052 -0.126191 -0.023278 -0.000012 0.062458 0.000342 -0.131975 -0.000140 -0.000077 0.001750 0.181888 0.000129 0.072406
0.135877 -0.000162 0.000146 0.000226 0.034605 0.005971 0.265406 -0.025809 0.087880 -0.000101 0.000214 0.060310 0.393829 0.006057 0.000027 -0.057735 0.011570 0.023451 0.000455 -0.021509 -0.048444 -0.132099 0.040818 0.003769 0.095187 -0.000041 0.033061 0.018229 0.000003 0.052442 0.031423 -0.000141 -0.233615 -0.014876 -0.176035 0.000269 0.000129 0.024370 0.107949 0.000106 -0.028966 -0.000276 0.000131 0.150080 -0.007175 0.000250 -0.000136 0.000004 0.157230 0.026456 0.000079 0.040315 0.000041 0.018545 0.000052 -0.000057 0.116019 -0.018201 0.000191 -0.573714
0.037556 -0.000101 -0.000173 0.000039 0.034727 0.005724 0.009676 0.029478 0.151275 -0.000118 0.000024 -0.078243 0.159582 0.017298 0.000027 0.368773 -0.115200 0.042410 0.000013 -0.020804 -0.146070 -0.360459 0.040692 -0.284279 0.144608 0.000020 0.033166 0.018763 0.000049 0.050719 -0.292545 0.000096 -0.109037 0.090005 0.075978 0.000554 -0.000272 -0.034303 0.183007 0.000121 -0.012455 -0.000119 0.000152 0.118945 0.031796 0.000199 0.000216 -0.000041 0.169871 0.257311 0.000023 0.040224 0.000051 -0.089925 0.000453 -0.000007 0.171980 -0.019129 0.000222 -0.406383
0.041448 -0.000047 -0.000116 0.000210 0.019580 0.001021 0.313204 -0.072589 -0.057119 0.000187 0.000164 -0.030837 -0.045380 -0.221669 0.000105 0.021609 -0.019450 0.169924 -0.000181 -0.010993 0.148273 -0.255005 0.024110 -0.467701 0.038840 0.000118 0.018452 0.008481 -0.000138 0.031342 0.133504 0.000044 0.049078 -0.172180 0.177909 0.000408 0.000190 0.151814 0.219263 -0.000136 -0.137693 -0.000332 -0.000013 0.065529 0.103907 0.000209 0.000111 0.000110 0.173161 0.521431 0.000328 0.023306 0.000020 0.024019 -0.000024 -0.000072 -0.202978 0.096495 -0.000184 0.128952
-0.070450 -0.000062 0.000050 0.000056 0.005337 -0.001963 0.152596 -0.152087 0.073874 -0.000067 -0.000063 0.041547 -0.021636 -0.045487 -0.000040 -0.159242 -0.056326 0.204449 0.000248 0.206704 -0.208042 -0.117757 0.007327 0.012649 -0.159084 0.000104 0.004997 0.000891 0.000049 0.012107 0.490560 -0.000028 0.247171 -0.015517 0.129899 0.000400 0.000137 0.112302 0.166413 0.000167 -0.066869 0.000137 0.000135 -0.215589 0.318688 -0.000117 0.000087 -0.000112 -0.084628 0.054264 -0.000179 0.007027 -0.000035 0.135895 0.000027 -0.000022 0.003737 0.186661 0.000130 0.135929
-0.058605 0.000029 0.000030 0.000202 0.023433 0.003632 -0.119109 -0.019853 0.354981 0.000197 -0.000005 -0.137584 0.017794 -0.094871 0.000146 -0.017461 0.213258 -0.025420 -0.000031 -0.093981 0.344851 0.299106 0.028027 -0.123481 -0.212018 0.000046 0.022223 0.010929 0.000069 0.036389 0.222510 -0.000013 -0.299501 -0.028031 0.049439 0.000377 -0.000128 0.001026 0.103964 0.000238 0.097295 0.000144 0.000144 -0.063716 0.233732 -0.000045 -0.000105 0.000203 0.074441 -0.302850 -0.000721 0.027707 -0.000050 0.054358 -0.000022 -0.000054 0.062154 -0.059328 0.000054 0.068580
0.003713 0.000064 0.000107 -0.000112 0.040598 0.010539 0.358260 0.303101 -0.089916 -0.000095 -0.000054 0.006793 -0.198734 0.094500 -0.000243 -0.297300 0.261667 -0.002551 -0.000075 0.131063 0.023555 0.110852 0.047400 0.114686 -0.060976 0.000062 0.038855 0.022701 0.000111 0.059779 0.219396 -0.000122 0.083995 0.243645 -0.120583 0.000343 -0.000030 0.137239 -0.596903 0.000298 -0.103355 0.000204 0.000122 0.082841 0.236895 0.000122 0.000236 0.000020 -0.118987 -0.085938 0.000293 0.046733 -0.000000 0.076402 0.000103 0.000004 -0.182300 0.118587 0.000075 -0.167314
-0.041281 0.000034 -0.000007 0.000132 0.007179 0.003720 0.039813 -0.079925 0.047926 0.000115 0.000387 0.321615 0.021245 0.213301 0.000066 -0.139389 -0.349017 0.001656 0.000097 -0.090859 -0.073027 0.321921 0.007641 0.044096 0.252340 -0.000284 0.007037 0.005142 0.000037 0.011107 0.110123 -0.000092 0.025027 0.056871 -0.148713 -0.000101 0.000045 0.115581 -0.119272 -0.000450 -0.232670 -0.000057 0.000071 -0.121167 0.218728 -0.000035 -0.000083 -0.000043 -0.007672 0.064625 0.000254 0.007587 -0.000013 0.009384 -0.000145 0.000055 0.124871 0.028049 -0.000058 0.142124
0.507979 0.000057 0.000076 0.000023 0.002261 0.001194 -0.024002 0.018406 0.019548 -0.000033 -0.000138 0.091229 -0.075397 -0.245935 -0.000020 -0.036461 -0.063978 0.043796 -0.000008 0.007626 0.189867 0.008166 0.002768 0.021838 0.254076 0.000128 0.002110 0.001590 -0.000068 0.003468 -0.375086 -0.000119 0.101910 0.307612 0.105316 -0.000083 -0.000206 0.222303 -0.061818 -0.000226 0.051907 0.000190 0.000145 -0.084269 0.381805 0.000158 0.000014 0.000278 -0.005124 0.117982 0.000049 0.002705 -0.000186 -0.209405 0.000328 -0.000064 -0.055193 0.025533 0.000004 0.000110
-0.213313 0.000058 0.000086 -0.000182 0.007979 -0.000077 0.019704 -0.019389 0.044807 -0.000215 -0.000012 -0.267207 0.008797 0.044313 0.000218 0.067857 0.118861 -0.207264 0.000067 -0.122707 0.025151 0.148493 0.009546 0.060710 0.139762 0.000195 0.007563 0.004299 0.000085 0.011793 0.136330 -0.000151 -0.074613 0.215810 -0.018329 -0.000018 -0.000024 0.113900 0.149069 0.000056 -0.123411 -0.000372 0.000235 0.016713 0.139710 -0.000230 0.000087 0.000111 -0.065709 -0.207942 0.000075 0.009352 -0.000159 -0.155287 0.000258 0.000071 -0.067380 -0.064134 0.000101 -0.167647
-0.038224 0.000128 0.000116 0.000045 0.032235 0.007223 0.096826 0.124653 -0.031633 -0.000128 -0.000169 -0.158635 0.102519 -0.124880 -0.000261 -0.278907 0.020844 0.062551 0.000292 0.214473 0.121633 -0.071942 0.037050 -0.130913 0.228259 -0.000052 0.030874 0.018435 0.000142 0.045658 -0.017973 0.000301 -0.019528 -0.046900 0.140245 -0.000123 -0.000148 -0.225974 -0.393448 -0.000098 -0.281281 0.000140 -0.000064 -0.441260 0.081014 0.000163 -0.000178 -0.000065 0.212639 0.316338 0.000055 0.036691 -0.000041 -0.047036 -0.000247 0.000026 0.436672 0.109875 -0.000101 0.033425
-0.302202 0.000116 0.000043 -0.000139 0.057416 0.019249 0.033044 0.113466 0.134214 0.000194 0.000079 -0.138468 -0.115775 0.232879 -0.000078 0.297038 0.048914 -0.011211 0.000038 0.078429 0.027686 -0.180690 0.064751 0.114237 -0.074644 0.000021 0.055496 0.036328 -0.000062 0.078373 0.174929 -0.000105 0.005258 -0.218539 0.206325 -0.000142 -0.000077 -0.059314 0.047724 -0.000127 -0.081945 0.000059 0.000325 -0.422569 -0.013406 0.000008 -0.000016 0.000050 -0.137174 0.012471 0.000185 0.064286 -0.000001 0.022984 0.000084 0.000101 0.147845 -0.062905 -0.000120 -0.449112
-0.141144 0.000027 -0.000248 0.000074 0.033357 0.005052 0.297786 -0.167600 -0.316089 0.000093 -0.000042 0.209031 0.073533 -0.363976 -0.000102 -0.057306 0.274569 0.112373 0.000125 0.435317 -0.147953 -0.005911 0.039722 0.110287 -0.227182 -0.000219 0.031776 0.016840 -0.000070 0.051072 -0.008315 -0.000221 0.012368 -0.092158 0.225961 0.000424 0.000195 0.315280 -0.116261 -0.000265 -0.055011 0.000077 -0.000116 0.085440 0.165516 0.000219 0.000133 -0.000079 0.079412 -0.033865 -0.000122 0.038964 -0.000115 0.166263 0.000127 0.000076 0.196329 -0.273329 0.000005 0.069940
0.084666 0.000015 -0.000311 0.000041 0.039331 0.010309 -0.044196 -0.133060 -0.302351 -0.000015 0.000169 0.010461 0.055648 -0.085428 0.000095 -0.103498 0.243595 -0.321945 -0.000042 0.007190 0.174275 -0.062992 0.045042 -0.053345 0.303821 -0.000142 0.037870 0.023064 -0.000093 0.056570 0.003989 0.000025 0.097071 -0.052247 0.180802 -0.000066 0.000012 -0.005197 -0.159257 0.000163 -0.037916 -0.000050 0.000060 -0.003724 0.260500 -0.000141 -0.000197 0.000106 0.242217 0.102224 0.000034 0.044568 -0.000050 0.095216 0.000055 0.000004 -0.064094 0.400787 -0.000473 -0.300172
0.130838 -0.000065 -0.000021 -0.000028 0.024787 0.004900 -0.130206 -0.016737 -0.036853 -0.000045 -0.000208 0.103812 0.059209 0.017902 -0.000098 -0.035841 0.038283 -0.279315 0.000305 -0.133005 0.030473 0.016131 0.028680 -0.027072 -0.551214 -0.000042 0.023741 0.013699 -0.000090 0.034648 0.122301 -0.000091 0.019057 0.282735 0.004147 -0.000059 -0.000007 0.028853 -0.398836 -0.000432 0.072839 0.000032 0.000190 -0.264124 -0.066983 -0.000146 -0.000007 0.000000 0.225480 -0.039053 0.000169 0.028316 -0.000029 -0.052745 -0.000027 -0.000089 0.151494 0.425931 0.000155 -0.107060
0.068832 0.000084 -0.000018 -0.000115 0.003481 0.001207 0.078987 0.124643 -0.119008 0.000102 -0.000118 -0.013354 0.074439 -0.115298 0.000102 0.471469 -0.255438 0.075335 0.000213 0.001126 -0.056459 0.127955 0.004002 -0.290619 -0.201724 0.000243 0.003315 0.002232 -0.000108 0.004444 0.161860 0.000097 0.054850 0.165223 -0.098864 0.000107 -0.000022 -0.102809 -0.062169 0.000069 0.036322 0.000151 -0.000046 -0.116000 -0.049688 0.000040 -0.000127 -0.000023 -0.104773 -0.027456 -0.000678 0.003926 -0.000026 0.041023 -0.000040 0.000011 0.340346 0.139733 -0.000137 0.446201
-0.014756 -0.000049 0.000025 -0.000013 0.010965 -0.000206 0.247472 0.218130 -0.022011 -0.000071 -0.000070 -0.019377 0.274017 -0.176743 0.000013 -0.083839 -0.060003 0.275262 0.000207 0.247083 0.031009 0.116269 0.013033 0.159183 0.019087 -0.000041 0.010361 0.004355 -0.000066 0.015792 -0.144587 0.000025 0.001825 0.093433 0.015062 -0.000113 0.000015 0.238851 -0.229576 -0.000049 -0.032630 -0.000311 0.000070 -0.217434 0.001717 -0.000009 0.000078 -0.000012 -0.041046 0.077785 0.000358 0.012816 0.000096 0.486395 -0.000064 -0.000146 0.232750 -0.106560 -0.000054 0.003982
0.231024 -0.000157 -0.000190 -0.000297 0.045609 0.011338 0.030005 -0.235232 -0.013181 -0.000011 -0.000120 0.153894 0.061527 0.263184 0.000005 0.266363 0.167962 -0.107936 0.000111 0.163363 -0.042831 -0.058737 0.052330 0.093653 0.202376 -0.000099 0.043668 0.026129 -0.000158 0.065438 0.281183 -0.000107 0.098064 -0.029702 -0.005435 -0.000024 0.000059 -0.042910 -0.212731 -0.000225 -0.145082 0.000017 0.000119 -0.000670 -0.020517 -0.000191 -0.000130 -0.000087 -0.092427 -0.333396 0.000191 0.052188 0.000060 0.006111 -0.000073 0.000155 0.097456 0.079208 -0.000177 -0.217928
-0.387247 0.000001 -0.000138 0.000018 0.041459 0.010795 -0.075629 0.030657 0.020988 -0.000072 -0.000123 -0.100560 0.521194 0.174853 0.000024 -0.006826 0.086156 0.247687 0.000065 -0.020353 -0.188531 -0.081031 0.047321 0.086841 0.411281 -0.000173 0.039879 0.024316 0.000093 0.057870 0.148365 -0.000111 -0.165729 -0.173281 -0.075453 0.000285 -0.000037 -0.175295 0.254440 0.000071 -0.055291 -0.000175 0.000093 -0.220642 -0.010046 0.000164 0.000051 -0.000052 0.147885 0.090066 -0.000309 0.047080 -0.000032 -0.025616 0.000172 0.000151 -0.035853 0.007187 0.000096 -0.151995
-0.099974 -0.000074 0.000048 0.000055 0.032468 0.006817 0.022851 0.144024 -0.285655 0.000296 0.000003 0.032216 -0.209205 -0.140492 -0.000303 0.028894 -0.237289 -0.027503 -0.000036 0.118415 -0.084269 -0.096055 0.038088 -0.134246 0.106043 0.000021 0.031143 0.017697 -0.000110 0.046767 0.298852 -0.000212 -0.152461 -0.026322 0.133784 -0.000250 0.000029 0.213514 -0.107999 -0.000358 -0.313696 0.000212 0.000169 0.082034 0.046703 0.000110 -0.000087 0.000240 0.113190 -0.177280 -0.000138 0.037388 -0.000123 0.122563 0.000144 0.000146 0.232517 -0.041684 0.000078 0.289088
0.048026 0.000084 0.000065 -0.000035 0.054639 0.015654 -0.181260 -0.083116 0.079831 0.000182 -0.000073 0.127017 0.019800 0.007611 0.000008 -0.061964 -0.037144 -0.023589 0.000277 -0.005996 0.155389 -0.408246 0.062600 -0.198680 0.152957 -0.000026 0.052631 0.032581 0.000113 0.077405 0.303660 0.000072 -0.047562 0.198532 0.004084 0.000007 0.000006 -0.206834 0.006645 0.000009 0.001008 0.000140 -0.000014 -0.021494 -0.153917 -0.000094 -0.000041 0.000063 0.133792 -0.194719 0.000217 0.062064 0.000052 -0.218370 0.000213 -0.000029 0.124082 0.217646 -0.000113 0.074706
-0.174810 -0.000053 -0.000134 -0.000011 0.052017 0.015754 -0.061242 0.118768 -0.103479 -0.000041 -0.000093 -0.314654 -0.129702 -0.026414 0.000115 -0.078663 0.014906 -0.125974 0.000055 -0.282023 0.105085 0.047217 0.059314 0.201173 -0.375775 -0.000006 0.049989 0.031465 0.000115 0.071814 0.107153 0.000044 0.051139 -0.038291 0.115757 -0.000019 -0.000074 -0.031271 -0.005227 0.000389 0.071597 -0.000008 -0.000113 -0.000744 -0.208588 -0.000412 -0.000071 0.000098 0.008604 0.134883 -0.000220 0.058856 -0.000079 -0.089925 -0.000193 -0.000175 -0.086621 -0.111726 0.000083 0.317627
0.030326 -0.000134 0.000006 0.000163 0.021024 0.006911 -0.232318 -0.018618 -0.277842 0.000170 -0.000067 0.002702 0.123038 -0.291017 0.000191 -0.028601 0.017831 -0.027882 -0.000042 0.193044 0.105591 0.124767 0.024549 0.045110 -0.208342 -0.000010 0.020190 0.013061 0.000119 0.030757 0.232597 0.000024 0.031905 -0.126498 0.134214 0.000124 0.000155 0.234680 -0.186875 -0.000359 -0.003638 -0.000005 0.000459 -0.050733 -0.301355 -0.000107 -0.000145 -0.000052 -0.220273 -0.184829 -0.000590 0.024042 0.000069 -0.108817 0.000020 -0.000053 0.095644 0.014809 0.000162 0.189696
0.145658 -0.000067 -0.000041 0.000004 0.024832 0.005516 0.066190 -0.335425 0.060835 0.000010 -0.000165 -0.036311 0.082398 -0.088293 -0.000245 0.020694 -0.015388 -0.159810 0.000014 0.065378 -0.007012 0.074434 0.028992 0.074360 0.418113 -0.000146 0.023725 0.013186 -0.000115 0.036738 0.015572 -0.000125 0.176836 0.238708 -0.346829 0.000487 0.000089 -0.061888 -0.258789 -0.000443 0.026658 -0.000144 0.000234 0.168267 0.042563 0.000312 0.000019 -0.000048 -0.043392 -0.237274 0.000062 0.028572 -0.000098 -0.012769 0.000406 -0.000135 0.113587 -0.141058 -0.000017 0.092728
0.102819 -0.000066 -0.000050 -0.000032 0.047189 0.013100 0.330834 -0.009386 0.146106 0.000110 0.000165 0.052335 0.163941 0.130163 0.000221 0.156710 -0.059815 0.031304 -0.000010 -0.117413 0.059508 0.002099 0.054067 0.025222 0.005510 0.000147 0.045396 0.028076 0.000005 0.067220 0.157983 -0.000230 -0.328038 0.049321 0.000733 0.000561 0.000103 -0.009649 -0.201139 0.000235 0.076773 0.000023 -0.000095 -0.266298 0.008701 0.000022 0.000017 -0.000080 -0.002383 0.213633 0.000219 0.053718 -0.000026 0.000485 -0.000015 0.000040 -0.109239 -0.059244 0.000237 -0.046342
0.014101 -0.000246 -0.000261 0.000051 0.009927 0.001890 -0.071985 0.364709 0.514019 -0.000004 0.000023 0.258480 -0.011912 0.222273 0.000051 -0.080729 0.160747 0.000636 0.000054 -0.062172 0.070305 -0.154514 0.013933 -0.190857 -0.158706 -0.000190 0.009050 0.002656 -0.000159 0.020886 0.239705 -0.000086 -0.020350 -0.048354 -0.289736 -0.000123 -0.000327 -0.242054 -0.000471 -0.000067 -0.122999 -0.000194 -0.000015 -0.164637 -0.014090 0.000172 -0.000105 -0.000039 -0.096109 -0.067614 -0.000547 0.013430 0.000032 0.074824 0.000061 -0.000095 -0.050455 0.021000 0.000037 0.058627
-0.185988 0.000004 0.000037 0.000036 0.069670 0.023622 -0.020765 0.041844 0.301377 -0.000049 -0.000132 0.143870 -0.069692 -0.172918 -0.000014 -0.029546 0.321121 0.182867 -0.000251 -0.033407 -0.182584 -0.182102 0.078764 -0.196978 0.007136 -0.000124 0.067266 0.043684 -0.000039 0.095932 0.124640 0.000042 0.147159 0.109815 -0.209768 -0.000038 0.000079 0.058583 -0.025965 -0.000354 -0.004933 -0.000264 0.000120 0.053619 -0.067351 0.000276 -0.000070 -0.000180 -0.208655 -0.005577 0.000233 0.078153 0.000193 0.012736 -0.000193 -0.000043 0.046441 0.278455 -0.000148 -0.001602
0.011396 -0.000078 -0.000087 -0.000026 0.013201 0.002180 -0.212959 0.148406 -0.014274 0.000035 0.000125 -0.162532 0.002085 -0.134123 -0.000212 -0.173551 0.150834 0.019277 -0.000123 0.011381 -0.113503 -0.125250 0.016737 -0.212527 0.284812 0.000230 0.012321 0.005941 0.000087 0.021783 0.029405 -0.000054 0.014655 0.121414 0.093716 -0.000214 0.000067 0.134483 0.397474 -0.000405 0.124055 -0.000250 -0.000181 -0.097449 -0.075561 -0.000093 0.000009 0.000151 0.037715 0.007007 0.000041 0.016235 0.000167 -0.051993 0.000128 -0.000100 -0.086129 0.090841 0.000123 -0.061634
-0.161488 -0.000156 0.000035 0.000060 0.069926 0.022438 0.166914 0.044817 0.205329 -0.000044 -0.000115 0.060070 -0.080536 0.039645 0.000014 -0.175569 0.083185 -0.298326 -0.000030 -0.141365 -0.383292 -0.246775 0.079580 0.060539 0.060181 0.000065 0.067391 0.042673 -0.000163 0.098284 -0.020126 -0.000116 0.027618 0.394737 0.003489 -0.000230 0.000083 0.037484 -0.015276 -0.000304 -0.048845 0.000180 -0.000136 -0.199681 -0.109682 0.000069 -0.000133 0.000032 0.174719 -0.288748 -0.000078 0.078949 -0.000041 0.037409 -0.000066 -0.000010 0.147424 -0.086772 0.000017 0.045079
-0.102509 -0.000305 0.000022 0.000078 0.043027 0.009292 -0.055852 0.213112 -0.141536 0.000216 0.000012 -0.096218 -0.137951 -0.171290 -0.000195 0.015821 0.275543 -0.165211 -0.000118 -0.113702 -0.113316 -0.049373 0.049278 0.271001 0.036020 -0.000111 0.041350 0.024459 0.000149 0.060652 -0.087035 0.000105 -0.187434 0.343209 -0.093381 0.000333 0.000007 -0.355725 0.163535 -0.000448 -0.234985 -0.000387 -0.000047 0.027139 0.073803 -0.000144 0.000129 -0.000090 0.105494 0.268770 -0.000524 0.049155 0.000002 0.072522 -0.000089 -0.000239 -0.093498 -0.032792 -0.000055 0.119141
-0.320106 -0.000029 0.000071 -0.000213 0.005941 -0.002149 0.139282 0.032317 0.055017 -0.000063 -0.000212 0.045271 -0.007197 0.140474 -0.000220 -0.291064 -0.091995 0.269754 -0.000044 0.158572 0.074851 -0.136148 0.007625 0.026018 -0.192804 0.000110 0.005471 0.000421 0.000092 0.011233 -0.023375 -0.000110 -0.104180 0.013668 0.202203 -0.000138 -0.000177 -0.076146 -0.055154 0.000070 -0.019903 -0.000284 0.000204 0.274257 0.342195 -0.000138 0.000174 -0.000022 -0.025363 -0.166773 0.000160 0.007412 -0.000155 -0.163668 0.000298 -0.000102 0.046306 0.199359 -0.000134 0.131319
-0.015217 0.000012 0.000182 0.000000 0.074250 0.024570 -0.006704 -0.359877 -0.007068 0.000073 0.000088 -0.076527 0.032246 -0.003875 -0.000141 0.040129 -0.222338 0.076023 0.000021 0.053868 0.040139 0.235830 0.084359 0.138006 0.049240 0.000162 0.071633 0.045836 0.000051 0.103662 0.175584 -0.000124 0.203332 -0.033869 0.054816 -0.000430 0.000102 -0.100685 0.005999 -0.000000 -0.053797 -0.000257 0.000158 0.110587 -0.041797 -0.000257 0.000034 -0.000069 -0.098773 -0.054396 0.000236 0.083737 0.000080 -0.022411 0.000086 -0.000017 0.069993 0.017877 0.000055 0.271457
0.002941 -0.000015 -0.000036 0.000136 0.060787 0.019681 -0.090428 -0.204385 0.288022 0.000107 -0.000076 0.175080 0.230510 -0.212903 0.000034 0.308381 0.004778 0.034194 0.000300 -0.173291 0.096085 0.035067 0.069204 -0.276473 0.162777 -0.000236 0.058618 0.037428 0.000277 0.085246 0.032220 -0.000105 0.224668 -0.219479 0.242506 -0.000279 -0.000083 -0.000876 -0.246873 0.000189 0.037074 0.000125 -0.000001 -0.111805 -0.092648 -0.000202 0.000061 -0.000002 -0.156202 0.173012 -0.000582 0.068654 -0.000204 -0.209517 0.000051 -0.000102 -0.110441 0.028840 0.000146 -0.242360
-0.368842 -0.000052 -0.000207 -0.000097 0.043386 0.012291 0.316722 0.193460 -0.003219 -0.000017 -0.000034 0.204144 0.413632 0.155984 0.000004 -0.086750 0.076763 0.026479 0.000325 -0.164632 -0.138932 0.008782 0.049018 0.080338 0.038249 -0.000110 0.041936 0.026609 0.000174 0.058501 -0.094563 0.000315 -0.141081 -0.198542 -0.140352 -0.000325 -0.000152 0.020284 0.194158 0.000287 -0.126163 -0.000111 0.000157 0.017252 0.081112 -0.000225 -0.000078 -0.000098 -0.000683 -0.168835 -0.000071 0.048720 0.000062 -0.105182 -0.000097 0.000069 -0.045698 -0.095876 0.000242 -0.025455
0.158101 -0.000141 -0.000045 -0.000153 0.026878 0.005422 -0.050334 0.126263 -0.203820 0.000011 -0.000098 -0.068231 -0.013089 -0.022459 -0.000051 0.260923 0.010814 0.036571 -0.000135 0.077593 0.010509 -0.057332 0.031992 -0.036042 0.111108 -0.000137 0.025395 0.012942 -0.000027 0.042544 0.424895 -0.000046 -0.259848 -0.230833 0.000942 0.000141 -0.000070 -0.146315 -0.043905 0.000117 -0.008198 -0.000382 -0.000007 -0.185594 -0.150612 -0.000052 -0.000081 -0.000171 0.096882 -0.036516 -0.000264 0.031488 0.000099 -0.019645 -0.000031 -0.000128 0.196192 -0.003228 0.000070 0.044581
0.062663 -0.000094 0.000071 -0.000053 0.004969 -0.000064 -0.205452 0.064719 0.318874 0.000256 0.000275 -0.127169 0.134943 -0.075628 -0.000119 0.046948 0.143325 0.020170 -0.000260 0.049620 0.162108 0.099368 0.006313 0.008590 -0.171329 -0.000015 0.004624 0.000663 -0.000018 0.007963 0.108170 0.000180 0.105483 -0.322707 0.037425 -0.000112 -0.000167 -0.219809 -0.029098 0.000082 -0.185084 -0.000221 0.000300 0.192781 -0.030605 -0.000284 -0.000084 -0.000140 0.347584 -0.248056 -0.000036 0.006170 -0.000103 0.245798 -0.000001 0.000192 0.216408 0.074415 -0.000010 -0.032850
-0.037528 -0.000037 0.000000 -0.000121 0.009437 0.003321 -0.205863 0.135979 0.125389 -0.000358 -0.000099 -0.032066 -0.410717 0.334756 -0.000333 -0.093282 0.033863 0.020759 -0.000194 -0.151834 -0.001540 0.337293 0.012391 0.030664 0.025098 0.000045 0.008659 0.004299 -0.000165 0.017660 0.554061 -0.000038 -0.095478 0.041560 -0.155990 -0.000102 0.000075 -0.163967 0.101607 0.000125 0.016056 -0.000155 0.000126 0.000411 0.007556 0.000029 0.000037 0.000013 0.049635 -0.327775 -0.000498 0.012098 -0.000414 0.023929 -0.000021 -0.000355 -0.187705 0.011390 -0.000190 -0.037004
0.080381 0.000119 -0.000078 0.000024 0.000715 0.000643 -0.513473 0.307829 -0.048153 -0.000005 0.000388 0.205717 -0.220972 0.061287 0.000433 -0.025587 0.138521 0.188040 0.000199 0.168742 0.012020 0.171663 0.000756 0.084933 -0.322490 0.000050 0.000714 0.000706 -0.000260 0.002311 -0.373022 0.000029 -0.038317 -0.101514 0.060627 -0.000201 -0.000042 -0.008535 0.035154 -0.000089 0.252334 -0.000188 0.000051 0.449756 0.053761 -0.000020 -0.000109 -0.000100 0.053494 -0.000830 -0.000261 0.000748 0.000081 -0.167782 0.000031 -0.000210 0.009817 0.161524 -0.000227 -0.022213
0.200282 -0.000213 0.000133 0.000030 0.016627 0.002437 -0.225050 -0.007735 0.111470 -0.000311 -0.000008 0.006337 0.638054 0.183161 -0.000094 0.238812 -0.228043 0.503240 -0.000069 -0.055303 -0.136371 0.052444 0.020421 0.093356 0.052042 0.000035 0.015622 0.007946 -0.000064 0.027314 -0.284552 0.000050 0.055880 0.237438 -0.035216 0.000300 -0.000122 0.034910 0.190691 -0.000184 0.096186 0.000119 -0.000110 0.242940 0.176629 -0.000292 0.000051 -0.000072 0.005577 -0.194301 0.000121 0.020024 0.000271 0.102209 0.000203 -0.000089 0.251465 0.069886 -0.000174 -0.158668
0.184959 -0.000185 -0.000142 -0.000141 0.011699 -0.000208 0.308430 -0.076297 0.045844 -0.000012 0.000055 0.123534 0.064725 0.285005 -0.000129 0.143342 -0.036401 0.062778 0.000049 -0.219513 0.064504 0.067552 0.014225 -0.010393 -0.096331 0.000185 0.010998 0.005359 -0.000196 0.019594 0.167818 0.000059 -0.074495 -0.048836 -0.192020 0.000077 0.000326 0.202408 0.030812 -0.000203 0.006787 -0.000170 0.000262 -0.133191 0.186786 0.000083 -0.000129 0.000009 0.128767 0.159050 -0.000350 0.013913 -0.000022 0.066640 -0.000015 0.000017 -0.258516 0.157916 -0.000110 0.010812
0.162206 0.000149 0.000193 -0.000069 0.004237 0.000411 -0.006310 0.050377 -0.038922 -0.000124 0.000180 0.054785 0.165955 -0.094986 0.000343 0.049383 -0.061503 0.037879 0.000160 0.076903 -0.086958 0.194448 0.005260 0.045266 0.079134 0.000119 0.003939 0.000606 0.000083 0.006441 -0.313427 0.000109 -0.169091 0.042593 0.241550 -0.000317 0.000170 0.265434 0.031523 -0.000064 0.054433 0.000197 -0.000096 -0.214016 0.045392 0.000032 -0.000080 -0.000142 0.101078 -0.051749 -0.000293 0.005133 0.000073 0.171547 -0.000088 0.000071 0.246689 -0.047517 0.000002 0.073775
0.355750 -0.000063 -0.000021 -0.000011 0.009628 0.001344 0.014547 -0.117369 -0.126224 0.000092 0.000064 -0.050592 0.227280 0.207092 0.000130 -0.262742 0.092505 -0.005358 -0.000146 -0.270112 0.041250 0.156713 0.011702 -0.129870 -0.089756 0.000054 0.009098 0.003456 0.000132 0.014973 0.274537 -0.000118 -0.007278 0.027893 0.004649 0.000033 0.000014 -0.002246 0.334089 -0.000104 0.474335 -0.000058 -0.000050 -0.026976 0.021921 -0.000008 -0.000030 -0.000040 -0.025543 -0.142240 -0.000107 0.011465 0.000098 0.016640 0.000245 0.000039 0.096765 -0.260217 -0.000184 0.153859
-0.147391 0.000003 0.000124 0.000126 0.009862 0.001711 0.125119 0.113556 0.239317 -0.000104 0.000028 0.122168 0.163570 0.017774 -0.000287 -0.007076 0.142920 0.080991 0.000007 -0.125301 -0.080188 0.285667 0.012611 -0.044213 -0.210379 0.000013 0.009093 0.003101 0.000061 0.017740 0.217521 -0.000154 -0.174071 -0.166079 -0.439987 -0.000165 0.000280 -0.180709 0.074054 0.000147 0.578819 -0.000245 -0.000038 -0.000543 0.031948 -0.000158 -0.000121 0.000101 -0.346437 0.124941 -0.000443 0.012343 -0.000013 0.036899 -0.000051 0.000108 -0.244444 -0.133926 -0.000147 -0.238703
0.020789 0.000153 -0.000016 -0.000192 0.028468 0.002908 0.063692 0.265758 0.066010 0.000102 0.000065 0.210322 -0.258620 0.060269 -0.000083 0.231500 0.053283 -0.091964 0.000143 0.008663 0.087501 0.057812 0.033701 0.136926 -0.244625 0.000051 0.027109 0.013854 -0.000036 0.042401 0.146754 0.000048 -0.173302 -0.117650 -0.100097 0.000074 0.000049 -0.112863 0.022052 -0.000156 -0.109951 -0.000230 0.000010 0.140774 0.107373 0.000228 -0.000130 -0.000036 0.121146 -0.144083 -0.000094 0.033266 -0.000268 0.008013 -0.000265 0.000037 -0.006639 0.007789 -0.000123 -0.137572
0.481540 0.000092 -0.000072 0.000064 0.036858 0.008371 0.142832 0.295825 0.244365 -0.000087 -0.000066 -0.020434 -0.004245 0.084341 0.000066 -0.072345 0.012808 0.189852 0.000107 0.007251 -0.293399 0.002731 0.042562 0.209715 0.035806 -0.000021 0.035403 0.020861 0.000046 0.053452 0.268809 0.000184 -0.132908 -0.245075 0.362945 -0.000108 -0.000106 0.104525 -0.137140 0.000412 -0.048852 -0.000179 0.000355 0.031260 0.095520 -0.000135 -0.000029 -0.000025 0.033758 0.123242 0.000005 0.042082 -0.000031 0.045067 -0.000027 -0.000044 0.157334 0.004625 -0.000024 -0.258001
-0.048466 -0.000118 0.000186 0.000160 0.029421 0.001860 0.070548 -0.222896 -0.004843 0.000039 0.000131 0.278964 0.083401 0.332568 0.000145 0.047195 0.032258 0.176578 0.000171 0.152273 0.004582 0.056575 0.035786 -0.067496 -0.075050 0.000020 0.027733 0.012321 0.000283 0.048248 0.002415 0.000063 0.165153 -0.049097 0.088127 0.000324 -0.000028 -0.045092 0.062958 -0.000279 -0.311737 0.000067 0.000070 0.223592 0.009182 0.000093 0.000113 0.000040 0.196243 0.013861 0.000085 0.035465 0.000075 0.243990 0.000080 -0.000277 0.060407 -0.127671 0.000171 0.165794
0.144644 -0.000014 -0.000110 -0.000063 0.006463 0.001844 -0.417108 -0.007476 0.007885 0.000018 0.000113 -0.062571 -0.293933 0.123771 -0.000242 0.046867 0.219325 0.001184 -0.000187 0.141587 0.174183 -0.130944 0.008959 -0.037466 0.198014 -0.000080 0.005930 0.002320 0.000246 0.013886 -0.029819 -0.000152 0.026568 0.114479 0.102702 0.000180 0.000009 0.002032 -0.382939 0.000062 0.139988 -0.000164 -0.000060 -0.002642 -0.292937 -0.000164 -0.000060 0.000103 -0.221706 0.128461 -0.000244 0.008738 -0.000081 0.148363 -0.000147 -0.000053 0.020300 0.207712 -0.000352 -0.037414
0.350548 -0.000275 -0.000071 -0.000058 0.021615 0.004376 -0.322055 0.077735 0.037019 0.000221 -0.000209 0.133381 0.099238 -0.058897 -0.000018 0.100768 -0.096236 0.060575 0.000048 0.137463 0.221158 0.013508 0.025295 0.015827 -0.005563 0.000036 0.020636 0.011057 -0.000096 0.031291 0.037800 -0.000168 0.268267 -0.001242 -0.306779 0.000338 -0.000051 -0.035504 -0.126033 -0.000194 0.046720 0.000061 -0.000144 0.223891 -0.130278 0.000002 0.000276 0.000006 0.018396 -0.137037 -0.000437 0.024921 0.000083 0.049058 0.000059 0.000112 -0.076287 -0.252758 -0.000046 0.288749
0.033315 0.000024 -0.000045 -0.000178 0.064073 0.019959 0.473972 -0.162380 -0.145678 0.000009 -0.000037 0.032571 -0.174750 0.151276 0.000121 -0.010292 -0.166102 0.022017 -0.000116 0.059624 0.322072 -0.275814 0.073390 -0.137721 0.171463 0.000170 0.061708 0.038783 -0.000199 0.090548 0.157730 -0.000101 -0.235446 -0.052949 -0.095667 0.000157 0.000009 -0.310684 -0.047133 -0.000144 0.198353 -0.000167 0.000230 -0.112412 -0.102878 0.000319 0.000175 -0.000005 0.172621 0.256645 -0.000501 0.072558 0.000101 -0.109907 -0.000115 0.000151 -0.133384 0.181405 0.000140 0.016893
0.179315 0.000248 0.000004 -0.000412 0.042101 0.009994 0.164140 -0.165398 -0.002654 0.000006 0.000059 -0.328110 -0.167428 -0.173610 0.000172 -0.096610 -0.317972 -0.190014 -0.000019 -0.058586 0.130515 -0.356850 0.049447 0.008586 0.320615 0.000069 0.040164 0.023046 -0.000056 0.062775 0.051117 -0.000090 0.136328 0.035082 -0.142974 -0.000384 0.000061 0.157343 0.051630 -0.000148 -0.021476 -0.000327 0.000093 0.000300 0.189943 0.000179 -0.000094 -0.000062 0.021503 0.032005 0.000243 0.048585 -0.000131 -0.422430 -0.000103 0.000233 0.174135 -0.103246 -0.000055 0.208640
0.343138 0.000119 -0.000020 -0.000094 0.042770 0.008529 0.530645 -0.145948 -0.138179 -0.000143 -0.000191 0.042562 0.130006 0.022303 0.000064 0.244659 0.448499 -0.123352 -0.000028 -0.394074 -0.111954 0.277415 0.049459 0.211343 -0.373041 0.000026 0.041092 0.023789 0.000044 0.060867 -0.086188 0.000113 -0.142621 -0.148737 0.410575 -0.000026 -0.000178 0.019058 0.266242 -0.000279 0.121632 -0.000048 -0.000157 -0.020007 -0.027905 0.000049 0.000204 0.000012 0.159099 -0.108043 0.000086 0.048990 0.000199 -0.235376 0.000057 -0.000140 -0.063140 -0.263986 0.000078 0.002830
0.435135 -0.000017 0.000125 0.000042 0.012029 0.003764 0.013517 0.018074 0.348132 0.000214 -0.000062 0.131534 0.065750 0.052932 0.000026 0.008029 -0.178279 0.012526 0.000087 -0.002638 0.024314 0.299852 0.014677 -0.226150 -0.176781 0.000088 0.011302 0.006087 -0.000181 0.020292 -0.021838 -0.000083 -0.178616 -0.410528 0.151868 0.000201 -0.000047 -0.214297 0.099613 -0.000426 0.016472 -0.000225 -0.000092 0.107978 -0.000675 0.000070 -0.000089 0.000059 0.123202 -0.426928 -0.000293 0.014493 0.000100 -0.140269 0.000175 -0.000088 0.044946 0.023694 0.000089 0.035308
0.025632 -0.000007 -0.000075 -0.000067 0.012251 0.001982 -0.045916 -0.119517 -0.074474 0.000256 0.000023 -0.287842 0.232824 -0.161629 0.000283 -0.077120 -0.019691 -0.300889 0.000139 0.004291 0.058225 0.289521 0.015412 0.216430 0.199921 -0.000022 0.011397 0.003383 -0.000027 0.020277 0.023287 0.000220 0.278212 0.068928 -0.023154 0.000004 -0.000099 -0.094583 0.024991 -0.000060 -0.046635 -0.000167 0.000206 -0.090552 -0.014455 0.000227 0.000123 -0.000279 0.040998 0.007972 0.000148 0.015059 -0.000043 -0.240656 0.000057 0.000022 -0.061284 0.005115 -0.000048 0.409327
0.149196 0.000041 -0.000165 -0.000135 0.053808 0.012854 -0.247128 0.174905 0.117872 -0.000183 0.000221 0.206370 -0.068013 0.052877 -0.000228 0.043198 -0.237887 -0.298474 0.000169 0.096700 -0.003262 0.007930 0.062074 0.200829 0.191116 0.000185 0.051646 0.030487 0.000067 0.077723 -0.283505 -0.000211 -0.046323 0.003758 0.200844 0.000460 0.000086 -0.291033 0.032542 -0.000251 -0.142086 -0.000596 0.000004 0.096550 -0.016250 0.000093 0.000218 0.000197 -0.420042 0.035571 0.000140 0.061435 0.000044 0.003941 0.000350 0.000036 0.028637 0.001905 0.000005 0.264574
-0.062492 -0.000123 0.000059 -0.000110 0.047705 0.010182 -0.180752 -0.199860 0.006290 0.000033 0.000206 -0.070136 -0.003596 0.019539 -0.000013 -0.014491 -0.276700 -0.183374 -0.000042 0.141616 0.243752 -0.045993 0.055148 0.008920 0.099816 -0.000076 0.045735 0.026568 0.000048 0.068801 -0.011958 0.000160 -0.170385 0.022200 0.140828 -0.000258 0.000230 0.146578 0.157041 -0.000247 -0.368405 -0.000510 -0.000017 -0.057202 0.212352 -0.000198 0.000138 0.000058 -0.070577 0.299403 -0.000266 0.054664 0.000231 -0.183190 -0.000378 0.000007 0.317251 0.265745 -0.000437 -0.155383
-0.397656 0.000060 0.000179 -0.000150 0.035891 0.006336 -0.135625 -0.126874 0.082846 -0.000155 0.000148 0.157912 -0.070111 -0.103819 0.000051 -0.128161 0.150474 0.003015 0.000046 -0.021796 0.258956 -0.009734 0.041862 -0.203916 0.182476 -0.000105 0.034367 0.019522 -0.000063 0.051569 -0.053284 -0.000119 0.238090 0.140909 0.088730 -0.000302 0.000091 0.283507 0.017258 0.000038 -0.096872 -0.000054 0.000067 0.032850 -0.001222 -0.000097 0.000009 -0.000028 0.093074 -0.082898 -0.000148 0.041286 -0.000114 0.247447 0.000072 0.000174 -0.221577 -0.105668 0.000006 0.083213
-0.132566 -0.000289 -0.000007 -0.000259 0.050091 0.012350 -0.025261 0.342731 0.149337 -0.000065 -0.000056 0.005551 -0.090622 -0.118300 -0.000415 0.264400 0.001112 0.000998 -0.000055 -0.096111 -0.149175 0.216154 0.057832 -0.153188 -0.048041 -0.000089 0.048120 0.028840 0.000181 0.071750 0.077169 -0.000376 -0.166979 -0.211246 -0.084399 0.000231 0.000134 -0.033274 0.133156 0.000006 0.174002 0.000062 0.000157 0.090500 0.079009 0.000388 -0.000091 0.000163 0.010697 0.161330 -0.000183 0.057440 0.000159 0.036429 -0.000022 0.000147 -0.238604 -0.300751 0.000153 -0.269245
-0.101714 -0.000167 0.000043 0.000063 0.018550 0.001501 0.078429 0.180768 0.059906 0.000004 0.000319 0.066526 0.068318 -0.020940 0.000041 -0.082588 -0.141662 0.120445 0.000219 0.241076 -0.064904 0.017484 0.022499 0.107344 0.058305 -0.000427 0.017406 0.007860 0.000083 0.029971 0.046232 0.000048 0.074574 0.080051 -0.192718 -0.000022 0.000053 0.102306 0.206088 -0.000275 0.164840 -0.000104 0.000012 0.015250 0.075731 -0.000065 -0.000356 0.000020 0.001229 -0.307074 0.000366 0.022342 -0.000040 -0.188266 0.000196 0.000051 0.010517 -0.219271 -0.000211 0.014340
-0.216687 -0.000059 -0.000029 -0.000064 0.003315 0.002033 0.143669 -0.252709 -0.274400 -0.000035 -0.000059 0.010516 0.316883 -0.061765 0.000055 0.167047 0.466930 0.281195 -0.000032 -0.198044 -0.109185 0.031440 0.003427 0.144096 -0.168374 0.000115 0.003273 0.002760 0.000144 0.003631 0.108100 -0.000238 0.220483 -0.099383 0.204268 -0.000301 -0.000054 0.076901 -0.008296 -0.000222 -0.042770 -0.000203 0.000124 -0.227952 0.235184 0.000001 -0.000009 -0.000027 -0.153607 0.040890 0.000117 0.003414 0.000017 -0.216160 0.000105 0.000043 -0.157516 -0.051294 0.000037 0.051940
-0.117375 0.000261 0.000074 -0.000030 0.033327 0.005308 -0.180293 -0.097048 -0.045988 0.000039 -0.000069 -0.124748 0.253475 -0.092112 0.000041 -0.279073 0.048295 0.382035 -0.000070 0.037306 0.035599 0.004223 0.038797 -0.008199 -0.220738 -0.000046 0.031906 0.017591 0.000095 0.048816 0.010420 -0.000244 0.286034 0.131991 -0.001109 0.000211 -0.000176 0.001067 0.047113 -0.000070 -0.065464 -0.000006 -0.000012 0.250965 -0.025982 -0.000141 -0.000084 0.000255 -0.200728 0.381259 0.000182 0.038520 0.000055 -0.270884 -0.000145 0.000234 0.062006 0.229583 0.000286 0.101340
-0.091078 0.000035 -0.000107 -0.000133 0.048675 0.011852 -0.109029 -0.132806 -0.153033 0.000032 0.000183 0.014047 0.080614 -0.003395 -0.000114 -0.277650 -0.229719 0.201035 -0.000044 0.091901 0.293468 0.228151 0.055574 -0.004341 -0.183463 0.000040 0.046777 0.028267 -0.000080 0.067664 0.000291 -0.000163 0.119760 0.113738 0.094470 -0.000150 0.000276 -0.141729 0.099473 -0.000228 -0.006408 -0.000312 -0.000053 0.081700 -0.080360 -0.000222 -0.000011 0.000209 0.015157 0.033866 -0.000016 0.055277 0.000063 -0.143879 0.000588 0.000075 0.159865 -0.080914 -0.000411 -0.117598
-0.196293 0.000071 -0.000246 -0.000039 0.038862 0.005783 -0.185455 0.029672 -0.020059 0.000069 -0.000067 -0.188247 0.099111 0.073896 0.000238 -0.124815 0.007400 -0.009728 0.000169 0.222355 -0.004137 -0.239158 0.045762 -0.409436 0.282495 -0.000152 0.037123 0.020194 -0.000073 0.058091 -0.019586 0.000171 0.116386 -0.267545 -0.080870 0.000092 -0.000001 -0.168455 0.095666 0.000186 0.062624 0.000134 -0.000022 0.004637 -0.055251 0.000270 0.000211 0.000123 -0.138445 -0.006458 -0.000533 0.045131 -0.000261 -0.107353 0.000332 0.000060 0.270471 0.031681 -0.000112 0.262310
-0.121973 0.000117 -0.000084 -0.000043 0.023273 0.003651 -0.076535 0.122384 0.030593 -0.000038 -0.000203 0.238155 -0.155351 -0.188738 0.000129 -0.066873 -0.148272 0.013640 0.000012 0.125686 -0.137787 0.022971 0.027189 0.005178 -0.027824 0.000106 0.022251 0.011987 -0.000111 0.034197 -0.292711 -0.000095 -0.111046 -0.023606 -0.003398 0.000160 -0.000075 0.104966 0.193863 -0.000170 -0.042032 -0.000019 0.000088 -0.139539 -0.191206 -0.000020 0.000289 -0.000040 -0.011365 0.107069 -0.000361 0.026842 -0.000111 -0.115732 -0.000001 0.000186 0.311544 0.018469 0.000135 0.111976
0.061694 0.000081 0.000041 -0.000062 0.018151 0.001522 -0.310563 0.073305 -0.182121 0.000032 0.000069 0.049444 0.270567 -0.056949 -0.000167 -0.092278 -0.280985 -0.170653 0.000089 0.145549 0.360594 0.175070 0.021656 -0.099232 0.096331 -0.000073 0.017210 0.007717 -0.000017 0.027487 -0.059015 -0.000089 -0.138462 0.125955 -0.193998 0.000476 0.000086 0.001241 0.360831 0.000013 0.112423 0.000010 0.000017 0.002110 -0.065522 0.000000 0.000183 0.000037 -0.180715 -0.275641 0.000129 0.021433 -0.000049 -0.013772 -0.000024 0.000030 0.167744 -0.118293 0.000009 0.046523
-0.092390 -0.000062 0.000014 0.000103 0.028267 0.002944 -0.028131 0.060385 0.196107 -0.000082 -0.000164 0.076081 0.133000 0.094462 -0.000056 0.065520 0.157788 -0.076167 -0.000174 -0.031182 -0.026254 -0.346091 0.034173 -0.314212 0.110539 -0.000106 0.026880 0.012871 -0.000057 0.044942 -0.005209 0.000188 -0.133183 -0.065497 0.166634 -0.000220 -0.000184 0.159093 0.190615 -0.000162 0.026591 0.000014 0.000068 -0.035958 0.150858 0.000052 0.000075 -0.000149 -0.002077 0.154388 0.000105 0.033386 0.000046 -0.124016 -0.000051 -0.000190 -0.192815 0.026684 -0.000173 -0.223898
-0.166602 -0.000055 -0.000146 0.000038 0.021801 0.001886 0.009323 0.042590 0.169122 0.000102 0.000109 -0.049196 0.306224 0.168393 0.000300 0.201497 0.380749 -0.276388 -0.000117 0.151491 -0.044794 0.168599 0.026288 -0.162676 0.199008 -0.000085 0.020650 0.008830 0.000016 0.033699 0.007374 -0.000123 -0.238762 -0.295960 -0.090141 -0.000389 0.000215 -0.071757 -0.091037 0.000153 0.223368 -0.000120 -0.000055 0.016939 0.017537 0.000111 0.000106 0.000351 -0.060360 -0.245118 0.000433 0.026084 0.000137 -0.162915 0.000045 0.000031 -0.284044 0.018436 0.000076 -0.326834
-0.096815 -0.000214 0.000074 -0.000060 0.024684 0.004386 0.050355 -0.126331 -0.280915 -0.000069 0.000111 -0.053219 -0.031716 -0.166320 0.000007 -0.134149 0.068209 -0.091130 0.000188 0.065440 -0.025014 -0.060456 0.029245 0.227277 -0.201620 -0.000098 0.023284 0.012425 0.000000 0.037605 0.062294 0.000030 -0.070302 -0.180775 -0.040914 -0.000088 0.000068 0.091945 0.137049 -0.000173 0.323120 0.000063 -0.000097 0.118093 -0.051155 -0.000348 0.000024 -0.000087 -0.008325 0.056965 0.000355 0.028983 -0.000122 0.057114 0.000020 -0.000234 0.012653 -0.259965 -0.000179 0.092531
-0.111715 -0.000144 -0.000153 -0.000289 -0.000313 0.000923 0.021239 0.017094 0.189051 -0.000188 0.000064 -0.133582 -0.190336 -0.078040 0.000009 0.226503 0.182108 0.212849 -0.000027 -0.234062 0.106105 -0.135350 -0.000417 0.041061 0.015742 0.000041 -0.000257 0.000398 0.000044 -0.000778 0.250832 0.000114 0.012353 -0.017242 -0.087448 -0.000088 -0.000041 -0.084092 0.056369 -0.000130 0.072689 -0.000430 0.000138 0.111400 0.121411 -0.000026 0.000036 0.000100 -0.004933 0.291180 -0.000420 -0.000419 -0.000037 0.202098 0.000362 -0.000069 -0.287150 0.092842 -0.000230 0.194791
-0.197601 -0.000150 -0.000126 -0.000138 0.042178 0.009071 -0.223681 -0.162831 0.297972 -0.000044 -0.000060 -0.015819 -0.142786 -0.127218 0.000447 0.150915 -0.020109 -0.028862 0.000253 0.055673 -0.104644 -0.023827 0.049630 0.073592 -0.023186 0.000205 0.040336 0.022839 0.000195 0.062836 -0.064992 0.000040 -0.045189 0.288151 0.358210 0.000027 0.000056 0.098087 -0.000526 0.000063 0.089926 -0.000044 0.000263 -0.061366 0.531555 0.000073 -0.000001 -0.000001 0.042740 0.126726 -0.000325 0.048880 0.000074 0.410971 0.000262 -0.000061 0.278110 0.091215 -0.000054 -0.088316
-0.240790 0.000118 -0.000046 -0.000063 0.049712 0.013584 0.369044 0.103094 -0.061836 0.000074 -0.000381 -0.156019 -0.331380 0.058393 -0.000061 0.200764 0.015744 -0.209967 0.000100 0.092311 0.116708 0.282291 0.056766 0.159720 0.243910 0.000059 0.047859 0.029497 0.000172 0.070413 -0.305990 0.000015 -0.069155 0.141976 -0.041792 0.000101 0.000229 -0.237067 0.218892 -0.000196 -0.094478 0.000076 0.000056 0.183326 -0.044258 -0.000030 0.000277 0.000047 -0.182738 0.034213 -0.000284 0.056342 -0.000178 0.263193 -0.000012 0.000051 0.019215 -0.138121 -0.000218 0.116180
-0.269077 -0.000234 -0.000089 -0.000141 0.038565 0.006954 0.051297 0.065451 0.333539 0.000047 -0.000373 -0.351424 0.195039 -0.189093 0.000023 0.489348 0.208386 0.115892 -0.000039 -0.073359 0.030262 -0.050635 0.044504 0.006126 -0.015187 0.000006 0.036983 0.021052 0.000074 0.054476 -0.120936 0.000054 -0.256668 0.087705 0.029412 0.000145 -0.000021 0.188091 -0.275878 -0.000037 -0.031176 -0.000458 -0.000086 0.126870 -0.035257 0.000047 -0.000037 -0.000116 -0.026994 -0.118542 -0.000141 0.044059 0.000189 0.151053 -0.000102 0.000021 -0.203127 -0.039573 0.000158 0.042419
-0.149043 0.000153 -0.000089 -0.000216 0.028260 0.001905 0.070173 0.004463 0.049758 -0.000119 0.000220 0.192181 0.128834 0.138368 -0.000029 0.018476 0.081810 -0.104480 0.000009 0.199333 0.119097 0.115076 0.034033 -0.208276 -0.048542 0.000011 0.026841 0.012824 -0.000157 0.043769 -0.228002 0.000089 -0.145082 -0.280792 -0.198812 -0.000484 -0.000012 -0.071774 0.092920 0.000371 -0.120346 0.000203 -0.000326 0.183257 -0.114309 0.000063 -0.000079 0.000051 0.050278 0.038299 -0.000550 0.033399 -0.000060 0.312084 -0.000064 -0.000133 0.078107 -0.026878 0.000031 -0.034142
-0.154761 -0.000311 0.000054 0.000049 0.084980 0.030067 -0.084337 0.027321 -0.081761 -0.000116 -0.000173 0.068072 0.009732 -0.081933 0.000136 -0.208771 -0.132677 0.107465 -0.000014 0.164051 0.047747 0.231674 0.096356 -0.014144 -0.053105 -0.000229 0.081994 0.053177 0.000034 0.118439 -0.024131 0.000108 0.225034 0.166603 0.127798 -0.000277 0.000089 0.035781 0.174921 -0.000000 0.093295 -0.000159 0.000284 -0.015258 -0.281791 0.000136 -0.000012 0.000201 -0.066550 -0.126455 0.000038 0.095644 -0.000038 -0.150333 -0.000152 0.000088 -0.115332 -0.236885 -0.000096 -0.222341
-0.291959 0.000154 0.000022 -0.000045 0.054000 0.014963 0.294268 -0.081848 -0.026829 -0.000173 0.000220 0.006655 0.199844 -0.234640 -0.000311 0.189201 0.038791 0.235747 -0.000006 -0.020417 -0.017658 -0.060390 0.061855 0.206110 -0.252152 -0.000059 0.051921 0.031694 0.000016 0.076035 -0.122218 0.000192 0.229004 0.075634 0.057043 -0.000068 0.000010 -0.010592 -0.234815 0.000123 0.083683 0.000089 -0.000212 0.324491 -0.172429 0.000104 -0.000012 -0.000005 -0.041285 -0.063096 0.000148 0.061268 -0.000171 -0.089429 -0.000075 -0.000108 0.020378 -0.133120 0.000004 0.126574
0.042269 -0.000093 0.000003 -0.000016 0.036528 0.005050 -0.053881 0.125466 0.009940 0.000068 -0.000013 -0.084223 -0.212341 0.020172 0.000453 0.021942 -0.149821 0.005497 -0.000310 0.007694 -0.044782 0.008897 0.042733 0.155643 0.146317 -0.000323 0.034931 0.018979 -0.000025 0.053200 0.018001 -0.000108 -0.037491 -0.087469 0.110560 0.000009 0.000021 -0.005995 0.184247 -0.000031 0.175921 0.000168 0.000078 0.133047 -0.349138 0.000306 0.000037 0.000104 0.017295 0.036354 -0.000271 0.042195 0.000171 0.042844 0.000034 -0.000135 -0.370201 -0.124411 0.000326 0.167822
0.119318 0.000017 0.000037 -0.000081 0.008175 0.001660 -0.003549 0.042904 -0.349228 0.000101 0.000106 -0.248838 -0.118556 0.055493 -0.000230 0.242216 -0.056045 -0.138892 -0.000082 -0.125254 -0.009623 -0.069615 0.010512 0.313378 -0.172287 0.000159 0.007582 0.002495 -0.000074 0.013750 0.090548 -0.000007 0.004988 0.175217 -0.119850 0.000148 0.000095 0.213123 0.066086 0.000050 -0.096068 -0.000488 -0.000083 -0.023742 -0.205013 0.000053 0.000082 0.000185 -0.018324 -0.122855 -0.000173 0.010228 0.000099 -0.148158 0.000001 -0.000437 0.154978 0.138264 0.000168 -0.092425
0.536043 0.000264 0.000141 0.000007 0.019101 0.001833 0.120443 0.043922 0.470257 0.000176 -0.000041 -0.028496 0.065165 -0.195841 -0.000125 -0.055587 -0.034128 0.048885 -0.000081 0.128676 0.024329 0.146468 0.024128 0.003944 -0.101566 -0.000027 0.017970 0.007771 -0.000136 0.032982 -0.096121 0.000024 -0.004264 -0.014578 0.061456 -0.000021 -0.000260 0.110975 0.234236 -0.000050 -0.055990 0.000179 0.000201 0.017039 0.136177 0.000045 0.000091 -0.000030 -0.330772 0.057698 -0.000240 0.023433 0.000009 0.120492 0.000246 0.000070 0.034581 0.169343 0.000024 -0.078025
0.155522 0.000260 0.000065 0.000106 0.041188 0.006347 0.074868 -0.036162 0.112643 -0.000193 0.000256 0.120648 0.003111 0.261146 0.000025 -0.213832 0.208087 0.448352 0.000075 -0.241773 -0.098292 -0.031587 0.048473 0.003266 -0.005114 -0.000049 0.039335 0.021253 -0.000149 0.061288 -0.243265 -0.000159 -0.057493 0.160750 0.200176 0.000125 -0.000064 0.337369 -0.043494 -0.000008 -0.027791 0.000071 -0.000105 -0.058338 -0.212506 0.000097 -0.000064 -0.000065 0.014464 -0.155491 -0.000333 0.047959 0.000026 -0.148945 -0.000073 -0.000065 0.026298 0.224358 -0.000043 0.408265
0.091419 0.000077 0.000133 0.000101 0.033620 0.004253 -0.047087 -0.036447 0.053771 0.000159 0.000288 0.255278 -0.173810 0.185693 0.000167 -0.010892 0.072539 0.302941 0.000240 0.060861 0.107796 -0.049608 0.039525 -0.028445 0.014008 0.000040 0.032085 0.016957 -0.000118 0.049317 -0.310993 0.000021 -0.136305 0.233305 -0.015962 0.000147 -0.000030 -0.184502 0.378861 0.000155 -0.077993 0.000113 0.000069 -0.057822 -0.072441 0.000003 0.000214 0.000038 0.235164 -0.064412 0.000178 0.039076 -0.000265 0.009356 -0.000102 -0.000115 0.050264 0.207928 0.000085 -0.327076
0.141254 -0.000094 -0.000035 0.000044 0.050489 0.011463 0.168938 -0.180296 -0.024595 -0.000155 0.000113 0.201282 -0.002875 0.293577 -0.000341 -0.108251 0.158367 0.012856 -0.000110 -0.261218 0.035583 -0.182079 0.058298 -0.114811 -0.316344 0.000113 0.048373 0.028270 0.000011 0.072677 -0.062601 -0.000208 0.449808 0.006367 -0.175782 0.000456 0.000019 -0.012864 0.112954 -0.000011 0.185492 0.000117 0.000141 0.376445 0.028102 0.000243 0.000084 -0.000059 0.060530 -0.006064 0.000185 0.057849 -0.000163 -0.550417 0.000379 -0.000079 -0.455208 -0.076381 0.000061 0.056819
0.094840 -0.000141 0.000125 -0.000112 0.038573 0.008828 0.118576 0.137438 0.105227 0.000003 -0.000168 -0.187304 -0.079227 -0.090345 -0.000165 0.186638 -0.204523 -0.452287 0.000046 0.080657 0.041451 0.161989 0.044361 0.004967 0.139156 0.000104 0.037053 0.021986 -0.000189 0.054529 -0.014793 -0.000241 -0.115821 0.046682 -0.103794 -0.000140 -0.000030 0.181122 -0.014571 -0.000056 0.242780 -0.000163 0.000209 -0.073213 0.023124 -0.000181 0.000214 0.000367 0.091427 0.085369 0.000032 0.043917 0.000053 0.144444 -0.000102 -0.000006 0.014095 -0.173039 0.000077 -0.294147
-0.115301 -0.000176 -0.000107 0.000054 0.052040 0.012251 -0.001497 0.434227 -0.500368 0.000077 -0.000002 0.137566 0.304092 -0.073630 0.000127 -0.122317 -0.202535 -0.280556 -0.000007 -0.186084 0.032045 -0.040909 0.060071 0.074433 -0.251289 -0.000067 0.049981 0.029260 -0.000107 0.075097 0.058494 0.000045 -0.197499 0.337209 0.112533 0.000076 0.000003 0.435352 0.016020 0.000205 -0.059677 -0.000088 0.000033 -0.285644 0.304862 -0.000146 0.000033 -0.000021 0.128118 0.332708 -0.000543 0.059662 0.000124 0.110307 -0.000136 -0.000084 0.196205 -0.121711 0.000169 -0.051975
-0.050124 -0.000135 0.000027 0.000007 0.025166 0.001424 -0.070816 0.093119 -0.032709 0.000263 -0.000136 0.112549 -0.365998 -0.072047 -0.000232 0.010026 0.172642 -0.102882 -0.000049 0.144790 -0.183533 -0.077771 0.030303 -0.052970 0.156916 0.000119 0.023932 0.011350 0.000158 0.039011 0.020312 0.000039 0.371404 -0.396736 0.276166 0.000237 -0.000051 0.117063 -0.072372 -0.000163 0.117624 -0.000322 0.000021 0.079840 0.222664 0.000177 -0.000034 0.000030 -0.082517 0.280069 0.000153 0.029502 -0.000038 0.025617 -0.000075 -0.000017 -0.143808 0.023311 -0.000117 0.029577
-0.339423 0.000213 0.000028 -0.000133 0.043323 0.011160 -0.508613 -0.113886 0.010126 -0.000146 -0.000113 0.312859 0.037015 0.059346 0.000092 -0.258712 -0.532252 -0.289919 -0.000109 -0.207396 -0.093086 -0.006495 0.049290 -0.261743 -0.237896 0.000099 0.041589 0.025335 -0.000095 0.060753 -0.035273 -0.000173 0.334187 0.162465 0.450731 -0.000117 0.000046 0.109897 -0.006492 -0.000158 0.100933 0.000106 0.000451 -0.001654 0.013841 0.000013 0.000122 -0.000054 -0.233187 -0.053209 -0.000100 0.048955 0.000060 -0.022753 -0.000225 0.000226 0.031019 0.009232 -0.000105 0.057627
-0.050475 -0.000065 -0.000202 0.000019 0.009159 0.003995 0.023806 0.002360 0.043966 -0.000030 0.000127 -0.154909 0.102302 0.290452 -0.000203 0.028002 0.062645 -0.070746 -0.000137 -0.104428 0.081855 0.026586 0.010605 -0.229377 0.111531 0.000195 0.008793 0.004769 -0.000102 0.013248 0.005277 -0.000152 -0.429725 -0.166080 0.138112 -0.000304 0.000000 0.008769 0.140433 0.000083 0.062289 -0.000182 0.000061 -0.179397 0.174057 0.000203 0.000095 0.000072 0.105103 0.032007 -0.000213 0.010437 0.000011 -0.496106 0.000264 0.000073 -0.261932 -0.028413 0.000022 0.085862
0.080077 0.000052 0.000105 -0.000282 0.055624 0.017074 0.025451 -0.392068 -0.273890 0.000217 -0.000176 0.124790 -0.216591 0.222400 -0.000003 0.258916 0.144819 -0.016718 -0.000030 0.065687 0.315208 -0.162305 0.063440 -0.377265 0.075297 0.000047 0.053573 0.033744 0.000133 0.079328 0.015997 -0.000104 0.156791 0.128579 -0.032009 0.000354 -0.000017 0.062848 -0.249040 -0.000186 0.012590 -0.000137 0.000127 0.144236 -0.166504 -0.000245 0.000197 -0.000031 -0.010948 -0.090248 0.000255 0.063171 0.000021 -0.064980 -0.000008 -0.000093 0.283642 0.032356 -0.000335 -0.079458
0.001677 -0.000109 -0.000166 -0.000266 0.039052 0.005964 -0.108797 -0.006030 0.074457 -0.000336 0.000058 -0.019906 -0.188073 -0.037716 0.000321 0.120302 -0.159490 -0.226297 -0.000138 0.322754 0.312174 -0.125701 0.045924 0.024092 -0.096901 -0.000112 0.037243 0.020233 0.000108 0.058226 -0.420430 -0.000239 0.156285 -0.392660 -0.011490 0.000117 0.000207 0.041256 0.294108 0.000191 0.045518 0.000121 0.000082 0.143068 0.108289 0.000215 0.000002 0.000246 0.160137 0.177341 0.000528 0.045422 0.000006 -0.064316 -0.000089 -0.000020 0.118813 -0.108102 -0.000223 -0.015350
0.083015 0.000027 0.000187 -0.000188 0.067374 0.020371 -0.068943 -0.014896 -0.144758 -0.000131 0.000087 0.003544 0.045849 0.175400 -0.000057 0.058845 0.060240 0.000846 0.000150 0.483237 -0.066597 -0.110964 0.077882 0.061542 -0.006913 0.000079 0.064841 0.040129 -0.000100 0.097397 0.056086 -0.000268 0.055870 -0.183426 -0.267951 -0.000083 -0.000151 0.001692 0.122012 0.000394 0.050029 -0.000237 0.000104 0.041920 0.021884 -0.000133 0.000134 -0.000029 0.048546 0.176804 -0.000270 0.077077 0.000358 0.012599 -0.000001 0.000052 -0.357758 0.166486 -0.000258 -0.140744
0.224592 0.000068 -0.000152 -0.000065 0.072369 0.022190 -0.182255 0.020556 -0.028948 0.000006 -0.000202 0.210332 0.085984 0.090540 -0.000008 -0.210547 -0.057743 -0.031921 -0.000280 0.042067 -0.096852 -0.008665 0.083389 0.051552 0.236976 -0.000065 0.069480 0.042969 -0.000153 0.105863 -0.107039 0.000059 0.053324 -0.169148 0.180009 -0.000116 0.000023 0.065755 -0.027055 0.000124 -0.498017 -0.000206 0.000256 0.013443 -0.362368 0.000047 -0.000043 -0.000012 0.178944 -0.220382 0.000261 0.082911 0.000012 0.098490 0.000060 -0.000090 0.008927 0.090239 -0.000022 0.209534
-0.325410 0.000003 0.000187 -0.000038 0.020540 0.002321 0.101798 0.111181 -0.009331 0.000198 -0.000110 -0.048647 -0.545375 0.045844 -0.000003 0.218299 -0.158532 -0.061400 -0.000278 0.050825 -0.027343 -0.284020 0.025113 0.377779 0.102495 -0.000099 0.019439 0.008835 -0.000008 0.032942 0.327012 0.000050 -0.053813 -0.229573 -0.177238 -0.000412 -0.000057 -0.168884 0.009976 -0.000192 0.131129 0.000025 0.000195 0.153984 0.131056 -0.000219 0.000112 0.000272 0.099504 0.141418 0.000271 0.024632 0.000177 -0.179716 0.000221 -0.000012 -0.007409 0.094437 0.000308 -0.202825
-0.144520 0.000116 0.000034 0.000178 0.059020 0.021545 0.191227 0.129981 0.174802 0.000100 -0.000111 0.059269 -0.077189 0.275563 -0.000025 0.004791 -0.443570 0.080179 0.000105 0.011015 0.034068 -0.005316 0.065952 -0.052321 0.103528 0.000127 0.057190 0.038567 0.000112 0.079399 -0.115927 0.000051 -0.177292 0.029202 0.063497 0.000038 0.000059 -0.356168 0.211316 0.000182 0.121493 -0.000669 0.000001 -0.013392 -0.001761 0.000017 -0.000065 0.000053 -0.452559 -0.093767 -0.000143 0.065734 0.000177 0.214732 0.000208 0.000172 0.040867 0.141251 0.000027 -0.011100
-0.007151 -0.000182 0.000064 0.000134 0.056150 0.016465 0.243273 0.009668 0.035979 0.000051 0.000044 -0.126394 0.158646 -0.123168 0.000005 0.008402 -0.329756 0.010793 0.000131 -0.019047 0.096381 0.011054 0.063912 0.096721 -0.005926 0.000043 0.054090 0.033901 0.000054 0.077613 0.067726 0.000098 -0.051187 -0.149615 -0.041154 -0.000043 -0.000006 -0.128046 -0.069526 0.000109 0.056797 -0.000074 -0.000201 0.232135 0.058023 -0.000114 -0.000019 0.000048 -0.035050 0.249794 0.000361 0.063344 0.000103 -0.155469 0.000040 -0.000032 -0.102740 0.153110 0.000007 -0.011319
0.010817 0.000043 0.000022 -0.000321 0.045345 0.013266 -0.075740 0.062954 -0.212662 -0.000052 0.000088 0.074057 0.152427 0.182604 -0.000302 -0.226719 -0.162032 -0.222138 -0.000242 -0.072949 0.121374 0.017567 0.050983 0.222294 0.123425 -0.000009 0.043818 0.028180 0.000066 0.060111 -0.221673 0.000097 -0.070160 0.212775 0.075082 0.000022 -0.000005 0.136122 -0.295958 0.000057 -0.110335 -0.000046 -0.000003 0.027980 -0.118814 -0.000028 0.000067 -0.000115 0.028914 0.009601 -0.000070 0.050457 -0.000139 0.015555 0.000084 0.000130 0.064926 0.010197 -0.000397 0.186424
-0.205048 -0.000012 0.000103 -0.000465 0.065898 0.019297 0.065988 0.062307 0.061792 -0.000056 -0.000054 -0.164006 -0.141937 -0.118647 -0.000114 -0.016351 -0.096044 -0.015954 -0.000001 -0.034422 0.095652 0.317954 0.075097 0.208387 0.148049 -0.000368 0.063462 0.039365 0.000081 0.092102 -0.270036 -0.000143 0.110320 -0.445465 0.134035 -0.000263 0.000235 0.315897 0.181710 0.000100 -0.283013 0.000055 0.000122 0.019143 -0.185588 0.000395 -0.000210 0.000104 0.286512 0.042483 -0.000444 0.074512 -0.000037 -0.053987 0.000224 0.000071 -0.140673 -0.103556 0.000145 0.046769
0.002939 -0.000057 0.000058 0.000149 0.047905 0.012690 0.095238 -0.203635 -0.058508 -0.000062 0.000055 -0.180018 -0.156996 -0.179614 0.000040 -0.155961 -0.183051 -0.267725 -0.000118 0.097512 -0.094206 0.081764 0.054588 0.263009 0.311234 -0.000032 0.045997 0.028266 0.000256 0.067504 -0.147984 0.000046 0.069072 0.002462 -0.067829 0.000066 -0.000032 0.012878 0.084629 -0.000032 -0.153621 -0.000292 0.000252 -0.071929 -0.098213 -0.000095 0.000085 0.000109 0.283929 -0.171060 -0.000446 0.054520 -0.000063 -0.225752 -0.000025 0.000018 0.014170 0.020549 -0.000084 0.061940
0.015163 0.000146 -0.000291 -0.000081 0.065182 0.020033 0.050166 0.229288 0.004835 0.000041 0.000053 0.014728 0.078447 0.249273 -0.000078 0.194885 -0.093984 0.017810 0.000187 0.031771 -0.374005 0.011930 0.074468 -0.157218 0.010243 0.000023 0.062765 0.039356 -0.000000 0.092702 -0.285011 -0.000014 0.209019 0.324327 -0.403565 -0.000008 0.000075 0.237659 0.032438 -0.000101 -0.139854 0.000172 -0.000054 -0.088233 -0.061262 0.000167 -0.000140 -0.000115 -0.213851 0.022846 -0.000225 0.074201 0.000072 -0.089349 -0.000073 0.000008 -0.017725 -0.011503 -0.000003 0.032819
0.208225 0.000059 0.000200 -0.000426 0.042198 0.009910 0.259666 0.270282 -0.183602 -0.000135 -0.000148 0.198897 0.109093 0.000747 -0.000152 0.013945 0.077506 0.000817 0.000170 -0.005193 -0.044442 -0.099472 0.048556 0.121613 0.229806 -0.000026 0.040390 0.023831 -0.000066 0.060659 0.001398 0.000019 -0.361184 -0.141416 0.021235 -0.000344 -0.000052 0.150819 -0.007476 -0.000107 0.116539 0.000122 0.000374 -0.127830 -0.105832 0.000076 -0.000109 -0.000046 -0.007570 0.092340 -0.000379 0.048435 -0.000097 0.074142 -0.000035 0.000391 -0.476556 -0.194912 -0.000189 0.091434
-0.097999 -0.000157 0.000015 -0.000040 0.052859 0.015062 0.202894 -0.037538 -0.039126 0.000059 -0.000252 0.045562 0.228576 -0.075973 -0.000199 -0.092940 -0.049286 -0.051662 0.000067 -0.227147 -0.085557 0.041084 0.060486 0.519778 -0.085917 0.000105 0.050867 0.031643 0.000002 0.073630 0.272107 -0.000164 -0.325643 -0.022144 -0.061309 0.000276 -0.000197 0.120182 0.197426 -0.000045 0.065433 -0.000440 0.000310 0.023258 0.071107 0.000139 -0.000131 0.000336 -0.273214 -0.000246 0.000194 0.059924 -0.000018 -0.177427 0.000202 -0.000117 0.040441 0.140409 0.000169 -0.172932
-0.001263 -0.000048 -0.000182 0.000159 0.046580 0.010129 -0.239719 -0.067120 -0.194040 -0.000120 0.000086 -0.093580 -0.214919 0.170049 -0.000051 0.092497 -0.086935 0.069231 -0.000099 -0.014487 0.154403 0.213666 0.053926 0.122072 -0.150423 -0.000024 0.044691 0.026145 0.000196 0.067295 0.463047 0.000068 0.088862 -0.073106 0.128821 0.000008 -0.000054 0.327070 0.084994 0.000163 -0.153726 0.000063 0.000377 0.000922 -0.267108 0.000145 -0.000057 -0.000091 -0.406820 0.009860 0.000142 0.053309 -0.000213 0.145904 -0.000400 0.000132 0.038015 0.249156 -0.000239 -0.138120
-0.085594 0.000188 -0.000079 0.000194 0.037164 0.005242 0.111431 -0.013745 -0.128235 0.000036 0.000138 -0.184954 0.009533 -0.190075 -0.000093 -0.011293 0.014480 -0.112050 -0.000158 -0.142883 -0.095464 -0.036672 0.044034 -0.050012 -0.071920 -0.000067 0.035476 0.019085 -0.000149 0.057050 0.162013 0.000123 0.104623 -0.062261 0.174680 -0.000199 0.000093 0.016600 0.078953 0.000089 0.078144 0.000024 -0.000092 0.029617 -0.391419 -0.000011 0.000139 0.000086 -0.214478 -0.069377 -0.000306 0.043045 -0.000104 -0.134203 0.000031 -0.000088 -0.071667 -0.349597 -0.000186 0.092421
-0.100655 0.000152 -0.000007 -0.000064 0.045626 0.010493 -0.014469 0.005800 -0.055093 0.000000 -0.000127 0.008587 0.266921 0.048630 -0.000069 -0.145978 0.002188 -0.042189 -0.000177 0.173476 0.001017 0.127544 0.052738 -0.115332 -0.129289 -0.000018 0.043785 0.025895 0.000117 0.065652 -0.016263 0.000044 0.053562 0.207938 0.058971 0.000015 -0.000011 -0.150328 -0.064608 0.000138 -0.016975 -0.000485 0.000286 0.038544 -0.013191 0.000048 -0.000158 0.000054 -0.153348 0.011353 0.000343 0.052048 -0.000003 0.219189 -0.000019 -0.000117 0.259223 0.048416 0.000074 0.110477
-0.364481 -0.000045 -0.000061 -0.000322 0.056223 0.015072 0.076533 -0.215978 0.167271 -0.000002 0.000120 0.275637 -0.075532 0.292329 0.000220 0.176939 -0.005735 0.218917 0.000381 -0.080143 -0.141938 -0.082315 0.065203 -0.077046 -0.134215 -0.000219 0.054019 0.032688 0.000274 0.080888 -0.451538 -0.000103 0.045612 0.152063 0.029293 0.000041 -0.000064 0.052721 -0.046136 0.000209 0.050257 0.000029 -0.000052 0.248102 -0.166505 0.000164 -0.000104 0.000058 0.177986 -0.152477 -0.000425 0.064612 0.000027 0.361322 0.000013 0.000100 0.017286 -0.088325 -0.000410 0.045197
0.178712 0.000157 0.000074 0.000261 0.007679 -0.001501 0.267669 0.072835 0.074767 -0.000144 -0.000125 -0.174660 0.012075 0.178918 0.000154 0.007876 0.046400 0.142036 -0.000324 0.271065 0.075262 0.123885 0.011801 0.213310 0.128864 0.000157 0.006723 -0.001337 0.000001 0.019840 -0.104604 -0.000099 0.441269 0.037008 -0.074888 0.000237 0.000008 0.203346 0.001194 -0.000242 -0.254165 -0.000248 0.000133 0.097489 0.494837 -0.000045 0.000146 -0.000037 0.080068 0.015542 0.000022 0.011455 0.000055 0.093696 -0.000093 -0.000125 -0.294077 0.232566 -0.000361 -0.174746
0.102851 -0.000199 0.000139 -0.000321 0.054398 0.014227 0.221820 -0.006954 0.010954 -0.000095 0.000001 -0.289529 0.397279 0.064951 0.000091 0.126212 -0.303110 0.073251 0.000080 0.150187 -0.082354 -0.037657 0.062556 -0.022128 0.205773 -0.000068 0.052203 0.031563 0.000063 0.079350 0.181753 -0.000110 0.075073 0.003422 -0.396300 -0.000251 -0.000024 -0.016065 0.101838 0.000488 -0.182433 0.000095 0.000060 -0.126712 -0.147242 0.000152 0.000086 -0.000242 -0.032182 0.205943 -0.000601 0.062455 -0.000055 0.073507 0.000054 -0.000080 0.001298 0.051615 0.000085 -0.182729
-0.120521 -0.000059 0.000037 0.000007 0.000806 0.000784 0.095374 0.081978 -0.188497 -0.000006 -0.000189 0.241441 -0.092195 0.103002 -0.000251 0.101221 0.118471 0.421552 0.000247 0.007135 0.076076 -0.098662 0.000808 0.127537 0.152135 -0.000033 0.000813 0.000822 -0.000101 0.000803 0.356858 0.000101 0.059960 -0.052030 -0.100290 -0.000128 -0.000084 -0.149431 0.016247 0.000039 0.259575 0.000068 0.000092 -0.249209 -0.045968 0.000079 0.000035 0.000038 0.159797 -0.054675 -0.000038 0.000802 0.000041 0.294036 0.000173 0.000033 0.015661 -0.081577 -0.000015 -0.058958
0.003441 0.000039 -0.000060 -0.000192 0.039813 0.006529 -0.278645 0.008392 -0.004550 0.000069 -0.000212 -0.227807 -0.085360 -0.184069 0.000067 0.024097 0.133942 -0.005159 -0.000136 0.135072 -0.029892 -0.038123 0.046561 0.097139 0.083833 -0.000201 0.037971 0.021072 0.000134 0.059256 0.312449 0.000181 0.218503 -0.057862 0.139684 -0.000055 -0.000019 0.092606 -0.067806 -0.000003 0.594236 -0.000294 0.000191 -0.020718 0.315703 0.000079 -0.000075 0.000033 0.173138 0.320538 0.000190 0.045875 -0.000035 0.291031 -0.000107 0.000027 -0.044445 -0.219719 0.000057 -0.029444
0.122428 0.000079 0.000105 0.000064 0.039385 0.008100 -0.071409 0.104604 0.237606 0.000023 -0.000005 -0.441470 0.002888 0.201175 -0.000105 0.031730 -0.205396 0.000685 0.000109 -0.332519 -0.007984 0.001682 0.045024 -0.149518 0.076527 0.000146 0.037738 0.022279 0.000226 0.055079 0.077519 0.000202 0.003966 0.044395 0.116165 0.000431 0.000009 -0.069298 0.031540 0.000080 0.408430 -0.000659 0.000012 -0.084070 -0.370007 0.000036 -0.000199 0.000155 0.180412 0.147076 -0.000284 0.044587 -0.000094 -0.262430 -0.000065 -0.000097 0.033244 -0.147084 0.000015 0.001791
0.007748 0.000059 -0.000075 -0.000224 0.049787 0.013739 -0.041338 0.006835 0.181244 -0.000099 0.000078 -0.066880 0.115132 -0.024989 -0.000011 -0.002027 0.207048 -0.069259 -0.000129 -0.094744 0.053690 -0.026022 0.056933 -0.037164 0.090543 0.000276 0.048001 0.029967 -0.000037 0.068560 -0.168761 -0.000121 -0.244800 0.012505 0.122915 0.000055 0.000270 0.047486 0.087146 -0.000255 0.167996 -0.000959 0.000436 -0.195449 -0.025134 0.000134 0.000029 -0.000032 -0.169702 -0.114682 0.000268 0.056200 -0.000164 0.049444 -0.000106 0.000030 0.102751 0.073257 0.000039 -0.052528
0.053275 -0.000118 0.000022 -0.000193 0.046805 0.011516 0.214979 -0.027728 0.010557 0.000115 -0.000125 -0.068285 0.260579 0.125517 -0.000038 -0.124637 0.163906 -0.089092 -0.000077 0.136206 -0.144569 0.035674 0.053337 -0.074279 -0.012397 0.000100 0.044956 0.027367 -0.000338 0.065669 -0.091922 -0.000012 0.110731 -0.127775 0.171527 -0.000043 -0.000040 0.143622 0.222236 0.000003 -0.136361 -0.000024 0.000090 -0.024024 0.104610 0.000072 0.000230 -0.000073 -0.139506 0.071494 0.000133 0.052866 0.000042 0.047667 0.000004 -0.000199 -0.219431 0.043612 0.000198 -0.044386
0.058126 -0.000070 -0.000021 -0.000177 0.026501 0.001914 -0.222250 0.046548 0.198474 -0.000253 0.000021 -0.088335 -0.296369 0.408067 -0.000438 -0.025619 0.246587 -0.211766 0.000194 0.101277 -0.167681 0.014519 0.031613 0.009326 -0.151554 0.000013 0.025143 0.012335 0.000219 0.042171 -0.079682 -0.000012 0.076001 -0.297362 -0.092978 -0.000157 -0.000032 -0.189343 0.154121 0.000080 0.008828 0.000142 0.000041 0.381882 0.117097 -0.000201 -0.000133 0.000018 0.004100 0.105609 0.000183 0.031292 -0.000127 -0.239900 0.000064 -0.000153 -0.017046 -0.149702 -0.000115 0.231559
0.072049 -0.000199 -0.000005 0.000105 0.021475 0.001074 0.096006 0.042159 0.107009 0.000060 -0.000011 -0.042661 -0.143446 0.137989 -0.000158 0.010166 0.248786 0.298472 -0.000052 -0.101310 0.044177 -0.127574 0.025870 0.036985 0.334403 0.000015 0.020282 0.008928 -0.000172 0.034890 -0.143965 0.000073 0.019662 0.036398 -0.372298 0.000054 0.000021 0.205947 0.101178 -0.000271 -0.002505 0.000033 0.000096 -0.275029 0.200468 -0.000384 0.000103 0.000268 -0.040055 -0.133228 -0.000006 0.025491 -0.000041 0.003480 0.000298 0.000075 0.102971 -0.121898 -0.000347 0.351739
0.089315 0.000184 -0.000061 0.000151 0.037936 0.006661 0.202348 0.013671 -0.237151 0.000084 -0.000112 -0.006979 -0.210872 -0.132226 -0.000154 0.125540 -0.109121 0.139243 0.000097 0.182602 0.021829 0.079599 0.044361 0.220525 0.264870 -0.000186 0.036161 0.019894 0.000023 0.055137 0.004247 -0.000166 0.041771 0.051305 -0.129340 0.000032 -0.000013 -0.156782 0.110499 -0.000497 0.015250 -0.000249 0.000104 -0.099726 0.130661 -0.000055 0.000067 0.000022 0.107741 0.124390 -0.000591 0.043627 -0.000014 0.067307 -0.000219 -0.000006 -0.276981 0.312408 -0.000055 0.192889
0.267238 -0.000033 -0.000097 -0.000032 0.067730 0.020322 0.155169 -0.265536 0.132026 -0.000018 -0.000050 -0.072171 0.092050 0.230991 -0.000100 0.002915 -0.107459 0.043257 0.000162 -0.186849 -0.285847 0.061939 0.077389 -0.044557 0.113670 -0.000013 0.065213 0.040558 0.000069 0.095348 0.129009 -0.000172 0.066796 0.065026 0.196003 0.000067 0.000223 0.008416 0.027369 -0.000133 0.187421 -0.000094 -0.000027 0.140443 -0.009853 0.000131 -0.000036 -0.000035 0.049617 -0.120065 -0.000025 0.077135 -0.000079 -0.205525 0.000009 0.000034 0.301417 -0.242070 0.000149 -0.153601
0.012900 -0.000094 0.000072 -0.000001 0.009221 0.000403 0.079905 -0.134121 -0.399137 0.000098 0.000282 0.016134 0.054487 0.253403 0.000051 -0.245813 0.181505 -0.115314 -0.000031 -0.400594 -0.093370 -0.057250 0.011284 0.233088 0.259982 0.000264 0.008642 0.002471 -0.000200 0.014091 -0.091841 0.000182 -0.282520 0.138390 0.153570 -0.000310 -0.000064 0.292608 -0.113062 0.000047 0.286152 -0.000230 0.000190 0.017815 0.014070 0.000180 -0.000216 0.000049 0.004479 0.114406 -0.000562 0.011055 -0.000149 0.170590 -0.000041 0.000015 0.192052 -0.103543 0.000052 0.064677
0.216139 -0.000064 -0.000278 0.000122 0.025537 0.000868 -0.242038 0.361130 0.037028 0.000169 0.000003 -0.145354 0.109944 -0.123940 0.000034 -0.080864 0.090704 -0.106669 -0.000068 0.120567 -0.170197 -0.080235 0.031059 0.220684 0.207464 0.000045 0.024114 0.010916 0.000106 0.040434 0.003430 0.000095 -0.155579 0.016332 0.335545 0.000199 0.000037 0.004144 0.146900 0.000133 0.019254 -0.000014 -0.000038 -0.265679 0.001630 0.000072 0.000249 0.000041 0.002843 0.016542 -0.000244 0.030382 -0.000208 0.059731 -0.000086 -0.000109 -0.091270 0.053902 -0.000172 -0.107231
0.074375 0.000065 -0.000002 0.000110 0.042184 0.009666 0.033324 -0.051460 0.075850 0.000058 -0.000054 -0.091666 0.264328 -0.000443 -0.000053 0.086206 -0.052719 -0.206760 0.000223 -0.065241 0.010198 -0.176324 0.048485 0.013486 -0.335096 0.000007 0.040528 0.024089 0.000354 0.061405 0.112396 -0.000092 0.013706 0.033781 -0.005139 0.000085 -0.000061 0.061496 0.122970 -0.000207 -0.125338 -0.000259 0.000115 0.320512 0.003052 -0.000249 0.000073 -0.000086 -0.131275 0.147459 0.000372 0.048144 -0.000042 0.257314 0.000010 -0.000016 0.147087 -0.016713 -0.000188 0.143064
0.244974 0.000068 0.000088 0.000209 0.048777 0.012661 -0.087289 0.006168 0.119560 0.000065 0.000001 -0.128467 -0.181001 0.086888 0.000088 -0.064524 0.114290 -0.366405 -0.000108 0.244143 0.029517 -0.091662 0.056198 0.097740 0.108734 -0.000016 0.046933 0.028488 0.000015 0.068946 -0.136310 -0.000157 0.007994 -0.053491 -0.005928 -0.000015 0.000142 0.034318 -0.010169 0.000001 0.024224 -0.000200 0.000083 -0.002036 -0.115137 0.000221 0.000006 -0.000363 0.029982 -0.006350 -0.000092 0.055417 -0.000155 -0.000112 0.000108 0.000248 0.088974 -0.080619 -0.000023 -0.126553
-0.043049 0.000032 -0.000091 -0.000404 0.030776 0.003743 -0.192237 -0.493604 0.329107 -0.000018 -0.000172 0.086503 0.114373 -0.005960 0.000220 -0.046062 -0.236701 -0.401514 0.000123 -0.075195 -0.065569 0.091308 0.036621 -0.013620 -0.054695 0.000166 0.029305 0.014726 0.000026 0.046146 -0.063447 0.000100 0.099352 -0.003023 0.014557 -0.000110 0.000139 -0.158960 0.342639 -0.000101 -0.057682 -0.000234 0.000159 0.195217 0.018298 -0.000006 0.000197 0.000023 0.138599 0.126015 0.000068 0.036118 0.000038 0.056355 0.000153 -0.000021 0.146836 -0.309787 -0.000021 -0.033529
-0.048502 0.000053 -0.000004 0.000192 0.033411 0.004254 0.267834 -0.216741 0.052912 0.000208 0.000212 0.011945 0.069177 0.055038 0.000194 0.023913 -0.015768 -0.559441 0.000144 0.122573 0.104680 -0.050259 0.039689 -0.084433 -0.130855 0.000039 0.031775 0.016282 -0.000048 0.051332 -0.147695 -0.000041 -0.138176 -0.213411 -0.023628 -0.000076 -0.000201 -0.179528 -0.141619 -0.000156 -0.009546 -0.000310 0.000157 0.320030 0.028652 -0.000106 -0.000107 0.000391 0.120298 0.025826 0.000175 0.039187 -0.000170 0.355317 0.000147 0.000004 -0.016948 0.370567 -0.000041 0.180296
0.034292 0.000112 -0.000020 0.000023 0.039946 0.005967 0.293873 -0.034224 0.023534 -0.000022 0.000275 0.208383 -0.045988 -0.070891 -0.000081 0.160194 0.006913 -0.355379 0.000053 -0.369272 -0.040354 0.159752 0.046969 -0.019719 0.329132 -0.000115 0.038103 0.020401 0.000057 0.060139 -0.108669 -0.000169 0.228197 0.094225 -0.329703 0.000163 0.000082 0.239570 -0.007402 0.000051 0.082696 -0.000458 0.000320 0.004020 0.098707 0.000320 0.000102 -0.000053 -0.271828 -0.183644 0.000399 0.046764 -0.000140 0.043620 -0.000190 -0.000047 -0.175000 -0.126286 0.000306 0.156693
0.092728 0.000128 -0.000085 0.000120 0.017027 0.001704 0.007967 0.235024 -0.113615 -0.000088 0.000205 -0.025341 0.175792 -0.040630 0.000240 0.003074 -0.077181 -0.074624 0.000137 0.078036 -0.364011 -0.183487 0.021848 0.399798 -0.025874 0.000036 0.015781 0.004364 -0.000170 0.030662 0.026426 -0.000248 0.058578 0.111887 -0.134014 -0.000022 0.000022 0.009859 0.004401 0.000385 0.123411 0.000098 0.000319 0.095860 0.156143 0.000407 -0.000109 -0.000035 0.042246 0.014176 -0.000221 0.021356 0.000044 -0.044124 -0.000024 -0.000109 -0.193909 -0.014260 -0.000024 -0.114236
0.175527 -0.000240 0.000061 0.000065 0.023270 0.007447 -0.050301 0.066910 -0.229356 -0.000272 -0.000097 -0.104788 -0.059828 0.084099 -0.000181 -0.281278 0.213759 -0.063093 -0.000111 -0.217256 -0.146194 0.021934 0.027472 0.194555 0.031431 0.000113 0.022240 0.012322 -0.000078 0.035270 0.078018 0.000108 -0.051004 0.109232 -0.079690 -0.000360 0.000009 0.154595 -0.109674 0.000009 0.001212 -0.000444 0.000153 -0.130227 -0.015321 -0.000018 -0.000289 0.000116 0.253115 0.337177 -0.000165 0.027049 -0.000115 -0.103342 0.000304 0.000080 0.108664 0.077451 0.000235 -0.084432
0.099956 -0.000036 0.000160 0.000059 0.022639 0.004770 -0.403553 0.248523 -0.037286 -0.000084 0.000063 -0.565991 -0.021600 0.067402 -0.000142 0.048773 -0.052452 0.064455 0.000102 -0.149595 0.025580 0.017962 0.027957 0.024840 0.152281 0.000008 0.021310 0.010446 0.000057 0.037369 0.209851 0.000050 0.312521 0.097842 -0.049528 -0.000071 -0.000132 -0.258245 0.398594 -0.000263 0.093190 -0.000263 0.000090 0.095087 -0.036216 -0.000061 -0.000022 0.000100 -0.007510 -0.358832 -0.000043 0.027492 -0.000262 0.092520 0.000176 0.000073 0.151567 -0.083240 0.000068 -0.052797
0.248276 0.000020 0.000039 0.000154 0.032103 0.003667 -0.211711 -0.102774 0.010502 0.000279 -0.000022 0.008035 0.046510 0.106095 0.000052 -0.186206 -0.018718 -0.181159 0.000142 0.102444 -0.005766 0.024826 0.038551 -0.128509 -0.024261 -0.000096 0.030479 0.015279 -0.000044 0.050531 0.005118 0.000043 0.266166 0.107934 0.052722 0.000157 0.000079 0.058469 0.110391 0.000283 0.227554 -0.000285 0.000040 -0.018718 0.184051 -0.000431 -0.000134 -0.000071 -0.041851 -0.147586 -0.000057 0.038059 0.000292 0.228188 0.000094 0.000026 0.023110 0.186100 -0.000256 0.119511
-0.246750 -0.000081 0.000087 -0.000040 0.076909 0.026558 -0.099230 -0.113334 0.331127 -0.000005 0.000087 -0.009039 0.046074 -0.112263 -0.000059 -0.207863 0.210205 -0.042046 -0.000042 0.206192 0.029784 -0.014949 0.087050 0.032384 -0.296688 0.000141 0.074191 0.047917 -0.000004 0.106574 0.007947 0.000059 0.055408 0.001080 0.214233 -0.000340 -0.000129 0.076414 -0.058351 -0.000029 -0.355521 0.000125 -0.000192 0.117757 -0.061839 0.000005 -0.000293 -0.000027 0.058340 -0.205167 -0.000115 0.086616 0.000139 -0.003254 0.000125 -0.000089 -0.158689 0.323101 -0.000070 -0.117904
-0.084096 -0.000046 -0.000282 0.000112 0.049006 0.010406 -0.038226 -0.262666 -0.208186 -0.000002 -0.000066 -0.164271 -0.053093 0.009244 0.000037 0.007085 -0.177129 -0.150554 0.000126 0.276190 -0.218836 -0.044450 0.056830 -0.006829 0.129686 -0.000132 0.046966 0.027204 0.000111 0.071581 0.160324 0.000045 0.025537 -0.037096 0.088551 0.000084 0.000008 -0.101710 0.187636 0.000151 -0.347868 0.000184 -0.000159 0.137551 -0.152811 0.000244 0.000214 -0.000111 0.239468 -0.192801 -0.000424 0.056295 0.000123 0.009653 0.000155 0.000100 0.240703 0.171194 0.000115 0.055629
0.039984 0.000071 0.000234 -0.000066 0.048696 0.013254 0.258802 -0.008761 0.209772 0.000184 -0.000091 0.262244 0.109133 -0.033081 -0.000056 -0.186630 -0.099797 -0.043405 0.000035 0.192413 -0.176683 0.067645 0.056427 0.221602 -0.163717 -0.000051 0.046722 0.028063 0.000096 0.071654 0.029739 0.000173 0.033341 0.153061 -0.178229 0.000085 -0.000130 0.034652 -0.064456 0.000027 -0.013579 -0.000293 0.000081 -0.220968 -0.075699 0.000250 -0.000113 0.000105 -0.005803 0.162176 -0.000480 0.055778 0.000147 0.014472 -0.000060 -0.000105 -0.397635 0.117486 -0.000133 -0.057517
-0.086994 0.000059 0.000033 -0.000077 0.054839 0.014279 -0.110340 0.214224 -0.095433 0.000103 0.000052 0.500524 -0.193568 0.033693 -0.000019 0.254405 0.208664 -0.037650 0.000188 -0.179920 0.007111 0.059254 0.063105 -0.285034 -0.411695 -0.000195 0.052696 0.031663 -0.000160 0.078248 -0.186622 -0.000057 0.103276 -0.045300 0.229769 0.000356 0.000035 -0.285451 -0.139593 -0.000068 0.210026 0.000267 0.000064 -0.070475 -0.073636 0.000271 -0.000200 0.000106 0.384801 -0.013545 -0.000636 0.062570 -0.000047 -0.288697 0.000261 0.000084 0.012191 -0.219232 0.000225 -0.127968
-0.067511 0.000126 0.000039 0.000012 0.023635 0.002532 0.039867 0.138311 -0.072778 0.000001 -0.000206 -0.032596 0.163617 0.114808 0.000099 0.118583 0.033307 0.112594 0.000244 0.015985 0.317615 0.223760 0.028484 -0.026957 0.038473 -0.000005 0.022421 0.011134 -0.000214 0.036966 0.004064 0.000044 0.249812 -0.176711 0.075424 -0.000140 0.000040 0.065346 -0.449232 -0.000129 -0.002183 0.000101 -0.000109 -0.358525 -0.099799 -0.000182 0.000159 0.000050 -0.005347 0.189334 -0.000316 0.028191 -0.000042 -0.095149 0.000007 0.000136 -0.347089 -0.070465 -0.000296 0.005357
-0.201112 0.000198 -0.000131 -0.000262 0.047689 0.011972 -0.119786 0.055502 -0.139875 -0.000218 0.000000 -0.142850 -0.103384 0.401304 0.000204 0.252463 0.039786 0.053324 0.000114 -0.257597 -0.069772 0.089663 0.055422 -0.039015 0.144435 -0.000117 0.045782 0.027033 -0.000028 0.070769 -0.148061 -0.000096 0.001905 0.156555 0.355788 -0.000093 0.000011 0.005909 0.042448 0.000004 -0.000193 0.000034 0.000227 -0.162455 -0.066473 -0.000246 -0.000287 0.000201 0.117051 0.028541 0.000004 0.054758 -0.000020 0.250167 0.000237 0.000034 -0.062780 -0.114462 -0.000040 -0.096267
-0.130468 0.000155 0.000114 -0.000045 0.006697 -0.001889 0.245639 0.007188 -0.003185 -0.000033 0.000012 -0.087232 0.053338 0.133829 0.000046 -0.022867 0.305940 -0.103837 0.000016 -0.247909 0.112261 -0.202507 0.009450 -0.433496 -0.132497 0.000055 0.005997 -0.000462 0.000038 0.013879 0.197617 -0.000174 0.081458 -0.191890 0.151641 -0.000081 0.000003 0.103403 -0.349497 0.000106 0.258789 0.000067 0.000303 -0.121497 -0.216770 0.000050 -0.000075 -0.000054 0.012546 -0.097736 -0.000283 0.008995 -0.000267 -0.043298 0.000057 0.000051 0.001901 0.054513 -0.000038 0.126686
0.118651 0.000143 0.000053 0.000088 0.042521 0.008395 -0.107523 0.013361 0.000575 0.000059 -0.000068 0.228129 -0.190696 -0.123051 -0.000168 0.102146 -0.186222 0.188697 0.000151 0.053741 -0.209096 0.085735 0.049364 -0.285754 -0.019561 -0.000097 0.040732 0.023280 -0.000016 0.061490 0.151809 -0.000079 -0.013996 0.320141 0.320447 -0.000053 0.000084 0.279983 0.005949 -0.000229 -0.203875 0.000104 0.000043 0.036085 -0.238304 -0.000161 -0.000049 0.000023 -0.307846 0.069706 -0.000126 0.048761 -0.000011 -0.106895 0.000287 -0.000077 0.250509 -0.067891 -0.000237 0.129457
0.129581 -0.000236 0.000027 -0.000118 0.040441 0.008042 0.190013 -0.171791 -0.093253 -0.000235 -0.000106 -0.168953 0.255076 0.488660 0.000028 0.124319 -0.033506 -0.176672 -0.000145 0.003044 0.056155 -0.138616 0.047423 -0.096283 -0.126410 0.000214 0.038681 0.021709 0.000095 0.059900 0.040909 -0.000074 -0.132320 0.006455 -0.073090 0.000348 0.000174 -0.190570 0.194407 -0.000119 -0.761327 -0.000028 0.000267 0.129945 0.109029 0.000040 0.000132 -0.000020 -0.052286 -0.166330 -0.000093 0.046735 -0.000143 -0.215846 0.000128 -0.000108 0.031103 0.164580 0.000196 -0.013649
0.099303 -0.000062 -0.000086 -0.000294 0.032770 0.003801 -0.053762 0.084047 0.125607 -0.000001 -0.000047 -0.137971 -0.030435 -0.177821 -0.000079 0.169610 0.046780 -0.004997 0.000041 0.035486 -0.089696 -0.016336 0.038690 0.101899 -0.256126 0.000036 0.031145 0.016027 -0.000404 0.049050 -0.102619 0.000052 0.239257 0.033509 -0.071780 -0.000200 0.000112 0.089463 -0.180224 0.000132 -0.128726 0.000212 0.000303 0.238422 -0.073889 0.000288 0.000158 0.000148 0.003526 0.270730 -0.000480 0.038185 -0.000150 -0.110170 0.000211 -0.000175 0.166564 -0.027434 0.000117 -0.077606
0.001900 -0.000074 0.000154 -0.000005 0.007530 0.001465 0.032867 0.006492 0.150644 0.000304 0.000003 0.203595 0.222346 0.186670 0.000241 0.036744 -0.077294 0.166691 0.000245 0.065600 0.012834 -0.012351 0.010597 -0.056800 0.061474 0.000015 0.006796 0.002095 0.000048 0.016167 -0.224531 0.000101 -0.183243 -0.198390 -0.046745 0.000225 0.000343 -0.262678 -0.225701 -0.000058 0.164764 0.000039 -0.000267 0.187574 -0.000095 0.000240 -0.000162 -0.000035 -0.006528 0.300761 0.000029 0.010346 0.000007 0.267505 0.000170 -0.000082 -0.203145 0.061101 0.000003 -0.047032
-0.007773 -0.000231 -0.000241 0.000154 0.038560 0.007310 0.101845 -0.035035 0.062410 0.000006 0.000296 -0.030686 -0.202816 0.410317 0.000049 0.117016 -0.105231 0.113726 -0.000152 -0.109523 -0.109664 0.176630 0.045041 0.150791 0.170554 0.000084 0.036994 0.020621 -0.000079 0.055488 0.128333 0.000104 -0.154779 0.078770 -0.020312 -0.000260 -0.000096 -0.211078 0.073959 0.000134 -0.168102 0.000193 -0.000132 -0.261161 -0.426524 0.000260 -0.000055 0.000134 0.340500 0.031322 0.000254 0.044542 -0.000334 -0.020337 -0.000038 0.000155 -0.100867 0.024094 -0.000246 0.144307
-0.088246 0.000074 0.000031 0.000036 0.071823 0.024528 0.053391 0.171095 -0.066877 -0.000151 0.000059 -0.059619 0.188566 -0.042591 -0.000108 -0.407101 -0.107441 0.145666 -0.000180 0.029228 0.087601 0.051490 0.081368 -0.047743 0.243535 0.000041 0.069236 0.044755 0.000068 0.099836 0.153707 0.000174 -0.192594 -0.088613 -0.113283 0.000263 0.000014 -0.140246 0.194156 0.000021 0.256332 -0.000049 -0.000008 0.162339 -0.109627 -0.000180 0.000217 0.000372 -0.143608 -0.116116 0.000149 0.080736 -0.000206 -0.042414 -0.000056 0.000050 -0.083410 0.085694 -0.000150 0.021486
0.001644 -0.000102 0.000048 0.000022 0.042828 0.009169 -0.381557 -0.367887 0.064679 0.000035 -0.000056 -0.016452 0.163569 0.219438 -0.000098 -0.063221 0.061208 0.160454 0.000409 -0.237394 0.022208 0.205192 0.049244 0.227901 0.213826 -0.000282 0.040990 0.024127 -0.000043 0.062813 -0.031655 0.000318 0.452926 0.124505 0.080303 -0.000063 0.000104 0.097053 0.187006 -0.000331 0.221439 -0.000143 -0.000220 -0.080748 -0.007159 0.000076 -0.000305 -0.000087 -0.257786 -0.354394 0.000028 0.048838 0.000040 -0.087623 0.000124 0.000253 0.040093 -0.135781 0.000089 0.002773
-0.009894 0.000111 -0.000039 0.000139 0.012167 -0.000866 0.033871 -0.124367 0.381815 0.000119 0.000186 -0.136746 -0.383685 0.021303 0.000179 0.265177 -0.295226 0.179322 0.000052 -0.032858 -0.027275 -0.008178 0.016273 0.209298 0.257503 -0.000441 0.011086 0.002016 0.000047 0.024347 -0.028241 -0.000163 0.170194 -0.069110 0.204540 -0.000346 0.000215 0.152202 0.059237 0.000178 0.241006 -0.000240 0.000242 -0.166842 0.079008 0.000101 0.000001 -0.000033 0.053068 -0.414127 0.000173 0.015768 0.000094 0.209611 0.000251 0.000141 0.301742 -0.318911 0.000168 0.068004
0.010292 0.000020 0.000044 0.000222 -0.000912 -0.000584 -0.053165 -0.160192 -0.075971 0.000027 0.000173 0.020423 0.095568 -0.008307 -0.000357 -0.095973 0.014075 0.136163 0.000174 0.255137 0.064369 0.034170 -0.000928 0.206051 -0.034885 -0.000066 -0.000896 -0.000692 0.000051 -0.000967 -0.184418 -0.000111 0.080410 0.598643 0.128991 -0.000064 -0.000214 0.161885 -0.091645 0.000006 -0.195925 0.000147 0.000482 -0.054020 0.145840 0.000056 -0.000053 -0.000042 0.217804 0.172189 -0.000614 -0.000933 0.000192 0.126791 0.000316 -0.000156 0.081006 -0.117324 0.000234 0.165360
