7.073370
0.011664
0.002967
0.013107
1.087096
0.545375
-7.541309
-6.807086
-7.884349
-0.003362
-0.009101
-6.820521
-8.471881
-8.217927
-0.000211
-7.002138
-7.642125
6.025376
0.001908
-7.793693
-5.855908
-6.673893
1.188734
-6.931502
-9.021008
0.009035
1.059618
0.773460
0.013176
1.382577
-7.094487
-0.000672
-8.537053
-7.463999
-7.660504
0.005169
0.008533
-8.553822
-7.587610
-0.002394
-7.520325
0.012272
0.003554
-6.507100
6.726257
0.003253
0.003275
0.018523
-6.850386
-7.221775
-0.007949
1.185307
0.025765
6.878680
0.002513
-0.013729
-7.756584
-7.028539
-0.006988
-7.031830
