0.022086
-0.035316
-3.408799
0.019185
-0.007018
-0.029504
-1.110259
-0.030139
0.038148
2.569933
-0.021950
-0.014395
-0.004811
0.000117
-0.024429
0.006788
0.006866
-0.001080
0.022048
-0.040066
-0.019772
0.027716
6.441299
-2.649968
0.018339
0.027715
0.035016
-0.007810
-0.015650
-0.015773
4.588643
0.027332
-1.390425
6.026853
-0.006555
0.015772
0.003251
0.009916
0.013987
0.009014
-0.001101
0.017492
3.925534
0.016446
-0.039007
-3.059058
-0.015611
0.001593
-3.458274
0.005808
0.160068
0.005758
-0.010145
0.000821
-0.837892
0.007557
-0.000126
-0.014026
-1.474800
0.011673
0.033039
0.020283
4.115523
5.085820
0.017839
-0.000067
-0.005797
-0.009024
-0.024897
-0.022834
-0.006568
-0.000909
0.006876
0.000384
-0.011181
0.004949
-0.003699
0.007572
-0.029537
0.018880
-0.048396
0.000783
-1.230344
0.000346
-2.569109
0.017937
-0.023977
0.006837
-0.000300
0.031500
0.002365
-0.000080
0.027546
-0.002085
-0.009549
-0.009704
-0.016557
3.573707
-0.775958
6.193636
-0.028020
0.000126
-0.000610
-0.009197
0.012565
0.035339
-0.029203
0.009394
-0.006127
0.002548
0.000213
0.000012
-2.585472
0.004046
-0.033386
0.001345
-0.000228
0.000796
0.013120
-0.019590
-0.026947
-1.348113
0.000016
-0.000867
6.517627
0.001994
0.022121
0.003020
-2.282988
-3.115122
5.992049
-0.006932
-0.000299
0.003052
0.009859
0.000345
0.016722
-0.034632
0.003659
-0.013973
-1.490521
-0.000738
-0.000098
0.000133
-2.398865
