3.116397
5.742058
0.002048
-0.000262
-0.001373
-0.003702
-2.455857
-2.738632
4.286606
5.288674
5.407565
-3.425013
4.726810
0.020762
3.398397
0.003178
-0.001449
-0.000224
-2.633726
5.146323
-0.000435
-0.005637
-0.004309
-0.008821
-0.006228
-0.027282
-0.009380
2.961188
-0.009964
-0.013009
0.000015
5.192961
0.031995
2.477636
-0.000880
-0.029326
5.979434
-0.008420
0.000485
-0.000242
-0.000238
0.007848
-0.008702
-0.005316
0.017419
-0.009244
-0.024820
-3.458220
2.893130
-4.888779
0.000634
3.069636
5.188763
-0.023690
0.016963
0.020697
0.015418
0.005193
-0.000051
0.004646
0.000250
0.465989
0.000831
0.017035
-0.000598
-3.317904
-0.002538
5.318599
-0.002703
4.157796
-2.688142
-0.033959
-0.000225
0.009578
-0.016995
0.028747
-0.040878
-0.000293
0.025460
0.004071
0.018326
0.002040
-0.002232
0.030094
4.377429
4.770479
-0.000197
-0.001488
-0.000930
0.000031
-0.004676
-2.084610
0.011062
-0.028365
-0.000248
-0.005808
-4.141954
0.000283
0.004467
-0.023336
-0.011434
-3.691714
-0.031674
0.017895
-0.039498
0.032255
0.007578
-4.085186
0.001570
0.003173
0.003386
-0.013943
3.319164
-1.847446
-4.939570
-0.001139
3.782039
-0.002029
0.003057
-2.591654
-0.027439
0.007443
-2.588623
-0.010341
0.006810
0.004352
0.005193
0.000155
-0.033085
0.000089
-3.641155
0.000255
0.007508
6.391774
0.000016
0.010023
-0.000594
0.023310
-2.011093
0.007302
-0.032165
-0.029656
0.017930
-0.006770
-0.024779
0.003904
-0.034553
0.003351
0.004848
0.026395
-0.008418
0.001181
-0.000275
-0.000778
3.643035
0.000195
-2.347166
0.030690
0.020926
0.001337
5.707317
-0.023582
-0.000452
0.000452
0.022064
-0.003159
0.001564
-4.404864
0.010512
-0.022454
3.355481
-0.004378
-2.182235
-0.034417
0.001717
0.002885
-0.008287
0.002001
2.952821
-0.003512
3.472661
-0.031771
-0.031514
5.429062
-2.109087
-0.000243
0.014128
0.003659
-0.006373
0.012500
5.459538
3.777303
-0.000657
0.003846
-0.000687
-0.002953
0.002867
-0.000551
-0.001404
