-0.026734
0.000564
-0.002812
-0.005150
-0.023053
-0.007825
0.014489
-0.004436
-0.001161
-0.014222
-1.270952
-0.018147
-0.017025
-0.002407
-0.001803
-0.025341
-0.017449
-0.002201
-0.000457
0.000294
-0.020455
-0.014296
-0.001013
-1.278075
-0.005413
-0.003624
-0.009259
0.000465
-0.005273
-0.000206
-0.032377
-0.000943
-0.008186
-0.000384
-0.003121
-0.341689
-0.004654
-0.017876
0.005360
-0.001658
-0.016240
-0.009578
-0.011933
0.006771
-0.003087
-0.000941
-0.001070
1.439206
-0.007599
-0.024461
-0.001212
-0.008101
0.380256
-0.012151
-0.754616
-0.004107
-0.003235
-0.001386
-0.005499
-0.000935
-0.004774
-0.001622
-0.026089
-0.001276
-0.000380
-0.001772
-0.006634
-0.855410
-0.002272
0.001135
-0.001858
-0.001273
-1.343121
-0.005894
-0.006574
0.977965
-0.103294
0.061933
-0.002667
-0.003317
-0.002295
-0.006905
-0.001349
0.003767
-0.000608
-0.014502
-0.001741
-0.016250
-0.002378
0.164505
-0.004694
-0.000333
-0.007075
0.105131
-0.000884
-0.006642
-0.001250
-0.011675
-0.007952
-0.032909
-0.001646
-0.001071
-0.009644
-0.016869
-0.017041
-0.000628
-0.011074
-0.002004
-0.004918
-0.005336
0.000623
0.001218
0.012596
-0.018648
-0.011117
-0.003458
-0.005980
-0.005181
-0.680133
-0.000947
-0.002070
-0.003275
-0.000903
-0.004279
-0.003363
-0.002339
-0.001446
-0.003107
-0.011302
-0.001559
-0.011153
-0.001086
-0.005233
-0.000856
-0.001541
-0.011837
-0.005317
-0.001191
0.570213
-0.013975
-0.013301
-0.000852
-0.001365
-0.002214
-0.000719
-0.008885
-0.194487
-0.033062
-0.012639
-0.018220
-0.009329
-0.000432
-0.003036
-0.004875
-0.002234
-0.001182
-0.011618
-0.002925
-0.003041
-0.007149
-0.000435
-0.117775
-0.001492
-0.004611
0.000102
-0.002330
-0.004718
-0.001556
1.156789
-0.009316
-0.008174
-0.005780
