0.011286
-0.000127
0.015808
-0.002293
-0.025717
-0.026388
-0.026342
0.034780
0.003518
-0.001355
-1.472510
0.030389
-0.029981
0.021211
0.002295
0.016872
-0.000557
-0.010544
-0.000181
-0.000850
0.047372
0.021076
0.016100
-1.385065
-0.028755
-0.004898
-0.007185
-0.001062
-0.006706
0.000866
-0.005543
-0.000563
0.026134
-0.000165
0.045097
4.229374
0.014280
-0.025844
-0.000839
-0.031477
-0.020680
0.011130
-0.020937
0.011278
0.022323
-0.014537
-0.000100
-3.285548
-0.012056
0.002011
0.001748
-0.010008
-1.986913
-0.009318
-0.943748
-0.022308
-0.004533
0.025105
-0.002818
0.000274
-0.033353
0.030741
-0.007435
0.001872
-0.000168
-0.002805
0.020126
-1.547774
0.003300
3.495475
-0.029854
0.013909
-1.517027
-0.007852
-0.002440
-2.784891
4.482090
5.572394
0.004297
0.033641
0.003159
0.000981
-0.000157
0.000783
0.007069
0.010005
-0.011694
-0.008835
0.009704
5.403195
-0.012526
-0.000015
0.004019
5.966004
-0.006946
-0.015754
-0.000091
-0.020874
0.000093
0.018892
0.000266
-0.010911
0.005173
-0.040874
0.030701
-0.016215
-0.007270
-0.000470
-0.019795
-0.033908
0.000241
0.000308
0.000498
0.013095
0.037633
0.005076
-0.031281
-0.026495
-1.735693
0.026608
-0.001128
0.033268
0.000272
-0.014766
-0.003748
-0.012807
-0.007836
-0.009179
0.027826
0.025972
0.026201
0.022673
0.001573
-0.003802
-0.002117
-0.017126
-0.025249
-0.000227
-2.146563
-0.025364
-0.004211
-0.004026
0.002284
0.001099
-0.004855
-0.036250
-1.618511
0.024175
-0.007382
-0.004955
-0.028376
-0.009902
0.027434
0.020133
-0.002005
0.019658
0.007413
-0.033565
-0.001374
0.001470
-0.000043
3.645398
-0.011829
-0.013745
-0.002886
-0.001168
-0.009046
0.017791
-3.102944
-0.042075
0.011523
0.001636
