-0.002565
-0.003428
-0.122847
-0.528246
-0.006227
-0.210757
-0.159693
-0.360236
-0.001870
-0.010998
-0.015025
0.000109
-0.005471
-0.000817
-0.001219
-0.000645
0.103077
-0.001120
0.000559
-0.000519
-0.012186
-0.004766
-0.005230
-0.010975
-0.002791
-0.016210
-0.430870
-0.012487
-0.000675
-0.015282
-0.001310
-0.478962
-0.087732
-0.319789
-0.001422
-0.863528
-0.001611
-0.001251
-0.000489
0.001100
0.000451
-0.006477
-0.019678
-0.211802
-0.000158
-0.220942
-0.001156
0.496265
-0.143531
-0.200331
-0.005950
-0.588614
-0.015583
-0.005302
-0.000217
0.000431
0.913064
-0.006546
-0.003192
-0.000597
-0.830311
-1.205999
-0.013224
-0.006036
-0.009021
-0.020396
-0.001744
-0.007880
-0.097774
-0.168224
-0.000789
0.000372
-0.012410
-0.010494
-0.005787
-0.013411
-0.282912
-0.000885
-0.651948
-0.000802
-0.019786
0.000012
-0.002645
-0.002281
-0.003434
-0.264970
-0.007049
-0.326715
0.620608
-0.003664
-0.532632
-1.007714
-0.006607
-0.016968
-0.008353
-0.000402
-0.000722
-0.004883
-0.286954
-0.000126
0.001151
-0.007272
-0.014187
-0.005588
-0.011684
-0.396360
-0.003925
-0.002738
-0.012184
-0.149901
-0.227512
-0.000715
-0.001214
-0.013044
-0.000610
-0.923171
-0.012633
-0.516967
-0.515688
0.002167
0.000790
0.012544
-0.009650
-0.001179
-0.286406
-0.190373
-0.001912
-0.001078
0.003401
-0.156076
-0.011945
-0.000878
-0.211592
-0.172200
-0.001810
-0.006238
-0.186563
-0.018833
-0.003283
-0.000762
-0.001060
-0.002418
-0.002127
-0.000852
-0.002093
-0.401470
-0.003010
-0.000815
-0.105942
-0.007459
-0.002874
-0.000729
-0.002301
-0.002360
-0.829393
-0.001851
-0.026492
0.000755
-0.000478
-0.170588
-0.217289
-0.001111
-0.003783
-0.034993
-0.000365
0.000030
-0.003223
-1.136942
-0.001110
-0.013823
-0.001277
0.000512
-0.002614
-0.007719
-0.005465
-0.012449
-0.001962
-0.368803
-0.001318
-0.005452
-0.011544
-0.002711
-0.001868
-0.004714
0.031644
-0.002276
-0.004229
0.000379
-0.007364
-0.329543
-0.036356
-0.000670
0.000183
