-0.003975
-0.114374
-0.003012
-0.000693
-0.001132
-0.349682
-0.011303
-0.428063
-0.183068
-0.058082
-0.204113
-0.001834
-0.002980
-0.009606
-0.001157
-0.002398
0.331939
-0.531482
-0.820629
-0.019122
-0.039817
-0.004380
-0.941218
-0.169076
-0.004987
-0.015351
0.001235
-0.046124
-0.644078
-0.010404
-0.262158
-0.309798
-0.985934
-0.005544
-0.003374
-0.933034
-0.002603
-0.001423
-1.262789
-0.012226
-0.017449
-0.002285
-0.000948
-0.453422
-0.005610
-0.001386
-0.360414
-0.000896
-0.028575
-0.004736
-0.002043
-0.272069
-0.022153
0.000690
-0.420379
-0.005483
0.136258
-0.187552
-0.154424
-0.002217
-0.004045
-0.001669
-0.446179
-0.241155
-0.005359
0.001500
-0.001632
-0.003935
-0.003996
-0.010446
-0.006394
-0.001105
0.000795
0.002328
-0.001253
-0.707606
-0.186683
-0.000361
-0.012652
0.199019
-0.022072
-0.008657
-0.000844
-0.002284
-0.000876
0.158374
-0.000521
-0.002164
-0.422200
-0.003566
-0.003312
-0.014556
-0.140233
-0.006510
-1.017581
-0.001208
-0.186846
-0.287094
-0.002521
-0.002499
-0.034717
-0.001071
-0.003896
-0.005041
-0.001179
-0.004550
-0.011704
-0.009031
-0.015104
-0.010628
-0.119859
-0.032575
-0.011725
-0.008453
-0.006677
-0.001191
-0.001696
-0.018021
-0.019070
-0.001745
-0.149798
-0.450386
-0.019579
-0.017795
-0.003617
-0.078151
-0.001226
-0.011861
-0.002267
-0.004271
0.000398
0.000409
-0.408746
-0.016197
-0.001116
-0.001485
-0.132959
-0.001182
-0.001297
-0.259645
0.298733
-0.001110
-0.001092
-0.029250
-0.002327
-0.002212
-0.001400
-0.743107
-0.180961
-0.008236
-0.005978
-0.002084
-0.004814
-0.002162
-0.024513
-0.001933
-0.250356
-0.001413
0.969865
-0.304219
-0.001226
