-0.007986
-0.630127
-0.551655
-0.126282
-0.023560
-0.508129
0.405278
-0.007218
-0.005941
-0.475938
-0.001156
-0.001734
-0.352201
-0.003858
-0.000437
0.259489
-0.447619
-0.001249
-0.403877
0.412946
-0.294644
0.143905
0.257093
0.000750
-0.011219
-0.002960
0.001018
-0.395625
-0.007810
-0.000777
-0.328866
-0.004428
-0.005497
0.288386
-0.339799
-0.502789
0.469165
0.005587
-0.010566
-0.006525
-0.354671
-0.001546
-0.287577
-0.140030
-0.005591
-0.418067
-0.003571
0.222434
-0.001530
0.348859
-0.399435
-0.008329
-0.501002
-0.463236
-0.257430
-0.006630
-0.004789
0.459679
-0.008028
-0.246345
-0.009866
-0.514008
-0.003608
0.281286
-0.008888
-0.324861
-0.422915
-0.009245
0.443803
-0.338139
0.001014
-0.011601
0.474873
0.000799
-0.011835
0.000024
-0.000166
-0.000232
-0.325489
0.005680
-0.288705
-0.001032
-0.330278
-0.000660
-0.010896
-0.017650
-0.012327
-0.001730
-0.131263
-0.580064
0.004129
