-0.000009 -0.374708 -0.335520 -0.201030 0.000040 -0.000072 0.247314 -0.000035 0.000106 0.120638 0.000042 0.000308 0.252146 -0.052600 0.000043 0.000130 -0.000084 -0.000034 0.004597 0.281056 -0.000159 -0.246130 0.173232 -0.072871 0.000063 0.303241 0.014369 0.000069 0.000077 0.506461 -0.206710 0.101997 0.309598 0.000065 0.000014 -0.065769 0.003438 -0.432968 0.225596 -0.236560 0.000073 -0.000027
0.000091 -0.019223 0.212600 0.009580 0.000080 -0.000060 0.091603 0.000079 -0.000006 0.140621 -0.000460 -0.000149 -0.244153 0.301203 -0.000119 -0.000067 0.000107 -0.000032 -0.090705 -0.207918 -0.000058 -0.124263 0.227113 0.168341 0.000030 -0.130322 -0.440091 0.000029 -0.000082 -0.086373 -0.109835 0.017072 0.739048 -0.000101 0.000135 -0.344100 -0.302830 0.039714 -0.168800 0.291215 -0.000007 -0.000041
-0.000017 -0.072636 0.558958 0.065491 0.000051 0.000037 0.275778 0.000047 -0.000035 -0.061158 -0.000120 0.000020 -0.529526 -0.190150 0.000187 -0.000082 -0.000087 -0.000002 -0.364204 0.264279 0.000049 0.055388 0.009928 0.106395 0.000125 0.201712 -0.578873 0.000042 0.000067 0.259914 -0.000364 -0.084664 -0.011789 -0.000067 0.000112 -0.014561 0.046690 -0.593862 0.028266 0.133114 -0.000192 -0.000052
-0.000052 -0.380037 -0.127539 0.221234 0.000048 0.000533 0.303823 -0.000101 -0.000005 -0.113259 0.000033 -0.000064 0.016659 0.478171 -0.000091 0.000006 0.001371 0.000031 0.035072 -0.186214 0.000309 0.184027 -0.000328 0.347908 -0.000038 -0.011451 -0.314616 0.000106 0.000194 0.117043 0.281042 -0.163311 -0.172338 -0.000212 0.000040 0.086837 0.753129 -0.232537 -0.180999 0.174932 0.000082 -0.000097
0.000037 0.124246 -0.020350 -0.217772 0.000152 0.000444 0.060645 0.000135 -0.000035 0.146847 -0.000193 0.000100 -0.172833 -0.058779 -0.000180 -0.000040 0.000263 -0.000060 -0.099410 -0.603605 -0.000102 -0.193961 -0.335235 0.155644 -0.000081 -0.142219 -0.268162 -0.000090 -0.000209 -0.055349 0.346467 -0.660109 -0.166604 -0.000006 0.000101 -0.186283 -0.007663 0.123905 -0.270860 0.054362 0.000095 0.000034
0.000029 0.075722 -0.165209 0.349301 0.000036 -0.000010 0.085809 -0.000063 0.000059 0.086199 0.000068 0.000216 0.053134 0.381758 0.000044 0.000065 0.000688 -0.000174 -0.264827 -0.070933 -0.000091 -0.590488 0.275769 0.108228 0.000110 0.192575 0.566291 0.000044 0.000013 -0.579607 -0.143218 -0.438730 -0.009692 -0.000006 -0.000093 0.226422 0.138458 -0.229396 -0.183840 -0.116895 -0.000002 0.000065
0.000016 0.259893 0.415536 0.062017 0.000040 0.000004 0.180173 -0.000103 -0.000069 -0.596561 0.000064 0.000214 -0.208740 0.136667 0.000027 0.000038 0.000653 -0.000088 0.169063 -0.210857 -0.000104 0.200720 0.148505 -0.149061 0.000067 -0.371063 0.334351 0.000018 0.000124 -0.011272 0.250307 -0.639162 -0.473062 0.000043 0.000140 -0.077940 -0.172473 -0.194126 -0.430569 0.041774 0.000011 0.000109
0.000033 -0.547931 -0.409054 -0.475756 0.000035 -0.000068 0.052065 -0.000120 0.000094 0.216913 -0.000110 -0.003080 0.026348 -0.060659 -0.000107 0.000001 0.001088 -0.000266 0.370484 -0.039478 -0.000019 -0.072457 0.351462 -0.127227 0.000032 0.639836 0.231907 -0.000098 0.000006 0.526831 -0.184452 -0.832561 -0.077931 0.000155 -0.000012 -0.228675 0.256264 0.125974 0.054536 0.195342 0.000069 -0.000013
0.000053 -0.534748 0.016503 -0.199902 -0.000001 0.000359 0.238881 -0.000211 0.000072 -0.004372 -0.000025 -0.001230 0.038427 0.197534 -0.000076 -0.000044 -0.000431 -0.000115 -0.277710 0.099640 0.000030 0.248488 0.303724 -0.240410 0.000036 -0.018040 -0.078414 0.000025 -0.000215 0.389359 0.141071 -0.151076 0.258171 0.000039 0.000017 0.005224 0.130819 0.186467 -0.041239 -0.079240 0.000068 0.000026
-0.000017 0.037454 -0.299834 0.411563 -0.000069 0.000233 0.290030 -0.000151 -0.000077 0.735822 -0.000095 -0.001774 0.122605 -0.283058 -0.000013 -0.000042 -0.000058 -0.000025 0.177596 0.721324 0.000046 0.050220 0.015744 -0.223499 -0.000068 -0.061240 -0.431276 0.000178 -0.000069 -0.251655 -0.023503 -0.624139 -0.226891 0.000041 -0.000090 0.207713 0.021602 -0.031110 -0.162157 -0.387959 -0.000054 -0.000039
0.000034 -0.081369 0.144023 -0.093461 -0.000012 0.000363 0.280934 0.000144 -0.000047 0.165170 -0.000061 -0.004134 0.310477 -0.086230 0.000016 -0.000223 -0.000648 -0.000123 0.052172 0.088173 -0.000078 0.259665 0.284186 -0.111795 0.000139 0.191990 0.228779 0.000101 -0.000058 -0.344257 0.155093 -0.066772 0.331735 -0.000074 0.000162 0.016851 -0.205828 -0.095300 -0.036157 0.040639 -0.000050 0.000206
0.000001 -0.096179 -0.134257 0.270091 0.000043 0.000134 0.148583 0.000039 0.000108 0.156601 -0.000110 -0.001954 -0.052952 -0.053424 0.000088 0.000087 -0.000104 -0.000034 -0.142383 -0.217285 -0.000096 0.183353 -0.579262 -0.286393 -0.000029 0.131397 -0.041099 -0.000125 -0.000018 -0.183119 0.156119 0.313074 0.114364 0.000068 0.000074 -0.329642 -0.107657 -0.175515 0.550974 0.382606 -0.000118 0.000128
-0.000045 -0.215335 -0.164567 -0.107801 0.000109 0.000443 0.113393 -0.000160 -0.000055 0.401118 -0.000037 -0.003675 -0.379088 0.115576 0.000051 0.000029 0.000327 -0.000021 -0.407628 -0.335925 0.000096 -0.307153 -0.424585 -0.360172 -0.000047 0.042688 0.342144 -0.000144 -0.000130 -0.102754 0.040978 -0.099479 0.092949 -0.000049 -0.000022 0.172880 -0.271037 -0.446122 0.499342 -0.072768 0.000074 -0.000082
0.000069 0.238884 -0.235875 0.110893 0.000104 0.000053 0.146613 0.000121 0.000101 0.070196 -0.000059 -0.000585 -0.166971 0.268673 0.000112 -0.000033 -0.000043 -0.000128 -0.496509 -0.285735 -0.000095 -0.383440 -0.119398 0.012665 0.000120 0.349447 -0.014950 0.000031 0.000088 0.220518 0.316282 -0.249342 0.102643 -0.000055 -0.000076 -0.261013 -0.265891 0.070500 -0.507375 0.011971 0.000093 -0.000016
0.000076 0.282496 -0.505930 -0.607091 0.000125 0.000276 0.127553 0.000046 0.000027 -0.327835 0.000045 0.000211 -0.115124 0.293822 -0.000000 0.000108 -0.000279 -0.000037 0.001916 -0.162626 0.000032 -0.019501 -0.376382 -0.243183 0.000121 -0.162620 0.045077 -0.000126 0.000038 -0.055990 0.207520 -0.226972 -0.198119 0.000039 0.000225 -0.181009 -0.233819 0.529842 -0.108803 -0.141695 -0.000028 0.000042
-0.000101 0.028073 -0.278644 -0.538011 0.000161 0.000280 0.056537 0.000139 0.000080 -0.054290 -0.000032 -0.000316 -0.345721 0.118809 0.000105 -0.000057 -0.000198 -0.000050 -0.038619 0.351797 -0.000135 0.052028 0.081044 -0.610656 -0.000094 -0.316168 -0.318393 -0.000154 0.000019 -0.151630 -0.018041 0.675353 0.345434 0.000003 -0.000009 0.007759 0.037214 -0.164513 0.225204 0.246856 -0.000064 0.000151
0.000035 0.289717 0.015329 0.052627 0.000041 0.000205 0.090301 0.000237 -0.000095 -0.363755 -0.000181 -0.000129 0.280259 -0.260141 0.000100 0.000024 -0.000401 0.000020 -0.327364 0.697935 -0.000049 -0.076319 0.261354 -0.030966 0.000050 0.266961 -0.231138 0.000185 0.000009 -0.018416 0.391973 0.139766 -0.457774 0.000123 -0.000131 0.167963 0.227881 0.302402 -0.142211 0.058240 -0.000087 -0.000058
-0.000027 0.006282 -0.058525 0.297494 0.000118 -0.000046 0.083171 -0.000028 -0.000149 0.007239 0.000192 -0.000671 0.019691 0.194555 -0.000042 0.000042 0.000427 -0.000196 0.027403 0.142399 0.000049 0.118310 -0.039743 -0.243407 -0.000110 -0.225604 -0.026443 -0.000087 -0.000059 0.648360 0.307885 -0.080990 -0.606498 0.000075 -0.000043 0.071212 -0.472190 0.060749 -0.082020 -0.336223 -0.000002 0.000019
0.000001 -0.156656 0.062267 0.179239 -0.000029 0.000138 0.090438 -0.000039 -0.000012 0.497809 0.000218 -0.000549 0.034642 -0.008767 -0.000037 0.000057 0.000737 -0.000007 0.096422 0.221739 0.000062 -0.196940 0.338864 0.100301 0.000003 -0.467692 -0.235306 -0.000086 0.000166 -0.170434 0.176670 0.329845 0.192720 0.000096 -0.000190 -0.120822 0.247522 -0.217823 -0.312087 -0.001879 0.000039 -0.000036
-0.000045 0.171003 0.233055 0.162567 -0.000040 0.000025 0.174864 -0.000065 0.000072 0.172329 -0.000007 -0.001212 -0.295425 -0.448055 -0.000093 -0.000097 0.000103 -0.000016 0.356672 0.212259 0.000022 0.207974 -0.239600 0.295462 -0.000035 0.229755 0.348330 -0.000107 -0.000036 -0.340727 -0.364433 -0.157535 -0.006118 0.000044 -0.000020 -0.181433 0.190473 -0.411864 0.315234 -0.078995 -0.000119 -0.000177
-0.000014 0.266735 0.173814 0.220096 0.000026 -0.000107 0.170303 0.000061 -0.000032 -0.109050 0.000037 -0.000669 0.262150 0.227540 0.000104 -0.000089 -0.000669 -0.000130 0.061341 0.243178 0.000033 0.524994 -0.066981 0.295316 0.000109 0.437575 -0.226347 -0.000040 -0.000102 -0.252653 0.031751 -0.300466 0.092385 -0.000037 0.000080 -0.259016 -0.259763 -0.373379 0.458179 -0.281633 0.000011 0.000068
-0.000017 0.179914 -0.344680 -0.149123 -0.000031 -0.000143 0.268183 0.000010 -0.000077 0.311783 -0.000131 0.000456 0.279630 0.311970 0.000126 -0.000070 0.001793 -0.000089 -0.376275 -0.228297 0.000039 -0.154446 -0.048383 0.044043 -0.000033 -0.169566 0.048467 0.000051 0.000195 -0.202889 -0.233527 -0.230503 -0.172894 0.000025 -0.000090 0.076048 -0.279805 -0.120556 -0.070031 -0.487909 0.000032 0.000034
-0.000076 -0.201801 0.133633 -0.401926 0.000029 0.000180 0.122561 -0.000093 0.000141 0.411212 -0.000116 -0.000043 -0.371186 -0.502090 -0.000002 0.000033 -0.002072 -0.000137 0.541900 -0.170679 -0.000056 0.329758 -0.082176 0.320429 0.000030 -0.207175 -0.041882 -0.000010 -0.000209 0.055706 0.298689 -0.060461 0.051991 -0.000047 -0.000036 0.204647 0.143736 -0.140517 -0.363666 0.649980 -0.000126 0.000000
0.000012 -0.013610 -0.404135 -0.500759 -0.000081 -0.000094 0.141987 -0.000041 0.000036 0.169373 -0.000029 -0.000001 0.382374 0.137531 -0.000031 -0.000034 0.001573 -0.000035 -0.176332 -0.228173 -0.000062 0.229927 -0.030112 -0.196347 -0.000092 0.008443 0.191353 0.000120 0.000091 -0.050029 -0.035700 0.195016 0.034528 0.000087 -0.000072 -0.344499 0.315673 0.050210 -0.214191 0.062255 0.000003 0.000035
-0.000063 -0.765558 -0.068112 0.085888 0.000171 0.000037 0.172134 0.000071 0.000058 -0.198070 0.000106 -0.000160 -0.350326 -0.451670 -0.000031 0.000006 -0.000030 -0.000111 -0.274969 0.353304 0.000037 0.368707 0.342244 -0.034393 0.000032 -0.580769 0.382403 0.000033 -0.000063 -0.241193 -0.114398 -0.192534 -0.076676 -0.000045 0.000059 -0.601381 -0.165094 0.032240 -0.179959 -0.121400 -0.000079 0.000096
-0.000149 -0.345338 0.056658 0.076051 -0.000077 0.000082 0.055445 -0.000033 0.000004 0.076685 0.000044 0.000043 0.112520 -0.316496 -0.000083 0.000035 -0.000491 0.000024 0.334564 0.115965 -0.000035 0.529585 -0.118174 0.030138 -0.000088 -0.416602 0.039628 0.000018 0.000023 0.433181 -0.013805 0.116829 -0.371099 -0.000049 -0.000072 0.188618 0.248811 -0.949544 0.075846 0.285190 0.000086 -0.000038
0.000024 -0.178408 0.191731 0.211675 -0.000014 0.000298 0.085436 -0.000127 0.000049 -0.022882 0.000059 0.000054 0.272032 0.341067 0.000094 -0.000044 0.000563 -0.000086 0.360654 -0.162579 -0.000066 -0.712461 -0.126599 -0.346306 0.000117 -0.449820 -0.005083 -0.000049 0.000015 0.588561 0.092682 0.116038 -0.250860 0.000323 0.000080 -0.212612 0.694060 -0.152358 0.336680 -0.202783 -0.000107 0.000032
-0.000048 0.066864 0.507491 0.158085 -0.000054 -0.000008 0.226168 0.000119 -0.000071 -0.365504 0.000180 -0.000132 -0.102915 0.208669 -0.000007 -0.000249 -0.000114 -0.000243 -0.014798 0.501704 -0.000154 -0.196191 -0.050810 0.276912 0.000027 -0.455694 0.146943 0.000009 -0.000058 0.160185 -0.015770 0.226650 -0.010154 -0.000064 -0.000087 0.045452 -0.163199 0.115388 0.217887 -0.063093 0.000060 0.000042
0.000066 -0.094028 0.436491 -0.149404 0.000138 -0.000112 0.073390 0.000040 0.000035 0.024130 0.000086 -0.001862 0.483417 0.325332 -0.000071 -0.000078 0.000126 0.000000 0.050304 0.306053 -0.000173 0.173140 0.156829 0.141170 -0.000037 0.415897 0.380451 0.000016 0.000350 -0.049052 0.212457 0.057454 0.268788 0.000211 0.000063 0.047833 -0.189488 -0.251893 -0.088004 0.238961 0.000047 0.000007
0.000046 -0.100624 0.609916 -0.374619 -0.000061 0.000228 0.000057 0.000099 -0.000014 -0.081269 0.000008 0.000452 -0.068064 -0.006202 0.000009 0.000030 0.000183 -0.000098 -0.046338 -0.004378 0.000112 -0.310909 0.361271 -0.049814 0.000026 -0.222682 0.826736 0.000041 -0.000027 -0.126245 -0.285778 -0.027429 0.607687 -0.000051 0.000029 0.551969 -0.463189 -0.318897 0.184059 0.519760 0.000121 0.000017
-0.000062 -0.230902 0.355341 -0.406256 0.000165 0.000343 0.087454 0.000042 0.000078 0.531388 0.000152 0.000153 -0.385002 0.090262 0.000046 -0.000069 0.000050 -0.000208 0.227378 -0.096712 0.000098 -0.162792 0.072019 0.138367 -0.000007 -0.128809 0.602254 0.000095 0.000384 0.208986 -0.366615 -0.022682 0.117839 -0.000178 -0.000117 0.106058 0.179592 0.073694 0.044507 0.136387 -0.000019 0.000050
-0.000044 -0.019066 0.604062 -0.183650 -0.000046 0.000140 0.089478 -0.000045 0.000012 0.318168 0.000092 0.000258 -0.380719 -0.609954 -0.000153 0.000057 -0.000386 -0.000003 -0.164805 -0.151225 -0.000155 0.185119 -0.070436 0.046647 -0.000132 0.492653 -0.194790 -0.000045 0.000110 0.111515 0.164614 -0.136239 -0.062079 0.000059 0.000112 -0.122497 0.441853 0.125091 -0.119267 -0.119737 -0.000129 0.000083
0.000047 -0.227977 0.118578 0.135451 0.000086 0.000216 -0.045412 -0.000037 0.000090 0.429292 -0.000159 0.000343 -0.429132 0.365644 -0.000074 0.000004 0.000053 -0.000048 0.096591 0.340061 -0.000140 0.360934 -0.012023 -0.445261 -0.000103 0.093432 -0.226352 -0.000043 0.000004 0.006970 0.175050 -0.032907 -0.063400 -0.000017 0.000277 0.613447 0.246814 0.265803 0.061648 -0.153550 0.000028 -0.000036
-0.000078 0.018715 0.409000 -0.325269 0.000117 0.000178 0.015807 0.000134 0.000199 -0.083094 -0.000081 0.000315 -0.030393 0.517199 -0.000043 0.000015 -0.000241 -0.000209 0.162152 -0.074900 0.000096 0.135291 0.180945 -0.140927 -0.000079 -0.201456 -0.383511 -0.000227 -0.000030 0.004478 0.202171 -0.317255 -0.001368 -0.000124 0.000046 0.129643 -0.086162 0.261792 -0.146002 -0.224489 0.000028 -0.000036
0.000003 0.295565 0.228365 -0.033123 -0.000016 0.000173 0.152431 -0.000017 -0.000000 -0.176346 0.000025 0.000293 0.018792 -0.156910 -0.000126 0.000037 -0.000610 -0.000072 -0.074540 0.145918 0.000021 -0.350861 0.277343 0.237611 -0.000076 0.270325 0.210693 -0.000086 -0.000096 0.280452 0.545283 -0.083771 0.063424 0.000103 0.000111 0.177733 -0.249895 -0.033690 0.197462 -0.017721 -0.000083 0.000111
-0.000025 0.170765 0.347154 0.421623 -0.000001 0.000093 0.287269 -0.000069 0.000057 -0.135108 -0.000226 0.000250 -0.008321 0.161298 0.000089 0.000019 0.000045 0.000031 -0.445207 0.351750 -0.000140 -0.189538 0.086340 -0.265709 0.000027 -0.278051 -0.535874 0.000071 0.000027 0.036348 -0.042475 -0.055746 0.078547 -0.000033 -0.000077 -0.052684 -0.036932 -0.165264 -0.034860 -0.513328 -0.000006 0.000035
0.000030 0.207443 0.007985 0.347981 -0.000009 0.000022 0.220313 0.000140 -0.000175 0.448916 0.000112 0.000218 -0.257476 0.189557 0.000046 0.000194 -0.000102 -0.000155 -0.523234 0.073204 -0.000011 -0.287087 -0.405077 -0.247767 -0.000064 -0.433374 0.389468 0.000076 -0.000023 -0.325395 -0.299255 0.043435 -0.136546 0.000149 -0.000048 -0.143804 0.179686 0.010603 -0.191124 -0.237176 0.000044 -0.000035
-0.000023 0.214231 0.070013 -0.101265 0.000093 0.000258 0.179332 0.000075 -0.000093 0.340381 -0.000011 -0.003131 0.097843 0.016381 0.000024 -0.000084 -0.000119 -0.000072 -0.191230 -0.148631 0.000053 0.034413 -0.144035 -0.017864 0.000056 0.181240 -0.141375 0.000050 -0.000120 0.064530 -0.132167 0.011437 0.035477 -0.000100 -0.000019 0.306641 -0.053493 -0.337872 -0.006226 0.508617 -0.000095 0.000040
-0.000003 0.534086 -0.001044 -0.018411 -0.000080 -0.000030 0.015675 -0.000009 -0.000022 -0.024400 -0.000317 -0.004999 0.070740 0.018740 -0.000081 -0.000031 -0.000100 -0.000197 0.152113 0.028633 -0.000093 -0.346654 0.138444 0.618677 -0.000044 0.750662 -0.112681 0.000043 -0.000212 -0.544981 0.312517 0.091621 0.242008 0.000087 0.000128 -0.077382 0.148580 -0.165173 0.385199 0.141630 0.000214 -0.000016
-0.000032 -0.137962 -0.070322 -0.441014 0.000158 0.000026 0.013296 0.000072 -0.000085 0.327091 0.000045 -0.003719 -0.067050 -0.447144 -0.000064 -0.000039 0.000147 -0.000065 -0.202105 -0.470253 -0.000053 -0.273371 0.251615 -0.458899 0.000085 -0.052736 0.112349 0.000093 0.000050 -0.317396 0.420659 0.194994 0.053203 0.000056 0.000028 -0.025844 0.710465 -0.275869 -0.634902 0.309462 0.000046 0.000127
0.000036 0.237329 -0.624363 0.068236 0.000004 -0.000025 0.235108 0.000142 0.000061 0.083731 0.000047 -0.004656 0.046230 0.049492 -0.000143 -0.000098 0.000064 -0.000074 0.069944 0.227917 -0.000179 0.599282 -0.439620 -0.262428 0.000131 0.193782 -0.164851 -0.000023 0.000053 -0.101460 -0.201333 -0.090594 -0.357143 -0.000084 -0.000145 0.318062 0.159647 -0.206668 -0.274525 0.211531 0.000085 -0.000039
-0.000026 0.019845 -0.419011 0.603082 0.000204 0.000061 0.139408 -0.000455 0.000067 -0.263991 0.000064 -0.001394 0.156252 -0.000549 -0.000037 0.000015 0.000213 -0.000091 0.430501 0.285777 -0.000052 0.243218 0.153845 -0.179233 0.000044 -0.026888 -0.424499 0.000010 -0.000171 0.044945 0.193812 -0.330188 0.119773 -0.000076 0.000002 0.243278 -0.077728 -0.101003 0.003170 0.325171 -0.000035 -0.000081
-0.000041 -0.175085 -0.355461 0.569068 0.000073 0.000343 0.223936 -0.000043 0.000041 0.059426 0.000118 -0.002455 0.351656 0.384707 0.000075 0.000006 -0.000000 -0.000013 0.411434 0.604541 0.000050 -0.369690 -0.066156 0.264515 -0.000109 0.242071 -0.090529 -0.000040 0.000080 -0.037685 0.247241 0.108793 -0.417046 0.000098 0.000028 0.112661 -0.372175 0.120775 0.081188 -0.104743 0.000022 -0.000151
-0.000043 -0.700759 0.074031 -0.022866 0.000048 0.000113 0.070829 0.000098 -0.000168 0.356534 -0.000124 -0.002265 0.068615 -0.151558 -0.000108 0.000060 0.000009 -0.000051 0.231561 0.308122 0.000043 0.113741 0.053040 0.754700 0.000129 0.316439 0.350758 0.000034 -0.000092 -0.375418 0.241091 0.320377 0.547805 -0.000034 -0.000040 0.258869 -0.288752 0.007023 0.219345 -0.469537 -0.000032 0.000120
-0.000024 -0.167729 -0.588542 0.204082 0.000001 -0.000101 -0.000581 0.000053 0.000250 0.566987 0.000057 -0.000073 -0.205924 -0.441334 -0.000109 0.000029 0.000187 0.000021 -0.307147 -0.403814 0.000074 -0.425420 0.049156 0.178469 -0.000051 0.190992 0.548422 -0.000037 -0.000095 -0.163609 -0.257251 -0.013169 0.278753 -0.000058 0.000003 0.297905 0.128247 0.016729 0.252499 0.071066 0.000052 0.000014
-0.000040 -0.271065 -0.236912 -0.200770 0.000017 -0.000051 0.054138 -0.000038 0.000025 0.353952 0.000204 -0.000536 -0.483775 0.288896 -0.000013 -0.000120 0.000279 -0.000065 0.337010 -0.093720 0.000008 -0.028744 0.109310 -0.066349 -0.000018 0.032486 -0.212359 0.000074 -0.000085 -0.222971 -0.728753 0.147657 0.185058 -0.000144 -0.000031 -0.278243 -0.264452 -0.189839 -0.249169 0.335487 -0.000106 -0.000066
0.000018 -0.311225 -0.361266 -0.131261 -0.000056 -0.000084 0.034567 0.000002 0.000032 -0.029471 -0.000006 0.000260 0.371549 -0.114280 -0.000051 0.000086 -0.000145 -0.000079 0.177716 0.463938 0.000182 0.252698 0.010920 -0.617100 0.000045 0.241921 -0.281945 -0.000032 -0.000006 0.054965 -0.332313 0.137339 0.002602 -0.000037 0.000015 -0.435568 0.048272 0.967033 -0.046841 0.017796 -0.000159 0.000036
-0.000040 0.375409 -0.026283 -0.733234 0.000113 0.000179 0.002248 -0.000072 0.000009 -0.161933 -0.000018 0.000159 0.013675 0.146589 0.000074 -0.000028 -0.000081 -0.000106 0.306073 0.144737 -0.000101 0.094625 0.023453 -0.452831 0.000070 0.194396 0.025771 0.000071 -0.000129 0.040914 -0.049811 -0.126282 0.536194 0.000017 -0.000097 -0.151362 0.425842 -0.046108 0.397391 -0.248714 0.000173 -0.000041
-0.000014 0.453782 0.383440 0.130039 -0.000063 0.000492 0.002006 -0.000025 -0.000056 -0.521481 -0.000023 -0.002993 0.199688 -0.457707 -0.000103 -0.000110 -0.000339 0.000030 0.189105 -0.004841 0.000048 0.158727 -0.403109 -0.206959 -0.000001 0.298764 0.541466 0.000086 0.000136 0.117388 0.152564 -0.050871 -0.050017 0.000244 -0.000005 0.203731 0.494998 -0.005424 -0.063211 -0.237743 0.000036 -0.000066
0.000025 -0.202919 0.373472 -0.021232 -0.000024 0.000032 0.001371 -0.000059 -0.000030 -0.105063 -0.000037 0.000455 0.146060 0.223422 -0.000063 -0.000037 0.000311 -0.000069 -0.115324 0.150437 -0.000053 -0.047296 0.451457 -0.275746 0.000103 -0.029803 0.249962 0.000031 0.000018 0.249035 0.182827 0.262305 -0.266634 0.000009 -0.000136 -0.116498 0.689856 0.121387 -0.408608 -0.056398 -0.000028 -0.000031
0.000028 -0.313593 -0.150902 0.088485 0.000186 0.000126 0.114728 0.000035 -0.000021 0.222750 0.000108 -0.001558 -0.216713 0.365101 0.000119 0.000030 0.001198 -0.000034 0.499200 0.213398 -0.000079 -0.163628 0.221795 0.504288 0.000066 0.054222 0.236863 -0.000149 0.000149 -0.000859 0.049525 -0.012663 -0.514024 0.000068 0.000016 -0.228819 -0.101331 -0.459646 0.213060 -0.113039 0.000080 0.000077
-0.000036 0.057041 -0.258945 0.233247 0.000222 -0.000254 0.113441 -0.000166 -0.000005 0.391599 0.000069 -0.001601 -0.213667 0.196107 -0.000075 0.000054 0.000143 -0.000133 0.542702 0.700531 -0.000009 0.011766 0.306635 0.280347 0.000031 -0.258873 -0.359959 0.000084 0.000007 -0.232857 -0.214720 -0.206860 -0.436403 0.000096 -0.000022 -0.097232 -0.442650 0.233914 -0.029886 -0.907617 0.000050 0.000082
-0.000022 0.301267 0.088782 0.106769 0.000115 -0.000143 0.014266 0.000395 0.000007 0.286907 0.000128 -0.001172 0.031883 0.256934 -0.000129 -0.000061 0.000351 0.000066 0.267875 -0.013511 0.000010 -0.171095 0.322647 -0.089210 -0.000073 0.031843 -0.174283 -0.000030 -0.000044 0.112815 -0.587743 0.199491 0.465691 0.000103 0.000253 -0.543001 -0.266243 -0.033421 -0.194529 -0.047698 0.000016 -0.000030
0.000040 0.272471 0.187947 0.261975 0.000066 -0.000021 0.024115 0.000095 -0.000048 0.034366 -0.000196 0.000330 -0.172089 0.209190 0.000024 -0.000003 -0.000757 -0.000164 -0.333465 -0.406016 0.000058 -0.237454 0.013619 -0.003210 -0.000052 -0.519557 -0.524754 0.000079 -0.000034 -0.152817 -0.153282 -0.378264 0.110284 -0.000133 -0.000083 -0.313687 -0.254185 0.412425 0.156041 -0.180938 -0.000135 0.000083
-0.000034 -0.128329 -0.207837 0.389386 0.000007 0.000055 0.053536 -0.000146 0.000030 -0.332490 0.000056 0.000169 -0.247832 0.107475 0.000039 0.000030 -0.000582 0.000034 0.290244 0.095762 0.000021 -0.006208 -0.154591 -0.219920 0.000144 -0.019133 -0.099628 -0.000197 -0.000023 0.333944 0.046137 0.023625 -0.151638 0.000075 0.000077 0.273524 0.090719 -0.105459 0.139508 -0.182270 0.000069 -0.000142
0.000042 0.125641 -0.550276 -0.168070 -0.000031 0.000248 0.019569 -0.000048 0.000047 -0.166055 0.000059 0.000425 -0.001341 -0.024327 0.000034 -0.000058 -0.000674 -0.000061 0.031476 0.460332 0.000183 -0.005093 -0.488378 -0.004154 -0.000093 -0.001087 0.432917 -0.000114 0.000148 -0.221856 -0.187853 -0.091242 -0.304407 -0.000131 -0.000029 -0.194837 0.180322 -0.063204 -0.074082 -0.023805 -0.000054 -0.000038
-0.000058 -0.553051 0.246905 -0.081348 0.000067 0.000420 0.146127 0.000122 -0.000096 -0.433219 0.000042 0.000092 -0.131371 -0.004320 -0.000212 0.000123 -0.000781 -0.000019 0.143542 0.749451 0.000016 -0.182903 0.100845 -0.254083 0.000042 -0.400257 -0.168552 -0.000082 0.000044 -0.526935 0.124409 -0.095271 -0.038411 0.000138 0.000032 -0.357788 0.745330 -0.178770 0.336659 0.406573 0.000126 0.000007
-0.000065 0.125905 -0.108738 0.078798 0.000055 0.000402 0.235913 0.000041 -0.000031 0.621571 -0.000139 0.000086 0.609189 -0.910965 -0.000021 0.000209 -0.000323 0.000072 -0.093704 0.080910 0.000078 -0.463521 -0.199369 0.384348 0.000012 -0.473845 -0.054404 -0.000180 -0.000101 -0.014121 0.136440 0.312291 0.104272 0.000093 0.000030 0.111380 0.297918 -0.252940 0.066719 -0.118696 0.000052 0.000104
0.000025 0.127867 -0.036659 0.278698 0.000104 0.000081 0.244748 -0.000195 -0.000055 0.286018 0.000003 -0.000194 0.269874 -0.368839 -0.000200 -0.000033 -0.000666 -0.000051 -0.136783 -0.016456 -0.000020 -0.396701 0.388375 -0.127250 0.000047 0.094702 -0.588759 -0.000128 -0.000184 0.178016 0.253202 0.402055 -0.160448 -0.000036 -0.000031 -0.077047 -0.021612 -0.370080 0.253656 0.040598 0.000016 0.000076
-0.000014 0.061417 0.237690 0.283350 0.000018 0.000045 0.125656 -0.000129 -0.000040 0.206376 -0.000248 -0.000222 -0.005772 -0.127685 0.000023 -0.000041 -0.000510 -0.000060 -0.178032 -0.183463 0.000054 -0.092252 -0.260475 0.494033 0.000039 -0.418702 0.178826 0.000067 -0.000046 0.269518 0.063350 0.122927 -0.633308 -0.000141 0.000066 -0.268808 -0.258942 -0.021224 -0.179242 -0.319675 -0.000113 -0.000030
-0.000063 -0.032349 0.123444 -0.057320 0.000080 0.000042 0.026265 -0.000055 -0.000101 0.431232 -0.000101 0.000279 -0.160142 0.201011 -0.000125 0.000131 0.000224 -0.000081 -0.255755 -0.005900 0.000105 0.079069 -0.014251 0.030536 -0.000075 -0.020205 -0.014087 -0.000086 0.000053 -0.480141 0.009666 -0.318144 -0.703834 -0.000107 -0.000079 -0.206391 -0.027794 0.041512 0.490369 0.359421 -0.000054 -0.000038
-0.000019 0.213077 0.114792 0.299711 0.000065 -0.000051 0.083625 0.000033 -0.000165 -0.554739 -0.000016 -0.001080 0.143123 0.365921 -0.000010 -0.000131 -0.000022 -0.000098 0.076301 0.192082 0.000060 0.300206 -0.230164 0.006464 -0.000134 0.064154 0.253556 -0.000116 -0.000033 -0.035098 -0.531016 -0.090199 -0.059722 -0.000017 -0.000077 0.038996 0.087102 0.525648 -0.077314 0.350404 -0.000172 -0.000104
0.000016 -0.206829 0.207702 0.131916 0.000051 -0.000025 0.001346 -0.000052 0.000047 -0.402809 0.000065 -0.001147 -0.087843 0.156520 0.000099 -0.000040 -0.000067 -0.000106 -0.374561 -0.313538 0.000009 0.342487 0.220029 -0.031492 -0.000044 -0.030925 0.076538 0.000010 0.000120 -0.650346 -0.489283 0.016414 0.422130 0.000108 -0.000061 0.238534 -0.196958 0.456214 -0.121980 -0.026065 -0.000167 -0.000082
-0.000069 -0.562362 0.389009 -0.289425 0.000104 0.000077 -0.031049 0.000050 0.000198 0.581500 0.000319 -0.003572 0.077643 -0.335197 0.000028 -0.000094 -0.000061 -0.000010 -0.196101 0.157096 0.000023 0.676304 -0.363312 -0.045091 0.000010 -0.371188 0.081808 0.000135 -0.000036 -0.250040 0.191939 0.264294 0.078436 0.000002 0.000038 -0.210319 0.189802 -0.036036 -0.403502 -0.126991 -0.000045 -0.000012
-0.000013 -0.574854 0.173381 -0.052863 0.000094 0.000614 -0.010354 0.000049 0.000058 -0.001950 -0.000405 -0.002868 -0.180908 -0.379872 0.000042 0.000081 -0.000181 0.000025 -0.570996 -0.184615 0.000254 -0.078775 -0.162600 -0.329667 -0.000048 -0.222068 -0.077318 0.000051 0.000269 0.067759 0.296366 -0.126033 0.555022 0.000083 -0.000037 -0.180497 0.434783 -0.201802 0.313809 -0.088099 0.000053 -0.000077
-0.000007 -0.443126 0.109352 -0.036136 0.000086 -0.000079 0.122646 0.000038 0.000085 -0.039517 0.000209 -0.003645 0.069544 0.403682 -0.000031 -0.000061 -0.000193 -0.000043 -0.882531 0.056331 -0.000152 -0.208433 -0.202893 -0.180145 0.000079 -0.105354 -0.244149 0.000057 0.000030 0.155034 0.311906 0.279977 -0.214743 0.000071 -0.000130 0.114250 0.013706 -0.024288 0.343290 -0.216974 0.000181 0.000057
0.000024 0.253980 -0.426603 -0.411226 0.000033 0.000184 0.313189 0.000041 0.000074 0.108437 0.000136 -0.002260 0.411247 -0.242169 -0.000013 0.000028 -0.000401 -0.000110 0.120265 0.136373 0.000395 -0.342865 0.420220 -0.066913 0.000044 -0.033318 0.165604 0.000014 0.000155 0.040286 -0.195226 0.160391 -0.177615 0.000058 -0.000002 0.323480 0.445261 0.442085 -0.214215 0.003004 -0.000004 0.000033
0.000008 0.022797 0.029840 0.217704 0.000171 -0.000214 0.263802 -0.000049 0.000143 0.141599 -0.000070 -0.001017 0.108623 0.224886 -0.000082 0.000001 0.000330 -0.000176 -0.013005 -0.284808 0.000092 -0.263747 0.602285 0.028466 0.000039 0.342771 -0.167175 -0.000026 -0.000045 0.096473 -0.147554 -0.313546 0.031071 0.000185 -0.000017 -0.002546 0.033069 0.331822 0.280549 -0.255405 0.000009 -0.000028
0.000035 0.280182 -0.234908 0.524971 0.000204 -0.000078 0.174411 -0.000014 -0.000036 0.222025 -0.000017 0.000375 0.600545 0.041454 0.000075 0.000131 -0.000249 -0.000248 -0.046461 -0.203538 -0.000067 -0.383571 0.075223 0.313156 -0.000049 -0.183381 0.649578 0.000032 -0.000045 -0.154277 0.123798 0.165315 -0.562087 0.000048 0.000068 -0.015569 -0.223240 0.064245 0.064328 -0.283906 0.000056 0.000058
-0.000098 0.056222 -0.117414 0.469041 0.000233 0.000013 0.243671 0.000008 -0.000036 -0.983266 -0.000084 -0.000055 -0.351533 0.372431 -0.000015 0.000063 -0.000108 -0.000105 0.097575 -0.212834 -0.000240 0.463974 0.330488 0.050731 0.000047 -0.148301 -0.021901 -0.000045 0.000092 -0.314960 -0.087362 -0.094964 -0.405110 0.000109 0.000114 0.511173 -0.318419 0.275228 -0.145806 0.297435 0.000011 0.000037
0.000060 -0.177419 -0.141058 0.001017 -0.000047 0.000075 0.163266 -0.000059 0.000095 -0.009650 0.000073 -0.003423 0.037121 0.439237 0.000119 0.000064 0.000335 -0.000100 0.456020 0.096767 0.000066 0.297885 0.453841 -0.212044 0.000091 0.101762 -0.018711 0.000006 -0.000060 -0.373637 -0.187827 -0.215359 0.196237 0.000076 0.000057 0.255875 0.035113 0.112189 -0.446112 0.236560 -0.000154 -0.000101
0.000011 0.291487 -0.434357 0.161550 -0.000031 0.000048 0.020353 -0.000047 0.000039 0.352650 -0.000014 -0.006559 0.151831 -0.238806 0.000067 0.000162 -0.000235 -0.000105 0.418666 0.441406 -0.000245 0.299994 -0.319305 -0.097260 0.000149 0.485707 -0.298444 0.000005 -0.000058 -0.382030 -0.406451 0.054385 0.330289 -0.000052 -0.000011 -0.032272 0.381175 -0.470129 0.193128 0.011790 -0.000131 0.000065
-0.000021 0.478951 -0.025141 0.021773 0.000038 0.000317 0.054728 -0.000061 0.000052 -0.377905 0.000031 -0.002341 -0.000175 0.209339 -0.000048 -0.000096 0.000039 -0.000155 0.069181 0.087979 0.000096 0.343073 -0.302404 -0.331538 0.000126 0.311532 -0.264549 0.000154 0.000077 0.344586 -0.116199 0.178311 0.316928 -0.000069 0.000014 0.047658 0.119499 0.315755 -0.123084 -0.092146 0.000041 0.000071
-0.000145 -0.143237 0.135189 -0.050791 0.000018 0.000014 0.056522 -0.000063 -0.000084 0.057030 0.000119 -0.001486 -0.119920 0.090732 0.000068 0.000023 -0.000317 -0.000005 0.055243 0.220112 0.000070 -0.014697 -0.063562 0.234710 -0.000074 -0.142545 0.027442 -0.000078 0.000125 0.202655 -0.190702 0.102605 0.015723 0.000108 -0.000062 0.199079 0.454374 -0.227068 0.400795 -0.006075 -0.000030 0.000004
0.000024 -0.894189 0.080050 0.029851 -0.000040 0.000174 0.074853 0.000075 -0.000039 0.026548 0.000006 0.000116 0.196793 0.742667 0.000041 0.000094 -0.000249 -0.000074 0.481984 -0.032242 0.000059 -0.218969 0.178310 0.198958 0.000031 0.078763 0.336885 0.000086 0.000212 0.366057 -0.012162 0.023332 0.054631 0.000036 -0.000014 0.372530 0.381855 0.192426 -0.307996 0.144673 0.000124 0.000123
0.000062 0.319085 0.419445 0.124404 -0.000076 0.000069 0.063301 0.000039 0.000095 -0.161509 0.000062 0.000184 -0.451509 -0.549867 0.000026 0.000050 -0.000022 0.000011 0.034547 0.077667 0.000103 -0.474342 0.093997 0.083461 0.000016 0.060847 -0.414469 -0.000010 0.000098 0.120688 0.302372 -0.185902 -0.325435 0.000104 0.000040 0.452473 -0.172166 0.941806 0.343390 0.250594 0.000016 -0.000057
-0.000021 0.327130 0.245441 0.088156 0.000048 -0.000053 0.063452 -0.000061 -0.000043 -0.085675 0.000247 0.000277 0.071347 0.136626 -0.000089 0.000177 0.000277 -0.000136 0.303108 -0.406210 0.000035 0.319019 0.214092 0.159877 0.000061 0.106568 0.165715 0.000038 -0.000066 -0.174428 0.240809 -0.041904 -0.063138 -0.000383 0.000015 0.005070 -0.151319 0.210687 0.067637 0.120118 0.000053 -0.000040
-0.000051 -0.011779 0.437444 -0.008862 0.000031 -0.000037 0.131709 -0.000061 -0.000055 0.302673 -0.000076 -0.000052 0.131212 0.103415 -0.000036 -0.000109 -0.000230 0.000015 -0.151775 0.028756 -0.000017 0.260137 0.015240 0.253883 0.000055 -0.402187 0.030056 0.000091 -0.000160 -0.578125 0.010322 0.065602 -0.029977 -0.000054 0.000033 0.051793 -0.178979 0.086270 0.085640 -0.263790 0.000077 -0.000179
-0.000030 -0.002322 -0.000169 -0.120760 0.000064 -0.000063 0.135997 -0.000149 -0.000013 0.255065 -0.000027 0.000026 0.002153 -0.249105 0.000049 0.000014 0.000369 -0.000048 0.222353 0.201419 0.000048 0.270453 -0.456058 -0.519183 -0.000269 -0.053368 -0.013616 0.000008 0.000070 0.255473 0.133983 0.031255 0.329044 -0.000225 -0.000126 -0.167772 0.006494 -0.172229 0.045244 -0.229875 0.000042 0.000012
0.000008 0.177259 0.182291 -0.122218 -0.000006 0.000041 0.037602 -0.000039 -0.000032 0.294532 0.000172 -0.001127 0.153131 -0.477269 -0.000078 0.000011 -0.000148 -0.000166 0.097701 0.190272 0.000053 -0.029399 0.327116 0.329934 0.000125 0.713582 0.345023 -0.000048 -0.000185 -0.408283 -0.293184 -0.070933 0.314542 -0.000061 0.000036 0.210878 0.742820 0.479060 0.226839 -0.340443 -0.000039 -0.000114
0.000009 0.201051 0.126339 -0.666845 0.000043 -0.000071 0.149591 0.000031 -0.000040 -0.107036 -0.000159 -0.001269 0.103467 0.077790 0.000086 -0.000029 0.000271 -0.000085 0.114108 0.024773 -0.000099 0.007922 -0.285977 -0.039831 -0.000052 0.257034 0.085832 0.000043 -0.000047 0.119427 0.054963 -0.124322 0.398910 0.000132 -0.000065 0.066417 -0.039134 0.313355 -0.318447 0.155031 0.000013 0.000087
-0.000053 -0.318296 -0.383001 0.268168 0.000038 0.000125 0.145044 -0.000051 -0.000049 0.291982 -0.000200 -0.003258 -0.016691 0.335341 0.000021 0.000002 -0.000141 -0.000102 -0.156148 -0.015824 -0.000129 -0.137648 -0.175732 0.112315 -0.000026 -0.312234 0.055512 0.000037 0.000062 -0.432600 -0.231054 -0.139383 0.021276 -0.000041 -0.000146 -0.112381 -0.257206 0.183293 -0.550412 0.204852 0.000091 -0.000090
0.000033 -0.004035 0.344741 0.526030 0.000062 -0.000006 0.088894 -0.000002 0.000016 0.078893 -0.000126 0.000191 0.185270 0.270693 -0.000078 0.000036 0.000174 -0.000114 0.020683 -0.373352 -0.000067 -0.175042 0.161967 -0.094170 -0.000085 -0.117786 -0.194124 0.000270 -0.000289 0.189225 0.169046 -0.123621 -0.156895 -0.000111 -0.000057 0.046613 0.087750 -0.008975 -0.738879 0.485365 0.000074 0.000146
-0.000032 -0.034747 -0.065805 -0.182744 -0.000063 0.000359 0.004151 -0.000179 0.000104 0.275123 -0.000017 0.000320 -0.159615 -0.265267 0.000013 0.000135 -0.000049 -0.000078 0.251845 0.275443 -0.000067 0.137253 -0.126983 0.017092 0.000072 0.084808 -0.171991 0.000039 0.000101 -0.096198 -0.057499 -0.174467 -0.486528 0.000061 -0.000012 0.305905 0.024576 0.610860 -0.109964 0.259332 0.000157 0.000047
-0.000011 -0.191342 0.066630 -0.067265 0.000090 0.000330 0.003103 0.000041 0.000045 -0.061623 -0.000061 0.000336 0.142076 0.040640 0.000015 -0.000107 0.000128 -0.000085 -0.165175 0.018799 0.000119 0.611354 0.485468 0.102134 -0.000012 0.019177 0.020286 -0.000170 -0.000015 -0.084901 0.001722 0.085968 -0.036068 0.000355 0.000060 -0.000074 -0.249766 -0.047283 0.034489 0.214484 0.000008 -0.000027
0.000088 0.054704 -0.310627 -0.117301 -0.000126 0.000321 0.056795 0.000203 0.000013 -0.151830 -0.000070 -0.002311 0.176660 0.336189 -0.000034 0.000035 0.000093 -0.000074 -0.027402 -0.075307 -0.000141 -0.201056 0.498512 0.204782 0.000015 0.091347 0.090676 0.000032 -0.000093 -0.467100 -0.297943 0.129242 -0.364613 0.000130 0.000015 0.035764 0.239734 0.174383 0.079992 -0.047377 0.000008 0.000018
0.000021 -0.183347 0.067081 0.047629 0.000098 0.000273 0.097044 -0.000140 0.000064 -0.581805 -0.000084 -0.001627 0.137723 0.013266 -0.000013 -0.000020 -0.000361 0.000009 -0.278526 -0.266252 -0.000052 -0.536272 0.283919 0.114623 -0.000033 0.156083 -0.215053 0.000056 0.000095 -0.073473 0.482920 -0.174362 0.015625 0.000198 -0.000085 -0.209311 -0.028531 0.076324 0.382758 0.100227 0.000078 0.000196
-0.000024 0.155159 0.220738 0.042879 0.000130 0.000256 0.136907 -0.000037 -0.000002 0.060906 0.000145 -0.004560 -0.522800 0.080330 0.000049 0.000166 -0.000271 0.000033 -0.008095 -0.135855 0.000018 0.279018 -0.122773 0.349549 -0.000107 0.367622 0.142831 -0.000283 -0.000029 -0.068639 -0.219802 0.062901 0.077859 0.000174 0.000046 -0.052008 -0.089429 0.073609 0.170676 -0.238290 -0.000051 0.000068
0.000084 0.191640 0.123024 0.099333 -0.000000 -0.000067 0.214152 0.000078 0.000009 -0.099449 0.000002 -0.005723 -0.417387 -0.393427 0.000121 -0.000125 -0.000444 -0.000088 0.248523 -0.083653 -0.000151 0.155068 -0.206356 0.351497 -0.000048 0.095233 0.465746 0.000009 0.000081 0.584385 -0.001253 0.017327 -0.091251 -0.000038 0.000072 -0.105511 -0.324075 0.298326 0.069237 -0.594009 0.000215 0.000041
0.000005 -0.081590 0.256303 0.210048 0.000057 -0.000121 0.110823 0.000091 -0.000002 0.117657 -0.000157 -0.002155 -0.004238 -0.217536 0.000075 -0.000037 0.000159 -0.000087 -0.143430 -0.268347 0.000119 0.239009 -0.082105 -0.026872 -0.000082 -0.270569 0.306025 0.000046 0.000010 0.688677 -0.106352 0.014882 0.173611 -0.000073 -0.000007 -0.449493 -0.795242 0.306148 -0.432423 -0.009404 -0.000026 -0.000045
-0.000117 0.108748 0.213764 0.678524 -0.000032 -0.000017 0.223485 0.000084 0.000158 0.383264 0.000151 -0.001154 -0.272831 0.191480 0.000037 -0.000217 0.001299 -0.000090 -0.226078 -0.011793 -0.000151 -0.365816 0.142327 -0.303518 -0.000012 0.331957 0.179617 0.000021 0.000045 0.061977 -0.546895 0.251768 0.106631 0.000009 -0.000025 0.101895 0.059016 -0.250546 -0.041407 -0.357498 -0.000056 0.000046
-0.000018 -0.007246 0.236255 0.156581 0.000084 -0.000007 0.110358 -0.000053 -0.000025 -0.160014 0.000038 0.000321 0.248103 -0.102270 -0.000098 0.000006 0.001031 0.000007 0.090315 0.101612 0.000016 -0.476862 0.244490 0.044834 -0.000029 -0.108357 -0.145428 -0.000044 -0.000028 0.072483 0.270900 -0.075855 0.046010 -0.000108 0.000103 -0.211435 0.217726 0.020926 -0.042156 -0.090828 0.000012 0.000062
0.000032 0.062565 -0.129634 0.000190 0.000038 -0.000051 0.224648 -0.000098 -0.000098 -0.386139 -0.000037 -0.000157 -0.640892 -0.029343 -0.000172 0.000025 0.001146 -0.000121 -0.122520 0.153756 -0.000230 -0.162872 -0.067896 0.158099 -0.000061 -0.041450 -0.085107 -0.000042 -0.000070 -0.176723 -0.065457 -0.147574 0.246217 0.000006 -0.000026 -0.133955 -0.000476 0.143275 -0.185349 0.026146 -0.000047 0.000100
0.000007 0.628415 0.169892 -0.384947 0.000071 0.000068 0.179460 0.000084 -0.000032 -0.340972 0.000031 0.000315 0.002359 0.260699 -0.000084 0.000013 0.001116 -0.000169 0.155454 -0.062079 -0.000041 -0.002551 0.143833 -0.004681 -0.000082 -0.141695 -0.192261 0.000080 0.000007 -0.179761 0.277554 -0.130325 -0.002668 -0.000047 0.000038 0.486617 0.010759 -0.128340 0.102437 -0.072519 0.000081 0.000028
0.000011 -0.278853 -0.318023 -0.441956 -0.000089 0.000085 0.258291 -0.000060 -0.000029 -0.008016 0.000287 0.000195 -0.523193 -0.215467 -0.000110 -0.000042 0.001425 0.000018 -0.246252 0.317215 -0.000047 -0.190677 0.286953 0.197821 0.000040 -0.003267 -0.196945 -0.000048 -0.000038 -0.436472 -0.131388 -0.226932 0.542518 0.000047 -0.000018 0.151942 0.185388 0.400676 0.031457 -0.065659 0.000040 0.000040
-0.000039 0.218668 -0.483897 0.181680 0.000077 0.000081 0.124879 -0.000051 0.000049 0.002448 0.000046 0.000045 -0.213079 -0.279969 -0.000062 0.000064 -0.000377 -0.000135 0.241321 0.159815 0.000006 0.000365 0.442452 0.381294 0.000246 -0.046712 -0.145493 -0.000115 -0.000047 -0.335040 0.021767 0.584634 -0.074368 0.000020 -0.000018 0.099177 -0.045428 0.709770 -0.243889 -0.117059 -0.000011 0.000056
0.000029 -0.102056 -0.023028 0.114344 0.000130 -0.000132 0.175074 0.000102 0.000065 -0.199539 0.000190 0.000062 -0.378892 0.033137 0.000025 -0.000022 -0.000771 -0.000179 -0.500003 0.320191 -0.000042 0.089720 -0.565929 0.056488 -0.000068 -0.580492 -0.147692 0.000085 0.000008 0.557713 -0.065223 0.411246 -0.482354 -0.000070 -0.000032 0.009111 -0.131441 -0.120677 0.052170 -0.278967 0.000014 0.000129
-0.000009 -0.025106 0.285111 -0.068815 -0.000117 0.000215 0.202658 0.000049 -0.000075 0.497994 0.000045 0.000035 -0.443604 -0.070889 0.000015 0.000035 0.000254 -0.000172 -0.149244 -0.314305 0.000061 0.636565 -0.571654 0.262105 0.000219 0.002703 0.024316 -0.000066 0.000085 0.270901 0.269953 0.209837 -0.130117 0.000081 -0.000025 0.134372 0.070889 0.052447 0.263765 -0.737362 -0.000048 -0.000080
-0.000000 -0.147268 0.258693 0.023468 0.000008 0.000061 0.163454 -0.000083 -0.000008 0.279588 0.000146 0.000371 -0.114261 0.237626 -0.000180 -0.000030 -0.000012 -0.000097 -0.274785 0.048580 -0.000068 -0.068826 -0.105157 -0.145948 -0.000045 -0.498281 -0.031450 -0.000012 0.000089 -0.026923 -0.302428 0.484206 0.026522 0.000232 0.000044 0.039301 0.140236 0.003092 0.013947 -0.110245 -0.000052 -0.000095
0.000006 -0.297445 0.155624 0.107575 -0.000055 -0.000167 0.022628 0.000029 0.000054 0.168223 0.000061 -0.002063 -0.160455 -0.054341 -0.000044 -0.000046 0.000469 -0.000109 -0.080268 -0.198459 -0.000126 -0.087335 -0.037446 0.020401 -0.000005 0.048547 0.426053 0.000190 -0.000065 0.230224 0.167663 -0.097401 0.116100 0.000048 0.000046 0.059515 -0.057033 0.350011 -0.142827 0.145588 -0.000043 -0.000026
-0.000019 -0.430028 -0.005252 -0.074617 -0.000004 -0.000100 0.005114 0.000079 0.000046 -0.166951 0.000093 -0.002340 -0.084506 0.630233 -0.000029 0.000221 0.000164 -0.000016 0.023619 0.080362 0.000098 -0.303108 0.257442 -0.645708 0.000061 -0.067661 -0.162228 0.000100 -0.000107 0.151860 0.140653 0.195077 0.200719 0.000002 0.000007 -0.367459 0.070656 0.226498 0.032956 -0.274187 0.000009 0.000012
-0.000030 0.322340 0.319268 -0.084772 -0.000059 -0.000069 -0.002203 0.000136 -0.000077 -0.052815 0.000144 -0.004865 0.205119 -0.166334 -0.000064 -0.000039 0.000233 -0.000033 -0.397020 0.182441 -0.000227 0.053095 -0.251093 0.367550 -0.000173 0.005599 -0.354509 0.000122 -0.000164 -0.296279 0.181251 0.357437 0.350237 -0.000019 0.000036 -0.221306 -0.155393 0.049563 0.368818 0.039628 -0.000069 -0.000029
-0.000021 0.128763 -0.284188 0.163545 0.000006 0.000307 0.027073 -0.000088 -0.000069 0.185199 -0.000214 -0.005266 -0.047763 0.103795 -0.000226 -0.000109 0.000194 -0.000163 0.388991 -0.226723 0.000172 0.089276 -0.043978 0.334651 -0.000004 -0.370766 0.256667 -0.000122 0.000189 -0.079773 0.160916 0.313383 -0.065372 -0.000091 0.000087 0.022558 -0.314071 -0.191338 0.043822 -0.225674 0.000008 0.000072
-0.000058 -0.427536 -0.277952 0.256252 -0.000059 -0.000068 0.087672 0.000127 -0.000188 -0.881573 0.000186 -0.005832 0.007730 -0.015327 0.000001 -0.000058 -0.000861 -0.000080 0.004190 -0.186470 -0.000037 0.023484 0.057141 0.653540 -0.000046 -0.355550 0.234638 -0.000088 0.000018 0.401105 0.013671 0.111637 0.087136 0.000057 0.000050 0.125148 -0.292526 -0.316663 0.071358 -0.162911 -0.000021 0.000068
-0.000083 0.028957 0.175182 -0.075052 -0.000029 0.000418 0.188843 -0.000231 -0.000014 -0.183789 0.000250 -0.005458 0.242559 -0.562456 0.000014 0.000132 -0.000350 0.000032 0.231355 -0.085346 0.000163 0.342810 -0.259317 -0.190377 -0.000067 -0.632668 -0.248159 0.000040 -0.000091 0.480500 0.042397 0.144996 -0.324333 -0.000049 0.000030 -0.283651 0.504797 0.270543 0.215769 -0.223394 0.000003 0.000038
-0.000047 0.141177 0.542861 -0.245329 -0.000009 -0.000115 0.026784 -0.000050 0.000066 0.571691 0.000051 -0.006383 0.026577 0.312805 -0.000038 -0.000114 -0.000763 0.000007 0.145900 0.087280 0.000004 0.260540 0.360584 0.029805 0.000132 -0.258734 0.084150 -0.000075 0.000094 -0.043742 0.219503 -0.067063 -0.076557 -0.000027 0.000048 0.106513 0.091443 0.418006 -0.058645 -0.301201 -0.000099 -0.000156
-0.000019 -0.304810 -0.037817 0.355406 0.000043 0.000598 -0.063516 0.000058 -0.000097 -0.019069 -0.000193 -0.001277 0.287789 -0.427305 0.000135 0.000022 -0.000177 -0.000177 0.016172 -0.585968 0.000159 0.164410 -0.296854 0.214428 -0.000095 -0.483518 -0.008557 -0.000009 0.000015 0.356124 0.471928 0.382986 0.270896 0.000095 0.000024 -0.205086 -0.807770 -0.087054 -0.007754 0.082535 -0.000104 0.000034
-0.000044 -0.160835 0.074923 0.240920 0.000252 0.000147 0.051596 -0.000075 -0.000099 -0.454595 -0.000313 -0.001970 -0.028018 0.027379 -0.000038 0.000113 0.000162 -0.000179 -0.395045 0.194721 -0.000064 -0.256068 0.021378 -0.309938 -0.000063 -0.298923 -0.154877 0.000082 0.000064 0.206785 -0.005459 0.066622 -0.357066 -0.000037 0.000230 -0.312974 0.113102 0.000777 0.068911 0.360341 0.000028 0.000044
0.000082 -0.050269 -0.479601 -0.122354 0.000016 0.000169 0.028010 0.000085 -0.000003 0.001109 0.000011 0.000060 -0.078557 0.015428 -0.000059 -0.000049 -0.000454 -0.000105 0.301038 -0.174831 0.000041 0.101232 0.342553 -0.062903 -0.000039 0.000640 -0.049685 -0.000149 0.000132 0.021266 0.058646 0.202747 -0.021913 -0.000043 0.000040 0.191772 -0.266553 0.512423 0.249042 -0.201589 -0.000129 -0.000146
-0.000028 0.443161 0.136065 -0.451503 0.000134 0.000053 -0.067948 -0.000075 -0.000100 -0.203505 0.000104 0.000355 0.215244 -0.286482 -0.000052 -0.000039 0.000340 -0.000257 0.075010 0.014918 -0.000022 0.071712 -0.158033 0.226230 0.000055 -0.665804 0.191630 0.000045 0.000042 -0.145571 -0.271300 0.056014 -0.000823 -0.000184 -0.000028 0.054804 -0.345969 0.269838 0.295396 0.406611 -0.000031 0.000036
-0.000038 0.038375 -0.018222 -0.156140 0.000055 0.000125 -0.078370 -0.000096 0.000123 -0.027341 0.000046 0.000449 0.654579 -0.013956 -0.000127 -0.000067 0.000200 -0.000129 -0.260023 0.734809 -0.000096 -0.197760 0.008284 0.140105 -0.000090 -0.239454 -0.201425 0.000210 0.000002 0.008069 0.043095 0.003182 0.002616 0.000084 -0.000141 -0.069384 -0.274487 0.033845 -0.069437 -0.073077 -0.000035 -0.000009
-0.000038 -0.046956 0.005886 0.225606 -0.000037 0.000005 -0.270896 0.000127 -0.000078 -0.062821 -0.000085 0.000028 -0.191444 -0.113880 -0.000037 -0.000043 -0.000368 -0.000065 -0.056224 0.351084 -0.000101 -0.645177 -0.266149 0.396799 -0.000106 0.071882 0.045889 0.000147 0.000023 -0.612057 -0.507401 -0.145126 0.925550 0.000097 -0.000052 -0.086066 0.462226 -0.366492 0.038424 0.009220 -0.000025 0.000080
-0.000093 0.090253 0.160027 0.403457 -0.000037 -0.000027 -0.140987 0.000053 0.000060 0.252383 0.000034 -0.001145 0.249847 -0.338109 -0.000117 0.000024 0.000142 -0.000185 0.216763 -0.535799 0.000048 -0.519476 -0.155146 0.013766 -0.000026 -0.004678 0.142012 -0.000040 -0.000187 0.206814 0.079145 -0.416786 -0.024929 0.000052 -0.000070 -0.191847 0.349477 -0.365000 -0.255738 0.029099 0.000031 -0.000132
0.000071 -0.131755 -0.086203 -0.262281 0.000051 0.000344 -0.059147 -0.000098 0.000046 0.018551 -0.000190 -0.000815 0.066666 0.177110 -0.000069 0.000036 -0.000096 -0.000220 0.024815 -0.380817 0.000058 0.101587 -0.400369 -0.407076 -0.000026 0.117936 0.272499 0.000045 0.000345 0.367872 0.448427 -0.040714 0.071099 0.000047 0.000066 0.313582 0.169629 -0.198835 0.196877 0.029142 0.000051 0.000019
-0.000018 -0.554079 -0.174517 -0.342337 0.000204 -0.000038 0.001864 -0.000151 0.000019 0.102142 0.000101 0.000302 0.350418 0.586314 0.000032 -0.000047 0.000301 -0.000094 0.236294 -0.109011 0.000108 0.535920 0.016856 -0.807309 0.000104 0.212360 -0.038781 0.000177 -0.000106 0.074736 0.450609 -0.055275 -0.330360 0.000086 0.000125 -0.014787 -0.184354 0.275291 0.000508 0.178850 0.000038 -0.000039
-0.000000 0.836196 0.033037 0.252337 0.000083 0.000041 0.029273 -0.000031 -0.000121 0.194787 0.000236 0.000156 -0.064627 0.202292 -0.000075 -0.000051 -0.000076 -0.000179 0.016310 -0.061115 0.000059 0.015927 0.252327 0.185641 -0.000037 0.237088 -0.087116 0.000139 -0.000070 -0.246406 0.232153 -0.266444 -0.351058 0.000052 0.000026 0.490326 -0.240189 0.283561 -0.174339 0.072427 -0.000067 -0.000182
-0.000036 -0.165502 0.144027 0.014726 0.000168 0.000195 -0.002509 0.000050 -0.000060 -0.306392 0.000252 -0.000131 -0.095591 0.085083 -0.000060 0.000124 -0.000240 -0.000133 -0.064060 -0.058217 0.000114 0.014766 0.566940 0.041276 -0.000101 -0.176713 -0.170656 -0.000093 -0.000066 0.046498 0.354477 -0.045792 -0.278411 0.000070 0.000094 0.069908 -0.402119 0.072643 0.419784 0.292848 -0.000026 0.000048
0.000065 0.673988 -0.109983 -0.307265 0.000162 0.000120 0.051273 0.000096 0.000047 -0.176760 -0.000039 0.000122 -0.024517 -0.173778 -0.000032 0.000022 -0.000329 0.000009 -0.108749 -0.131637 0.000023 -0.211694 -0.344821 0.053319 -0.000031 -0.036812 -0.081658 -0.000083 0.000018 -0.152200 -0.036312 -0.202169 0.037631 0.000165 0.000016 -0.497965 -0.026524 -0.055408 -0.079327 -0.051979 -0.000059 0.000173
-0.000079 0.083017 -0.002112 0.316482 0.000017 0.000113 0.059610 -0.000152 0.000053 0.012121 -0.000033 -0.000080 0.261182 0.119158 0.000052 -0.000011 -0.000339 -0.000122 -0.415286 0.504069 0.000039 0.510685 -0.403369 0.221906 0.000039 0.687780 -0.021658 0.000011 -0.000031 0.023589 0.279405 0.059028 -0.082262 -0.000078 -0.000053 -0.076710 -0.028533 -0.687551 -0.001092 -0.056310 0.000114 0.000078
-0.000041 -0.095062 0.041668 -0.378069 -0.000017 0.000254 0.222940 -0.000087 0.000035 0.035126 0.000099 0.000041 0.793230 0.426337 -0.000031 -0.000027 0.000017 -0.000027 0.174135 0.299862 -0.000049 0.032083 -0.544270 0.412883 0.000100 -0.017680 0.134941 0.000092 0.000207 0.021353 -0.329663 0.080700 0.053479 -0.000077 0.000014 0.277294 0.128008 -0.129274 0.059499 0.011997 -0.000013 0.000047
-0.000002 -0.613116 0.304429 -0.274772 0.000027 0.000223 0.240059 -0.000157 0.000017 -0.044323 0.000064 -0.000111 0.030712 0.028052 0.000011 -0.000209 0.000056 -0.000027 -0.939031 0.701995 -0.000242 -0.114884 -0.681965 0.843309 0.000046 0.197183 0.170415 0.000042 -0.000066 0.161353 -0.232192 0.088023 -0.051902 -0.000168 -0.000003 0.136661 0.448408 -0.126394 -0.357629 0.132305 0.000070 -0.000034
-0.000047 -0.195704 0.137564 -0.133735 -0.000031 -0.000014 0.304390 -0.000094 0.000022 0.363536 -0.000061 0.000243 0.125315 -0.371825 -0.000080 -0.000033 0.000318 0.000054 -0.174620 -0.785983 0.000077 0.334353 0.386305 0.342263 0.000133 0.401961 0.452514 0.000034 -0.000116 0.368184 0.155084 0.075095 -0.270923 -0.000069 0.000171 -0.253954 -0.126484 0.561774 0.066359 0.169851 0.000045 0.000133
0.000009 -0.042094 0.174217 -0.175581 -0.000039 0.000195 0.452192 0.000035 0.000011 -0.086530 -0.000216 -0.000144 -0.300961 -0.241187 0.000158 0.000066 0.000036 -0.000163 -0.337927 -0.206440 -0.000033 -0.267955 0.532326 -0.562230 0.000111 -0.296449 0.284677 -0.000115 0.000079 0.140283 -0.378547 -0.457012 0.038254 -0.000053 0.000089 -0.445694 -0.525651 0.139978 0.374808 0.003152 -0.000175 0.000054
-0.000081 -0.001571 -0.510978 -0.027411 0.000146 -0.000066 0.434103 -0.000099 -0.000058 0.246187 -0.000275 0.000082 0.349271 -0.484050 0.000075 -0.000067 -0.000298 -0.000108 -0.396001 0.224854 0.000175 -0.170324 0.705646 0.017371 -0.000007 -0.132661 0.127268 -0.000009 -0.000007 -0.926665 -0.039609 -0.322815 0.208723 0.000058 -0.000057 0.101632 0.110113 -0.080439 0.004581 0.232217 -0.000128 0.000033
-0.000071 0.281667 -0.188693 -0.083809 -0.000028 0.000043 0.246309 -0.000233 -0.000000 -0.438816 0.000074 0.000099 -0.188923 -0.067597 -0.000079 -0.000007 -0.000277 0.000057 0.098574 -0.447722 -0.000125 0.096723 0.218606 -0.132544 0.000014 0.400501 0.027581 -0.000063 -0.000049 0.192960 0.933545 -0.521963 0.110482 0.000026 0.000018 -0.183494 -0.451405 -0.374920 -0.260627 0.404261 -0.000019 -0.000150
-0.000044 0.149293 -0.044410 0.431926 0.000071 -0.000001 0.337048 -0.000156 -0.000018 -0.252781 0.000090 0.000108 0.054947 -0.223740 0.000253 -0.000093 -0.000346 -0.000119 -0.265624 0.016351 0.000052 -0.257136 -0.046668 0.045398 -0.000040 0.590974 -0.025815 -0.000032 -0.000227 -0.093621 -0.003136 0.326323 0.487994 -0.000099 -0.000063 -0.449320 -0.134331 -0.316352 -0.476722 0.128527 -0.000006 0.000055
-0.000032 -0.334551 -0.375043 0.035443 0.000140 0.000093 0.415381 -0.000195 0.000010 -0.150498 0.000066 -0.000002 -0.160374 -0.066581 0.000074 -0.000036 0.000132 -0.000122 -0.402307 0.293945 0.000041 0.199882 0.085558 -0.177988 0.000047 -0.042265 0.189428 -0.000165 -0.000002 0.273291 -0.127281 0.254051 -0.001118 0.000140 -0.000091 -0.083611 -0.106334 -0.548122 0.055787 -0.077416 0.000008 -0.000042
-0.000031 0.019183 -0.245521 -0.018226 0.000139 0.000162 0.337001 -0.000194 0.000019 0.006545 -0.000162 -0.000209 0.129518 -0.207791 0.000042 0.000062 -0.000139 -0.000015 0.057088 0.367913 0.000006 0.447683 -0.070032 0.396208 -0.000043 0.184574 0.100158 -0.000002 0.000082 0.047265 0.372232 0.176552 -0.269760 -0.000057 -0.000090 -0.110908 -0.235051 -0.237229 -0.034748 -0.133821 0.000064 -0.000063
-0.000059 0.350498 0.086433 0.098642 0.000141 -0.000007 0.396926 0.000042 0.000014 -0.018082 0.000071 -0.000097 -0.110768 0.346634 0.000041 0.000142 0.000103 -0.000159 0.315885 -0.300067 -0.000006 -0.129595 -0.431509 -0.054074 -0.000077 0.141346 0.069710 -0.000093 0.000276 0.218314 -0.230956 0.609834 0.473501 -0.000234 -0.000074 0.000806 0.202072 0.094020 -0.155889 0.522590 -0.000021 -0.000030
-0.000083 0.372541 -0.297616 0.467678 -0.000044 0.000193 0.313336 0.000133 0.000002 -0.012858 -0.000203 0.000114 0.241955 0.302363 0.000024 0.000004 -0.000030 0.000024 -0.033633 -0.140263 0.000051 -0.467211 -0.191602 0.253343 -0.000038 0.396262 0.136320 0.000166 0.000091 -0.056764 -0.503894 0.237002 -0.125663 -0.000097 -0.000111 -0.350071 0.253512 0.707855 0.319375 -0.363645 0.000070 -0.000085
0.000053 0.243780 0.296586 -0.025467 0.000173 -0.000027 0.182592 0.000047 -0.000013 -0.319456 0.000210 -0.000139 -0.404150 -0.091765 0.000059 0.000010 0.000338 -0.000039 0.179714 -0.103579 0.000038 0.118706 0.077255 -0.147430 -0.000070 0.006554 0.252178 0.000019 -0.000221 0.406405 -0.447205 -0.132246 -0.186948 0.000016 0.000007 -0.238813 -0.104045 -0.108415 0.389693 0.176977 0.000022 -0.000103
-0.000018 0.253820 -0.211803 0.127973 0.000129 0.000101 0.169423 -0.000247 0.000027 -0.037442 0.000005 -0.000287 -0.310407 -0.222592 0.000118 0.000051 -0.000668 -0.000081 0.161034 -0.105679 0.000083 -0.047858 -0.031670 -0.044187 -0.000260 0.265474 -0.210987 0.000100 0.000282 -0.288343 0.020205 0.145164 -0.163543 0.000068 0.000002 -0.034745 0.185393 -0.039186 -0.208048 0.717680 -0.000039 0.000075
0.000034 0.176534 -0.558533 0.022106 0.000032 0.000174 0.148339 -0.000084 -0.000041 0.181184 0.000017 0.000012 0.189167 0.445831 -0.000022 0.000065 0.000955 -0.000147 0.391585 -0.026660 -0.000100 -0.146276 0.102616 0.228774 0.000156 0.610809 -0.392842 -0.000121 -0.000013 -0.298279 0.497219 -0.097725 0.021839 0.000055 -0.000011 -0.001768 -0.138417 -0.409467 -0.011392 -0.130844 -0.000022 0.000041
0.000019 0.259031 -0.394904 0.097109 -0.000143 0.000087 0.422537 0.000009 0.000041 -0.117523 0.000062 0.000090 -0.267491 0.177896 -0.000071 0.000069 -0.000552 -0.000121 0.003086 -0.348989 0.000083 -0.303619 -0.484905 0.084674 -0.000056 -0.331523 0.005897 0.000025 -0.000008 -0.239063 0.211295 -0.049761 0.234162 0.000039 0.000040 -0.249248 -0.306319 -0.430347 -0.604663 -0.060794 0.000081 -0.000013
0.000055 -0.174226 0.095683 -0.269153 0.000100 0.000368 0.493127 -0.000102 -0.000041 -0.185335 0.000188 -0.000228 -0.347364 -0.880931 -0.000038 0.000014 0.000196 -0.000002 0.007696 0.309708 0.000036 0.057807 -0.010018 0.208917 0.000066 -0.271457 -0.293420 0.000221 0.000034 -0.266238 0.634028 0.226589 0.344618 0.000048 0.000007 0.073138 0.279005 0.445112 0.114480 0.307092 -0.000008 0.000021
0.000091 0.264238 0.141856 0.076644 0.000073 0.000076 0.502821 0.000172 0.000043 0.361344 0.000097 -0.000001 -0.183731 -0.104931 0.000116 -0.000032 -0.000691 0.000050 0.375447 0.075426 0.000141 -0.023253 0.186792 -0.070542 0.000160 -0.380770 0.152980 0.000081 0.000023 -0.367263 0.204691 -0.173313 -0.262456 0.000047 -0.000060 -0.113712 -0.475579 0.189057 0.217916 -0.034475 -0.000147 -0.000007
0.000018 -0.604604 0.064843 -0.016315 0.000122 0.000013 0.488286 -0.000077 -0.000090 0.066901 0.000094 0.000021 -0.361632 0.175863 -0.000031 0.000031 -0.000772 -0.000038 0.105458 -0.207064 0.000094 0.291941 -0.321144 0.142350 0.000107 0.434650 0.235918 -0.000116 -0.000109 0.460259 -0.286581 -0.497091 0.177297 -0.000088 -0.000043 -0.142663 -0.193424 0.056478 0.259972 0.049708 0.000080 -0.000034
-0.000033 -0.200167 0.258027 0.178955 0.000087 -0.000006 0.263324 -0.000042 -0.000029 0.014179 0.000011 -0.000065 0.370658 0.150698 0.000012 0.000033 0.000269 -0.000019 -0.144478 0.175265 0.000056 0.385824 0.221568 -0.073480 -0.000097 -0.058670 -0.451705 -0.000033 0.000046 -0.255722 -0.226323 -0.109080 0.080212 -0.000112 0.000062 -0.136883 0.030823 -0.051520 -0.066520 0.015862 0.000022 0.000244
-0.000011 -0.652822 0.014897 -0.149108 0.000102 0.000438 0.150665 -0.000043 -0.000042 -0.178492 0.000362 0.000126 -0.336288 0.255215 0.000028 0.000042 0.000040 -0.000156 0.050659 -0.153026 0.000095 -0.149267 0.166601 0.104160 -0.000044 0.438266 -0.032572 0.000027 -0.000039 0.388229 -0.256322 0.124747 0.109868 -0.000093 -0.000097 0.089796 0.374041 0.130035 0.131837 0.042856 -0.000016 -0.000030
-0.000026 -0.231484 0.206218 0.012402 0.000043 -0.000062 0.168725 0.000254 -0.000130 -0.134875 -0.000055 -0.000021 0.205638 -0.188142 -0.000027 -0.000023 0.000103 0.000012 0.182433 -0.171907 0.000080 0.050686 0.059170 -0.044785 -0.000031 -0.781480 0.074744 0.000009 -0.000111 0.020776 0.189659 -0.180186 -0.000825 0.000176 -0.000026 -0.706593 -0.023261 -0.197283 0.646644 0.033039 -0.000058 0.000002
-0.000043 -0.232016 0.081404 -0.110503 0.000127 -0.000165 0.132823 0.000077 -0.000118 -0.237517 -0.000007 0.000050 0.380816 -0.259444 0.000037 0.000034 -0.000296 0.000096 -0.272536 -0.780694 -0.000097 0.129194 0.152570 0.059445 -0.000035 -0.156640 -0.220697 0.000276 -0.000072 0.331917 0.121412 0.005000 0.023266 -0.000063 0.000090 -0.194115 0.588646 -0.065771 -0.193355 0.359722 0.000089 -0.000038
0.000063 0.524268 0.384571 0.161228 0.000219 -0.000009 0.134117 0.000209 -0.000043 0.034347 0.000073 0.000291 0.117866 0.052171 0.000024 -0.000106 -0.000110 -0.000046 0.196001 0.124825 -0.000099 -0.357970 -0.069725 0.398852 -0.000107 0.098944 -0.057171 -0.000039 -0.000178 0.039801 0.038784 -0.103386 -0.048584 0.000020 -0.000064 -0.209134 0.436356 0.019518 -0.933273 -0.009382 0.000085 -0.000037
-0.000051 0.895838 0.247785 0.139764 0.000015 -0.000025 0.069898 0.000037 0.000117 -0.058127 -0.000023 -0.000199 0.124187 -0.557523 0.000050 0.000057 -0.000237 -0.000109 0.157514 0.225513 -0.000065 -0.225261 -0.628669 0.179718 0.000027 0.195085 0.149777 0.000049 0.000359 0.075530 0.532203 0.367193 -0.315711 0.000033 0.000096 -0.376051 0.074298 0.370589 -0.414436 0.241878 0.000152 0.000108
-0.000006 -0.060129 0.101070 -0.069534 -0.000130 0.000001 0.169966 0.000002 0.000071 0.055267 0.000043 0.000143 -0.048455 -0.244741 -0.000010 -0.000068 -0.000095 -0.000031 -0.314815 0.190423 0.000131 0.498835 -0.049386 -0.453726 0.000013 -0.004098 0.403961 0.000112 -0.000322 0.362763 -0.009346 -0.199628 0.018948 0.000156 -0.000035 0.127371 -0.052061 0.199572 -0.173941 -0.328920 0.000155 0.000166
-0.000009 0.007818 -0.174171 -0.016768 0.000018 0.000455 0.107472 -0.000022 0.000014 -0.255558 0.000143 -0.000198 0.143085 0.058522 -0.000073 0.000034 0.000126 -0.000175 0.044613 -0.322886 0.000157 0.243101 0.059228 0.105592 0.000138 0.471554 0.026510 0.000068 0.000002 0.523979 -0.232893 0.110080 0.536988 0.000106 0.000161 0.240104 -0.301784 -0.277993 0.372279 0.213967 -0.000031 -0.000036
-0.000065 -0.048347 0.065521 0.158834 0.000083 0.000038 0.107316 0.000085 0.000031 -0.217151 -0.000428 0.000147 0.130420 -0.000671 -0.000055 -0.000026 0.000199 -0.000033 0.138214 -0.293655 0.000184 0.496782 -0.071866 -0.129418 -0.000093 -0.301198 -0.247191 -0.000165 0.000111 -0.131077 -0.291827 -0.388996 0.109219 -0.000099 -0.000103 0.359154 -0.488177 -0.326461 0.474319 0.389775 0.000057 -0.000078
0.000116 0.154934 0.041812 0.184748 0.000123 0.000157 0.202321 -0.000109 -0.000041 0.161832 0.000239 0.000009 0.460647 0.231057 -0.000034 0.000091 -0.000489 -0.000093 -0.642812 -0.105812 0.000040 0.006113 -0.053766 0.251662 0.000129 -0.210358 0.178154 -0.000045 -0.000006 -0.156537 0.109237 -0.181084 -0.436429 -0.000044 -0.000063 -0.126191 -0.481179 -0.305315 0.553135 -0.045310 -0.000055 0.000042
0.000041 -0.133192 0.020591 -0.128129 0.000170 -0.000087 0.322931 -0.000052 0.000084 -0.361879 0.000365 0.000049 -0.067388 0.460143 -0.000060 0.000038 0.000293 -0.000134 -0.569030 -0.130735 -0.000053 -0.065883 -0.114179 0.141178 0.000127 -0.320138 0.188081 -0.000134 0.000135 0.375413 -0.308188 -0.218271 -0.038163 0.000017 0.000102 0.057829 -0.002729 -0.158766 0.206065 0.159389 0.000071 0.000037
0.000023 -0.100741 -0.560080 -0.541938 0.000142 0.000015 0.071329 0.000009 -0.000097 0.182528 0.000229 -0.000007 0.274245 0.250427 0.000035 0.000154 0.000410 -0.000158 -0.001487 0.093446 0.000124 -0.299239 -0.070360 0.385485 0.000139 0.469951 0.127404 0.000050 -0.000017 -0.455564 0.353485 -0.196758 0.158248 -0.000124 0.000091 0.570888 0.544542 0.287154 -0.653974 0.004609 0.000056 0.000050
0.000029 0.435316 -0.519915 -0.054721 0.000188 -0.000030 0.005606 0.000086 -0.000056 -0.290547 0.000286 -0.000028 -0.040031 0.256108 0.000074 0.000045 -0.000449 -0.000139 0.299346 -0.061672 -0.000088 0.020375 0.472043 -0.062501 -0.000054 -0.101468 0.208123 0.000085 0.000073 -0.416109 0.080833 0.066373 0.530327 0.000037 0.000108 0.587858 -0.101885 0.062068 -0.645971 -0.548515 0.000022 -0.000118
0.000020 0.378958 0.010566 0.405315 -0.000090 0.000183 0.033622 0.000162 0.000044 -0.284990 -0.000159 -0.000003 0.190958 -0.297726 -0.000008 0.000043 -0.000608 -0.000084 -0.094947 -0.029931 0.000038 -0.086946 0.218028 0.152177 0.000044 0.010286 -0.238218 -0.000031 0.000126 -0.212181 0.172174 -0.052737 0.631127 0.000234 -0.000021 0.550369 0.138337 -0.142142 0.119291 -0.004539 0.000076 -0.000137
-0.000037 -0.011797 -0.612609 0.152139 0.000025 0.000118 0.054882 0.000048 -0.000067 -0.648429 0.000092 -0.000056 0.234819 -0.413671 -0.000060 0.000211 -0.000577 -0.000023 -0.263331 -0.234876 -0.000006 -0.170325 0.645089 -0.218045 -0.000087 0.195196 -0.039124 -0.000013 0.000158 0.148675 0.087102 0.180254 0.509702 -0.000229 0.000064 0.293987 -0.012430 -0.150572 0.079008 -0.073599 0.000012 0.000074
0.000022 -0.034806 0.068706 0.305297 0.000172 0.000011 0.117325 0.000181 0.000014 0.003357 0.000153 0.000366 -0.330030 -0.400712 -0.000098 0.000031 0.000388 -0.000017 -0.133417 0.341456 -0.000009 0.155215 -0.286980 -0.407883 -0.000257 -0.112111 0.573339 -0.000070 -0.000175 0.040627 0.075676 -0.207323 -0.173541 0.000182 -0.000077 0.100278 -0.358865 -0.308111 0.157182 0.125630 -0.000086 -0.000066
-0.000031 -0.014457 -0.454733 -0.196064 0.000150 0.000182 0.232873 0.000026 -0.000335 0.360045 -0.000013 0.000395 0.136183 0.133519 -0.000109 0.000025 -0.000043 -0.000072 -0.181742 -0.162656 -0.000124 0.026538 0.063968 -0.584674 -0.000004 -0.184756 -0.078944 0.000037 0.000035 0.197853 -0.366978 -0.247976 -0.364659 0.000094 -0.000013 0.129196 -0.800260 0.283260 0.277017 0.458505 0.000036 0.000042
0.000017 0.396418 -0.198978 -0.134188 -0.000028 -0.000065 0.050077 0.000051 -0.000073 0.238415 0.000113 -0.000021 0.095639 0.138597 -0.000032 -0.000001 -0.000034 0.000015 -0.346058 -0.266187 -0.000109 -0.082307 -0.285817 -0.841291 0.000271 -0.103388 -0.108581 0.000032 -0.000183 0.395023 -0.321922 -0.012107 -0.068180 0.000053 -0.000032 -0.035317 0.156497 0.344790 0.121952 0.654664 0.000026 -0.000055
-0.000037 -0.349505 0.018856 -0.472836 0.000108 -0.000172 0.262963 -0.000176 -0.000015 -0.013504 -0.000192 0.000194 0.141292 0.496956 -0.000038 -0.000080 -0.000400 -0.000062 -0.313683 0.209993 -0.000071 -0.301672 0.003695 -0.024307 -0.000052 0.061854 -0.099181 -0.000056 0.000110 0.307719 -0.173088 0.048541 0.192594 -0.000101 -0.000047 0.251311 -0.009290 0.128581 -0.279012 0.373497 -0.000012 0.000034
-0.000067 0.282673 0.140189 -0.284040 -0.000058 0.000383 0.039155 0.000093 -0.000037 -0.454883 0.000107 0.000110 0.011843 0.205898 -0.000023 0.000031 0.000052 -0.000125 0.017691 -0.212940 -0.000048 -0.297811 0.588717 0.422910 -0.000035 -0.206083 -0.014033 -0.000061 0.000053 0.044581 0.157562 0.260803 0.689735 0.000075 0.000059 0.443448 -0.217698 -0.142306 -0.195550 0.256619 -0.000026 -0.000068
-0.000129 0.161782 -0.197221 0.493369 0.000063 -0.000014 0.182571 -0.000104 -0.000111 -0.686543 -0.000036 0.000372 -0.519445 0.179394 0.000065 -0.000100 -0.000264 -0.000094 -0.289108 0.070607 0.000300 -0.187520 -0.032177 0.123415 -0.000190 0.035330 -0.368131 -0.000216 0.000024 -0.144709 -0.327535 -0.231319 0.005520 -0.000038 -0.000104 0.148775 0.475612 -0.013744 0.007678 -0.448498 -0.000006 0.000034
-0.000003 -0.156147 -0.100042 -0.289115 0.000020 0.000416 0.059873 -0.000101 0.000031 0.476246 0.000075 -0.000035 -0.382636 0.244466 -0.000142 -0.000006 0.000181 0.000037 0.144019 0.098603 -0.000117 0.012779 -0.665998 -0.291103 -0.000031 -0.279419 0.284356 -0.000014 -0.000136 0.011859 0.183802 0.039805 -0.092141 -0.000068 -0.000093 -0.149518 0.471934 -0.245332 -0.763519 -0.357336 0.000170 0.000082
0.000009 0.059201 -0.171652 0.191010 0.000120 0.000141 0.170433 0.000043 -0.000022 -0.024908 -0.000113 -0.000080 -0.036308 0.072818 -0.000170 0.000032 -0.000113 0.000014 0.080114 -0.519081 0.000030 0.429598 0.404645 -0.114813 0.000084 0.225690 0.493744 0.000053 0.000047 0.316126 -0.076262 0.288027 0.354161 -0.000048 0.000101 0.409895 0.177871 0.092003 0.153838 -0.407301 0.000100 0.000039
-0.000020 0.597508 0.110485 0.226455 0.000136 -0.000115 0.273695 0.000032 0.000044 0.483756 0.000017 0.000057 -0.011407 -0.716549 -0.000032 -0.000023 -0.000254 -0.000093 0.093875 -0.381467 -0.000157 -0.148996 -0.194984 -0.324987 0.000068 -0.168997 0.392869 0.000071 -0.000007 0.296291 -0.396025 0.272535 0.087012 0.000014 0.000039 0.317542 -0.203281 -0.202456 0.702007 -0.082275 0.000086 -0.000020
-0.000013 0.268637 0.349060 -0.017183 0.000074 -0.000103 0.286187 -0.000041 0.000097 0.672951 0.000161 -0.000103 -0.119328 -0.520344 -0.000080 0.000035 -0.000493 -0.000042 -0.212437 0.066207 -0.000075 -0.010278 -0.264757 -0.202552 -0.000143 0.050407 -0.022606 -0.000048 -0.000249 0.058098 -0.411059 -0.098655 -0.631410 0.000154 0.000119 -0.567892 -0.176519 -0.160300 0.362119 0.256217 0.000166 0.000111
-0.000005 -0.109973 -0.499952 -0.304590 -0.000068 0.000366 0.126595 -0.000113 -0.000129 -0.091425 -0.000009 -0.000112 0.001837 0.101733 0.000118 -0.000064 -0.000683 -0.000124 -0.299176 -0.211416 -0.000056 0.144477 0.055937 -0.211099 -0.000061 -0.125241 -0.696907 0.000019 -0.000008 0.179908 0.097584 -0.001141 -0.345795 -0.000115 0.000035 -0.413677 0.211377 -0.184680 0.033174 0.246452 -0.000113 0.000037
0.000016 0.218216 -0.119306 -0.399843 -0.000065 -0.000043 0.051586 0.000085 -0.000170 -0.696147 -0.000167 -0.000052 -0.877587 0.331787 -0.000025 0.000235 -0.000753 0.000075 0.369384 -0.015301 0.000078 -0.204418 0.319446 0.027531 -0.000073 0.134200 -0.467025 0.000063 -0.000111 -0.033489 0.273059 -0.084881 0.120825 -0.000089 -0.000101 -0.711651 -0.132915 -0.090010 0.152817 0.274607 -0.000062 0.000004
0.000037 0.300833 -0.055627 -0.159126 0.000101 0.000565 0.090679 0.000050 -0.000060 -0.057718 -0.000041 -0.000168 -0.381597 -0.194037 0.000086 -0.000075 0.000985 0.000002 0.523246 0.339371 -0.000052 -0.139143 -0.096957 0.262213 0.000131 0.045549 0.120097 -0.000004 0.000124 0.289503 0.136325 -0.491656 -0.056766 0.000096 -0.000045 0.332391 0.480148 -0.161732 -0.289959 -0.079906 0.000079 -0.000011
-0.000018 0.418848 -0.041890 0.295833 -0.000048 -0.000139 0.122256 -0.000147 -0.000040 -0.390927 0.000031 0.000001 0.037472 0.335800 -0.000057 -0.000021 0.001577 -0.000168 0.074011 -0.244051 -0.000023 0.648574 -0.108942 0.145096 0.000047 -0.118656 0.037400 0.000029 -0.000202 -0.424049 -0.377232 -0.013545 0.094817 -0.000052 -0.000356 0.134718 -0.093882 -0.226880 -0.052010 -0.033991 -0.000085 0.000068
0.000022 -0.048257 0.668848 0.073922 0.000183 -0.000068 0.123905 -0.000052 -0.000118 -0.202971 0.000073 0.000159 -0.006511 0.252191 -0.000001 -0.000048 -0.000699 -0.000102 -0.027138 0.161957 0.000091 -0.025679 0.079431 0.004359 -0.000041 -0.484133 0.295995 0.000131 0.000118 0.180328 -0.292680 -0.234530 0.216441 0.000155 -0.000139 -0.236993 -0.153392 -0.211797 -0.142634 -0.050476 -0.000034 0.000190
0.000016 0.005380 0.177387 -0.231656 0.000023 -0.000133 0.134761 -0.000141 0.000131 -0.169513 0.000315 0.000191 -0.113772 -0.058582 -0.000047 0.000006 0.000134 -0.000198 -0.037755 -0.502847 -0.000061 0.475736 -0.042881 -0.006189 -0.000035 -0.190573 -0.001432 0.000013 0.000056 0.139527 -0.089098 -0.225203 -0.133710 -0.000186 0.000037 -0.444964 0.154238 -0.475251 0.366149 0.060301 -0.000137 0.000138
