0.138470 -0.209981 0.042360 0.234631 0.052692 -0.004164 0.061641 0.200792 -0.000002 -0.015568 -0.118391 0.105465 0.102850 -0.252344 0.248903 -0.249249 -0.072897 -0.189171 -0.183848 0.169243 -0.208344 0.152173 0.215144 0.211763 0.160070 0.247411 0.128191 -0.226167 0.128148 0.094470 -0.084551 0.044311 -0.089160 0.046259 0.078618 -0.204273 0.046295 0.061185 -0.256262 -0.023732
0.483941 -3.471465 -0.286510 -0.136094 0.654539 -0.431009 0.080828 0.153529 -0.625018 -0.225516 -0.245500 -0.508773 -0.245064 0.198956 -0.464858 -0.431878 -0.691038 -0.716038 -0.750694 -0.604793 -3.776114 -0.429713 -0.577557 -0.247860 -0.363692 -0.187449 0.112702 1.628199 -0.456663 -0.469481 -0.501131 -0.060145 0.927426 0.076406 0.772576 0.411276 -0.455341 0.022595 -0.445919 -0.160261
0.066411 0.191469 -0.121339 0.031506 -0.012534 0.228966 -0.157935 0.141752 0.040287 0.037993 0.226307 0.099872 -0.134689 0.197635 0.229170 -0.050802 0.011808 -0.159794 0.119732 0.086717 0.127301 -0.046290 0.003812 -0.108776 -0.203478 0.245727 -0.084165 -0.119342 -0.039642 -0.012555 0.142831 -0.159818 0.185985 0.141921 -0.083676 0.107877 0.245949 -0.027123 0.192244 0.237995
0.371270 0.047573 0.287112 0.105777 -0.306430 0.168073 0.125164 0.180256 0.089228 -0.048386 0.008165 -0.136170 -0.176189 -0.201002 -0.038244 0.051257 0.148329 0.288121 0.174742 0.259153 0.496505 0.226987 0.014540 -0.104223 0.245591 -0.208220 0.115799 0.733387 0.161083 0.018029 0.313495 0.051296 0.029057 -0.194341 -2.021791 -0.129937 0.214896 0.043077 -0.029280 0.490387
0.015449 0.156048 0.168843 -0.048604 -0.187663 -0.149991 0.004900 0.153520 0.111777 0.142145 -0.067037 0.029502 -0.209374 0.048982 -0.155271 -0.086547 -0.026419 0.214477 -0.013561 0.191878 -0.120269 -0.112065 -0.051704 0.170189 0.226583 -0.238507 0.116750 -0.191744 -0.091255 0.071524 -0.203021 -0.168470 0.183497 0.021288 -0.045961 0.250009 0.086183 -0.131796 0.206470 0.137755
-0.186195 0.030310 0.064700 0.192774 -0.216193 0.215061 0.135609 0.168373 0.113759 0.036739 -0.204963 0.001698 -0.016862 0.166996 0.255129 -0.220895 0.034605 -0.165736 -0.163361 -0.191206 -0.156974 0.144460 -0.182411 -0.016517 -0.089483 -0.161840 -0.137681 -0.044372 0.043330 0.072340 0.134151 0.144885 -0.115781 0.060710 -0.218222 -0.211051 -0.175044 -0.170264 -0.161291 -0.190065
0.736830 1.629162 0.163915 -0.255261 -0.756951 0.237196 -0.074315 -0.050986 0.685266 -0.040878 0.111478 0.421796 0.033053 0.080791 0.510136 0.552961 0.257275 0.552432 0.515488 0.410977 -6.174008 0.408889 0.621285 0.073177 0.632929 -0.023393 -0.173971 -3.793048 0.321723 0.674208 0.692139 -0.186690 0.498500 1.187232 1.143911 1.176335 0.568218 0.082784 0.614454 1.070906
-0.090465 -0.094047 0.110375 0.096432 0.149204 0.006969 -0.054953 0.177650 0.066365 0.173008 -0.078029 0.092958 0.039514 0.099078 0.251684 0.235336 0.306991 0.271236 -0.188610 0.113343 0.161239 0.005328 -0.012436 0.091243 0.006751 0.078649 0.154702 0.175271 0.238375 0.084310 -0.153433 -0.092883 -0.157954 -0.246411 -0.964192 -0.143664 -0.109346 -0.231843 0.190862 -0.163909
-0.157989 -0.080444 0.400799 -0.077402 -1.528081 0.171261 -0.160120 -0.002853 0.454036 0.098152 0.134858 0.071078 0.106357 -0.157015 0.517664 0.479191 0.506443 0.323205 0.342167 0.146281 -0.426608 0.085475 0.385088 -0.127815 0.380104 -0.176070 -0.177639 0.787386 0.462356 0.417718 0.427598 0.111962 0.281975 0.213584 -1.132984 0.375744 0.389750 -0.130537 0.502498 0.152347
0.647820 0.165184 0.779173 -0.069946 -1.588379 1.233029 -0.282940 -0.028372 1.044874 -0.203933 -0.019732 0.932672 -0.031960 0.005975 1.201155 1.036483 1.262506 1.005212 1.057295 0.997458 -2.376417 1.264258 0.802772 -0.099650 1.154980 -0.091213 -0.068638 -0.147707 1.211190 0.875702 1.065870 0.116809 0.822057 1.106470 -0.393980 1.360461 1.039433 0.215358 0.971990 0.189056
-0.017714 -0.091167 -0.182018 0.117967 0.107236 0.010686 0.111832 0.187572 0.078250 0.204490 -0.092486 0.001538 -0.025074 -0.027343 -0.024639 -0.233630 0.095982 -0.250955 -0.188463 0.153887 0.126288 0.199495 -0.250821 -0.056634 0.126899 -0.247044 -0.249527 -0.228951 -0.045372 -0.040184 -0.161286 0.228164 -0.025098 -0.035094 -0.105592 -0.119863 -0.125520 -0.012278 0.058019 -0.022009
-0.247910 0.096363 0.175570 0.238561 -0.034112 0.180805 -0.011069 0.253502 0.189946 0.012457 -0.058190 0.176452 0.009253 -0.107615 -0.224013 0.070735 -0.047595 0.159971 -0.015511 0.141287 0.072665 0.030794 -0.205387 -0.248928 0.250592 -0.138927 -0.232683 -0.172084 -0.223431 -0.112534 0.119680 -0.195669 -0.044023 -0.165658 -0.169008 0.009668 0.064248 -0.142061 -0.028996 -0.135696
0.214214 -0.124340 -0.114638 -0.062081 -0.073415 0.053382 -0.023589 0.055458 0.023275 0.192405 0.011524 -0.152900 0.241835 0.214494 0.072228 -0.046221 0.171986 0.160074 -0.012504 0.146351 0.257365 0.139779 0.181005 -0.039981 -0.129407 -0.027491 -0.161612 -0.033307 -0.199869 -0.241782 0.218525 -0.134242 -0.139780 -0.256340 -0.208582 0.195777 -0.111670 0.022807 0.179398 0.093025
2.799611 2.297256 0.483486 -0.123910 1.745221 0.495582 0.176519 -0.097509 0.039657 0.076794 -0.009400 0.133985 0.172829 -0.229316 0.475199 0.098119 0.483023 0.077724 0.188824 0.533911 2.714060 0.480488 0.439926 -0.161941 0.329304 -0.196203 -0.221534 -2.857717 0.179491 0.378159 0.119947 -0.086288 0.001609 2.248269 -0.006896 2.369410 0.447207 0.023679 0.144569 1.526970
0.527463 -0.573204 0.351700 -0.051414 -0.224529 0.316182 0.036230 -0.199899 0.177204 0.069288 -0.014528 0.322688 0.146483 0.151646 0.493397 0.324002 0.230304 0.272017 0.195191 0.162068 -0.965182 0.288859 0.160879 0.189187 0.526809 0.245842 -0.054859 -0.381611 0.135630 0.495353 0.198814 0.084743 0.336484 0.444214 -0.028965 0.161987 0.096932 0.143206 0.547007 0.248825
-1.598693 0.495403 -0.030656 -0.284955 0.710133 -0.057012 -0.236294 -0.207085 -0.078055 0.054854 -0.019160 0.092838 -0.034184 -0.254052 -0.055530 0.076623 -0.052552 0.295579 0.095870 0.022355 0.312745 0.206976 0.035860 -0.096094 0.290001 -0.114423 -0.110845 0.605814 0.010495 -0.112676 0.193779 0.125235 0.111732 -2.245334 -1.940945 -2.433937 0.284896 0.132950 0.005614 -0.637894
-6.484996 0.301316 0.866976 0.028159 1.135289 1.116468 0.112040 -0.271543 1.069712 0.193019 -0.076013 1.186620 -0.187578 -0.062045 0.963620 0.896236 0.768073 1.090989 1.143135 0.734388 1.324538 0.825199 1.059860 0.120072 1.147917 -0.078213 0.164728 -1.089783 0.999908 0.868025 0.751869 0.037566 0.971748 -5.435808 -1.327734 -6.190933 1.147288 -0.166621 0.804321 -0.946841
0.086443 0.009149 -0.157266 -0.156498 0.197905 0.050472 -0.189925 -0.211126 -0.046956 0.038339 -0.054945 -0.026564 0.148110 -0.119087 0.169545 0.138312 -0.029114 -0.027296 0.256211 0.057323 -0.257375 -0.226438 -0.241182 0.249355 0.143571 -0.226616 0.094907 0.124133 -0.168117 0.102767 -0.155389 -0.120543 -0.007571 -0.212826 0.171764 -0.050185 0.191702 0.249648 -0.005497 -0.236632
-5.478404 0.430940 0.662451 0.108064 0.504812 0.694759 0.050686 0.022260 0.643868 -0.035209 -0.261081 0.560501 0.000987 -0.054824 0.442156 0.504177 0.367014 0.499619 0.563093 0.485830 1.211001 0.328731 0.561163 0.015614 0.446530 0.076904 0.109814 0.147451 0.409168 0.238615 0.609243 0.037631 0.472814 -4.092422 0.203170 -4.088517 0.444783 0.137496 0.238743 -2.123406
-0.013837 0.179400 0.239748 0.106173 -0.060533 0.017077 -0.186978 -0.109076 -0.195777 0.199585 -0.159216 0.059809 -0.059042 0.118734 -0.164684 -0.256990 0.237060 -0.098360 -0.137594 -0.095471 0.181470 -0.220123 -0.012472 -0.127147 -0.036203 0.107850 -0.237736 0.087644 0.171073 0.165839 -0.095745 -0.175392 0.232578 0.172505 0.063361 0.108915 0.201706 0.050990 0.071661 0.005966
0.304380 -0.208900 0.190663 -0.161568 0.012818 0.145977 -0.027795 0.093461 0.061884 -0.111266 -0.138358 0.254185 -0.225054 -0.006904 0.147747 -0.036891 0.141852 0.253361 0.250464 -0.069219 -0.586476 0.310790 0.331353 0.175551 0.142102 -0.237414 -0.152882 0.708783 0.194872 0.167650 0.244931 0.009764 -0.108308 -0.036403 -1.182270 0.022614 0.354290 0.121754 0.194232 -0.173492
0.277448 0.397452 0.041866 -0.176746 0.050259 -0.341034 -0.167005 -0.267116 -0.133771 -0.146484 0.087304 -0.064572 0.069243 -0.257498 -0.100778 -0.032234 0.129272 -0.316238 -0.110204 -0.095690 0.401128 -0.149601 0.142029 -0.021594 -0.346974 -0.116690 -0.185411 0.798153 0.067963 -0.054104 -0.188036 -0.315156 0.047228 -0.598264 -1.023223 -0.427924 -0.085154 -0.220625 -0.071173 0.031742
-0.079821 -0.152867 -0.176019 0.177446 0.128785 -0.082190 0.091266 0.114854 -0.084109 0.046387 -0.166650 -0.146744 0.101383 0.011723 0.226085 -0.084291 -0.029509 0.153536 -0.181986 -0.083357 0.190059 0.001654 0.252801 -0.013872 -0.176422 -0.144140 0.131637 -0.091165 -0.213888 -0.240365 -0.145498 -0.146680 -0.247907 -0.215452 0.209273 -0.053767 -0.211141 0.209639 0.219095 0.029767
0.841616 0.684868 0.330721 0.168384 1.421996 0.552670 0.029035 -0.291249 0.769880 -0.038731 0.178880 0.485428 -0.160777 -0.257032 0.462441 0.602653 0.490868 0.344626 0.426503 0.751185 -2.244741 0.597599 0.779376 -0.110146 0.346705 0.094132 0.035018 -1.703956 0.759787 0.824229 0.818746 -0.187729 0.298634 1.217439 0.550866 1.081698 0.544668 -0.172198 0.540302 0.898699
0.712084 -3.975934 -0.681128 -0.154138 0.487659 -0.717019 -0.147933 0.036144 -0.966857 0.029780 -0.027531 -0.900832 0.100405 -0.210516 -0.932455 -0.996790 -0.673033 -0.520892 -0.513187 -0.832111 -1.486256 -0.749357 -0.586236 0.052045 -0.905132 -0.022382 0.106178 -0.852499 -0.900416 -1.016209 -0.871300 -0.000754 0.613759 0.415300 0.712394 0.985074 -0.593078 0.248397 -0.740143 -0.352067
0.096059 0.273910 0.047631 0.112055 0.226526 0.072407 0.179107 -0.168402 -0.155059 -0.106910 0.054149 -0.296832 -0.012377 0.163138 -0.083353 -0.290737 -0.281956 0.118920 -0.118573 0.107858 0.626549 -0.258693 -0.283969 -0.264880 -0.189589 -0.038798 -0.074176 0.723194 -0.123738 0.109025 -0.002439 0.112451 -0.095057 -0.469295 -1.942496 -0.472894 -0.022861 -0.120348 0.010235 0.135536
-0.134410 -0.105905 -0.249218 -0.108513 0.098221 -0.002932 -0.191420 0.108248 -0.092927 -0.071165 0.249123 -0.189198 0.178501 0.088439 -0.206646 0.033235 0.044186 0.088631 0.232140 -0.212272 -0.138883 0.049165 0.153224 0.096591 -0.069474 0.152738 -0.215052 0.070493 0.074180 -0.188856 0.032085 0.078747 -0.167878 -0.201561 0.018579 -0.080910 0.160894 -0.188387 0.111122 -0.249386
-0.254129 -0.072059 -0.215545 0.024836 0.089405 -0.239473 -0.236124 0.252440 0.226947 0.051530 -0.114848 0.154700 -0.077530 0.164934 0.213962 0.212864 0.118153 -0.076407 0.191886 -0.072657 0.247918 -0.119794 0.174389 0.009900 -0.036222 -0.042299 0.239232 -0.085825 -0.061625 0.072931 -0.100827 -0.079314 -0.080183 -0.130815 -0.226034 -0.165935 -0.156304 -0.155565 -0.081207 0.076655
0.033911 0.211465 0.179930 -0.238725 0.023500 -0.084361 0.103918 -0.133862 0.236049 -0.093293 -0.001432 0.141615 -0.243393 -0.134573 0.331439 0.431834 -0.058696 0.323000 0.006059 0.240671 0.310355 0.409708 0.391296 -0.213703 0.293045 -0.201388 -0.204721 0.761465 0.054894 -0.002025 0.192598 -0.094162 0.177138 0.034850 -1.507640 -0.409162 0.369630 -0.249125 0.109340 0.442059
-0.221479 0.054769 -0.101807 -0.061512 0.112893 0.038833 -0.063372 0.103276 0.000811 -0.016806 -0.135102 0.040138 0.249048 0.254990 -0.098412 -0.142858 0.085483 -0.177343 -0.082143 -0.233977 -0.251253 -0.127336 0.128868 -0.173403 0.230215 0.090145 0.092130 0.207732 0.006860 0.127149 0.224806 -0.172787 -0.099819 0.124674 0.006305 -0.046979 0.161702 0.224162 0.093130 -0.186371
0.568714 0.814637 1.437569 -0.229075 1.442510 1.544306 -0.200856 0.035011 1.546946 -0.210063 0.165994 1.437445 -0.160007 0.155971 1.328482 1.137973 1.170885 1.403551 1.064185 1.350873 0.183269 1.408800 1.235890 0.192685 1.215999 0.075561 -0.167500 -4.375844 1.368163 1.502337 1.334307 -0.094169 1.161288 1.535929 -0.870530 1.351697 1.110624 -0.187342 1.361885 -0.785092
0.010705 -0.214019 0.173376 0.128231 -0.249750 0.137664 0.042071 -0.075083 0.141383 -0.113094 -0.145046 0.015283 -0.208067 0.095041 -0.136279 -0.210507 0.251556 -0.239096 0.108002 -0.032290 -0.083103 -0.105907 0.021596 0.143665 0.031033 -0.170946 0.044025 0.191789 0.177345 -0.113843 0.044578 -0.069142 0.205774 0.043009 0.207972 -0.250778 -0.111029 0.042454 -0.214206 0.013078
-0.041133 -0.146192 -0.004325 0.015109 0.158173 -0.033104 -0.058574 -0.100360 0.050978 -0.215160 -0.168057 0.207053 0.046319 -0.147026 -0.119965 -0.116247 0.087521 -0.163481 -0.240678 -0.129967 0.201975 -0.215364 0.185145 0.155278 0.132703 0.056631 -0.178276 -0.091105 -0.138387 0.207017 -0.056299 0.002138 0.231725 0.255877 -0.228063 0.257845 -0.197482 -0.190489 -0.203685 0.068086
0.102894 0.116672 0.142471 0.016751 -0.324982 0.261171 0.160099 0.146026 0.141412 -0.042076 -0.238376 0.474648 -0.088006 -0.283863 0.274444 0.451211 0.383257 0.481908 0.232564 0.437106 -6.652737 0.259703 0.155013 -0.243864 0.424875 -0.095512 -0.167479 -0.815453 0.472222 0.543571 0.223047 0.176154 0.266336 0.614823 0.486739 0.667645 0.079037 -0.268394 0.198855 -0.042646
-0.241942 -0.973491 -2.035557 -0.117001 -3.708999 -2.067566 -0.087505 -0.190221 -2.170979 -0.047249 0.056513 -1.941169 0.242667 0.110761 -1.882036 -1.954469 -2.304825 -2.197460 -2.070642 -2.178665 2.544526 -2.160385 -1.830211 -0.139669 -2.000745 -0.066646 0.083924 2.320902 -2.034698 -2.102809 -1.997812 0.104561 -1.679864 -0.286934 0.126484 0.198049 -2.013118 0.205355 -2.065322 -0.536616
0.083057 0.177112 -0.209586 -0.007996 -0.060203 -0.216819 -0.130408 -0.001226 -0.183502 0.064630 -0.197291 -0.046142 0.162896 -0.041141 -0.156358 0.259668 -0.002795 -0.236693 -0.208515 0.228479 0.380315 -0.101632 0.199238 -0.166456 -0.008143 0.057609 0.004594 0.488516 -0.066735 -0.065069 0.236652 0.056596 -0.146117 -0.305506 -2.644011 -0.129965 0.155972 0.017806 0.073731 -0.211770
0.197111 -0.128879 -0.166344 -0.069611 -0.095821 0.165543 0.025650 -0.017781 -0.025658 -0.027426 0.102113 -0.255640 0.159924 0.044611 -0.009936 0.139075 0.235385 0.025448 -0.138178 0.257979 0.150103 0.062894 -0.106006 0.233127 -0.096459 -0.017615 0.054979 0.049447 0.213481 0.152500 0.249344 -0.041953 -0.122968 -0.143993 0.187701 0.112052 -0.087703 0.111236 0.238719 0.199684
0.097278 0.166177 0.918879 0.152643 -1.176353 0.948345 -0.149233 -0.234308 0.802896 0.100415 -0.073230 0.716742 -0.046148 0.068262 0.531287 0.655317 0.786880 0.979803 0.719639 0.950989 -7.214965 0.741547 0.889294 -0.186429 0.447329 0.217883 0.031838 -2.913203 0.563154 0.463797 0.850816 0.138161 0.744279 0.879585 0.087135 0.912720 0.522103 -0.208779 0.435630 0.599516
-8.035929 1.136295 1.656131 0.103134 -0.583208 1.646119 -0.301101 0.061023 1.410699 0.176656 -0.090953 1.220434 -0.198730 0.110456 1.559866 1.411009 1.578200 1.644983 1.216402 1.518085 1.193456 1.325731 1.391813 0.210366 1.548845 0.069315 -0.162499 -0.284231 1.643162 1.312921 1.617439 -0.181708 1.306301 -5.837358 -1.747397 -5.712680 1.437160 -0.231034 1.583732 -2.680960
0.197037 -0.108992 0.147812 0.012269 0.185070 -0.152987 -0.063366 0.029686 -0.036601 0.164921 -0.099379 0.156330 -0.125586 -0.202302 0.010812 0.206137 0.042109 -0.145713 -0.179841 -0.062527 0.018974 -0.080805 0.096792 0.037610 0.081873 -0.203825 0.198033 -0.120297 0.055062 0.256466 0.023196 -0.186446 -0.255157 0.217902 0.095260 -0.124769 0.051909 0.194144 -0.175054 0.199057
-0.161353 -0.147918 0.099346 -0.225284 -0.057384 0.116573 -0.068483 -0.057236 -0.187124 0.159306 -0.062080 0.075268 -0.012013 -0.095716 -0.225946 0.235919 0.028084 -0.116815 -0.001947 0.080610 0.246529 -0.043879 0.000763 0.003962 -0.223714 0.049428 -0.243993 0.115806 0.227736 -0.021754 0.240801 0.137942 0.088321 -0.218382 -0.082549 0.064344 0.125333 -0.063553 -0.198214 -0.040928
-0.105664 -0.061830 0.035695 -0.036275 0.042289 0.023240 -0.211836 -0.116674 -0.207730 0.174373 0.232873 0.089769 0.246634 -0.128317 0.139166 -0.250285 -0.080202 -0.047308 -0.014782 0.158548 -0.137430 0.131433 -0.182752 0.144555 -0.027509 -0.001339 -0.167250 -0.021198 -0.008800 0.023369 0.101517 -0.196244 -0.229208 0.212083 0.153570 0.194322 -0.141194 0.219203 0.122203 0.170961
0.847662 0.267986 0.133697 -0.179407 0.567825 0.069041 -0.084743 -0.217561 0.371913 -0.033208 -0.101598 0.412416 0.043937 -0.131279 0.033836 0.539393 0.437576 0.220775 0.406788 0.330133 -1.878957 0.361799 0.211322 -0.084201 0.437151 -0.161304 0.194783 -3.805202 0.510223 0.218209 0.294380 0.097783 -0.069278 1.028766 -0.143344 1.066798 0.355735 0.152478 0.417372 0.749453
0.413060 -0.494001 0.333214 -0.135715 -0.385215 0.442379 -0.179138 -0.271321 0.461387 -0.185218 -0.062751 -0.012073 0.036203 0.163309 0.417453 0.329679 0.258261 0.022387 0.046286 0.266190 -2.136973 0.198116 0.098520 -0.051297 0.318375 -0.052572 0.094656 0.017808 0.210684 0.336004 0.186129 -0.168238 -0.069463 0.414736 0.301133 0.282882 0.364498 -0.081119 0.336570 -0.375608
-3.997238 -1.208835 0.618020 0.089056 1.166226 0.827777 -0.142989 0.165126 0.656747 -0.103075 0.060095 0.828554 -0.236005 0.169526 0.901927 0.908734 0.572216 0.900213 0.624133 0.709281 0.972549 0.939148 0.862711 -0.031050 0.620604 0.155432 0.044002 0.976024 0.848956 0.979146 0.893985 -0.144572 0.889356 -3.540902 -3.519717 -3.616232 0.644678 0.012602 0.851978 -0.804519
0.215583 -0.137541 -0.079532 -0.247957 0.040967 0.224934 -0.250022 0.168033 -0.092640 -0.163598 0.002353 0.148238 0.033568 -0.173547 -0.181663 -0.180039 -0.015350 -0.190684 0.074940 -0.191095 0.209504 0.244093 -0.060507 0.181744 0.146187 0.246716 -0.185851 -0.209660 -0.013290 0.193026 -0.074178 -0.124415 -0.114967 0.078577 0.218547 -0.248657 0.193727 -0.068464 -0.182423 0.001037
-0.051994 -0.061380 -0.260023 -0.157719 -0.146213 0.187353 0.215491 0.227956 -0.080841 -0.067372 -0.059710 -0.084500 -0.023139 0.210647 0.061387 0.219323 0.245742 0.064910 -0.055087 0.012132 0.187007 0.103851 -0.096857 -0.105087 0.093723 -0.225798 0.153486 -0.171605 0.015988 0.072415 0.247093 -0.217501 0.129518 0.241822 0.008148 -0.102899 0.011944 -0.156492 -0.059948 0.262893
0.251323 -0.052328 -0.141676 0.006810 -0.034315 0.083640 -0.176466 -0.001492 0.124567 -0.164944 -0.128609 -0.214818 -0.196706 0.239751 -0.197560 0.189908 0.184903 -0.188705 0.199102 0.242298 0.041004 -0.194744 -0.138728 0.186320 -0.049138 -0.061660 0.069569 -0.188228 0.051755 -0.053572 -0.080535 0.178265 0.176685 -0.060011 -0.142341 -0.193540 0.254695 0.021313 -0.032271 -0.169532
0.425045 1.995989 0.267767 -0.237210 0.465158 0.574875 -0.031952 0.082184 0.678034 -0.095933 -0.024665 0.499282 0.071383 0.226264 0.219118 0.584129 0.639339 0.529788 0.620722 0.505653 -5.254074 0.468677 0.502412 0.139951 0.597413 -0.158860 -0.148250 -5.344802 0.562663 0.477082 0.610698 -0.205595 0.205896 0.552844 0.860765 0.433291 0.687962 0.025807 0.288034 -0.763005
-0.084876 -0.081246 0.247360 0.042044 0.015271 -0.048009 -0.164453 0.123349 0.240710 -0.165292 0.003742 -0.150311 0.257082 0.071543 0.149125 0.119302 0.051486 0.063133 0.220050 0.211083 -0.181175 0.114899 0.093120 -0.009628 0.022589 0.068635 -0.245866 -0.003277 -0.211290 -0.128589 0.116302 0.120151 0.014587 0.125896 0.104838 -0.081118 0.051535 0.016597 0.062449 -0.086788
