0.069878
0.000917
-0.003423
-0.255412
-0.001873
-0.314089
-0.002677
-0.001041
-0.003220
0.306606
-0.223628
0.002591
-0.301843
-0.021800
0.000410
-0.000025
-0.441554
-0.006113
-0.000034
-0.445205
-0.526862
0.001298
-0.094732
-0.409523
-0.291069
-0.003016
-0.001029
-0.355394
-0.003328
-0.001306
0.087253
-0.001779
0.167307
-0.000922
0.001848
-0.258906
-0.130539
0.000190
-0.001034
0.002044
-0.019124
-0.223202
-0.278074
0.286862
0.002542
-0.002237
-0.254569
0.088346
0.398338
0.381900
-0.278263
0.418102
-0.358001
-0.001833
-0.206508
-0.432221
0.152227
-0.001113
-0.225063
-0.140476
0.218675
-0.360502
-0.002100
-0.510897
-0.313086
0.002465
-0.001315
-0.253416
-0.001952
-0.582126
-0.001065
0.307037
-0.799443
-0.003191
0.107381
0.382825
0.001546
0.002422
-0.516697
-0.003887
0.002884
-0.275921
-0.402081
-0.294896
-0.000739
0.000156
-0.054927
0.003793
0.251894
0.002734
0.001049
-0.154735
-0.193842
-0.372343
0.278987
0.006220
-0.004615
0.368012
-0.410851
-0.402306
0.000357
-0.001617
0.362049
0.000995
