-0.012379
-0.000014
0.025965
-0.015948
-0.000147
0.027333
-0.000340
-0.020906
-0.031222
-2.976837
-0.001971
-0.025495
0.000030
0.016731
-0.012324
-0.001480
-0.016832
0.006492
0.002042
0.013934
0.011054
0.000308
-0.021949
-0.000704
-0.000204
-3.496635
0.017270
-2.527875
5.437786
-0.000386
0.017855
-0.001146
-0.023394
0.012589
0.008131
-0.020074
0.036395
3.324713
-0.017110
0.011227
-3.651381
0.022878
5.687057
-0.030598
-0.020655
6.020018
-3.421197
-2.335382
3.881662
-0.023625
-1.167857
0.009670
0.000047
0.005896
0.010580
0.020917
0.017363
-0.005873
0.006281
0.008508
0.012139
0.040455
-1.285987
-0.028053
-0.022638
-0.002348
-1.732007
-0.012911
0.006133
0.003044
-0.021709
0.002464
-0.021992
-0.020237
0.001496
0.033654
3.422807
0.005139
-0.003738
0.002202
-0.014768
-0.008350
-0.018828
-0.019109
-0.002811
0.002499
-0.002350
4.898677
-0.029443
0.001271
4.409284
0.027018
-0.003476
-0.036139
-0.015229
-0.006713
-1.677356
-0.024349
0.000141
0.027761
-1.962761
-1.263035
0.010000
-2.154185
-0.027852
-0.021692
-2.030511
0.201006
0.003380
0.032294
-0.002369
0.032437
-1.496946
0.001262
0.012193
0.002807
0.008042
-0.030732
-0.000147
