-0.000007 -0.006002 0.000023 0.000016 -0.000007 -0.000100 0.688431 -0.000070 0.000014 -0.000016 0.000007 0.000011 0.000044 -0.000012 0.010046 -0.000091
0.000000 -0.007024 0.000006 0.000042 -0.000005 -0.000246 0.524094 -0.000014 -0.000035 -0.000014 0.000073 -0.000011 -0.000027 0.000008 0.010207 -0.000023
0.000006 -0.006665 -0.000026 -0.000062 0.000005 0.000555 0.227170 -0.000015 -0.000001 -0.000036 0.000099 -0.000001 0.000010 0.000002 0.010094 -0.000088
0.000002 -0.007382 -0.000007 -0.000062 0.000004 0.000486 0.079143 0.000007 0.000019 -0.000006 -0.000018 0.000001 -0.000022 -0.000019 0.010161 0.000019
-0.000007 -0.008859 -0.000007 0.000043 -0.000006 -0.000183 -0.131072 0.000002 -0.000045 -0.000002 0.000002 -0.000026 0.000012 -0.000011 0.009841 -0.000024
0.000003 -0.008336 0.000009 -0.000003 0.000013 -0.000225 -0.426690 0.000045 -0.000003 0.000015 0.000024 0.000025 -0.000026 -0.000078 0.009838 0.000007
-0.000050 -0.008480 -0.000012 0.000006 0.000012 -0.000184 -0.550958 0.000060 -0.000065 0.000014 0.000056 -0.000027 0.000032 -0.000036 0.009851 0.000015
-0.000028 -0.008378 0.000013 -0.000016 -0.000010 0.000599 -0.440743 0.000058 -0.000028 0.000051 -0.000022 0.000010 0.000009 -0.000061 0.009858 -0.000017
-0.000007 -0.007814 0.000019 -0.000071 -0.000004 0.000547 -0.193696 -0.000019 -0.000042 0.000077 0.000031 -0.000001 -0.000031 0.000029 0.009795 -0.000023
-0.000008 -0.007816 -0.000011 -0.000022 -0.000004 0.000533 -0.206975 0.000004 0.000008 0.000024 -0.000040 0.000009 0.000034 0.000040 0.009679 0.000003
0.000009 -0.008277 -0.000014 0.000015 0.000000 0.000183 -0.310222 -0.000009 0.000039 0.000020 -0.000057 0.000028 0.000012 0.000002 0.009182 -0.000034
0.000010 -0.008412 -0.000010 0.000017 0.000015 0.000055 -0.325540 0.000040 0.000022 -0.000020 -0.000014 0.000018 0.000058 -0.000027 0.009325 -0.000011
0.000000 -0.008122 -0.000024 -0.000022 0.000012 -0.001270 -0.135867 -0.000007 -0.000003 0.000073 -0.000021 -0.000035 0.000042 0.000009 0.008848 0.000045
-0.000010 -0.008202 -0.000003 0.000008 -0.000008 -0.000519 -0.051359 -0.000016 0.000004 0.000010 0.000060 -0.000019 0.000076 -0.000089 0.009152 0.000018
0.000014 -0.008610 -0.000028 0.000029 -0.000005 -0.001130 -0.115107 0.000025 0.000002 -0.000136 0.000021 0.000027 -0.000003 -0.000024 0.009658 -0.000025
0.000014 -0.009586 -0.000030 -0.000027 -0.000005 -0.001455 -0.115220 -0.000003 0.000010 -0.000010 0.000018 0.000046 -0.000075 0.000023 0.009542 -0.000012
0.000000 -0.009998 0.000009 -0.000050 -0.000001 -0.001208 -0.021868 0.000008 0.000038 -0.000039 0.000002 0.000016 -0.000016 -0.000025 0.008913 0.000024
0.000015 -0.009749 0.000017 -0.000011 0.000013 -0.001501 -0.003714 0.000091 0.000012 -0.000038 -0.000150 0.000005 -0.000001 -0.000027 0.007915 0.000000
0.000003 -0.009187 -0.000023 -0.000001 -0.000008 -0.000958 0.014572 0.000017 -0.000006 -0.000024 -0.000016 -0.000012 0.000041 -0.000023 0.006708 -0.000039
-0.000023 -0.009803 -0.000009 0.000018 0.000005 -0.001257 0.032003 0.000028 -0.000031 -0.000004 0.000001 0.000002 -0.000014 -0.000015 0.006607 -0.000020
0.000013 -0.009794 0.000022 -0.000058 -0.000008 -0.001515 0.025812 -0.000028 0.000018 0.000043 -0.000042 -0.000034 -0.000008 -0.000010 0.006758 -0.000023
0.000008 -0.009296 -0.000012 0.000098 -0.000001 -0.002011 0.085076 0.000097 0.000015 0.000030 -0.000040 -0.000006 -0.000047 -0.000038 0.007610 -0.000009
-0.000011 -0.009823 -0.000021 0.000016 0.000006 -0.001667 0.298490 0.000040 -0.000011 0.000007 0.000128 -0.000014 0.000006 -0.000023 0.008029 -0.000020
0.000013 -0.009303 0.000004 0.000006 0.000011 -0.002079 0.173886 -0.000034 -0.000022 -0.000023 -0.000143 -0.000023 -0.000101 -0.000009 0.009096 0.000076
-0.000026 -0.007858 -0.000009 -0.000017 -0.000004 -0.001367 -0.098480 -0.000036 0.000008 -0.000068 0.000023 -0.000030 -0.000101 -0.000005 0.009655 -0.000033
-0.000012 -0.007092 -0.000004 0.000122 0.000015 -0.000734 -0.570779 0.000007 -0.000012 0.000016 0.000019 0.000021 -0.000025 -0.000004 0.009942 -0.000016
-0.000024 -0.007788 0.000011 -0.000026 0.000005 0.000118 -0.648063 -0.000009 0.000017 0.000035 0.000020 0.000018 0.000033 -0.000002 0.009875 -0.000026
0.000038 -0.006658 -0.000029 0.000002 0.000003 0.000481 -0.434615 0.000084 -0.000003 -0.000010 -0.000027 0.000014 -0.000114 -0.000001 0.009735 -0.000059
-0.000008 -0.005569 0.000004 0.000012 0.000011 0.000612 -0.150140 0.000046 -0.000028 -0.000036 -0.000074 -0.000014 0.000034 -0.000023 0.009130 -0.000002
0.000016 -0.004927 0.000012 0.000004 0.000008 0.000600 -0.013626 0.000013 0.000004 -0.000020 -0.000040 0.000001 -0.000040 0.000010 0.009295 0.000035
0.000000 -0.005059 -0.000010 -0.000037 -0.000010 0.000421 0.037190 -0.000029 0.000022 0.000016 -0.000051 -0.000013 0.000025 -0.000034 0.009962 0.000001
-0.000002 -0.005359 -0.000017 0.000019 0.000004 0.000579 -0.149669 -0.000106 0.000006 -0.000040 0.000021 0.000046 -0.000011 0.000026 0.009621 -0.000020
-0.000010 -0.005280 0.000024 0.000013 -0.000004 0.000597 -0.170601 -0.000134 -0.000004 0.000085 -0.000039 0.000014 -0.000040 -0.000077 0.009722 0.000059
0.000002 -0.005730 0.000001 -0.000037 0.000003 0.000269 -0.309340 0.000134 0.000004 0.000042 -0.000014 -0.000039 0.000000 0.000013 0.009564 -0.000047
0.000037 -0.006946 0.000007 -0.000005 0.000004 -0.000010 -0.296095 0.000007 0.000026 0.000022 -0.000049 -0.000010 0.000033 0.000012 0.009690 -0.000055
-0.000012 -0.008502 0.000015 -0.000071 -0.000001 -0.001285 -0.209906 -0.000121 -0.000066 0.000002 0.000043 0.000013 0.000058 -0.000036 0.009729 0.000013
0.000011 -0.009659 0.000010 0.000015 0.000006 -0.002245 -0.082599 0.000048 -0.000010 0.000034 0.000039 0.000007 -0.000012 0.000012 0.009838 -0.000005
0.000010 -0.009247 -0.000009 -0.000003 -0.000006 -0.002066 0.010807 -0.000113 0.000015 -0.000021 -0.000008 0.000001 0.000003 -0.000043 0.009904 0.000004
-0.000004 -0.009836 -0.000004 -0.000015 0.000010 -0.001892 0.222288 -0.000145 0.000019 -0.000010 0.000128 0.000027 0.000014 0.000018 0.010051 0.000041
0.000033 -0.010130 -0.000007 0.000009 -0.000000 -0.002335 0.276342 0.000045 0.000002 -0.000028 0.000039 -0.000021 -0.000009 -0.000021 0.009888 -0.000003
0.000009 -0.011047 -0.000013 0.000030 -0.000003 -0.001087 0.182574 0.000028 -0.000047 0.000117 0.000042 -0.000019 0.000120 -0.000018 0.009934 -0.000003
-0.000037 -0.010183 0.000008 -0.000021 0.000005 -0.001727 -0.038076 -0.000037 0.000004 -0.000017 -0.000028 0.000056 -0.000016 -0.000016 0.009930 -0.000007
-0.000018 -0.009657 0.000021 0.000040 0.000008 -0.001474 -0.219931 -0.000126 0.000021 -0.000135 0.000016 -0.000031 -0.000017 0.000021 0.009722 0.000033
-0.000004 -0.010112 -0.000011 0.000048 -0.000001 -0.001934 -0.420561 0.000129 -0.000001 0.000008 0.000064 -0.000010 0.000053 0.000012 0.009284 -0.000013
0.000011 -0.010369 -0.000004 -0.000016 0.000004 -0.001117 -0.226715 0.000035 0.000001 -0.000030 0.000048 -0.000002 0.000002 -0.000021 0.009771 -0.000001
0.000009 -0.009476 0.000011 -0.000035 -0.000004 -0.001474 -0.028025 -0.000024 -0.000028 -0.000016 -0.000070 -0.000050 0.000006 -0.000045 0.009756 -0.000005
-0.000052 -0.008623 0.000023 -0.000050 0.000014 -0.001022 0.070637 -0.000010 0.000029 0.000029 -0.000042 0.000005 -0.000015 0.000029 0.009949 0.000008
0.000015 -0.007863 -0.000042 0.000038 0.000002 -0.000781 0.178262 -0.000011 -0.000006 -0.000020 -0.000025 0.000016 -0.000016 -0.000032 0.009789 0.000017
0.000001 -0.007622 -0.000015 0.000019 0.000013 -0.000441 0.063298 0.000040 -0.000004 0.000010 0.000019 -0.000011 0.000014 0.000016 0.009077 0.000001
0.000007 -0.007394 0.000004 -0.000048 0.000015 -0.000145 0.109823 -0.000018 0.000012 0.000032 0.000035 -0.000005 0.000072 -0.000030 0.009233 -0.000014
0.000025 -0.007312 -0.000008 0.000029 0.000007 -0.000092 0.214829 -0.000017 0.000020 0.000029 -0.000071 0.000002 0.000026 0.000001 0.009344 -0.000061
-0.000051 -0.007195 -0.000010 -0.000031 0.000010 -0.000005 0.167763 -0.000002 0.000022 0.000016 0.000018 -0.000040 0.000042 -0.000007 0.009549 -0.000011
-0.000032 -0.007163 -0.000007 0.000026 0.000010 -0.000582 0.054546 -0.000005 0.000077 -0.000037 -0.000016 -0.000008 -0.000006 0.000004 0.010009 -0.000014
-0.000008 -0.008339 0.000009 0.000026 0.000015 -0.001174 -0.016234 -0.000007 -0.000060 -0.000012 0.000078 -0.000004 0.000046 0.000014 0.009873 0.000026
0.000023 -0.008020 0.000005 0.000016 0.000013 -0.002118 -0.175799 -0.000004 0.000017 -0.000023 -0.000012 0.000013 -0.000002 -0.000023 0.009814 -0.000043
0.000023 -0.007929 -0.000053 0.000058 -0.000011 -0.002123 -0.359165 0.000099 0.000034 -0.000033 -0.000073 -0.000028 0.000048 0.000010 0.009601 -0.000010
0.000014 -0.007382 -0.000052 -0.000012 0.000008 -0.001143 -0.455397 0.000043 0.000006 0.000001 -0.000030 0.000006 -0.000076 0.000012 0.009153 0.000020
-0.000005 -0.007870 -0.000036 -0.000014 -0.000009 -0.001147 -0.132172 0.000026 0.000029 0.000028 -0.000039 0.000029 0.000046 0.000035 0.008603 -0.000019
0.000002 -0.007121 -0.000007 -0.000005 -0.000010 -0.000542 0.187100 0.000019 -0.000082 -0.000042 0.000142 0.000020 0.000021 0.000041 0.008435 -0.000024
0.000023 -0.006741 0.000004 0.000006 -0.000001 0.000388 0.473953 0.000063 0.000035 0.000005 -0.000039 0.000065 -0.000010 0.000040 0.007907 -0.000023
-0.000021 -0.006745 -0.000029 0.000022 0.000007 0.000472 0.558083 -0.000013 0.000060 0.000015 0.000039 -0.000016 0.000029 0.000017 0.007927 0.000023
0.000025 -0.006201 -0.000000 0.000017 0.000002 0.000566 0.509378 0.000080 -0.000061 -0.000056 -0.000002 0.000000 0.000037 0.000027 0.008085 0.000042
0.000049 -0.007632 -0.000013 0.000017 0.000002 0.000200 0.279224 0.000064 -0.000002 0.000020 0.000031 -0.000017 -0.000040 0.000024 0.008744 0.000024
-0.000049 -0.007266 -0.000017 0.000072 -0.000011 0.000443 0.064430 -0.000030 0.000000 0.000018 -0.000020 -0.000021 -0.000028 -0.000034 0.009170 0.000011
-0.000048 -0.006805 -0.000019 -0.000015 0.000001 0.000448 0.011079 -0.000011 -0.000000 0.000008 0.000030 -0.000013 -0.000057 -0.000047 0.009783 -0.000000
0.000018 -0.007310 0.000001 0.000016 0.000015 0.000620 -0.063129 -0.000065 -0.000023 -0.000039 -0.000042 -0.000012 -0.000032 -0.000021 0.010219 0.000002
-0.000024 -0.008566 0.000013 0.000021 0.000008 0.000582 0.023775 0.000022 0.000018 0.000015 -0.000021 -0.000013 -0.000031 0.000014 0.010332 -0.000024
-0.000005 -0.010057 -0.000006 -0.000013 -0.000006 0.000564 -0.011282 -0.000054 -0.000034 -0.000035 0.000023 -0.000009 -0.000015 -0.000014 0.009832 -0.000021
0.000010 -0.009752 0.000006 -0.000015 0.000008 0.000588 0.057922 -0.000036 -0.000022 -0.000022 0.000021 -0.000004 0.000007 0.000019 0.009827 -0.000009
0.000021 -0.010081 -0.000003 -0.000020 0.000009 0.000334 0.013583 -0.000050 -0.000027 0.000034 -0.000008 0.000004 -0.000016 0.000008 0.009620 0.000014
-0.000006 -0.009889 -0.000007 0.000015 0.000001 0.000584 -0.185322 0.000012 -0.000002 0.000038 -0.000131 -0.000008 0.000064 -0.000011 0.009148 0.000057
0.000015 -0.009375 -0.000019 0.000013 -0.000003 0.000538 -0.272161 0.000030 0.000017 0.000007 -0.000019 -0.000011 -0.000029 -0.000017 0.009401 -0.000083
-0.000003 -0.008650 0.000046 -0.000031 -0.000007 0.000134 -0.243848 -0.000045 0.000018 0.000012 0.000060 -0.000002 0.000052 -0.000014 0.009131 -0.000059
0.000015 -0.008451 -0.000024 0.000047 0.000015 -0.000445 -0.056134 -0.000011 0.000014 -0.000065 -0.000008 -0.000025 -0.000034 0.000044 0.009399 -0.000015
0.000004 -0.008203 0.000007 -0.000032 -0.000007 -0.000794 0.189577 0.000006 -0.000010 -0.000017 0.000109 -0.000005 -0.000110 0.000016 0.009587 0.000026
-0.000004 -0.007814 0.000033 0.000045 0.000008 -0.001198 0.180711 -0.000038 -0.000022 0.000000 -0.000010 0.000023 0.000023 0.000012 0.009672 0.000005
-0.000050 -0.007398 -0.000008 -0.000027 0.000027 -0.001925 0.147181 0.000028 0.000013 -0.000098 -0.000079 -0.000009 -0.000002 -0.000018 0.009729 0.000027
0.000000 -0.006775 -0.000021 0.000034 0.000005 -0.002230 -0.146864 -0.000020 -0.000024 0.000071 0.000075 0.000006 0.000015 -0.000011 0.009999 0.000014
-0.000015 -0.006472 -0.000011 0.000033 0.000001 -0.002893 -0.243227 0.000014 0.000011 -0.000047 0.000077 -0.000035 -0.000109 -0.000058 0.009769 0.000032
0.000025 -0.006560 0.000019 -0.000012 0.000010 -0.002465 -0.078550 -0.000007 0.000031 -0.000017 0.000077 0.000008 -0.000009 -0.000024 0.009787 0.000011
0.000014 -0.006798 0.000014 -0.000059 -0.000009 -0.001422 0.124948 -0.000020 0.000052 0.000119 0.000079 0.000028 -0.000016 0.000045 0.009845 0.000029
0.000003 -0.007346 -0.000007 -0.000100 0.000000 -0.001673 0.228650 -0.000067 0.000012 0.000044 0.000144 0.000018 0.000033 -0.000021 0.009590 -0.000006
0.000004 -0.007607 -0.000007 0.000015 0.000008 -0.002282 0.363674 0.000030 0.000012 -0.000037 -0.000039 0.000052 -0.000098 0.000033 0.009523 0.000010
-0.000025 -0.008141 0.000009 0.000014 0.000003 -0.001970 0.341745 -0.000015 0.000053 0.000001 -0.000041 -0.000016 -0.000100 -0.000036 0.009543 -0.000018
0.000003 -0.008166 0.000003 -0.000032 -0.000010 -0.002492 0.404300 0.000075 -0.000000 -0.000012 0.000032 0.000001 -0.000024 -0.000045 0.009442 0.000032
-0.000042 -0.008410 -0.000036 0.000002 -0.000008 -0.001266 0.296081 0.000016 -0.000002 -0.000006 -0.000076 0.000046 0.000049 -0.000045 0.009668 -0.000002
0.000001 -0.008058 0.000022 0.000012 0.000003 -0.000521 0.137234 0.000017 -0.000023 0.000031 -0.000017 -0.000011 0.000011 -0.000022 0.009638 -0.000036
-0.000011 -0.009721 0.000032 -0.000042 -0.000007 -0.000942 0.162413 0.000010 0.000052 0.000033 -0.000018 0.000013 0.000047 0.000027 0.009678 -0.000066
-0.000015 -0.010117 0.000012 -0.000055 0.000001 -0.000158 0.035115 0.000015 0.000033 0.000037 -0.000027 -0.000011 -0.000032 0.000029 0.009562 0.000002
0.000010 -0.009438 0.000011 0.000015 0.000001 0.000122 0.019941 -0.000071 -0.000012 -0.000052 0.000047 -0.000009 0.000047 0.000023 0.009683 -0.000033
-0.000009 -0.009621 -0.000009 0.000041 -0.000012 -0.000023 -0.070890 0.000041 -0.000046 0.000071 0.000018 0.000019 0.000000 0.000016 0.009665 -0.000006
-0.000010 -0.009428 -0.000039 0.000006 -0.000006 -0.000883 -0.262981 -0.000009 -0.000035 -0.000016 0.000011 0.000039 -0.000027 -0.000024 0.009339 -0.000029
-0.000032 -0.009550 0.000010 0.000034 -0.000006 -0.001490 -0.403093 0.000044 -0.000028 0.000081 -0.000059 -0.000004 -0.000009 0.000024 0.009394 0.000039
-0.000044 -0.009622 -0.000011 -0.000024 -0.000008 -0.001309 -0.482154 -0.000063 0.000043 0.000018 0.000130 -0.000016 0.000012 -0.000030 0.008933 -0.000054
-0.000024 -0.008769 -0.000013 -0.000005 -0.000008 -0.001017 -0.416139 -0.000127 -0.000012 0.000014 -0.000007 0.000054 -0.000017 0.000036 0.008279 0.000083
0.000006 -0.008401 0.000007 0.000058 -0.000004 -0.000435 -0.249228 -0.000059 0.000012 0.000012 -0.000045 0.000024 0.000030 0.000012 0.008399 -0.000031
0.000009 -0.007735 -0.000052 0.000015 -0.000005 0.000346 -0.239574 0.000003 -0.000064 -0.000022 -0.000096 -0.000009 -0.000000 0.000024 0.008609 -0.000009
0.000002 -0.007421 0.000017 0.000038 0.000010 -0.000470 -0.034169 0.000029 -0.000063 0.000006 -0.000021 0.000006 -0.000015 -0.000012 0.008202 -0.000000
-0.000008 -0.006834 -0.000012 0.000006 0.000002 -0.000030 0.016910 0.000015 -0.000009 -0.000073 -0.000005 0.000018 0.000037 0.000033 0.008892 -0.000006
0.000009 -0.005583 -0.000002 0.000003 -0.000003 -0.000843 0.279056 -0.000003 -0.000037 0.000009 0.000130 -0.000002 -0.000014 0.000012 0.009266 -0.000011
-0.000019 -0.004368 0.000004 0.000015 0.000007 -0.000968 0.184880 0.000051 -0.000022 0.000016 -0.000020 -0.000003 0.000012 0.000016 0.009330 0.000006
-0.000035 -0.005012 -0.000034 0.000031 -0.000015 -0.001322 0.042706 0.000070 -0.000015 0.000009 0.000020 0.000006 0.000031 -0.000013 0.009527 -0.000006
-0.000026 -0.004046 -0.000005 0.000013 0.000008 -0.000355 -0.145607 -0.000008 -0.000023 -0.000042 0.000028 0.000005 0.000026 -0.000025 0.009973 -0.000060
-0.000035 -0.004681 0.000002 0.000002 0.000005 -0.000983 -0.177171 0.000077 0.000017 0.000126 -0.000016 0.000029 -0.000001 -0.000011 0.009946 -0.000014
-0.000002 -0.004925 0.000014 -0.000085 0.000008 -0.001248 -0.012097 -0.000050 0.000018 0.000029 0.000036 0.000013 0.000006 0.000021 0.010032 -0.000022
-0.000005 -0.006283 -0.000054 -0.000026 0.000015 -0.001521 0.118261 -0.000179 -0.000023 0.000048 0.000042 0.000020 0.000013 0.000022 0.010083 -0.000003
-0.000002 -0.007078 0.000008 -0.000014 -0.000002 -0.001973 0.213126 -0.000071 0.000017 0.000077 0.000027 -0.000010 0.000014 0.000046 0.010122 0.000113
0.000003 -0.007532 -0.000011 0.000047 -0.000001 -0.001636 0.275062 0.000103 0.000000 0.000037 -0.000049 0.000003 -0.000024 -0.000008 0.010284 0.000017
0.000007 -0.007650 0.000007 -0.000126 0.000013 -0.001623 0.382716 0.000023 0.000030 0.000016 0.000037 -0.000016 -0.000074 -0.000075 0.009667 0.000007
-0.000017 -0.007593 -0.000007 0.000082 0.000004 -0.000712 0.269994 -0.000025 -0.000067 -0.000024 0.000070 0.000008 -0.000051 0.000012 0.009653 -0.000035
0.000007 -0.007370 0.000027 0.000042 -0.000008 -0.000891 0.102185 -0.000076 0.000012 -0.000054 -0.000041 0.000002 0.000042 -0.000044 0.009167 0.000026
0.000022 -0.007984 0.000008 -0.000047 0.000011 -0.000804 -0.091896 0.000041 0.000002 0.000072 0.000009 0.000006 0.000028 0.000016 0.009064 0.000012
0.000013 -0.009188 0.000013 -0.000022 -0.000013 -0.001682 -0.197493 -0.000114 0.000006 -0.000037 0.000002 0.000010 -0.000062 0.000012 0.009156 -0.000025
-0.000010 -0.009095 -0.000001 -0.000012 -0.000008 -0.001314 0.039138 -0.000029 -0.000034 -0.000061 0.000013 -0.000017 -0.000040 0.000016 0.009334 -0.000006
-0.000005 -0.009179 -0.000007 -0.000068 0.000004 -0.001153 0.178817 0.000160 -0.000065 -0.000005 0.000120 -0.000013 -0.000015 0.000004 0.009476 0.000051
0.000005 -0.008770 -0.000008 -0.000005 -0.000006 -0.000988 0.277580 -0.000147 0.000026 -0.000023 -0.000003 -0.000027 -0.000020 -0.000008 0.009538 -0.000005
0.000014 -0.008523 0.000028 0.000057 0.000030 -0.000079 0.202986 -0.000020 -0.000011 -0.000004 0.000021 0.000013 -0.000004 0.000018 0.009662 0.000006
0.000058 -0.008424 0.000013 0.000041 -0.000011 0.000043 0.055157 0.000024 0.000018 -0.000010 0.000030 0.000014 0.000033 0.000035 0.009761 -0.000012
-0.000019 -0.009080 -0.000008 0.000011 0.000021 -0.000251 -0.171402 0.000062 0.000020 -0.000021 0.000008 -0.000014 0.000015 -0.000025 0.009249 -0.000022
0.000024 -0.007654 -0.000033 0.000030 -0.000011 -0.000596 -0.486475 -0.000004 -0.000016 0.000001 -0.000026 0.000027 -0.000099 -0.000008 0.009393 -0.000001
0.000007 -0.007969 0.000014 0.000056 0.000005 -0.000593 -0.320501 0.000001 -0.000012 -0.000032 0.000052 -0.000012 0.000029 0.000014 0.009702 0.000090
0.000020 -0.008197 -0.000010 0.000017 -0.000004 -0.000274 -0.093710 0.000042 -0.000021 0.000081 0.000033 -0.000002 -0.000016 0.000008 0.009546 0.000000
0.000005 -0.008609 -0.000032 -0.000031 -0.000020 -0.000182 0.311007 -0.000027 -0.000020 -0.000037 0.000061 -0.000016 0.000029 0.000018 0.009556 0.000023
0.000005 -0.009520 -0.000008 0.000020 -0.000003 0.000474 0.642716 0.000007 -0.000013 0.000073 0.000021 -0.000004 -0.000020 -0.000040 0.009532 -0.000032
-0.000006 -0.009097 0.000015 0.000023 0.000015 0.000673 0.715643 -0.000002 0.000014 0.000019 -0.000069 -0.000012 -0.000032 0.000033 0.009793 0.000001
0.000029 -0.008725 0.000007 -0.000029 0.000009 0.000465 0.520184 0.000037 -0.000002 -0.000053 -0.000016 -0.000053 -0.000013 -0.000003 0.009586 0.000033
0.000006 -0.007354 -0.000015 -0.000011 0.000006 0.000599 0.173716 -0.000034 -0.000011 -0.000030 -0.000020 0.000039 -0.000010 0.000002 0.009697 0.000079
-0.000015 -0.005991 -0.000016 -0.000026 -0.000005 0.000515 0.090254 0.000019 0.000055 -0.000023 -0.000028 0.000025 -0.000019 0.000012 0.009638 -0.000009
-0.000008 -0.005201 -0.000008 0.000026 -0.000008 0.000459 0.005039 -0.000008 -0.000021 -0.000058 0.000055 -0.000006 0.000020 -0.000001 0.009500 -0.000020
-0.000006 -0.004485 0.000017 0.000017 -0.000008 0.000583 -0.088524 0.000079 0.000014 0.000021 0.000026 0.000050 -0.000004 0.000036 0.009282 0.000044
-0.000013 -0.004307 0.000050 -0.000005 0.000003 0.000589 -0.107059 -0.000108 -0.000015 -0.000054 0.000054 0.000036 0.000020 -0.000046 0.009063 0.000015
0.000014 -0.004825 -0.000029 0.000021 0.000001 0.000519 -0.012959 -0.000036 -0.000006 0.000144 0.000001 -0.000009 -0.000073 -0.000022 0.008685 0.000027
-0.000053 -0.005776 0.000012 0.000003 -0.000004 0.000503 0.185641 -0.000051 0.000021 -0.000021 -0.000016 0.000039 0.000017 -0.000037 0.008879 -0.000003
0.000009 -0.006780 0.000030 -0.000021 -0.000002 0.000142 0.088559 0.000095 -0.000009 -0.000142 0.000035 -0.000018 -0.000027 -0.000023 0.009477 0.000010
-0.000017 -0.007430 0.000030 0.000005 0.000017 -0.000180 0.024674 -0.000007 -0.000004 0.000073 -0.000094 -0.000032 0.000005 -0.000061 0.008478 -0.000012
-0.000011 -0.008504 -0.000003 0.000014 0.000021 0.000125 -0.126960 -0.000096 0.000007 0.000028 -0.000002 0.000008 -0.000016 0.000024 0.007819 0.000034
-0.000018 -0.008366 0.000018 -0.000061 -0.000013 0.000315 -0.215009 -0.000030 -0.000038 0.000119 -0.000085 -0.000004 -0.000042 0.000040 0.008116 -0.000033
-0.000007 -0.008716 0.000034 0.000014 -0.000003 0.000602 -0.158868 0.000084 0.000012 -0.000026 0.000019 -0.000005 0.000009 -0.000002 0.007917 -0.000070
-0.000009 -0.008703 -0.000017 -0.000049 0.000003 0.000358 -0.132345 -0.000179 -0.000009 0.000030 -0.000028 -0.000004 0.000011 -0.000014 0.008380 -0.000029
-0.000020 -0.008741 -0.000004 -0.000054 0.000018 -0.000491 -0.209078 -0.000050 0.000009 0.000001 0.000004 -0.000032 0.000015 -0.000012 0.008817 0.000004
-0.000004 -0.007698 -0.000014 -0.000041 -0.000002 -0.001631 -0.227786 -0.000035 0.000012 -0.000023 0.000057 -0.000017 -0.000016 -0.000023 0.009398 -0.000024
0.000010 -0.007930 -0.000013 -0.000119 0.000027 -0.001338 -0.116163 -0.000043 0.000007 -0.000051 0.000057 -0.000014 0.000024 -0.000046 0.009707 -0.000004
-0.000006 -0.007344 -0.000016 0.000028 -0.000006 -0.002274 -0.025389 -0.000008 0.000047 -0.000039 -0.000087 -0.000024 -0.000019 -0.000033 0.010066 -0.000016
-0.000037 -0.007896 0.000020 -0.000001 0.000006 -0.003685 0.118501 -0.000055 -0.000040 -0.000029 -0.000042 -0.000007 -0.000022 0.000085 0.009805 -0.000003
-0.000002 -0.008362 -0.000016 -0.000016 0.000005 -0.004548 0.193123 -0.000032 -0.000036 0.000040 -0.000035 -0.000033 0.000063 0.000010 0.009890 -0.000022
0.000015 -0.008474 -0.000008 -0.000018 0.000009 -0.004498 0.041368 -0.000001 0.000003 0.000035 0.000010 -0.000005 0.000019 0.000005 0.009515 0.000004
-0.000051 -0.009982 0.000008 -0.000011 0.000003 -0.003284 0.002513 0.000044 0.000004 0.000008 -0.000040 -0.000013 0.000009 0.000002 0.009773 0.000009
0.000003 -0.009599 0.000021 0.000040 0.000001 -0.000998 -0.032742 0.000043 -0.000032 0.000007 0.000004 0.000005 0.000023 0.000004 0.009716 0.000013
0.000015 -0.009597 -0.000006 0.000056 -0.000000 0.000141 -0.024047 0.000037 0.000023 0.000088 -0.000019 -0.000006 -0.000005 -0.000025 0.009793 -0.000011
-0.000028 -0.008568 -0.000012 0.000003 -0.000016 0.000456 -0.074008 0.000018 0.000001 -0.000025 0.000008 -0.000026 -0.000027 0.000030 0.009640 0.000001
-0.000002 -0.007724 0.000011 0.000015 -0.000011 0.000434 -0.058303 0.000070 0.000031 -0.000045 -0.000067 0.000008 0.000038 -0.000010 0.009742 0.000024
0.000005 -0.007203 -0.000011 0.000013 0.000006 0.000402 -0.084650 -0.000011 0.000020 0.000014 0.000147 0.000013 -0.000006 -0.000024 0.009801 -0.000031
-0.000023 -0.007330 0.000013 -0.000101 0.000007 -0.000012 -0.048622 0.000031 -0.000011 0.000041 -0.000133 0.000017 -0.000014 -0.000030 0.009662 0.000021
-0.000014 -0.007137 0.000009 -0.000003 0.000001 0.000012 0.007904 0.000094 0.000024 0.000066 0.000021 -0.000006 0.000038 0.000009 0.009662 0.000018
0.000001 -0.006479 0.000014 0.000047 -0.000004 -0.000246 -0.030888 0.000010 -0.000039 -0.000076 0.000004 -0.000006 -0.000046 0.000023 0.009788 0.000017
0.000002 -0.005821 0.000006 0.000018 0.000016 -0.000386 -0.127122 -0.000006 -0.000026 -0.000086 0.000025 -0.000020 -0.000030 -0.000010 0.009777 -0.000023
0.000022 -0.005713 -0.000012 0.000007 -0.000010 -0.001065 -0.192976 -0.000031 -0.000058 -0.000008 0.000027 -0.000008 -0.000031 -0.000004 0.009874 0.000033
0.000034 -0.005442 0.000010 0.000059 0.000008 -0.000988 -0.265874 0.000101 -0.000031 0.000018 0.000012 -0.000016 -0.000017 -0.000015 0.010105 0.000016
0.000013 -0.005626 0.000009 0.000011 -0.000004 -0.000947 -0.116269 0.000099 -0.000051 -0.000006 -0.000023 -0.000002 0.000002 0.000015 0.009972 0.000001
0.000051 -0.006264 0.000033 0.000068 0.000005 -0.000941 -0.128786 0.000065 0.000043 0.000047 0.000041 -0.000019 0.000050 -0.000020 0.009914 0.000040
0.000028 -0.005739 -0.000007 -0.000031 -0.000017 0.000012 0.058432 0.000050 0.000016 0.000035 -0.000063 -0.000002 -0.000057 -0.000012 0.009604 0.000025
0.000008 -0.005640 0.000003 -0.000047 0.000009 0.000617 0.113267 0.000026 0.000037 0.000011 -0.000028 0.000009 -0.000058 0.000078 0.009357 -0.000035
-0.000001 -0.005272 -0.000008 0.000049 0.000026 0.000478 0.162495 0.000097 -0.000044 0.000002 -0.000005 -0.000007 -0.000030 -0.000014 0.009390 0.000034
0.000020 -0.006461 -0.000003 0.000060 0.000006 0.000298 0.174239 0.000107 0.000008 0.000034 0.000020 -0.000005 0.000013 0.000014 0.009042 -0.000020
0.000011 -0.005632 0.000008 0.000030 -0.000014 0.000431 0.107047 0.000053 0.000005 -0.000010 0.000133 -0.000014 -0.000067 0.000013 0.008969 -0.000036
0.000004 -0.006199 0.000014 0.000033 0.000001 0.000607 0.052445 0.000044 0.000017 0.000021 0.000026 -0.000014 -0.000074 0.000081 0.009596 -0.000024
-0.000004 -0.006599 -0.000003 0.000027 -0.000015 0.000522 0.107120 -0.000002 0.000027 -0.000007 0.000145 0.000012 -0.000026 -0.000047 0.009551 -0.000015
-0.000002 -0.007619 0.000038 0.000027 -0.000005 0.000218 0.017105 -0.000019 -0.000026 -0.000082 0.000101 -0.000023 0.000050 0.000005 0.009502 0.000009
-0.000007 -0.009006 0.000003 -0.000012 0.000008 -0.000418 -0.110697 0.000020 0.000025 0.000076 0.000048 -0.000020 0.000012 0.000024 0.009658 -0.000005
0.000008 -0.009271 0.000021 0.000032 0.000010 -0.001196 -0.087920 -0.000044 -0.000034 -0.000013 -0.000041 -0.000014 -0.000042 -0.000012 0.009065 -0.000006
0.000035 -0.010718 -0.000008 0.000062 -0.000004 -0.002113 0.232713 -0.000002 0.000008 0.000029 0.000076 0.000035 0.000047 0.000016 0.009348 0.000010
0.000049 -0.010651 -0.000003 0.000032 0.000006 -0.002246 0.461764 -0.000000 -0.000006 -0.000024 -0.000019 -0.000006 -0.000027 0.000001 0.009440 0.000008
0.000012 -0.010758 -0.000020 -0.000005 -0.000012 -0.002367 0.699006 -0.000032 -0.000002 -0.000045 0.000069 0.000021 0.000022 0.000034 0.009613 0.000012
0.000008 -0.011008 0.000005 -0.000005 0.000010 -0.001370 0.430030 0.000016 0.000001 -0.000025 -0.000010 0.000009 -0.000006 0.000004 0.009105 -0.000004
0.000011 -0.009478 -0.000002 0.000007 0.000018 -0.001527 0.422707 -0.000127 0.000039 0.000057 -0.000019 -0.000011 0.000006 -0.000033 0.008477 -0.000015
0.000010 -0.007992 -0.000008 -0.000060 0.000004 -0.002042 0.313059 -0.000049 0.000002 -0.000012 0.000069 0.000002 -0.000057 -0.000035 0.007977 -0.000025
-0.000003 -0.007359 -0.000014 -0.000048 0.000012 -0.002310 0.427442 -0.000066 -0.000021 0.000035 0.000021 -0.000009 -0.000015 0.000024 0.008129 -0.000005
-0.000063 -0.006963 -0.000022 0.000083 0.000002 -0.002432 0.521857 0.000050 0.000041 0.000008 -0.000033 0.000002 -0.000018 -0.000020 0.007580 -0.000005
