-0.505279 -0.906535 0.879993 0.000007 -0.000077 0.261286 0.000017 0.974832 0.000679 0.754782 -0.256254 -1.013216 0.453682 -0.204421 0.436168 0.000016 -0.000029 -0.000080 -0.509810 0.000221 0.000011 -1.074280 -0.001023 -0.921732 -0.000046
-0.078050 0.823893 -0.367736 0.000037 -0.000069 -0.179998 -0.000005 -0.341343 -0.004618 -0.161566 0.773793 0.837454 -0.183956 0.411916 -0.606670 -0.000341 0.000021 -0.002832 0.369072 0.000068 0.000008 0.918050 0.007331 1.174701 -0.000019
0.463662 0.066313 -0.296302 0.000057 0.000198 -0.083843 -0.000002 -0.076803 -0.002473 0.033829 -0.883445 -0.132709 -0.008688 0.089850 0.189952 0.000008 -0.000068 -0.000039 0.125082 0.000091 -0.000016 0.206605 0.018154 0.103570 -0.000023
-0.352787 -0.598453 0.502465 -0.000357 0.000115 0.130263 0.000001 0.789124 -0.000160 0.232871 0.320114 -0.895980 0.405005 -0.163215 0.354491 0.000062 -0.000066 -0.000109 -0.223242 -0.000092 0.000028 -0.547807 -0.000941 -0.602177 -0.000008
-0.442440 -0.357420 0.173676 -0.000001 -0.000090 0.379165 0.000025 0.362514 0.046185 0.655586 -0.012046 -0.726406 0.436320 -0.314373 0.268523 0.000022 0.000045 0.017119 -0.069371 -0.000122 -0.000031 -0.369991 -0.005308 -0.027118 -0.000017
0.607577 0.834219 -0.455336 0.000029 -0.000031 -0.173359 0.000006 -0.406202 0.007269 -0.378314 -0.318812 0.851549 -0.463586 0.116256 -0.083998 -0.000138 -0.000020 -0.000080 0.605985 0.000027 0.000044 0.754653 -0.002057 0.576287 0.000022
0.396844 0.163884 0.101860 -0.000176 0.000192 -0.285256 -0.000017 -0.156095 -0.048420 -0.203507 0.044636 0.125509 -0.151706 0.368602 0.101917 0.000076 0.000045 -0.043745 -0.081475 -0.000113 -0.000014 0.250762 0.034537 -0.039102 0.000010
-0.634230 -1.067101 0.883871 0.000118 -0.000053 0.626728 -0.000003 0.824409 0.065576 0.719290 -0.066258 -0.672635 0.519895 -0.524858 0.671062 -0.000073 -0.000019 0.034468 -0.756815 -0.000082 0.000029 -1.148397 -0.013057 -1.146069 0.000043
0.374355 0.710911 -0.150048 0.000155 0.000045 -0.122516 0.000019 -0.439863 0.021322 -0.073549 0.385252 0.791959 -0.268601 0.319385 -0.114061 0.000028 0.000021 -0.000071 0.563490 -0.000046 -0.000012 0.773882 -0.004228 0.462505 0.000016
0.206340 -0.058756 0.138086 0.000304 -0.000070 0.019089 0.000002 0.413445 -0.000257 0.272328 0.011753 0.037706 0.366653 -0.028505 0.080183 -0.000031 -0.000044 -0.000090 -0.172833 0.000123 -0.000097 -0.313914 0.004922 -0.152833 -0.000013
-0.048493 0.156761 0.130904 -0.000176 -0.000009 -0.029815 0.000007 -0.235217 -0.006992 -0.173482 -0.089083 0.470873 0.211235 0.146077 -0.161544 -0.000013 0.000023 -0.000084 0.199368 -0.000272 -0.000019 0.307191 0.015430 0.155961 -0.000008
