0.000000
0.094034
0.082596
0.031519
0.098522
0.104273
0.000174
-0.008745
0.083182
0.000000
0.070982
-0.022923
-0.026687
-0.013496
-0.031534
-0.016863
0.007811
0.072301
0.087587
0.000000
0.051246
0.080231
0.046603
0.000000
0.000000
-0.027107
0.059454
-0.023395
-0.017967
0.073378
0.075781
0.041931
0.069824
0.083756
-0.030790
-0.024786
-0.035973
0.052125
0.103101
-0.003574
0.093264
0.086245
-0.008487
0.026949
0.004837
-0.043504
0.012603
0.057632
-0.016427
0.022874
0.071136
-0.023933
-0.017103
0.060603
0.056615
-0.108173
0.082680
0.069358
-0.018813
-0.016453
