-0.004893
-0.014343
-0.001240
0.000941
-0.006589
-0.006326
-0.007316
0.266638
-0.015961
-0.003939
-0.001092
-0.018056
0.000497
-0.000180
0.179983
0.124418
0.155290
-0.001787
-0.000115
0.164617
-0.035281
-0.000708
-0.008690
-0.002657
0.178378
-0.006060
-0.001060
-0.009977
-0.006536
-0.009133
0.153120
-0.003225
-0.018522
0.097168
-0.015363
-0.000528
-0.001311
-0.007200
-0.013700
-0.009910
-0.000636
-0.001329
-0.000495
-0.002010
-0.009157
-0.006307
-0.029074
-0.002379
-0.001828
-0.006078
-0.004018
-0.013330
-0.001373
0.187547
-0.002206
-0.024259
-0.001515
-0.009614
0.000378
-0.005116
-0.000107
-0.005588
0.000189
-0.001759
-0.002162
-0.001710
-0.001522
-0.002867
-0.004166
