-0.005295
0.016629
0.001455
-0.000141
0.001971
-0.000616
-0.000422
9.079823
4.965765
-0.360695
0.008140
0.001900
0.002550
-0.024782
-0.010336
-0.003544
0.002311
0.009411
0.001255
0.004628
-0.012893
-0.000439
-0.005557
-0.308638
6.006464
0.000464
-0.012162
-0.000003
-0.004346
0.006667
0.013818
-0.000285
0.001042
0.000990
0.009698
2.650741
0.018883
-0.021073
6.448277
1.983094
0.001974
2.742944
-0.002582
2.776775
0.015374
2.153981
-0.004673
0.013907
0.002644
-0.009363
-0.004010
0.000021
-0.504208
7.751031
-0.000916
0.009874
-0.024219
8.172027
0.000600
-0.000853
0.008187
-0.002427
0.007104
-0.000242
-0.005521
0.026075
-0.403568
-0.000148
-0.000128
7.907728
0.021886
-0.000562
0.032573
0.001916
-0.003514
0.007693
-0.011013
-0.000254
0.003022
-0.001837
0.003732
0.000154
0.010749
-0.004520
-0.002438
-0.000276
-0.010615
0.000351
0.000319
0.018906
-0.009214
-0.000536
0.001659
-0.000089
0.000274
0.000120
8.213058
-0.003410
-0.020534
0.000040
-0.004091
0.910389
4.515380
-0.030752
0.016522
-0.001110
-0.001510
-0.021706
0.019085
0.001825
5.793753
0.010909
0.000862
0.003101
-0.009832
0.004997
0.000260
-0.002751
0.010364
-0.003807
-0.000253
1.640610
0.012073
-0.000013
0.927723
-0.002581
0.005472
-0.027736
-0.016149
-0.000280
-0.006758
-0.009206
4.203420
-0.013824
3.163027
0.002130
0.029362
0.000380
