-0.223675
-0.001336
-0.048071
0.099330
-0.001088
0.341311
0.418413
-0.002743
0.149677
-0.003278
-0.000830
-0.000055
-0.000844
0.340318
-0.121838
-0.304809
-0.479019
0.349626
-0.006672
-0.215171
-0.116724
-0.000033
-0.000933
-0.000741
-0.286448
-0.003333
-0.002033
-0.541389
-0.001897
-0.003784
-0.004150
-0.001806
-0.322148
-0.006842
-0.000222
-0.018308
0.001007
0.103209
-0.000488
-0.001158
-0.052228
-0.026750
0.000205
-0.008698
0.281251
-0.002443
-0.015198
-0.002642
-0.001070
-0.000754
-0.002124
0.106353
0.243921
-0.042482
0.127569
0.462958
-0.000451
-0.000532
-0.001222
0.222043
0.144171
-0.002518
-0.002334
-0.001109
-0.004099
0.291999
-0.169780
-0.010028
-0.013904
-0.002732
-0.001562
-0.003021
-0.198079
-0.013517
-0.011033
-0.125571
-0.007149
0.377249
-0.617188
-0.007974
-0.041401
0.239782
-0.000718
0.234264
-0.007173
-0.005930
-0.455023
-0.001639
-0.116989
-0.360071
-0.177179
-0.035136
-0.005608
-0.003413
-0.023939
-0.000821
-0.009912
-0.020232
-0.020152
-0.001753
-0.000573
0.215913
-0.012285
-0.341706
-0.127411
-0.000357
-0.000635
-0.441067
0.250031
0.307125
-0.001731
-0.000953
0.415660
-0.229959
-0.001359
-0.001696
-0.002547
-0.001213
-0.006009
-0.281783
0.001648
-0.000860
-0.001356
-0.000750
-0.268769
-0.015896
-0.000164
-0.000777
-0.001671
-0.281400
-0.022401
-0.192337
