-5.164927
-0.004481
-7.447723
3.584161
-0.013929
5.928256
1.147587
0.000232
-6.199524
0.000946
0.001901
-0.000025
0.007491
4.874568
-4.707264
-6.640914
-6.707703
6.405897
-0.007290
-5.269562
-6.287933
-0.000944
-0.005714
0.000143
-6.931922
-0.002845
0.000331
-6.636662
-0.014448
0.028467
-0.003999
0.009755
-6.328839
0.007465
-0.000018
-0.025780
0.000443
-5.754425
0.001290
-0.003503
-5.132547
-6.481779
-0.001759
-0.000357
5.920228
-0.001731
0.006019
0.002813
0.000171
0.000181
-0.010313
4.186872
6.003285
-5.489563
6.203113
4.340904
0.000230
-0.000321
0.000307
-8.705691
2.061006
-0.008838
-0.001368
-0.000671
-0.002780
3.464055
-6.765813
0.022190
0.040033
0.000267
-0.025288
0.004945
-5.959738
0.010366
-0.012641
-6.202359
-0.018560
5.454669
-8.151223
-0.010815
-7.400033
6.116688
-0.013406
5.687724
0.013852
0.004812
-6.820021
-0.001516
-5.429797
-6.840231
-5.089035
0.036307
0.016248
-0.007176
0.005959
0.020731
0.017169
0.001583
0.035435
-0.001159
0.020738
0.819089
0.005838
-6.942095
-4.724239
0.000017
0.005884
-7.464666
6.050979
5.550896
-0.003637
-0.000589
6.213345
-8.657964
0.016425
-0.000113
0.007519
0.000744
0.016274
-8.269092
-5.992442
-0.003398
-0.001656
-0.000187
-7.194525
-4.569181
0.000073
0.000401
0.000763
-6.010763
-0.022398
-3.921330
