-0.025297
-0.002038
-0.945521
-0.001345
-0.009978
0.576395
-0.024498
-0.062455
-0.009804
-0.015311
-0.007463
-0.029368
0.962935
-0.002048
-0.008034
-0.004819
-0.005434
-0.002756
-0.000595
-0.014659
-0.008477
-0.001209
-0.002253
-0.002673
-0.011030
0.000880
0.347441
-0.001780
-0.038002
-0.001085
-0.583859
-0.000039
-0.069244
-0.001714
-0.002481
-0.003915
-1.334553
-0.003260
-1.262320
-0.005150
0.475885
-0.006661
-0.001632
-0.002004
0.027408
0.703319
0.236445
-0.001651
-0.017750
-0.004691
-0.000539
-0.000917
-0.024484
-0.721150
-0.073259
-0.001895
-0.004633
-0.012871
-0.000934
-0.003233
0.000385
-1.292441
-0.002778
-0.005267
-0.007061
-0.013943
-0.000894
-0.000955
1.247976
-0.001527
-0.002105
-0.281110
-0.000971
-0.020233
-0.007556
-0.005028
-0.003944
-0.002412
-0.003806
-0.001538
-0.001599
0.001995
0.265826
-0.005992
-0.000586
-0.000289
0.369420
-0.425755
1.400791
-0.006237
-0.000827
-0.010533
-0.032544
-0.002478
-0.005398
-0.000845
-0.000856
-0.005634
-0.008118
0.590443
