0.006193
0.006542
-1.200160
0.003315
0.026166
5.708296
0.031419
4.459040
0.018686
0.011421
-0.002921
-0.027880
-2.027524
0.005422
-0.001795
-0.029145
0.035347
-0.000113
-0.003029
-0.010023
-0.012457
0.018063
-0.008806
0.000250
0.021698
0.000328
0.276658
-0.008856
-0.013007
-0.000941
3.515786
-0.004022
5.197798
-0.012028
0.031282
0.006139
-1.677737
-0.014191
-1.964318
0.009432
-2.358183
-0.002080
0.001350
0.026315
-0.025144
-2.389096
-1.424391
-0.013146
-0.042656
0.001721
0.000182
-0.012567
-0.000135
-1.380859
4.924320
-0.000053
0.022900
0.000392
0.009984
0.003126
-0.000312
-1.939540
-0.000133
0.006641
-0.005570
-0.004153
-0.003723
-0.000398
-3.477652
-0.003749
-0.010601
6.477085
0.024674
0.006209
0.022517
0.002360
0.005214
0.019010
0.008676
0.000310
0.004066
0.002479
-3.060205
0.022119
0.000103
-0.000014
5.121644
2.609230
-3.486744
0.017409
0.002926
0.019872
0.033195
-0.000732
0.006880
-0.005950
-0.004963
-0.007611
-0.031973
5.499921
