-0.000468
-2.525077
-2.974102
-0.000334
0.018657
-0.000514
0.000067
-0.021455
0.000884
0.012470
-3.287656
5.873076
-3.902427
5.448021
4.182925
4.746288
-0.000457
5.076637
-2.120640
-0.010845
3.856976
0.005618
2.243981
0.027058
4.365518
0.006834
-0.015868
-2.495174
0.020026
0.000268
-3.430005
0.001799
3.796238
-2.892781
0.010155
0.037273
0.019016
-0.000629
-2.538489
3.031914
3.003656
5.169513
-0.011479
-3.185261
-0.015589
-2.499270
3.171357
0.000219
3.955080
6.023403
0.001774
-2.869919
0.018822
0.023147
-0.000574
-2.583576
-0.027166
0.000437
4.731208
5.892960
-0.004248
4.600744
0.000448
0.020186
0.000531
0.044333
-0.002816
-0.001908
2.771930
0.001648
2.701648
-0.019985
0.005351
-0.001314
0.030948
-0.002642
0.023896
-2.615438
2.703394
3.817524
-0.002044
-0.014097
0.010525
-2.362157
0.004965
-0.000114
5.372271
-0.011804
-0.015101
-0.001819
-3.030093
-0.000313
0.000153
0.032913
0.000122
0.012935
4.115283
5.710548
-2.772532
-0.024132
-2.998963
0.000984
0.000674
0.000352
3.830907
-0.001085
0.014398
0.018810
0.000392
0.005673
0.000352
0.005723
