6.352625
-0.000020
-0.000507
0.017829
0.001052
-0.009767
0.001299
-0.007341
-0.523246
0.001796
0.002658
0.005800
-0.001719
-0.005036
0.000564
0.011406
0.000006
0.000418
-0.000025
-0.001333
0.003506
-0.010157
-0.000195
-0.010213
-0.004245
-0.002317
-0.000047
-0.000028
6.758557
-0.000703
0.001054
0.025733
0.000068
0.000443
-0.000152
-0.028884
0.002616
-0.000045
7.600935
-0.019217
-0.012960
0.014195
-0.000030
0.008836
-0.000979
-0.002913
-0.000328
-0.015780
0.000963
3.882492
-0.000394
-0.000228
0.000018
-0.001113
7.589859
0.003955
0.000212
0.010806
-0.002431
0.018803
-0.002026
-0.000024
0.000367
0.005955
-0.000127
0.001334
-0.018689
0.000613
0.319034
-0.000408
0.000040
0.000121
0.000381
-0.002838
-0.006162
-0.017359
0.002583
0.001790
0.013475
-0.016472
-0.000225
-0.000159
-0.002940
-0.000473
-0.000251
-0.000298
9.304753
0.023136
-0.002892
-0.001516
-0.001755
0.000329
0.000046
-0.010089
-0.004868
0.000251
-0.002466
-0.000082
0.000058
0.000020
-0.009789
0.000003
-0.000170
0.016527
-0.000640
-0.013600
-0.001578
0.000111
-0.005980
7.515239
-0.000090
-0.001091
5.383633
0.005289
-0.000003
-0.000127
-0.000266
-0.000189
0.011560
0.000410
0.000161
-0.000005
0.013449
-0.000261
-0.001101
-0.000115
-0.000272
-0.013111
-0.000239
-0.011608
0.000164
-0.010931
0.003009
-0.001751
-0.001270
0.006037
0.000156
0.015876
-0.000005
-0.321659
0.000008
-0.000099
-0.000014
-0.000426
0.008714
-0.004792
-0.000165
0.010312
-0.000617
-0.020018
-0.000063
0.009315
-0.000128
6.966589
0.000381
-0.000174
3.695557
0.000032
-0.003605
-0.000847
-0.003223
0.027751
0.025774
-0.000442
0.002364
-0.000051
-0.000190
0.011029
-0.000241
0.018802
-0.002526
-0.508035
-0.002338
0.006033
-0.010246
-0.000175
0.000505
0.004081
0.000194
-0.001076
0.001263
0.000037
-0.002277
0.000162
0.000010
0.002141
0.000038
0.000338
-0.000060
