-0.000415
-0.006900
-0.007995
-1.494960
-0.005535
0.529654
-0.010416
-0.036437
-0.010867
-0.005726
-0.015334
-0.002498
0.479709
-0.009429
-0.001527
-0.001979
-0.009824
-0.007372
-0.099891
-0.001819
-0.001647
-0.000214
-0.001227
-0.001548
-0.003038
-0.001020
-0.004109
-0.000404
0.120852
-0.000765
-0.003040
-0.012768
-0.002763
-0.001835
-0.027274
-0.740341
-0.015637
-1.112133
-0.015489
-0.000646
-0.005206
-0.001705
0.011713
-0.007956
0.542697
-0.321270
-0.000506
-0.002315
-0.002100
-0.003028
-1.777324
-0.000920
-0.002327
0.001295
-0.237619
0.002025
-0.017279
0.352128
-0.002986
-0.007934
-0.334269
-0.005366
-0.005946
-0.007811
-0.006190
0.329770
-0.006010
-0.008229
-0.012112
-0.012013
-0.015594
0.411754
-0.002474
-0.002153
-0.030663
-0.012757
0.470748
0.000743
-0.000961
-0.002392
-0.011036
0.021757
-0.001505
-0.001072
0.001920
-0.002769
-0.001149
-0.004262
-0.010249
-0.000848
-0.024412
-0.020268
-0.012960
-0.000001
-0.004069
-0.036221
-0.002921
-0.000902
-0.002907
1.213521
-0.004064
-0.004216
-0.008379
-0.011840
-0.002222
-0.004901
-0.001866
-0.001190
0.002775
-0.024822
-0.011945
0.007876
-0.008509
-0.001005
-0.009744
-0.001523
-0.007533
-0.001365
-0.000983
-0.002480
0.974454
-0.014501
-0.012266
-0.002515
-0.004993
1.302984
-0.013798
-0.001626
-0.003120
-0.015922
-0.015254
-0.001978
-0.005134
-0.014900
-0.006713
-0.006802
0.007969
-0.013637
0.053478
-0.000254
-0.001204
-0.008043
-0.006106
-0.001926
-0.003702
-0.002614
-0.019382
-0.002057
-0.003246
-0.000426
-0.000616
0.000983
-0.002192
0.815606
-0.010062
-0.001153
-0.004544
-0.009172
-0.003936
-0.011281
-0.001907
-0.003130
-0.002274
-0.002056
0.001011
-0.042314
-0.004428
-0.001717
-0.000350
-0.003999
-0.230666
-0.006117
-0.007257
-0.002546
0.001843
-0.003216
-0.014407
-0.003227
-0.006167
-0.001861
-0.002070
0.000455
-0.019496
-0.045166
0.540718
-0.008136
-0.002160
-0.001734
-0.010955
-0.002315
-0.000413
0.056359
