-0.000030
0.001289
0.026551
-2.161713
0.013140
-3.660348
0.003593
-0.025048
-0.025853
-0.000524
0.006674
0.032146
-2.832503
0.001199
0.000753
0.024936
-0.015880
-0.003295
-1.457330
-0.013301
0.011492
-0.000015
0.002174
-0.000470
-0.017578
0.019082
-0.028558
0.000040
5.551061
-0.000064
-0.023316
0.041558
0.019736
-0.005675
0.013248
2.401982
0.003916
-1.791451
-0.022874
0.000381
0.013285
-0.001792
0.047102
-0.022609
-2.091900
6.432208
-0.000423
0.006724
-0.007596
0.008209
-2.270150
0.000406
-0.010199
-0.001409
-0.786707
0.000190
0.002348
-2.659852
0.013340
0.001772
4.035112
-0.004751
-0.029368
-0.012921
0.019931
0.429522
0.002499
0.020618
-0.042079
0.034586
-0.024445
5.367960
-0.012070
0.021787
0.026195
0.003208
6.202697
-0.000226
-0.000323
0.017433
-0.023710
4.809459
-0.003211
-0.017445
0.000161
0.004409
-0.000151
0.005500
-0.018741
0.000802
-0.014319
-0.036532
0.003119
-0.000108
-0.008565
0.022220
-0.023476
0.011730
0.015577
-2.288989
0.005168
-0.018682
-0.011267
0.009188
0.004875
-0.016288
-0.004044
-0.001193
0.000178
-0.016206
0.003234
0.007764
0.013409
-0.015405
0.005027
-0.008079
0.002211
-0.000793
0.005256
0.010443
5.449704
-0.000799
-0.015563
-0.011095
0.042917
-3.316593
-0.026296
0.009733
-0.003131
0.022783
-0.013149
-0.008332
0.003687
-0.021133
-0.014482
-0.005070
-0.001311
0.009225
4.215851
0.000013
0.000670
-0.001707
0.040179
0.006974
0.000717
0.000302
-0.008966
0.004033
0.003859
0.000503
-0.005552
-0.000127
-0.000344
-2.867497
-0.018316
-0.002542
-0.014462
-0.000183
0.011926
-0.028647
0.001164
-0.002348
-0.030230
-0.004605
0.000111
4.612518
0.023556
-0.011155
0.000109
-0.011285
3.241937
-0.014461
0.000993
0.001422
-0.000157
-0.022205
-0.015809
-0.016577
0.021712
0.003562
0.024995
-0.000068
0.007205
3.710259
-2.680436
0.017543
-0.004106
0.014843
-0.000704
0.000042
-0.000230
6.161356
