-0.002353
-0.001027
-0.005754
-0.002128
0.000278
-0.011667
-0.000907
0.334963
-0.000917
0.001416
0.002178
-0.271399
-0.238121
-0.003541
0.278623
0.427153
-0.011128
-0.001237
-0.003021
0.286685
-0.213020
-0.386413
-0.001911
-0.001376
-0.006574
0.346062
-0.001697
-0.001235
0.402468
-0.359238
-0.001289
0.269347
-0.171226
-0.000592
-0.109838
-0.017965
-0.004606
-0.020233
-0.039094
0.350589
-0.654042
0.262251
-0.477648
-0.002556
0.445301
-0.145769
-0.000855
-0.003246
-0.190698
-0.237791
0.000120
-0.000953
0.272006
0.001433
-0.407539
-0.000762
-0.004107
-0.459225
0.436656
-0.567739
-0.366568
0.000930
-0.292203
-0.001605
-0.442818
0.003841
-0.390276
0.314229
-0.001354
-0.067898
-0.379402
-0.001725
0.374477
0.272588
-0.001124
-0.000015
-0.162375
-0.338426
-0.000865
-0.591310
-0.001228
-0.005048
-0.188810
-0.001790
-0.167563
-0.305016
-0.321044
-0.001145
0.115082
-0.025160
-0.405047
0.004347
-0.423451
-0.000649
-0.003399
-0.314761
-0.753575
-0.386826
0.334524
0.360515
