-0.075452
-0.006808
-0.003141
-0.008347
-0.006083
-0.005871
-0.011754
-0.000755
-0.014831
-0.026732
-0.063121
0.000614
-0.000896
-0.072828
-0.001662
-0.048452
-0.000078
-0.001335
-0.001343
-0.000052
-0.008166
-0.000815
-0.023817
-0.002140
0.020640
-0.007894
-0.003936
-0.063832
-0.017320
-0.001959
-0.071694
-0.003070
-0.068693
-0.065011
-0.004928
-0.001271
-0.032814
-0.006511
-0.010398
-0.005614
-0.000432
-0.020072
-0.071872
-0.076706
-0.000758
-0.000436
0.154251
-0.005344
0.144060
-0.000308
-0.031423
-0.003654
-0.004964
