3.432366
-6.765426
-0.006492
-7.196887
-0.021995
0.002856
0.002654
1.032072
-0.004713
7.596999
0.014458
-7.076525
-7.332094
0.005766
-7.267593
0.022624
-0.021539
-0.009321
4.359867
0.018475
-0.029259
-6.610732
-7.379058
-0.015146
-7.398899
0.834874
-8.402402
4.661900
5.258640
-7.753749
-6.836619
6.008691
-0.026244
-7.254300
0.004466
-6.976291
-0.024159
5.652792
-7.352942
0.001586
1.223640
-7.450200
-5.401543
-8.058665
-6.954134
0.038472
6.386138
4.541816
-0.009601
5.475904
-0.011674
-0.004076
2.780419
-0.014190
0.034083
-6.181738
5.761185
-7.762798
0.014222
-7.585874
-5.993968
-5.876758
4.773755
-6.189640
0.003690
-7.488310
0.021897
-7.330815
0.031714
-7.204381
-0.010470
5.108628
0.001859
-0.028954
2.114698
-8.742412
-7.900585
0.001936
-0.000265
0.000891
-6.625429
-5.668244
0.007995
-0.008375
-0.010166
