-0.356699
-0.400728
-0.001672
0.298459
0.003561
-0.487695
-0.007147
-0.017002
0.001324
0.005789
0.007246
-0.003889
-0.002337
0.001157
-0.358697
0.348266
-0.123952
-0.001820
0.001579
-0.312557
0.004112
0.073746
-0.014024
-0.001766
-0.000601
-0.401150
-0.355135
-0.001072
0.000009
-0.018017
-0.002823
-0.372152
-0.013229
-0.237087
-0.410677
-0.004890
-0.004294
-0.001254
-0.006027
-0.002404
-0.291025
0.001887
-0.274558
0.001858
-0.007759
-0.022655
-0.000867
-0.273721
-0.001119
-0.000734
0.001153
-0.002241
-0.002453
-0.000979
-0.009356
-0.329407
-0.006051
-0.014696
0.466560
-0.305224
-0.010608
-0.003657
-0.001703
0.437666
0.369591
-0.362614
-0.345475
-0.000014
-0.001509
-0.002401
-0.003118
-0.002019
0.001841
-0.002042
0.002926
-0.010278
-0.004635
-0.001021
0.000193
0.000467
0.210326
-0.128065
-0.002903
-0.001620
-0.002011
0.002204
-0.013365
-0.011522
-0.002024
-0.425996
-0.136318
-0.237911
-0.299172
0.001129
-0.028109
0.006437
-0.002291
0.001769
-0.320364
-0.403197
-0.007994
-0.363022
0.201437
-0.004632
0.200974
0.001066
-0.233787
0.000546
-0.024222
0.000641
0.001849
-0.004442
-0.025456
-0.000077
-0.000517
0.000163
-0.322218
-0.002186
-0.293841
-0.017802
-0.012719
0.001357
0.009933
0.000280
-0.354282
-0.002294
-0.391449
-0.007449
-0.215832
-0.001269
-0.042312
-0.004922
0.002139
-0.006988
-0.001593
-0.002882
-0.001639
0.284655
-0.004730
-0.002663
-0.008008
0.002470
-0.250815
-0.005523
-0.031000
-0.003807
-0.849065
-0.355706
-0.272532
-0.001161
-0.000967
-0.001993
-0.224564
-0.000612
0.402671
0.001102
0.056180
-0.011746
-0.001657
-0.524545
-0.151578
0.008136
-0.001306
-0.002700
0.004980
-0.015155
-0.297809
-0.001753
-0.001125
-0.490727
-0.360694
-0.395732
-0.003379
0.001952
0.000388
-0.003719
-0.003871
-0.000638
0.167439
-0.013534
0.003263
-0.020352
-0.001013
0.002588
-0.008522
-0.291583
-0.013549
