-0.001026
-0.003619
-0.000093
-0.001406
-0.014568
-0.018479
-0.025699
0.111271
-0.002692
-0.001431
-0.012180
-0.022893
-0.000504
-0.028722
-0.000502
-0.007768
-0.000040
-0.010170
-0.000877
-0.000686
-0.005204
-0.006399
-0.023961
-0.001191
-0.004949
-0.002135
0.093367
0.118648
-0.001579
-0.018606
0.146201
-0.012660
-0.001705
-0.001509
0.110997
-0.001760
-0.007302
-0.004387
-0.001085
0.000146
-0.000385
-0.001982
-0.001277
-0.015894
-0.005332
-0.001552
-0.001071
-0.014207
-0.000778
-0.000393
-0.001278
-0.006494
-0.003543
-0.014438
-0.017962
0.107349
0.002509
-0.002631
-0.001152
-0.002525
-0.016679
-0.010266
0.000352
-0.000396
-0.006062
-0.000345
-0.009164
-0.001506
-0.006697
-0.003052
-0.012122
-0.011144
-0.010626
-0.009401
-0.008096
-0.017041
-0.000378
-0.001222
-0.012076
-0.015512
0.114459
0.118417
-0.024192
-0.001360
-0.002809
-0.035824
-0.003524
-0.022450
-0.000598
0.185902
-0.001388
-0.000218
-0.014507
