-0.352922
0.348842
-0.345357
0.004870
-0.001900
-0.003101
-0.001719
-0.002284
-0.405577
0.003911
0.000478
-0.014604
-0.291581
0.001058
-0.365237
-0.027473
-0.001446
-0.002270
0.000437
-0.243170
-0.004755
-0.005888
-0.006818
0.001421
-0.222277
-0.022577
0.385347
0.324180
-0.002334
-0.000595
-0.001199
-0.002049
0.004096
0.006144
-0.005136
0.188748
-0.001812
-0.016078
-0.301119
-0.001253
-0.001425
-0.000014
-0.006288
0.004387
-0.344449
-0.000166
0.002192
-0.002869
-0.447010
-0.001826
-0.253234
-0.001132
-0.002566
0.002404
-0.002372
-0.001513
-0.001556
-0.417839
-0.007786
-0.003544
-0.470656
-0.002688
-0.000021
-0.410892
-0.001230
-0.001403
0.389321
-0.276195
0.047191
0.100136
-0.458410
-0.001133
-0.349872
-0.000908
-0.123072
-0.002363
-0.239346
-0.001619
-0.001782
-0.311377
-0.021266
-0.004786
-0.001979
-0.285656
-0.002091
0.389203
0.000145
-0.285670
-0.000019
-0.194848
-0.001689
-0.004893
-0.001198
-0.008326
-0.097053
0.413303
0.005184
-0.000623
0.000426
-0.330876
-0.005662
-0.466116
-0.002856
0.369495
0.296439
-0.021020
-0.007012
-0.003942
-0.079907
-0.001571
-0.406680
-0.005523
-0.004087
-0.003478
0.345960
-0.001361
0.189836
-0.014955
-0.002629
0.401596
-0.016590
-0.005188
-0.324830
-0.005136
0.008420
0.323116
-0.000013
0.294609
0.002314
0.000363
-0.422155
0.002065
-0.036226
-0.395370
-0.005226
-0.011283
-0.002633
-0.003515
0.377895
-0.400916
-0.372780
-0.000077
-0.000032
-0.650252
-0.002407
0.312869
-0.000925
0.001619
-0.331108
-0.000174
-0.001529
-0.282502
-0.002932
-0.000008
-0.358279
-0.366652
-0.000268
-0.526854
-0.373672
-0.119045
