4.568846
-0.027457
-0.002310
0.000089
-0.029057
-0.035815
0.009116
-3.218940
0.000572
0.000330
0.000555
4.227772
0.005490
-0.022393
-0.006234
-0.000041
-0.016058
0.010775
0.000150
3.141124
0.001803
0.046322
-0.025353
3.614655
-0.009013
4.510102
-0.005589
0.034630
0.000317
-0.034617
-2.740829
-0.018606
2.910271
-0.003741
0.012507
3.601936
-4.186074
0.014964
-0.000113
-2.381699
-3.016121
-0.001442
-0.000161
-2.336171
-0.004020
0.011908
0.001291
-0.010158
4.504817
0.000675
-0.006576
-0.002837
0.032184
-0.001041
-0.000115
-0.007873
-0.022700
-0.006116
0.022951
0.004167
0.030325
-2.815369
5.190574
3.178823
-0.019026
-0.000154
0.005639
0.000174
-2.973316
4.331873
0.005047
5.766621
0.025527
-0.000895
6.256615
6.034462
-0.011377
-2.981599
-1.766427
6.189876
-2.693346
3.486375
-0.000566
0.009170
0.017065
3.431625
-0.023634
-0.017464
0.000306
0.000037
-3.977795
-5.175935
0.009926
5.831805
-0.000861
0.009276
3.024735
-3.554313
2.221977
0.013881
0.001409
-0.011352
-0.005645
4.672597
0.014157
3.882588
-0.000665
0.003536
5.060957
3.476615
-0.000072
5.765494
-0.009726
-0.000160
-0.005082
6.974075
-3.077758
0.000249
0.001023
-2.908417
0.009964
0.001223
-2.350977
0.005356
0.001183
0.000980
0.011366
0.001539
-0.017240
-2.885803
