-0.000094
-0.015668
-0.001829
-0.014114
-0.000378
-0.002411
-0.003883
-0.000459
-0.002815
-0.006792
-0.004537
-0.004692
-0.011611
-0.001017
0.028692
0.176212
-0.000633
0.205577
-0.001635
-0.000865
0.102736
-0.013128
0.138604
-0.008907
-0.001729
-0.003325
-0.004167
-0.002451
-0.001563
-0.023009
-0.001048
-0.009230
-0.002171
-0.006139
-0.000799
-0.013343
-0.001547
-0.001905
-0.051281
0.150191
-0.002977
-0.004131
-0.007140
-0.009818
-0.019441
-0.019718
-0.003531
-0.012971
-0.013261
-0.002540
-0.005158
-0.002333
-0.008858
-0.016793
-0.000684
-0.002664
-0.005172
-0.001395
-0.018606
-0.000187
-0.001790
-0.001999
-0.001591
-0.002528
-0.001484
-0.001829
-0.017179
-0.002754
-0.001603
-0.002212
-0.006060
-0.019325
-0.001510
-0.000778
-0.003093
-0.002627
-0.000939
-0.010051
-0.019896
-0.021195
-0.020113
-0.001416
-0.004923
-0.000612
-0.007419
-0.003984
0.149261
-0.001938
-0.000614
-0.025185
-0.020703
0.198636
-0.006161
-0.023268
-0.004414
-0.002323
-0.009545
-0.001887
0.098327
-0.014181
-0.033647
-0.022847
-0.024935
-0.000209
-0.006554
-0.017175
-0.014998
-0.012992
-0.001698
-0.006605
