1.161975
3.268852
0.007002
-0.021841
-0.045858
-0.025066
-0.000610
-0.079185
-0.036674
-1.670413
2.737011
1.523928
0.020334
-0.009693
0.148193
0.271128
-0.036695
1.730198
0.000328
-0.073212
-0.034506
-0.000325
-0.026585
-1.461123
-0.000655
-1.639294
-0.060172
-0.003088
1.814007
-0.678755
2.340480
-0.000282
0.001419
-1.559005
0.968960
-1.049023
-0.012091
-0.825223
1.223660
1.491609
-0.006256
2.118950
-1.389169
0.027246
0.000644
-0.002435
-1.000618
-0.928847
-0.400704
-0.004933
1.357291
-0.286445
1.879437
-1.843911
0.025520
-0.004662
-0.004523
-1.825293
-0.252917
-0.616037
-2.028274
0.033245
-0.658262
1.075510
1.445144
2.248548
-0.001441
0.000013
-1.633199
-0.019200
0.000860
-0.259994
2.114141
-0.002100
-0.012591
-0.000118
-0.950433
-0.017349
1.899462
-0.001454
0.281354
-0.000200
-0.124032
-0.068116
-1.661403
-1.795884
1.556477
0.000691
-1.598193
-0.026357
0.015923
3.882427
0.144015
-0.662552
-0.927775
-2.124650
-1.527499
-0.019638
1.705636
0.002429
-0.004824
0.271716
-0.298801
1.284936
0.015402
-0.036705
-0.302509
1.218990
1.387646
-0.335382
-1.166301
0.184008
1.639519
1.492451
0.012710
0.023738
-0.026270
0.023761
-2.195397
-0.538679
-0.000295
1.821460
1.558645
-0.004592
-1.426670
-1.368629
0.519989
0.007039
1.313793
