-0.324665
-0.184329
-0.397458
-0.246973
-0.073159
-0.520690
-0.287535
0.059157
-0.048286
-0.110758
-0.552070
-0.270037
-0.491386
-0.055458
-0.234847
-0.061612
-0.052729
0.436841
-0.440805
-0.317467
-0.296934
-0.059263
1.013820
-0.036042
-0.041667
-0.060199
-0.148340
-0.168052
-0.036843
-0.067409
-0.064250
-0.058354
-0.046572
-0.056852
-0.039355
-0.018068
-0.020812
-0.063121
-0.023611
-0.214662
-0.050291
-0.086380
-0.095177
-0.036393
-0.029408
-0.031938
-0.047526
-0.063913
0.112223
-0.117935
-0.536834
-0.368161
-0.019769
0.001759
-0.060659
-0.064427
-0.033088
-0.029071
-0.241444
-0.017619
0.000938
-0.076474
-0.368841
-0.208139
-0.028293
0.023384
-0.068312
-0.036348
-0.007164
-0.063767
-0.038059
0.122046
-0.080747
-0.108784
-0.105861
-0.075395
-0.056290
-0.647203
-0.024142
-0.206228
-0.086480
-0.070696
-0.020878
-0.453389
-0.106914
-0.112345
-0.048290
-0.004527
-0.099592
-0.173599
-0.301795
0.276209
-0.197633
-0.090225
-0.343766
-0.051999
0.014553
-0.294412
-0.105983
-0.035574
-0.093007
-0.050261
-0.302328
-0.092397
-0.030205
-0.021977
-0.069682
-0.075527
-0.037468
-0.029246
-0.073974
-0.023904
-0.044243
-0.058883
-0.070353
0.065009
-0.045029
-0.062484
-0.180566
-0.061186
-0.189296
-0.038312
-0.178140
-0.029775
-0.006004
-0.077533
-0.043773
-0.438998
-0.051322
-0.026025
-0.219965
0.013008
0.000000
-0.270325
-0.456215
-0.038713
-0.306465
-0.052759
0.021915
0.681626
-0.153356
-0.092676
0.066068
-0.203709
-0.052904
-0.037620
-0.490779
-0.062789
-0.111096
-0.058171
-0.085898
0.013199
-0.391497
-0.034944
-0.152355
-0.052298
-0.083174
-0.281521
-0.065321
-0.029038
-0.111269
-0.055313
-0.032529
-0.066356
-0.030527
-0.160183
0.259799
-0.071774
-0.419727
-0.024738
-0.086031
-0.204063
-0.160245
-0.626813
-0.035348
-0.057131
-0.059480
-0.060565
-0.140994
-0.031713
-0.269231
-0.049449
-0.118986
-0.381920
-0.064347
-0.073073
1.044503
-0.444879
-0.061505
-0.068413
-0.058828
0.000000
-0.026970
0.483718
-0.200798
-0.016370
-0.170685
-0.240929
-0.050960
-0.206598
-0.074526
-0.060532
-0.273001
-0.055657
-0.312919
-0.160709
-0.190411
-0.012046
-0.038913
-0.353525
-0.550719
-0.522949
-0.514448
-0.031359
-0.133982
0.016530
-0.018499
-0.197956
-0.065732
-0.356616
-0.026398
-0.081464
-0.160195
-0.078711
-0.360079
-0.262404
-0.469816
-0.273007
-0.043783
-0.111410
0.500705
-0.252877
-0.275284
-0.390426
-0.074648
-0.199465
-0.169230
-0.529497
-0.414781
-0.003196
-0.085387
-0.065555
-0.049557
0.007847
0.406834
-0.050781
0.768067
-0.064099
-0.358018
-0.517977
