-0.234545
-0.003022
-0.000844
-0.293513
-0.006763
-0.004424
-0.071310
-0.000704
-0.560579
-0.329258
-0.196891
-0.001175
-0.008027
-0.017050
-0.285691
-0.000620
0.354462
-0.001437
-0.002368
-0.024684
-0.003122
-0.352325
0.003415
-0.003763
-0.001292
-0.003199
0.000501
-0.002394
-0.003399
-0.006464
-0.001583
-0.002569
-0.000837
-0.002154
-0.620187
-0.010249
-0.460142
-0.001826
-0.284939
-0.000801
-0.006751
-0.002143
-0.004526
0.167286
-0.000738
-0.007994
-0.010046
-0.006098
-0.001220
-0.412379
-0.327420
-0.483048
-0.770661
-1.451273
-0.727205
-0.003178
-0.001908
-0.002107
-0.001591
-0.004402
-0.001646
-0.751323
-0.008410
-0.009152
-0.001830
-0.000764
-0.027024
0.003114
0.002907
-0.473456
-0.001556
-0.119397
-0.011152
-0.001531
-0.001190
0.475469
-0.001377
-0.545340
-0.001931
-0.001386
-0.007672
-0.449857
-0.008498
-0.000422
-0.000082
-0.032082
-0.151424
-0.003159
-0.002758
-1.280705
-0.011817
-0.001225
-0.002280
-0.001319
-0.002787
-0.002348
-0.005630
-0.004089
-0.020544
-0.047878
-0.001406
-0.006192
-0.003472
-0.504187
-0.110345
-0.018456
-0.000914
0.001496
-0.161149
0.000020
-0.001688
-0.004278
-0.001704
-0.001678
-0.295630
0.028416
-0.006439
-0.003626
-0.360038
-0.000574
-0.005354
-0.001246
-0.010800
-0.003377
-0.014419
-0.023397
-0.001275
-0.318897
-0.003595
-0.004067
-0.000395
-0.160182
-0.025055
-0.002213
-0.910589
-0.001821
-0.016111
-0.015098
-0.017408
-0.003916
-0.003205
-0.495925
-0.037950
-0.001188
-0.489569
-0.014866
-0.241088
-0.001851
-0.001247
0.000325
-0.001304
0.000275
-0.017647
-0.002672
-0.003266
-0.000221
0.000071
-0.898881
-0.200899
-0.612104
-0.009562
-0.027173
-0.002598
-0.002302
-0.002008
-0.017684
-0.005345
-0.014373
-0.004216
-0.001524
-0.004919
-0.001994
-0.632977
-0.001089
-0.003653
-0.140922
-0.008206
-1.011793
0.000139
-0.001291
-0.001586
-0.001014
-0.001611
