0.003280
-0.001948
0.002189
-0.001334
-0.001056
-0.000841
0.000227
0.466502
0.002533
-0.502622
-0.241119
-0.556937
0.357088
-0.005090
-0.473205
-0.000158
-0.353651
0.184042
-0.409121
-0.331166
-0.355686
-0.333146
-0.493637
0.001695
-0.368889
0.259452
-0.002389
-0.469706
-0.327075
-0.001519
0.311990
-0.004152
-0.326141
0.241458
-0.530110
0.177946
-0.465474
-0.350034
-0.250379
0.001529
-0.483602
0.343657
0.185222
-0.336484
-0.435912
-0.000703
-0.342244
0.474245
-0.569352
-0.392713
0.428313
0.005100
0.438468
-0.301878
0.402884
-0.501694
0.359184
