-0.000970
-0.006902
0.035750
-0.000172
-0.000340
-0.000853
0.000483
0.003901
0.001009
0.000140
-0.002356
0.000735
-0.002349
-0.017710
-0.001120
-0.000960
6.227270
-0.010576
3.770227
-0.000005
-0.000087
0.000353
0.014979
0.010697
-0.001553
3.222983
-0.029829
-0.001500
-0.010251
-0.003008
0.002590
-0.026875
-0.011881
6.197183
-0.000217
0.000996
0.001948
-0.001772
0.002383
-0.001630
0.001111
1.651085
0.000066
-0.005263
-0.025869
0.000082
-0.003558
-0.001677
0.031363
0.007404
0.003307
0.003612
-0.377736
-0.264109
-0.008176
-0.001614
0.023862
0.017083
-0.027548
-0.000296
-0.002639
7.105287
2.516750
0.014219
-0.280490
3.617183
5.316015
0.008929
-0.008521
-0.000016
0.007106
-0.000167
0.011286
0.001836
-0.018862
-0.000148
-0.461166
-0.000250
-0.007462
-0.007612
-0.004308
0.002016
-0.014126
-0.001195
-0.028168
0.031939
0.004822
-0.299547
0.013269
-0.003496
0.002043
0.006018
-0.003330
0.886481
-0.000037
-0.000268
0.003949
-0.000674
0.026727
-0.020217
0.000276
-0.026148
-0.000135
1.594749
0.000558
-0.001068
10.000501
0.012427
0.011407
-0.007604
6.623718
0.003745
-0.006599
4.942671
0.000176
0.018637
8.589514
-0.000338
6.262508
-0.000121
0.000227
0.001351
0.000049
-0.004193
-0.000725
7.533960
0.004115
0.000132
-0.001254
0.000192
