-5.691854
-3.334298
-4.926740
-4.566053
-6.843017
0.037679
-6.310177
-0.013525
-0.002887
-2.786628
-0.005196
-0.001204
0.001779
-0.000093
0.005014
0.782970
-6.918201
0.818749
0.003403
0.002974
-0.000720
0.001934
0.002272
-0.033162
-0.014655
0.000003
-0.002269
-0.003492
0.015382
-0.007218
-0.002559
-0.012760
-8.090205
-0.009718
-0.009026
-0.004503
-0.005610
-0.000006
-0.001972
4.951446
-5.847548
0.008508
-0.004722
-0.011055
-5.076613
-6.278539
-5.487198
-5.924511
-0.002566
-7.306309
0.010842
0.036601
0.316668
-4.471900
-0.000458
-4.782298
-7.256798
-0.000859
-3.487768
-7.231671
-4.759974
4.270786
5.663764
-3.882722
-1.759574
0.786435
0.004696
5.489489
-6.982236
0.011144
-6.321971
4.769517
4.686874
-5.426425
-7.020805
5.235091
-0.000684
-7.423271
-4.839869
-0.012267
-0.022711
0.001075
-0.005798
-7.215940
0.000685
0.011141
-0.013224
-0.002429
0.009595
-3.576174
0.006528
-8.481831
0.000885
0.007413
0.005940
-7.494988
-7.106881
0.009321
-0.001859
-6.766088
0.003244
0.000612
0.000044
-0.000501
0.005461
0.002670
-0.001334
-4.918293
0.015312
4.381042
3.222663
0.004568
-4.878525
0.003422
-0.001699
-0.000750
-0.002068
0.001363
0.921144
0.012929
0.000015
-6.111381
-5.305463
-6.231763
0.016452
-0.005682
0.032847
-0.001609
-0.015944
-5.588859
-5.340790
3.953719
-4.597919
-3.860154
5.152219
0.006324
0.020522
-6.476625
5.067143
-0.000219
-5.459166
0.000054
-6.226902
0.000040
-5.640920
-6.498004
5.372318
-0.005604
-0.002286
0.009328
0.006121
-4.467221
0.000306
0.034237
0.003463
5.549359
0.004071
0.005914
0.014290
-0.012468
-8.270998
0.018083
-4.964250
-0.002514
0.000192
0.000990
0.002701
-1.725619
-7.480557
-4.831214
-4.831335
0.000695
6.588705
