-0.011066
0.038213
-0.014427
-0.030619
0.008335
-0.016727
0.034995
-0.016346
-0.000545
-0.003275
-0.000142
-0.038092
-0.002672
-0.043953
-0.000118
-0.000604
0.039862
-0.002611
-0.000609
-0.014014
-0.002948
0.039995
-0.000280
0.021516
-0.000632
-0.002627
0.052955
0.008724
0.019128
-0.004689
-0.005603
-0.001761
-0.028024
-0.000854
0.062432
0.051104
-0.001131
-0.002503
-0.004106
-0.008937
-0.000284
-0.037353
-0.026715
0.013371
-0.003100
-0.004794
-0.007489
-0.000178
-0.038027
0.054463
-0.000191
-0.000081
-0.000999
0.053641
0.047148
0.000075
-0.022103
0.020473
-0.000175
-0.000807
-0.009495
-0.001589
0.002197
0.058693
0.020973
0.000649
-0.008602
-0.000152
0.055592
-0.001653
0.033437
0.040530
0.008690
-0.003954
-0.000461
0.005286
-0.000305
0.003021
-0.005478
0.005537
0.005433
-0.000102
0.000411
-0.001182
0.047636
0.059104
0.002594
-0.005133
-0.000867
0.000616
0.045320
0.064689
-0.004720
0.043369
0.015024
-0.001964
-0.001563
-0.002926
-0.000121
-0.001720
-0.017585
0.018202
-0.008247
-0.013038
0.019799
-0.000159
-0.043162
-0.013776
-0.001270
-0.016176
-0.015910
-0.024823
0.046611
-0.000243
-0.000335
-0.004394
-0.003098
0.024886
0.034413
-0.012765
-0.002363
-0.000159
-0.010112
-0.000948
-0.004411
-0.000380
-0.000379
-0.000621
-0.002314
-0.036758
-0.001793
-0.000080
-0.010270
-0.000290
-0.000289
0.000772
-0.045933
-0.026569
0.000315
0.007998
-0.005553
0.000442
-0.000789
0.000195
-0.000646
-0.003222
-0.009555
-0.000101
-0.003970
-0.000896
-0.005776
0.019269
-0.000323
-0.003142
-0.000494
0.049175
0.018091
-0.002048
-0.003137
-0.000762
-0.000301
-0.000177
-0.015775
0.029331
-0.002804
