6.424135
-0.003194
-0.009433
-1.857006
-0.024296
-2.621185
-1.071937
-0.000196
-0.009760
-0.012603
0.000719
-0.000008
-3.319818
0.007683
0.004606
-0.012726
-0.018199
-0.034790
0.002776
0.010017
0.017534
-0.024144
0.023220
0.003088
0.004579
0.018070
0.005434
-0.000112
-0.029855
-0.000141
0.001438
-0.000638
-0.004884
-0.000635
-0.000523
-0.005156
-0.005178
-0.017968
-0.002627
-0.000461
0.037769
0.003134
0.017322
0.001110
0.002208
0.000377
0.000076
-0.008230
0.001158
0.018560
-0.021493
0.027685
0.009444
-0.025568
0.022446
-0.013392
0.013396
0.011065
0.002386
-0.025766
0.002399
5.380642
-0.043712
-0.010782
0.015222
0.021816
0.023356
0.220550
-0.000449
-2.724616
-0.013066
-0.000156
-2.422860
-0.000003
0.000069
-0.008383
0.000431
-1.902921
0.000219
-0.029080
0.000055
0.011123
0.017342
-0.021387
-0.022593
0.013278
0.015607
0.010891
0.006321
0.003857
-0.010417
-0.020259
-0.010027
0.010600
-0.001246
0.002890
0.029671
-0.003703
4.729497
-0.017050
0.001995
0.000011
5.442323
-0.028868
0.018103
3.305819
-2.557250
0.012394
-0.026233
0.000061
0.000108
-0.001869
-0.019004
-0.001437
-0.003769
-0.008990
0.007652
0.021023
0.033080
-3.661182
0.004934
0.019468
0.013328
0.011955
3.701108
-0.018766
4.814541
0.010295
-0.005343
-1.547310
0.000266
-3.088762
0.042907
-0.000043
0.002720
-0.017125
-0.006519
5.852690
-0.010665
0.007554
0.006049
0.011065
0.003377
0.002880
0.019350
0.000191
-0.033422
0.014566
-0.030050
0.002910
0.010914
-0.000188
5.231672
0.015897
-0.002028
0.015147
-0.004672
-0.008476
0.005756
-0.033073
-0.000572
-0.003161
0.000056
0.003432
0.011622
0.007838
0.028666
-0.022440
-0.017651
0.000007
-0.013602
-0.004461
-0.040611
0.028068
-0.037060
3.610440
-0.000298
0.001220
6.245147
0.024128
-0.018357
