-0.003340
0.041977
0.387482
-0.002037
-0.001358
-0.001033
-0.011415
-0.001173
-0.004264
-0.001436
-0.003046
-0.002954
-0.008961
-0.001373
-0.183782
-0.001394
-0.006364
-0.002326
0.103507
-0.015447
-0.003611
-0.222921
-0.003587
-0.098288
-0.302598
-0.001805
-0.001954
0.262381
-0.001377
-0.001272
-0.002164
-0.000007
-0.001550
-0.014958
-0.000361
-0.001212
-0.140094
-0.001746
-0.017778
-0.299523
0.000828
-0.004467
-0.176683
-0.135871
-0.273599
-0.013768
-0.166833
-0.002884
-0.003468
-0.065841
-0.000563
-0.000658
-0.001620
-0.004758
-0.029529
-0.502245
-0.259104
0.000864
0.072999
-0.168213
-0.002496
0.000084
-0.001612
-0.037227
-0.006639
-0.000584
0.087166
-0.003080
-0.011866
-0.001346
-0.001222
-0.113827
0.164543
0.026167
-0.001587
-0.201064
-0.000075
0.232236
-0.295940
-0.000577
-0.001086
-0.002320
-0.004073
-0.011394
-0.001236
0.333661
-0.005099
0.193404
-0.053363
0.381852
-0.003337
-0.229456
0.233642
0.173056
-0.395852
-0.232076
-0.001496
-0.006143
-0.002099
0.001935
-0.000963
-0.014070
-0.001939
0.034612
-0.000989
-0.310540
0.431586
-0.005135
-0.010597
-0.388777
0.147930
-0.374473
-0.002821
-0.184474
-0.001554
-0.001809
-0.000707
-0.000784
-0.387211
-0.001121
-0.001147
-0.002493
0.136858
-0.001192
0.001824
-0.224785
-0.009663
-0.319485
-0.002091
0.297331
-0.001629
-0.340780
-0.002055
-0.001180
-0.035046
0.259136
-0.004011
0.153899
0.283853
0.314407
-0.133279
-0.006395
0.327156
-0.020001
-0.352301
-0.126965
-0.167872
-0.000098
-0.002795
-0.001777
-0.002156
-0.001516
0.001657
-0.006270
-0.004156
-0.001683
