-0.000722
-7.005667
0.002854
0.039303
-0.025616
0.015661
-8.206076
-0.029659
0.021642
0.916854
-0.018805
0.012836
-0.029342
-4.237100
-0.020649
0.021243
0.007054
-0.021232
0.001259
0.001058
-4.707408
-0.032074
-0.018315
-0.034162
-0.003756
-5.979637
-4.393884
-0.003155
5.382107
-0.027877
-0.000836
-0.003514
-7.582232
-0.000922
-7.914557
0.028600
6.515137
-6.308593
0.921378
4.577772
0.018122
-0.029454
-0.000564
-0.006770
0.003618
0.026743
0.004519
0.021092
-0.027162
-4.505932
0.015635
0.000027
-5.969547
0.034825
-0.017842
-5.786379
-5.443210
-6.019289
5.974305
-0.000277
-7.259254
-0.000108
-8.080894
4.857043
-0.005953
0.017982
0.000544
0.013204
0.019409
0.004006
-0.001321
4.814926
0.022642
4.782119
0.043727
0.006639
0.002844
0.146888
-0.019168
-5.656984
3.865151
6.775856
-0.011896
-0.003636
-0.000488
-4.484887
5.511542
-0.018727
0.005490
0.016406
0.000169
0.004511
-0.027930
-6.219073
-0.000704
-6.521528
-6.561610
-0.011328
-4.392304
-8.722518
-6.992144
-6.278964
0.021426
-0.000583
0.004074
-6.214456
-5.330841
0.003155
5.546180
0.005501
-0.007026
0.774535
-5.435073
-6.690513
-0.031598
-0.002962
-0.013355
-7.575691
0.032201
0.040130
-0.016567
0.016502
-0.021746
-7.309301
-0.025708
-0.019222
-0.009951
-0.009385
0.010579
-0.001642
0.004974
-5.952520
-0.015037
-0.016020
-0.001170
-5.896522
0.008180
-0.003654
0.008959
0.001097
0.010908
-6.739125
-0.004910
-0.026739
-0.025861
-0.008637
-4.910890
0.011487
-0.014766
-0.014883
-7.250622
3.697552
-0.016085
0.005751
-6.201007
0.003630
5.290696
-0.000029
0.010973
-0.026387
0.014769
0.002653
-0.003618
0.030565
-4.758442
-5.879408
0.011715
-0.003302
6.046628
0.002225
-0.003497
0.006189
-0.014001
-0.001576
-0.016156
-8.374038
-0.036181
0.013625
0.011147
5.526862
-0.005260
-0.018564
0.021468
-5.518866
-3.530933
-0.000783
0.003999
-0.000516
0.030678
0.017360
-0.012045
0.027664
-6.214637
0.000121
0.000520
0.011579
0.001785
0.003869
