-0.013043
-0.302159
-0.059394
0.051305
-0.055164
0.033510
-0.063520
-0.061001
0.024586
0.002687
-0.068479
-0.014741
-0.136270
-0.052676
-0.059125
-0.062762
-0.105782
-0.015551
-0.020337
-0.059817
-0.135556
-0.238280
-0.031105
-0.059847
-0.045410
-0.045430
-0.030077
-0.065280
-0.138354
-0.162404
0.040122
-0.152198
-0.344475
0.037477
0.011157
-0.039481
-0.211750
-0.042872
-0.150069
-0.049197
-0.040981
0.047902
-0.023425
0.038225
-0.136465
-0.099168
0.209386
-0.185505
-0.028456
-0.040471
0.000000
-0.031602
-0.045221
-0.151309
-0.004146
-0.118052
-0.186505
0.008527
-0.096186
0.102774
-0.033549
-0.049495
-0.061457
-0.014181
