0.165804
0.005401
0.001086
7.552070
-0.306266
0.002341
-0.016062
0.007021
0.008699
6.405310
0.009423
0.013509
0.001013
-0.000085
0.006443
6.623926
-0.004076
0.004822
-0.007443
0.000196
-0.000760
-0.002656
0.006744
0.000950
-0.000152
0.020695
-0.004129
-0.004925
0.001243
0.002358
-0.000163
-0.002576
-0.026390
-0.002446
-0.097457
9.507797
-0.002844
0.024775
-0.001452
-0.000012
-0.012446
-0.000331
7.234110
4.989292
-0.000026
0.002440
-0.010071
-0.003949
-0.001200
-0.000003
-0.000020
0.002230
0.000247
0.015832
-0.510592
-0.009287
0.004106
-0.000365
0.000002
0.000022
7.871642
-0.000079
0.000167
-0.012373
-0.005117
-0.028124
-0.003188
0.004112
6.498358
0.018758
0.008336
-0.016551
0.007712
-0.004268
-0.014171
0.000099
-0.435152
-0.000728
0.007394
-0.000222
0.000703
-0.000056
0.026204
-0.002880
