-0.005370
-0.041342
-0.004614
-0.001376
-0.000171
-0.009887
-0.000201
-0.005192
-0.000858
-0.000101
0.000441
-0.013244
0.020460
-0.002989
0.023638
0.019261
0.007663
-0.021322
-0.042578
-0.000477
0.011746
0.041401
-0.012365
-0.002740
-0.027150
-0.010934
0.019511
-0.036486
-0.005144
-0.001223
-0.007223
0.024638
-0.033497
-0.000982
0.023849
0.000246
0.001129
-0.024991
-0.008283
0.013074
-0.000533
-0.000243
-0.000227
-0.010458
-0.006452
-0.002206
0.001831
0.000042
-0.016196
0.009416
-0.001857
0.012950
0.020014
-0.048236
-0.005236
-0.036034
0.020287
-0.018418
-0.000355
0.022324
-0.008431
-0.003199
-0.000973
0.022221
-0.011454
-0.041355
-0.001875
0.020416
0.006991
-0.000365
0.001422
-0.000625
0.019570
-0.001830
0.001985
-0.052663
0.030500
-0.000676
0.000297
-0.014495
0.055813
-0.000347
-0.002991
-0.000073
0.007561
-0.002851
-0.022034
0.000437
-0.000998
-0.007809
-0.004681
-0.028048
0.012244
