0.023207
1.860594
1.066095
0.000094
-0.000048
0.044990
-0.000200
1.707818
0.015744
0.002809
-1.237305
0.944760
-2.129966
0.001659
-1.978325
-2.242281
-0.006616
2.102025
0.915123
0.001252
-1.982850
-1.008443
-0.247143
0.018053
1.878535
0.000983
-0.136814
0.906709
2.266975
1.261408
0.011872
-1.937667
3.605004
0.017499
-2.385847
-0.358970
1.296479
-0.048001
-0.145402
-0.744751
0.008220
0.038869
0.000195
-0.462694
2.185427
2.333910
-0.080563
-0.417772
-0.240332
-1.780472
0.003505
-0.721997
-2.196803
0.371950
-0.028947
2.403842
-2.034235
1.483328
-0.000423
-1.964826
-0.021164
1.498203
0.000964
0.233207
0.022384
1.416495
-0.020505
-2.198524
-2.815126
-0.022879
-0.612476
0.007857
-2.127411
1.906096
0.008116
0.477712
-1.439140
-0.764748
-0.000178
0.212325
-1.571033
-0.004491
-0.000924
0.000092
-0.510118
0.916801
-0.230487
-0.000364
2.057415
-0.017634
-0.254270
-0.434700
-0.751549
