-0.001651
-0.003398
-0.008891
1.074634
-0.000726
-0.008126
-0.003474
-0.003798
-0.000886
-0.018576
-0.000103
-0.003004
-0.004474
-0.000093
0.651538
-0.010609
-0.000507
-0.003995
-0.002136
-0.015131
-0.002361
0.002885
0.847370
-0.000400
-0.001125
-0.000534
-1.658622
-0.006615
0.160663
-0.000290
-0.009935
-0.003804
-0.024939
-1.019495
-0.001272
-0.002139
0.000740
-0.870520
-0.352742
-0.009074
-0.013943
1.065835
0.719037
-0.002682
0.183003
-0.002214
-0.008464
0.349719
0.143340
-0.023109
-0.000295
-0.003105
-0.004815
-0.005346
-0.002372
-0.003930
-0.003615
-0.004124
-0.006614
-0.021161
0.232918
-0.006434
-1.216028
-0.000155
-0.006324
1.269138
0.013978
-0.001478
-0.006117
0.000710
-0.009087
-0.001343
-0.001552
0.293165
-0.000446
-0.006251
-0.010016
-0.782994
