0.008977
-0.019589
0.009888
-3.044019
0.008175
0.023033
0.001568
-0.001158
-0.000304
0.025433
0.000003
0.012195
0.032715
0.000192
0.866614
0.005034
0.000042
-0.005812
0.003393
-0.001153
-0.000551
0.000348
-1.960888
0.000052
0.001942
0.000261
-1.938366
-0.011707
-2.216308
-0.000107
0.040063
0.001380
3.903136
-1.755857
-0.000291
-0.034145
0.000330
-1.586785
-1.886672
-0.013543
-0.021073
-2.088300
-2.664639
-0.024602
4.455688
0.014971
0.005026
3.349476
5.339262
-0.015528
0.000674
0.023893
-0.008905
0.010152
-0.012035
-0.001534
0.019439
-0.013150
-0.012297
0.000702
-1.740395
-0.011593
-1.488054
-0.000030
-0.000733
-2.305824
0.025681
0.000346
0.007985
0.000052
-0.001450
-0.016299
0.025633
0.148222
-0.000091
-0.006773
0.012680
3.912688
