-0.456739
-0.184329
-0.468080
-0.344475
-0.092149
-0.656773
-0.648564
0.059157
-0.048286
-0.110758
-0.837551
-0.505649
-0.703325
-0.056246
-0.261354
-0.061612
-0.084403
0.131033
-0.554484
-0.317514
-0.491821
-0.086248
0.970217
-0.053764
-0.041667
-0.060199
-0.204310
-0.576963
-0.036843
-0.067409
-0.072715
-0.058354
-0.070811
-0.056852
-0.039356
-0.018068
-0.020812
-0.063121
-0.023611
-0.276955
-0.050291
-0.086380
-0.120357
-0.036393
-0.054767
-0.031938
-0.047526
-0.464868
0.428515
-0.217086
-1.103186
-0.492266
-0.019769
0.001759
-0.212616
-0.064427
-0.050397
-0.029071
-0.205991
-0.017619
-0.029722
-0.108031
-0.135779
-0.354240
-0.028728
-0.089976
-0.068312
-0.036348
-0.007164
-0.063767
-0.038059
0.187502
-0.131191
-0.212846
-0.218188
-0.075395
-0.056304
-0.765652
-0.165948
-0.292229
-0.086480
-0.070696
-0.020878
-1.014526
-0.414638
-0.112345
-0.048290
-0.004527
-0.283837
-0.355002
-0.400103
0.272530
-0.431093
-0.134859
-0.613944
-0.051999
-0.237279
-0.311594
-0.137606
-0.044958
-0.093007
-0.080865
-0.596662
-0.092397
-0.051123
-0.021977
-0.069682
-0.105460
-0.037665
-0.029246
-0.073974
-0.023904
-0.044243
-0.058883
-0.070353
0.065027
-0.045029
-0.062484
-0.647811
-0.061186
-0.070221
-0.038312
-0.237138
-0.059765
-0.006004
-0.090390
-0.043773
-0.701819
-0.071368
-0.036564
-0.229250
0.013008
0.000000
-0.206396
-0.662311
-0.038713
-0.375171
-0.082708
0.049651
0.737089
-0.192243
-0.092676
-0.133193
-0.449577
-0.074552
-0.037620
-0.636527
-0.062789
-0.368490
-0.058171
-0.085898
0.013199
-0.500403
-0.034944
-0.454912
-0.052298
-0.083004
-0.334564
-0.065321
-0.029038
-0.111269
-0.055313
-0.036690
-0.066356
-0.338014
-0.604575
0.128477
-0.318112
-0.762135
-0.045797
-0.086031
-0.361661
-0.160245
-0.781904
-0.035348
-0.057131
-0.338791
-0.060565
-0.140994
-0.031713
-0.450291
-0.049449
-0.118986
-0.047554
-0.064347
-0.097787
1.414528
-0.660397
-0.077177
-0.068413
-0.084003
-0.020907
-0.026970
0.428818
-0.223065
-0.016370
-0.170685
-0.374813
-0.050960
-0.303912
-0.074526
-0.060532
-0.330230
-0.055657
-0.044441
-0.160709
-0.400318
-0.012046
-0.038913
-0.481540
-0.621529
-0.459144
-0.423092
-0.031359
-0.156014
0.016530
-0.018499
-0.572486
-0.065732
-0.354985
-0.026398
-0.081464
-0.202027
-0.078711
-0.476832
-0.321521
-0.880407
-0.329064
-0.043783
-0.127678
0.663326
-0.252880
-0.485628
-0.515628
-0.213266
-0.254469
-0.169230
-0.751266
-0.546722
-0.003196
-0.085387
-0.065555
-0.049557
-0.019329
0.434013
-0.051025
0.493145
-0.064099
-0.417140
-0.963551
