-0.000626
-6.877988
-6.398588
-6.789631
0.004017
-0.006732
-0.020866
0.025221
-0.002157
0.011644
-6.034794
-7.648218
-5.542659
6.251133
-7.207975
-7.996715
-5.185953
0.393859
0.010835
0.001698
4.857181
-0.011080
-7.378798
-0.001503
-6.611877
-6.860183
0.000886
0.005311
-8.201468
0.001547
-6.867199
-0.001438
6.517704
-7.003833
-0.000111
0.000899
-0.015669
0.002259
-6.867983
0.002317
-5.051635
0.265019
0.022224
-0.015521
-0.019389
5.267803
0.001645
-0.000186
-0.010839
-6.503283
4.421778
0.007943
-6.914747
2.659958
-7.169939
-7.149289
-7.241764
0.000193
0.005698
-6.718819
0.003473
-6.274039
0.014026
0.004738
-0.000864
-0.013973
6.914471
-0.006296
-4.961739
-3.819255
-0.007898
0.000682
0.028924
-0.003566
-7.281884
0.006907
-6.298404
-0.024561
0.014519
-6.674299
-4.105299
-3.777203
0.033922
-0.014695
-0.014036
-7.143661
-6.662186
2.658355
0.442215
-6.736110
0.110918
0.003603
-8.133912
0.033028
5.217899
0.014542
1.873561
-0.000607
-6.511202
-8.114603
-7.488660
3.453753
-0.027337
-0.013274
-0.001294
0.038225
-7.333117
-0.013693
0.002357
-8.409675
7.199295
