-0.010706
-0.004961
-0.029283
-2.572642
4.248800
0.001231
-3.003432
-0.010707
3.408417
-0.000407
0.000752
4.015144
-2.197000
-0.013255
0.005269
0.000205
-3.000662
0.020947
0.011125
-0.004978
0.001025
0.003303
0.027168
0.000537
4.099800
0.387769
3.784028
-2.268642
-0.000633
-0.000558
-3.056691
-0.011498
6.090472
-0.021934
-0.017871
3.527893
-3.489042
-0.021333
-0.025529
0.001400
0.026198
-0.887546
-0.000243
2.862907
3.120352
0.000561
-0.000784
0.014558
-0.011503
5.949323
0.018741
-3.487774
-0.000470
-0.022904
-0.000378
0.007332
-0.004061
-0.002702
4.748542
-0.005876
0.001020
-0.004018
0.001490
0.045108
-4.580756
0.007803
-3.414154
-0.007837
-0.000791
2.493012
-0.003359
-1.734335
0.029777
0.007471
-0.000897
0.000218
-0.012693
-0.017138
-0.000341
-2.476685
-2.276697
3.912627
-0.018874
-0.022881
-0.002682
2.906975
0.014179
0.006568
0.011648
0.002255
-0.016749
-0.017251
4.025411
4.362772
-0.011174
7.046883
-2.316873
-0.002259
-3.964979
0.013908
0.000466
-0.000247
6.006060
0.002484
-0.000209
-0.021092
0.019168
-0.025047
0.029348
6.534501
-3.541630
0.000343
-0.000921
-0.010324
3.993000
-0.006157
0.015425
0.009093
0.003730
5.435949
5.828319
0.000011
-0.003488
-0.007027
-2.229422
-0.002702
0.026662
-0.021332
-0.003348
3.461768
-2.859285
0.000349
6.590557
-0.014911
-0.009804
-0.022365
-0.003583
0.001775
-0.000822
0.018847
-0.018162
4.181068
-0.003470
0.000684
0.000115
-0.036834
0.016212
0.031354
0.002127
-0.003697
-0.009341
-4.755422
0.016930
-0.017618
3.253187
0.010517
-3.656149
-0.000025
4.494637
0.009773
0.026282
-0.014375
-4.595849
-0.000072
-0.030861
0.000921
-0.015503
-3.598642
-0.002164
0.004957
0.035249
0.008190
-0.001982
-0.006411
-0.007307
0.000022
-0.005497
-2.218571
-2.874730
0.000584
