-0.016441 0.112252 0.119056 0.220675 -0.447233 0.162135 0.182722 0.265532 -0.059970 0.539775 0.109338 -0.455133
0.149083 -0.016200 -0.185814 0.399200 0.389542 -0.156712 -0.529924 -0.163890 0.284853 -0.124093 -0.623975 -0.770475
-0.243058 -0.404705 0.345230 0.037988 -0.844163 0.593916 -0.504539 0.002198 -0.213041 -0.213792 -0.430473 -0.803849
-0.240655 -0.236360 -0.169171 0.131873 -0.108602 -0.055221 -0.199436 -0.242728 0.489625 -0.195797 0.317712 0.000379
-0.381262 -0.262144 0.007426 0.401427 0.616921 0.360850 0.144002 0.111364 0.290345 -0.086772 -0.456181 0.047635
-0.373017 0.674533 0.035836 0.382596 0.199725 -0.215435 0.095470 0.400475 0.407780 0.353786 0.114539 -0.451237
0.192380 0.171773 0.174307 0.154546 0.360036 -0.192219 0.131904 0.091524 -0.500542 0.188470 -0.261936 -0.525541
-0.462205 0.177533 0.084746 -0.369737 -0.094354 0.125965 0.165257 0.108789 -0.166207 0.084329 0.119867 -0.256662
-0.113378 0.353928 -0.232407 0.418633 -0.466368 -0.114957 0.413198 0.240556 1.046564 0.236851 0.148587 0.137775
0.599374 -0.226742 -0.100987 -0.209513 0.296837 -0.402799 -0.145683 0.034599 0.275833 -0.070321 -0.381894 0.453354
-0.398432 0.165129 0.151199 0.229463 0.047738 0.535248 -0.045048 -0.440607 0.281198 0.101894 0.291022 0.234814
-0.187412 0.151749 0.748480 0.010772 0.088024 0.238135 0.042108 -0.098927 -0.156546 -0.391097 -0.346283 -0.671540
-0.032371 0.310046 -0.349537 0.092900 0.278880 0.314634 0.334692 -0.466322 -0.338198 -0.109278 0.976967 -0.040122
-0.097281 0.252610 -0.143646 -0.490607 0.393592 -0.157026 -0.128966 0.105718 -0.197034 -0.358668 0.759152 0.581094
0.027401 -0.320363 -0.270023 -0.210684 0.190490 -0.285184 -0.208372 0.162236 -0.702905 0.479180 -0.071263 -0.268454
0.181844 0.606191 0.175604 0.317027 0.408162 -0.533622 0.215708 0.343744 0.075289 -0.599486 0.688349 0.348262
0.390330 0.129729 -0.246091 0.357531 0.391735 -0.184382 0.309861 -0.718165 0.094822 0.217666 0.022096 -0.334682
0.167188 -0.177340 0.265988 -0.508729 -0.034253 0.078696 -0.139932 -0.547954 -0.047750 -0.606585 0.012127 -0.112767
-0.312038 0.115585 -0.193280 -0.370436 0.222295 0.527301 0.455704 0.480106 0.279677 -0.294288 -0.463034 0.033827
-0.292688 -0.167544 -0.012995 0.386490 0.240211 0.174807 0.079115 0.166666 -0.079751 -0.175475 0.269453 -0.191774
-0.279046 -0.154385 0.158415 0.146531 -0.330283 0.496052 -0.027048 0.001587 -0.383855 0.316312 0.287369 -0.212383
-0.266892 -0.377709 0.686076 -0.335575 -0.078343 -0.665917 -0.333136 -0.430700 0.191896 -0.037188 -0.024522 -0.001382
-0.105739 -0.159109 -0.123450 -0.185266 -0.380654 0.134333 -0.045238 -0.282307 -0.060441 0.713828 0.201874 0.366495
0.128068 0.020737 0.060255 -0.263104 -0.341942 -0.298870 -0.773821 -0.014927 0.201786 -0.241754 0.053251 0.088813
-0.156853 -0.163138 0.217445 0.170693 -0.280004 -0.149963 -0.197548 0.307944 0.298806 -0.443708 -0.017341 -0.280210
0.583655 -0.084416 -0.556999 0.313956 0.281116 0.318309 -0.130212 0.109065 -0.190914 -0.078928 -0.073348 -0.274822
-0.342124 -0.498213 0.050346 0.032491 -0.071177 0.009235 0.219645 -0.425534 0.093608 0.049507 0.014502 -0.549539
-0.534431 0.411028 0.228594 -0.435175 -0.060188 0.591995 -0.244095 -0.835198 0.148142 -0.319434 0.418765 -0.001212
-0.187956 -0.237277 0.031327 0.249171 0.105878 0.265045 0.566082 0.211441 0.030298 0.224561 0.171082 -0.110595
0.120348 0.536156 -0.319860 -0.209542 -0.424331 -0.161889 0.360507 0.190875 -0.089347 0.229057 0.068343 -0.640862
0.107842 0.364316 0.190653 0.045369 -0.083140 -0.479173 0.267983 0.232167 0.228708 0.068752 0.306827 0.117895
0.110911 -0.069447 -0.339737 -0.145211 -0.179275 -0.065487 -0.351131 0.035709 0.057567 0.315943 0.143820 0.394893
-0.081554 -0.217444 -0.050892 -0.510743 -0.999538 -0.047375 -0.093581 -0.117193 0.331545 -0.457008 0.334277 -0.075607
0.020644 0.121559 -0.075822 0.128492 0.452837 -0.594539 0.656832 0.432443 0.253806 0.283201 0.223938 0.319775
-0.120952 -0.003864 -0.242686 -0.101564 0.320270 0.352456 -0.118121 -0.239484 -0.484200 0.015894 0.351681 0.129293
-0.306492 -0.123113 0.521373 0.546286 0.773381 -0.052719 -0.436645 0.159660 -0.152264 -0.559430 -0.404291 -0.208540
-0.165009 -0.311992 0.115146 0.798805 0.095330 0.203902 0.252400 0.236407 -0.703937 0.097536 0.861372 -0.102579
0.204604 -0.115606 0.147291 -0.266439 -0.567660 -0.089430 0.138000 0.195012 -0.355011 0.161055 0.286412 0.017322
-0.376069 -0.068845 0.147867 -0.135738 0.186306 0.025302 0.024765 -0.058623 -0.259894 0.107247 0.241103 0.035015
0.475224 -0.180780 -0.300856 0.006716 -0.446681 -0.082783 0.483747 0.201223 0.103398 0.162282 0.303156 0.133588
0.207960 -0.205357 -0.013983 0.271909 -0.135078 -0.329171 0.189279 -0.047284 0.592631 -0.011821 0.235093 -0.063598
0.054305 -0.037910 0.338181 -0.370814 0.035327 0.322309 0.330419 -0.310323 0.057670 -0.048045 0.001368 0.397636
0.099674 0.561676 -0.269673 0.008178 0.016267 0.416957 -0.116149 -0.064110 0.057795 -0.171668 0.196974 -0.242638
-0.443104 -0.195486 0.346862 0.160170 0.082684 -0.189970 0.237693 0.066632 -0.000278 -0.150516 0.480385 0.072917
0.650178 -0.012405 -0.131030 -0.175645 0.101771 0.132906 0.030038 -0.342179 -0.049221 -0.058867 -0.202829 0.159639
-0.175068 -0.217404 -0.026955 0.112081 0.333473 0.349795 0.265639 0.068797 -0.076676 0.238064 0.121263 0.260288
0.026283 -0.050759 0.018878 -0.196119 -0.120833 -0.497807 -0.335791 -0.064259 -0.091337 -0.028058 0.716306 0.510568
0.125435 0.288795 -0.189929 -0.698310 -0.120374 -0.084341 -0.270206 -0.074381 -0.096187 -0.660726 0.126340 0.016201
-0.094398 0.063598 0.214842 -0.447505 -0.107067 -0.434565 0.087853 0.228886 -0.032875 -0.179924 -0.151219 -0.574066
-0.058603 0.224828 -0.202129 0.092171 0.180768 0.090263 -0.053064 -0.013515 0.260541 0.050916 0.259598 0.339438
-0.167970 0.212583 -0.221033 -0.186523 -0.310481 0.017396 0.522438 0.092487 0.543438 -0.010575 0.548244 0.093675
0.438205 -0.138022 0.060191 0.252000 0.251642 -0.004453 0.395180 -0.248750 -0.181824 0.167867 0.445841 -0.128770
0.077572 -0.058012 -0.056125 -0.362428 -0.368215 -0.025515 0.189795 0.584492 -0.239361 0.252523 -0.213228 -0.013916
-0.232096 0.149567 0.241046 0.187521 -0.164301 -0.601101 -0.383724 0.228371 0.084262 0.038097 0.495625 0.099120
0.253480 -0.352269 0.509366 0.116510 -0.058555 -0.252364 -0.150483 -0.020386 -0.223461 0.209980 -0.219953 0.086683
0.145308 -0.198432 0.003480 0.112804 0.003479 -0.027288 -0.276476 0.295966 -0.086198 0.173504 -0.158964 -0.075448
-0.519319 0.239176 -0.055201 0.077694 -0.481829 -0.174477 -0.449378 0.025532 0.592512 0.146009 0.106366 -0.171687
0.522814 -0.241168 -0.177873 0.298460 0.453749 -0.240487 -0.258804 -0.213297 0.226888 -0.301642 0.059876 0.091045
0.452858 -0.245920 -0.485995 0.154895 -0.176530 0.085942 -0.498609 0.376346 -0.200902 -0.047761 0.462159 0.395958
0.229467 -0.464940 -0.119802 0.222396 0.444966 0.308746 -0.222005 -0.023129 -0.637252 -0.345312 0.066040 -0.365510
0.071205 -0.240811 0.137334 -0.195418 0.011282 0.243561 -0.190551 0.014062 0.188184 -0.136177 -0.165534 0.301173
0.008977 0.226004 0.077908 -0.061196 -0.215222 0.069127 -0.043177 -0.262831 0.135807 -0.027045 0.162778 -0.065146
0.382781 -0.044302 0.024216 0.171910 0.059609 -0.350491 -0.025537 0.357097 0.012936 -0.006413 0.166988 0.413459
-0.302666 0.279296 -0.006843 -0.119359 0.002509 -0.015581 0.532314 0.561110 0.158540 0.361907 -0.133473 -0.109410
-0.204841 0.265250 0.247358 -0.099221 -0.278565 0.018215 -0.039964 0.068043 0.142418 -0.292034 0.115715 -0.177684
-0.351257 0.440541 -0.113453 -0.075577 0.084034 0.273441 0.106214 0.366147 -0.422488 -0.477930 0.465339 -0.470281
0.188605 0.095461 -0.623438 -0.516934 0.084563 0.257841 0.337477 0.167233 0.054633 -0.065025 0.251070 0.088526
0.554963 0.128073 -0.584409 0.082909 -0.025810 -0.374122 -0.063780 0.149634 0.049223 0.619957 -0.213999 -0.085391
-0.470226 -0.502122 0.176389 -0.241924 0.299823 -0.290253 0.043038 0.288721 -0.470315 0.183686 0.041303 -0.145570
0.456836 -0.395712 -0.161247 -0.184543 -0.594262 -0.473190 -0.095720 -0.108804 0.056591 0.306564 -0.035536 -0.019726
-0.022414 0.624666 0.158130 0.018866 -0.021286 -0.102928 -0.106122 0.104487 0.279776 0.348227 -0.546975 -0.076692
-0.353195 -0.420638 0.045397 0.338808 0.725340 -0.145705 0.281501 0.272792 0.671147 -0.398505 -0.319225 -0.187283
0.396037 -0.162077 -0.126002 0.276523 -0.009242 0.416520 0.041671 -0.456824 0.112834 -0.166383 0.134489 0.043448
-0.174651 0.073024 -0.011245 -0.022570 -0.112842 0.080412 -0.173552 0.169365 0.536380 0.122983 -0.494810 0.102806
-0.161627 -0.363678 -0.222327 0.287070 -0.045768 0.652653 -0.219624 -0.088332 -0.323995 0.365741 0.257167 0.033742
0.180869 -0.204570 -0.383021 -0.039914 0.138514 -0.183793 -0.106679 -0.506063 -0.040344 0.629104 -0.220984 -0.137739
-0.162660 0.238349 -0.584751 -0.148218 0.275914 -0.201519 -0.292670 0.385752 0.266083 0.551574 -0.061284 0.276639
0.705613 -0.247901 -0.062553 0.613724 0.262086 -0.054875 -0.085973 -0.223925 0.323506 -0.244946 0.049176 0.329288
0.129018 -0.048725 0.259406 -0.182184 0.166773 0.051541 0.583963 0.657421 -0.187024 -0.502129 0.274002 -0.000175
0.018155 0.065889 0.344601 -0.064462 -0.394400 0.562933 0.195671 0.064544 0.015759 -0.241509 -0.157487 -0.083127
0.053940 0.073572 0.085898 -0.093708 -0.185220 -0.291752 -0.258824 -0.113996 -0.030866 0.419080 -0.440383 -0.357805
-0.204868 0.049061 -0.133980 0.318531 -0.087348 0.171293 -0.097516 -0.280158 -0.422984 0.538248 0.667343 -0.028997
-0.349382 0.736731 0.433119 -0.471785 -0.149783 0.019509 -0.142939 -0.185102 0.247326 -0.099223 -0.211582 -0.056528
0.260252 0.604567 -0.806137 -0.354030 1.020612 0.113192 -0.253729 -0.165430 -0.175285 0.218910 -0.221599 0.092704
-0.079411 0.600090 -0.007483 -0.124197 0.025070 -0.307167 -0.306590 0.445461 -0.233305 0.697997 -0.260192 0.104947
-0.002536 0.552249 0.210444 0.119603 -0.057118 -0.132776 -0.121115 -0.195960 0.545128 0.212798 0.189061 -0.205665
-0.069753 -0.159042 0.028534 0.070392 0.067264 -0.137156 -0.602152 0.612223 0.204739 -0.804106 0.032134 0.498855
-0.074839 -0.115300 0.621341 -0.610398 -0.306008 0.063437 0.240726 0.057351 -0.178092 -0.584295 0.046627 0.371471
-0.462760 -0.670573 0.093961 0.003764 -0.346611 0.343658 0.114954 0.095579 0.179007 0.052167 0.124639 -0.350713
0.262746 0.919334 -0.325777 0.152740 0.711381 0.486677 0.464370 -0.223337 -0.029365 0.350081 -0.168577 -0.019158
-0.205070 0.031978 0.322941 0.191826 0.357055 -0.317923 0.517402 0.219027 0.159729 0.405959 -0.162730 -0.299177
0.590250 0.043164 -0.570401 -0.227581 -0.019115 0.114926 0.080741 0.022743 -0.124607 -0.138156 0.188971 -0.104711
0.034244 -0.273642 0.347287 -0.146581 -0.055447 0.192415 0.231360 0.112131 -0.655276 -0.298243 0.238414 -0.664071
0.102538 0.190404 0.339390 -0.027827 -0.081609 -0.121502 0.249271 -0.130863 0.145746 0.389963 -0.321455 -0.152472
0.019900 -0.232016 0.057671 -0.330051 -0.092082 -0.372502 0.365484 0.311137 -0.123477 -0.139245 0.501674 0.174604
-0.276722 0.142877 0.211217 0.084226 -0.319169 0.630066 -0.102258 0.354007 -0.093972 0.054656 -0.476534 -0.127963
0.021754 -0.094091 0.265539 -0.140657 0.120659 0.340940 0.054035 -0.482001 -0.009899 0.208759 -0.396986 -0.274646
0.254677 0.155110 -0.248781 0.193861 0.422423 0.319968 -0.270476 0.191471 -0.378371 -0.202437 -0.021904 -0.225670
-0.157304 -0.244800 -1.012167 -0.615739 0.039464 0.222870 -0.168193 -0.123935 -0.258948 0.512093 0.365270 0.142596
-0.319709 0.242840 0.272140 -0.067082 0.312163 -0.004838 0.308014 -0.288165 -0.086190 0.591969 -0.241960 -0.239713
0.278513 -0.122925 0.087976 -0.218240 -0.042209 0.037985 0.411417 -0.110633 -0.384140 0.160157 0.339022 -0.019292
-0.286076 -0.740727 0.698597 0.252296 0.140861 0.363737 0.385063 -0.000748 -0.136362 -0.598894 0.205431 0.244410
0.218723 -0.680435 0.036929 -0.061056 -0.250345 -0.303875 0.142885 -0.246784 0.873325 0.006352 -0.101671 0.227915
-0.542220 -0.582369 -0.154508 0.019838 0.397274 0.200282 0.727075 0.077016 0.293285 -0.028801 0.052463 -0.270074
-0.276009 -0.678246 -0.281607 0.237972 0.095617 0.627788 -0.434712 -0.082528 0.213819 -0.031754 -0.345165 0.006234
0.196306 -0.251283 0.175409 -0.082453 -0.069859 -0.023977 -0.362443 -0.134683 -0.002860 0.032444 -0.471577 -0.125709
-0.559516 -0.056851 -0.098627 -0.000640 0.687391 -0.419833 -0.056645 0.148348 -0.037438 0.283556 0.140842 0.005441
-0.009483 -0.330728 -0.070673 -0.659008 -0.240995 -0.217719 -0.379638 0.019966 0.359747 0.251830 -0.649478 -0.026801
0.177756 -0.088932 0.042584 -0.023237 0.466222 -0.604351 -0.271528 -0.155719 -0.032198 -0.501608 -0.149699 -0.579095
-0.022959 0.629817 0.486479 0.171841 0.011286 0.768459 0.184252 -0.739254 -0.301840 0.131763 0.078692 0.129756
0.054039 0.472881 0.059669 -0.238247 -0.823298 0.440722 0.322539 0.411804 0.408298 -0.101408 0.160010 -0.374034
0.127812 -0.268995 -0.071173 -0.155175 0.287043 0.335269 0.484033 -0.027218 -0.086005 -0.048582 -0.074905 0.143061
-0.098457 -0.050023 0.086517 -0.504125 0.367614 0.068753 0.341945 0.058898 -0.529368 -0.479032 0.371675 -0.051311
-0.099425 -0.294923 -0.163079 -0.350391 0.152131 -0.141466 -0.673536 -0.119463 0.643908 0.154262 -0.444265 0.734713
0.594477 -0.164028 0.109808 0.077890 0.564947 -0.093073 -0.454312 -0.174718 -0.218132 -0.178959 -0.285550 0.122721
0.208368 0.006625 0.311350 -0.236187 -0.512410 0.128729 0.065846 0.203852 -0.081239 0.127044 0.172331 0.298803
0.129554 -0.021509 0.223420 0.102259 0.156017 -0.014410 0.167561 0.462182 -0.194462 -0.206451 -0.372464 -0.146494
0.208685 0.491752 -0.077108 -0.159548 0.001165 0.345690 -0.217710 -0.312713 -0.106725 0.375703 0.157087 0.257777
-0.169488 0.800201 -0.303441 -0.062925 -0.139925 0.499050 -0.268930 0.213170 0.052056 -0.045899 0.240496 -0.002056
-0.194262 0.039229 0.399218 0.540729 0.422590 0.264871 -0.507348 -0.280026 -0.029552 0.431278 -0.376157 0.123527
-0.201162 0.160565 -0.059992 0.623944 0.225645 0.106393 -0.163687 0.028051 -0.322451 0.601519 0.211257 -0.063667
0.059215 -0.154746 0.088352 0.181477 -0.201270 -0.264450 0.146759 0.492207 0.132358 -0.294282 -0.018931 -0.511046
0.340307 -0.282442 0.129487 -0.714901 0.134985 -0.390668 0.298655 -0.417513 -0.141098 0.204285 -0.075923 -0.107960
-0.362556 0.119612 0.178430 -0.239900 0.000978 -0.220371 0.465421 -0.050911 0.256057 -0.164591 0.137692 -0.221659
0.483184 -0.082205 0.084557 -0.461160 0.181269 -0.402984 0.111046 -0.210803 0.203765 -0.224555 0.044602 0.396702
0.169129 -0.726187 0.029467 0.017044 -0.009861 0.025142 0.035871 0.411628 0.360986 -0.444621 0.020122 0.088667
-0.237082 -0.668746 0.484713 0.096828 0.168706 -0.090770 -0.326936 -0.527356 0.096829 0.111307 -0.067082 0.040195
-0.341127 -0.035829 0.150018 -0.200209 -0.186735 -0.295231 0.419194 -0.257010 0.370867 0.303580 -0.184408 -0.307305
0.425572 0.051058 0.082003 0.021097 0.030315 -0.039300 -0.174833 -0.340977 0.440639 -0.200753 -0.180293 0.387649
0.922117 -0.123349 -0.714771 0.226330 -0.137260 0.421570 -0.685970 0.082767 -0.244250 -0.254289 0.136807 0.464340
-0.136280 0.454279 -0.067337 0.057734 0.097948 0.273464 -0.227978 -0.246831 0.117468 0.276006 0.069686 -0.264870
0.179964 -0.038560 0.366422 0.353888 -0.209129 -0.329447 -0.298630 -0.270799 -0.460756 0.076086 0.488528 -0.077774
0.111039 -0.591181 -0.195223 -0.479187 0.096920 -0.072251 0.284722 0.395000 -0.397380 -0.312840 -0.335657 -0.229115
0.048226 -0.515111 0.229759 0.012884 -0.214261 0.073551 0.020279 0.145539 -0.169156 -0.080920 0.328922 0.361197
-0.257087 -0.687834 0.126385 0.871043 0.186232 0.316337 0.095038 0.270784 0.265810 -0.275580 -0.297596 -0.616282
0.046771 0.591468 0.087536 0.692778 0.168205 0.121084 0.388135 -0.490340 0.903662 0.043755 0.391645 -0.197246
0.138435 -0.292169 0.277677 0.164110 0.280027 -0.060377 0.583025 -0.562573 -0.094481 -0.169197 0.733307 0.286291
0.351436 -0.336956 -0.053338 0.155253 -0.002921 0.197971 0.355290 0.057336 0.029878 0.026323 0.397439 0.457231
0.014235 -0.141922 0.285805 -0.310682 0.423682 -0.275040 0.105415 -0.166318 -0.068900 0.429396 -0.205636 0.406489
-0.003907 -0.139063 0.320194 0.145694 0.111893 -0.232100 -0.218443 -0.342451 0.097825 0.273346 -0.114032 -0.439458
0.005933 -0.079974 -0.314301 -0.011082 -0.225371 0.677583 -0.094896 -0.138930 -0.221019 -0.406552 0.227008 -0.312908
0.262967 0.276022 -0.384552 -0.395230 0.267548 0.352058 0.105378 0.322192 -0.210528 -0.072203 -0.002036 0.359666
0.012142 0.321281 0.769013 0.194298 -0.374747 0.186323 -0.276284 0.249383 -0.386363 0.645521 -0.122595 0.071868
0.123241 0.483618 -0.142046 0.112068 -0.123465 0.672660 0.185179 -0.238579 0.073150 -0.032189 -0.358475 -0.493745
-0.425220 0.240509 -0.094045 0.270161 0.063911 -0.084939 0.151353 0.031409 0.282287 0.066450 0.443756 -0.196534
-0.018037 0.443421 0.134392 0.203311 -0.070442 0.131110 0.030847 -0.201004 0.239665 0.380123 -0.056510 -0.143902
0.566414 0.186492 0.042088 0.245890 0.051967 0.311295 -0.134807 -0.063839 0.064429 -0.114177 -0.040018 0.169808
0.405466 -0.148477 0.117340 0.099384 0.315246 -0.199649 -0.066664 0.174814 0.111614 0.002328 -0.361901 0.409127
0.086015 -0.036339 0.464297 -0.131802 0.157175 -0.091553 -0.176409 0.091896 -0.176487 0.044421 -0.007394 0.509576
0.253280 0.199389 0.173418 0.063922 -0.039181 0.092185 -0.142247 -0.428349 0.274787 -0.040436 -0.089839 0.055649
-0.476397 0.014490 0.439927 -0.379831 -0.151704 0.457372 -0.961518 -0.061891 0.053182 0.236782 -0.728484 0.474237
0.034108 -0.820650 -0.124868 -0.196721 -0.213627 -0.178146 -0.298584 0.402230 -0.242520 0.101486 0.248756 0.510811
-0.585032 -0.364871 -0.521908 0.082403 -0.161171 0.517024 -0.139247 -0.166799 0.717297 -0.169957 0.486382 0.618623
0.554762 0.638452 0.090769 0.036485 0.359882 -0.626109 0.106975 -0.232452 0.190008 -0.097587 0.128316 -0.099021
0.503097 0.159467 -0.089622 -1.113833 -0.131763 -0.317499 -0.150362 -0.089032 -0.390468 0.015689 -0.121037 0.085319
0.231693 -0.036077 0.642144 0.326823 -0.119565 -0.250000 -0.071911 -0.640965 0.013014 -0.266783 0.194970 -0.018051
0.013258 0.043103 0.356124 0.056833 -0.473164 -0.207339 -0.381398 0.655112 0.043122 0.515698 -0.266236 0.672088
-0.333385 -0.582409 0.110516 0.152312 0.239542 0.102525 0.293633 0.152597 0.250283 -0.533195 0.293092 0.072479
-0.227917 0.048815 0.491896 0.213572 -0.169820 -0.420397 -0.322996 -0.016783 0.130354 0.089070 0.115086 0.187539
0.288805 -0.272044 -0.026844 0.215185 -0.044499 0.199091 -0.032841 -0.633067 0.195027 0.042632 0.291177 -0.029447
-0.100501 0.104990 -0.727782 -0.182901 0.113200 0.139318 -0.094985 0.499151 0.289516 -0.031273 -0.494482 -0.442119
0.296817 -0.014650 0.028850 -0.026160 0.000477 -0.197659 0.248989 -0.299256 -0.060814 0.070373 0.449143 -0.007380
0.300622 -0.619206 -0.079352 -0.013730 0.047839 0.155179 0.333483 0.143846 0.440825 0.079978 -0.490288 0.599420
0.273819 -0.286592 -0.473675 -0.021889 -0.468302 0.392222 -0.236022 0.607694 -0.438587 -0.119297 0.254035 -0.175305
0.220023 0.041350 0.371866 -0.318065 -0.343886 -0.138842 0.278864 0.440595 -0.007817 -0.487191 -0.003010 -0.065849
0.472608 -0.157342 -0.145865 -0.116686 -0.141187 -0.142762 -0.212418 0.613070 -0.285774 -0.266947 -0.217121 0.029208
-0.001318 0.079498 0.673293 0.026973 0.669859 -0.370804 -0.166845 -0.300268 -0.099226 -0.347609 -0.491682 -0.272527
0.080145 -0.457622 -0.578714 0.318784 0.225327 0.039798 -0.402486 0.078839 0.060577 0.085177 -0.118286 -0.140345
0.327024 -0.512071 0.073770 0.289355 -0.258999 -0.175058 -0.356871 -0.021108 0.086128 0.138882 -0.166167 -0.360169
-0.184049 -0.493331 -0.181838 0.694134 -0.009058 -0.156110 0.067381 0.024079 0.399854 0.341400 0.224688 -0.362132
0.512849 -0.003542 0.259744 0.607215 -0.267291 0.333247 -0.281382 0.237850 0.160499 0.081499 -0.392426 0.009216
-0.777987 -0.112232 0.664835 0.073532 0.502481 -0.267334 0.047566 -0.395048 0.663191 -0.103524 -0.384346 0.062322
-0.246536 0.305711 0.289191 -0.220074 0.102379 0.249483 0.431302 0.438690 0.068395 0.264458 -0.388440 -0.146574
