-8.727322
-6.909966
0.005101
0.009337
6.011815
0.151950
-6.999783
-0.002449
-6.861219
-8.539895
-0.009482
0.014034
7.161052
-7.429512
-0.011502
-7.431927
-7.260242
0.007291
5.432700
1.058608
-0.010596
-0.003251
-0.004458
-6.230633
5.330709
0.979988
-0.000261
-7.618996
5.533733
-7.538995
-5.772704
5.806591
-8.199690
0.714256
6.616095
-7.652836
3.905082
6.492958
-7.888146
-6.241120
6.056000
-7.794441
-7.580887
-7.861584
0.005782
-8.037363
-6.354033
-6.784461
-6.643773
0.003049
0.002388
0.003013
1.300865
-7.244385
4.723815
-7.639055
0.003848
-6.384786
-7.415862
-8.689257
2.905711
-0.002761
