-0.025876
-0.033716
-0.017578
-0.002439
0.029777
-0.002082
0.017887
-0.048802
-0.000849
-0.003962
-0.003419
-0.001214
-0.000092
-0.000998
-0.000071
-0.038558
0.019410
-0.000527
-0.016317
-0.002194
0.020717
-0.001147
-0.023890
-0.001159
-0.000240
-0.013314
0.016254
-0.001669
-0.004658
-0.009896
0.006435
0.019401
-0.015323
-0.000727
-0.002836
-0.012144
-0.023797
-0.002368
-0.002886
-0.021473
-0.000220
0.015496
0.016333
-0.019010
-0.000473
-0.009531
-0.000296
0.018750
-0.015193
-0.016484
-0.007421
-0.029888
-0.035137
-0.000318
0.013990
-0.002117
-0.000188
0.021143
-0.021965
0.018709
0.033520
-0.030634
-0.001940
-0.045325
-0.000255
-0.009645
-0.000118
0.018522
-0.000149
-0.006290
-0.008133
0.021759
0.027563
-0.034678
-0.041935
-0.004472
0.019750
-0.000755
0.030170
0.001903
0.021385
-0.000352
-0.036952
-0.014964
0.013694
-0.001214
0.019425
-0.030164
-0.001029
-0.044720
0.004031
-0.002225
-0.001021
-0.009088
-0.000071
-0.000020
0.024688
0.000010
-0.005495
0.018008
0.012809
-0.041675
-0.004886
0.016676
-0.001120
-0.001760
-0.027247
-0.001830
-0.009787
-0.016285
-0.000437
-0.003950
-0.000095
-0.001985
-0.005753
