0.000025 0.000006 0.436259 -0.002536 -0.002371 -0.109721 0.021039 0.402615 0.000027 0.440843 -0.000043 -0.000023 0.348955 0.419727 0.000017 -0.000028 0.001717 -0.059054 -0.048869 -0.246964 -0.000074 -0.020454 -0.000016 0.256650 0.000005
-0.000011 -0.000017 0.375627 -0.001628 -0.000882 0.006675 -0.077954 -0.166998 -0.000059 0.057477 0.000002 0.000013 -0.141331 0.466967 0.000030 -0.000013 0.102576 0.032090 0.013648 -0.209249 0.000028 -0.018689 -0.000019 0.393435 -0.000036
0.000029 0.000007 0.051905 -0.001266 -0.000817 0.006579 -0.069045 0.094015 0.000048 0.053598 -0.000016 -0.000049 -0.122181 0.059332 0.000021 -0.000013 0.108140 0.356755 0.078340 -0.125309 0.000016 -0.017970 0.000023 0.256579 -0.000036
0.000090 0.000032 0.079091 -0.001768 -0.001599 -0.432574 -0.088538 0.174664 -0.000036 0.113526 0.000012 0.000045 0.116116 0.149521 -0.000043 0.000032 0.012363 -0.055283 0.207651 0.016426 -0.000074 -0.015129 -0.000009 0.055973 -0.000038
0.000018 -0.000021 -0.080073 -0.002165 -0.001827 -0.072414 0.278722 0.008946 -0.000015 0.231805 -0.000059 0.000023 -0.000034 -0.064079 -0.000048 -0.000001 0.008695 -0.177046 0.110230 -0.044684 -0.000036 -0.014651 0.000009 0.212025 -0.000033
-0.000035 0.000030 -0.117918 -0.001565 -0.001519 0.339568 -0.240284 0.019368 -0.000030 0.197548 -0.000019 -0.000009 -0.239208 -0.101770 0.000015 -0.000022 0.073737 0.111198 0.131915 -0.262768 -0.000126 -0.012897 0.000009 -0.039194 -0.000010
0.000028 -0.000018 0.276913 -0.001910 -0.001759 -0.067971 -0.013104 0.141114 -0.000000 0.134699 0.000023 -0.000008 -0.074495 -0.059937 0.000008 -0.000040 0.002330 0.208114 0.113353 -0.006076 0.000110 -0.011940 0.000004 0.031872 0.000014
0.000034 0.000016 0.323845 -0.002052 -0.002158 0.112678 -0.206973 0.221222 -0.000026 0.065857 0.000023 -0.000048 -0.001318 -0.076867 0.000059 0.000004 0.002895 0.413283 0.011652 0.016798 -0.000016 -0.011227 -0.000008 -0.039658 0.000076
0.000024 -0.000014 0.227493 -0.001905 -0.002804 0.195359 -0.230283 0.151545 -0.000031 -0.291941 -0.000002 0.000038 0.002492 -0.226720 0.000057 -0.000004 0.068531 0.391275 -0.335241 0.154830 0.000009 -0.012498 0.000005 -0.047016 0.000002
-0.000024 0.000012 0.253065 -0.001372 -0.002336 -0.004873 -0.111567 -0.040396 -0.000019 -0.156797 0.000014 0.000041 -0.221594 0.020092 0.000041 0.000008 0.128307 0.001869 -0.691417 0.004862 -0.000057 -0.012926 0.000018 -0.183188 0.000005
-0.000020 -0.000014 0.151091 -0.000878 -0.001405 -0.148138 0.194418 0.069710 -0.000002 0.234166 -0.000020 -0.000033 -0.081118 0.181094 0.000059 -0.000013 0.047205 -0.491645 -0.523689 0.204144 0.000006 -0.014348 0.000031 -0.152154 -0.000009
0.000106 -0.000003 0.169464 -0.000838 -0.000500 -0.007181 0.208020 0.253333 -0.000042 0.065569 -0.000034 0.000007 -0.117116 0.088479 -0.000005 0.000003 0.056553 -0.451503 -0.456466 0.219115 0.000166 -0.013664 0.000009 -0.077304 0.000034
0.000061 0.000028 0.262004 -0.001451 0.000518 0.246067 0.006748 0.248787 0.000019 0.049652 -0.000012 -0.000008 -0.005980 0.095933 -0.000095 -0.000016 0.017954 -0.356024 -0.153095 0.448460 -0.000028 -0.012380 -0.000003 -0.118459 -0.000089
-0.000071 0.000012 0.215872 -0.001431 0.000911 0.246324 -0.458781 0.276483 0.000016 -0.320507 -0.000042 -0.000024 -0.002353 -0.001665 0.000051 -0.000003 0.157623 -0.059716 -0.259967 0.297487 0.000042 -0.012567 -0.000005 -0.018084 -0.000009
0.000041 0.000013 0.172914 -0.001957 -0.000087 0.241877 -0.430287 0.188813 -0.000022 -0.320390 0.000001 -0.000012 0.049550 0.062422 -0.000159 0.000007 0.120080 0.127883 -0.077566 0.212291 0.000039 -0.012622 0.000012 0.056559 -0.000008
0.000003 -0.000021 0.403902 -0.001381 -0.001400 0.041298 -0.200964 0.056546 -0.000041 -0.454463 -0.000027 -0.000016 0.081662 0.291216 0.000006 -0.000002 0.066396 0.077085 0.158700 0.209690 -0.000043 -0.012613 0.000012 -0.021875 -0.000039
-0.000060 0.000009 0.096711 -0.001354 -0.001550 -0.018087 0.001387 0.117615 0.000068 -0.240099 -0.000052 -0.000016 -0.099803 0.178138 -0.000091 -0.000007 0.057857 0.088693 0.205237 -0.008755 -0.000060 -0.011740 -0.000017 0.133230 0.000013
-0.000040 0.000010 0.187790 -0.001372 -0.001565 -0.088408 0.164797 -0.033676 -0.000014 -0.216068 -0.000028 -0.000010 -0.371529 -0.178033 0.000007 0.000013 0.037076 -0.001083 0.385412 -0.114834 0.000022 -0.011473 0.000015 0.057502 -0.000013
-0.000021 0.000007 0.291366 -0.001554 -0.001944 -0.389019 0.041946 -0.095701 -0.000014 -0.053769 0.000014 -0.000024 -0.276256 -0.136712 0.000089 -0.000007 0.005074 0.051871 0.445770 0.133884 0.000050 -0.010729 0.000015 0.094015 -0.000027
0.000003 0.000053 0.004379 -0.001561 -0.001521 -0.091748 -0.235976 -0.210897 0.000052 -0.124573 0.000025 -0.000007 -0.070130 -0.159705 0.000020 -0.000029 0.089690 0.034343 0.278981 -0.103418 -0.000096 -0.009174 -0.000007 0.463245 0.000025
-0.000040 -0.000026 -0.122373 -0.001960 -0.002283 -0.107878 -0.273709 0.215677 0.000004 0.102728 0.000015 0.000022 0.139426 -0.468001 0.000044 0.000048 0.001962 0.109394 0.238482 -0.291550 -0.000028 -0.006727 -0.000030 0.324655 0.000022
0.000021 -0.000010 -0.150519 -0.002265 -0.002829 -0.108424 -0.167658 0.104584 -0.000018 0.262616 0.000015 -0.000009 0.124076 -0.319481 -0.000024 0.000005 -0.010116 -0.104771 0.114636 -0.330744 0.000116 -0.005864 -0.000005 0.011831 -0.000050
0.000029 -0.000020 -0.077516 -0.002411 -0.002974 -0.142563 -0.070963 0.272432 0.000017 0.217968 0.000005 0.000007 0.237281 -0.208307 0.000023 0.000038 -0.061193 -0.185900 0.131387 -0.215453 0.000087 -0.006587 -0.000009 0.272729 0.000025
0.000048 0.000038 0.044920 -0.002439 -0.001869 0.077344 0.078439 -0.057561 0.000016 0.047537 -0.000004 0.000026 -0.001681 -0.491970 0.000005 -0.000009 -0.036201 -0.128786 0.008450 -0.344280 -0.000177 -0.007828 0.000006 0.127620 0.000087
0.000034 0.000001 0.006677 -0.002573 -0.003438 0.653666 0.144014 -0.156823 0.000031 0.055628 -0.000004 0.000001 -0.134288 -0.169979 -0.000037 0.000017 -0.006330 0.019185 0.026163 -0.306360 0.000026 -0.006164 0.000039 0.072667 0.000006
0.000033 -0.000021 0.283400 -0.002540 -0.005804 0.261402 0.175335 -0.081933 -0.000016 0.274837 -0.000060 -0.000013 -0.090443 -0.217722 -0.000078 -0.000015 -0.029180 0.004344 0.053884 -0.280271 0.000122 -0.008119 -0.000019 0.125111 -0.000032
0.000033 0.000009 0.367038 -0.003618 -0.007139 0.034138 -0.091660 -0.012168 0.000004 0.208080 -0.000002 0.000035 0.125439 -0.218897 -0.000032 -0.000006 -0.014222 -0.087928 -0.092434 -0.268705 -0.000094 -0.005342 -0.000010 -0.057388 -0.000018
-0.000035 -0.000018 0.349141 -0.002849 -0.006916 0.131679 -0.297270 0.005916 0.000027 0.255796 0.000004 0.000043 0.103261 -0.086270 -0.000006 0.000008 -0.016218 0.058462 -0.311779 -0.191300 -0.000010 -0.004689 0.000008 -0.201286 0.000012
-0.000041 0.000019 0.205004 -0.002665 -0.006872 0.049523 -0.142862 -0.154554 -0.000034 0.075975 0.000004 0.000008 0.044039 0.010735 0.000009 0.000019 -0.015283 -0.015401 -0.474255 -0.058416 -0.000022 -0.004190 -0.000007 0.232391 -0.000100
-0.000002 0.000009 0.197570 -0.002537 -0.006110 0.142590 0.068979 -0.120128 0.000005 0.195051 0.000065 -0.000002 0.052775 -0.056777 0.000041 -0.000034 -0.030894 0.208046 -0.220077 -0.329982 -0.000028 -0.005938 0.000015 -0.005108 -0.000034
0.000035 -0.000015 0.374352 -0.002303 -0.006178 0.010920 0.045997 0.020802 -0.000020 0.283567 -0.000014 -0.000036 0.124536 -0.127198 -0.000035 -0.000000 -0.079262 0.057132 -0.013346 -0.077036 -0.000173 -0.006664 -0.000009 -0.024419 0.000012
0.000038 0.000016 -0.029793 -0.002343 -0.004638 0.333055 -0.274637 0.150603 0.000004 0.336481 -0.000012 0.000002 0.117388 -0.384097 0.000026 0.000007 -0.006145 0.028411 -0.086444 -0.132467 0.000111 -0.007486 -0.000010 0.266495 0.000001
-0.000023 0.000002 0.227424 -0.002110 -0.004330 -0.066521 -0.153564 0.012132 0.000025 0.270879 0.000048 0.000013 -0.189067 -0.353528 -0.000023 0.000012 0.001236 -0.151601 -0.077068 -0.082726 -0.000036 -0.008885 0.000041 0.109129 -0.000021
0.000033 -0.000015 0.303165 -0.002525 -0.003669 0.146701 -0.225980 -0.232958 0.000034 0.226302 0.000066 0.000000 -0.000088 -0.253382 0.000055 -0.000004 0.006968 0.113805 0.086788 0.255867 0.000089 -0.008433 0.000007 -0.045256 -0.000056
0.000017 0.000010 0.066948 -0.002358 -0.004437 0.060761 -0.135679 -0.343503 -0.000019 -0.011495 -0.000007 0.000026 -0.078600 -0.343216 0.000058 -0.000024 0.095313 0.099462 0.047946 0.199336 -0.000073 -0.009550 0.000005 0.106766 0.000001
0.000093 -0.000018 -0.008645 -0.001895 -0.004068 -0.049359 -0.188079 -0.139642 0.000015 0.229870 0.000012 -0.000028 -0.054822 -0.261333 0.000023 0.000020 0.058028 -0.037076 -0.010257 0.366577 0.000136 -0.009640 -0.000005 0.190586 -0.000052
-0.000065 0.000012 -0.183789 -0.000376 -0.004646 -0.043943 -0.344229 -0.041386 0.000024 0.108875 0.000000 0.000011 -0.130335 -0.453860 -0.000110 -0.000006 0.057863 0.146432 0.122745 0.254354 0.000021 -0.015442 0.000010 -0.008352 -0.000038
0.000027 -0.000020 -0.231113 -0.000701 -0.004224 -0.296611 -0.167062 -0.123796 -0.000033 0.033298 0.000045 -0.000020 -0.142621 -0.309923 0.000018 0.000007 0.118450 0.094502 0.067346 0.329472 -0.000026 -0.015840 0.000021 -0.016413 0.000003
-0.000009 0.000011 0.177025 -0.001297 -0.004092 -0.438092 0.178093 0.008257 -0.000030 0.347619 0.000003 0.000007 -0.017124 -0.233211 -0.000091 0.000009 0.014654 -0.309826 0.119083 0.390650 -0.000021 -0.016228 0.000000 -0.115989 -0.000021
-0.000020 -0.000013 0.187501 -0.000746 -0.004613 -0.193257 0.078618 0.106388 0.000069 0.156944 -0.000023 -0.000020 -0.218609 -0.099140 0.000019 0.000019 0.136424 0.216861 0.002080 0.099595 0.000109 -0.013783 0.000002 -0.248681 0.000004
0.000040 -0.000001 -0.040687 -0.000721 -0.003843 0.230327 -0.018651 0.150151 0.000067 0.126666 -0.000053 -0.000021 -0.365748 0.045578 0.000032 -0.000018 0.148148 0.230882 0.012923 0.100902 0.000260 -0.013190 -0.000001 -0.029447 -0.000037
0.000036 -0.000017 -0.231302 -0.000928 -0.003250 0.088888 -0.274854 0.010967 -0.000029 0.245269 0.000018 0.000010 -0.291758 0.088760 -0.000005 0.000008 0.152938 0.341392 -0.155619 0.063294 -0.000057 -0.015557 0.000000 0.097735 0.000031
-0.000044 0.000014 -0.218755 -0.000430 -0.002778 0.111673 -0.144625 0.163697 0.000021 0.174711 0.000019 -0.000008 -0.158202 0.187944 -0.000057 -0.000005 0.052593 0.369906 0.096884 -0.025218 0.000066 -0.014809 0.000010 0.014535 0.000088
-0.000065 0.000039 -0.527202 -0.000625 -0.003927 0.140672 -0.102729 -0.023872 -0.000019 -0.101655 0.000026 0.000000 -0.051268 -0.072276 -0.000045 -0.000016 0.117275 0.195993 0.021028 0.025330 -0.000095 -0.014894 -0.000001 0.106427 -0.000032
-0.000005 0.000007 0.079440 -0.000513 -0.003669 -0.364264 0.075403 0.156983 0.000035 0.061365 0.000022 -0.000015 0.221350 0.031824 0.000074 0.000029 0.005435 -0.210633 -0.086262 0.167487 0.000082 -0.015146 -0.000008 0.043894 0.000044
-0.000022 0.000000 0.033297 -0.000428 -0.003089 0.175094 -0.061090 0.084516 -0.000041 0.001950 0.000052 0.000013 -0.030060 -0.098012 0.000112 0.000011 0.053533 -0.112626 0.072279 0.038772 0.000086 -0.015820 0.000011 0.054313 -0.000002
-0.000039 -0.000022 0.120286 -0.001309 -0.002579 -0.029679 0.468660 0.135923 -0.000013 -0.036333 0.000004 -0.000012 0.035641 -0.156722 0.000095 0.000001 0.006466 -0.059331 -0.143387 0.070809 0.000009 -0.015860 -0.000004 0.050919 -0.000025
0.000100 -0.000001 0.011765 -0.001515 -0.003164 0.055152 -0.062298 0.005046 -0.000014 -0.017980 0.000008 -0.000012 -0.202459 -0.228357 0.000030 0.000044 0.015502 -0.029297 -0.157183 -0.193787 -0.000053 -0.017813 0.000006 0.052002 0.000005
-0.000002 -0.000002 0.024378 -0.001504 -0.002341 -0.167593 0.133037 0.050518 -0.000092 0.158601 -0.000024 0.000001 -0.169438 0.059469 -0.000057 0.000008 0.000015 0.269839 -0.058941 0.018431 0.000096 -0.020509 -0.000025 -0.042340 0.000051
-0.000018 -0.000036 0.224826 -0.000990 -0.002237 -0.067183 -0.165673 -0.019684 -0.000025 -0.168068 -0.000011 -0.000004 -0.337974 0.086634 0.000021 -0.000002 0.049510 0.146834 -0.312784 0.096904 0.000064 -0.019309 0.000009 -0.117439 0.000010
0.000039 0.000002 0.159793 -0.000296 -0.002364 0.211778 0.203112 0.249858 -0.000059 0.152843 -0.000017 0.000017 -0.010488 0.078359 0.000004 -0.000027 -0.002265 0.102835 -0.082111 0.102072 0.000042 -0.017954 -0.000014 -0.096124 0.000020
0.000135 0.000022 0.035156 -0.000576 -0.002415 0.010633 -0.104642 0.342262 -0.000016 0.073347 -0.000018 0.000009 -0.061121 0.192391 -0.000061 -0.000042 0.001598 0.132677 -0.318783 0.079131 -0.000068 -0.017738 -0.000008 -0.033751 0.000009
0.000042 0.000002 -0.144446 -0.000416 -0.001553 -0.399415 -0.143717 0.382493 -0.000019 0.238431 0.000017 -0.000039 -0.099467 0.396353 0.000090 0.000017 0.029957 0.187192 -0.310549 -0.403190 0.000057 -0.018164 0.000018 0.101023 -0.000023
0.000030 -0.000022 -0.005493 -0.000508 -0.001251 -0.181423 0.208885 0.304500 0.000064 0.255125 -0.000021 -0.000029 -0.020513 0.006517 -0.000035 -0.000003 0.008875 0.113743 -0.065167 -0.401170 0.000031 -0.017586 0.000010 0.097547 -0.000016
-0.000033 -0.000010 -0.131551 -0.000699 -0.000191 -0.179899 -0.021529 -0.319814 0.000009 -0.215617 0.000025 0.000015 -0.203536 0.174999 0.000028 0.000006 0.167293 -0.041086 -0.077235 -0.273371 0.000002 -0.018496 -0.000009 0.284050 -0.000000
-0.000021 -0.000034 0.135312 -0.001254 -0.000218 -0.390090 -0.064996 0.009509 -0.000002 -0.047936 0.000020 0.000004 -0.130828 -0.179989 0.000077 0.000030 0.132256 0.118454 0.147571 -0.260227 -0.000073 -0.019647 -0.000023 0.082264 -0.000037
-0.000083 0.000001 0.194149 -0.001128 0.000253 -0.620022 -0.149530 0.000634 -0.000010 0.097229 -0.000039 -0.000062 -0.040154 -0.039685 0.000091 0.000021 0.110553 0.055471 0.254404 -0.027311 -0.000059 -0.020742 -0.000033 0.066826 0.000016
0.000078 -0.000055 0.272564 -0.001147 0.000756 -0.632008 0.071035 -0.055220 0.000031 0.064841 0.000004 -0.000045 0.039743 -0.091170 -0.000059 0.000004 0.100440 -0.035640 0.191202 -0.134407 0.000075 -0.019815 0.000028 0.012640 0.000054
-0.000042 -0.000016 0.124461 -0.000820 0.000621 -0.297686 -0.073258 0.097459 0.000038 0.262205 -0.000026 -0.000004 0.251795 -0.088027 0.000134 0.000002 0.048644 -0.000236 0.213270 -0.145722 0.000022 -0.016997 0.000000 0.143108 -0.000052
-0.000030 -0.000004 0.041060 -0.000742 -0.000260 0.224075 -0.040327 -0.035819 -0.000013 0.051027 0.000048 0.000049 -0.026624 -0.116085 0.000055 -0.000001 0.081519 0.048102 0.144820 -0.294789 0.000003 -0.016720 -0.000002 0.290351 -0.000098
0.000045 -0.000015 0.187906 -0.000984 0.000152 0.293068 -0.134405 0.215692 -0.000018 0.193402 0.000004 0.000003 -0.097872 0.018744 -0.000055 0.000012 0.046851 0.002238 0.255267 -0.307994 -0.000096 -0.017767 -0.000022 0.077286 -0.000010
-0.000063 -0.000009 0.102581 -0.001664 -0.000968 0.466265 0.208583 -0.120484 -0.000039 0.183313 -0.000020 -0.000010 -0.408011 0.045227 -0.000010 0.000046 0.022074 0.019193 0.339888 -0.158539 -0.000015 -0.020602 0.000026 0.068747 -0.000037
0.000112 -0.000011 0.018166 -0.001984 -0.001766 -0.056415 0.196906 -0.152967 0.000068 -0.090044 -0.000014 0.000010 -0.381603 0.221713 0.000133 -0.000017 0.058363 -0.149478 0.218877 -0.115151 -0.000024 -0.021856 0.000017 0.233925 0.000015
-0.000118 -0.000000 -0.314484 -0.001644 -0.000964 -0.280233 0.070134 0.074010 0.000043 0.126965 -0.000032 0.000021 -0.135529 -0.022587 0.000015 -0.000004 0.002150 -0.301668 0.354212 0.018323 0.000304 -0.021236 0.000021 0.268925 0.000012
0.000035 0.000007 -0.116307 -0.002252 -0.001366 -0.556479 -0.176741 0.255205 0.000014 0.339934 -0.000046 0.000001 -0.158355 0.222837 -0.000168 0.000032 -0.000279 -0.043576 0.298894 -0.155755 0.000282 -0.023702 0.000035 0.062800 0.000011
0.000027 0.000023 -0.336097 -0.003174 -0.001319 -0.979422 -0.410987 -0.050587 0.000045 0.202231 0.000061 -0.000016 -0.220701 0.346194 0.000023 -0.000020 0.055868 0.182262 0.285186 -0.214637 0.000082 -0.024456 -0.000049 0.179382 0.000089
-0.000085 0.000025 -0.250886 -0.001879 -0.000394 -1.043563 -0.008102 -0.207978 -0.000002 0.194302 -0.000003 0.000026 -0.095331 0.078761 0.000009 -0.000050 0.042684 -0.036270 0.218531 0.083322 -0.000109 -0.020924 0.000010 0.123592 -0.000006
0.000007 -0.000008 -0.095550 -0.001375 -0.000750 -0.855614 -0.058805 0.002619 -0.000015 0.037576 0.000007 -0.000016 -0.003092 -0.088409 -0.000053 -0.000019 0.066267 -0.207317 0.082483 0.091936 -0.000022 -0.021070 0.000007 0.240087 0.000019
0.000043 -0.000015 0.117322 -0.000827 -0.000719 -0.435805 -0.067753 -0.181185 -0.000036 -0.045333 0.000017 -0.000028 -0.025667 -0.128856 -0.000005 0.000029 0.092277 -0.401512 0.127550 0.142583 0.000299 -0.018978 -0.000003 0.143411 -0.000053
0.000041 0.000018 0.091996 -0.000793 0.000429 -0.142476 -0.162332 0.124013 0.000047 0.019516 0.000013 -0.000024 -0.210978 0.043855 0.000050 0.000004 0.024217 0.288998 0.081607 0.161194 -0.000062 -0.019265 0.000000 0.074008 -0.000004
-0.000145 0.000012 0.309534 -0.001529 0.000858 0.072793 -0.194227 0.230318 0.000017 0.417506 0.000004 0.000014 -0.253913 -0.282562 -0.000003 0.000046 0.004180 0.361356 0.082775 0.470666 -0.000047 -0.019195 0.000003 0.128135 -0.000021
0.000069 -0.000000 0.005409 -0.001050 0.001460 0.218362 -0.362467 -0.104191 -0.000058 0.111701 -0.000006 0.000007 -0.404272 -0.210096 0.000032 0.000027 0.131260 0.047999 -0.006351 0.308360 0.000010 -0.017531 -0.000016 0.215842 -0.000005
-0.000008 0.000001 -0.207481 -0.000488 0.001367 0.000874 -0.189787 0.025798 -0.000030 0.100290 0.000012 -0.000002 -0.194958 -0.253055 -0.000094 -0.000004 0.070726 0.163061 -0.056644 0.480265 -0.000013 -0.015130 0.000045 0.175643 -0.000014
-0.000044 -0.000009 -0.130356 -0.001272 0.001588 0.013388 -0.082157 -0.017573 -0.000068 0.202062 -0.000004 0.000006 -0.029543 0.055052 -0.000120 -0.000052 0.013306 -0.104260 -0.002879 0.541477 -0.000051 -0.011361 -0.000014 0.060857 0.000027
0.000062 -0.000017 -0.163989 -0.000941 0.000122 0.097756 -0.025769 -0.099447 0.000053 0.217327 -0.000014 -0.000013 -0.003534 0.350397 0.000017 0.000003 0.030721 -0.004802 -0.014800 0.313555 0.000000 -0.009280 -0.000017 0.161528 0.000013
0.000047 -0.000003 -0.279006 -0.000970 0.000469 -0.024426 -0.118027 -0.160354 0.000017 0.168425 0.000008 -0.000028 0.308356 0.785708 -0.000070 0.000005 0.014088 -0.204413 -0.049691 0.342049 -0.000139 -0.010036 0.000010 0.249554 -0.000042
-0.000150 0.000017 -0.393398 -0.002000 0.000536 0.149942 0.070330 -0.163653 0.000007 0.119435 -0.000035 0.000007 0.190692 0.679964 0.000019 -0.000052 0.004330 -0.339812 0.180657 0.345212 -0.000041 -0.009823 0.000009 0.163085 0.000029
-0.000036 -0.000006 -0.168388 -0.002181 -0.000131 0.124804 -0.265864 0.023457 0.000036 0.150678 -0.000015 -0.000009 0.237969 0.431581 -0.000028 0.000015 0.006020 -0.346062 0.176198 0.213420 -0.000042 -0.008788 0.000023 0.010556 0.000033
-0.000046 -0.000004 -0.245277 -0.002582 -0.001010 0.120740 0.093281 -0.286126 -0.000023 -0.089485 -0.000047 0.000104 -0.150585 0.323841 -0.000048 0.000027 0.050830 -0.009030 0.000235 0.020075 -0.000027 -0.006986 -0.000011 0.000274 0.000011
0.000025 0.000011 -0.323914 -0.003106 -0.001470 0.010383 0.273332 0.016455 0.000032 -0.003427 -0.000044 -0.000012 -0.369205 -0.101223 0.000019 0.000018 0.035528 0.425176 -0.091783 -0.258151 -0.000024 -0.007612 0.000026 -0.096085 -0.000015
0.000042 -0.000001 -0.508086 -0.002557 -0.000862 -0.154148 0.323764 0.145183 -0.000026 0.028752 0.000003 0.000041 -0.203836 -0.140521 0.000020 -0.000035 0.002818 0.425569 -0.020681 -0.155173 0.000041 -0.009604 0.000002 -0.480089 -0.000013
0.000046 -0.000002 -0.581271 -0.003288 -0.000800 -0.124924 0.195507 0.251470 -0.000013 0.156669 0.000052 -0.000014 -0.267139 -0.021912 0.000046 -0.000005 0.006068 -0.034026 -0.181194 -0.338164 -0.000068 -0.008793 0.000001 -0.391773 -0.000023
-0.000116 -0.000037 -0.293300 -0.002702 -0.001344 -0.404923 0.297636 0.110167 -0.000047 -0.081107 -0.000036 0.000036 -0.023590 0.117739 0.000064 -0.000001 0.018701 -0.515448 -0.289206 -0.425654 -0.000099 -0.009912 0.000015 -0.350460 -0.000014
-0.000022 0.000011 -0.398069 -0.002070 -0.003052 -0.047321 0.062829 0.222002 0.000016 -0.054698 -0.000049 -0.000008 -0.103630 0.086692 -0.000008 -0.000007 0.026148 -0.581873 -0.132234 -0.405267 -0.000048 -0.011023 -0.000019 -0.328331 -0.000006
-0.000020 0.000006 -0.193020 -0.002367 -0.003674 0.008911 -0.029350 0.285456 0.000022 0.057203 -0.000044 0.000078 -0.023089 0.200733 0.000068 -0.000022 0.002476 -0.892981 -0.114891 -0.292257 0.000132 -0.012061 -0.000022 -0.495298 -0.000024
0.000032 0.000010 -0.302575 -0.002541 -0.003498 0.139410 -0.048257 0.435792 0.000031 0.121024 -0.000026 -0.000014 0.300093 0.134484 -0.000013 0.000031 -0.002112 -1.220429 -0.249607 -0.216610 0.000194 -0.012136 0.000020 -0.150420 0.000028
-0.000112 0.000004 -0.407209 -0.001876 -0.003930 -0.038035 0.047970 0.061189 0.000033 -0.028274 -0.000036 -0.000011 0.037819 -0.053120 0.000023 0.000002 0.003025 -1.450204 -0.404968 -0.182966 0.000128 -0.011752 0.000018 -0.050437 -0.000016
-0.000077 -0.000004 -0.015561 -0.003157 -0.003707 0.094479 0.164819 0.084902 -0.000032 0.056805 -0.000006 0.000011 -0.145633 -0.048938 0.000002 0.000368 0.013209 -0.739789 -0.369437 -0.188214 -0.000077 -0.009246 -0.000009 0.001923 0.000030
-0.000021 0.000016 -0.161770 -0.003284 -0.003327 0.058856 0.258672 0.000023 -0.000030 -0.037753 -0.000026 0.000031 -0.211693 0.118045 -0.000104 -0.000037 0.066399 -0.399503 -0.216151 -0.242550 0.000072 -0.008500 0.000028 0.289123 0.000020
-0.000028 0.000051 -0.243727 -0.003342 -0.002815 -0.069538 0.210467 0.067435 0.000028 -0.100204 -0.000041 0.000053 0.149623 0.079836 0.000028 -0.000040 0.002063 -0.417517 0.018934 0.192036 -0.000055 -0.007938 -0.000024 0.476356 0.000014
-0.000040 0.000013 -0.337198 -0.003185 -0.004387 0.030801 0.119268 0.331947 0.000007 -0.086104 -0.000028 0.000039 -0.006499 0.177015 0.000023 0.000003 0.047800 -0.294402 0.034557 -0.056917 -0.000006 -0.008111 -0.000001 0.124875 0.000042
0.000090 -0.000007 0.008502 -0.003134 -0.003307 0.200651 0.297448 0.210740 -0.000005 -0.115660 -0.000026 -0.000000 -0.031755 0.185764 0.000114 -0.000026 0.073905 0.208672 0.017416 -0.164594 -0.000023 -0.006994 -0.000013 -0.057345 0.000009
0.000025 0.000008 -0.071211 -0.002502 -0.002600 0.247985 0.024882 0.046065 -0.000105 -0.462547 0.000037 0.000011 -0.137931 -0.020168 -0.000118 -0.000001 0.141058 0.406084 0.044878 -0.288770 0.000058 -0.008874 -0.000025 -0.468391 -0.000026
-0.000003 -0.000012 -0.135336 -0.002246 -0.002573 0.196276 0.023729 0.292966 -0.000108 -0.147237 -0.000005 0.000003 -0.046547 -0.015968 0.000090 0.000003 0.060903 0.390358 0.052534 -0.183947 0.000076 -0.011481 0.000019 -0.316224 -0.000038
-0.000087 0.000062 0.078776 -0.001899 -0.002525 0.129796 0.219865 0.120404 0.000122 -0.015918 -0.000038 0.000072 0.110969 -0.302879 0.000062 -0.000022 0.015710 0.032562 0.086667 0.133769 0.000032 -0.014181 0.000003 -0.408503 -0.000038
0.000016 0.000005 0.242671 -0.001750 -0.002740 0.320591 -0.264856 -0.030620 0.000012 -0.276235 -0.000005 0.000010 0.068676 -0.157600 -0.000120 0.000030 0.046594 -0.086271 0.097737 0.208192 -0.000030 -0.012483 0.000014 -0.345907 -0.000049
0.000022 0.000021 0.157109 -0.001870 -0.003197 0.187420 0.072378 -0.062745 0.000067 -0.270487 0.000017 0.000006 0.167908 -0.336700 0.000042 -0.000024 0.009806 -0.164442 -0.002680 0.412414 -0.000050 -0.012437 0.000007 -0.292479 0.000024
0.000153 0.000009 -0.244637 -0.002474 -0.003687 0.062518 -0.096341 0.134442 -0.000023 -0.351348 0.000016 0.000012 0.184476 -0.314304 -0.000153 0.000012 0.001785 -0.005387 -0.119979 0.159065 -0.000089 -0.010750 -0.000022 -0.078500 0.000012
-0.000016 0.000024 -0.044651 -0.001902 -0.003350 0.020591 -0.242889 0.007660 0.000031 -0.092111 -0.000029 0.000021 0.073411 0.084484 0.000032 -0.000019 0.027931 0.000065 -0.079617 0.001071 -0.000003 -0.010885 -0.000000 -0.022532 -0.000012
0.000031 0.000009 0.016941 -0.001421 -0.003299 0.157566 -0.136604 -0.016632 -0.000027 0.046459 -0.000031 0.000047 -0.017747 -0.053960 -0.000015 0.000011 0.018544 -0.081573 -0.042643 0.009762 -0.000259 -0.010683 0.000005 -0.143365 -0.000018
0.000072 0.000000 0.126234 -0.001677 -0.003463 0.058651 -0.199490 0.073840 0.000069 0.155346 -0.000053 0.000005 -0.011416 0.271520 0.000044 -0.000015 0.016051 -0.209345 0.010309 -0.014703 -0.000068 -0.009863 0.000014 0.218718 0.000009
0.000008 -0.000018 -0.008067 -0.001233 -0.003886 0.234704 0.094752 -0.114564 0.000036 0.002561 -0.000052 0.000023 -0.056480 0.073113 0.000067 0.000013 0.064816 -0.239195 0.079925 -0.057828 0.000056 -0.011166 0.000020 0.416487 -0.000049
-0.000019 0.000002 -0.065682 -0.001532 -0.004003 0.065020 0.074502 -0.002923 -0.000036 0.225118 -0.000016 0.000027 -0.000940 0.247179 0.000029 -0.000009 0.032589 -0.056765 0.155061 -0.164287 -0.000044 -0.011303 -0.000000 0.097696 0.000043
0.000040 -0.000025 -0.014142 -0.001273 -0.004299 -0.364235 -0.243146 0.027624 0.000012 0.029162 0.000005 0.000012 -0.024737 0.230030 0.000019 -0.000016 0.137098 0.067117 0.284955 -0.122290 0.000055 -0.012357 0.000006 -0.403246 -0.000014
0.000036 -0.000003 -0.013998 -0.000728 -0.005025 -0.366173 -0.054406 0.033526 -0.000000 -0.098724 -0.000006 0.000019 0.162571 0.241933 0.000023 -0.000029 0.100565 0.116486 0.291071 0.068095 0.000073 -0.014739 0.000002 -0.398957 0.000011
0.000021 0.000037 -0.298851 -0.000705 -0.006114 -0.012742 -0.281730 -0.032536 0.000026 -0.187651 -0.000008 0.000013 0.268504 0.286488 0.000032 -0.000025 0.139880 -0.025238 0.285810 0.063362 0.000041 -0.014887 0.000021 -0.245963 0.000048
0.000134 0.000004 -0.128221 -0.000634 -0.005503 0.052442 -0.119137 0.057442 -0.000005 -0.186220 0.000028 -0.000051 0.316488 0.147211 0.000037 -0.000017 0.026908 -0.096004 0.397658 0.309099 0.000008 -0.012670 0.000041 -0.592954 -0.000024
-0.000100 -0.000063 -0.230138 -0.001503 -0.005137 0.087236 0.015806 0.146429 -0.000026 -0.288683 -0.000012 -0.000013 0.220511 0.040724 -0.000029 0.000014 0.028414 0.101607 0.302111 0.245705 -0.000104 -0.011778 -0.000005 -0.565984 -0.000036
-0.000021 -0.000036 -0.509478 -0.001320 -0.005227 0.367617 -0.041714 -0.030783 -0.000117 -0.299801 0.000033 -0.000015 0.087845 -0.145983 -0.000002 0.000025 0.026064 0.223992 0.123656 0.118740 0.000128 -0.012818 -0.000006 -0.282176 -0.000002
-0.000081 -0.000005 -0.000380 -0.002440 -0.005607 -0.017624 0.090808 -0.013682 -0.000041 -0.264857 0.000020 0.000007 0.196277 0.111444 0.000024 -0.000000 0.009618 0.101432 -0.170418 0.248394 0.000033 -0.009797 -0.000019 -0.202668 -0.000017
-0.000043 -0.000010 0.194861 -0.002444 -0.005593 0.118217 -0.103028 0.329949 0.000013 0.108818 -0.000028 -0.000007 0.340070 0.229839 -0.000038 0.000007 -0.007301 -0.021470 -0.299859 0.321954 -0.000052 -0.009674 -0.000001 -0.447280 -0.000031
0.000066 0.000000 -0.406563 -0.002155 -0.005256 0.341940 -0.094945 0.136693 0.000045 0.065379 -0.000011 -0.000006 0.284207 -0.316085 0.000004 -0.000004 0.006635 0.150777 -0.549969 0.240350 -0.000124 -0.012002 -0.000025 -0.299482 0.000004
-0.000079 0.000014 -0.331686 -0.002071 -0.005418 0.284911 -0.126613 -0.312390 0.000048 0.018541 0.000022 0.000026 0.076076 -0.140654 -0.000023 -0.000001 0.102885 0.267237 -0.475977 0.251255 -0.000018 -0.012779 0.000021 -0.234512 0.000034
-0.000035 -0.000015 -0.136716 -0.001554 -0.004910 0.007689 0.028901 -0.073548 -0.000006 0.310806 0.000030 0.000006 0.178070 -0.172896 -0.000032 -0.000014 -0.000044 0.246077 0.030374 0.331827 0.000155 -0.012955 0.000028 -0.263476 -0.000029
-0.000017 0.000025 -0.126627 -0.001761 -0.004554 0.003051 0.031479 -0.159025 -0.000016 0.101052 0.000026 0.000009 0.013507 -0.003263 -0.000075 -0.000016 0.036039 0.143987 -0.242420 -0.123989 -0.000017 -0.011660 -0.000036 -0.336569 -0.000043
0.000013 -0.000023 -0.222157 -0.000804 -0.003807 0.066172 0.044052 0.045221 0.000066 0.292842 -0.000018 0.000013 0.023228 0.036808 0.000008 0.000023 0.005185 0.015745 -0.566188 -0.248993 -0.000044 -0.013960 -0.000032 -0.068039 0.000026
-0.000020 -0.000049 0.035149 -0.001592 -0.003469 -0.372961 0.242090 0.158204 0.000043 0.301806 -0.000048 0.000021 0.210297 -0.348686 -0.000043 -0.000015 0.001753 -0.117249 -0.597550 -0.179379 0.000024 -0.012604 -0.000023 -0.246864 -0.000046
0.000017 -0.000040 -0.125097 -0.001671 -0.002597 -0.304127 -0.200982 -0.030524 0.000016 0.221932 -0.000018 0.000040 0.244548 -0.670463 -0.000025 -0.000009 0.011048 -0.097220 -0.466655 -0.126189 0.000012 -0.013572 0.000008 -0.008154 0.000011
-0.000035 0.000002 -0.391815 -0.001609 -0.002445 -0.135569 -0.135447 0.036717 0.000016 0.169476 -0.000006 -0.000013 0.186729 -0.284410 0.000031 0.000024 0.007055 0.004210 -0.305593 -0.323859 -0.000025 -0.011542 -0.000024 0.160769 0.000045
-0.000048 -0.000003 -0.256973 -0.000388 -0.001607 -0.040352 -0.042799 -0.288277 -0.000061 0.081311 -0.000025 -0.000007 0.001836 -0.215460 -0.000067 -0.000007 0.062915 -0.058961 -0.050133 -0.257425 0.000046 -0.013897 -0.000017 -0.019043 0.000007
-0.000007 0.000007 -0.045887 -0.000208 -0.002183 -0.031714 0.265285 -0.059828 -0.000033 0.008936 -0.000031 0.000013 0.294226 -0.281885 -0.000077 0.000000 0.018621 -0.156730 -0.069442 -0.245410 -0.000001 -0.015398 0.000028 -0.056809 -0.000030
0.000067 -0.000006 0.330805 -0.000756 -0.002624 0.220109 -0.009680 0.203390 -0.000005 0.063297 -0.000037 -0.000011 0.205985 -0.164302 0.000026 -0.000037 0.003077 -0.256391 0.113381 -0.098403 0.000031 -0.014691 0.000024 -0.184353 -0.000002
0.000078 0.000010 -0.138802 -0.000492 -0.002533 0.371543 0.008135 0.203525 0.000059 -0.232455 -0.000027 -0.000012 0.086223 -0.056876 0.000029 0.000023 0.002021 0.213445 0.052643 -0.093269 -0.000053 -0.016177 -0.000066 -0.021959 0.000041
0.000021 0.000001 0.004165 -0.000450 -0.002520 -0.049147 0.013792 0.240819 0.000007 -0.020583 -0.000048 0.000023 0.268200 0.071087 -0.000094 0.000048 -0.029680 0.251345 0.165104 0.146443 0.000002 -0.014509 0.000013 0.182247 -0.000009
0.000020 -0.000041 0.056502 -0.000527 -0.001954 -0.178746 0.166824 0.217018 0.000019 -0.142760 -0.000001 -0.000051 -0.031981 0.197578 -0.000114 0.000062 -0.000193 0.184901 -0.019904 -0.159744 -0.000111 -0.012734 0.000011 0.407028 0.000081
-0.000040 -0.000030 0.061022 -0.000138 -0.000871 -0.102974 0.381249 -0.056855 -0.000018 -0.317685 -0.000001 -0.000028 -0.172882 0.067294 -0.000057 0.000027 0.026850 0.070968 0.329763 0.001343 0.000053 -0.010783 -0.000017 0.264821 -0.000074
-0.000029 0.000014 0.110730 -0.000953 -0.000641 0.026664 -0.294844 0.242791 -0.000014 -0.225810 -0.000002 -0.000031 -0.180004 -0.143036 -0.000032 -0.000018 0.066205 -0.032191 0.426989 -0.076909 -0.000068 -0.010036 0.000022 -0.029805 -0.000000
0.000088 -0.000001 -0.055610 -0.001225 -0.001030 0.199036 -0.151716 0.104230 -0.000073 -0.488701 -0.000072 -0.000036 0.039403 -0.013729 0.000023 -0.000001 0.127430 0.005855 0.268378 0.056936 -0.000150 -0.009026 -0.000080 -0.002892 -0.000087
0.000077 0.000016 -0.014094 -0.001154 -0.000609 -0.095310 0.050018 0.025156 0.000064 -0.241587 0.000009 -0.000005 0.122409 0.048917 -0.000074 0.000048 0.040676 -0.313235 0.297963 0.229584 0.000025 -0.007682 -0.000023 -0.298369 -0.000079
-0.000028 -0.000032 0.044155 -0.001037 0.000829 -0.121255 -0.026032 -0.033742 -0.000034 -0.296401 -0.000028 -0.000013 0.218123 0.025742 0.000028 0.000033 0.096554 -0.249770 0.112461 0.254522 0.000033 -0.009091 -0.000022 -0.232130 -0.000000
-0.000039 -0.000009 -0.230264 -0.000366 0.000968 0.226183 -0.264759 -0.072805 0.000100 -0.274443 -0.000014 0.000018 -0.004423 -0.168835 -0.000010 -0.000010 0.132224 0.070737 -0.122349 0.098845 -0.000014 -0.010509 0.000016 -0.017876 -0.000004
-0.000061 0.000008 -0.131118 -0.000175 0.001896 0.419273 -0.091372 0.074716 -0.000032 -0.108283 0.000032 0.000005 -0.216077 -0.158131 0.000019 0.000023 0.121172 -0.003129 -0.110182 -0.083224 0.000038 -0.011776 0.000012 -0.261358 -0.000006
-0.000022 0.000009 0.003282 0.000131 0.001687 0.183059 0.054329 0.055342 -0.000024 0.085243 0.000019 -0.000021 -0.027182 -0.228766 0.000025 -0.000012 0.056518 -0.102319 0.071853 0.113398 -0.000155 -0.011923 0.000017 -0.233991 0.000028
0.000082 0.000030 0.005462 -0.000284 0.000563 -0.188940 -0.055110 -0.060873 0.000045 0.213650 0.000013 0.000006 0.327283 0.044363 0.000048 0.000031 0.039005 -0.016869 0.111480 0.134350 0.000034 -0.011615 -0.000027 0.069972 0.000024
-0.000030 -0.000036 -0.021176 -0.001266 0.000623 0.187711 -0.281785 -0.223182 0.000044 -0.042386 -0.000012 -0.000026 0.421851 -0.166072 0.000047 -0.000034 0.089763 0.035136 0.425993 -0.028744 -0.000096 -0.008713 -0.000041 0.076530 0.000007
0.000050 -0.000007 -0.248891 -0.000937 0.000284 0.000156 -0.239901 -0.211135 -0.000036 -0.088518 0.000014 -0.000000 0.711605 0.003782 0.000029 0.000020 0.085205 0.164960 0.281364 0.019144 -0.000194 -0.009687 -0.000017 0.327289 0.000022
0.000015 -0.000004 -0.119738 -0.000345 0.000395 -0.099197 0.004151 -0.268997 0.000017 -0.203019 -0.000102 -0.000008 0.818541 -0.396512 -0.000010 -0.000016 0.004351 0.000496 0.136602 0.026380 0.000094 -0.010232 0.000030 0.277867 0.000056
0.000017 0.000044 0.134145 -0.000154 -0.000260 -0.246282 -0.180062 -0.253151 0.000023 -0.168312 0.000012 -0.000021 1.101334 -0.174536 -0.000044 -0.000000 0.002545 0.187179 -0.035121 -0.114856 -0.000041 -0.010857 -0.000009 0.476357 -0.000024
