-0.195738
-0.461849
-0.444744
0.157778
-0.000742
-0.000104
-0.336313
-0.270617
0.296816
-0.002591
-0.000949
-0.486744
-0.234903
-0.202170
-0.447855
0.197098
-0.172714
0.000229
-0.465229
-0.009442
-0.013860
0.005329
-0.013252
-0.018743
-0.451890
-0.191022
-0.001106
-0.197324
0.327852
-0.450130
-0.002708
-0.437210
0.261821
0.004917
-0.004345
-0.000613
-0.001966
0.283185
0.336218
-0.276367
-0.266227
-0.008694
0.002562
-0.005025
0.301532
-0.001953
-0.004406
-0.012093
-0.018802
-0.640964
0.000226
0.347236
-0.007829
-0.383224
0.154481
0.447325
0.259848
-0.476382
-0.002355
-0.400778
-0.480701
-0.002656
-0.412524
-0.008218
-0.001108
-0.010130
-0.004254
-0.513583
-0.179609
-0.004361
-0.002834
-0.361599
-0.218189
-0.343742
-0.006465
-0.209933
-0.274890
-0.005252
0.246911
-0.256839
0.001667
0.317474
0.141916
-0.306414
0.011850
-0.000903
0.339707
-0.439154
-0.095393
-0.366127
