-5.885742
-8.232863
-6.722188
6.960646
-0.002174
-0.000022
-6.798822
-6.852766
0.674559
0.015525
-0.001473
-6.874574
-6.497936
-6.927048
-7.225720
4.246488
-6.349623
0.000400
-7.612876
-0.007940
0.023153
0.001777
-0.015859
-4.033875
-7.132679
-6.817231
0.009591
-6.182596
0.776388
-6.737630
-0.019501
-7.252286
0.968893
-0.026469
0.018845
0.002526
0.003728
6.717572
5.880157
-6.521962
-6.919418
0.006049
-0.000942
0.019688
1.603527
0.013643
0.010846
0.017549
0.019201
-6.902597
0.001308
0.804407
0.026254
-6.838117
4.804754
5.807495
4.527806
-7.170236
-4.520939
-7.385056
-6.137611
0.010629
-7.495507
0.019757
0.006712
0.025565
-0.010441
-6.984862
-7.186480
0.008325
0.026395
-6.942239
-7.190195
-6.066740
0.030845
-7.584191
-6.304734
0.009227
3.963793
-5.401284
0.002663
4.494453
6.075123
-6.225700
0.192564
0.000644
6.392288
-6.862646
-4.308543
-6.606998
