-0.004511
-7.852124
0.008049
-0.002329
0.015304
7.221599
-8.583098
-6.684151
0.004979
-8.190904
1.025958
-7.348602
-6.495430
-6.347157
-6.473053
0.824131
0.019356
-9.798060
0.000817
-0.009584
-8.253063
6.698874
0.015843
-0.028256
-6.326022
0.022379
-6.186866
0.000020
0.028097
-0.008054
0.010139
0.008531
0.016852
-5.627452
-0.003868
-7.204313
1.136823
0.031621
-0.029774
-7.059076
-6.287859
-0.003410
-0.010158
-0.007743
0.861431
0.760105
6.554698
0.039874
-0.003916
-7.488125
0.026682
0.820596
-0.011572
-6.458710
0.009552
-5.679373
-7.774216
-7.457695
7.721766
-7.114960
0.005840
5.990175
-6.755651
-5.138653
-0.000654
-7.110442
-7.053329
5.482937
-6.717668
-6.404222
-0.001170
0.010681
-0.031459
1.061297
0.915637
0.021374
-0.003784
0.012701
-7.282717
-5.672818
-5.976929
0.022908
-0.008499
-7.468330
0.012735
0.005931
0.015494
-0.003938
0.002078
