0.479324 -0.400191 -0.000026 -0.640001 0.307312 -0.010908 0.000039 -0.000076 0.000082 0.000002 -0.384896 0.417320 0.000218 -0.683056 -0.000979 0.026718 0.000280 0.000001 0.000028 -0.000086 0.000005 0.612158 0.000024 0.056306 -0.730813 0.311122 -0.000571 -0.409008 -0.614394 0.000078 -0.462014 -0.520868 0.000002 0.361359 0.000131 0.718948 0.367099 0.082535 -0.000025 -0.002792 -0.000002 -0.628290 -0.374463 0.779935 -0.000007 -0.509787 -0.646405 -0.574875 -0.412696
-0.557016 0.542212 0.000006 0.847917 -0.183553 -0.014530 0.000031 0.000007 0.000045 -0.000012 0.782895 -0.404642 -0.000107 0.872135 -0.003793 0.116086 0.000092 0.000005 -0.000010 -0.000033 0.000011 -0.542898 -0.000025 -0.091812 0.754266 -0.051186 -0.000759 0.379569 0.687910 0.000046 0.260024 0.510898 -0.000003 -0.374522 0.000010 -0.566135 -0.297279 -0.163026 0.000053 -0.002802 -0.000011 0.643696 0.287133 -0.533231 -0.000016 0.719857 0.354694 0.586228 0.427199
-0.024927 -0.095415 0.000004 -0.104226 -0.065113 -0.015046 -0.000046 0.000052 -0.000006 -0.000066 0.344410 -0.002578 -0.000034 0.199413 -0.000999 0.457525 -0.000041 0.000012 0.000004 -0.000036 -0.000012 -0.045034 -0.000005 0.072180 -0.520656 -0.007562 -0.000930 -0.007437 -0.201021 0.000062 0.466498 0.154019 0.000006 0.186633 -0.000056 -0.004447 -0.132284 0.432124 0.000077 -0.001631 0.000016 -0.115174 0.261851 -0.001467 -0.000020 -0.048131 0.142686 0.149160 0.166458
0.488523 -0.012666 -0.000006 -0.265675 0.127771 -0.013695 -0.000061 0.000142 -0.000019 -0.000042 -0.184516 0.460865 -0.000119 -0.393768 -0.000775 -0.421425 0.000367 -0.000001 -0.000048 0.000033 0.000036 0.468636 -0.000008 0.131696 0.017302 0.288740 -0.000713 -0.370165 -0.399813 -0.000002 -0.642796 -0.371544 -0.000000 0.277105 0.000044 0.451096 0.167747 -0.103905 0.000025 -0.002181 -0.000018 -0.390119 -0.392811 0.608333 -0.000033 -0.414054 -0.125531 -0.430110 -0.301629
0.452073 -0.034814 0.000010 -0.329363 0.118200 -0.013231 0.000097 0.000009 0.000029 -0.000084 -0.505949 0.436811 0.000152 -0.394008 0.004415 -0.385367 0.000018 0.000027 0.000041 0.000082 0.000013 0.280000 0.000001 0.241657 -0.053470 0.368580 -0.000363 -0.229434 -0.017518 0.000005 -0.005316 -0.251045 -0.000015 0.055406 -0.000195 0.279578 0.390837 -0.352619 -0.000004 -0.001642 -0.000013 -0.086187 -0.352036 0.209046 0.000005 -0.270177 -0.066480 -0.262779 -0.284398
-0.269552 0.113349 0.000007 0.330327 -0.118225 -0.013210 -0.000053 0.000025 0.000009 -0.000028 0.417757 -0.241030 0.000129 0.247951 -0.000735 0.168371 0.000204 0.000006 -0.000022 -0.000062 -0.000032 -0.402635 0.000010 -0.232172 0.137914 -0.296958 -0.000621 0.633573 0.586013 -0.000034 0.028889 0.429292 -0.000007 -0.085228 -0.000106 -0.460323 -0.053862 0.168838 -0.000020 -0.002108 0.000010 0.558114 0.421245 -0.386919 -0.000025 0.476571 0.384148 0.484804 0.411691
-0.219005 0.108978 -0.000000 -0.123730 -0.192654 -0.014712 -0.000019 -0.000087 0.000030 0.000025 0.454874 0.081478 -0.000033 -0.045523 -0.008778 0.177955 0.000242 0.000016 -0.000024 0.000033 0.000009 -0.108637 -0.000015 -0.008059 -0.258993 -0.075574 -0.000605 0.020778 0.119007 0.000037 0.180828 0.196907 0.000001 -0.286870 0.000035 -0.137839 -0.003513 0.305996 0.000090 -0.001922 -0.000035 0.212862 -0.017858 -0.136631 -0.000039 0.021570 0.021243 0.187022 0.228514
0.781224 -0.477004 -0.000001 -0.764569 0.433895 -0.013835 0.000077 0.000019 0.000024 -0.000017 -0.857467 0.563215 -0.000138 -0.593578 0.014423 -0.323684 0.000323 -0.000003 -0.000026 -0.000034 -0.000015 0.727393 0.000017 0.430478 -0.258403 0.431004 -0.000751 -0.611041 -0.719586 -0.000007 -0.287132 -0.646118 -0.000003 0.655763 0.000098 0.717821 0.605128 -0.370052 -0.000002 -0.001308 0.000005 -0.635172 -0.401749 0.726376 -0.000003 -0.594619 -0.377846 -0.698472 -0.603376
-0.419707 0.051985 0.000004 0.590592 -0.113602 -0.013077 0.000038 0.000028 0.000044 0.000051 0.223274 -0.348763 -0.000011 0.561837 0.003510 0.220251 0.000302 -0.000012 -0.000012 0.000003 -0.000010 -0.323032 0.000000 0.006811 0.426537 -0.202189 -0.000549 0.510780 0.368407 -0.000121 0.384341 0.346485 -0.000003 -0.303875 0.000012 -0.338521 -0.302702 -0.022238 0.000015 -0.001823 -0.000001 0.160284 0.394154 -0.343280 0.000013 0.257388 0.270554 0.403287 0.281121
0.074532 0.010166 0.000010 0.100494 0.208032 -0.013847 0.000051 -0.000022 0.000020 0.000032 -0.240508 0.012152 -0.000188 0.014685 -0.000830 -0.205180 0.000199 0.000002 0.000025 0.000059 0.000008 0.145491 -0.000016 0.156204 -0.080113 0.012921 -0.000381 0.072635 -0.171943 0.000049 -0.247842 -0.073317 0.000008 0.250797 0.000068 0.166713 0.145463 0.073776 0.000037 -0.001418 0.000004 -0.304537 -0.026726 0.120899 0.000021 0.032796 0.088562 -0.093062 -0.049462
-0.060661 0.153509 -0.000005 0.133240 0.105956 -0.014197 0.000011 0.000035 -0.000115 -0.000002 -0.100022 -0.203052 0.000091 -0.065244 -0.004814 0.228075 0.000164 -0.000013 -0.000027 0.000024 -0.000009 -0.053349 0.000001 -0.165588 0.300613 -0.149431 -0.000531 0.005758 0.131202 0.000025 0.186176 0.125336 0.000004 -0.062627 -0.000086 0.003407 -0.023528 0.043317 -0.000076 -0.001287 0.000022 0.349840 0.256204 -0.196881 0.000005 0.149515 -0.170240 0.128673 0.103210
