-0.013322
-0.030891
0.119652
0.085612
-0.011887
0.096367
0.168233
0.118351
0.250098
0.090359
-0.009282
0.091277
0.139969
-0.029916
0.117911
-0.019456
-0.031465
0.119597
0.016622
0.128283
0.117248
0.114335
0.117126
-0.031450
-0.031318
0.128711
0.114817
-0.013286
0.228958
0.113709
0.146186
0.070235
0.117034
0.112269
-0.031341
-0.031603
0.098132
0.109162
-0.011216
0.104537
0.000000
0.130348
-0.014850
0.018361
-0.015960
-0.022838
0.000000
0.091974
0.096634
0.000000
-0.032673
-0.376515
0.123727
0.112814
0.126081
0.266836
-0.019233
-0.013995
-0.020324
0.117304
0.124275
-0.017724
0.122724
0.012344
