-2.593627
0.473432
0.486205
-1.860308
-2.105187
0.000242
1.668959
0.019461
-0.000142
-0.009372
2.039904
2.163822
-1.003794
0.062988
-0.004201
0.014842
0.007400
-0.353249
-2.498775
-0.010065
-2.283146
2.479395
-2.119093
-0.002158
-1.939238
0.826304
-0.287493
-0.992047
-0.573062
0.378261
0.032967
-1.571925
-1.690262
-2.248800
-2.205343
-2.882797
-2.379882
-0.005863
0.209623
2.345855
-0.596189
1.363309
-0.314433
-0.099910
-0.124823
-0.022849
-0.612204
2.418311
2.130103
0.022740
-0.739264
-0.020299
-0.000011
2.726343
-0.000203
-0.785624
2.843950
1.926164
-2.209700
0.000041
3.689060
-0.000402
0.569820
0.000030
-0.000003
0.000749
