-0.243262
-0.001175
-0.001923
-0.002957
-0.001409
-0.001124
0.005165
-0.001279
-0.002077
-0.002348
0.001557
0.010823
-0.000838
0.002451
-0.003902
-0.006842
-0.000742
-0.001648
0.183418
0.032401
-0.002093
-0.001180
-0.004725
-0.359968
0.151282
-0.357209
-0.305798
-0.001047
-0.005928
-0.001959
-0.163555
0.000085
-0.005633
-0.003199
-0.005373
-0.264398
-0.001826
-0.168010
-0.001910
-0.002179
-0.001049
0.001803
-0.286572
0.144419
-0.248780
-0.001382
0.275188
0.155227
-0.005550
-0.455482
-0.281451
-0.000806
-0.064139
0.353765
0.325883
-0.006963
-0.053713
-0.010972
-0.159109
0.004492
0.000724
-0.008695
-0.000111
-0.003163
-0.001254
-0.489147
0.029523
-0.004896
-0.000165
-0.024508
-0.009378
-0.005040
0.250901
-0.005442
-0.001958
-0.059726
-0.008940
-0.078486
0.370720
0.000871
-0.000978
0.207241
-0.046654
-0.000214
0.352461
-0.145014
-0.003806
-0.007408
-0.002656
-0.005596
0.002098
-0.001504
-0.000507
-0.539952
-0.000808
-0.008218
-0.022617
-0.003757
-0.444774
-0.188678
-0.003345
-0.172042
0.174781
-0.002691
0.004137
-0.001146
-0.002720
-0.002028
-0.182093
-0.376891
-0.016647
-0.000290
0.000758
0.001991
-0.001914
-0.010315
-0.001549
-0.149469
-0.006448
-0.001740
-0.015594
-0.009194
-0.000496
-0.313822
-0.001396
-0.261305
-0.005486
-0.137030
-0.007747
-0.003531
0.213772
-0.000931
-0.002343
-0.018531
0.134653
-0.006718
-0.003216
-0.003371
-0.001353
-0.003338
-0.000090
-0.147512
-0.002910
-0.226849
-0.002998
0.285298
-0.361921
-0.000587
0.318566
-0.011034
-0.238190
-0.001941
-0.001007
-0.289661
0.113902
-0.000733
-0.426491
-0.005205
0.000760
-0.004279
0.357990
-0.000133
-0.003978
0.251195
-0.009094
-0.002647
-0.120859
-0.001733
-0.001626
-0.003557
0.193959
-0.006992
-0.000771
-0.007683
0.227634
0.346985
-0.003878
-0.014095
-0.011905
-0.006621
-0.212946
-0.000165
0.092512
0.001602
0.358219
-0.002891
-0.006705
0.345334
0.255556
-0.184411
