-0.000659
-5.767043
4.575085
0.035598
-5.159158
0.012960
5.274690
-6.254969
-0.000798
-0.001474
0.008034
0.006917
-7.571871
0.018811
-6.052779
-7.523118
-8.284890
0.542099
-0.000362
6.020034
4.901489
-5.342106
-5.811173
-0.000643
0.003778
4.653325
-0.005831
0.028991
5.267665
-0.004578
-0.016144
0.005466
-8.065248
0.007118
0.633813
-0.031076
-0.014385
0.001660
4.640359
0.020639
-6.532725
0.006862
5.421004
0.004518
5.077265
-5.483968
-0.007217
-7.891522
0.001628
-6.178239
-5.646676
-7.029601
-0.029995
0.000386
-5.137536
-0.003390
-7.398739
-6.012626
-5.277689
-0.013461
5.835138
0.007164
4.878792
0.027910
0.026218
0.004506
0.008783
-0.008620
2.910415
-7.328046
0.957531
0.011861
-0.004241
0.014705
-4.985486
4.964094
5.205453
-4.980291
0.004756
0.011829
6.037140
-0.010645
-5.501847
0.007029
0.005286
-0.014537
-0.015105
-5.713484
-6.046410
0.000607
-0.009419
0.010581
-5.797415
-5.543647
5.460266
0.012523
5.536220
0.000185
-6.135757
-7.041727
-0.002553
-5.775456
5.288695
-3.822360
-0.002947
0.821875
0.003949
0.010690
-6.122674
0.000947
-0.009798
-0.003707
-6.353189
-0.001031
5.602067
0.002305
-0.007014
-4.719945
-0.005176
0.005996
-0.001952
-7.124135
-5.123827
