-0.016972
0.001257
-6.571651
-6.188009
-6.273410
0.893741
-7.134447
-7.718358
-0.013126
0.010138
-6.205942
1.112934
-6.634924
-6.840408
0.697880
-0.000135
-0.007362
7.346152
-6.472898
-7.937020
-6.552717
-0.013644
6.589991
-6.641293
-0.001634
-6.140840
-6.344926
-0.008558
-5.512971
0.010642
-5.948577
0.028255
-6.363333
4.371311
-7.510924
-6.918450
-6.589422
0.011997
-6.181139
5.728100
-8.368415
-0.000310
5.601958
0.007394
0.988123
-7.135190
0.009893
-6.469545
-6.854626
0.749511
-5.877155
-0.005448
0.002863
-5.446356
-0.013036
-5.266400
-4.204653
-0.001663
-7.366149
-0.009171
-7.264063
-7.201956
0.872632
0.937210
-7.407066
2.426395
-8.396324
-5.790427
-0.013316
-7.781635
-7.335891
-6.765263
-6.076889
-5.584610
0.802374
-6.137759
