-0.008154
-0.012804
-0.000080
0.001620
0.029207
-0.014953
0.000450
0.001626
-0.012645
0.000561
-0.028475
-0.000568
-0.004838
0.005390
-0.411514
-0.000659
0.001392
-0.000143
0.001881
0.000134
-0.000179
0.000951
8.678066
0.011480
4.464672
0.000188
-0.012689
0.000192
0.000304
0.000317
-0.000246
0.011624
0.013124
-0.000010
0.006180
-0.018257
0.037696
-0.003354
0.003737
0.000147
0.518983
-0.000924
-0.002420
0.001170
0.007034
-0.000670
-0.000757
0.013345
1.962883
6.862615
-0.021747
0.003223
-0.001515
-0.006721
-0.000206
7.009207
3.660026
0.008073
0.022305
-0.000031
0.000054
-0.004816
0.000277
5.711216
7.324314
0.011125
0.000071
0.000406
0.000004
0.028440
0.000005
-0.010814
7.317034
-0.001245
0.000123
-0.004992
5.252238
-0.007760
4.345119
0.013479
0.000004
-0.002205
0.005351
-0.000020
0.002289
0.000284
-0.000182
0.002222
0.000850
0.009362
0.004639
-0.001895
-0.000677
-0.002732
-0.000013
-0.007256
-0.016625
-0.002736
0.000248
0.041265
-0.017055
6.681127
-0.000286
0.001068
-0.000075
0.010146
-0.000052
-0.004422
0.013437
-0.006979
0.000078
0.000068
7.005661
-0.000302
0.002799
-0.000013
2.967789
-0.000176
0.000161
-0.000034
-0.592614
-0.000777
0.009147
3.141853
-0.000154
-0.428138
0.000695
0.000537
0.000023
0.000067
-0.000070
-0.007714
