-0.019135
-0.013778
-0.002733
-0.387586
-0.006933
-0.001014
-0.004615
-0.001953
-0.002697
-0.004564
-0.823227
0.008407
-0.429114
-0.003089
-0.031264
-0.595819
-0.010016
-0.215023
-0.002013
-0.000578
-0.003401
-0.003202
-0.210132
-0.002455
-0.004685
-0.002049
-0.028146
-0.003972
-0.003309
-0.003807
-0.236990
-0.016404
-0.132048
-0.430061
-0.002054
-0.000731
-0.009349
-0.001646
-0.001645
-0.002567
-0.002015
-0.001486
-0.001413
-0.000677
-0.003009
-0.008412
-0.007080
-0.354678
-0.523048
-0.007346
-0.008124
-0.002453
-0.010276
-0.000403
-0.033660
-0.185666
-0.001440
-0.000901
-0.224109
-0.004527
-0.005367
-0.004775
-0.008587
-0.414327
-0.001435
-0.003933
-0.003840
-0.000250
-0.003186
-0.000806
-0.161331
0.000177
0.000700
-0.002129
-0.009973
-0.000147
-0.833757
-0.000686
-0.016828
-0.006099
-0.736972
-0.008479
-0.021633
-0.024082
0.000128
-0.002687
-0.000722
-0.079603
-0.002704
-0.196211
-0.005591
-0.001169
-0.108628
-0.020080
-0.001424
-0.015350
-0.002448
-0.001297
-0.001436
0.842691
-0.001105
-0.000855
-0.597636
-0.001460
-0.807230
-0.422577
-0.398157
-0.038401
-0.066227
-0.225631
-0.010081
-0.000085
-0.000926
-0.000846
-0.008786
-0.265547
1.322925
-0.001160
-0.001323
-0.004792
-0.345206
-0.059361
-0.443078
-0.004136
-0.000520
-0.440371
-0.029869
-0.195992
-0.867205
-0.003223
-0.007415
-0.008894
-0.309308
-0.022513
-0.113322
-0.002289
-0.001842
0.044070
-0.001782
-0.114616
-0.003426
-0.004014
-0.030762
-0.001459
-0.016845
-0.347954
-0.008521
-0.015135
-0.000723
-0.000470
-0.001227
-0.001714
-0.000590
-0.251326
-0.012408
-0.000917
-0.014663
-0.001353
-0.003638
-0.656792
-0.239165
-0.001826
-0.002862
-0.005993
-0.002705
-0.000646
-0.003313
-0.556899
-0.015217
-0.004910
-0.958558
-0.000547
-0.005440
-0.010256
-0.003761
-0.396055
-0.000818
