0.000008
-0.022470
-0.000572
-0.000967
-0.017454
-0.001183
0.177549
-0.003399
-0.000615
-0.006144
-0.031420
-0.002844
-0.033190
-0.000233
-0.024448
-0.015076
-0.001444
-0.000475
-0.001811
-0.000223
-0.020750
-0.001040
-0.000701
-0.010015
-0.000134
-0.004937
-0.001799
0.105686
0.168714
-0.004183
-0.015394
-0.008680
-0.002782
-0.001526
-0.001281
-0.002329
-0.030163
-0.011398
-0.004058
-0.003051
-0.001412
-0.000066
-0.040157
-0.001072
-0.000060
0.152714
-0.001342
-0.015207
-0.008993
-0.023989
-0.001454
-0.000939
-0.001229
-0.002219
-0.011857
0.098645
-0.010681
-0.001048
-0.000110
-0.002683
-0.006129
-0.023972
-0.002216
-0.001941
-0.003102
-0.000550
-0.009671
-0.005360
-0.001483
0.000134
-0.001576
-0.005458
-0.009402
-0.001563
-0.024461
-0.001446
-0.001247
-0.000976
-0.001666
0.011739
-0.018683
-0.003050
-0.022326
-0.001613
-0.003100
-0.000673
-0.004664
-0.018338
-0.002390
-0.000451
-0.001345
-0.001709
-0.000938
-0.003420
-0.017756
0.112881
-0.017362
-0.000261
-0.005984
0.011915
-0.004287
-0.008953
-0.001697
-0.000647
-0.014642
-0.020995
-0.007579
-0.017017
-0.001095
-0.012296
-0.003608
0.000205
-0.002649
-0.006007
-0.021261
-0.003470
-0.009060
-0.002209
-0.001720
-0.003139
-0.001966
-0.000631
-0.003040
-0.007181
-0.007212
-0.002787
0.093113
-0.001601
-0.004694
-0.002415
-0.004824
-0.021133
-0.005676
-0.015032
-0.005912
-0.014466
-0.001048
-0.000160
-0.008755
-0.010158
-0.000785
0.133779
-0.004842
-0.018612
0.010867
-0.003221
-0.002963
-0.001080
-0.006410
-0.003992
-0.009130
-0.002338
-0.002236
-0.007955
-0.017043
0.012665
-0.000382
-0.020023
-0.002269
0.099649
-0.002957
-0.019198
-0.001692
-0.010813
-0.001239
-0.001328
-0.000852
-0.015389
-0.003365
-0.025171
-0.001586
-0.001130
-0.028944
-0.041026
-0.006898
-0.001342
