0.000026
-0.001149
0.008920
-0.000469
0.000449
0.001929
6.740176
0.002682
-0.003974
-0.001106
0.024501
0.000695
0.013999
0.000129
0.013350
-0.000699
0.020717
0.000005
-0.000922
-0.000022
0.013048
0.020217
0.000075
3.819289
-0.000019
0.012153
-0.000407
7.395375
6.068476
0.015901
-0.006919
0.000739
-0.007348
-0.021529
0.000374
0.003844
-0.020648
-0.002338
-0.041359
0.004127
-0.000049
-0.000024
-0.016007
-0.000231
0.000007
8.000257
0.005800
0.004574
0.000540
-0.005481
-0.000177
0.010084
0.000182
0.003671
0.003246
7.024620
-0.013463
-0.004573
-0.000004
0.031107
0.005633
0.015991
-0.004878
0.005684
-0.001059
-0.009775
3.779723
0.001355
0.007270
-0.000014
-0.000754
-0.002858
0.006083
-0.016226
0.008556
0.000483
0.003189
0.000786
-0.001253
-0.414866
0.010422
0.004574
-0.000290
-0.000978
0.025756
0.000591
-0.014209
-0.002706
0.000576
-0.000097
0.000146
-0.019728
-0.000201
0.006963
0.035389
7.047040
0.001496
0.000075
0.001872
-0.492220
-0.002256
-0.008191
-0.000100
-0.000053
0.012847
4.003346
-0.009348
0.012563
-0.026051
-0.000554
0.000317
0.000159
0.003764
-0.002589
3.165985
-0.000084
0.006588
0.003698
0.000856
0.012362
0.001810
0.000003
-0.003976
-0.007249
-0.012767
0.000876
8.306039
-0.006713
0.001740
0.007471
0.000062
-0.003459
-0.003106
0.001578
0.003602
-0.005032
0.000317
0.291075
2.432121
0.014454
-0.001169
5.448472
0.002172
1.382143
-0.360282
-0.019080
0.002459
0.017349
-0.000808
-0.008498
0.026477
-0.001368
0.006957
-0.009510
-0.006933
-0.283141
-0.000074
-0.012049
-0.001730
6.769011
0.002218
-0.000147
-0.013302
0.005199
-0.000185
0.022368
0.000032
-0.000525
-0.006690
-0.002246
-0.015887
-0.016460
2.285661
-0.025068
-0.021799
0.001938
