0.000023 0.225032 -0.129946 -0.000290 0.248559 -0.000801 -0.000054 0.000157 -0.000210 0.121462 -0.000279 0.000542 0.000099 -0.207765 0.000060 -0.000067 0.000181 -0.000067 -0.750269 0.000203 0.227666 0.250928 0.000092 0.000065 -0.323944 -0.000463 -0.241587 0.000072 0.383257 -0.175633 -0.000972 -0.483222 -0.321416 -0.131748 -0.450092 0.407313 0.319206 0.497762 -0.000039 -0.000020 -0.050490 0.378411 0.013082 0.007316 -0.000106 -0.007754 0.021848 -0.000120 -0.164612 -0.036313 0.622585 -0.074755 0.000092 -0.018011
-0.000059 0.188832 -0.170426 0.000107 -0.125645 -0.001014 0.000205 -0.000087 0.000005 -0.097608 0.000093 0.000244 -0.000072 0.017639 -0.000150 -0.000110 -0.000006 0.000040 -0.130273 -0.000035 0.321518 -0.193734 0.000204 -0.000008 0.113797 -0.000550 0.001251 -0.000180 -0.139485 0.024980 -0.254511 -0.028751 0.458576 -0.651268 0.121313 0.008058 -0.149584 -0.050334 0.000111 -0.000025 -0.076897 0.147530 0.043335 0.167494 0.000005 -0.006817 -0.003871 0.000039 0.515819 0.173428 0.041579 0.364026 0.000011 -0.181630
0.000104 0.290477 0.162062 -0.000279 0.324721 -0.000514 -0.000024 -0.000067 0.000046 -0.303416 0.000014 0.000797 0.000062 0.069557 -0.000167 0.000148 -0.000049 0.000037 0.121537 -0.000097 -0.188211 -0.157615 0.000144 -0.000095 0.068943 -0.000040 0.008856 0.000079 -0.445871 -0.437271 0.149712 0.211155 -0.012573 -0.221562 0.315034 0.010956 -0.179162 -0.375698 0.000009 -0.000004 -0.527348 0.190258 -0.232850 0.007933 -0.000040 -0.006651 -0.180641 -0.000006 0.016087 0.447564 -0.112554 0.138239 0.000167 0.016170
-0.000043 -0.022041 0.496491 -0.000039 -0.281082 -0.002454 -0.000056 -0.000069 0.000238 0.151950 0.000231 0.000849 -0.000035 -0.128249 0.000020 0.000048 -0.000032 -0.000132 -0.052737 0.000081 0.036667 -0.007867 -0.000076 0.000055 0.231057 -0.000315 -0.137104 0.000005 -0.055470 -0.199751 -0.220412 0.440183 -0.025503 -0.010420 0.087086 0.212615 -0.310785 -0.455333 -0.000013 -0.000058 0.545268 -0.476746 -0.384751 0.152102 -0.000032 -0.002613 -0.185833 0.000132 -0.050179 0.519036 0.250060 0.151806 0.000227 -0.149320
-0.000172 -0.258095 -0.061250 0.000017 0.131516 -0.003339 0.000108 0.000001 -0.000014 -0.009639 -0.000037 0.000624 0.000067 0.171276 0.000063 0.000041 0.000318 -0.000169 -0.131500 0.000048 -0.091218 -0.272356 -0.000042 -0.000079 -0.199334 -0.000229 -0.019247 -0.000133 -0.319113 0.008897 -0.164202 0.145438 -0.056531 -0.042285 -0.155324 0.165614 -0.014176 0.137994 0.000152 -0.000183 0.087102 -0.121908 -0.033978 0.085370 0.000187 -0.003244 -0.477641 0.000135 0.439021 0.185586 -0.032130 0.120595 -0.000627 -0.098432
-0.000003 0.112760 -0.286415 0.000097 0.024836 -0.000512 0.000119 -0.000069 -0.000156 0.049753 -0.000138 0.000104 0.000095 0.293817 0.000023 -0.000184 0.000105 0.000031 -0.023282 0.000090 0.296404 0.086014 0.000130 -0.000085 -0.147202 0.000152 -0.348796 0.000090 0.078311 -0.194057 -0.265680 0.114205 -0.029056 0.693415 -0.364159 -0.065821 -0.327873 -0.147057 -0.000019 -0.000102 0.038831 0.121119 -0.008480 -0.172071 0.000137 -0.005131 -0.207246 -0.000051 0.383661 -0.043133 0.232487 -0.355644 0.000238 0.455641
0.000144 -0.287347 0.253028 0.000146 -0.174158 -0.001454 0.000214 -0.000074 -0.000197 0.208076 -0.000102 0.000819 0.000242 0.413874 -0.000023 0.000032 0.000153 0.000031 0.158521 -0.000012 -0.094063 0.152014 -0.000124 -0.000004 0.383962 -0.000185 0.130334 -0.000216 -0.347239 0.176043 -0.362372 0.204509 -0.683790 0.049648 0.185750 -0.307723 -0.002542 -0.344717 0.000199 -0.000083 -0.009744 -0.179871 0.145057 -0.189525 -0.000139 -0.005682 -0.216366 0.000233 -0.062188 -0.343903 0.329409 -0.051677 -0.000002 0.059361
0.000162 -0.087452 0.151352 -0.000359 0.513636 -0.003178 -0.000112 -0.000070 -0.000198 0.109898 -0.000109 0.000171 -0.000070 -0.021385 0.000057 -0.000178 0.000365 -0.000075 0.092199 0.000072 0.745449 -0.089688 -0.000184 -0.000055 0.038385 0.000171 -0.005488 -0.000096 0.050399 0.010138 -0.152042 0.073625 0.061231 0.014407 -0.347141 0.357196 -0.082009 0.206708 -0.000023 0.000023 -0.414810 -0.468417 0.014101 -0.073458 0.000097 -0.006103 0.251199 -0.000155 -0.317303 -0.118247 -0.116823 -0.145960 -0.000079 0.202684
-0.000054 -0.061862 -0.208910 0.000056 -0.119101 -0.000472 0.000077 -0.000000 -0.000181 -0.431925 0.000039 0.000130 -0.000142 0.087733 -0.000065 -0.000218 -0.000385 0.000159 0.140725 -0.000033 0.293374 0.133206 -0.000039 -0.000073 -0.098020 0.000111 -0.057098 0.000023 0.008132 0.049588 0.669081 0.498127 0.180342 -0.546160 -0.144714 -0.548696 0.375388 0.359552 -0.000024 0.000092 0.075678 0.050716 0.079457 0.216612 0.000108 -0.003472 0.327725 -0.000085 -0.690373 0.568130 -0.081604 0.126169 -0.000118 -0.136854
0.000015 -0.046424 0.155850 0.000075 0.130001 -0.001438 0.000188 0.000099 -0.000058 -0.038345 0.000093 -0.000273 -0.000160 -0.156507 0.000137 0.000092 0.000079 0.000042 0.156262 0.000071 -0.394848 0.163773 -0.000037 0.000093 -0.528364 0.000225 -0.008912 0.000083 -0.117891 0.205765 0.043079 0.100917 0.227354 0.151697 -0.031244 -0.061412 0.245714 -0.121897 -0.000074 0.000110 0.001907 -0.019964 -0.275597 -0.045092 0.000096 -0.003516 0.625092 -0.000150 -0.204327 0.343827 -0.441276 0.549847 0.000000 -0.002236
0.000052 -0.099351 -0.234307 -0.000167 0.036348 -0.001697 0.000265 0.000003 0.000038 -0.385842 -0.000030 0.000485 0.000048 0.074558 -0.000141 0.000025 -0.000089 -0.000106 0.257237 0.000118 0.213273 0.141474 -0.000042 -0.000062 -0.013260 -0.000247 0.004090 -0.000081 0.136391 0.255129 -0.625237 0.245700 -0.246305 0.240755 -0.181766 -0.241638 0.158696 0.052174 -0.000178 0.000017 0.288279 -0.520038 0.001102 0.046465 0.000130 -0.001339 0.222970 -0.000067 0.098725 0.170727 0.387680 0.154687 0.000038 -0.240770
0.000036 0.031322 -0.451371 -0.000014 0.235415 -0.002057 -0.000143 -0.000000 -0.000047 0.109054 0.000034 -0.000345 0.000160 0.066853 0.000137 0.000270 0.000008 -0.000051 0.200894 0.000083 -0.157466 -0.254215 -0.000050 -0.000315 -0.237405 -0.000105 0.242718 -0.000143 -0.148127 0.231809 0.040235 -0.061409 0.179968 -0.329841 -0.281900 -0.143333 0.026152 0.127775 0.000045 0.000028 0.048530 0.132436 -0.002893 0.169784 0.000156 -0.000926 -0.109707 -0.000010 0.244936 0.295633 0.286533 -0.090127 0.000110 -0.050251
-0.000006 -0.119693 -0.253735 -0.000012 -0.220017 -0.001856 0.000174 -0.000007 0.000031 0.114972 0.000162 0.000035 0.000033 -0.283306 0.000021 -0.000040 0.000082 -0.000107 -0.004190 0.000003 -0.108249 0.021808 0.000010 0.000014 -0.293937 0.000047 -0.504875 0.000142 0.235266 -0.207303 -0.052169 0.152778 0.130717 -0.381156 -0.252882 -0.331905 0.138126 -0.050819 -0.000062 0.000013 -0.041100 0.450308 0.054862 -0.180596 0.000044 -0.000882 0.174727 -0.000130 0.135276 0.342874 -0.462188 0.005761 -0.000253 0.182676
0.000007 -0.325692 -0.332312 -0.000029 0.038768 -0.000871 -0.000115 -0.000019 -0.000134 -0.008064 0.000125 0.000806 0.000069 -0.775192 0.000038 -0.000285 -0.000016 0.000016 -0.087487 0.000077 -0.060144 0.234331 0.000159 -0.000146 -0.085322 0.000077 -0.198013 0.000017 -0.205045 0.032636 -0.273955 0.237794 -0.134809 -0.536344 -0.269907 -0.343219 -0.009222 -0.087962 0.000077 -0.000070 0.109570 -0.178920 -0.193881 -0.002047 -0.000032 -0.001850 -0.163812 -0.000098 0.599431 0.320792 0.056738 0.248774 -0.000126 0.124836
0.000036 -0.017038 -0.105169 -0.000056 -0.212124 -0.005389 0.000065 0.000386 -0.000064 0.241547 0.000080 -0.000050 -0.000072 -0.403924 0.000064 0.000043 0.000066 0.000072 0.210463 -0.000207 -0.254460 0.256449 -0.000156 0.000024 -0.021483 -0.000174 0.157294 0.000124 -0.131350 -0.038487 -0.243635 0.037557 -0.735242 -0.010552 -0.040908 -0.043948 0.323956 0.021281 -0.000120 0.000429 -0.027334 -0.338836 -0.155789 -0.201161 -0.000001 -0.000088 0.003145 -0.000161 0.005140 0.003995 0.086743 0.296053 -0.000055 -0.349356
-0.000012 0.155291 -0.162705 0.000149 -0.362913 -0.006757 -0.000167 -0.000146 0.000026 0.011755 -0.000025 -0.000259 -0.000136 -0.244809 -0.000153 0.000017 0.000109 0.000105 -0.414691 0.000028 -0.044637 -0.015017 -0.000045 0.000008 0.279169 -0.000008 -0.076546 0.000105 -0.293697 -0.291025 -0.118297 -0.146032 -0.470115 -0.174392 0.158586 -0.276953 -0.158856 0.038551 -0.000037 0.000196 0.324970 0.160580 0.241280 -0.081759 0.000088 -0.000779 0.277617 -0.000155 -0.128470 -0.052140 -0.122470 0.476167 -0.000100 0.213486
-0.000079 -0.271626 0.153972 0.000077 0.133446 -0.000620 -0.000058 0.000188 -0.000046 0.079508 -0.000024 0.000350 0.000198 0.121278 0.000087 0.000027 -0.000071 0.000006 0.270730 -0.000069 -0.375771 0.112052 0.000045 0.000136 -0.204871 -0.000318 -0.354271 0.000025 0.285393 -0.093238 -0.117015 0.273397 -0.397726 0.241959 -0.162201 -0.333657 -0.049487 -0.394827 0.000091 -0.000127 0.234408 0.136387 0.078880 -0.148643 -0.000045 -0.000915 -0.200270 -0.000090 0.033834 -0.079124 0.389906 0.238762 -0.000100 0.001377
-0.000100 0.245701 -0.387838 -0.000053 -0.103587 -0.002425 0.000055 -0.000128 -0.000006 0.136080 -0.000015 -0.000415 0.000257 -0.153279 -0.000021 0.000273 -0.000028 -0.000097 -0.346213 -0.000046 0.020890 0.157387 0.000046 0.000097 -0.249652 -0.000331 0.088193 0.000071 0.406267 -0.087611 -0.155134 0.230419 -0.105719 0.202329 0.013187 -0.021458 0.136553 -0.053604 -0.000042 0.000105 -0.026986 -0.026596 0.303968 -0.191434 -0.000167 -0.004085 0.222335 -0.000034 -0.233215 0.359935 0.346449 0.307157 0.000087 0.022644
-0.000041 -0.068059 -0.312888 0.000221 -0.669789 -0.010332 -0.000050 -0.000157 -0.000203 -0.244416 -0.000051 -0.000267 -0.000057 -0.002842 0.000162 -0.000193 0.000060 0.000112 -0.085534 0.000036 0.143582 0.147208 -0.000122 0.000159 -0.046084 -0.000016 0.010025 0.000113 0.014098 0.254643 -0.366924 -0.092053 0.513334 0.532898 0.042244 -0.184472 -0.084688 0.225139 -0.000258 -0.000015 0.132214 0.176693 -0.074772 0.119782 -0.000054 -0.006332 -0.264340 0.000122 0.011870 0.337949 0.565324 0.139980 -0.000182 0.191127
-0.000121 0.184937 0.130629 0.000062 0.026954 -0.010023 -0.000072 0.000492 0.000043 -0.448863 -0.000051 0.000756 0.000076 -0.414870 0.000034 0.000130 -0.000133 -0.000217 0.342663 -0.000045 -0.372662 0.360583 -0.000049 0.000041 0.282353 -0.000200 0.115412 -0.000084 -0.094468 0.010781 0.595059 -0.019259 0.010301 0.029414 0.201434 0.023070 0.090248 -0.093700 -0.000110 0.000047 -0.053077 0.015805 -0.015639 -0.081888 -0.000013 -0.007693 0.120361 0.000043 0.369695 0.190291 -0.460868 -0.328207 -0.000109 -0.061123
0.000063 0.001203 -0.017465 -0.000090 0.344117 -0.003265 -0.000141 -0.000006 -0.000052 0.088648 0.000041 0.000659 -0.000077 0.019499 -0.000139 0.000009 0.000012 0.000002 -0.090035 0.000092 -0.041938 0.108097 0.000048 -0.000336 0.234130 -0.000083 0.000052 -0.000110 0.055573 0.426677 0.434761 0.036675 0.368762 -0.049623 0.074814 0.035746 0.064733 -0.124369 -0.000231 -0.000174 -0.506919 0.236072 0.163207 -0.197245 0.000175 -0.006980 -0.194853 0.000052 0.039021 -0.030236 0.103225 -0.128181 0.000245 -0.001515
0.000028 -0.177952 -0.170484 0.000164 -0.151069 -0.002121 -0.000071 0.000258 0.000004 0.001067 -0.000080 0.000670 -0.000025 0.170085 -0.000107 0.000039 -0.000231 -0.000013 -0.185506 -0.000033 0.184134 -0.145891 -0.000145 0.000071 -0.817199 -0.000013 -0.466074 -0.000048 0.278635 -0.222669 0.013759 -0.024781 0.044340 0.158228 0.008537 0.060677 0.060146 0.244194 0.000093 -0.000025 0.390175 -0.296573 0.329634 0.190307 0.000025 -0.003883 -0.524400 -0.000023 0.219671 -0.051277 -0.116296 0.035345 -0.000182 0.109353
-0.000047 -0.002746 0.202981 0.000154 0.035056 -0.001260 0.000155 0.000197 0.000069 -0.008468 -0.000125 0.000723 0.000089 -0.327532 -0.000117 0.000088 0.000160 0.000092 0.930270 0.000044 0.018993 0.088029 0.000059 -0.000051 -0.341452 0.000072 0.335124 -0.000147 -0.125658 0.130598 -0.740191 0.009432 -0.257612 -0.247638 0.580622 0.041064 0.018762 0.338199 0.000033 -0.000004 -0.086539 -0.274307 -0.422700 0.204958 -0.000125 -0.006699 0.074486 -0.000005 0.433664 0.296730 -0.165382 0.135178 -0.000013 -0.092635
-0.000038 0.053792 0.096713 0.000203 -0.039660 -0.002079 -0.000056 -0.000019 -0.000329 0.281668 -0.000052 0.001038 0.000011 -0.379121 0.000264 0.000131 0.000011 0.000010 0.212873 -0.000080 0.205324 -0.033837 0.000035 -0.000236 -0.045235 -0.000006 -0.340242 -0.000067 -0.028265 -0.342109 0.243747 -0.355187 -0.172341 0.211630 0.081561 0.085830 0.250099 -0.278918 -0.000010 0.000117 0.359676 0.167246 -0.295829 0.218166 0.000091 -0.002657 0.141151 0.000082 0.100848 0.302138 -0.494456 -0.073930 0.000172 0.007122
-0.000038 -0.106095 -0.068590 0.000036 -0.500213 -0.002363 0.000035 0.000049 -0.000070 -0.850384 -0.000064 0.000820 -0.000024 -0.222744 -0.000065 0.000119 -0.000052 -0.000164 -0.287213 0.000026 0.542250 0.006090 -0.000016 -0.000106 -0.123317 -0.000331 -0.315147 -0.000197 -0.712660 0.160469 -0.110847 0.024325 -0.033215 0.090238 0.239502 0.030237 0.083028 -0.241753 0.000014 0.000033 -0.102132 0.210332 0.383277 0.168431 0.000227 -0.002799 0.352902 -0.000089 -0.464586 0.050380 0.132935 -0.305057 -0.000357 0.113199
0.000088 -0.047105 0.210087 -0.000032 -0.041608 -0.004201 0.000090 -0.000017 -0.000085 -0.147284 -0.000050 0.000322 0.000176 0.088886 0.000028 -0.000090 0.000090 -0.000019 -0.003834 0.000001 0.310795 -0.172983 -0.000065 0.000020 0.018094 -0.000071 0.295263 -0.000092 -0.145258 0.091068 -0.064306 0.231709 -0.233736 -0.136642 0.108198 -0.211210 -0.351687 -0.329669 0.000034 0.000063 0.228263 -0.117419 0.099714 0.309334 -0.000016 -0.003076 0.177868 -0.000080 -0.364471 0.515188 0.528511 -0.641446 -0.000098 0.022556
-0.000122 -0.030759 -0.133273 -0.000011 -0.009395 -0.006937 0.000208 -0.000147 0.000272 0.131166 -0.000092 -0.000339 0.000147 0.003033 -0.000118 0.000041 -0.000113 -0.000115 -0.282051 -0.000064 -0.109677 0.157691 -0.000078 -0.000136 0.016793 -0.000265 0.173964 -0.000177 0.092137 0.115269 0.050235 -0.303602 -0.390073 0.097558 0.218088 0.255693 -0.386603 0.390101 -0.000012 0.000162 -0.268760 0.333909 -0.123193 0.071277 0.000116 -0.001572 -0.153471 0.000121 -0.289194 0.537719 0.521522 -0.499586 -0.000027 0.012150
0.000235 -0.249263 0.155782 -0.000260 -0.129187 -0.003396 -0.000037 0.000039 -0.000203 0.161356 -0.000095 0.000196 -0.000020 0.069761 -0.000104 0.000125 -0.000022 -0.000025 0.174355 -0.000075 -0.087534 0.080309 0.000120 0.000054 -0.160812 -0.000443 0.151364 -0.000017 -0.077062 0.184579 0.158649 0.038540 0.024876 0.011486 0.251186 0.097934 -0.483339 -0.281779 0.000214 -0.000045 0.168660 -0.245661 -0.172166 -0.171210 -0.000076 -0.001297 -0.123941 -0.000022 0.000796 0.007152 0.228824 0.580452 0.000001 -0.466359
0.000139 0.152684 0.286297 -0.000122 0.536659 -0.003620 -0.000104 0.000048 0.000075 0.367216 -0.000033 -0.000244 -0.000102 0.222459 0.000056 -0.000121 0.000127 0.000353 0.314700 0.000087 0.298823 0.207215 0.000019 0.000008 0.345463 -0.000646 -0.047165 0.000146 0.070556 -0.069415 -0.027143 0.170383 0.070617 -0.113953 0.119832 0.248179 -0.286550 0.280390 -0.000012 0.000020 -0.226184 0.150386 -0.022002 -0.014660 0.000064 -0.000334 0.058680 0.000086 0.047477 -0.335959 -0.179890 -0.195107 -0.000119 -0.400036
0.000007 0.343726 -0.330674 -0.000425 -0.221180 -0.007052 -0.000126 -0.000030 0.000015 0.226944 0.000020 0.000848 0.000115 0.428193 0.000069 -0.000252 0.000182 -0.000066 0.054111 0.000007 0.812856 -0.097114 0.000194 -0.000033 -0.030976 0.000003 0.476097 -0.000018 0.073128 -0.020418 0.116198 0.155402 0.089972 -0.089561 0.396065 -0.046190 -0.267382 -0.451281 0.000213 -0.000095 -0.244098 0.308279 0.017233 0.005968 -0.000144 -0.000665 0.328072 0.000082 -0.028639 -0.316247 0.035435 -0.061786 0.000260 -0.304356
0.000060 -0.027791 0.004929 -0.000146 -0.258527 -0.002993 0.000249 0.000123 0.000013 0.227351 -0.000076 -0.000288 -0.000165 0.019241 -0.000064 0.000055 -0.000017 -0.000098 0.145827 0.000134 0.883727 -0.254214 -0.000084 -0.000144 -0.411736 -0.000401 0.373929 0.000012 -0.389176 0.073777 0.084902 0.121456 -0.200614 0.098844 0.514308 0.136582 -0.264767 0.128854 0.000129 0.000054 -0.055167 0.260196 -0.081843 -0.127468 -0.000018 -0.002573 0.006070 0.000126 -0.401664 0.340349 0.098142 -0.042678 0.000069 0.018327
-0.000058 0.180828 0.340270 -0.000009 0.658447 -0.004230 0.000037 0.000107 -0.000213 -0.471716 -0.000078 0.000411 0.000085 -0.023007 -0.000204 0.000148 -0.000003 -0.000034 -0.075899 0.000047 -0.246492 -0.022979 0.000143 -0.000036 -0.315279 -0.000706 0.013520 0.000142 -0.383047 -0.150172 -0.061795 0.128468 0.008142 0.137347 0.481452 -0.277297 0.029717 0.336390 0.000034 0.000069 -0.166899 -0.053769 0.084227 0.070573 -0.000011 -0.004489 -0.348962 -0.000105 -0.097561 0.372687 0.105903 -0.040114 -0.000207 -0.188606
-0.000037 0.416145 -0.108635 -0.000311 0.501270 -0.004351 0.000154 0.000146 -0.000104 -0.612082 0.000092 -0.000109 0.000117 -0.121532 -0.000155 -0.000081 -0.000097 0.000097 0.136903 0.000060 0.360418 -0.505748 0.000114 -0.000051 -0.009474 -0.000653 0.112582 0.000076 -0.512685 -0.182214 0.249347 0.104442 -0.147644 0.133578 0.151646 -0.277009 0.114444 0.231116 0.000094 0.000045 -0.187486 0.052810 0.133442 -0.048286 -0.000077 -0.002534 0.267607 0.000074 -0.179753 0.225881 0.167448 0.019636 0.000208 0.513382
-0.000385 0.234274 -0.359580 -0.000008 0.015444 -0.007288 -0.000036 0.000167 -0.000089 -0.087690 0.000246 0.000030 0.000035 0.294878 -0.000026 -0.000076 0.000108 0.000130 0.168636 -0.000024 0.054517 -0.224400 0.000191 -0.000033 -0.446298 -0.000640 0.271530 -0.000039 0.014255 0.231964 0.217324 0.205886 -0.138666 0.146540 -0.160044 -0.287062 0.060413 0.115924 -0.000144 0.000043 -0.322912 -0.116609 -0.336691 0.038370 -0.000019 -0.005144 -0.327758 0.000016 0.059501 -0.018680 0.364617 0.143440 0.000181 -0.658000
0.000070 0.485104 0.280139 0.000136 -0.188523 -0.007023 -0.000049 -0.000094 -0.000072 0.232846 0.000150 0.000925 -0.000078 -0.002352 -0.000119 -0.000068 0.000031 -0.000167 -0.170391 -0.000057 -0.324034 0.144133 -0.000170 0.000070 -0.017321 -0.000123 0.000462 -0.000083 0.013009 -0.019597 0.200569 0.237340 0.105860 -0.106608 0.183774 0.014319 0.108681 -0.424601 0.000062 -0.000086 -0.364904 -0.065030 0.063001 -0.348254 -0.000079 -0.004276 0.160424 0.000149 0.269528 -0.199424 0.559886 0.105285 -0.000125 0.403254
-0.000058 0.049427 -0.239956 -0.000137 -0.225381 -0.004537 0.000116 -0.000053 0.000086 -0.117798 -0.000076 0.000265 0.000045 -0.064278 -0.000030 -0.000013 0.000314 0.000184 0.033569 -0.000000 -0.558939 -0.057135 -0.000072 -0.000034 -0.096831 -0.000264 -0.118646 0.000068 -0.078266 0.457814 0.027035 0.245836 -0.013706 0.377618 0.238938 -0.204638 -0.526056 -0.469682 0.000117 -0.000121 0.098790 -0.073861 -0.026597 -0.306884 0.000103 -0.006046 0.068907 -0.000146 -0.099140 0.029527 0.121154 0.316325 -0.000024 -0.031506
-0.000157 0.400849 -0.060875 0.000118 -0.307290 -0.003113 -0.000213 -0.000086 0.000046 0.317814 -0.000065 0.000750 0.000071 -0.149732 0.000125 -0.000147 0.000109 0.000093 0.281077 0.000065 0.134979 0.290812 -0.000266 -0.000129 0.088108 -0.000468 -0.436027 0.000286 -0.071249 -0.371906 0.160233 -0.075773 0.107795 0.355145 0.106621 -0.225541 -0.394642 0.014606 0.000152 -0.000049 0.398082 -0.147923 -0.596670 -0.234530 -0.000092 -0.002158 0.015718 0.000150 -0.006237 0.039215 -0.350594 -0.085463 -0.000149 -0.156045
0.000086 0.289884 -0.226224 -0.000109 -0.223614 -0.001235 -0.000055 0.000048 -0.000136 0.580094 -0.000068 -0.000267 -0.000116 0.555848 0.000068 -0.000030 -0.000058 0.000214 0.140197 0.000043 -0.253567 -0.560159 -0.000252 0.000225 0.025183 0.000038 -0.161664 -0.000028 0.246851 -0.285274 -0.178885 0.081651 0.030486 0.031905 -0.133169 0.148372 -0.214784 -0.000574 0.000118 0.000017 0.300102 0.155047 0.199540 -0.161209 -0.000024 -0.001453 0.099392 0.000121 -0.117820 0.146250 -0.141984 -0.077758 0.000039 0.263241
-0.000241 -0.058741 0.161081 0.000217 0.380062 -0.001583 -0.000040 -0.000166 -0.000037 0.075021 -0.000023 0.000174 -0.000127 -0.370966 -0.000081 0.000174 0.000136 0.000050 -0.163813 -0.000092 -0.422498 -0.019092 -0.000076 0.000091 0.653267 -0.000627 -0.015311 0.000047 -0.192464 0.010814 -0.074611 0.141208 0.287484 0.571894 -0.200194 0.138766 0.210040 0.197169 -0.000125 -0.000007 -0.059603 0.216930 0.035983 -0.176703 -0.000065 -0.001242 -0.246580 -0.000078 -0.283305 0.202969 -0.265990 -0.465459 0.000146 -0.023698
-0.000087 0.143291 -0.404402 0.000036 -0.185416 -0.001371 -0.000147 -0.000071 0.000077 -0.290117 -0.000065 -0.000058 0.000004 0.033379 -0.000049 -0.000215 0.000087 0.000049 -0.011731 0.000034 -0.016646 -0.300435 0.000059 0.000005 -0.081056 -0.000021 -0.052512 -0.000233 0.003160 -0.088928 -0.343143 -0.001042 -0.004971 0.021447 -0.053474 -0.140249 0.019997 0.128915 0.000045 -0.000011 -0.290974 -0.122957 -0.195305 0.091928 -0.000101 -0.000478 0.106383 0.000126 0.044012 0.258104 -0.452121 0.061061 0.000151 0.252311
0.000095 -0.308186 -0.205284 -0.000088 0.233791 0.001272 -0.000102 0.000007 0.000018 -0.497940 -0.000106 0.000596 -0.000128 -0.469170 -0.000019 -0.000060 0.000138 0.000118 -0.180642 -0.000209 -0.376137 -0.116620 -0.000189 -0.000094 -0.069775 -0.000395 0.074576 -0.000004 -0.051474 -0.000565 0.141564 0.018848 -0.257002 0.072050 -0.567618 0.170730 -0.018197 0.161424 -0.000042 0.000026 0.073500 0.188127 0.170174 -0.109311 -0.000007 -0.001026 -0.043823 -0.000075 0.288329 0.608649 -0.420580 0.139396 -0.000151 0.282505
-0.000102 0.079171 0.131037 -0.000206 0.167696 -0.001772 -0.000142 0.000101 -0.000006 -0.237550 -0.000137 0.000837 -0.000060 -0.031316 0.000218 -0.000227 0.000008 0.000031 0.065705 0.000043 0.022971 0.010257 -0.000130 0.000076 0.124996 0.000012 0.405046 -0.000163 0.254526 -0.277859 0.079261 -0.085434 0.404161 0.006345 -0.248494 0.190923 0.179984 -0.644633 0.000067 -0.000026 -0.045357 -0.303291 0.316509 -0.122129 -0.000093 -0.001470 0.212197 -0.000062 0.143518 0.191890 0.160484 0.278970 0.000199 0.169105
-0.000065 0.255071 0.474214 0.000184 0.024106 -0.003146 -0.000055 0.000021 -0.000084 0.114384 -0.000083 0.000581 0.000115 -0.018723 -0.000043 0.000099 0.000138 0.000075 0.141710 -0.000006 -0.450028 0.101619 -0.000196 0.000047 -0.257185 -0.000525 0.145310 0.000053 0.331965 -0.368589 0.264009 -0.221784 0.365421 0.037808 0.001601 0.451549 -0.054449 -0.613796 0.000239 0.000032 0.126667 0.067804 0.115817 -0.128877 -0.000018 -0.000519 0.058935 -0.000092 -0.066403 0.017641 0.391646 -0.109125 0.000133 0.226431
0.000085 -0.109850 0.660818 0.000331 0.484913 -0.001720 -0.000348 -0.000057 0.000135 -0.430959 -0.000068 -0.000199 0.000160 0.269449 0.000084 -0.000133 -0.000053 0.000146 0.079526 0.000323 0.355990 -0.128882 0.000043 0.000048 -0.617484 -0.000037 -0.069476 0.000100 0.003999 -0.119553 -0.201805 0.001480 0.351999 -0.158816 -0.127280 0.227060 0.040794 0.136178 -0.000137 0.000036 -0.183072 0.061858 0.342099 -0.025313 -0.000029 -0.000157 0.194419 0.000102 0.297937 -0.189232 -0.190317 -0.027423 -0.000262 0.448948
0.000081 0.261639 0.084963 -0.000039 0.345908 -0.001100 -0.000043 -0.000122 0.000041 0.098027 -0.000048 0.001041 -0.000132 -0.009558 0.000255 -0.000143 -0.000048 0.000180 -0.455086 -0.000048 0.241147 -0.043812 -0.000228 -0.000047 -0.187258 -0.000301 0.106086 -0.000001 0.012119 -0.332935 0.319428 -0.201645 0.271250 0.230066 -0.214708 -0.050113 -0.078528 0.366896 -0.000171 -0.000041 -0.033147 -0.239732 0.345607 -0.039134 -0.000054 0.000933 0.302723 0.000103 -0.067278 0.315047 -0.045905 -0.406747 -0.000146 0.055252
0.000340 -0.087527 -0.386972 0.000063 -0.142014 -0.002051 0.000046 -0.000138 0.000013 0.344528 0.000113 0.000399 0.000140 -0.446757 -0.000031 -0.000002 -0.000055 0.000118 -0.369325 -0.000093 0.141468 0.075925 0.000345 -0.000093 -0.507181 -0.000140 -0.132946 0.000006 -0.456892 0.315582 0.010929 -0.259466 0.195202 0.151967 -0.116078 0.053817 0.109535 -0.240505 0.000075 -0.000075 -0.334490 0.206878 0.144735 0.100821 0.000025 -0.000780 -0.121497 0.000082 0.041449 -0.006201 -0.254439 -0.255376 0.000099 0.354048
-0.000156 -0.095170 -0.331234 -0.000237 -0.201977 -0.000342 0.000236 -0.000053 -0.000078 -0.212676 0.000055 0.000605 -0.000192 -0.141885 -0.000100 0.000070 -0.000150 -0.000040 0.151841 0.000318 0.233882 -0.174533 -0.000252 -0.000243 -0.042288 -0.000530 -0.301742 -0.000107 0.234715 0.227238 -0.205028 -0.206839 -0.436116 0.451325 -0.117983 0.287680 0.299937 0.166020 0.000177 -0.000025 0.004105 0.014467 -0.139598 0.165841 -0.000131 -0.002665 0.323069 0.000084 -0.203525 0.014267 -0.367146 -0.128643 -0.000096 0.124839
-0.000192 -0.220344 0.149766 0.000150 0.068816 -0.003066 -0.000054 -0.000350 0.000034 0.136837 0.000071 -0.000142 -0.000009 -0.230227 0.000023 0.000096 0.000059 0.000167 -0.036578 -0.000019 0.110714 0.200694 0.000078 0.000003 0.392057 -0.000125 -0.099145 -0.000017 0.075803 0.004564 -0.069046 -0.204531 -0.666071 -0.007611 -0.017171 0.045869 0.099611 0.061925 -0.000284 0.000144 -0.150696 -0.084839 0.173628 -0.001599 -0.000087 -0.002567 -0.287407 -0.000200 -0.144923 -0.099533 -0.253847 0.242071 -0.000161 -0.519189
-0.000069 0.240729 0.377545 -0.000255 0.324916 -0.002655 -0.000006 0.000037 -0.000134 -0.244575 -0.000019 0.000556 -0.000162 0.363723 0.000126 0.000156 -0.000070 0.000072 -0.119193 -0.000039 0.067893 0.151800 -0.000050 -0.000161 0.511915 -0.000512 0.542219 -0.000013 0.073936 0.029549 0.155123 0.231424 -0.482715 -0.162633 -0.266132 0.140822 -0.345798 0.295468 -0.000147 -0.000059 -0.187072 -0.001371 -0.142332 -0.008911 -0.000029 -0.003709 0.190875 -0.000142 0.391957 -0.035352 -0.153756 -0.104960 0.000209 -0.003786
-0.000115 0.077089 0.093290 0.000131 -0.142363 -0.006346 0.000116 -0.000036 0.000146 -0.784216 -0.000099 0.000784 -0.000015 0.130120 -0.000175 0.000193 -0.000236 0.000089 0.035570 -0.000055 0.442179 -0.159173 -0.000021 0.000022 0.026003 -0.000288 -0.075040 0.000099 0.047247 -0.144959 0.032323 -0.149134 -0.299665 0.426953 -0.077371 -0.065531 0.068179 0.127305 0.000055 0.000027 0.031837 0.086746 -0.763367 0.003376 -0.000089 -0.004080 0.057635 -0.000312 -0.140432 0.152167 0.367395 0.262540 0.000006 -0.302946
-0.000201 -0.182982 0.019743 0.000103 -0.067296 -0.002402 0.000043 0.000095 0.000044 0.116888 -0.000066 0.000155 0.000154 -0.058957 0.000031 -0.000153 -0.000116 -0.000007 -0.273024 -0.000021 -0.437990 -0.086957 -0.000017 0.000046 -0.044019 0.000021 0.149647 0.000004 -0.118439 -0.171338 0.494051 0.438469 -0.089517 -0.070633 -0.317762 0.315983 -0.035263 -0.236806 0.000094 0.000046 -0.247784 -0.052579 -0.083460 0.376502 -0.000096 -0.004771 0.031254 -0.000143 -0.186166 0.377866 0.337076 0.118746 0.000333 -0.082140
-0.000150 0.053584 -0.223565 0.000102 -0.106205 -0.001603 0.000100 0.000019 0.000119 0.035523 0.000084 0.000090 -0.000255 -0.513528 -0.000232 0.000008 -0.000023 0.000001 -0.471713 -0.000054 0.027534 -0.143616 -0.000082 -0.000060 -0.241566 -0.000084 0.231777 -0.000217 -0.368089 -0.184653 0.067085 0.242523 0.358507 0.697997 0.013107 0.375196 0.243474 -0.552255 -0.000256 -0.000073 0.132819 0.198026 0.182416 0.434884 -0.000028 -0.003286 0.034312 -0.000000 -0.466947 -0.232648 -0.024945 0.353929 -0.000059 -0.144405
0.000101 -0.153577 -0.252863 0.000018 -0.015641 -0.006226 0.000056 -0.000049 -0.000032 0.343122 -0.000004 -0.000447 -0.000113 -0.252890 -0.000050 0.000041 0.000037 -0.000228 -0.117604 -0.000036 0.160920 0.014835 -0.000075 0.000024 -0.099124 0.000149 0.532944 0.000036 -0.057574 0.064559 0.344241 -0.060834 -0.203346 0.423779 0.205648 -0.071757 -0.449879 0.024886 0.000038 -0.000137 -0.285974 0.279643 0.279554 0.299319 -0.000088 -0.002570 -0.278011 0.000128 0.261494 -0.123187 0.023957 0.301652 0.000364 -0.273668
0.000242 -0.101908 -0.026623 0.000188 -0.407446 -0.013442 0.000066 -0.000063 -0.000067 0.106252 0.000024 0.000656 0.000054 0.429690 0.000102 -0.000138 0.000334 -0.000115 -0.198391 0.000047 0.123287 -0.029491 -0.000042 -0.000104 -0.055048 -0.000048 -0.091394 0.000409 -0.155782 0.106664 0.355731 -0.008177 0.269213 0.323086 0.324017 0.080207 -0.082412 0.083760 -0.000053 0.000002 0.010706 -0.274258 -0.122934 0.211768 0.000016 -0.005141 -0.354672 -0.000092 -0.048551 -0.414895 -0.431872 0.532468 -0.000257 -0.331151
-0.000140 0.038945 0.040340 -0.000009 -0.007268 -0.014509 0.000141 0.000032 0.000041 -0.019804 0.000041 -0.000209 0.000131 -0.274778 0.000076 -0.000032 -0.000037 -0.000061 -0.342999 0.000056 -0.535089 0.148285 -0.000179 -0.000058 0.161416 -0.000087 0.340656 0.000029 0.008539 -0.177049 0.124457 0.097849 -0.050789 0.257873 -0.183417 0.141522 0.206871 0.044294 0.000098 -0.000060 -0.255972 -0.172940 -0.207853 0.021449 -0.000055 -0.002023 0.059371 0.000111 0.359588 -0.012967 0.265611 -0.347006 0.000096 0.068098
0.000102 0.014104 0.084396 -0.000164 -0.167100 -0.012653 0.000105 -0.000008 -0.000041 -0.376618 0.000219 -0.000230 -0.000084 -0.482171 -0.000008 -0.000022 -0.000096 0.000051 0.008910 -0.000080 -0.085288 -0.071788 0.000098 0.000021 0.214997 -0.000139 -0.165185 0.000087 0.240952 -0.078955 0.129966 -0.138953 -0.099793 -0.329147 -0.262120 0.044107 -0.155053 -0.028777 0.000097 0.000138 -0.168002 -0.331268 -0.367558 0.195646 0.000021 -0.002622 -0.174952 0.000297 -0.172128 0.379357 -0.603855 0.081632 -0.000108 -0.314348
-0.000197 -0.246560 0.026045 0.000010 0.121718 -0.011237 -0.000088 -0.000145 -0.000013 -0.411208 0.000463 0.000741 0.000031 0.010044 0.000008 -0.000048 -0.000076 -0.000132 -0.193662 -0.000006 -0.035378 0.121190 -0.000183 -0.000313 0.289634 -0.000003 -0.290878 0.000138 -0.123909 0.486838 -0.159339 0.206704 0.147663 0.025126 0.307663 -0.418919 -0.496079 0.408127 -0.000136 0.000072 0.104990 -0.131759 0.363423 0.087436 -0.000059 -0.005005 0.287030 0.000102 -0.577249 0.357596 -0.031267 -0.004970 -0.000137 -0.874418
0.000072 0.025593 0.145433 -0.000010 -0.049242 -0.010981 0.000052 -0.000030 0.000050 0.120077 -0.000226 0.000915 0.000012 -0.035589 -0.000093 -0.000154 -0.000011 0.000049 0.210240 0.000135 -0.445342 0.034250 -0.000028 -0.000081 -0.243030 -0.000251 0.305928 0.000098 0.221366 0.201547 0.244611 0.096037 0.196014 0.139100 0.114311 0.105260 -0.272666 0.322752 0.000064 -0.000108 0.163849 -0.256004 -0.131721 0.034436 0.000039 -0.004966 -0.158160 -0.000003 -0.000827 0.500803 0.302723 -0.358232 -0.000061 -0.137956
0.000103 0.019873 -0.381319 -0.000256 0.210374 -0.009576 -0.000018 0.000027 -0.000059 0.098112 0.000239 0.000015 0.000060 0.142969 -0.000012 0.000186 -0.000054 -0.000152 -0.273496 0.000086 -0.525792 0.329510 -0.000051 0.000075 -0.004349 -0.000108 -0.036761 0.000174 0.214247 0.030858 0.038237 -0.250581 0.441503 -0.108390 0.143474 0.023181 -0.140945 0.243436 -0.000235 -0.000028 -0.007274 0.124515 0.194111 0.301263 0.000035 -0.002370 -0.160237 -0.000344 0.044649 0.303191 0.229092 0.015754 -0.000018 -0.075261
0.000267 0.269499 0.505328 -0.000098 0.078141 -0.006438 -0.000061 -0.000096 0.000014 0.092765 -0.000030 -0.000075 0.000035 -0.071951 0.000093 -0.000108 0.000094 0.000067 0.003956 -0.000041 -0.314127 0.340174 0.000071 -0.000037 -0.403898 0.000019 -0.216715 -0.000023 0.143183 0.082423 -0.007327 -0.393861 -0.008454 0.188420 0.273920 -0.124173 -0.275352 -0.070477 0.000042 -0.000054 -0.061475 -0.246758 -0.161677 0.236311 -0.000006 -0.001940 -0.317396 0.000367 -0.073099 -0.307648 0.443714 -0.264655 0.000203 -0.781444
-0.000070 -0.073807 -0.054306 0.000021 -0.293080 -0.005942 -0.000060 -0.000136 -0.000048 0.137732 -0.000138 -0.000010 -0.000305 0.341027 -0.000059 -0.000238 0.000005 -0.000093 0.272222 -0.000042 -0.008039 -0.319195 0.000147 0.000060 -0.568688 0.000135 -0.091719 -0.000018 -0.040469 -0.114984 -0.332325 -0.132815 -0.130347 0.130143 -0.194078 -0.103076 -0.161877 -0.312918 -0.000099 0.000024 -0.001784 -0.155260 0.704434 0.013478 -0.000009 -0.001964 0.166334 -0.000090 -0.196837 0.346969 0.098270 -0.053497 -0.000081 -0.160277
-0.000044 0.058303 0.213026 0.000108 0.179860 -0.002295 0.000090 0.000074 0.000073 -0.043011 0.000005 0.000217 0.000062 0.144088 -0.000007 -0.000078 0.000091 0.000010 0.337830 0.000021 0.127694 -0.136730 0.000095 -0.000021 0.170922 -0.000334 -0.088732 -0.000068 0.008203 0.395357 0.375942 -0.004513 -0.283724 0.188004 -0.004052 -0.132161 -0.158135 0.138055 0.000146 0.000142 -0.058318 0.084718 -0.185005 0.157097 0.000063 -0.001375 0.392902 0.000059 0.475820 -0.514984 -0.836434 0.309680 -0.000243 -0.035223
-0.000334 -0.038060 -0.527160 0.000044 0.318990 -0.002239 0.000118 0.000050 -0.000083 -0.257994 0.000055 0.000090 -0.000017 0.205062 -0.000114 0.000048 0.000067 -0.000023 0.173807 0.000082 0.217776 -0.420424 0.000111 0.000088 0.322067 0.000089 0.030150 0.000202 -0.280076 0.112041 -0.057703 -0.211142 -0.013004 0.052800 0.171774 -0.132424 -0.393633 -0.120283 0.000121 0.000131 0.055159 -0.048562 0.145628 0.091507 0.000079 -0.000819 0.277663 0.000130 -0.058833 -0.384422 -0.475570 0.274144 -0.000078 -0.181296
0.000042 0.089229 0.385683 -0.000409 -0.013414 -0.002489 0.000006 0.000085 -0.000116 -1.065835 0.000015 0.000763 0.000121 0.252175 -0.000117 -0.000031 0.000018 0.000018 0.451401 -0.000016 0.069030 -0.395744 -0.000100 -0.000091 0.045565 0.000103 0.217493 0.000005 0.197265 -0.007995 0.012298 -0.077860 -0.169288 -0.145734 -0.159619 -0.067312 0.355794 -0.072648 0.000030 0.000147 0.366399 -0.350110 -0.076486 -0.014485 -0.000057 -0.001327 0.493388 -0.000217 0.083912 0.492531 -0.827940 -0.180319 -0.000024 -0.448916
0.000071 0.123957 0.007837 -0.000059 -0.571612 -0.002273 0.000045 0.000103 -0.000228 -0.556525 0.000045 0.000037 0.000367 0.192921 0.000206 0.000233 0.000059 0.000171 -0.054438 -0.000085 0.164440 -0.091559 -0.000335 0.000095 0.307973 -0.000118 -0.209610 -0.000000 -0.052171 0.115059 -0.013084 -0.157327 -0.148218 -0.233962 0.036694 -0.526389 0.302694 0.130425 -0.000057 0.000158 0.231900 0.221941 0.359898 0.052986 0.000001 -0.001261 0.648105 0.000047 -0.388357 0.041932 -0.511197 -0.144096 0.000245 -0.051562
0.000147 0.022616 -0.008161 0.000071 0.197362 -0.004968 -0.000131 -0.000053 -0.000072 0.033125 -0.000186 -0.000422 0.000098 0.069578 -0.000018 0.000008 -0.000010 -0.000134 -0.435060 0.000049 0.029435 -0.295900 -0.000112 0.000042 -0.288081 0.000103 -0.259488 0.000117 0.079870 0.141531 0.066982 0.072714 -0.191330 0.020084 -0.000562 -0.367834 0.030683 0.070802 0.000042 -0.000034 0.212988 0.098298 0.245897 0.051606 -0.000048 -0.001848 -0.467957 -0.000076 -0.429184 -0.117002 0.453393 0.077312 -0.000138 -0.259898
0.000047 -0.601002 -0.113712 0.000137 0.030531 -0.002501 0.000079 -0.000180 0.000101 0.076573 -0.000089 -0.000200 0.000140 0.120287 -0.000004 0.000101 0.000072 0.000127 -0.149116 0.000048 0.210578 -0.476422 0.000010 -0.000083 -0.051672 0.000118 -0.080931 0.000162 0.194773 0.142405 0.182296 0.023027 0.122683 0.354530 -0.365245 0.276620 -0.361921 0.042310 0.000064 -0.000122 0.397949 0.354063 -0.312445 -0.135007 -0.000029 -0.004686 0.138457 -0.000089 -0.486757 0.067193 0.329579 0.070718 0.000241 0.114483
-0.000035 -0.233510 -0.316478 -0.000051 0.125721 -0.002153 0.000101 -0.000042 -0.000208 0.255516 0.000015 0.000512 0.000277 -0.090040 -0.000170 0.000016 -0.000288 -0.000023 -0.133061 0.000170 0.263999 -0.138907 0.000069 0.000115 -0.211908 -0.000187 0.019082 -0.000104 -0.001216 -0.116291 -0.025829 0.117599 0.350496 0.290811 -0.080505 0.073552 -0.053040 0.087417 -0.000066 0.000100 -0.035874 0.318310 -0.145510 -0.075383 -0.000037 -0.002246 0.174364 -0.000101 -0.070234 0.005145 0.076667 0.014592 -0.000170 0.016262
-0.000056 -0.203362 0.069574 -0.000260 -0.136727 -0.003129 -0.000104 -0.000011 -0.000013 0.122165 0.000336 -0.000004 -0.000034 0.194741 -0.000156 0.000071 -0.000368 -0.000099 -0.041302 0.000127 -0.422303 -0.271216 0.000066 0.000043 0.250829 0.000049 -0.065709 0.000029 0.094868 0.400104 -0.020841 0.239370 -0.011323 0.544418 0.021347 0.177482 0.018064 0.174148 0.000024 -0.000035 0.213753 0.015521 -0.165132 -0.298831 -0.000063 -0.001253 0.050868 -0.000176 0.047690 -0.625160 0.358559 0.096045 0.000147 -0.217014
0.000261 0.044748 0.178642 -0.000078 -0.008884 -0.006180 0.000192 -0.000099 0.000037 0.099237 0.000111 -0.000153 0.000170 -0.180071 0.000133 0.000020 -0.000050 -0.000001 0.164733 -0.000054 0.010485 -0.114155 0.000189 0.000177 0.179406 -0.000340 0.045232 -0.000087 -0.160905 0.183278 -0.179526 0.244564 -0.303881 0.383866 -0.009291 -0.034529 -0.215926 -0.166074 -0.000049 0.000003 0.631955 0.092590 0.148689 -0.187087 -0.000074 -0.001900 -0.135264 0.000122 0.296679 -0.986340 0.126726 0.607990 0.000064 0.252126
0.000037 -0.268442 -0.316588 0.000281 -0.161546 -0.010165 0.000157 -0.000099 -0.000122 -0.400937 -0.000089 0.000165 0.000131 0.160035 0.000117 -0.000093 0.000279 0.000005 0.490145 0.000016 0.233909 0.018848 -0.000058 0.000158 0.126456 0.000107 0.274536 0.000136 0.077249 0.133118 0.132710 -0.117277 -0.428230 0.362308 -0.185449 0.219058 -0.165312 -0.213823 0.000128 -0.000022 0.252840 0.046775 0.159857 -0.050104 -0.000031 -0.001247 0.239449 -0.000027 -0.261561 -0.107951 -0.302624 0.396593 -0.000548 0.184125
-0.000141 -0.315376 -0.059437 0.000079 0.276983 -0.004002 0.000100 -0.000207 -0.000002 -0.003534 0.000080 0.000463 -0.000081 -0.108837 0.000080 -0.000193 0.000005 -0.000232 0.210068 -0.000046 -0.293074 0.260227 -0.000051 0.000037 0.129267 -0.000072 0.299950 0.000046 0.179910 -0.384490 0.360338 -0.012941 -0.120487 -0.000025 -0.393917 0.398332 -0.094716 -0.190916 0.000123 -0.000015 -0.529184 0.155077 -0.272585 -0.237800 -0.000013 -0.000478 0.117095 0.000069 0.006010 0.256936 -0.215269 0.465790 -0.000003 0.588283
-0.000020 -0.060136 0.412104 0.000067 0.222127 -0.005994 0.000066 0.000188 -0.000098 0.170883 0.000297 0.000616 -0.000182 -0.205075 -0.000022 0.000060 -0.000061 0.000035 0.150343 -0.000046 -0.073768 0.009998 0.000102 -0.000049 0.191453 -0.000315 -0.007652 0.000181 -0.184178 0.015533 0.186640 -0.145569 -0.211917 0.009103 0.019304 0.198330 -0.290679 -0.057263 0.000184 0.000193 0.074160 0.072560 -0.110797 -0.087505 0.000004 -0.000408 -0.058418 -0.000174 -0.147162 -0.238469 -0.115981 0.083166 -0.000146 -0.082167
-0.000137 -0.060700 0.123522 0.000212 -0.174934 -0.004830 0.000058 -0.000002 0.000014 -0.007472 -0.000103 0.000916 -0.000085 -0.128780 0.000150 0.000025 0.000090 0.000159 -0.351978 0.000116 0.211300 -0.424927 -0.000237 0.000107 -0.207790 -0.000011 -0.200238 -0.000154 0.048094 -0.100539 -0.049682 -0.005415 0.066621 -0.101390 -0.028566 -0.171420 0.236022 0.148393 0.000121 -0.000223 -0.369345 -0.153250 -0.070558 -0.008639 0.000013 -0.000331 -0.126378 -0.000184 -0.429572 0.550920 0.131475 -0.594485 -0.000174 -0.026992
0.000163 -0.041840 0.121164 -0.000034 0.189168 -0.005705 0.000021 0.000253 0.000087 0.064660 0.000122 -0.000231 -0.000111 -0.305068 0.000174 0.000000 -0.000091 -0.000026 -0.330348 -0.000033 0.779271 0.030863 -0.000249 -0.000033 -0.193528 -0.000270 0.297768 0.000168 0.369160 0.152709 -0.198462 0.257991 -0.263298 0.065353 -0.103955 -0.063035 -0.154847 0.045927 0.000141 -0.000101 -0.246426 0.041125 0.115817 -0.029244 -0.000030 -0.001638 -0.241303 -0.000014 -0.447603 0.298942 0.548467 0.014715 0.000253 0.175859
-0.000101 0.138117 0.091157 -0.000018 0.278347 -0.002059 0.000037 0.000063 0.000037 0.449517 -0.000093 -0.000126 0.000092 -0.083120 -0.000185 -0.000127 0.000046 0.000138 -0.174776 -0.000287 -0.225084 -0.286133 -0.000069 -0.000026 0.054807 -0.000783 0.005986 -0.000065 -0.253268 -0.244524 -0.403546 0.397497 0.580039 -0.041562 0.379250 0.053006 0.257905 0.061098 -0.000020 0.000047 -0.178936 0.051001 0.053781 -0.052278 -0.000090 -0.000720 -0.331805 0.000124 0.007987 -0.540260 -0.124746 0.331699 0.000212 -0.176824
0.000002 -0.031493 -0.068906 0.000105 -0.164262 -0.004691 0.000108 0.000038 0.000079 0.097495 -0.000052 -0.000382 -0.000089 -0.221207 -0.000126 0.000196 -0.000083 -0.000208 0.179253 -0.000016 0.235279 -0.068323 0.000001 0.000004 0.099707 0.000044 0.015180 -0.000076 -0.152105 0.009486 -0.268667 0.216482 0.083082 0.192396 -0.037697 0.154882 -0.011229 0.201292 0.000055 -0.000010 0.052325 -0.135506 0.287864 -0.004454 -0.000014 -0.002213 0.242693 -0.000055 -0.047567 -0.244200 -0.445601 0.162350 0.000007 0.212889
0.000068 -0.005923 0.015166 -0.000030 -0.067451 -0.009237 0.000073 0.000210 0.000099 0.152808 -0.000207 0.000972 -0.000005 0.017220 -0.000012 0.000214 -0.000070 0.000023 -0.156968 0.000052 -0.137845 -0.493267 -0.000079 -0.000087 -0.078310 -0.000073 -0.179385 0.000166 -0.073831 0.297201 -0.462469 0.223240 -0.049049 0.524057 0.383010 -0.253132 0.292107 0.314038 0.000028 -0.000136 -0.011870 -0.107049 -0.024349 -0.000998 0.000092 -0.003246 -0.056432 0.000066 0.101016 0.002669 -0.099191 -0.005479 -0.000174 -0.128800
-0.000082 -0.259126 -0.220664 0.000065 -0.042058 -0.004351 -0.000108 0.000005 -0.000095 -0.065632 -0.000224 -0.000495 -0.000081 -0.171918 -0.000039 0.000038 0.000006 -0.000051 -0.017039 -0.000090 -0.140905 -0.285194 -0.000041 -0.000061 -0.468983 0.000040 0.271673 0.000098 0.034747 0.137305 -0.224829 -0.005092 0.062242 0.039849 -0.147355 -0.058904 0.385442 -0.343011 -0.000044 -0.000053 -0.211594 -0.048794 -0.131700 -0.171873 0.000004 -0.001587 0.161066 0.000023 0.221239 0.242082 -0.273890 -0.199870 0.000277 -0.084771
-0.000054 -0.129093 0.311864 0.000206 0.266005 -0.002483 0.000026 0.000055 0.000270 -0.249758 0.000108 0.000967 -0.000022 -0.204383 -0.000018 0.000008 0.000173 -0.000044 -0.128757 -0.000158 0.228191 -0.002139 0.000005 -0.000065 0.258058 0.000042 0.022674 0.000067 0.062422 0.070097 0.394809 0.185554 0.143518 0.402385 0.014198 0.322488 -0.342666 0.370161 -0.000141 0.000111 -0.411308 0.122418 0.048980 -0.150280 0.000006 -0.003484 0.364548 0.000017 -0.018509 0.188490 -0.323990 0.076744 -0.000280 0.353989
0.000103 -0.151353 0.111724 0.000290 0.141704 -0.002691 -0.000090 -0.000145 0.000086 -0.025647 0.000086 -0.000102 0.000059 -0.335137 0.000016 -0.000026 0.000016 0.000168 0.193744 -0.000024 0.271161 0.083678 0.000050 -0.000020 0.084058 -0.000074 -0.083461 0.000042 0.458335 0.322260 0.067230 0.525808 0.201394 -0.131193 -0.140562 -0.008785 -0.102525 -0.014667 -0.000200 -0.000151 0.078295 -0.104467 0.321600 0.038640 0.000026 -0.001493 0.156093 -0.000034 -0.001169 0.053609 -0.694911 0.032671 -0.000010 0.109967
0.000042 0.041836 0.023970 0.000025 -0.355281 -0.004511 -0.000161 0.000059 0.000037 0.252532 -0.000020 -0.000174 0.000103 -0.236874 0.000032 0.000207 -0.000095 0.000069 0.525699 0.000041 0.183789 0.330194 -0.000201 -0.000125 -0.114613 -0.000361 0.223398 0.000140 -0.045940 -0.090430 0.308297 0.406792 0.262902 0.046084 -0.036680 0.007512 -0.512933 0.099204 0.000169 0.000019 -0.239201 -0.132672 -0.448491 0.088151 0.000092 -0.001155 -0.043225 -0.000209 -0.097761 -0.154339 -0.484670 0.271115 0.000069 0.140594
-0.000030 -0.035345 -0.500094 -0.000037 -0.070752 -0.009672 0.000010 0.000141 -0.000073 0.403517 0.000081 -0.000105 -0.000091 0.212334 -0.000153 0.000118 -0.000180 -0.000006 0.124763 0.000105 -0.278977 -0.012678 0.000069 -0.000324 0.019725 -0.000470 0.041811 0.000016 0.269402 0.309258 -0.294925 0.129000 0.361712 0.372131 0.089827 -0.288686 -0.343047 -0.103949 -0.000136 0.000050 -0.581222 0.187503 -0.252493 0.036690 0.000162 -0.001354 0.048064 0.000029 0.145663 0.039523 0.093878 0.247360 0.000087 -0.702858
-0.000017 0.027625 0.075273 -0.000078 0.058951 -0.007733 0.000024 -0.000149 0.000031 -0.397204 -0.000007 -0.000239 0.000131 -0.176676 0.000088 0.000092 -0.000134 -0.000075 0.176749 0.000067 -0.124427 0.482133 -0.000175 0.000082 -0.285687 -0.000582 -0.018988 -0.000011 0.116175 0.239204 -0.350923 0.073490 -0.225745 0.233321 0.010218 0.229811 0.163895 0.373851 -0.000005 0.000107 -0.451092 -0.082510 -0.411980 -0.039317 0.000069 -0.000631 0.226854 0.000116 0.064093 0.091133 0.044954 -0.027003 0.000236 -0.061293
0.000157 0.024885 0.013917 -0.000166 -0.141253 -0.014746 0.000088 -0.000125 0.000126 -0.014199 -0.000012 0.000516 0.000011 -0.027104 0.000102 -0.000072 0.000141 0.000039 0.216719 -0.000002 -0.365922 0.278268 -0.000144 -0.000040 -0.075943 -0.000085 -0.102426 -0.000093 0.234027 -0.382558 -0.243344 -0.442548 -0.539029 -0.053781 0.153154 -0.026527 0.264128 0.059703 0.000133 0.000063 -0.201126 0.622812 0.204171 -0.023279 -0.000015 -0.000343 0.025416 0.000095 -0.014271 -0.160226 0.351862 0.450667 -0.000084 -0.132647
-0.000009 0.118067 -0.015168 0.000032 -0.124869 -0.006971 0.000108 -0.000024 0.000070 -0.094139 0.000089 0.000062 -0.000227 -0.293464 0.000087 -0.000119 0.000070 -0.000028 -0.250128 0.000025 0.105520 0.432330 -0.000141 0.000174 0.200413 -0.000165 -0.034097 0.000038 0.393634 -0.447641 0.034405 -0.094562 -0.226451 0.267458 -0.094718 -0.004387 -0.360751 0.375613 -0.000070 0.000091 -0.194798 -0.023710 0.081416 0.006250 0.000024 -0.000680 -0.370084 0.000213 -0.062128 -0.243052 0.115782 0.242994 -0.000014 0.075698
-0.000149 -0.067250 -0.020456 -0.000036 -0.039596 -0.001233 -0.000099 -0.000038 0.000225 -0.192563 0.000151 0.000844 0.000098 0.208298 -0.000033 -0.000150 -0.000095 0.000021 -0.403085 -0.000022 -0.134076 0.027483 -0.000230 0.000146 -0.286027 -0.000036 -0.019119 0.000018 -0.008352 -0.168949 -0.254483 0.276123 0.277980 -0.162349 0.015802 -0.268690 0.542969 -0.267927 -0.000175 0.000067 -0.018979 -0.296690 0.453307 -0.142876 -0.000067 -0.001311 -0.093398 0.000094 -0.325977 -0.318479 0.355990 0.494763 0.000043 0.007949
-0.000017 0.186147 0.546944 0.000204 0.399226 -0.001272 0.000094 -0.000012 0.000044 0.088619 0.000012 0.000923 0.000011 -0.205954 0.000097 -0.000117 0.000215 0.000050 -0.194472 0.000087 -0.218044 0.076382 -0.000125 -0.000036 -0.174165 0.000057 0.025202 0.000001 -0.081553 -0.112892 0.313756 -0.158418 -0.094300 -0.333847 0.073147 -0.001351 0.123920 0.116785 -0.000065 -0.000085 -0.231667 0.192473 -0.211534 0.067303 0.000014 -0.004592 0.125542 -0.000045 0.102991 -0.146879 -0.001327 -0.018753 -0.000233 0.010831
0.000059 0.100578 0.538965 0.000054 0.004742 -0.000204 0.000020 0.000103 0.000267 0.144583 0.000057 0.000887 -0.000035 -0.061460 -0.000062 0.000018 0.000097 0.000040 -0.083549 -0.000087 -0.004819 0.365338 0.000223 0.000167 -0.149245 -0.000017 -0.525788 -0.000110 -0.232526 -0.031690 0.218629 -0.113706 -0.165864 -0.272488 0.017320 -0.031071 0.587251 -0.027034 -0.000001 -0.000068 -0.203941 -0.165876 -0.406348 0.186766 -0.000025 -0.004398 0.144149 -0.000038 -0.003210 -0.573158 0.102107 -0.158119 0.000061 0.061022
0.000156 -0.225730 -0.178337 0.000024 0.021794 0.000948 0.000022 -0.000135 0.000005 0.511327 0.000089 0.000978 -0.000212 0.260825 0.000051 0.000086 -0.000057 -0.000003 0.030362 -0.000028 0.262159 0.094289 -0.000082 0.000105 -0.077355 -0.000059 0.085215 -0.000033 -0.180799 0.002685 -0.085094 -0.062599 0.008379 -0.381689 0.215383 -0.019207 0.297699 -0.155385 -0.000004 0.000062 -0.028078 -0.052740 0.054129 0.255125 0.000043 -0.003530 0.646370 0.000084 0.281697 -0.395482 0.067970 0.023111 -0.000127 -0.086452
0.000037 -0.295048 -0.664599 -0.000172 0.428026 0.000497 -0.000106 0.000001 -0.000225 0.007251 -0.000048 0.000546 -0.000080 -0.147736 -0.000310 -0.000031 -0.000017 0.000110 0.061188 0.000034 0.214141 0.017889 -0.000137 0.000107 -0.410313 -0.000077 -0.079442 0.000186 -0.226768 -0.463619 -0.008871 -0.157052 0.200557 0.214960 0.086816 -0.276058 0.183378 -0.280311 -0.000297 0.000136 0.286461 0.087825 -0.161727 0.033882 -0.000063 -0.003237 0.181515 -0.000029 0.215194 0.100772 0.027220 -0.180131 -0.000149 -0.024851
0.000045 -0.091496 -0.106279 0.000140 0.097271 -0.000185 0.000048 -0.000128 0.000002 -0.328574 -0.000330 0.000864 -0.000395 -0.049496 0.000291 0.000228 -0.000174 -0.000136 -0.301073 -0.000087 -0.408044 0.308855 -0.000058 0.000059 0.239918 -0.000098 0.156106 0.000025 -0.174637 0.444058 0.020710 -0.153802 0.276826 0.211253 0.059715 -0.242419 0.354178 -0.137458 -0.000038 -0.000006 -0.336296 0.198499 -0.409043 0.152152 -0.000038 -0.003367 -0.067892 0.000049 0.405418 0.223711 0.265245 -0.232089 -0.000085 0.067900
0.000142 0.232082 0.113929 0.000146 0.024051 0.000694 -0.000134 0.000024 -0.000091 -0.297818 0.000031 0.000277 -0.000092 0.035288 -0.000127 -0.000157 -0.000260 -0.000107 0.310343 -0.000011 0.380709 0.035574 0.000056 0.000159 0.276199 0.000160 -0.004756 -0.000038 -0.312813 -0.201520 -0.141241 -0.224900 0.357829 0.000970 0.041043 -0.120618 0.191807 -0.030516 -0.000000 -0.000125 -0.190280 0.233060 -0.435363 0.201392 -0.000120 -0.000769 -0.011555 0.000128 -0.219477 -0.285790 -0.188284 0.115175 -0.000284 0.095152
-0.000007 -0.085785 -0.043483 0.000128 -0.282743 -0.007447 0.000213 -0.000107 0.000072 0.087332 0.000130 0.000009 0.000175 0.086630 -0.000052 0.000134 0.000136 0.000084 -0.056764 -0.000201 -0.439835 0.051102 -0.000041 -0.000059 0.333777 -0.000073 0.003157 -0.000014 0.159512 -0.235352 0.070681 -0.213292 0.117986 -0.050232 -0.164074 -0.294346 0.189577 -0.212074 -0.000075 -0.000191 0.261312 0.028140 -0.129736 0.113504 -0.000036 -0.000413 -0.654046 0.000250 -0.403242 -0.082032 0.373558 0.246847 -0.000037 0.062691
-0.000090 -0.029779 0.634673 0.000136 0.062164 -0.007916 -0.000056 -0.000100 -0.000054 -0.076793 0.000032 0.000814 -0.000001 0.423748 0.000016 0.000066 -0.000041 0.000200 -0.137074 0.000087 0.137915 -0.218580 -0.000010 0.000045 0.124451 -0.000186 -0.138724 -0.000077 -0.372979 -0.369543 -0.288376 -0.118268 -0.173295 0.443678 -0.201778 -0.537558 0.166253 0.039454 0.000094 0.000077 0.041430 0.029794 0.089166 0.178488 -0.000031 -0.000902 -0.303460 0.000073 0.036530 -0.112244 -0.273798 -0.118961 0.000183 0.334762
-0.000058 0.175777 0.400961 0.000044 -0.190563 -0.008970 -0.000109 -0.000143 0.000134 -0.259897 -0.000156 0.000396 -0.000089 -0.253633 -0.000146 -0.000137 0.000084 -0.000126 -0.009832 -0.000089 -0.070023 0.000938 -0.000026 -0.000041 -0.104202 -0.000088 0.227594 0.000111 -0.208320 -0.395607 -0.134201 -0.501800 -0.136604 0.180625 -0.014557 -0.319606 0.344419 0.396206 -0.000074 -0.000077 -0.167643 0.865269 0.003178 0.143769 0.000052 -0.000637 -0.002469 0.000210 0.302028 -0.404884 -0.245783 0.144432 0.000039 0.035451
0.000009 0.251408 0.056485 -0.000003 -0.833464 -0.015002 0.000114 0.000020 0.000059 -0.127419 0.000044 0.000780 -0.000058 0.066461 0.000044 -0.000159 0.000293 0.000075 0.057421 -0.000114 -0.223311 -0.184328 -0.000234 0.000076 -0.333959 0.000166 -0.087156 0.000091 0.138991 -0.472517 0.202083 -0.133154 0.171749 -0.294590 0.128527 -0.293608 0.628717 -0.099439 -0.000156 -0.000016 0.291078 -0.259374 -0.307339 0.033951 0.000067 -0.000375 -0.249619 -0.000313 -0.253982 0.131189 -0.006249 -0.272375 -0.000553 0.407035
0.000058 0.155269 0.253578 0.000181 -0.070917 -0.009402 0.000113 0.000061 -0.000002 0.079155 -0.000032 0.000117 -0.000472 0.090325 -0.000055 -0.000067 0.000002 0.000119 0.327962 -0.000005 -0.139044 -0.039474 0.000038 0.000175 -0.485713 -0.000171 -0.096779 0.000022 -0.169988 -0.258985 0.164232 -0.195932 -0.222660 0.044727 0.018576 -0.141726 0.640722 0.437469 -0.000067 0.000238 0.126953 0.137564 0.075214 0.140936 0.000033 -0.000868 0.025041 0.000071 -0.267799 0.129190 0.082915 -0.408475 -0.000083 0.203280
0.000089 -0.021337 -0.411277 -0.000045 -0.323908 -0.008658 0.000096 -0.000218 -0.000068 -0.013141 -0.000007 0.000413 -0.000088 0.202174 -0.000068 -0.000062 -0.000058 -0.000198 -0.007290 -0.000070 0.181345 -0.250599 0.000049 -0.000122 -0.284090 -0.000309 -0.331343 -0.000008 -0.032358 0.140357 -0.006844 -0.246929 -0.226629 0.470500 0.118432 -0.535223 0.099449 0.129796 0.000220 -0.000030 0.259407 0.167626 0.193396 0.016138 -0.000036 0.001706 -0.316595 -0.000079 0.110979 -0.043919 -0.138683 0.150026 0.000074 0.031547
-0.000081 0.286250 -0.005488 0.000339 -0.280958 -0.004288 0.000061 0.000054 -0.000085 0.007446 0.000104 -0.000078 -0.000167 0.340272 0.000081 -0.000351 0.000340 -0.000122 0.022021 -0.000066 0.079684 -0.218897 0.000193 -0.000049 0.062194 -0.000026 0.128547 0.000087 0.174455 -0.106880 0.018596 -0.254450 0.121234 -0.109443 -0.014347 -0.302771 0.213819 -0.071762 0.000021 0.000011 0.031035 0.209449 -0.058503 -0.161494 0.000025 -0.001460 0.392518 0.000030 0.037213 -0.253185 -0.259498 0.260335 -0.000008 0.028467
0.000047 -0.355836 -0.336632 -0.000156 0.332531 -0.001842 0.000092 0.000095 -0.000091 0.066934 -0.000007 0.000001 0.000187 -0.294781 -0.000028 0.000112 -0.000155 -0.000105 -0.196443 0.000053 0.510495 0.202369 0.000098 -0.000079 -0.203953 0.000051 -0.182528 0.000049 -0.064191 0.160175 0.260132 -0.222126 0.189038 0.131299 0.040989 -0.127352 0.427447 -0.283825 0.000007 0.000103 0.380655 0.188028 -0.247485 -0.018312 -0.000054 -0.001639 -0.256255 -0.000154 -0.148578 0.311398 -0.011931 0.165630 0.000052 0.034800
0.000036 0.055865 0.363058 0.000033 0.415149 -0.004119 -0.000113 0.000085 -0.000285 -0.108693 -0.000025 0.000816 0.000092 0.011814 -0.000010 -0.000047 0.000145 -0.000107 -0.061772 -0.000120 -0.158106 0.174610 0.000090 0.000018 -0.020818 0.000048 0.185235 0.000134 0.095604 0.367275 0.135930 -0.000631 0.895769 -0.001639 -0.227418 -0.203806 0.017594 -0.147892 0.000172 0.000084 0.003794 -0.052326 0.012629 -0.038641 -0.000034 -0.000937 -0.054409 -0.000019 -0.012563 -0.053453 -0.046370 0.335341 -0.000235 -0.061322
-0.000166 -0.134901 0.193014 0.000028 -0.164880 -0.006284 -0.000124 0.000224 0.000093 0.216919 -0.000115 0.000937 -0.000301 -0.333687 -0.000083 -0.000201 -0.000047 0.000042 0.437315 -0.000008 -0.055029 -0.355471 0.000022 0.000104 -0.100765 0.000033 0.026872 0.000013 -0.147952 0.214515 0.125084 -0.149547 0.019271 -0.426770 -0.264626 0.303845 0.409100 -0.041150 -0.000012 -0.000026 0.028007 0.162407 0.215698 -0.132166 0.000052 -0.004868 0.326289 0.000399 0.016022 -0.223210 0.002938 -0.119627 0.000299 0.556538
-0.000011 0.043942 0.083624 0.000025 -0.277813 -0.003779 -0.000211 0.000172 -0.000122 -0.037988 0.000048 0.000723 -0.000046 -0.078634 -0.000224 -0.000243 0.000015 -0.000011 -0.085839 -0.000083 -0.126913 -0.132355 -0.000100 0.000153 0.133367 0.000057 -0.043079 -0.000151 0.007511 0.323451 -0.062886 -0.374435 -0.240870 -0.460125 0.012956 -0.004912 0.197812 -0.093160 -0.000124 -0.000090 -0.140550 -0.348639 0.084091 0.055120 -0.000082 -0.003449 -0.221683 0.000027 0.335544 -0.315951 0.236699 -0.323114 0.000200 0.119518
-0.000051 -0.091279 0.330846 -0.000126 -0.545991 -0.007440 -0.000044 0.000029 -0.000069 -0.349015 -0.000142 0.000738 -0.000066 0.330158 0.000005 -0.000028 -0.000007 -0.000094 0.074513 0.000039 -0.249166 -0.144281 -0.000031 0.000005 -0.228530 -0.000414 0.143420 -0.000008 0.088514 0.301037 -0.255810 0.021956 -0.336956 -0.088552 -0.076579 0.078547 0.649228 -0.008618 -0.000185 -0.000016 0.201947 -0.059667 0.267671 -0.046177 -0.000037 -0.003090 -0.191148 -0.000349 -0.051654 0.246689 0.193383 -0.149297 -0.000009 -0.038810
0.000045 0.059069 0.084217 -0.000212 0.015932 -0.007052 -0.000090 0.000153 0.000141 0.137554 0.000051 -0.000182 -0.000227 0.115089 0.000146 0.000002 0.000003 0.000056 -0.009470 0.000079 0.418411 -0.108635 0.000089 0.000121 0.087458 0.000236 0.266093 -0.000026 0.087647 0.371451 -0.589217 -0.269729 -0.098526 0.277866 -0.103945 0.229965 0.114839 0.455714 0.000005 -0.000006 -0.468569 0.215539 0.438763 0.004181 -0.000043 -0.001725 -0.074844 0.000085 0.058938 -0.020137 0.041658 0.308292 0.000360 0.102352
-0.000189 0.039450 0.045442 -0.000255 -0.425871 -0.006500 -0.000040 0.000022 0.000111 0.041870 0.000077 0.000500 0.000131 0.162356 0.000070 0.000174 -0.000118 0.000186 0.233104 -0.000024 -0.201806 -0.237364 0.000136 -0.000020 0.042609 -0.000084 0.226281 -0.000014 0.075857 0.405766 -0.334142 -0.016917 0.612331 -0.477398 0.031591 -0.008988 0.130673 -0.009816 -0.000236 0.000062 0.004502 -0.092796 0.079692 0.047527 0.000021 -0.001519 0.008538 -0.000157 0.015499 -0.405034 -0.029791 0.155587 -0.000089 -0.141361
-0.000146 0.033761 0.048310 0.000139 -0.183192 -0.010807 0.000151 -0.000106 -0.000067 0.298920 0.000120 0.000108 -0.000075 -0.164967 0.000290 0.000100 -0.000026 0.000147 -0.158942 0.000074 -0.010950 -0.025456 0.000004 -0.000083 -0.039601 0.000121 -0.159908 -0.000096 -0.176401 0.113823 -0.168908 -0.298651 0.212626 0.209337 0.087074 -0.197880 -0.012225 -0.069507 0.000092 0.000100 0.239756 0.495707 0.144844 -0.112173 0.000055 -0.001395 0.350583 -0.000103 -0.411208 -0.094947 0.104966 0.044219 0.000016 0.304387
0.000044 -0.201444 0.232621 0.000223 -0.326163 -0.013707 0.000119 0.000073 0.000032 0.002439 -0.000202 -0.000251 0.000030 0.016486 -0.000200 -0.000074 0.000046 0.000093 0.343617 -0.000139 -0.115330 0.020975 0.000098 -0.000036 0.018133 0.000120 -0.015847 -0.000121 0.430238 -0.049119 0.244252 -0.469608 -0.114386 -0.147466 -0.241964 0.216528 0.104144 0.220685 0.000173 -0.000184 -0.114036 -0.235592 -0.130146 0.073588 -0.000001 -0.001162 0.426410 -0.000083 -0.323137 -0.726544 -0.242728 0.546414 -0.000069 0.251894
0.000058 -0.202129 -0.031971 -0.000131 -0.676933 -0.006547 0.000110 -0.000143 -0.000183 0.197826 0.000035 0.000003 -0.000094 0.260496 0.000043 -0.000218 -0.000012 0.000079 0.190303 0.000084 -0.027068 -0.092865 0.000017 0.000099 0.178467 -0.000166 0.177292 0.000034 0.134739 0.585128 -0.011466 -0.039546 -0.135788 -0.151828 0.013179 0.002669 -0.029150 0.352316 -0.000191 0.000010 -0.054766 0.313386 0.041623 -0.248090 -0.000076 -0.002354 0.019684 0.000041 0.012507 -0.479719 -0.085869 0.188047 0.000129 -0.170750
0.000025 -0.453922 0.248749 -0.000062 -0.177008 -0.005303 0.000267 0.000106 0.000002 0.067984 -0.000054 -0.000111 -0.000026 0.347219 0.000086 0.000039 0.000224 0.000131 0.101026 -0.000087 -0.155280 -0.502852 0.000191 -0.000024 -0.366702 -0.000559 -0.003956 0.000115 0.147312 0.189118 0.136737 -0.236415 0.207596 -0.053558 -0.348807 0.218731 -0.370468 -0.143988 -0.000008 0.000143 0.468795 -0.037719 -0.607714 0.044578 -0.000012 -0.001749 -0.287666 0.000149 0.006589 0.001546 0.032342 0.071475 0.000045 -0.275219
0.000258 0.029531 0.072429 0.000055 0.012542 -0.001057 0.000112 -0.000098 -0.000063 -0.553260 0.000335 -0.000377 0.000017 0.066715 -0.000143 0.000058 -0.000040 -0.000038 -0.562985 -0.000039 0.076106 -0.158843 -0.000108 0.000136 0.330719 -0.000592 -0.110183 0.000262 -0.510880 -0.234406 0.322858 -0.055013 0.435544 0.035816 0.216923 0.070899 -0.119263 0.249590 0.000181 0.000157 -0.075073 -0.026600 -0.580441 0.021494 -0.000034 -0.003275 -0.120192 -0.000089 0.437834 0.082411 -0.172085 -0.641004 -0.000055 -0.426103
-0.000029 -0.442788 0.323591 0.000010 0.310379 -0.003594 0.000131 -0.000170 -0.000054 0.152916 0.000011 -0.000253 -0.000089 0.086410 0.000022 -0.000075 -0.000046 0.000070 -0.388112 -0.000118 -0.066032 -0.185886 -0.000098 0.000148 0.365131 -0.000112 0.134909 0.000039 -0.087239 0.568456 -0.195242 -0.344444 -0.033110 0.026180 -0.141129 0.251078 0.045195 -0.065132 0.000248 0.000160 -0.095076 0.081342 -0.488772 -0.012980 0.000067 -0.002947 0.173692 -0.000014 0.025440 0.255061 0.107970 -0.518354 -0.000213 0.092397
-0.000123 0.159721 -0.195000 0.000023 0.319342 0.000956 -0.000017 -0.000124 0.000058 -0.076485 -0.000116 0.000550 -0.000242 0.406403 0.000152 0.000034 0.000210 -0.000018 -0.168156 -0.000033 0.332845 -0.045579 0.000045 0.000211 0.234543 0.000042 -0.367601 0.000042 0.176064 -0.183638 -0.005713 -0.560733 -0.363447 -0.448012 0.180106 0.094707 0.117415 0.047582 0.000179 -0.000166 -0.456877 0.119996 0.253660 0.053970 0.000036 -0.002230 0.261803 0.000140 0.191382 0.243867 0.261540 0.229940 -0.000073 0.113714
0.000049 -0.232621 -0.626647 -0.000109 0.246433 0.001012 0.000052 -0.000167 0.000026 -0.033371 0.000268 -0.000216 0.000058 -0.125780 -0.000212 0.000083 -0.000032 0.000043 -0.079018 0.000074 0.026378 -0.007712 0.000089 -0.000059 -0.124276 -0.000175 0.074401 0.000164 0.093454 0.103019 -0.145054 -0.214812 0.014412 -0.240826 -0.226090 0.509465 -0.033322 0.081304 -0.000066 0.000186 -0.445810 -0.258978 0.445048 -0.003989 -0.000049 -0.003782 0.481170 0.000039 -0.451075 0.113217 -0.063663 0.251937 0.000037 0.400128
-0.000031 0.228159 -0.248214 -0.000055 0.328708 0.001361 0.000050 -0.000040 0.000044 0.320170 -0.000173 -0.000534 0.000150 0.005435 -0.000133 0.000027 -0.000098 -0.000044 -0.177826 -0.000084 -0.285424 -0.078423 -0.000017 0.000010 0.436751 -0.000447 0.096312 -0.000051 0.089048 -0.185868 -0.048152 -0.451597 0.403681 0.040998 0.105436 -0.010619 0.242819 -0.242151 0.000061 -0.000115 -0.636244 0.024920 0.376938 -0.002864 0.000090 -0.000847 0.421337 0.000014 0.085960 0.159600 -0.349887 0.034340 0.000454 0.138204
-0.000016 0.581887 -0.004781 0.000006 -0.004682 -0.003382 0.000021 -0.000004 -0.000033 0.176079 -0.000201 0.000960 -0.000231 0.018811 -0.000122 0.000092 -0.000051 0.000084 0.029757 -0.000028 -0.132289 -0.136789 -0.000122 0.000020 -0.198050 -0.000283 0.132187 -0.000112 -0.021246 0.130102 -0.188059 0.002635 0.415993 0.110816 0.037464 -0.016690 0.013479 -0.031016 -0.000079 0.000010 -0.329623 0.185683 0.439022 0.356067 0.000018 -0.005190 -0.132890 -0.000038 -0.128579 -0.306497 0.492939 0.286436 0.000039 -0.249212
-0.000070 -0.046190 0.125203 -0.000007 0.254678 -0.000809 0.000148 -0.000025 0.000144 0.424565 -0.000018 0.001135 0.000033 0.048518 0.000013 -0.000036 0.000017 0.000054 0.272194 -0.000039 -0.504648 -0.246828 -0.000129 -0.000040 -0.021966 -0.000341 -0.211337 -0.000040 -0.392111 0.112265 0.275327 -0.116690 -0.249231 -0.207581 -0.058546 -0.062224 0.031804 -0.379245 0.000204 0.000008 0.169707 -0.022052 -0.245629 0.119493 -0.000029 -0.004179 -0.569242 0.000046 -0.108727 -0.031405 0.052272 0.072876 0.000010 -0.247996
-0.000063 -0.217719 0.459633 0.000102 0.367874 -0.004564 0.000108 0.000061 0.000062 -0.000056 -0.000153 0.000579 0.000127 -0.216890 -0.000043 -0.000229 0.000136 0.000006 0.369540 0.000061 -0.021826 -0.006781 -0.000097 -0.000049 -0.357310 -0.000004 -0.461359 0.000018 0.518644 -0.262567 0.148208 0.064816 -0.177944 0.075535 -0.068143 -0.145773 -0.279234 -0.715874 -0.000155 -0.000110 -0.136919 -0.253360 0.212435 0.026181 -0.000026 -0.006321 -0.165553 -0.000088 -0.191019 0.005012 0.061152 0.180084 -0.000303 0.315649
-0.000040 -0.291020 0.533471 -0.000012 0.011975 -0.002721 0.000303 0.000035 0.000073 -0.082991 0.000323 0.000367 -0.000102 0.347927 0.000168 -0.000034 -0.000023 -0.000213 0.160227 -0.000034 0.204994 -0.017926 -0.000228 0.000027 0.044068 -0.000564 0.135667 0.000017 0.447683 0.016910 0.004253 -0.085917 -0.694512 -0.310512 0.260408 -0.017649 -0.172977 0.016482 -0.000055 0.000094 0.219826 -0.287145 0.111842 0.067473 0.000021 -0.003466 -0.052955 -0.000011 0.272802 0.206816 -0.393178 -0.092820 -0.000148 0.366067
0.000048 -0.128367 0.771235 0.000294 -0.069621 -0.001460 0.000154 0.000045 0.000079 -0.173774 0.000038 0.000766 0.000076 0.072723 -0.000098 0.000007 -0.000010 0.000023 -0.577191 -0.000036 0.415261 0.024430 0.000101 -0.000108 -0.087288 -0.000386 -0.077516 0.000354 0.263331 -0.012184 0.138563 -0.080811 -0.062738 0.069764 0.072674 -0.706417 -0.099362 0.421766 -0.000037 0.000173 0.092440 -0.191171 -0.190983 0.035525 -0.000004 -0.001901 -0.237485 0.000056 -0.028894 0.500919 -0.370664 -0.263732 -0.000274 0.032552
-0.000106 0.140228 -0.011560 -0.000124 0.241087 -0.003411 -0.000040 -0.000056 0.000045 -0.009901 -0.000171 0.000853 -0.000160 0.324838 -0.000133 -0.000021 -0.000102 0.000097 0.266549 0.000003 0.143269 0.182119 0.000061 -0.000429 -0.482721 -0.000080 -0.196649 -0.000034 -0.167402 0.039031 -0.054572 0.035847 0.095159 -0.141953 -0.099002 0.009184 0.051302 0.648741 0.000025 0.000196 0.259659 -0.000725 0.588709 0.012069 0.000106 -0.001620 0.243222 -0.000048 0.594763 -0.090030 0.171689 -0.272587 0.000011 0.094496
0.000058 -0.282336 -0.805540 -0.000258 -0.153915 -0.000588 -0.000087 -0.000055 -0.000070 0.285520 -0.000068 0.000042 -0.000071 -0.136263 -0.000023 -0.000121 0.000039 -0.000197 -0.128964 0.000029 0.247820 0.056170 -0.000179 0.000048 -0.081194 -0.000292 -0.387849 0.000146 -0.565966 0.089307 0.206113 -0.010212 0.011668 -0.214660 0.144711 -0.423298 -0.195669 -0.176475 0.000119 0.000030 0.385238 -0.261602 0.102547 0.061040 -0.000051 -0.002754 0.548465 -0.000019 0.088749 -0.617572 0.319710 -0.243131 0.000353 0.206975
0.000262 -0.132104 -0.153971 0.000075 0.035806 0.000177 -0.000200 -0.000154 -0.000232 -0.404222 0.000013 0.000063 -0.000056 0.191676 -0.000125 0.000047 -0.000143 -0.000028 0.145838 0.000074 0.138318 -0.363458 -0.000076 -0.000081 0.489829 0.000013 -0.002514 0.000074 0.205608 -0.177401 -0.485268 0.027042 0.480042 0.083299 -0.101388 -0.373769 -0.340790 -0.190100 0.000090 0.000040 0.226961 -0.679733 0.006877 -0.385360 -0.000033 -0.003288 0.255486 -0.000137 0.148849 -0.295354 0.252274 -0.136677 -0.000287 0.300046
0.000343 -0.414536 0.048588 -0.000265 0.358799 -0.003062 0.000051 0.000011 -0.000058 -0.055150 -0.000272 -0.000033 -0.000102 -0.254910 -0.000034 0.000135 0.000183 0.000090 0.128853 0.000029 -0.039526 0.092613 0.000074 -0.000371 0.328433 0.000007 -0.188496 -0.000075 -0.014210 -0.159508 -0.573203 -0.108845 0.167230 -0.446029 -0.166182 0.094729 0.056375 -0.346434 -0.000128 0.000069 -0.309110 -0.152291 -0.168608 -0.084081 -0.000056 -0.002367 0.102366 -0.000017 0.181167 -0.154893 0.490475 -0.109691 0.000006 0.089513
-0.000052 -0.017292 -0.003518 -0.000019 0.527404 -0.001194 0.000081 -0.000096 -0.000087 0.364480 0.000159 0.001441 -0.000145 0.007828 -0.000165 0.000206 -0.000028 0.000125 0.064780 -0.000042 0.120671 0.083500 -0.000101 0.000031 0.181267 -0.000220 -0.342922 0.000000 0.056752 -0.081412 0.044301 -0.440581 0.403895 0.409552 0.086781 -0.046153 -0.239470 -0.474009 0.000002 -0.000200 0.085313 -0.134867 -0.386685 -0.025673 -0.000001 -0.000428 -0.063243 -0.000036 -0.406728 -0.092098 -0.098470 -0.107540 0.000180 0.462817
-0.000096 -0.001669 0.200995 0.000017 0.084180 -0.001697 0.000039 0.000104 0.000020 -0.079070 0.000187 0.000227 0.000333 0.073418 0.000069 -0.000037 0.000029 0.000341 0.121989 0.000015 0.197577 -0.236531 -0.000057 0.000006 -0.067244 0.000148 -0.320895 0.000064 -0.124064 -0.162157 0.139994 -0.199539 -0.304772 -0.150904 -0.218124 -0.015730 -0.427840 0.212666 0.000024 0.000052 0.392219 0.347427 0.282754 0.140989 -0.000025 -0.000623 -0.366691 0.000210 0.054447 -0.079624 0.132413 0.028388 -0.000530 0.225421
0.000012 0.047635 0.635693 -0.000276 0.201577 -0.001508 -0.000172 -0.000019 -0.000079 0.234279 -0.000258 0.000791 0.000042 -0.099195 -0.000002 -0.000013 -0.000004 -0.000028 0.624955 -0.000040 0.127528 0.154887 -0.000141 0.000080 -0.461133 -0.000323 -0.316469 0.000031 0.146140 -0.136560 -0.164610 0.460553 -0.000772 -0.205550 -0.209847 0.143824 0.534510 -0.138871 0.000096 -0.000106 0.006051 0.225531 -0.052742 0.241731 0.000062 -0.000432 -0.194664 -0.000053 0.235422 -0.105088 0.198288 0.028081 0.000058 -0.165708
-0.000053 0.182097 -0.077366 0.000136 -0.234286 -0.001123 0.000087 0.000106 0.000025 0.002673 -0.000152 -0.000263 -0.000328 -0.174154 -0.000081 0.000054 -0.000226 0.000153 0.167417 -0.000313 -0.436600 0.291059 0.000006 -0.000056 0.465679 -0.000200 0.121467 -0.000051 0.118210 -0.051134 0.317605 -0.200701 -0.119148 -0.230498 0.127580 0.081093 -0.128092 0.396652 0.000169 -0.000004 0.441637 0.491414 -0.294112 -0.011070 0.000058 -0.001886 0.183093 -0.000210 0.348283 0.044768 0.133911 0.275243 0.000276 0.487505
-0.000105 -0.357877 0.090694 0.000128 -0.014719 -0.001284 0.000004 -0.000055 -0.000077 -0.082336 -0.000099 0.000059 0.000161 -0.078119 0.000020 -0.000048 0.000062 0.000033 -0.111099 0.000041 0.012649 0.234394 0.000097 -0.000042 0.342353 -0.000060 -0.322208 0.000057 0.241645 -0.042951 0.577678 0.110965 0.432202 0.229062 -0.346622 0.137808 0.131516 0.118240 0.000057 -0.000113 0.010795 -0.064764 -0.168975 0.184469 -0.000052 -0.003557 0.088815 -0.000059 0.352847 -0.106940 0.049419 -0.124929 0.000317 0.432422
-0.000009 0.155833 -0.608623 -0.000192 0.292022 -0.001969 0.000106 -0.000051 -0.000113 0.358054 0.000057 0.000366 -0.000000 -0.288406 -0.000160 -0.000124 -0.000147 -0.000116 -0.043199 -0.000171 -0.072320 -0.048054 -0.000101 -0.000056 0.138425 -0.000104 0.217711 -0.000037 -0.644534 0.152595 0.160162 0.127937 -0.139133 -0.061814 0.018316 -0.001623 0.016887 -0.204369 0.000142 -0.000277 -0.129535 -0.017668 0.094249 0.022592 0.000035 -0.000941 0.005634 0.000240 0.227527 -0.024580 0.170601 -0.187158 0.000131 0.047326
0.000102 -0.104056 -0.500420 0.000080 0.029853 -0.001613 -0.000002 -0.000070 0.000072 -0.010512 0.000070 0.000828 0.000028 -0.143393 -0.000102 -0.000027 0.000090 0.000180 0.240655 -0.000015 -0.239716 0.057449 0.000036 0.000140 0.236381 -0.000162 -0.089770 -0.000092 -0.171525 -0.120482 -0.271547 -0.114086 -0.133487 0.114142 -0.265440 0.028222 -0.096012 -0.079516 -0.000075 -0.000106 -0.208093 -0.281326 0.256311 0.007577 0.000115 0.002973 -0.262861 0.000035 -0.176300 0.165058 -0.278903 -0.168725 0.000095 0.303631
-0.000161 0.120380 -0.004695 -0.000005 0.130054 -0.002439 -0.000070 0.000341 -0.000138 -0.098923 0.000045 0.000839 -0.000039 -0.248802 -0.000183 0.000099 0.000004 -0.000023 0.111600 0.000177 -0.313460 0.261149 -0.000053 0.000008 0.082618 0.000029 0.055526 0.000024 0.042176 -0.295828 -0.434384 0.015580 0.093911 -0.218386 -0.282287 0.390148 0.391704 -0.620565 -0.000108 -0.000130 -0.136096 -0.001162 0.067141 -0.353469 0.000005 0.004036 -0.621920 -0.000061 0.003402 0.387466 0.252582 0.276382 0.000030 -0.045814
-0.000104 0.017266 -0.233417 0.000075 -0.462584 -0.001730 0.000070 0.000069 0.000019 -0.516617 -0.000016 0.001127 0.000043 -0.244925 0.000017 0.000001 0.000071 0.000126 0.227469 0.000138 0.058267 0.132274 0.000049 0.000059 0.070007 -0.000007 -0.223130 -0.000081 0.073690 -0.003458 -0.371141 -0.001692 0.168867 0.086436 0.246671 -0.003529 -0.389045 -0.126917 -0.000018 -0.000029 -0.029203 0.149427 0.145110 -0.003889 -0.000040 0.004713 -0.271310 -0.000048 0.436200 -0.403789 -0.077212 -0.112413 0.000138 0.008789
-0.000071 0.014049 0.534134 0.000235 -0.356637 -0.000750 0.000251 0.000103 -0.000143 -0.251039 0.000065 0.000965 -0.000029 0.381088 0.000037 0.000035 -0.000091 -0.000087 -0.221743 -0.000034 0.274323 0.173558 0.000089 0.000028 0.027726 -0.000002 0.009311 0.000052 -0.168925 -0.185449 -0.336262 -0.169627 0.366826 0.257715 0.059812 0.192423 -0.422243 0.334918 0.000039 0.000006 0.596289 0.204372 0.302199 -0.136650 -0.000052 0.005511 -0.066421 -0.000113 0.338019 -0.220198 0.081860 -0.190079 -0.000082 0.177059
-0.000111 0.015549 -0.087831 0.000100 -0.183269 -0.001850 -0.000050 -0.000145 0.000105 0.219496 0.000004 -0.001581 0.000103 -0.036392 -0.000068 -0.000161 -0.000004 -0.000090 0.007375 -0.000086 -0.426467 0.042363 0.000063 -0.000100 -0.166978 -0.000536 0.213018 0.000040 -0.332090 0.072791 -0.360188 0.143545 0.324536 0.174213 0.336602 -0.004157 -0.208679 0.191498 0.000034 -0.000027 0.194023 0.001139 0.157225 -0.033445 -0.000011 0.004761 0.250739 -0.000060 0.228239 -0.201744 -0.002956 0.197277 -0.000006 -0.372652
-0.000047 -0.082317 0.216690 -0.000039 0.316625 -0.001595 -0.000099 -0.000154 -0.000105 0.036729 0.000051 -0.000951 -0.000035 -0.139639 -0.000068 0.000108 0.000180 0.000062 0.162287 0.000037 0.474301 0.434136 0.000058 0.000011 -0.415228 0.000002 -0.046654 -0.000038 -0.347088 -0.122860 -0.006259 -0.239392 0.069898 -0.678421 0.481464 0.162205 -0.395690 0.461503 0.000272 0.000102 0.034186 0.259843 0.395540 -0.017096 -0.000048 -0.000271 0.247511 0.000069 -0.038446 -0.226544 0.270965 -0.192750 0.000243 0.050632
-0.000320 0.393815 0.165167 -0.000076 0.080875 -0.001314 -0.000088 -0.000063 0.000074 -0.119886 0.000061 0.000605 -0.000012 0.183708 -0.000091 0.000266 0.000125 0.000074 -0.165958 0.000043 0.044644 0.621730 0.000263 0.000041 0.406275 -0.000083 -0.230169 -0.000059 0.625094 -0.013895 0.448383 -0.075218 0.037346 0.010091 0.398438 -0.071032 -0.006718 0.136925 0.000081 0.000097 0.068497 0.095338 0.014002 -0.053458 0.000062 0.000158 -0.036698 0.000073 -0.041625 0.221791 -0.177637 0.181831 0.000152 0.030487
0.000045 0.211148 -0.097662 0.000042 0.150787 -0.001427 -0.000134 -0.000056 -0.000133 -0.054375 0.000064 0.000542 -0.000414 -0.120832 0.000139 -0.000015 0.000045 0.000054 -0.274867 0.000047 0.354324 0.422346 0.000147 0.000113 0.171514 0.000111 0.013878 0.000067 -0.011720 -0.263355 -0.007459 -0.134935 -0.172852 -0.213267 -0.037828 0.005835 0.047418 0.316893 -0.000130 -0.000030 -0.137145 -0.375047 0.043442 -0.067156 -0.000052 -0.000006 0.073596 -0.000065 -0.153997 -0.098055 0.329816 -0.075635 -0.000093 0.070788
0.000266 -0.235951 -0.132996 -0.000108 -0.652214 0.001062 0.000108 -0.000047 -0.000059 -0.058918 0.000045 0.001061 -0.000009 -0.083518 -0.000062 0.000075 -0.000054 0.000172 -0.185790 0.000043 -0.107352 0.109668 -0.000102 -0.000090 -0.022579 -0.000111 -0.190782 0.000035 -0.515153 0.362739 -0.193348 0.002925 -0.052840 0.042467 -0.107993 -0.065061 0.110485 0.296925 -0.000005 -0.000130 -0.062695 0.379317 0.299340 0.158042 0.000069 -0.000747 -0.475943 -0.000084 -0.456210 -0.055698 -0.046622 0.064085 0.000270 -0.296606
-0.000094 -0.174024 0.173102 0.000027 -0.040329 -0.000279 0.000102 0.000038 -0.000074 -0.181506 -0.000022 -0.000204 0.000028 -0.196966 0.000233 -0.000028 -0.000008 -0.000010 0.139727 0.000024 0.236664 0.062048 0.000328 -0.000129 0.345091 -0.000086 -0.123198 0.000040 0.111327 0.025291 -0.057988 0.147498 -0.197119 -0.003168 0.036085 -0.028000 0.010463 0.144703 -0.000112 -0.000038 -0.029402 0.401689 0.054821 0.095424 0.000044 -0.002653 -0.387739 0.000086 0.099676 0.121584 0.313281 -0.418507 -0.000337 -0.172517
-0.000064 -0.021002 0.102659 0.000031 0.081620 0.001048 0.000039 0.000262 -0.000078 -0.176491 0.000090 0.000095 -0.000055 0.116283 -0.000141 0.000248 0.000180 0.000297 0.059332 -0.000085 -0.114532 0.178724 -0.000092 0.000064 0.439566 0.000083 -0.010200 -0.000086 0.020506 0.425518 0.068235 0.335004 -0.102117 0.394494 0.258265 0.056580 -0.222324 -0.028451 0.000247 -0.000074 0.046422 0.130421 -0.290764 0.009776 -0.000005 -0.004643 -0.066179 -0.000072 0.553007 0.239082 0.114405 -0.366712 -0.000036 -0.320089
-0.000171 0.178866 0.401882 -0.000074 -0.111970 -0.004668 -0.000053 0.000045 -0.000197 0.087432 0.000065 0.000828 -0.000053 -0.126664 0.000053 -0.000233 0.000128 -0.000153 -0.200751 -0.000106 -0.440735 0.569689 0.000097 -0.000018 -0.122782 -0.000073 0.356104 -0.000081 0.098147 -0.029846 -0.117751 0.097684 -0.232737 0.496606 0.132728 0.163575 0.055001 0.092489 -0.000080 0.000117 -0.047371 -0.010077 -0.194708 0.064353 -0.000075 -0.003406 0.126686 0.000004 0.633401 0.146556 0.124555 -0.111429 0.000157 -0.363070
0.000013 0.112950 0.210250 0.000127 0.082471 -0.009793 0.000203 -0.000106 -0.000246 0.326627 -0.000215 0.000635 -0.000103 0.494291 -0.000074 -0.000016 -0.000146 0.000074 0.251225 0.000033 0.326584 0.049536 0.000129 -0.000005 -0.180531 -0.000361 0.051953 -0.000068 -0.414846 -0.108206 -0.230606 -0.146012 -0.460296 0.072401 -0.058491 -0.005354 0.193202 -0.002746 0.000152 -0.000111 0.013701 -0.266383 -0.358234 -0.005801 0.000046 -0.002886 0.218570 -0.000152 0.030840 -0.386631 -0.348558 -0.108712 0.000017 -0.411209
-0.000067 0.354584 0.144685 -0.000022 0.441543 -0.003041 0.000395 -0.000078 -0.000081 0.616117 0.000156 -0.000057 0.000011 -0.058616 0.000215 0.000015 -0.000096 -0.000006 0.180361 -0.000073 0.157737 0.157956 0.000220 -0.000078 -0.052001 -0.000052 0.332482 0.000178 0.273234 -0.330483 -0.053035 -0.048010 -0.092065 -0.388901 -0.363946 -0.251424 -0.108507 0.263479 0.000052 0.000038 0.142262 -0.447922 0.096867 -0.060411 0.000029 -0.001824 -0.035995 -0.000102 0.305139 -0.393839 0.412485 -0.255083 -0.000238 -0.119779
0.000053 -0.170859 -0.341887 0.000028 0.036479 -0.006110 0.000074 0.000092 0.000015 -0.131641 -0.000012 0.000721 -0.000044 0.079938 0.000026 0.000072 0.000094 -0.000065 0.099888 0.000128 -0.291347 -0.331610 0.000058 0.000035 -0.014380 -0.000162 -0.008600 0.000059 -0.021314 0.111378 0.152417 -0.011909 -0.163838 -0.874283 0.116630 0.072441 -0.081253 0.024968 -0.000000 0.000029 -0.537206 0.127376 0.507638 -0.131201 0.000091 -0.001624 0.152585 -0.000186 0.143368 -0.500616 0.068160 -0.128706 -0.000004 -0.000361
-0.000153 0.162071 0.039082 0.000128 -0.144979 -0.003346 -0.000105 -0.000103 -0.000126 0.277312 -0.000050 0.000971 0.000043 0.155540 0.000244 0.000196 -0.000022 -0.000072 0.219043 -0.000068 -0.138319 0.032100 0.000036 0.000118 -0.551660 0.000163 -0.198622 0.000005 0.197939 0.156629 0.724288 -0.052567 0.130075 -0.032851 -0.032300 -0.153085 0.430436 -0.007850 -0.000018 0.000106 0.547801 -0.506767 0.383008 -0.220260 -0.000059 -0.001631 -0.241213 -0.000074 0.182454 -0.336061 -0.007396 -0.001540 -0.000107 -0.443694
-0.000103 0.210643 0.140455 -0.000094 -0.150479 -0.000801 -0.000251 -0.000052 -0.000052 -0.083626 -0.000074 -0.001225 0.000068 -0.001182 -0.000080 0.000026 -0.000038 0.000144 -0.255746 -0.000154 0.249734 -0.203110 -0.000102 -0.000118 0.266688 0.000032 0.058601 0.000088 0.445880 -0.382657 0.497023 0.148445 0.149769 -0.130880 0.031128 -0.447248 0.173255 -0.221278 -0.000086 0.000051 0.346944 -0.801396 -0.000307 0.027388 -0.000018 -0.002238 -0.598210 0.000091 -0.165337 -0.183030 0.204267 -0.331490 -0.000181 -0.568306
0.000196 0.143321 0.305639 -0.000014 -0.061887 -0.001296 -0.000156 -0.000070 -0.000092 -0.423729 0.000088 0.000490 -0.000099 -0.090102 -0.000113 0.000213 -0.000058 -0.000113 0.106433 -0.000096 0.309150 0.092152 -0.000088 0.000125 0.369905 0.000102 0.151384 0.000095 0.226723 -0.480463 -0.339649 0.055964 0.291168 0.406057 -0.249878 0.261692 -0.014232 -0.385996 0.000082 0.000004 0.101965 0.008788 -0.421499 -0.169051 0.000036 -0.001460 -0.271957 -0.000064 -0.208561 0.424192 -0.175484 0.154235 -0.000191 0.182110
-0.000127 -0.297848 0.101610 -0.000255 -0.102121 -0.000532 -0.000154 0.000140 -0.000014 0.132637 0.000082 0.000211 0.000023 0.000253 -0.000006 0.000193 -0.000060 0.000041 -0.104114 -0.000131 -0.052333 0.082159 0.000199 0.000022 0.692819 0.000194 0.171243 0.000065 0.442302 0.125670 -0.000648 0.016440 -0.055907 0.235009 -0.065831 0.097084 0.120685 -0.842802 0.000025 0.000084 -0.007653 -0.032991 -0.457340 0.004291 -0.000092 -0.005435 -0.173578 0.000131 0.012718 -0.193208 -0.057664 0.096293 0.000024 0.035649
-0.000049 0.243824 -0.057177 -0.000127 -0.122810 -0.002036 0.000208 -0.000026 -0.000017 0.118096 -0.000044 0.000054 -0.000043 0.220276 -0.000052 0.000027 -0.000017 0.000032 -0.110142 0.000074 -0.141921 -0.176459 0.000042 0.000219 0.532091 -0.000024 -0.109697 -0.000087 0.295625 -0.265150 -0.244244 0.270837 0.223952 0.335146 0.175226 -0.015023 -0.102816 0.207390 0.000251 0.000162 -0.433718 0.014301 -0.181131 0.276383 -0.000015 -0.003428 0.169903 0.000079 0.375403 -0.090548 0.303374 -0.359566 -0.000043 -0.062983
-0.000187 -0.015631 -0.071960 0.000089 0.160397 -0.001632 -0.000035 -0.000036 -0.000009 0.000624 0.000257 0.000817 -0.000034 -0.105726 0.000005 -0.000081 -0.000120 0.000008 -0.128311 0.000308 0.000327 -0.194517 -0.000261 -0.000338 0.357236 -0.000265 -0.397323 0.000052 0.530147 -0.250971 -0.075334 0.206017 0.011359 -0.029042 -0.117801 0.194255 0.262637 -0.050921 -0.000113 0.000180 0.140935 -0.048230 -0.021522 0.379457 0.000034 -0.001600 0.312680 -0.000014 -0.069536 -0.410295 0.338806 -0.036955 0.000215 0.400164
-0.000098 -0.086008 0.049465 0.000063 0.303462 -0.001296 -0.000079 -0.000068 0.000043 0.024849 0.000060 0.000622 0.000035 -0.049458 0.000227 -0.000015 0.000056 0.000118 0.157874 -0.000088 -0.299220 -0.117163 0.000038 0.000056 0.057885 0.000073 0.293284 -0.000058 -0.143215 0.057876 -0.200388 0.177092 0.212456 -0.201584 -0.065981 -0.110120 -0.147284 -0.248343 0.000089 0.000010 0.150665 -0.277168 0.236101 0.227146 -0.000063 -0.002555 0.414880 -0.000084 0.086213 -0.264324 0.487629 -0.123033 0.000026 0.059635
-0.000036 0.010731 -0.593786 -0.000332 -0.305947 -0.001695 0.000053 -0.000048 0.000002 0.462525 0.000051 -0.000139 -0.000046 -0.048956 -0.000056 -0.000056 0.000026 -0.000267 -0.426943 0.000071 0.247655 -0.504247 -0.000369 -0.000105 -0.320109 0.000126 0.157935 -0.000016 0.333530 -0.144201 -0.031965 -0.122031 -0.443611 -0.358690 -0.180753 -0.156087 -0.125429 0.305542 -0.000050 -0.000080 -0.188420 -0.953785 0.327415 0.165321 0.000049 -0.001609 0.227604 -0.000020 -0.150414 -0.242775 -0.196925 0.105203 0.000040 -0.073521
-0.000264 -0.017079 -0.744705 -0.000059 -0.089910 -0.002068 0.000155 -0.000055 0.000086 0.096377 -0.000287 -0.000017 0.000222 0.291882 0.000140 -0.000025 -0.000169 -0.000118 -0.587150 -0.000017 0.481446 -0.311831 -0.000090 -0.000043 -0.006689 -0.000051 -0.324941 0.000070 -0.016441 -0.196966 0.553181 -0.004808 0.283944 -0.239563 0.020712 -0.131151 -0.450483 0.022321 -0.000022 -0.000260 -0.003506 -0.505938 0.015645 -0.071197 0.000137 -0.001264 -0.106758 0.000166 0.376939 0.342383 -0.160489 -0.031951 -0.000181 -0.112988
0.000391 0.057376 -0.672295 0.000544 -0.033597 -0.001644 -0.000022 -0.000012 0.000126 0.174830 0.000115 0.000305 -0.000089 0.021479 0.000132 0.000060 -0.000073 0.000041 0.282485 -0.000017 0.303022 0.416410 -0.000087 0.000159 0.185116 -0.000258 -0.240206 -0.000081 -0.084582 -0.114557 0.052247 0.337201 0.021844 -0.101172 0.111899 0.127207 -0.299577 0.034260 0.000225 -0.000043 0.311562 -0.521586 -0.065571 -0.031103 0.000011 -0.001483 -0.500923 -0.000047 0.063623 0.053064 -0.059258 0.131993 -0.000088 -0.136572
0.000005 0.472669 0.026988 0.000057 -0.181736 -0.003463 -0.000071 -0.000254 0.000033 0.014001 -0.000218 -0.000288 -0.000103 -0.099123 -0.000139 0.000071 -0.000124 0.000127 -0.113179 -0.000185 0.594075 -0.088204 0.000049 -0.000066 0.485515 0.000053 -0.016279 0.000067 0.232006 0.026694 0.148423 0.130042 0.188381 -0.335604 0.002684 0.077507 -0.380264 -0.343453 -0.000115 0.000186 -0.058055 -0.642404 -0.359167 -0.023640 -0.000043 -0.000557 -0.597949 -0.000034 0.152191 -0.194886 -0.092804 0.525541 -0.000097 -0.238129
-0.000380 0.152996 0.083701 -0.000055 0.113391 -0.004543 0.000063 -0.000013 -0.000053 -0.200622 -0.000049 -0.000154 -0.000257 -0.105877 0.000068 -0.000081 0.000105 0.000040 0.183795 0.000027 -0.280736 -0.054009 0.000051 0.000134 0.437056 0.000101 -0.015183 -0.000016 -0.154720 -0.379672 0.213448 0.389735 -0.323222 0.075980 0.049678 -0.006338 -0.443997 -0.016549 0.000017 -0.000006 0.077912 -0.540760 -0.159372 0.009292 -0.000082 -0.000997 -0.145949 0.000114 0.017038 0.011142 -0.202584 -0.075270 -0.000238 0.215346
0.000061 -0.005916 -0.063167 0.000061 -0.104187 -0.005914 0.000154 0.000126 0.000125 -0.169365 -0.000060 0.001002 -0.000130 -0.294102 -0.000033 0.000063 0.000109 -0.000055 0.012478 0.000023 0.108630 0.003369 -0.000112 0.000143 -0.187111 -0.000112 0.088961 -0.000127 -0.093198 0.214216 -0.074586 -0.070707 -0.298510 0.196276 -0.067472 0.413773 -0.033593 -0.061737 0.000164 0.000039 0.148236 -0.494152 0.023790 -0.089063 0.000004 -0.000195 0.181926 -0.000149 -0.083258 0.725444 0.036238 -0.562998 -0.000035 -0.213814
0.000008 0.314466 -0.025255 0.000114 0.068435 -0.008045 -0.000054 0.000103 0.000057 0.318433 -0.000042 0.000255 -0.000210 -0.307077 -0.000022 -0.000138 0.000029 -0.000046 0.164696 0.000123 0.285582 0.156243 -0.000100 -0.000095 0.434113 0.000137 0.116542 0.000170 0.270091 -0.272347 0.370206 0.165685 -0.070853 0.412673 0.053459 -0.179201 0.101994 -0.322587 0.000148 0.000191 -0.185150 -0.604599 -0.193300 0.010896 0.000041 -0.001922 0.132996 0.000144 0.217856 -0.461943 -0.014474 -0.343687 0.000173 0.209699
-0.000102 0.075062 -0.358859 0.000322 -0.182784 -0.004482 -0.000058 0.000015 0.000001 0.720301 0.000134 -0.000013 -0.000115 0.576182 -0.000003 0.000163 -0.000066 -0.000066 -0.114115 0.000128 -0.363899 -0.080464 0.000059 0.000052 -0.479987 -0.000155 -0.073804 0.000093 0.236679 -0.053798 0.558980 -0.087126 -0.062073 -0.028348 0.058897 -0.131197 -0.070914 0.141752 -0.000180 -0.000012 0.032907 -0.006993 0.008304 -0.144718 0.000162 -0.001427 0.341140 -0.000079 0.560406 -0.293714 -0.057155 -0.835157 0.000190 -0.223830
-0.000100 -0.244896 -0.124766 0.000058 -0.120722 -0.001630 -0.000164 -0.000132 0.000105 0.401950 -0.000050 -0.000241 -0.000059 -0.279326 0.000054 -0.000239 -0.000027 0.000008 -0.099671 -0.000049 -0.457308 0.104827 -0.000026 -0.000000 -0.257037 0.000051 -0.003443 -0.000064 -0.632354 0.332719 -0.032663 0.174617 -0.262948 -0.060728 0.225316 -0.009223 -0.175151 0.552549 0.000027 0.000078 0.087327 0.052737 0.277370 0.052571 0.000053 -0.006021 0.322889 -0.000037 -0.358987 0.310383 -0.200843 -0.529040 0.000080 -0.158213
-0.000104 -0.336556 -0.214636 0.000254 -0.305234 -0.001099 0.000099 -0.000119 0.000080 -0.004647 0.000070 -0.000215 0.000004 -0.404536 0.000052 -0.000068 0.000029 0.000150 0.004527 -0.000127 -0.235479 0.211176 0.000116 0.000190 -0.145058 0.000056 -0.042639 0.000091 0.328770 -0.184653 0.462693 0.003086 -0.186831 -0.206097 -0.057828 0.023141 -0.059085 0.081687 -0.000043 -0.000092 0.043934 -0.428369 0.225390 -0.158272 0.000050 -0.003025 -0.210933 -0.000036 -0.661977 0.397354 -0.074521 -0.037568 -0.000001 -0.185784
-0.000044 -0.336497 0.208029 0.000036 0.084818 -0.000247 0.000210 0.000031 0.000024 0.341460 0.000029 0.000397 -0.000132 0.321468 -0.000034 -0.000232 -0.000019 0.000028 0.012337 -0.000052 -0.389083 0.108499 0.000095 -0.000191 0.352354 -0.000326 -0.034229 0.000085 -0.883617 0.084350 0.122127 -0.141318 0.403493 -0.195489 0.078742 0.364536 -0.089238 0.148596 0.000024 -0.000100 -0.331460 -0.026075 -0.109267 -0.057470 0.000046 -0.005537 -0.451758 0.000106 0.032171 0.021633 -0.332148 0.684981 -0.000042 0.354838
-0.000198 0.171619 0.338333 -0.000060 0.089026 -0.005708 0.000025 -0.000084 -0.000087 0.309953 0.000184 0.000664 0.000027 -0.506741 -0.000115 -0.000218 0.000198 0.000147 -0.046191 0.000056 -0.082505 -0.045976 -0.000037 -0.000148 -0.098520 -0.000095 0.326121 -0.000177 -0.600921 0.192495 0.016254 -0.027305 -0.039337 -0.289250 0.176895 -0.014544 0.232334 -0.200265 0.000025 0.000116 -0.494020 0.002150 -0.286155 0.058192 -0.000168 -0.005309 -0.173842 -0.000002 -0.118251 0.562244 0.069292 -0.224787 -0.000142 0.185261
0.000061 -0.175344 0.342588 0.000141 -0.231705 -0.007239 0.000038 0.000031 -0.000078 0.378741 -0.000032 0.000733 0.000049 0.191489 0.000368 -0.000021 -0.000026 -0.000257 0.342822 0.000014 -0.260115 -0.068864 -0.000016 0.000095 0.509515 0.000030 0.084558 -0.000009 0.027212 0.442163 0.008828 0.196471 -0.471457 -0.113058 -0.165458 -0.171139 0.029816 -0.504054 0.000024 0.000120 -0.213413 0.257194 0.296056 0.015273 -0.000033 -0.008357 -0.190540 -0.000084 0.175088 -0.132458 -0.410557 0.127571 0.000275 0.264630
0.000047 0.024161 -0.031560 -0.000146 -0.301385 -0.002712 -0.000116 0.000135 -0.000016 0.120036 0.000146 0.000788 -0.000162 0.522038 -0.000264 -0.000337 0.000058 -0.000012 -0.179642 0.000086 0.409600 -0.001571 0.000095 -0.000090 0.492227 -0.000539 -0.459791 0.000015 -0.417528 0.377466 0.188195 -0.275219 -0.060136 -0.171239 0.053908 -0.177543 -0.196572 -0.157731 -0.000005 -0.000151 0.223808 -0.020309 -0.110733 0.040147 0.000024 -0.006344 -0.108891 0.000225 -0.001307 -0.249602 0.022264 0.018258 -0.000009 -0.092296
-0.000244 -0.322226 -0.041608 -0.000164 -0.040144 -0.009756 -0.000120 0.000313 -0.000151 -0.558867 0.000009 0.000583 0.000130 0.126605 -0.000084 -0.000010 0.000168 -0.000105 0.393468 -0.000230 -0.264979 0.260002 0.000051 0.000092 0.521137 0.000092 -0.286629 0.000036 -0.488390 0.016965 -0.161195 -0.041540 -0.297034 -0.743825 0.077816 -0.047814 -0.196850 0.031011 0.000002 0.000107 -0.160827 -0.358061 0.319238 0.163750 0.000132 -0.006784 0.080922 0.000350 0.001831 -0.108015 0.164536 -0.681463 -0.000011 -0.372253
