-0.001127
-0.002667
0.004933
-0.588478
-0.002729
-0.002312
-0.000840
-0.033896
-0.003661
0.000010
-0.003701
-0.007227
-0.002548
0.252439
-0.001644
-0.013531
-0.012851
-0.001100
0.000792
-0.260823
-0.444119
-0.001122
-0.304545
-0.001856
-0.487069
0.314697
-0.008630
-0.001962
-0.314070
-0.001883
-0.014564
-0.002386
-0.336488
0.284794
-0.029266
-0.000109
-0.002508
-0.003839
-0.283446
-0.000952
-0.003814
-0.324837
-0.000040
-0.000499
-0.002403
-0.002065
-0.001375
-0.266755
-0.201980
-0.005883
-0.019123
-0.001862
-0.007797
-0.003519
-0.001175
0.000360
-0.369063
-0.003037
0.385958
-0.004051
0.306494
-0.141069
-0.297239
-0.205477
-0.212611
-0.000726
-0.229408
-0.007328
-0.238588
-0.002154
-0.000315
-0.000318
-0.000970
-0.004443
-0.001982
-0.007915
-0.006492
-0.002335
-0.002394
0.265844
-0.152818
-0.002931
-0.006954
0.376111
-0.005555
-0.684031
-0.004589
-0.593174
-0.081690
-0.002413
-0.009491
0.005972
0.000021
-0.001759
-0.298830
-0.001938
-0.000856
-0.001135
-0.412579
-0.053586
-0.519808
-0.274552
-0.000450
-0.000706
-0.005628
-0.002811
0.156642
0.379511
-0.298464
0.144282
-0.326234
-0.269932
-0.005243
-0.002037
-0.002559
0.083079
-0.161064
-0.000752
-0.006321
-0.000943
-0.000938
0.000156
-0.222833
-0.397986
-0.001765
-0.001201
-0.001508
0.363469
-0.301480
-0.013591
0.001218
-0.230070
-0.325027
-0.000577
-0.379545
0.367378
-0.008057
-0.003351
-0.002335
-0.316898
0.423964
-0.003788
0.234492
0.001018
-0.022721
-0.001866
-0.001439
0.260741
-0.140223
-0.004475
-0.007344
-0.000754
-0.195392
-0.000359
-0.002504
-0.001101
0.124535
0.308369
-0.382875
-0.002957
0.311884
-0.002328
