-0.008267
0.000583
-3.394115
-7.287182
0.005317
0.004374
0.001401
-3.459468
0.004556
0.000060
-0.014267
-0.002203
0.002714
5.120243
-0.012419
-3.864795
-4.746632
0.000149
-0.005880
-7.697264
-6.121134
-0.000863
-6.391771
-0.004022
-6.976235
0.522030
-4.762779
0.014915
-5.712019
0.003354
0.017786
0.002033
-6.547363
5.147871
-5.002294
0.000080
-0.008213
-1.066334
-6.759984
0.005682
0.004138
-7.636155
-0.000614
-0.001202
-0.002901
-0.016123
-0.018820
-6.110687
-7.435791
-0.005318
-4.608506
0.004028
-0.007780
0.009216
-0.022820
0.005021
-6.277131
-0.012020
0.777018
-5.395279
5.330245
-6.497751
-6.509741
-6.209667
-7.171789
-0.001191
-6.737061
-3.771217
-5.793077
-0.006391
-0.008691
0.001334
0.003094
-0.006910
0.009069
-0.005878
0.014601
-3.622144
-4.921372
2.397064
-6.006607
0.006060
-4.837628
4.484834
-0.003464
-7.573241
-0.012195
-6.495667
-5.807612
0.031761
-4.390265
0.014726
0.000080
0.009880
-8.699463
-0.007513
-4.266171
0.002559
-6.781897
-6.471534
-6.630936
-5.623881
0.007174
0.081347
0.015771
-0.000963
2.939453
0.737337
-7.217043
3.509984
-6.640258
-6.095045
-3.630372
-0.003694
-0.003205
0.331880
-7.494874
0.008611
-0.004838
-0.020087
0.001200
0.004246
-5.807420
-5.941716
-3.369204
0.025885
-3.793884
0.705032
-5.580639
-3.589336
0.003249
-6.398361
-7.550612
-0.009988
-7.266428
5.214746
-0.017847
-3.498662
-2.589323
-6.159766
0.799706
-0.003958
4.860308
0.004002
-2.716660
0.003960
-3.711741
5.077195
-6.374243
-0.008646
-5.325054
0.027201
-5.705332
0.000260
0.005846
-0.000467
0.359384
4.651922
-5.893890
-0.009788
0.500057
0.004838
