-0.005625
-0.002843
0.092011
-0.002908
0.982389
-0.005967
-0.012300
-0.011402
-0.867398
-0.000188
-0.114297
-0.000447
-0.369915
0.057258
-0.067892
0.800260
-0.001718
-0.008501
-0.001493
-0.275908
0.183833
-1.438738
-0.001718
-0.013651
-0.050293
-0.020870
-0.089602
-0.307116
-0.001224
-0.001161
0.160218
-0.401159
-0.005404
-0.020018
-0.004024
-1.183261
-0.676537
-0.133356
-0.073178
-0.069509
-0.586507
-0.265058
0.071965
-0.002778
-0.045358
-0.001555
1.288460
-0.012423
-0.001908
-0.309057
0.112573
-0.000926
-0.010299
-0.923953
-0.110512
-0.002388
-0.001906
-0.000608
