-0.726149
0.271282
-0.513604
-0.003775
0.000808
-0.055330
-0.002009
-0.004745
-0.018177
-0.006795
-0.001065
-0.002228
0.926818
-0.001677
1.282328
-0.005817
-0.000989
-0.002814
-0.002614
-0.007225
-0.027239
-0.006735
0.008164
-0.004571
-0.001703
-0.001416
-0.012319
-0.024425
-0.001047
-0.000405
-0.015790
-0.005135
-0.005571
0.542156
0.258864
-0.005102
-0.006999
-0.002584
-0.034210
-1.442471
-0.009588
-0.004673
-0.000854
-0.004853
-0.000886
-0.213395
-0.004002
-0.001639
-0.002236
-0.004361
-0.024984
-0.225192
-0.003565
0.071722
-0.002855
-0.002557
-0.348674
-0.001839
-0.001370
-0.003177
-0.034749
-0.010937
-0.002526
-0.019365
-0.305120
-0.003461
-0.000644
-0.014239
1.038036
-0.003820
-0.001849
-0.006478
1.479238
-0.000430
-0.004390
-0.012605
-0.001113
-0.006087
-0.302710
-0.018438
-0.000280
-0.008496
-0.001504
-0.000304
-0.007156
-0.000187
-0.006573
-0.014496
-1.627854
-0.000970
-0.075401
-0.000728
-0.027527
-0.018675
-1.023255
-0.001023
-0.004962
0.000193
-0.009037
-0.017365
-0.001149
-0.001474
-0.003364
-0.002864
0.256869
-0.003232
-0.003463
-0.003305
-0.005122
-0.001298
-0.000462
-0.002554
-0.003669
0.158805
-0.008116
-0.000432
-1.153394
-0.023032
-0.026916
-0.001528
-0.001955
-0.018417
-0.018812
-0.000620
-0.001000
-0.000218
-0.000533
0.007081
-0.008273
-0.016207
-0.016736
-0.005374
-0.006144
-0.004800
-0.004771
