0.014089
-0.001163
0.006629
0.000038
-0.000249
0.026135
0.012762
-0.000528
-0.025550
-0.029287
-0.019017
0.008458
-0.000095
-0.042862
-0.000292
0.026335
0.011784
-0.000951
0.008909
0.015394
-0.065049
-0.000247
-0.002068
0.004822
0.000005
-0.005091
0.020597
0.011504
-0.041856
0.021011
-0.008274
-0.003374
-0.000292
-0.000202
-0.022526
-0.007468
-0.025193
-0.034885
-0.002767
-0.005537
-0.003191
-0.021789
-0.036665
0.002874
-0.001393
0.006512
0.000196
-0.036992
0.008656
-0.000098
0.020536
0.025415
-0.013957
