-0.377570
0.019071
0.357841
0.295402
0.287446
-0.231212
-0.141550
0.008234
-0.004745
-0.335035
0.052634
-0.027655
0.138876
-0.037647
0.066272
0.048333
0.233251
-0.018137
0.129349
0.327453
0.514776
0.494023
-0.186225
0.042244
-0.413386
0.074824
-0.343498
0.605538
0.173453
0.591728
0.009869
0.670430
0.378373
-0.041951
0.253814
-0.279791
0.690757
0.206408
0.192971
-0.013742
0.213956
0.047043
0.234856
-0.031685
0.449474
0.691329
-0.000080
0.905149
1.296211
0.142653
-0.333625
0.190131
0.172274
0.953550
0.935380
0.089667
0.014260
-0.017908
0.631533
0.020084
0.017573
-0.055439
-0.207971
0.528726
