-0.007978
-0.453477
-0.006182
-0.097434
-0.136044
-0.408421
-0.003952
-0.018424
-0.232269
-0.322465
-0.021226
-0.247485
-0.002114
-0.000087
-0.013671
-0.294737
-0.007014
-0.000553
0.001982
0.002221
-0.001188
-0.001110
-0.101831
-0.025082
-0.258703
-0.509456
0.000946
-0.226258
-0.002982
-0.306679
-0.006500
-0.001630
-0.000140
-0.012760
-0.362581
-0.743770
-0.454891
-0.447167
0.001598
-0.002242
-0.396610
-0.017075
-0.209264
-0.463172
-0.005566
-0.000998
-0.001216
0.265877
-0.003247
-0.000125
-0.006150
-0.331903
0.001931
-0.001406
0.001987
0.483971
-0.001792
-0.387909
-0.006082
-0.000901
0.000170
-0.273612
-0.177454
0.000047
-0.002068
-0.290749
-0.367834
-0.001182
-0.009370
0.542740
-0.000849
-0.001655
-0.000082
-0.000726
0.001147
0.371814
0.497582
-0.001676
0.473318
-0.008398
-0.004152
-0.003194
-0.004729
-0.005214
0.003519
-0.022067
-0.001355
-0.458671
-0.000821
-0.000282
-0.231922
-0.007601
0.409292
-0.003825
0.467778
0.006677
0.439523
-0.281502
-0.006872
-0.002895
-0.005539
-0.000382
-0.008918
-0.007331
-0.003336
0.252208
-0.000621
-0.015165
-0.019085
-0.016026
0.001394
-0.001367
-0.004849
-0.001104
-0.000921
-0.001019
-0.268733
0.393932
-0.192761
-0.244580
-0.355784
-0.004424
-0.004809
0.524010
0.003137
0.000276
-0.330438
-0.023515
-0.000914
-0.356002
-0.002181
-0.179590
-0.010098
-0.009513
0.445397
-0.018231
-0.001813
-0.016739
0.000025
0.001332
-0.004291
-0.003821
-0.238806
0.462038
-0.001442
-0.007060
-0.001510
-0.060680
-0.007013
-0.020526
-0.155634
-0.009583
-0.004456
-0.003240
-0.008337
-0.001522
-0.340273
-0.000369
0.402574
-0.008559
0.001120
-0.001521
-0.010298
-0.449521
-0.443437
-0.096463
-0.000017
-0.373491
-0.002233
-0.000564
-0.361764
-0.280360
-0.010403
-0.002576
-0.187589
-0.476406
