-0.000069
-0.000773
0.001444
0.001346
-0.000016
0.000188
7.459293
-0.000016
0.007695
0.000792
0.003872
-0.549837
-0.000387
0.006304
0.000725
-0.000060
-0.011922
0.000681
0.001083
-0.005210
-0.012292
0.000248
0.000132
-0.001605
0.001235
-0.000702
0.017527
0.002613
0.001263
-0.000439
-0.002763
-0.004302
-0.000174
0.000019
0.003165
0.005132
0.000266
-0.261147
-0.000025
-0.000369
0.000381
7.715726
0.035902
0.000743
-0.022871
-0.000026
-0.000213
-0.003405
0.000074
0.000100
0.011691
-0.000250
0.011577
1.272695
-0.006796
0.010602
-0.370286
-0.000178
0.012043
0.003070
0.001989
0.000160
4.251300
-0.000193
-0.009895
-0.018086
-0.000284
-0.005105
6.270361
8.034342
0.020914
0.011063
-0.001881
0.000055
-0.000141
0.000418
-0.013388
-0.000600
7.867756
-0.034354
0.014939
0.000848
-0.008643
-0.000079
0.000642
0.017351
-0.004003
0.000405
-0.007492
-0.004654
-0.012436
-0.000092
0.000139
0.002089
0.003744
-0.000005
-0.001775
-0.025242
0.018526
5.673267
0.003485
-0.024513
-0.009660
0.008433
0.005143
-0.020187
-0.001408
-0.018270
0.001009
0.003686
0.002866
0.005792
-0.003101
-0.033878
0.001678
-0.019805
0.003546
0.008899
0.000137
-0.000113
0.000238
0.002176
6.456144
3.377301
0.005955
-0.003579
-0.000593
-0.000022
-0.008043
-0.014989
0.000159
0.002727
0.001537
-0.000328
-0.013694
0.003104
-0.001421
3.638186
-0.005385
0.007738
0.001318
-0.004927
0.000136
0.006791
-0.002964
0.002647
0.000355
-0.001663
0.026262
-0.000984
-0.031990
-0.005276
-0.025304
-0.368520
-0.003830
-0.011689
0.006210
-0.013262
0.001207
0.019387
0.005162
0.002643
0.000468
0.013109
6.828824
-0.030211
-0.004543
-0.000804
0.000091
0.029277
-0.000130
-0.014442
0.000229
0.009342
-0.003039
0.003230
0.000386
-0.003978
-0.000156
