-0.014503
-0.001757
-0.029584
-0.000682
0.119122
0.000547
-0.003920
0.169028
-0.000901
-0.008971
0.001281
-0.001028
0.102563
0.110924
-0.010376
0.001406
-0.003442
-0.001555
-0.032765
-0.004180
-0.001534
-0.001835
0.001283
-0.005510
-0.000248
-0.010938
-0.020738
-0.004123
-0.005006
-0.007789
0.132944
-0.002045
-0.000523
0.000588
0.059301
-0.000572
-0.001412
-0.004388
-0.000047
-0.002260
-0.009079
0.022571
0.001493
-0.001210
-0.001515
-0.008501
-0.016648
0.093740
-0.014555
-0.007934
0.134224
0.110283
-0.008773
-0.025174
-0.003757
-0.042708
-0.000485
-0.001472
-0.005267
-0.000788
-0.002618
-0.007857
-0.004385
-0.002761
-0.003228
-0.007163
-0.002500
-0.016042
-0.002768
-0.003322
-0.013175
-0.000350
-0.013974
-0.001229
