-7.037424
-4.965407
0.003474
0.006855
0.005514
5.338647
-0.007046
-0.029016
-0.012431
5.223000
0.003853
-0.007008
-5.295990
-8.097057
-6.772909
-5.573959
-5.172865
-0.030983
4.898462
-4.131450
-6.351876
-5.815445
5.294409
0.025451
-0.015341
-6.516944
-0.009755
-6.523626
6.700383
0.032192
-5.323646
-7.194190
-0.001912
-0.019257
0.967715
-6.291576
4.706377
0.029707
0.000051
0.041976
-0.009970
-0.014795
-0.033029
-0.027887
0.023887
-0.001388
-7.065781
0.005651
0.872222
-0.000667
0.003567
-6.426963
5.185618
5.347840
-5.706113
0.000444
0.002358
-8.249121
-4.420378
-6.545582
-6.310284
-7.419783
-5.909680
0.024872
-0.010324
-5.365609
-6.240474
-7.138848
0.013975
-0.023377
-5.361158
-8.551784
4.714598
-6.380624
0.013133
0.952268
-6.183363
5.117390
-0.002199
-4.849648
-5.885791
5.259762
-0.006573
0.000028
0.002489
0.033593
-0.001150
-0.008302
6.791785
-0.028867
-7.977981
-6.349686
0.006390
-0.027390
-0.000123
-0.001398
6.251900
-5.726820
-0.009703
0.001984
4.627835
-0.000820
-0.000808
-6.232642
0.004775
