-0.063828
-0.021569
-0.015422
-0.047688
-0.089860
0.108620
-0.024381
-0.033027
-0.067146
0.000000
0.024859
-0.032645
-0.065683
0.000000
-0.047499
-0.040396
-0.020518
-0.005409
0.000000
-0.000233
0.000000
0.000000
0.000000
-0.042497
-0.009475
-0.035499
0.000000
0.000000
-0.062431
0.000000
-0.066787
-0.002700
-0.008642
-0.001193
-0.036528
0.000000
-0.053097
-0.054660
-0.014192
-0.098002
-0.099867
0.006084
-0.000876
-0.009396
-0.055309
-0.099017
0.009436
-0.067063
-0.018329
-0.041291
0.038714
0.000000
0.000000
0.011117
0.000000
-0.040981
0.037298
0.024223
0.000000
-0.045737
-0.093054
-0.076398
-0.036269
-0.051587
