-0.000917
-0.000151
-0.002857
-0.009031
-0.010789
0.055864
0.044577
0.043160
0.067839
-0.010709
-0.002530
-0.003121
-0.000446
0.044809
-0.001721
0.000785
-0.003188
-0.000380
0.016734
-0.007856
0.042584
0.065028
0.000101
-0.001565
-0.038876
-0.001147
0.057812
0.032939
-0.025714
-0.011848
-0.001007
0.024519
-0.051484
-0.019764
-0.000221
0.014903
-0.005248
0.057355
-0.042989
-0.002577
0.048685
0.065260
-0.002774
0.056944
-0.006535
0.001522
-0.052676
0.048989
0.000055
-0.043473
-0.000635
-0.017779
-0.042486
-0.000446
-0.006831
-0.002018
0.031634
-0.002897
0.000041
-0.005994
-0.003714
-0.035216
0.000213
0.038768
-0.001414
0.054888
-0.032771
0.001922
0.048159
-0.016869
-0.022603
-0.027813
-0.016463
-0.012682
0.001475
-0.023617
-0.000038
0.052205
0.001617
0.011101
-0.001020
-0.000984
0.069007
-0.037741
0.008592
-0.000076
-0.036113
-0.000263
0.044956
0.023634
-0.002396
-0.001704
