-0.286050
0.040092
-0.849542
-0.178239
0.637966
-0.084723
-0.286598
-0.063649
-0.078710
-0.411113
0.308298
0.268557
-1.292279
-0.865090
-0.688101
0.342874
-0.032772
0.264879
0.353818
0.114189
0.321410
0.046472
-0.086873
-0.280745
-0.028755
0.196924
0.520445
-0.738622
-0.736755
-0.082428
-0.121568
-0.032924
0.109827
0.017796
-0.341263
-0.360904
0.111722
0.479954
-0.090456
0.208846
0.401667
-0.039606
-0.055721
-0.069075
-0.263053
-0.083624
-0.097079
-0.829727
0.009850
-0.079119
-0.065273
-0.472913
0.716889
-0.140076
-0.032494
-0.068616
-1.602340
0.045855
0.163911
-0.065258
