-0.030324 -0.048172 -0.187708 -0.153678 0.006838 -0.162538 -0.008321 -0.031598 -0.144803 0.049204 0.039275 0.096189 -0.048519 0.145973 0.016314 -0.021827 -0.127145 0.147520 -0.188612 0.085916 0.013732 0.006271 -0.035117 0.190908 -0.084379 0.100964 -0.163044 0.008714 0.003620 0.170392 -0.184603 -0.143650 0.177494 0.098596 -0.047636 -0.082566 -0.051629 0.142617 -0.024729 0.062811 -0.034280 -0.030112 0.026142 0.125237 0.183830 -0.024369 -0.051635 0.131609 0.128464 -0.070941 -0.155983 0.082026 -0.159364 0.034398 -0.092119 -0.096090 0.128727 -0.156749 0.007328 0.188648
-0.073012 0.099476 -0.201039 0.162901 0.039847 -0.082734 0.097521 0.138493 0.131343 0.002516 -0.063136 -0.101582 -0.023606 -0.135645 0.144820 -0.087918 -0.171221 0.126229 0.189141 0.072573 -0.146808 0.089420 -0.034738 0.119083 -0.186143 0.134729 -0.079064 0.073897 0.179894 0.029977 -0.105260 0.126678 -0.185243 0.153081 0.068586 -0.023298 -0.074189 -0.151744 0.037233 0.001251 -0.016131 0.073612 -0.119440 0.155515 -0.169091 -0.008864 -0.077324 0.005811 -0.066930 0.004952 -0.131413 -0.019534 0.081381 0.170582 0.120314 0.193169 -0.000971 0.013432 0.064148 -0.071229
-0.051033 -0.106600 -0.155380 -0.020006 0.075363 -0.010567 -0.064191 0.088434 0.010162 0.122126 -0.106679 -0.044699 0.051076 0.073723 -0.165839 -0.067184 -0.037971 -0.058619 -0.170651 -0.003521 0.133444 -0.171527 0.183526 0.046339 0.117896 -0.109199 0.099562 -0.071378 -0.103998 -0.078651 0.047220 -0.189770 -0.134073 -0.094838 -0.059133 0.023152 -0.117884 0.106026 -0.175947 -0.054273 -0.019233 -0.071010 -0.155840 -0.122247 0.017808 0.063055 -0.073051 0.014258 -0.121912 -0.142888 0.033382 0.045284 0.077812 -0.144121 -0.006636 -0.005256 0.074512 -0.031710 -0.151952 -0.001646
-3.395425 0.973941 0.020836 -0.668465 -1.880754 0.028757 3.234466 0.007742 -0.175166 1.800599 -1.735347 6.187274 4.071469 0.515114 -9.634233 1.309116 0.069835 -1.047125 -2.636711 -1.558089 -0.691707 -2.442873 -0.005623 0.566555 0.388983 2.088790 1.189000 -6.418064 -0.023345 0.056161 0.060565 2.641187 0.943419 0.708212 3.662355 -2.962129 2.497966 1.766694 -0.043834 -0.300229 -1.206188 0.007600 -0.054837 -0.186186 0.383470 -0.381055 0.282026 4.471010 1.285238 -0.131722 -0.178414 0.265761 7.644686 -0.044920 0.692735 -0.152215 3.000406 2.580957 -0.954314 -0.201871
-0.267107 0.044846 0.224016 0.149309 -0.287183 0.123456 0.110521 -0.135403 -0.038783 0.382909 -0.136532 -0.200683 0.934566 0.099837 -0.173584 -0.157432 -0.003136 0.106946 -0.058968 -0.012690 0.186003 -0.061294 0.018530 -0.143286 -0.100970 0.128936 -0.031249 -0.293778 0.050739 0.111307 0.085927 -0.012264 0.118937 -0.045472 0.082914 0.064378 0.038293 0.006646 -0.120369 -0.011612 0.009240 -0.163522 0.161449 0.059599 -0.058633 0.046935 -0.013673 0.122778 0.044778 0.047770 0.090956 -0.183368 0.076783 -0.120333 0.101124 -0.179097 0.351874 -0.033979 0.161597 0.120633
0.059263 -0.249841 0.800508 -0.153740 0.042865 -0.107474 0.026342 -0.138821 0.130018 0.394125 0.155022 -0.204810 0.433967 0.138126 -0.013522 -0.061593 0.127475 -0.004532 -0.118023 0.048948 0.075913 0.170661 -0.086805 -0.025087 -0.063568 0.461041 -0.109462 0.040158 0.314944 0.070476 -0.088132 -0.046276 -0.003426 0.025247 -0.026947 0.548758 0.038432 -0.111213 -0.185896 -0.134252 0.219426 -0.191630 -0.024392 -0.036335 -0.059443 0.194506 -0.026768 0.301730 -0.132864 -0.087239 0.077071 -0.004659 -0.023208 -0.107739 -0.017808 -0.155793 0.710406 0.056736 -0.163870 0.035035
-0.158683 0.083576 -0.135234 0.034714 0.128702 -0.057483 0.013497 -0.041707 0.175387 0.030148 -0.012906 0.084637 0.091703 -0.013079 0.024480 0.164245 -0.123511 0.148868 -0.076522 -0.039998 0.029360 -0.076628 -0.177321 0.183917 -0.085555 -0.173481 -0.005744 0.148688 0.148300 -0.172202 -0.037144 0.071199 -0.170936 -0.046367 -0.030800 0.096779 -0.104366 -0.124151 -0.055624 0.158391 -0.046012 -0.189638 -0.026024 0.015466 -0.099933 0.176469 0.060284 0.151631 0.059117 0.079547 -0.034224 0.037665 -0.077037 -0.060143 0.034260 0.155975 0.084175 -0.157857 0.109915 -0.047154
0.026699 -0.160702 0.133631 -0.018207 0.079028 -0.171635 0.057339 -0.188255 -0.087389 -0.116716 -0.157385 0.169398 -0.209490 0.131464 0.065908 -0.031445 -0.196681 -0.119342 -0.136514 0.016385 0.060731 -0.007921 -0.017594 -0.220789 -0.047853 -0.182690 0.173245 0.202106 0.161727 0.151878 0.127458 0.169464 0.145076 -0.123462 0.006571 0.027423 -0.024073 0.029068 -0.003918 -0.045203 0.170126 -0.008262 0.165180 -0.002198 -0.115075 -0.133978 -0.113530 0.197647 -0.001854 0.002175 -0.103851 0.004484 0.133591 -0.174565 0.035448 0.169171 -0.063396 0.083024 0.142843 -0.009167
0.104493 -0.059371 0.007142 0.158689 -0.174218 -0.043868 0.178517 0.021937 0.190350 -0.015416 -0.025886 0.142616 0.134081 0.179198 -0.114888 -0.188967 -0.131450 0.094131 -0.046314 0.059757 0.107716 -0.053571 0.113148 -0.095288 0.192950 0.150975 0.185200 -0.163246 -0.184303 0.150864 -0.006909 -0.004329 0.182350 0.013560 -0.065077 -0.143409 0.027247 -0.112109 0.075761 0.032455 -0.002105 0.069715 0.076206 0.175113 0.132429 0.072521 0.014923 -0.102165 0.189202 0.023851 -0.048568 -0.159694 0.190519 -0.140577 0.162244 0.038480 -0.136087 -0.103638 0.154644 -0.128785
-0.190134 -0.229724 -0.250694 -0.072520 -0.082960 -0.258163 0.074774 0.175664 -0.049332 0.267671 0.002495 0.130394 0.918198 -0.112338 -0.100519 -0.365474 -0.162182 -0.157596 -0.150575 -0.124430 -0.145572 0.076011 -0.190062 -0.297227 -0.197287 0.064425 -0.077484 0.165329 0.611129 0.134166 -0.004960 -0.088834 -0.207114 -0.096618 0.068724 0.209363 -0.127230 0.107112 -0.141523 0.217203 -0.290016 0.058566 -0.092644 0.103959 0.057394 0.160327 -0.222924 0.183782 0.224500 -0.059739 -0.061476 0.132172 0.003090 -0.163203 0.099619 0.060516 1.008452 -0.181793 -0.196909 0.089344
0.032401 0.014696 0.129148 -0.156689 0.109076 0.022218 0.076322 -0.072044 0.135013 0.159652 -0.046648 -0.088501 0.252231 0.143464 -0.396864 -0.003806 -0.165149 -0.064109 0.002807 0.142682 0.127487 0.125458 -0.033884 -0.064714 0.128269 0.005979 -0.004444 -0.622025 0.014817 -0.089599 -0.118376 0.000478 0.126938 0.058348 0.153911 -0.048895 0.027777 -0.038391 0.077124 0.108040 -0.022886 -0.053769 -0.018668 0.012297 0.103168 0.046136 0.173520 0.130293 0.051604 0.059539 -0.069250 -0.208447 -0.045354 -0.065405 0.054756 -0.128525 0.245210 0.103354 0.074000 0.090013
0.169831 -0.171553 0.001846 -0.173745 0.093634 0.120746 -0.146079 -0.172693 0.161143 0.049098 -0.111592 0.173812 -0.051093 -0.143175 -0.150247 0.003558 -0.132256 0.174457 0.128229 -0.064142 -0.111896 0.167886 0.117312 -0.136547 -0.164735 -0.126581 -0.171634 0.128625 0.186979 0.084484 -0.119339 -0.179452 0.045599 -0.066106 -0.168230 -0.113877 0.048441 -0.081028 -0.039146 0.192517 -0.017084 -0.177393 0.013670 0.110969 -0.071589 -0.146479 -0.095818 -0.089024 0.011756 0.009920 0.009765 0.019622 -0.090641 0.031743 -0.147351 0.096658 -0.040551 -0.018943 0.115614 0.121682
0.024100 0.175238 -0.178771 0.017440 -0.053420 0.054445 -0.071484 0.012651 -0.092069 0.000505 0.060213 0.009881 0.200597 -0.025220 -0.079342 0.161044 -0.010788 0.053438 0.148574 0.156600 -0.130686 0.104140 -0.069349 -0.068330 -0.027718 0.013821 0.126971 -0.051762 -0.169700 -0.037989 -0.105854 -0.013420 -0.164433 0.106289 -0.153783 0.030245 -0.026918 0.044412 0.094672 -0.148092 -0.007219 -0.128345 0.036172 0.068670 0.137104 -0.065119 0.009449 0.046635 -0.153933 0.138487 -0.011401 0.047879 -0.000380 0.114521 0.122346 -0.132311 0.403713 -0.101253 0.111806 0.157050
0.084823 0.040446 -0.022748 0.104121 0.107796 0.000897 -0.089380 -0.056595 0.141867 -0.065708 0.096262 0.052295 0.077948 -0.034135 0.020753 0.154945 -0.193434 -0.020216 0.054299 -0.001626 0.065394 0.123885 0.025056 0.060710 -0.181869 -0.078648 0.172495 0.112073 -0.131257 0.104952 -0.087247 0.100509 -0.024456 -0.131530 0.008375 0.149007 -0.013957 0.052173 0.003267 0.122890 -0.008361 0.063128 0.041945 -0.135886 0.020659 -0.012966 0.032356 0.041633 -0.090553 -0.176256 0.143470 0.071010 -0.073803 0.033783 0.001070 0.077923 -0.053513 -0.113064 -0.020807 0.084985
-0.027993 0.174949 -0.175434 0.081584 -0.148418 -0.131772 0.156967 -0.021279 -0.111889 0.037024 -0.063149 0.082012 0.129363 0.142521 -0.002952 0.019742 -0.078959 -0.124697 0.007666 -0.101928 -0.146991 -0.132941 0.044537 -0.015779 0.108035 0.113394 -0.056360 0.079424 -0.039790 -0.192531 0.108622 0.055050 0.172334 0.003570 0.061217 -0.116360 0.112158 0.011290 0.047128 0.001843 -0.066485 -0.119164 -0.056532 0.048703 0.151860 0.104480 0.193607 -0.088842 -0.063913 0.058636 -0.082459 -0.046081 0.116564 -0.133450 -0.040365 0.049944 -0.093345 0.001165 -0.186378 -0.120889
0.109433 -0.143837 0.002890 -0.056026 0.078682 -0.054756 -0.165711 0.120343 0.110131 0.054053 0.011723 -0.187393 0.141962 -0.111815 0.041193 -0.130669 -0.134809 -0.007014 -0.153459 0.019436 -0.083233 -0.132867 0.118408 0.105674 0.126768 0.085354 0.173082 -0.081371 0.043331 -0.073070 -0.008817 0.166949 -0.026831 0.180328 0.042363 -0.058721 0.080838 -0.158508 0.041930 0.054662 0.087763 -0.051365 0.037106 0.153618 -0.106514 -0.020701 -0.072060 0.028016 0.020589 0.089924 0.006077 -0.113179 -0.115261 -0.012850 -0.106657 -0.159612 0.068061 0.123338 -0.097991 -0.027926
0.027918 0.082515 0.039996 0.151926 0.071010 -0.176590 0.160722 0.112182 -0.167606 -0.017943 0.093336 0.086598 0.130238 0.149746 -0.055156 -0.106220 -0.154155 -0.026751 0.160233 -0.103519 0.088905 -0.102675 0.076283 -0.035697 0.152571 0.162648 -0.110129 0.007478 0.103123 0.191984 0.009580 0.027939 0.089563 -0.018143 -0.174518 0.056603 -0.053389 -0.147836 0.099501 0.003301 0.123763 0.153428 -0.072366 0.004944 0.124307 0.176758 0.049256 0.071161 0.137073 0.083649 -0.094055 0.118671 0.058866 -0.156238 -0.084069 -0.003026 -0.188568 -0.106721 -0.072541 -0.139924
-0.141343 -0.019357 0.026688 -0.061974 0.104892 -0.054763 0.051871 -0.092353 0.022707 -0.111199 -0.151228 -0.037410 -0.124843 0.149632 -0.016079 0.091149 0.112170 0.097022 -0.145043 -0.110544 -0.166624 0.076326 -0.013351 0.001933 0.186140 0.098734 -0.174388 -0.066195 -0.107045 0.107262 0.122311 0.039222 0.130021 -0.137428 0.157670 0.032987 0.075495 -0.080108 -0.148722 -0.003647 -0.039924 -0.099041 -0.146629 -0.148195 -0.152476 -0.011329 0.136363 0.140727 0.177153 -0.126164 0.167582 0.079118 0.043000 0.054883 -0.129604 -0.063327 -0.169119 0.157954 -0.082694 0.165263
-0.115651 -0.008357 1.366695 0.320413 0.232578 -0.257741 -0.326303 -0.009281 -0.114079 -0.308474 -1.368604 0.323628 1.935216 1.260513 -6.833158 -2.494063 -0.051637 -0.484752 -1.910304 -0.550715 -0.687128 -0.592942 -0.077222 -2.028994 -0.233728 -0.568325 -1.560123 -5.301508 2.677267 -0.025363 0.028478 -1.580636 -0.036080 -2.184666 -1.538277 0.499119 2.623858 -4.770832 -0.077832 0.165148 -0.236971 0.011992 -0.098590 0.043812 1.429784 0.193034 0.448493 2.107581 0.833968 -0.211015 -0.097203 2.414446 -0.452028 0.055622 -0.537278 0.037115 0.433166 0.365024 -1.386627 0.022820
0.083376 0.720632 0.392196 0.101804 0.028962 -0.021685 0.429657 -0.051845 -0.162967 1.233000 -0.031457 0.296485 0.787082 0.397273 -1.117380 0.355643 -0.172397 0.217438 0.400395 0.558020 0.057324 0.588003 -0.124476 0.215934 -0.053755 -0.310733 0.563945 -1.722192 -0.027676 0.026054 0.097562 -0.123503 0.555360 -0.220448 0.427071 0.777724 -0.333983 0.130872 -0.035799 0.117234 0.005053 0.102269 -0.043595 0.061018 -0.180943 -0.105993 -0.066037 -0.053156 0.374673 0.006307 -0.177680 0.260452 0.543390 -0.098722 0.122301 0.095499 0.802195 -0.294607 0.466665 -0.165342
-0.111422 -0.116381 -0.113953 -0.123447 0.015322 0.086311 -0.141155 -0.145200 0.092475 0.075264 -0.006935 0.144087 -0.080027 0.115510 0.168477 -0.114049 0.141665 0.123943 0.017988 -0.187904 0.058930 -0.039455 -0.054967 0.024588 -0.086728 -0.021027 0.162633 -0.029911 0.088973 -0.005787 -0.059187 -0.054146 -0.154997 0.104715 -0.183721 -0.063502 -0.074630 0.192741 -0.025077 0.106094 0.019207 0.163238 -0.098832 0.158220 -0.025301 -0.131506 -0.141117 0.153382 0.156502 0.083956 -0.089151 0.041053 0.122370 0.116646 0.032597 0.166419 -0.169088 -0.180590 -0.064142 -0.165154
0.151613 0.060679 0.109856 0.179430 -0.107306 0.139565 -0.171192 0.069123 0.117853 -0.149136 -0.066557 -0.166831 0.091792 -0.073193 -0.085824 0.111689 -0.156753 -0.043319 0.104665 -0.103157 0.082142 0.014600 -0.121991 -0.009015 0.121848 -0.062568 0.009363 -0.052172 0.045854 0.046093 0.071834 0.169572 0.022580 -0.107801 0.111420 0.012484 0.159243 -0.122055 -0.132820 0.139323 0.032555 0.093043 0.128617 -0.049405 -0.117571 -0.133797 0.144079 0.086823 0.167644 0.193302 -0.159002 0.020174 0.084157 -0.115306 -0.021923 -0.089229 0.006825 -0.124704 -0.183892 0.164310
-0.082681 0.090294 0.155342 -0.120150 -0.168013 0.126478 0.171155 -0.028705 -0.008350 0.035370 -0.177793 -0.188034 0.100927 -0.118078 0.053114 0.034509 0.003439 0.159000 -0.079154 0.144540 -0.177940 0.191017 0.147117 -0.165791 0.046221 0.038227 0.118301 0.038969 0.153991 -0.175262 0.007620 0.012009 0.089130 0.119581 -0.000381 -0.039902 0.158203 -0.187297 0.187350 0.011708 0.187427 0.062628 0.038806 0.029744 -0.046663 0.021289 0.133675 -0.175279 -0.057189 -0.053633 -0.052419 0.069162 -0.111707 0.064451 -0.004260 -0.181483 0.034483 -0.097269 -0.049087 -0.092812
-1.527952 -1.267030 3.734018 -4.435266 -2.160269 -0.007347 1.404569 0.151632 0.114782 2.233177 -0.390849 0.395578 -0.262115 -0.139378 -2.839891 -0.361476 0.048716 0.970277 -3.894000 0.259527 -0.889566 -1.339545 0.047471 -0.184467 0.221311 3.101221 1.760476 0.139302 0.907068 -0.097394 0.075036 -0.489772 1.374173 -2.724129 1.079547 2.173262 2.022608 0.707292 -0.095669 -0.893416 0.996233 0.096941 0.048824 -0.092391 2.369289 0.241163 0.708067 1.006042 0.013034 0.156841 -0.057171 -4.236321 -0.405367 -0.133063 0.691332 -0.098462 1.401505 0.913990 -0.624017 0.041802
-2.150803 -1.972942 0.354459 -0.923956 -6.218914 0.038362 -1.561646 0.033959 0.058126 0.370169 0.203404 0.500655 -0.527242 -1.071186 3.313260 -2.285247 0.049606 -0.925491 -1.362899 0.040500 -2.761921 1.668386 0.065388 0.292456 0.332566 0.651455 -8.152045 4.360786 2.825664 -0.027615 -0.181639 3.353508 -0.096846 -0.943056 -0.348176 2.135241 3.838926 0.681489 0.006052 -1.363450 -0.086818 -0.169033 -0.171139 -0.202980 -2.075324 0.190661 -0.035765 3.248277 1.601645 -0.056242 -0.103748 2.063812 -1.543350 -0.115029 -2.460114 -0.155326 0.524354 -0.448617 -3.396523 0.126607
0.090131 0.065376 -0.072404 0.053227 -0.114080 0.049431 -0.122216 0.037428 0.080200 0.174559 -0.098547 -0.031069 -0.042776 -0.020367 -0.173921 -0.152690 -0.042149 -0.176297 -0.123676 -0.044897 0.163588 -0.125482 -0.162431 0.137295 -0.164773 0.002212 -0.048833 0.170863 -0.190710 0.039823 -0.177326 0.053717 0.007739 -0.126476 -0.061723 -0.106090 -0.097007 0.121056 0.136313 0.036889 -0.130132 -0.139064 -0.002880 0.138018 0.041938 -0.191339 -0.152497 0.190674 0.138262 -0.057718 0.081571 0.052782 -0.147334 -0.013130 -0.068228 0.164746 0.013654 0.123214 -0.130697 0.049625
0.063824 -0.180789 -0.051251 -0.045653 0.151029 -0.174376 0.183814 0.186027 -0.126286 0.192209 0.088303 -0.048157 -0.025591 0.188517 -0.077510 0.053800 -0.111610 0.131970 -0.179311 -0.078757 -0.176156 0.114030 -0.084306 -0.071416 -0.152902 -0.191095 0.078490 0.040552 -0.102264 -0.135275 0.048366 0.021620 0.081886 -0.106377 0.031409 -0.078505 0.080371 -0.001821 -0.155178 -0.025141 -0.025956 -0.103473 -0.174687 -0.039880 -0.014140 0.000372 -0.156068 0.120556 -0.005444 0.090100 0.113180 -0.016308 0.073095 0.068014 0.169853 0.090556 -0.102805 0.112649 0.103222 0.074797
-0.050929 0.126192 -0.033471 -0.030408 0.148993 0.016900 -0.161086 0.027301 -0.000799 0.015408 -0.176565 0.108161 -0.128327 -0.064315 0.030330 0.038554 0.073095 -0.063095 -0.099400 0.029071 -0.134199 0.036206 0.039461 -0.051506 0.017850 0.081418 0.009522 -0.132162 -0.111686 -0.077375 0.047818 -0.144316 -0.162365 -0.145185 0.060464 -0.078374 0.114397 0.102754 -0.040372 0.120085 -0.128655 -0.176941 -0.071664 0.130664 -0.144173 0.079491 0.091263 -0.144795 -0.001752 -0.027708 0.125473 0.014649 0.096526 0.082206 -0.152064 0.058937 -0.042216 -0.058499 0.164601 0.140593
0.192119 -0.088970 1.072296 1.007969 -3.317109 -0.042785 -2.847541 -0.124012 -0.059867 1.633750 0.520450 -2.878711 0.150179 0.769404 -7.581516 -0.148284 -0.072465 -1.675385 -6.722716 0.039195 -1.749072 -0.999975 -0.099614 -0.820815 0.016978 -0.878678 -0.690720 -5.025756 1.430631 -0.163467 0.039153 -0.361748 0.940139 -2.074570 -0.225292 0.801152 -0.339931 -1.884632 -0.084715 -0.258117 0.027652 -0.102515 0.048583 0.118786 -0.259968 0.046403 0.321893 0.057417 0.862929 -0.048379 0.119942 0.876301 -0.171113 -0.016066 -3.691659 -0.082222 1.601979 -0.801879 0.289872 -0.029968
0.007172 -0.093558 -0.170271 -0.171905 0.023712 -0.055713 -0.026266 -0.168319 0.099821 0.064336 -0.144299 0.076852 0.081363 -0.063945 0.022061 -0.052564 -0.117474 -0.099287 0.088465 0.022560 -0.062703 -0.092244 0.060815 -0.077106 0.097062 0.145733 -0.119538 -0.004489 0.046958 -0.188444 0.007851 -0.092162 -0.088503 0.129319 -0.066548 -0.055198 0.123794 -0.009189 -0.150324 0.132279 0.201557 -0.089645 0.008402 0.066395 0.069409 -0.010776 -0.033125 -0.136378 0.131753 -0.056067 0.109644 -0.014285 -0.050762 0.071764 0.100372 -0.065806 0.121020 -0.068861 -0.137513 0.093742
-0.022290 0.043074 0.046671 0.092328 -0.179631 -0.063484 0.160349 0.085776 -0.142866 0.065901 -0.103754 0.021441 0.158321 -0.046019 0.148677 0.048795 -0.128929 -0.031166 0.105515 -0.045232 0.071751 -0.125059 -0.002958 0.004255 -0.022589 0.060253 0.029213 0.135495 0.076688 0.191578 0.173821 -0.093561 -0.092021 0.085416 0.015368 -0.059992 0.152737 0.115823 0.169503 -0.092227 0.188203 -0.022716 -0.151129 0.171738 -0.044994 -0.036493 -0.051730 0.106547 0.063167 0.081815 0.063122 0.033964 -0.135141 0.132466 -0.023312 -0.164036 -0.167328 -0.007038 0.167949 -0.172726
-0.145415 -0.140859 0.567984 -0.042339 -0.031375 0.013881 0.188694 -0.140678 0.170504 0.475820 -0.049334 0.101143 0.150809 0.699562 0.490902 -0.170177 0.047471 -0.143562 -0.087857 -0.083804 -0.024346 -0.007120 -0.131713 -0.084649 -0.127832 -0.169537 -0.024199 0.236700 0.585809 0.148827 -0.175175 -0.173364 0.200629 0.027441 0.015761 0.298409 0.048858 -0.038760 0.140311 0.040652 -0.141810 -0.020355 0.130114 0.092037 -0.124824 0.077811 -0.200895 0.361689 0.068269 -0.044880 0.077737 -0.281628 0.056483 0.142831 0.080358 0.018856 0.385306 -0.071465 0.060476 -0.015902
0.485036 -0.865866 0.035473 -0.682790 1.657485 0.027337 0.239321 0.100065 0.035200 -3.745492 1.072357 -0.901901 -1.245326 1.747013 -3.069825 -1.584202 0.016120 -1.130133 0.606399 1.054383 0.236246 0.331237 -0.201986 2.257857 0.130614 0.965243 0.072647 -0.974968 1.520808 -0.018130 -0.081907 1.556272 -0.630255 1.582275 1.257249 1.823159 0.467484 2.053920 -0.185328 -0.727568 1.344920 -0.084445 -0.158365 -0.154774 0.548204 0.176163 0.271123 -0.423027 0.503509 0.086262 0.044509 1.852982 -0.264429 0.027380 1.292018 -0.165113 0.806539 0.595824 1.261735 -0.107838
-0.181044 -0.070976 0.044969 -0.103477 0.100428 -0.037451 -0.109764 0.031588 -0.162996 0.116777 0.103660 0.006405 0.122727 -0.136945 0.130938 -0.148135 -0.190959 -0.028027 -0.116262 -0.140703 0.028453 -0.179807 0.189581 -0.050993 0.118572 0.064872 -0.036095 -0.073634 -0.114962 -0.172799 -0.154914 -0.071943 -0.121464 0.104770 -0.065338 0.148659 -0.154999 -0.100676 -0.067407 -0.108523 -0.162108 0.039411 0.140509 0.085612 0.169795 -0.175826 0.108806 -0.181720 -0.098749 -0.175991 0.029796 0.113064 0.108003 0.098154 0.139972 0.141629 0.008141 0.050998 0.018569 0.066693
0.113533 -0.114537 -0.100001 -0.179765 0.022745 -0.125477 0.032625 -0.076504 0.104292 0.085651 0.022359 -0.226876 0.248897 0.066998 -0.127271 -0.048578 0.059449 0.177572 0.009457 -0.212220 -0.229969 0.072615 0.024410 0.138539 -0.154247 -0.027879 -0.051982 0.146059 -0.144199 -0.156658 -0.134183 -0.053399 0.098299 -0.062964 0.042423 -0.009603 -0.012609 0.099822 -0.168076 -0.011644 0.146000 -0.092500 -0.069692 -0.192394 0.124132 -0.133533 -0.061984 -0.262262 0.044995 0.087525 -0.172652 0.117633 -0.220881 0.142700 -0.121319 0.127211 0.425986 0.026560 0.068522 0.125144
-0.087438 0.128912 -0.045045 0.022799 -0.028344 -0.034309 -0.166463 0.158558 -0.143951 -0.208173 -0.029818 0.098112 0.056643 -0.017198 0.071363 -0.062912 -0.004728 0.197915 -0.106382 -0.047860 -0.133857 0.154837 -0.067404 0.145819 0.007066 0.060386 0.107628 -0.036867 -0.009851 -0.037539 -0.192517 -0.134266 -0.155292 0.059534 -0.044856 0.180548 0.037320 -0.027665 0.160796 -0.075542 -0.034744 -0.128877 -0.120139 0.117680 -0.114613 -0.103801 -0.059897 -0.169576 -0.019355 0.092802 0.097982 0.126079 -0.115755 -0.166131 -0.101271 0.134507 -0.029623 0.189594 -0.096094 0.166061
0.114752 -0.263067 0.930347 0.006525 -0.184603 0.054675 0.179381 0.047875 -0.063328 0.611993 -0.162793 -0.034879 0.839591 0.183116 -0.153951 0.029432 -0.168725 -0.121412 -0.146198 0.118654 0.209146 0.054413 -0.091038 -0.092972 -0.123816 0.116383 0.059944 0.156607 0.427014 0.108388 0.039200 -0.065590 -0.027780 0.093027 0.142758 0.238876 0.155059 0.093857 0.157379 -0.146777 -0.166144 0.011305 0.104208 -0.215837 -0.090920 0.160052 0.034486 0.017799 0.134166 -0.075496 0.088776 -0.027386 -0.088143 -0.101759 -0.044637 0.178877 1.086420 0.083809 -0.171686 0.114500
-0.023499 -0.178697 -0.078181 -0.113161 -0.006510 0.056237 0.101910 0.097327 -0.033366 -0.058000 0.051026 0.158200 0.541114 -0.062277 0.114504 -0.223438 0.030164 -0.075860 -0.292285 -0.067702 0.085674 0.113314 -0.203941 0.063712 0.073553 -0.038981 0.041929 0.187636 -0.043420 -0.016371 0.107987 0.020968 -0.044965 -0.139966 0.237260 0.479242 -0.244528 0.012178 0.047506 0.042348 -0.081418 -0.127545 -0.083980 0.111740 -0.101599 -0.022314 -0.112682 0.069470 -0.343973 0.081822 -0.091315 -0.134943 -0.034230 0.106753 0.062534 0.141764 0.735076 -0.230680 0.143990 0.071651
0.156453 -0.095197 0.198883 0.095188 0.114419 -0.053276 0.086617 0.086303 -0.108660 0.209158 -0.028527 -0.164815 -0.216308 -0.068304 -0.400394 0.105621 -0.189629 -0.051565 0.161821 0.082862 -0.237875 0.084326 0.105808 0.003926 -0.195839 0.022971 0.165427 -0.252318 -0.119399 0.022823 0.020365 -0.004707 -0.107609 -0.171019 0.118995 -0.204138 -0.003390 0.033447 0.167543 0.015025 -0.001079 -0.216670 -0.012155 0.032756 -0.184413 0.145394 0.052361 -0.068650 0.117970 -0.142537 0.062706 0.018574 0.051422 0.086341 0.027526 -0.167463 0.080584 -0.051632 0.193134 -0.152115
-0.103048 0.058884 -0.045980 -0.131937 -0.121305 -0.046564 0.014196 0.167340 -0.173269 -0.221990 -0.128987 -0.131030 0.157484 -0.147672 -0.172987 -0.016465 -0.124434 -0.151463 0.071623 -0.157383 0.125850 -0.167006 -0.118826 0.124730 0.103469 -0.066550 0.118142 -0.237141 -0.048952 -0.024090 -0.152166 -0.006991 0.167925 0.108574 0.073497 -0.054685 0.053523 0.058475 -0.048706 -0.039383 0.074447 -0.004806 -0.152859 -0.056893 -0.061188 -0.150812 0.171264 -0.049286 0.129717 0.048838 -0.032034 0.109404 0.136973 0.022636 0.138520 0.001525 0.057922 0.138320 -0.032476 0.153778
0.056538 0.069563 0.300559 -0.063462 -0.077538 0.154884 -0.030174 -0.102315 0.128021 0.402444 -0.106229 0.121081 0.273857 0.098797 -0.394336 0.106868 0.078046 0.178050 -0.158816 0.208218 0.067834 0.193883 -0.025385 -0.142076 0.093458 0.139899 0.096120 0.025337 -0.141034 -0.109990 -0.164616 0.107181 0.223581 -0.075322 -0.050432 0.284614 0.143825 0.151854 -0.114351 -0.022564 0.123597 0.114208 -0.069465 -0.006075 0.081206 -0.076433 -0.146161 -0.036975 -0.105448 -0.207986 -0.043699 -0.091159 0.112035 -0.116179 0.152993 0.032425 0.269130 -0.132048 -0.002561 0.051321
0.131840 -0.123021 0.184119 0.017634 0.141446 0.160963 0.112908 0.110248 -0.084908 0.193541 0.079555 0.052969 0.183849 -0.137797 -0.145063 -0.160022 -0.136353 0.121396 0.177601 -0.125654 0.167435 0.052339 0.165926 0.009310 0.180302 -0.138360 0.075806 0.167022 0.012041 0.164917 -0.153840 0.048232 -0.093372 0.014759 -0.110361 0.149031 0.179502 -0.009370 0.091703 0.092602 0.040178 -0.150302 0.177639 -0.007800 -0.192844 0.131069 0.015559 0.195026 0.067110 0.025786 -0.146763 -0.061048 -0.076885 -0.135668 -0.015775 -0.104175 -0.045044 0.141356 -0.045190 -0.010218
-0.074547 0.010520 -0.109026 -0.052041 0.163628 -0.074701 0.129103 -0.028545 -0.191799 0.043586 -0.064521 -0.162375 0.625322 0.178230 -0.007784 -0.202218 0.105834 0.000467 -0.059174 0.000066 0.069153 0.059717 0.050892 -0.022569 -0.147455 -0.135697 -0.000991 0.061417 -0.182170 0.009103 0.109482 0.089035 -0.099355 -0.067751 -0.105419 0.005291 -0.029622 -0.142641 -0.180735 0.050933 0.057691 -0.186119 -0.179753 -0.176605 -0.055979 -0.050162 0.103946 -0.137449 -0.187522 -0.095829 0.180180 -0.050360 0.085969 0.048400 -0.004214 0.192494 0.069482 0.099690 0.100829 0.029711
-0.119480 0.139809 -0.166174 -0.009638 0.016038 -0.152626 0.158433 -0.079400 -0.068610 0.040443 -0.105734 0.011618 -0.097336 -0.072665 0.085720 0.066384 -0.179351 0.075582 0.058203 -0.116499 -0.045020 -0.123383 0.149707 0.024275 -0.096263 -0.173834 -0.160282 -0.143674 0.044692 0.168092 -0.140906 0.179875 -0.114087 0.144821 0.108672 0.102400 0.383902 0.104119 0.175357 0.018188 -0.056482 0.054422 -0.006120 0.106015 0.154586 -0.185432 0.098725 0.059659 0.125118 0.063628 -0.127013 0.068439 -0.191851 0.152602 -0.181937 0.025975 -0.066882 0.149444 -0.183886 0.071396
-0.071029 -0.171234 1.379835 0.068874 0.254509 -0.097239 0.106098 -0.088646 -0.072218 0.399005 0.101241 -0.159318 1.113483 -0.008325 0.038290 -0.064553 0.090580 0.185276 -0.024012 0.165854 0.025189 -0.145198 0.127762 -0.190148 0.039151 -0.087592 -0.072704 0.125981 0.570127 -0.102989 -0.082815 -0.185892 0.135599 -0.146791 -0.035924 -0.041269 -0.140063 0.072483 0.052345 0.109224 -0.251064 0.115355 0.054539 -0.132354 0.068081 0.105920 -0.305762 0.035925 0.076178 -0.068419 0.048009 -0.172406 -0.052499 0.003742 -0.014716 0.120317 0.811528 0.022387 0.163705 -0.099103
-0.129075 -0.032754 -0.110322 0.143996 0.007615 -0.078209 0.121133 0.130376 0.065737 -0.059828 0.024615 0.170562 -0.066320 -0.140712 0.179505 -0.057717 -0.110983 -0.166397 -0.162781 0.092528 0.011095 -0.070220 0.017674 0.038415 -0.153102 -0.107538 -0.175428 -0.014881 -0.187418 -0.137313 -0.158696 -0.083051 0.132213 0.177457 -0.028745 0.160604 0.000923 -0.193053 -0.059918 0.164902 0.005005 0.002288 0.122354 -0.088693 -0.167670 0.066682 -0.066253 -0.031109 0.173694 -0.009812 0.057856 -0.123698 -0.147766 -0.117961 0.011322 0.016944 -0.119231 -0.067101 0.067791 -0.013392
0.049567 -0.073607 -0.191317 -0.156014 0.086183 0.162984 -0.052122 0.150701 -0.043434 -0.078951 0.076571 -0.111405 -0.190888 0.057718 -0.224574 -0.169763 -0.138995 0.052849 0.149771 -0.080313 0.068773 0.113015 0.119487 0.120213 -0.165253 -0.043970 -0.127468 -0.007888 -0.062104 -0.014404 0.056421 0.072307 -0.109064 -0.051328 -0.084768 -0.118937 -0.193058 0.163131 0.102046 0.155072 0.087897 0.146260 -0.172662 0.069717 0.142309 0.170285 -0.174984 0.033784 0.156856 -0.097142 -0.071506 0.027208 0.131428 -0.179853 0.030325 0.063220 -0.082412 -0.193068 -0.023005 -0.081059
0.084040 1.717015 -1.368132 0.234769 -0.726892 0.047463 0.732031 -0.071045 -0.137340 1.378716 -0.333141 -0.792744 0.512384 1.476799 0.492064 -5.226401 -0.100302 -0.905003 1.760949 0.278921 0.257219 0.526065 -0.101146 -6.643112 0.002088 -1.877586 0.302205 1.398725 -0.667820 -0.028251 0.107338 -0.084076 -2.062055 0.714458 0.017868 -0.026455 -2.696934 0.199318 -0.023943 0.643848 -1.010715 -0.159121 0.064735 0.033611 0.189183 -0.274050 1.097375 -0.460251 0.556471 -0.126709 -0.139448 -1.432623 -0.057429 -0.006559 1.150891 -0.129829 -0.336074 -4.699130 1.702357 -0.119895
0.082060 0.105875 -0.058937 -0.192062 0.198974 -0.058512 0.055313 0.047476 0.044478 -0.027956 0.106483 -0.012869 -0.280639 0.044941 -0.197806 0.125757 0.032366 -0.185235 0.103829 0.141496 -0.071454 -0.170243 0.100023 -0.169787 -0.138812 0.030125 -0.048775 -0.047404 0.122373 -0.162950 -0.133109 -0.095252 -0.129027 0.091529 -0.094320 -0.250984 0.008829 -0.034681 -0.129268 -0.013795 0.184515 -0.213861 0.091194 -0.087728 -0.030024 -0.087978 0.111308 -0.014357 -0.123202 0.041199 -0.071894 0.077176 -0.131030 -0.202499 -0.196868 -0.148558 -0.317480 0.174896 -0.097214 -0.002251
-0.258638 0.348737 -0.407295 0.043006 -0.724109 -0.101541 -1.551659 -0.118047 0.033904 0.629934 -0.161326 -1.834597 1.515776 -0.042572 -12.471396 -0.344933 0.067320 -1.115171 -0.236590 0.118817 -0.984737 -0.419959 -0.134928 -1.077584 -0.226003 -1.324741 -0.414616 -11.967496 1.633406 0.127913 0.093345 -1.031301 -0.222998 -0.868033 -2.723757 0.385205 1.444740 -4.178973 0.010346 -0.115984 -0.029320 -0.105000 -0.102353 0.071896 -0.327958 -0.110863 -0.441196 1.256203 -0.330386 -0.026732 -0.110820 1.124061 0.004426 -0.201286 -3.584020 -0.070502 0.662917 0.698144 -0.057656 -0.171954
0.002017 -0.184820 -0.164348 0.021345 -0.071917 -0.094405 0.010362 0.049616 0.112587 -0.154842 -0.115566 -0.177926 -0.129658 -0.028440 0.123337 0.157878 0.156291 0.034520 0.110392 0.159158 0.186153 0.073821 -0.190255 0.045086 0.170498 -0.192398 -0.145671 -0.091850 -0.168117 -0.162320 0.097830 -0.096300 0.092256 0.124267 0.070336 -0.125457 -0.098115 -0.075779 0.037739 0.178116 0.183613 0.116329 -0.074815 -0.149528 -0.171256 -0.109468 -0.059796 -0.152764 0.005711 -0.044971 -0.098825 0.068463 -0.123246 -0.098583 0.174890 -0.060882 0.125516 0.009383 -0.025854 0.027936
0.844357 0.449284 -0.020735 0.977727 -2.938469 0.009172 0.371283 0.165985 0.022467 0.462170 -0.043962 -4.755923 1.151217 0.023646 -15.173017 -0.584279 -0.066837 0.357751 -2.191384 -0.192724 -3.632632 0.392754 -0.159649 0.935978 -0.022737 0.657066 1.312030 -9.566461 1.029746 -0.175454 0.161331 0.503058 -0.479128 0.594636 -0.527065 0.765785 1.923338 -3.892243 -0.109104 -1.680632 -0.382943 -0.030450 -0.192932 -0.067542 -0.666896 0.297816 0.950786 -3.241681 -0.925568 -0.187814 -0.045601 0.302957 0.002131 -0.046356 -3.473583 -0.021392 1.287267 -1.583348 0.300741 -0.107239
0.135033 -0.000071 0.082881 -0.116696 -0.062619 -0.035264 -0.063649 0.027814 -0.044358 0.095397 -0.097061 0.037401 -0.041640 -0.155569 -0.033517 0.013110 0.161857 0.086870 0.063343 0.186589 0.095433 -0.006431 -0.068233 -0.159345 0.134792 0.091070 0.176163 0.106959 -0.077397 0.075467 0.140292 -0.062103 -0.001685 0.152124 0.032855 -0.189876 -0.137769 0.119506 0.048780 0.013756 0.042288 -0.061788 0.134273 -0.068831 -0.168954 -0.062356 -0.132878 0.148514 0.155619 0.078642 0.038554 -0.125392 -0.185814 -0.185755 0.058628 -0.071615 0.023522 -0.182871 0.005803 0.159534
-0.598120 -3.567179 2.971308 1.001448 -10.005072 -0.028161 -2.460282 -0.007834 -0.030206 1.069739 -1.050126 4.051658 1.228856 3.690532 1.911584 3.082055 0.030512 3.384134 -0.645828 1.171815 2.865146 -7.613877 0.132386 1.427344 0.021056 0.052493 -0.208658 3.131434 -5.459809 -0.170010 -0.099770 0.622100 0.844469 1.172366 -0.042636 1.048378 3.790913 0.147663 0.043021 1.897661 0.557598 0.081530 -0.199284 -0.029571 -2.307731 0.352177 -1.026946 0.308877 -12.083573 -0.087940 0.073941 1.994539 3.160172 0.060751 0.448769 0.048792 3.918166 2.681001 2.300576 -0.108374
0.415561 -2.029774 2.704669 -0.852389 0.308081 0.101045 1.339283 -0.144908 0.153736 1.176009 0.874903 -0.801135 0.629565 -2.166263 -5.209549 -1.109767 0.024529 -0.816561 1.197182 3.379804 2.701984 -1.754301 -0.038899 0.414102 -0.086145 -1.442698 1.810411 -4.815206 1.354486 0.091242 0.057875 1.656291 2.019350 -0.973650 1.683842 0.924769 0.661584 -1.221501 0.220724 0.265012 1.183928 0.088152 -0.137194 0.038337 1.501238 0.357495 3.683028 -0.194256 0.690363 0.141326 -0.147204 -0.129807 0.411682 -0.019484 1.914788 0.116794 1.430446 0.739485 1.546531 0.063395
0.011490 0.146561 0.030890 -0.011300 0.101974 -0.211787 0.080786 0.002979 -0.180469 0.096313 -0.015738 -0.014876 -0.059040 -0.160850 -0.066768 0.197129 0.040328 0.017831 -0.080728 0.159179 0.064391 0.076767 -0.082225 -0.030974 -0.218002 0.159456 0.174798 -0.093452 -0.143048 0.189093 -0.073416 -0.081746 0.034307 0.102969 0.005691 -0.123200 0.092102 -0.039096 -0.043966 0.059853 0.051321 -0.064058 -0.123631 -0.077912 -0.043694 -0.087365 -0.015579 -0.003810 -0.116431 -0.004033 0.068022 0.088844 0.007347 0.099902 0.064243 -0.191295 -0.052016 0.152242 -0.078578 0.151475
-0.024646 -0.025493 -0.067002 0.057841 -0.037725 0.130276 0.086576 0.074120 -0.166177 -0.017761 0.034519 0.083678 -0.111346 0.038490 0.070374 0.022734 0.105617 0.177453 -0.080744 -0.076970 0.158935 0.106428 0.086280 -0.122835 0.110995 0.163652 0.121106 0.118676 0.076555 -0.081963 -0.190399 0.075089 -0.080274 0.044545 0.011547 0.058795 -0.105905 -0.094813 0.093078 -0.082772 -0.102668 0.012333 0.063514 0.087960 0.030689 -0.157951 -0.206216 0.041169 -0.196759 -0.191781 -0.069045 0.165650 0.007008 0.068669 -0.090014 -0.153162 -0.191044 0.155911 0.184591 -0.200742
0.177544 0.026006 0.002027 -0.109588 -0.020881 0.003161 -0.166085 0.053299 -0.001452 0.063370 0.103235 0.168012 -0.103673 -0.103101 0.065451 -0.131095 -0.133503 -0.080484 -0.074075 0.131148 0.023280 0.032470 0.052929 -0.187311 -0.052221 0.026531 0.186656 0.124272 -0.065154 -0.003903 -0.044406 -0.003468 -0.043622 -0.008349 -0.099374 -0.098677 0.093187 -0.145997 0.094490 -0.015877 0.097207 0.092069 0.130542 0.070096 -0.124250 -0.111098 0.047662 -0.033443 -0.130940 -0.167954 0.096253 0.093616 -0.099261 0.091395 0.177179 -0.107781 0.008585 -0.135924 -0.096284 -0.158369
0.145088 -0.166074 -0.127141 -0.183896 0.024001 0.092135 0.020332 -0.168055 -0.154620 0.080204 0.247533 0.175951 -0.037159 -0.102881 -0.002204 -0.123100 -0.035334 -0.166974 -0.128047 -0.067409 -0.108986 -0.082205 0.064035 -0.083917 0.168514 0.039267 -0.047620 -0.034324 -0.169659 -0.187497 -0.095978 -0.137775 0.147108 0.079808 0.084780 -0.110200 -0.110736 -0.000116 -0.152153 0.161070 -0.048173 -0.011863 0.180097 -0.177875 -0.152761 0.117237 0.054546 0.036633 -0.002353 -0.195315 -0.036909 -0.064643 -0.158408 0.066596 -0.081735 0.117896 0.118428 0.010611 -0.101196 -0.072766
-0.029528 0.450618 0.460143 0.009320 -0.153212 0.052569 0.304263 -0.021197 0.162212 0.317851 0.179112 -0.062181 0.385692 -0.395853 0.499898 -0.111365 0.068414 0.040305 -0.091485 0.280215 0.057370 0.151932 0.043438 -0.040300 0.076451 0.102955 0.282563 0.490511 0.220757 0.053683 -0.074710 -0.258069 0.286787 -0.160337 0.300139 -0.061706 -0.258940 -0.161121 0.002824 -0.002607 -0.037010 -0.080384 -0.108162 -0.116421 -0.028021 -0.139648 -0.233884 -0.294521 -0.236211 0.060549 -0.087873 -0.035955 0.044821 -0.215224 0.101442 -0.019503 0.473365 -0.128158 0.305532 0.004726
0.862241 0.363068 2.333156 -0.871622 -2.430169 -0.135411 3.169003 -0.172447 0.137720 -0.024535 -0.108652 1.513573 1.880103 -1.036726 1.551439 -0.256160 -0.111449 -0.223169 -1.743683 1.662616 -1.306123 0.705429 0.054432 1.686422 -0.289699 -0.882650 3.756899 -0.214048 0.741129 -0.038902 0.044969 0.024615 -1.124790 0.166781 1.235220 -5.401579 -0.291566 1.733412 -0.132979 -2.952039 -0.833487 0.053126 -0.254300 0.028448 -1.247706 -0.076242 0.180056 0.928978 0.803175 0.075551 -0.140578 -0.790594 -2.661915 -0.161504 0.018219 -0.032043 -0.729855 0.891598 0.862348 -0.095286
0.767142 0.985643 -1.027352 -0.620078 -2.247980 0.051181 0.584082 -0.168291 -0.203560 0.626206 -0.003960 0.426692 -0.589995 -1.057259 1.436487 1.719779 -0.115282 -0.459873 0.712224 -0.303589 -0.472632 -0.094918 -0.175494 -0.667661 0.224661 0.991051 1.177631 0.213498 1.326326 0.046910 -0.122737 -0.625352 0.157919 0.241147 -1.770666 1.660493 -3.966551 -1.762403 0.079019 0.485424 -0.516044 0.072545 -0.015992 -0.031471 -1.866989 -0.168878 0.664894 2.157522 1.447092 -0.176359 -0.101834 1.000533 -0.285269 -0.111904 1.531681 0.064624 1.003268 0.854483 -1.801711 -0.091541
-0.036958 0.045894 0.038751 0.112554 -0.015513 -0.008661 -0.065119 -0.075096 0.170389 -0.176259 0.045682 0.116906 0.099052 0.058769 0.107137 0.002135 0.044884 0.009796 0.116073 0.112348 -0.026651 -0.080967 -0.025566 0.168509 0.144394 0.065275 -0.011519 0.007072 0.041110 0.070924 0.052109 -0.193301 0.173580 0.126255 0.004504 0.052152 -0.152998 0.125765 -0.154238 0.068421 0.109182 -0.162695 0.166925 0.069018 -0.149676 0.065871 0.051059 -0.060486 -0.071852 0.157120 -0.120864 -0.064410 -0.189678 -0.024890 -0.142121 0.025480 0.048815 0.057660 0.103587 -0.025720
-0.001798 0.192234 -0.174952 0.107828 0.074888 0.101449 -0.168191 -0.161976 -0.039528 -0.058286 -0.044525 0.029587 0.071023 -0.140397 -0.155847 0.070280 -0.003472 0.117838 -0.193486 0.192517 0.182208 -0.087079 0.160826 0.087657 -0.187338 -0.015657 0.114474 0.175902 -0.046349 -0.170222 0.119305 -0.088382 0.084613 0.008832 -0.125224 0.078364 -0.152887 -0.162139 -0.160814 -0.004960 -0.147369 -0.118776 -0.068261 -0.134224 -0.093474 -0.130770 0.129597 -0.171728 0.117513 0.089235 0.001144 -0.189343 0.015205 0.035629 -0.138090 -0.121129 0.114429 0.171442 -0.038132 0.150619
-0.161558 -0.148691 0.131962 -0.083903 0.083901 0.018984 0.069902 -0.146957 0.110401 -0.149210 0.164084 -0.145406 -0.167737 -0.044614 -0.013195 -0.115325 -0.037564 -0.011523 -0.059144 -0.081679 0.110450 0.122793 0.013705 0.043767 -0.169350 0.172390 0.133823 -0.109456 -0.165258 0.182486 -0.017196 -0.176972 0.131954 -0.070939 0.132891 -0.061383 -0.027692 -0.080276 0.187331 0.055708 0.058124 -0.192556 0.178476 0.066809 -0.010284 0.152238 0.133807 0.139606 -0.170186 0.142742 0.018337 0.072228 -0.153088 -0.017286 0.108759 0.037074 0.090022 0.169819 -0.127098 0.131262
-0.098199 0.024131 0.074959 -0.046725 0.048604 0.013292 0.085018 0.153128 -0.084219 -0.088729 0.047079 -0.045767 0.075640 -0.065947 -0.030636 0.168376 -0.181095 0.070438 0.008186 -0.057404 -0.136058 0.000770 0.130987 -0.132800 0.164256 0.143646 0.085037 0.144131 0.002432 -0.145257 -0.050870 -0.085993 -0.096664 0.022692 -0.069724 0.181602 0.060324 0.186567 0.030185 -0.012287 -0.031962 0.049679 0.186043 0.117080 -0.140361 -0.158057 0.034537 -0.063176 -0.069277 -0.075334 0.042357 0.179424 -0.040532 0.001900 0.114272 0.064708 -0.001052 -0.124209 0.176944 0.181638
-0.001478 -0.038351 0.141691 -0.168706 -0.035072 0.025641 0.185234 0.156005 0.180078 -0.019796 -0.218444 0.169270 0.102419 -0.016440 -0.032956 -0.045941 -0.124169 -0.065294 -0.022334 -0.072680 -0.066475 0.151798 -0.206711 0.154035 -0.168364 0.048852 0.073572 -0.698253 -0.052032 0.032473 -0.148417 0.211551 0.065452 0.118967 -0.093314 0.511543 0.255533 -0.013729 0.094508 -0.128477 -0.024533 0.037489 -0.009614 0.103244 0.047724 -0.023023 -0.208091 -0.069938 0.049547 0.085861 0.025236 0.017615 0.122096 0.072616 0.128048 0.000571 0.053897 -0.000351 0.059075 -0.070957
-0.204232 -0.179959 0.241814 -0.180371 -0.060684 -0.256092 0.018743 -0.050952 -0.086075 0.197413 0.066894 -0.149599 0.047837 -0.056104 -0.053790 0.121632 0.131830 -0.000850 -0.198233 -0.070052 0.080716 0.020304 -0.127683 -0.207466 0.009707 -0.063543 -0.026902 0.056507 -0.181649 -0.016708 0.111283 -0.000773 0.163231 0.125975 0.174091 0.114044 0.217431 -0.040513 0.134913 0.102785 -0.132214 -0.054649 0.047685 0.026498 0.042092 0.035514 -0.131373 0.277408 -0.173424 0.004809 -0.134733 -0.063778 -0.185723 0.056199 -0.004667 -0.059331 -0.083966 0.044226 0.061700 -0.003356
-0.151958 0.160165 0.175301 0.177400 0.028371 0.056211 0.160615 0.152346 0.162062 0.044219 0.020550 0.063701 0.083909 -0.039292 0.020528 0.155120 0.086394 -0.046922 -0.120199 0.184130 -0.156335 0.099135 -0.105162 -0.012149 -0.168254 0.030754 -0.122072 0.042422 0.080626 -0.026787 -0.053326 -0.178879 -0.134544 0.154995 0.188258 0.176646 -0.055253 0.040733 0.086411 0.172716 0.004511 -0.094424 0.020559 -0.165824 -0.182150 0.176014 0.140710 0.187503 0.170881 -0.012757 -0.018505 -0.116631 -0.141412 -0.122272 -0.099965 -0.060161 -0.046165 -0.077817 -0.130629 0.090183
-3.221049 1.371956 0.337750 0.102355 -2.647640 -0.136470 0.669500 0.052883 0.079272 -0.973206 -1.259353 -0.389281 1.320815 1.339587 -5.615897 -3.761614 0.111071 -1.598229 0.162745 0.630073 -3.431503 0.760661 0.069248 -0.661817 -0.061248 -0.592664 0.787267 -5.262657 -2.814972 -0.068459 0.006065 0.152744 0.897006 -4.120875 0.401531 1.327586 0.346056 -1.703313 -0.082380 -1.776851 -1.647419 0.219308 -0.101563 0.041423 0.704399 0.013085 0.582798 0.813896 -0.616970 0.026242 -0.038107 1.365801 -4.374310 -0.122450 -3.064438 0.052158 2.343172 0.777715 1.379546 0.132424
0.138164 0.095660 -0.035341 -0.068183 -0.034333 -0.097377 0.169972 -0.219719 -0.108888 -0.111951 -0.089224 -0.016585 -0.325198 -0.140648 0.130825 0.168065 -0.035937 0.124998 -0.056468 0.120439 -0.062036 -0.019574 -0.129214 0.153967 -0.069486 -0.127309 0.230355 -0.205110 -0.206935 -0.142434 -0.118178 -0.105959 0.019519 0.146311 -0.181728 -0.011706 0.053787 -0.190358 0.040037 -0.075440 0.163314 0.032234 -0.209466 -0.115679 -0.000154 -0.117662 -0.234261 -0.029885 0.099809 -0.220169 -0.176976 0.045871 -0.223148 -0.182086 0.006189 0.003141 -0.226697 0.040881 0.124792 -0.012278
-1.500890 -1.291066 -0.354034 0.149839 0.048216 -0.042178 0.718247 0.008508 0.102069 1.094109 -0.651955 1.315704 0.735115 -3.713578 0.529747 -0.523621 -0.069451 -0.596608 2.764946 1.828831 -0.527331 -1.113011 0.110442 -3.801636 -0.142495 -0.000850 1.289851 0.907426 -2.024214 -0.189128 0.049301 -0.054230 2.541252 -0.447831 1.150602 0.152957 0.460132 -0.163761 -0.211673 0.258512 -0.859890 -0.024127 -0.071622 -0.081411 0.058198 -0.034997 -4.359223 0.909778 -3.410249 0.066124 -0.126281 0.478733 0.753402 0.037453 0.249996 -0.009583 1.424877 0.252777 1.449384 0.055946
0.161447 -0.412012 -0.063918 0.932429 -0.386344 -0.015052 0.031691 -0.065980 -0.109066 0.688451 -0.111505 -0.911447 -0.714203 -1.271805 -2.162259 0.501429 -0.167672 0.128638 -0.416368 0.275542 -0.815132 -2.679490 -0.002337 -1.198886 0.047832 -1.129779 -5.291640 -1.752265 1.325365 0.069915 -0.110646 -1.621878 0.777167 1.168204 -0.438724 -0.473149 -2.215080 -0.084919 -0.090115 -0.014438 -0.535205 -0.008362 0.044571 -0.162133 -0.103721 -0.010024 -0.090002 -0.231451 -1.572501 -0.070191 -0.165363 -1.017536 -1.430751 0.010446 -0.874324 -0.047222 -0.172018 -0.388228 -0.307309 -0.028652
-0.460726 -1.201444 2.131498 -0.170153 -4.871520 0.152795 0.090057 -0.153692 -0.045273 -2.574847 -0.469342 1.318592 3.262100 4.561143 -0.156350 -0.967363 0.162007 0.779808 -0.472682 -0.003298 -2.004276 -1.315347 -0.124456 3.960603 0.268245 3.512721 -1.766711 0.951210 3.588358 -0.080172 0.164330 0.729589 -0.678688 1.403601 0.021620 0.693556 3.568633 3.107682 0.046190 0.389540 -1.025810 -0.108627 -0.206066 0.073740 -4.402010 0.315386 0.110776 0.021620 1.750876 0.154173 0.104513 3.127067 1.407249 0.066418 0.797618 0.197281 2.164260 2.858504 -0.742041 -0.172893
-0.104032 0.168202 0.058393 -0.182874 -0.099667 -0.138205 0.091482 -0.120462 -0.058658 -0.193727 0.139445 0.103773 0.017993 -0.155456 0.037826 0.013442 0.034834 0.084202 -0.017651 -0.208370 -0.100506 0.156094 -0.104152 -0.175313 0.184544 -0.089867 -0.043757 -0.099334 -0.063827 0.021592 0.082023 0.095805 0.079308 -0.098137 0.165521 -0.052857 0.012199 0.161956 -0.004650 0.006843 0.125181 -0.180968 -0.171062 -0.043250 -0.148259 0.008854 -0.098402 -0.044952 0.015395 0.053819 -0.036891 0.113456 -0.016808 -0.085376 0.021892 -0.144530 -0.158572 -0.108422 0.155846 0.081423
-0.005540 -0.009129 -0.160496 0.149926 -0.052421 0.043290 0.055240 -0.045170 -0.110182 -0.088115 -0.077363 0.170472 -0.055764 0.077825 0.089545 -0.117503 -0.167641 -0.108891 0.132006 -0.003650 -0.098241 -0.024491 -0.169922 -0.038205 -0.158956 0.169510 -0.089625 0.169960 -0.036362 0.006115 0.006566 0.002603 -0.009183 -0.004200 0.064867 0.102746 -0.092145 -0.071239 -0.163045 -0.051288 -0.136537 0.034999 0.169508 -0.049097 -0.125118 0.136044 0.155481 -0.031387 0.102743 -0.161730 0.042719 0.163875 0.030143 -0.057247 0.109313 0.129980 -0.071932 -0.092563 0.037036 0.023775
-0.158425 0.195591 0.135911 -0.140935 -0.130374 0.119618 -0.108712 -0.037277 0.095096 -0.123984 0.018494 0.146139 -0.014977 -0.087728 0.022936 -0.172398 0.060132 -0.168768 0.163920 -0.172088 0.120346 -0.102667 0.139597 0.157250 0.003921 0.118608 0.185632 -0.089973 -0.053222 -0.065737 0.165117 -0.116463 0.196714 0.003831 0.106015 -0.130837 0.059106 -0.089316 -0.051040 0.176324 0.025879 0.012139 -0.038286 0.039404 0.108176 -0.174494 -0.044893 -0.150873 0.000224 -0.038882 -0.016686 -0.044141 0.165833 0.006245 -0.035189 0.192115 0.106328 0.006154 0.111914 0.024186
0.632862 -1.305177 -0.692271 -0.643232 -3.387318 -0.101103 0.405917 -0.138842 -0.137123 -3.010502 0.128146 0.206733 0.639045 0.280310 1.378522 0.837939 -0.156624 -0.036162 0.137229 1.516745 0.616559 -1.380815 0.094809 0.135589 -0.291199 -2.510335 1.586393 0.635347 -0.538202 -0.049570 -0.157202 1.480965 0.986371 -1.213963 -2.143193 0.714493 -2.222888 0.988828 0.092071 -0.421177 -0.208517 -0.113127 0.012214 -0.030106 0.352727 -0.043069 -1.110676 1.242625 -1.588833 -0.023416 -0.155767 0.611083 -1.058853 0.073080 0.788566 0.062079 1.056008 -0.602964 0.294102 -0.023522
-0.028918 0.073059 -0.108327 0.033493 0.131172 0.102806 -0.131698 0.157085 -0.157651 -0.193573 0.073888 -0.079362 -0.180064 -0.049677 0.192409 -0.137915 0.067109 -0.025514 -0.045480 0.112809 0.168979 0.117251 0.042178 0.193287 -0.087764 0.045131 -0.155055 0.011854 0.107622 -0.007832 -0.144794 0.110947 -0.111498 0.146799 0.154593 -0.091969 0.152955 -0.149666 0.156628 -0.158973 -0.186274 0.169396 -0.143873 0.160234 0.105518 0.009671 0.156732 0.170978 -0.175530 0.054099 -0.096672 0.045252 0.137291 0.097484 -0.022502 -0.132042 -0.030933 -0.150802 -0.120937 0.092594
0.131494 -0.106123 0.043589 0.002565 0.037047 -0.066536 -0.167825 -0.004951 0.154843 0.015804 -0.059959 0.206349 -0.051316 0.074268 0.177658 -0.133709 -0.102146 -0.146529 -0.022765 0.034862 0.055135 0.110856 0.189997 0.007140 0.086099 -0.069612 -0.070996 0.067526 0.061974 0.153896 -0.175039 0.075590 -0.158640 -0.022981 0.163828 0.010136 0.083417 -0.143037 0.079479 0.101271 0.105922 -0.065638 -0.139030 0.111707 -0.095259 0.154191 0.152341 -0.036012 0.149791 0.024264 -0.110105 0.079006 0.129403 -0.158720 -0.141254 0.032606 0.142559 -0.086835 -0.061163 0.058730
-1.192330 -2.540422 4.602870 -2.761592 -1.598618 -0.033242 2.005154 0.022387 0.081524 5.162665 -0.035208 2.229706 1.870911 8.750244 -9.915621 1.841157 -0.055007 0.928665 -1.437017 2.005435 0.705790 -2.171930 -0.123450 0.339942 0.033391 2.208770 1.346276 -8.829491 -0.892456 -0.170491 -0.150484 1.240371 0.860239 0.389655 3.905764 3.377817 0.753552 0.812549 0.105328 0.259778 -0.357646 -0.168496 -0.018183 -0.127568 -1.228414 -0.770732 -0.081816 0.630267 -1.542960 -0.173360 0.089494 2.004105 0.630175 -0.168408 0.827019 -0.065553 0.785648 1.306134 0.130459 -0.215546
-0.250393 -0.075711 0.776711 -0.156246 0.000295 0.103675 0.108521 -0.125839 -0.187432 0.410499 0.051275 0.061620 0.665428 0.210362 0.266667 -0.264723 -0.199735 0.000449 0.088402 0.127483 0.135550 -0.020439 -0.111515 -0.056986 -0.076731 0.344690 0.062981 0.315751 0.295831 0.103939 0.042730 -0.052591 0.068317 0.257549 0.161470 0.215800 -0.190520 -0.028118 0.077227 -0.177736 -0.284870 -0.067297 -0.061375 -0.058856 -0.108343 -0.072950 0.059125 0.005073 -0.033978 -0.047473 0.033304 0.086995 -0.234608 -0.054631 0.026291 -0.031321 1.139707 0.089530 0.030710 -0.043730
-0.145951 -0.018432 -0.057180 -0.011584 0.183919 -0.021366 0.160140 0.029232 -0.077404 0.012388 -0.133879 0.035944 0.036451 -0.028861 -0.133777 0.170469 0.003297 0.193312 0.042017 0.097228 -0.045648 0.086593 0.190878 -0.156184 -0.069419 -0.111345 -0.039862 -0.164112 0.166249 0.054266 -0.005682 0.174188 0.023348 0.147805 0.003532 0.131096 0.167726 -0.112483 0.110183 -0.024422 0.177231 -0.054991 0.038322 -0.097959 -0.126324 -0.153421 -0.081040 -0.189351 0.059903 -0.082965 -0.125265 0.004136 0.098720 -0.175442 -0.015656 -0.138898 0.032310 0.040620 -0.186683 -0.027391
-0.108037 -0.117787 0.056558 -0.046847 -0.119262 0.006411 -0.112812 -0.120668 0.025106 0.056700 -0.192369 0.033093 0.192325 -0.073867 0.075319 0.000199 -0.174189 0.147986 -0.064788 0.082039 0.163400 0.054600 -0.036381 0.102521 0.135465 -0.036779 0.172552 0.000301 -0.056771 -0.060867 0.141167 -0.135584 -0.077538 0.149372 -0.124281 -0.034256 0.058956 0.044141 0.023068 -0.033322 0.096903 -0.140657 0.073848 -0.164406 -0.166500 -0.028616 -0.080079 -0.123907 0.016290 -0.101957 -0.014973 0.149583 -0.011714 0.134806 -0.156346 -0.055158 0.081819 -0.019200 -0.012580 -0.013649
0.347885 -0.406228 -1.901695 -0.435133 0.221349 0.077196 0.167063 -0.167424 0.071895 -1.807466 0.149614 -0.499480 1.631935 -3.190157 2.881482 0.124273 0.118383 -0.288892 1.241792 0.500049 0.511899 0.263496 -0.227821 -0.306576 0.153660 0.869413 2.357475 -0.151502 0.452325 0.133100 -0.114738 0.422728 1.221296 -0.421333 0.060938 -1.984016 -0.955596 -1.618763 -0.040295 -0.262784 0.485008 -0.010414 0.060107 -0.182968 -0.533235 0.116666 -0.009464 -0.036943 -0.986889 -0.200225 0.107042 -0.749617 -2.155408 0.064248 0.451018 -0.200012 0.684498 -0.311101 0.167563 0.006540
0.000391 0.038546 0.155888 -0.117316 0.156110 -0.187687 0.021328 0.054784 0.114683 0.015070 0.145970 -0.012632 -0.162607 0.151224 0.118169 0.088130 -0.172356 -0.013226 0.056295 -0.100924 -0.180349 0.010319 -0.054397 -0.143192 -0.000024 0.050099 -0.141115 0.106557 0.157113 -0.186613 0.109785 0.102546 -0.121413 0.051589 -0.097036 -0.192784 0.001026 -0.129134 0.169681 0.162141 0.074230 0.020474 0.090218 -0.184099 -0.031595 0.090277 0.136436 -0.141242 -0.046614 0.129253 0.072459 -0.167161 0.064782 -0.192556 0.095555 0.121703 0.193207 -0.141427 -0.060769 -0.133318
0.191379 0.064890 0.235997 -0.157539 0.002894 0.168252 -0.086829 0.210766 0.175155 0.124501 0.111873 0.081611 0.298340 0.314341 -0.072158 -0.073263 0.014244 0.118947 -0.174464 0.154396 -0.179709 0.023470 -0.069435 -0.152075 -0.130303 0.192737 -0.129599 -0.258086 -0.151821 -0.077230 0.036724 -0.196196 0.140361 -0.193496 -0.101226 0.101569 0.027744 0.108850 -0.105648 -0.220627 0.084091 -0.185111 0.070600 0.032041 -0.169759 -0.168548 -0.234559 -0.003321 -0.174772 -0.104538 -0.140843 0.072936 -0.100917 0.097837 0.065912 -0.121245 0.373264 0.196625 0.079693 -0.184258
1.395840 -2.069706 1.849123 -0.601876 -2.724811 -0.158683 2.482238 -0.005724 -0.120248 4.926100 4.080076 1.953099 0.375908 -1.667070 1.948747 -2.966619 -0.081568 0.164696 1.564603 2.839579 -2.244251 -0.356925 -0.042776 -0.225162 -0.079482 2.461876 -0.060981 2.908305 -1.000650 -0.011534 0.087720 0.743671 1.109857 2.172001 3.290849 -0.978771 -2.504436 2.016533 0.055863 -0.348658 1.979012 0.075175 0.042853 0.082307 0.909241 -0.357422 1.520861 -1.298189 -2.325160 -0.060605 0.077791 1.027562 -0.761721 -0.091862 1.134435 -0.116204 2.404000 1.292577 1.992414 -0.092734
-2.415491 0.160238 2.703499 0.342482 -0.383172 -0.078407 -1.380693 -0.142050 -0.185823 -0.559092 -3.162041 2.123994 -0.132225 2.439634 -5.423111 -1.700755 -0.132597 0.493671 -0.768685 1.430631 -1.778742 1.439740 -0.048251 -0.689050 -0.109359 -1.048545 1.973796 -3.936953 -2.605648 -0.166565 -0.064828 -1.519541 2.577913 0.265760 0.968405 0.782977 0.933314 0.764637 -0.017948 -1.495931 -0.384292 -0.129617 -0.022644 -0.047967 -0.881004 0.080006 -11.074489 2.468313 -1.120200 -0.171926 -0.095337 1.518342 -3.449600 0.119051 2.002028 0.143181 2.178134 -0.521127 2.936512 -0.012515
0.100780 -0.161171 0.042960 0.169080 0.063541 -0.157707 -0.082624 0.070846 0.067909 0.034935 -0.092186 0.096409 0.155891 0.107975 -0.064357 0.173970 0.022132 -0.038440 0.125060 0.170952 0.052043 0.125390 0.085086 0.023309 0.081753 -0.054142 -0.176066 -0.048473 -0.131351 0.146954 -0.105237 0.168034 0.143176 0.115543 0.047537 0.052578 0.120892 -0.190026 -0.187918 0.020476 -0.024970 0.024241 -0.192524 0.187830 0.033330 -0.103849 -0.181962 0.108409 0.030788 -0.031058 0.075172 -0.001020 0.093718 0.048280 -0.084172 -0.130645 0.015933 0.079488 0.110827 -0.162932
1.525328 0.866006 2.426081 0.004833 1.671085 -0.150965 2.134873 -0.112443 0.129981 2.809826 0.683857 2.414570 0.888425 2.838273 0.377607 1.857989 -0.184664 2.015006 1.963395 1.338919 2.541441 1.789990 0.109641 1.187503 -0.084030 1.995216 1.655501 -0.271297 0.106927 0.111131 -0.031249 0.486628 1.762172 1.670661 2.511610 2.155626 3.037463 2.031975 0.153440 2.242000 1.687412 -0.128665 -0.114276 -0.106470 0.858156 0.202835 1.210136 2.955907 1.501891 0.041144 -0.099142 2.116278 2.502251 -0.034916 2.140604 -0.082595 0.851662 2.259504 1.852096 -0.078869
0.211744 2.115528 -1.544450 1.359035 3.415958 0.076654 1.175825 -0.135787 0.004682 -1.189907 -0.641804 -0.563860 2.289897 0.127044 2.533916 2.808307 0.124000 -0.611060 2.364815 2.059803 -1.415871 2.271365 -0.187718 0.286406 0.288088 0.152127 2.101060 0.718504 0.205324 0.059767 -0.072218 -1.514872 0.998964 0.409422 0.633001 -3.220184 1.229959 0.254351 -0.150082 1.254612 -0.567207 -0.082799 -0.113296 0.115177 -0.601661 -0.496253 -1.093843 -0.590202 0.490923 0.083720 0.115160 0.326150 -2.604679 0.045012 0.009531 -0.207716 -0.324914 0.533458 1.399228 0.047589
0.111449 -0.074765 -0.173412 -0.130828 -0.152917 -0.054025 0.134558 0.024561 0.032928 0.057192 0.018563 0.159236 0.022940 0.169929 0.168117 -0.135143 -0.066811 0.072967 -0.091417 0.049156 0.155874 0.156675 -0.067205 0.082885 0.141108 -0.151420 0.004979 -0.153911 0.120108 -0.074620 0.007522 0.072776 0.087026 -0.145783 0.125328 -0.004082 0.164645 -0.141929 -0.178362 -0.090948 -0.150745 -0.176059 0.152715 0.050554 -0.104615 0.117988 0.125190 -0.066769 0.170427 -0.027358 -0.103803 -0.038003 0.175911 0.104814 -0.015618 -0.030079 -0.007038 0.150028 -0.155740 -0.068095
0.123073 0.067506 -0.066988 -0.025244 -0.143371 -0.129430 0.138894 0.012160 -0.033407 -0.009663 0.036210 0.174653 -0.121264 -0.000349 -0.002855 -0.037984 0.027545 0.002759 0.102422 0.160794 -0.030808 -0.086294 -0.158750 -0.083372 -0.057378 -0.035038 0.185095 0.183845 0.001894 -0.079542 -0.059811 -0.049538 0.159818 -0.141343 -0.108523 -0.009276 -0.130490 0.040537 0.058637 -0.098064 -0.048314 -0.142275 0.169747 0.141048 -0.120911 0.110687 -0.136380 0.136705 -0.103492 0.154685 -0.104801 -0.025341 0.064355 -0.195290 0.064548 0.002063 -0.013938 -0.092853 0.032654 0.119797
-0.096436 -0.035264 0.034453 0.105487 0.014686 -0.118708 0.159310 0.123812 -0.072297 0.141372 0.009745 0.148926 0.076774 0.052338 -0.035798 -0.038777 -0.101482 -0.082630 0.148233 0.154234 0.076189 0.111257 -0.104855 0.125175 0.061262 0.149570 0.178185 -0.037577 -0.143979 0.027620 0.052265 -0.072359 -0.038854 0.177442 -0.068168 -0.027024 0.021746 -0.039690 0.181125 -0.083611 0.047955 0.086675 -0.165830 0.170743 0.010714 0.017150 -0.146969 -0.178874 0.167157 -0.160067 -0.025894 0.064341 -0.077224 -0.014324 0.079075 -0.021376 0.120117 0.112331 -0.118339 0.061555
-0.108837 -0.082298 0.698758 -0.268320 -0.339476 -0.119494 0.051396 -0.209106 -0.192540 0.767570 -0.209736 -0.042218 0.839756 0.341807 -0.112764 -0.367154 0.098305 -0.235182 -0.269462 -0.203890 0.006928 -0.034450 0.120314 -0.254302 -0.121474 0.193854 -0.187707 -0.059913 0.523938 0.175045 -0.056049 -0.183501 0.023977 -0.016158 -0.059780 0.369930 0.219456 -0.027025 -0.054598 -0.069708 -0.152668 -0.120401 -0.116066 0.132763 -0.026051 0.042260 0.082747 0.213996 -0.018167 -0.094244 -0.022070 -0.247150 -0.106016 0.029091 0.024589 -0.085187 0.839809 -0.110815 -0.019068 -0.195251
1.502274 1.723594 1.810648 -0.236848 0.682901 -0.011242 0.050362 0.030382 0.042871 2.633176 -0.403003 -0.301228 -1.470739 1.166317 -0.586951 3.347820 -0.187145 -0.267506 0.663023 0.053959 -0.443810 0.574363 -0.032312 1.095625 0.085789 -2.441377 0.520095 0.851942 0.525046 -0.074938 0.095277 1.177924 -1.524380 -0.510407 3.020047 -0.492128 -0.460321 -3.350596 -0.140352 -1.247229 -0.117090 -0.084261 0.001726 -0.184789 1.121747 -0.229323 0.613593 0.864454 0.530174 -0.188270 -0.050620 -0.519269 -1.630279 -0.097920 -1.044080 -0.107468 1.022667 1.343091 0.015165 -0.152136
0.053811 0.079448 0.251374 -0.050886 -0.190265 -0.001746 0.014448 -0.195905 -0.096725 0.262750 -0.009108 -0.069813 0.503415 -0.184106 -0.828880 0.137789 0.091639 -0.097009 0.020475 0.095299 -0.254592 -0.048965 0.049341 -0.150437 0.079942 -0.206148 -0.187406 -0.708764 0.041420 0.056289 -0.076922 -0.018821 0.051588 0.016259 -0.018215 0.049383 0.241725 -0.232674 -0.144759 0.088517 -0.123077 0.117566 0.099876 0.008445 0.162835 0.233532 0.105034 0.106529 -0.155844 -0.016734 0.155576 -0.154411 -0.028163 0.053893 -0.084881 0.177975 0.726212 -0.054416 -0.096823 0.079252
-0.080606 -0.120584 -0.112962 -0.014337 -0.155397 -0.112681 -0.109713 -0.086230 -0.153112 -0.070236 0.090096 0.164868 0.072687 -0.168628 -0.126911 -0.010687 0.121392 -0.104210 -0.015453 -0.071533 -0.020219 0.009155 -0.123264 -0.055639 0.116079 -0.142271 -0.108306 -0.070638 0.045226 0.050199 -0.146989 0.110759 -0.180982 0.004348 -0.109491 0.146224 0.062415 -0.057169 -0.181177 -0.141376 -0.059819 -0.114395 -0.042352 -0.100023 -0.105601 -0.175370 0.158093 0.082132 -0.057501 -0.025688 0.057142 0.003927 0.116574 0.095066 -0.033488 -0.091106 -0.175771 -0.094870 0.023017 0.082169
0.074689 -0.109837 0.055255 0.112601 -0.065119 0.106081 -0.098801 0.084640 0.120878 0.136742 0.004151 -0.007523 -0.066502 0.072105 0.053258 0.061785 0.013080 -0.064562 -0.117806 -0.171074 0.011218 0.180390 -0.056580 0.169163 0.103417 -0.168700 0.048786 -0.062166 -0.163038 0.090872 -0.157985 0.081855 -0.064811 -0.081936 0.073514 -0.025782 -0.069558 -0.033991 0.067152 0.073235 -0.123952 -0.093171 0.020254 -0.173960 -0.077942 -0.186563 0.086763 0.015860 -0.064288 0.150125 0.105095 0.104936 0.112649 -0.041051 0.052525 0.018483 -0.044876 0.173407 -0.085934 0.101539
