0.035965
-0.004499
-0.000140
-0.000933
0.040881
-0.001263
0.015941
-0.005178
-0.008864
0.000848
-0.058686
-0.004233
0.020964
-0.000396
-0.011723
0.001914
-0.000676
-0.007092
-0.002109
-0.030688
-0.031336
-0.001083
-0.001217
-0.008686
-0.000185
0.040679
-0.004244
-0.004968
0.024975
-0.001792
-0.036899
-0.000984
-0.001074
0.007111
-0.008423
-0.000635
-0.000292
-0.005285
0.030838
-0.002609
-0.002279
0.001538
-0.002389
-0.014973
-0.001340
-0.026361
-0.001385
-0.006039
0.049106
0.016123
-0.001317
0.020208
0.032291
-0.033968
0.015441
-0.011595
-0.042703
0.018322
-0.000186
0.013186
-0.002815
0.014915
-0.011359
0.015190
0.020593
0.041024
0.019880
-0.000716
-0.022410
-0.004324
-0.001452
-0.000502
-0.001769
-0.001683
-0.036420
-0.001171
-0.006025
-0.003672
-0.000401
-0.002250
0.016997
0.011025
0.016796
-0.004492
-0.017022
0.009590
-0.003014
-0.001736
-0.002159
-0.000746
-0.007135
0.013991
0.022303
-0.000043
-0.003986
0.020751
-0.025783
0.010839
-0.000993
-0.004566
-0.003892
-0.001148
-0.000261
0.015811
-0.000697
0.027315
0.004147
0.019158
0.053065
-0.000203
-0.001183
-0.013376
0.016849
-0.031912
0.017564
0.016595
0.020610
-0.040604
-0.003818
0.000785
-0.000229
-0.005294
0.014361
-0.039409
-0.015878
-0.004800
-0.002625
-0.000819
-0.000437
-0.001042
0.008042
0.019578
-0.000378
-0.003231
-0.003707
0.047490
-0.020235
-0.007481
-0.004874
-0.001230
-0.045390
-0.000033
-0.001260
0.008609
0.002456
0.017919
0.045137
0.031431
0.019713
-0.000134
-0.000790
-0.000190
