-0.685829
1.749426
-0.000327
0.000169
-0.668055
-0.015166
-1.561484
1.405508
-0.027670
-0.000054
0.756852
1.735140
-1.972031
0.010218
0.063036
-0.000388
0.015328
-0.004272
1.276685
1.374920
3.276874
-0.006554
0.058575
-0.010024
0.012809
-0.398331
0.001648
0.011445
-0.343370
-0.243808
0.879423
-0.000064
0.002542
0.026988
1.476238
0.000185
0.318778
0.016279
-0.496036
1.388026
-0.129888
-0.590976
0.042466
1.741438
-0.047762
1.608718
-0.187077
1.862600
-0.755348
-1.829386
0.335438
-1.375980
-0.418156
1.764359
-1.858538
1.002044
0.549609
-1.219308
0.003830
-1.317160
0.010747
-1.246084
0.030730
-0.178175
-1.566275
-0.654466
-1.691323
-0.003223
0.430410
0.012954
-0.003176
-0.000628
-0.006543
0.006601
0.772503
-0.063676
1.557829
1.700776
0.175561
-0.024845
-1.600308
-0.183416
-1.595261
1.648701
3.086462
-0.861828
-0.002166
1.502276
-0.023029
0.065471
-0.008849
-0.149318
-0.240117
-0.000041
1.859835
-1.630408
1.595762
-1.142323
0.000897
-0.028253
1.780419
-0.008212
-0.000399
-0.276417
0.015796
-0.224919
-0.028107
-0.926874
-1.013633
0.002765
-0.007442
-0.006526
-1.829974
1.502004
-1.801634
-2.034615
-0.210169
0.526300
-0.011145
-0.000099
-0.000067
0.016429
-1.054654
0.845308
0.116587
-0.005688
0.015649
-0.000494
-0.007724
0.005610
-0.789131
-0.774422
-0.000090
1.503512
0.019095
-0.681268
1.706504
0.003418
0.028964
0.011395
0.480206
-0.000245
-0.012427
-0.127965
2.079115
-1.659576
-0.639828
-0.452967
-1.381166
-0.000299
-0.005065
-0.000021
